135.0 1.0 135.0
135.0 1.0 135.0
135.0 1.0 135.0
135.0 1.0 135.0
133.92 1.0 133.92
135.0 1.0 135.0
135.0 1.0 135.0
133.92 1.0 133.92
135.0 1.0 135.0
135.0 1.0 135.0
135.0 1.0 135.0
135.0 1.0 135.0
135.0 1.0 135.0
135.0 1.0 135.0
135.0 1.0 135.0
135.0 1.0 135.0
133.92 1.0 133.92
135.0 1.0 135.0
133.92 1.0 133.92
135.0 1.0 135.0
133.92 1.0 133.92
135.0 1.0 135.0
133.65 1.0 133.65
135.0 1.0 135.0
135.0 1.0 135.0
135.0 1.0 135.0
135.0 1.0 135.0
135.0 1.0 135.0
133.92 1.0 133.92
135.0 1.0 135.0
135.0 1.0 135.0
135.0 1.0 135.0
135.0 1.0 135.0
135.0 1.0 135.0
135.0 1.0 135.0
135.0 1.0 135.0
134.73001 1.0 134.73001
135.0 1.0 135.0
133.92 1.0 133.92
135.0 1.0 135.0
135.0 1.0 135.0
270.0 2.0 135.0
269.46002 2.0 134.73001
270.0 2.0 135.0
270.0 2.0 135.0
270.0 2.0 135.0
270.0 2.0 135.0
270.0 2.0 135.0
270.0 2.0 135.0
268.91998 2.0 134.45999
270.0 2.0 135.0
270.0 2.0 135.0
270.0 2.0 135.0
270.0 2.0 135.0
269.73 2.0 134.865
269.73 2.0 134.865
270.0 2.0 135.0
270.0 2.0 135.0
270.0 2.0 135.0
270.0 2.0 135.0
270.0 2.0 135.0
270.0 2.0 135.0
268.65 2.0 134.325
270.0 2.0 135.0
270.0 2.0 135.0
270.0 2.0 135.0
268.91998 2.0 134.45999
270.0 2.0 135.0
269.46002 2.0 134.73001
268.91998 2.0 134.45999
270.0 2.0 135.0
270.0 2.0 135.0
270.0 2.0 135.0
270.0 2.0 135.0
268.91998 2.0 134.45999
269.73 2.0 134.865
270.0 2.0 135.0
270.0 2.0 135.0
270.0 2.0 135.0
270.0 2.0 135.0
268.91998 2.0 134.45999
270.0 2.0 135.0
403.11 3.0 134.37
405.0 3.0 135.0
405.0 3.0 135.0
405.0 3.0 135.0
405.0 3.0 135.0
404.73 3.0 134.91
403.11 3.0 134.37
405.0 3.0 135.0
405.0 3.0 135.0
404.19 3.0 134.73
402.84 3.0 134.28
405.0 3.0 135.0
405.0 3.0 135.0
404.73 3.0 134.91
404.46002 3.0 134.82
405.0 3.0 135.0
405.0 3.0 135.0
403.91998 3.0 134.64
403.91998 3.0 134.64
405.0 3.0 135.0
402.84 3.0 134.28
405.0 3.0 135.0
405.0 3.0 135.0
405.0 3.0 135.0
404.46002 3.0 134.82
404.19 3.0 134.73
405.0 3.0 135.0
405.0 3.0 135.0
405.0 3.0 135.0
405.0 3.0 135.0
405.0 3.0 135.0
405.0 3.0 135.0
405.0 3.0 135.0
403.91998 3.0 134.64
405.0 3.0 135.0
404.73 3.0 134.91
405.0 3.0 135.0
405.0 3.0 135.0
402.84 3.0 134.28
403.91998 3.0 134.64
403.91998 3.0 134.64
539.46 4.0 134.865
537.84 4.0 134.46
540.0 4.0 135.0
538.92004 4.0 134.73001
539.73 4.0 134.9325
539.73 4.0 134.9325
537.84 4.0 134.46
538.92004 4.0 134.73001
538.65 4.0 134.6625
538.92004 4.0 134.73001
539.19 4.0 134.7975
540.0 4.0 135.0
540.0 4.0 135.0
539.19 4.0 134.7975
537.84 4.0 134.46
538.92004 4.0 134.73001
539.46 4.0 134.865
537.84 4.0 134.46
540.0 4.0 135.0
540.0 4.0 135.0
540.0 4.0 135.0
539.19 4.0 134.7975
538.38 4.0 134.595
537.83997 4.0 134.45999
540.0 4.0 135.0
540.0 4.0 135.0
537.84 4.0 134.46
539.73 4.0 134.9325
540.0 4.0 135.0
538.92004 4.0 134.73001
540.0 4.0 135.0
538.11 4.0 134.5275
538.11 4.0 134.5275
538.92004 4.0 134.73001
540.0 4.0 135.0
538.11 4.0 134.5275
540.0 4.0 135.0
540.0 4.0 135.0
538.92004 4.0 134.73001
539.46 4.0 134.865
539.19 4.0 134.7975
675.0 5.0 135.0
675.0 5.0 135.0
672.56995 5.0 134.51399
673.11005 5.0 134.62201
673.64996 5.0 134.73
675.0 5.0 135.0
673.92 5.0 134.784
672.84 5.0 134.56801
674.73 5.0 134.946
675.0 5.0 135.0
672.84 5.0 134.56801
673.92 5.0 134.784
675.0 5.0 135.0
674.19006 5.0 134.83801
673.38 5.0 134.676
670.68005 5.0 134.13602
675.0 5.0 135.0
673.11005 5.0 134.62201
673.92 5.0 134.784
672.83997 5.0 134.568
674.19 5.0 134.838
674.19 5.0 134.838
672.84 5.0 134.56801
673.92 5.0 134.784
672.84 5.0 134.56801
673.11 5.0 134.622
673.11005 5.0 134.62201
672.83997 5.0 134.568
673.11 5.0 134.622
673.64996 5.0 134.73
675.0 5.0 135.0
670.68 5.0 134.136
674.73 5.0 134.946
675.0 5.0 135.0
675.0 5.0 135.0
672.83997 5.0 134.568
673.92 5.0 134.784
673.92 5.0 134.784
672.03 5.0 134.406
673.64996 5.0 134.73
673.11005 5.0 134.62201
809.73 6.0 134.955
808.64996 6.0 134.775
808.92004 6.0 134.82
809.46 6.0 134.91
809.19006 6.0 134.865
808.92004 6.0 134.82
808.92004 6.0 134.82
808.92004 6.0 134.82
808.11 6.0 134.685
808.92004 6.0 134.82
808.11 6.0 134.685
809.73 6.0 134.955
810.0 6.0 135.0
810.0 6.0 135.0
807.83997 6.0 134.64
810.0 6.0 135.0
806.75995 6.0 134.45999
806.76 6.0 134.46
808.92004 6.0 134.82
808.92004 6.0 134.82
809.46 6.0 134.91
809.46 6.0 134.91
807.83997 6.0 134.64
809.45996 6.0 134.90999
808.11 6.0 134.685
807.83997 6.0 134.64
809.19006 6.0 134.865
806.76 6.0 134.46
808.92004 6.0 134.82
810.0 6.0 135.0
810.0 6.0 135.0
807.30005 6.0 134.55
806.49 6.0 134.415
807.83997 6.0 134.64
810.0 6.0 135.0
807.83997 6.0 134.64
810.0 6.0 135.0
806.2201 6.0 134.37001
807.83997 6.0 134.64
807.57 6.0 134.595
807.30005 6.0 134.55
945.0 7.0 135.0
945.0 7.0 135.0
942.03 7.0 134.57571
941.7601 7.0 134.53716
943.92004 7.0 134.84572
944.45996 7.0 134.92285
943.38 7.0 134.76857
942.30005 7.0 134.61429
944.73 7.0 134.96143
943.38 7.0 134.76857
940.41 7.0 134.34428
943.92004 7.0 134.84572
943.11 7.0 134.73
943.65 7.0 134.80714
944.73 7.0 134.96143
945.0 7.0 135.0
944.19006 7.0 134.8843
943.92004 7.0 134.84572
943.38 7.0 134.76857
942.0301 7.0 134.57573
942.8401 7.0 134.69144
941.49005 7.0 134.49858
942.83997 7.0 134.69142
941.49005 7.0 134.49858
943.92004 7.0 134.84572
942.57007 7.0 134.65286
942.30005 7.0 134.61429
943.65 7.0 134.80714
944.19006 7.0 134.8843
945.0 7.0 135.0
941.7601 7.0 134.53716
945.0 7.0 135.0
942.8401 7.0 134.69144
943.9199 7.0 134.8457
943.11 7.0 134.73
945.0 7.0 135.0
941.76 7.0 134.53714
941.7601 7.0 134.53716
942.8401 7.0 134.69144
942.0301 7.0 134.57573
941.49005 7.0 134.49858
1080.0 8.0 135.0
1078.11 8.0 134.76375
1079.1901 8.0 134.89876
1078.92 8.0 134.865
1077.8401 8.0 134.73001
1077.3 8.0 134.6625
1078.92 8.0 134.865
1078.1101 8.0 134.76376
1079.73 8.0 134.96625
1078.3801 8.0 134.79752
1077.03 8.0 134.62875
1080.0 8.0 135.0
1079.1901 8.0 134.89876
1075.6799 8.0 134.45999
1080.0 8.0 135.0
1077.8401 8.0 134.73001
1077.8401 8.0 134.73001
1077.5701 8.0 134.69626
1077.8401 8.0 134.73001
1078.38 8.0 134.7975
1077.8401 8.0 134.73001
1079.46 8.0 134.9325
1079.1901 8.0 134.89876
1078.65 8.0 134.83125
1079.1901 8.0 134.89876
1077.8401 8.0 134.73001
1080.0 8.0 135.0
1079.1901 8.0 134.89876
1078.65 8.0 134.83125
1077.3 8.0 134.6625
1079.73 8.0 134.96625
1076.76 8.0 134.595
1077.03 8.0 134.62875
1078.92 8.0 134.865
1078.92 8.0 134.865
1078.92 8.0 134.865
1077.3 8.0 134.6625
1078.38 8.0 134.7975
1077.8401 8.0 134.73001
1077.8401 8.0 134.73001
1079.19 8.0 134.89874
1212.8401 9.0 134.76001
1213.1101 9.0 134.79001
1214.73 9.0 134.97
1212.03 9.0 134.67
1211.49 9.0 134.61
1211.49 9.0 134.61
1210.9502 9.0 134.55002
1213.92 9.0 134.88
1209.8701 9.0 134.43001
1214.1901 9.0 134.91
1215.0 9.0 135.0
1210.9501 9.0 134.55
1213.3799 9.0 134.81999
1211.49 9.0 134.61
1211.76 9.0 134.64
1211.76 9.0 134.64
1212.57 9.0 134.73
1210.41 9.0 134.49
1213.65 9.0 134.85
1210.14 9.0 134.46
1213.6499 9.0 134.84999
1211.49 9.0 134.61
1212.03 9.0 134.67
1212.57 9.0 134.73
1212.8401 9.0 134.76001
1212.57 9.0 134.73
1213.3801 9.0 134.82
1213.1101 9.0 134.79001
1215.0 9.0 135.0
1213.92 9.0 134.88
1215.0 9.0 135.0
1211.76 9.0 134.64
1212.3 9.0 134.70001
1212.8401 9.0 134.76001
1211.22 9.0 134.58
1212.57 9.0 134.73
1207.71 9.0 134.19
1211.22 9.0 134.58
1215.0 9.0 135.0
1211.22 9.0 134.58
1214.1901 9.0 134.91
1345.1401 10.0 134.514
1347.5701 10.0 134.757
1348.38 10.0 134.838
1347.03 10.0 134.703
1345.9502 10.0 134.59502
1348.65 10.0 134.865
1347.84 10.0 134.784
1348.9199 10.0 134.892
1348.1099 10.0 134.81099
1348.9199 10.0 134.892
1347.5701 10.0 134.757
1345.6799 10.0 134.568
1347.03 10.0 134.703
1350.0 10.0 135.0
1348.1099 10.0 134.81099
1346.49 10.0 134.649
1345.1401 10.0 134.514
1348.9199 10.0 134.892
1348.65 10.0 134.865
1348.9199 10.0 134.892
1345.41 10.0 134.541
1349.1901 10.0 134.919
1348.65 10.0 134.865
1347.84 10.0 134.784
1345.68 10.0 134.56801
1341.9 10.0 134.19
1348.9199 10.0 134.892
1349.46 10.0 134.946
1348.1099 10.0 134.81099
1347.3 10.0 134.73001
1345.1401 10.0 134.514
1350.0 10.0 135.0
1349.19 10.0 134.91899
1348.65 10.0 134.865
1348.9199 10.0 134.892
1347.84 10.0 134.784
1349.46 10.0 134.946
1348.1099 10.0 134.81099
1347.2999 10.0 134.73
1342.98 10.0 134.298
1346.49 10.0 134.649
1483.1099 11.0 134.82817
1483.92 11.0 134.90182
1483.92 11.0 134.90182
1483.3799 11.0 134.85272
1482.84 11.0 134.80363
1482.84 11.0 134.80363
1481.49 11.0 134.68091
1483.1099 11.0 134.82817
1483.92 11.0 134.90182
1480.14 11.0 134.55818
1484.4601 11.0 134.95091
1478.79 11.0 134.43546
1483.92 11.0 134.90182
1481.2201 11.0 134.65637
1482.3 11.0 134.75455
1481.76 11.0 134.70546
1480.6799 11.0 134.60727
1483.3801 11.0 134.85274
1483.1099 11.0 134.82817
1482.5701 11.0 134.7791
1481.76 11.0 134.70546
1481.49 11.0 134.68091
1483.92 11.0 134.90182
1483.65 11.0 134.87727
1480.6802 11.0 134.60728
1484.73 11.0 134.97545
1479.6001 11.0 134.5091
1483.65 11.0 134.87727
1482.84 11.0 134.80363
1480.9501 11.0 134.63182
1484.19 11.0 134.92636
1479.8701 11.0 134.53365
1480.9501 11.0 134.63182
1481.76 11.0 134.70546
1483.1101 11.0 134.82819
1482.0302 11.0 134.73001
1478.79 11.0 134.43546
1478.25 11.0 134.38637
1483.92 11.0 134.90182
1480.6802 11.0 134.60728
1481.49 11.0 134.68091
1618.92 12.0 134.91
1612.9801 12.0 134.41501
1615.9501 12.0 134.6625
1618.3801 12.0 134.865
1618.11 12.0 134.8425
1618.6499 12.0 134.8875
1613.25 12.0 134.4375
1617.5701 12.0 134.7975
1615.6799 12.0 134.64
1615.9501 12.0 134.6625
1618.3801 12.0 134.865
1618.3801 12.0 134.865
1617.2999 12.0 134.775
1618.92 12.0 134.91
1614.33 12.0 134.5275
1618.3801 12.0 134.865
1611.36 12.0 134.28
1617.5701 12.0 134.7975
1618.92 12.0 134.91
1616.22 12.0 134.685
1616.4899 12.0 134.70749
1617.5701 12.0 134.7975
1614.6001 12.0 134.55
1617.8401 12.0 134.82
1615.14 12.0 134.595
1613.79 12.0 134.4825
1618.92 12.0 134.91
1616.7601 12.0 134.73001
1617.2999 12.0 134.775
1618.11 12.0 134.8425
1614.6001 12.0 134.55
1613.79 12.0 134.4825
1617.2999 12.0 134.775
1617.03 12.0 134.7525
1617.5701 12.0 134.7975
1618.6499 12.0 134.8875
1617.5701 12.0 134.7975
1612.9801 12.0 134.41501
1613.79 12.0 134.4825
1618.11 12.0 134.8425
1618.6499 12.0 134.8875
1750.1401 13.0 134.62616
1751.7601 13.0 134.75078
1749.8699 13.0 134.60538
1750.68 13.0 134.6677
1747.9801 13.0 134.46
1750.1399 13.0 134.62614
1752.8398 13.0 134.83383
1750.1401 13.0 134.62616
1751.7599 13.0 134.75076
1751.7599 13.0 134.75076
1752.3 13.0 134.79231
1753.6499 13.0 134.89615
1750.68 13.0 134.6677
1746.9 13.0 134.37692
1750.1401 13.0 134.62616
1752.3 13.0 134.79231
1752.5698 13.0 134.81306
1753.9202 13.0 134.91693
1749.0602 13.0 134.54309
1750.68 13.0 134.6677
1748.5198 13.0 134.50153
1750.95 13.0 134.68846
1749.0602 13.0 134.54309
1750.68 13.0 134.6677
1748.25 13.0 134.48077
1753.1102 13.0 134.85463
1750.68 13.0 134.6677
1748.52 13.0 134.50154
1744.4698 13.0 134.18999
1750.95 13.0 134.68846
1751.22 13.0 134.70923
1749.6 13.0 134.58461
1749.8699 13.0 134.60538
1752.84 13.0 134.83385
1752.5698 13.0 134.81306
1753.9199 13.0 134.91692
1751.49 13.0 134.73
1752.3 13.0 134.79231
1750.95 13.0 134.68846
1750.95 13.0 134.68846
1750.95 13.0 134.68846
1886.49 14.0 134.74928
1888.3801 14.0 134.8843
1884.8701 14.0 134.63358
1885.6802 14.0 134.69144
1882.9801 14.0 134.49858
1889.46 14.0 134.96143
1884.6001 14.0 134.61429
1881.9 14.0 134.42143
1885.95 14.0 134.71071
1885.95 14.0 134.71071
1881.0902 14.0 134.36359
1884.3301 14.0 134.595
1884.8699 14.0 134.63356
1887.03 14.0 134.78786
1886.22 14.0 134.73
1880.5496 14.0 134.32497
1886.2202 14.0 134.73001
1886.76 14.0 134.76857
1882.9801 14.0 134.49858
1878.1202 14.0 134.15144
1884.6001 14.0 134.61429
1886.49 14.0 134.74928
1881.6299 14.0 134.40213
1878.39 14.0 134.17072
1885.6799 14.0 134.69142
1885.1399 14.0 134.65285
1882.9801 14.0 134.49858
1884.8699 14.0 134.63356
1883.79 14.0 134.55643
1885.6802 14.0 134.69144
1887.5698 14.0 134.82642
1877.8502 14.0 134.13216
1884.06 14.0 134.57571
1883.52 14.0 134.53714
1882.44 14.0 134.45999
1880.82 14.0 134.34428
1886.22 14.0 134.73
1883.2501 14.0 134.51787
1887.0298 14.0 134.78784
1884.5999 14.0 134.61427
1880.5499 14.0 134.325
2018.52 15.000001 134.568
2019.3301 15.000001 134.622
2020.9503 15.000001 134.73001
2013.9305 15.000001 134.26202
2018.5205 15.000001 134.56802
2019.6001 15.000001 134.64
2019.0602 15.000001 134.604
2016.0902 15.000001 134.406
2015.0104 15.000001 134.33401
2016.3601 15.000001 134.424
2019.8702 15.000001 134.658
2016.3601 15.000001 134.424
2017.71 15.000001 134.51399
2014.74 15.000001 134.316
2022.84 15.000001 134.85599
2020.1403 15.000001 134.67601
2019.0602 15.000001 134.604
2018.7902 15.000001 134.586
2016.9003 15.000001 134.46
2019.3303 15.000001 134.62201
2015.2802 15.000001 134.352
2015.55 15.000001 134.37
2017.7102 15.000001 134.514
2020.4099 15.000001 134.69398
2014.74 15.000001 134.316
2016.9003 15.000001 134.46
2018.52 15.000001 134.568
2017.4402 15.000001 134.496
2018.7902 15.000001 134.586
2020.1403 15.000001 134.67601
2016.3601 15.000001 134.424
2018.5203 15.000001 134.56801
2015.8202 15.000001 134.388
2016.9 15.000001 134.45999
2016.09 15.000001 134.40599
2014.74 15.000001 134.316
2017.9801 15.000001 134.532
2016.9003 15.000001 134.46
2016.6301 15.000001 134.442
2019.0602 15.000001 134.604
2018.7902 15.000001 134.586
2145.9597 16.0 134.12248
2145.9602 16.0 134.12251
2144.34 16.0 134.02126
2137.3198 16.0 133.58249
2146.23 16.0 134.13937
2149.4702 16.0 134.34189
2147.3098 16.0 134.20686
2146.5 16.0 134.15625
2141.1 16.0 133.81876
2148.12 16.0 134.2575
2145.42 16.0 134.08875
2144.0698 16.0 134.00436
2146.5 16.0 134.15625
2148.3896 16.0 134.27435
2145.96 16.0 134.1225
2147.04 16.0 134.19
2144.07 16.0 134.00438
2139.7502 16.0 133.73439
2149.1997 16.0 134.32498
2147.3098 16.0 134.20686
2141.6401 16.0 133.85251
2147.31 16.0 134.20688
2144.6099 16.0 134.03812
2140.5598 16.0 133.78499
2145.15 16.0 134.07187
2148.3904 16.0 134.2744
2138.1304 16.0 133.63315
2146.23 16.0 134.13937
2142.72 16.0 133.92
2140.8306 16.0 133.80191
2143.53 16.0 133.97063
2144.0698 16.0 134.00436
2143.26 16.0 133.95375
2141.3704 16.0 133.83565
2146.23 16.0 134.13937
2147.85 16.0 134.24063
2152.98 16.0 134.56125
2141.6401 16.0 133.85251
2150.55 16.0 134.40938
2138.67 16.0 133.66687
2140.8303 16.0 133.8019
2168.6404 17.0 127.567085
2179.1704 17.0 128.1865
2166.21 17.0 127.42412
2139.75 17.0 125.867645
2141.91 17.0 125.994705
2151.0906 17.0 126.534744
2158.38 17.0 126.963524
2134.08 17.0 125.53412
2120.0408 17.0 124.708275
2122.47 17.0 124.85118
2153.79 17.0 126.693535
2153.79 17.0 126.693535
2153.7898 17.0 126.69352
2126.79 17.0 125.10529
2130.5696 17.0 125.32763
2119.23 17.0 124.66059
2135.7004 17.0 125.62943
2130.8398 17.0 125.34352
2128.9502 17.0 125.23236
2125.4395 17.0 125.02585
2138.13 17.0 125.77235
2153.25 17.0 126.661766
2143.2595 17.0 126.07409
2137.3198 17.0 125.7247
2145.42 17.0 126.20117
2155.9504 17.0 126.82061
2160.0 17.0 127.05882
2152.9802 17.0 126.6459
2154.6 17.0 126.74119
2137.3206 17.0 125.72474
2153.52 17.0 126.67764
2148.3909 17.0 126.37594
2152.7097 17.0 126.62999
2135.1597 17.0 125.59763
2125.17 17.0 125.009995
2143.2603 17.0 126.07413
2159.19 17.0 127.01117
2167.5605 17.0 127.50356
2169.9893 17.0 127.64642
2163.78 17.0 127.28118
2157.5698 17.0 126.91588
2119.2305 18.0 117.73502
2100.8699 18.0 116.715
2085.4795 18.0 115.85997
2081.1594 18.0 115.619965
2098.7102 18.0 116.59501
2098.1697 18.0 116.56499
2103.3 18.0 116.85
2106.0 18.0 117.0
2130.3 18.0 118.35
2109.2397 18.0 117.17999
2122.7402 18.0 117.930016
2131.1099 18.0 118.395
2115.9895 18.0 117.55497
2144.6104 18.0 119.14502
2115.7192 18.0 117.539955
2121.6604 18.0 117.87002
2109.7805 18.0 117.21003
2124.63 18.0 118.034996
2125.71 18.0 118.095
2132.73 18.0 118.48499
2127.6008 18.0 118.20004
2130.0298 18.0 118.334984
2140.2903 18.0 118.905014
2122.4697 18.0 117.914986
2111.9395 18.0 117.32997
2094.66 18.0 116.369995
2103.0298 18.0 116.83499
2115.1804 18.0 117.51002
2133.0 18.0 118.5
2141.91 18.0 118.994995
2167.02 18.0 120.39
2137.32 18.0 118.740005
2132.73 18.0 118.48499
2123.8203 18.0 117.99002
2155.68 18.0 119.76
2125.44 18.0 118.079994
2135.16 18.0 118.619995
2093.3098 18.0 116.29499
2101.14 18.0 116.72999
2081.16 18.0 115.619995
2081.1606 18.0 115.62003
2101.9497 19.0 110.62894
2085.2102 19.0 109.74791
2110.0496 19.0 111.055244
2121.12 19.0 111.6379
2117.07 19.0 111.42474
2115.1794 19.0 111.32523
2079.0002 19.0 109.42107
2066.8499 19.0 108.78157
2108.43 19.0 110.97
2122.7395 19.0 111.72313
2104.9207 19.0 110.7853
2098.1704 19.0 110.430016
2059.29 19.0 108.38369
2067.6597 19.0 108.82419
2083.8604 19.0 109.67686
2064.9607 19.0 108.682144
2094.3904 19.0 110.23107
2059.5593 19.0 108.397865
2059.56 19.0 108.397896
2070.3604 19.0 108.96633
2111.1304 19.0 111.11212
2077.3806 19.0 109.33582
2098.9805 19.0 110.47266
2090.61 19.0 110.03211
2108.9697 19.0 110.998405
2111.3997 19.0 111.1263
2096.2805 19.0 110.33055
2088.7195 19.0 109.93261
2095.2004 19.0 110.273705
2082.5095 19.0 109.60577
2078.1902 19.0 109.37843
2084.9404 19.0 109.7337
2108.43 19.0 110.97
2103.5698 19.0 110.7142
2116.26 19.0 111.38211
2110.0503 19.0 111.05528
2123.28 19.0 111.75158
2111.939 19.0 111.15468
2106.8105 19.0 110.884766
2088.4504 19.0 109.91844
2119.5002 19.0 111.55264
2076.03 20.0 103.801506
2065.5 20.0 103.275
2070.0906 20.0 103.504524
2073.8706 20.0 103.69353
2073.33 20.0 103.666504
2094.1204 20.0 104.70602
2059.8306 20.0 102.99153
2097.6296 20.0 104.881485
2090.3398 20.0 104.51699
2078.19 20.0 103.9095
2060.0996 20.0 103.004974
2064.15 20.0 103.2075
2042.0104 20.0 102.10052
2047.6807 20.0 102.38403
2079.81 20.0 103.9905
2059.829 20.0 102.991455
2072.5195 20.0 103.62598
2099.5205 20.0 104.97603
2080.8901 20.0 104.04451
2054.7007 20.0 102.73503
2079.5398 20.0 103.97699
2096.0103 20.0 104.80051
2092.7705 20.0 104.63853
2094.6604 20.0 104.733025
2076.0298 20.0 103.80148
2046.0594 20.0 102.30297
2090.0703 20.0 104.50352
2086.0205 20.0 104.301025
2105.19 20.0 105.2595
2053.0803 20.0 102.654015
2025.2695 20.0 101.26347
2067.3904 20.0 103.369514
2069.28 20.0 103.464005
2064.9602 20.0 103.24801
2082.7805 20.0 104.13902
2086.02 20.0 104.301
2047.95 20.0 102.3975
2085.4807 20.0 104.27404
2087.0996 20.0 104.35498
2080.35 20.0 104.0175
2080.3496 20.0 104.01749
2054.9702 21.0 97.85572
2047.9502 21.0 97.52144
2066.58 21.0 98.40858
2034.4507 21.0 96.8786
2033.6396 21.0 96.83998
2043.0905 21.0 97.29002
2053.6199 21.0 97.79143
2050.1106 21.0 97.62431
2075.4907 21.0 98.832886
2012.31 21.0 95.82429
2023.1096 21.0 96.338554
2051.4597 21.0 97.68856
2014.2006 21.0 95.914314
2025.2699 21.0 96.44142
2045.7906 21.0 97.4186
2031.7501 21.0 96.75001
2036.61 21.0 96.98143
2055.5105 21.0 97.88145
2054.7002 21.0 97.842865
2049.5696 21.0 97.59856
2026.0801 21.0 96.48
2084.9395 21.0 99.28284
2042.5503 21.0 97.2643
2052.81 21.0 97.75286
2032.0205 21.0 96.76288
2065.5 21.0 98.35714
2060.3699 21.0 98.11285
2058.2097 21.0 98.00999
2055.2402 21.0 97.86858
2066.5796 21.0 98.408554
2080.3503 21.0 99.0643
2044.1699 21.0 97.34142
2061.72 21.0 98.17715
2062.2603 21.0 98.202866
2050.38 21.0 97.63714
2066.58 21.0 98.40857
2064.42 21.0 98.30571
2029.8601 21.0 96.66
2027.7003 21.0 96.55716
2059.2896 21.0 98.0614
2001.5098 21.0 95.30999
2024.4606 22.0 92.020935
2003.6697 22.0 91.0759
2022.5703 22.0 91.93501
2030.1299 22.0 92.27863
2019.0596 22.0 91.77544
2029.59 22.0 92.25409
2043.0902 22.0 92.86774
2033.6404 22.0 92.4382
2026.0801 22.0 92.09455
2024.1897 22.0 92.00862
2022.8403 22.0 91.94729
2013.9314 22.0 91.542336
2015.5504 22.0 91.61593
2015.0098 22.0 91.591354
2024.4606 22.0 92.020935
2038.7701 22.0 92.67137
2010.1505 22.0 91.370476
2030.3992 22.0 92.29087
2051.7295 22.0 93.26044
2041.7399 22.0 92.80636
2052.54 22.0 93.29727
2042.5503 22.0 92.84319
2024.1902 22.0 92.008644
2054.4297 22.0 93.38317
2032.5603 22.0 92.38911
2009.3406 22.0 91.333664
2013.1195 22.0 91.50543
2017.1697 22.0 91.68953
2025.0002 22.0 92.04546
1981.26 22.0 90.057274
2026.6196 22.0 92.11907
1994.7594 22.0 90.67088
2026.3502 22.0 92.10683
2022.0305 22.0 91.91048
2001.24 22.0 90.965454
2026.8901 22.0 92.13137
1997.7301 22.0 90.805916
1962.8999 22.0 89.222725
2033.37 22.0 92.42591
2014.7406 22.0 91.57912
2035.2598 22.0 92.51181
2017.7098 23.0 87.72652
2024.7308 23.0 88.03178
2024.4596 23.0 88.01998
2030.3994 23.0 88.27824
2011.5006 23.0 87.45655
1997.1908 23.0 86.83438
1994.7598 23.0 86.72868
1993.6798 23.0 86.68173
1996.3798 23.0 86.79912
1999.8894 23.0 86.95171
1985.5809 23.0 86.329605
2014.2006 23.0 87.57394
1977.4801 23.0 85.977394
2012.8511 23.0 87.51527
1977.4802 23.0 85.9774
2016.9003 23.0 87.691315
2008.2598 23.0 87.31564
1991.7898 23.0 86.599556
2015.8202 23.0 87.644356
1988.0104 23.0 86.435234
1992.6001 23.0 86.63479
1990.4392 23.0 86.54083
1999.6199 23.0 86.939995
1995.5702 23.0 86.76392
2019.5997 23.0 87.808685
2019.06 23.0 87.78522
2007.18 23.0 87.2687
1972.35 23.0 85.75435
2010.9595 23.0 87.43302
2013.12 23.0 87.526955
1986.3904 23.0 86.3648
1984.7704 23.0 86.294365
1995.8397 23.0 86.77564
1987.2006 23.0 86.400024
1996.6499 23.0 86.81087
2009.6101 23.0 87.37435
1987.4697 23.0 86.41173
2030.6697 23.0 88.289986
1995.0299 23.0 86.74043
1969.6497 23.0 85.63694
1991.7906 23.0 86.599594
1980.4508 24.0 82.51878
1972.8901 24.0 82.20376
1969.3796 24.0 82.05749
1949.9404 24.0 81.24752
1957.2294 24.0 81.55122
1965.5995 24.0 81.89998
1957.4998 24.0 81.56249
1960.7407 24.0 81.69753
1955.8809 24.0 81.49503
1955.8804 24.0 81.49502
1988.5505 24.0 82.85627
1971.2705 24.0 82.13627
1982.3401 24.0 82.5975
1979.1003 24.0 82.46252
1988.281 24.0 82.84504
1985.5807 24.0 82.73253
1963.9807 24.0 81.83253
1981.8007 24.0 82.57503
1957.23 24.0 81.55125
1965.061 24.0 81.87754
1957.77 24.0 81.57375
1972.3502 24.0 82.18126
1988.551 24.0 82.85629
1975.0505 24.0 82.29377
1984.2305 24.0 82.67627
1982.0691 24.0 82.58621
1986.1205 24.0 82.75502
1973.7007 24.0 82.237526
1978.0203 24.0 82.41751
1951.02 24.0 81.2925
1968.2999 24.0 82.0125
1989.0905 24.0 82.87877
1944.2705 24.0 81.01127
1960.471 24.0 81.68629
1978.8303 24.0 82.45126
1959.9307 24.0 81.66378
1991.5203 24.0 82.98001
1973.1603 24.0 82.21501
1993.1407 24.0 83.04753
1966.9502 24.0 81.95626
1989.0898 24.0 82.878746
1947.5107 25.0 77.90043
1942.6503 25.0 77.70601
1944.269 25.0 77.77076
1953.7194 25.0 78.14877
1939.6807 25.0 77.58723
1946.9707 25.0 77.87883
1968.3 25.0 78.732
1951.2902 25.0 78.051605
1942.6497 25.0 77.705986
1936.9797 25.0 77.47919
1957.7698 25.0 78.31079
1953.9897 25.0 78.15959
1936.17 25.0 77.4468
1944.5391 25.0 77.78156
1959.1204 25.0 78.364815
1949.3995 25.0 77.97598
1947.2389 25.0 77.88956
1944.5404 25.0 77.78162
1949.94 25.0 77.9976
1936.4404 25.0 77.45762
1957.7704 25.0 78.310814
1968.5707 25.0 78.74283
1953.7195 25.0 78.14878
1947.7797 25.0 77.91119
1954.8002 25.0 78.19201
1945.3495 25.0 77.81398
1959.39 25.0 78.3756
1947.5107 25.0 77.90043
1954.261 25.0 78.17044
1942.6503 25.0 77.70601
1938.0592 25.0 77.52237
1965.6 25.0 78.624
1945.08 25.0 77.8032
1937.2504 25.0 77.49001
1934.0095 25.0 77.36038
1915.3801 25.0 76.615204
1936.9801 25.0 77.4792
1955.8796 25.0 78.23518
1943.1904 25.0 77.727615
1960.4703 25.0 78.418816
1936.7102 25.0 77.46841
1919.6998 26.0 73.83461
1921.5901 26.0 73.90731
1935.9 26.0 74.457695
1929.9597 26.0 74.22922
1920.51 26.0 73.86577
1921.3193 26.0 73.8969
1948.3204 26.0 74.9354
1931.3103 26.0 74.281166
1925.0991 26.0 74.042274
1931.5803 26.0 74.29155
1916.73 26.0 73.72038
1917.5403 26.0 73.75155
1915.92 26.0 73.68923
1913.2203 26.0 73.585396
1927.2601 26.0 74.12539
1925.3701 26.0 74.0527
1932.3906 26.0 74.322716
1907.0101 26.0 73.34654
1936.1698 26.0 74.46807
1922.4001 26.0 73.93847
1947.5093 26.0 74.904205
1915.65 26.0 73.67885
1929.1498 26.0 74.19807
1912.1406 26.0 73.54387
1928.0702 26.0 74.15655
1931.0396 26.0 74.27075
1900.5298 26.0 73.0973
1933.1993 26.0 74.35382
1929.4203 26.0 74.20847
1925.6406 26.0 74.0631
1936.7109 26.0 74.488884
1918.0792 26.0 73.77228
1916.4602 26.0 73.71001
1942.6494 26.0 74.717285
1942.9204 26.0 74.72771
1924.0194 26.0 74.00075
1898.6407 26.0 73.02464
1931.0414 26.0 74.27082
1915.3802 26.0 73.66847
1906.4702 26.0 73.325775
1877.851 26.0 72.22504
1870.8303 27.000002 69.29001
1847.3403 27.000002 68.420006
1902.6902 27.000002 70.47
1857.6 27.000002 68.799995
1912.9501 27.000002 70.85
1860.3004 27.000002 68.90001
1890.001 27.000002 70.00003
1906.7391 27.000002 70.619965
1894.3207 27.000002 70.16002
1883.52 27.000002 69.759995
1868.131 27.000002 69.19003
1889.1908 27.000002 69.970024
1921.5901 27.000002 71.17
1899.72 27.000002 70.35999
1898.6411 27.000002 70.32004
1914.841 27.000002 70.92003
1894.8586 27.000002 70.17995
1901.8802 27.000002 70.44
1869.751 27.000002 69.25003
1901.3395 27.000002 70.419975
1900.5302 27.000002 70.39
1903.7698 27.000002 70.50999
1883.5208 27.000002 69.760025
1886.4904 27.000002 69.87001
1874.071 27.000002 69.410034
1896.2098 27.000002 70.22999
1879.2003 27.000002 69.600006
1893.2412 27.000002 70.12004
1884.0607 27.000002 69.78002
1900.5317 27.000002 70.39006
1903.5007 27.000002 70.50002
1906.47 27.000002 70.60999
1921.0514 27.000002 71.15005
1913.7606 27.000002 70.88002
1901.3389 27.000002 70.41995
1902.4211 27.000002 70.46004
1887.8401 27.000002 69.92
1857.6002 27.000002 68.8
1901.0707 27.000002 70.41002
1883.2499 27.000002 69.74999
1904.8505 27.000002 70.55001
1881.9006 28.0 67.21074
1841.6708 28.0 65.77396
1891.0806 28.0 67.53859
1885.6805 28.0 67.34573
1852.7395 28.0 66.169266
1880.5515 28.0 67.16255
1864.3505 28.0 66.58395
1837.3508 28.0 65.619675
1878.93 28.0 67.104645
1866.78 28.0 66.670715
1898.64 28.0 67.80857
1887.8401 28.0 67.42286
1860.2993 28.0 66.43926
1864.8894 28.0 66.603195
1878.3896 28.0 67.08534
1873.7999 28.0 66.921425
1866.7806 28.0 66.67074
1883.5204 28.0 67.268585
1867.3201 28.0 66.69
1872.4493 28.0 66.87319
1867.3188 28.0 66.68996
1867.8604 28.0 66.7093
1867.5901 28.0 66.699646
1881.6299 28.0 67.201065
1883.25 28.0 67.25893
1859.76 28.0 66.42
1881.3591 28.0 67.1914
1871.6415 28.0 66.84434
1869.7498 28.0 66.77678
1863.0 28.0 66.53571
1869.4796 28.0 66.76713
1879.1998 28.0 67.11428
1871.3695 28.0 66.834625
1852.1996 28.0 66.14999
1855.9803 28.0 66.28501
1852.7407 28.0 66.16931
1871.6409 28.0 66.844315
1897.0199 28.0 67.75071
1878.6597 28.0 67.094986
1858.4109 28.0 66.37182
1889.4606 28.0 67.480736
1838.1598 29.0 63.38482
1830.6 29.0 63.124138
1855.4401 29.0 63.98069
1863.8104 29.0 64.269325
1877.8508 29.0 64.75348
1852.1997 29.0 63.868958
1840.3206 29.0 63.459328
1850.0403 29.0 63.79449
1857.3308 29.0 64.04589
1835.4603 29.0 63.291737
1841.6704 29.0 63.505875
1858.6804 29.0 64.09243
1862.4603 29.0 64.22277
1858.951 29.0 64.10176
1828.1709 29.0 63.040375
1844.9099 29.0 63.617584
1850.0398 29.0 63.794476
1844.6396 29.0 63.608265
1836.5397 29.0 63.328953
1843.2908 29.0 63.561752
1829.7902 29.0 63.096214
1830.6005 29.0 63.124153
1852.4701 29.0 63.87828
1838.1608 29.0 63.384853
1831.4095 29.0 63.152054
1848.4191 29.0 63.73859
1860.0305 29.0 64.138985
1865.7002 29.0 64.33449
1844.3705 29.0 63.598984
1828.9807 29.0 63.0683
1848.1508 29.0 63.729336
1850.3097 29.0 63.803783
1863.539 29.0 64.259964
1868.6704 29.0 64.43691
1855.9796 29.0 63.9993
1851.9308 29.0 63.859684
1853.0098 29.0 63.89689
1844.9102 29.0 63.61759
1832.7605 29.0 63.19864
1828.71 29.0 63.058964
1854.9001 29.0 63.962074
1797.3899 30.000002 59.912994
1813.8608 30.000002 60.462025
1797.1205 30.000002 59.90401
1792.7999 30.000002 59.759995
1830.0603 30.000002 61.002007
1809.81 30.000002 60.327
1801.7096 30.000002 60.056984
1806.3 30.000002 60.21
1825.4694 30.000002 60.848976
1791.18 30.000002 59.705997
1805.7605 30.000002 60.192013
1831.1405 30.000002 61.038013
1817.909 30.000002 60.596966
1815.2104 30.000002 60.50701
1831.4109 30.000002 61.047024
1812.7799 30.000002 60.425995
1833.5691 30.000002 61.118965
1833.8397 30.000002 61.127987
1809.81 30.000002 60.327
1801.9818 30.000002 60.066055
1816.0203 30.000002 60.534004
1808.4603 30.000002 60.282005
1816.2902 30.000002 60.543003
1814.4011 30.000002 60.480034
1838.9705 30.000002 61.29901
1818.1808 30.000002 60.60602
1819.2603 30.000002 60.642006
1803.8708 30.000002 60.129025
1820.0707 30.000002 60.669018
1841.3999 30.000002 61.379993
1834.65 30.000002 61.155
1808.7303 30.000002 60.291008
1841.4015 30.000002 61.380047
1852.4698 30.000002 61.74899
1815.7505 30.000002 60.525013
1832.761 30.000002 61.09203
1831.6805 30.000002 61.056015
1796.5802 30.000002 59.886
1803.6003 30.000002 60.120007
1814.6709 30.000002 60.489025
1815.2101 30.000002 60.507
1803.3312 31.0 58.171974
1822.2307 31.0 58.781635
1776.6003 31.0 57.30969
1789.8298 31.0 57.736446
1810.6201 31.0 58.4071
1786.5902 31.0 57.631943
1782.2698 31.0 57.492573
1801.9812 31.0 58.128426
1800.9011 31.0 58.093586
1794.9603 31.0 57.901947
1789.0195 31.0 57.710308
1796.3096 31.0 57.94547
1807.9209 31.0 58.32003
1790.3702 31.0 57.75388
1787.6703 31.0 57.666782
1792.5306 31.0 57.82357
1796.0403 31.0 57.936783
1797.1202 31.0 57.971622
1794.1505 31.0 57.875824
1794.4203 31.0 57.884525
1811.7007 31.0 58.441956
1787.1306 31.0 57.649376
1806.032 31.0 58.259098
1796.8514 31.0 57.962948
1794.9597 31.0 57.901928
1814.6699 31.0 58.53774
1796.5807 31.0 57.954216
1806.8396 31.0 58.28515
1794.4203 31.0 57.884525
1782.271 31.0 57.49261
1790.6403 31.0 57.76259
1797.389 31.0 57.980293
1800.0905 31.0 58.067432
1767.1504 31.0 57.004852
1791.1794 31.0 57.779984
1797.6605 31.0 57.989048
1793.0702 31.0 57.840973
1779.5709 31.0 57.405514
1797.39 31.0 57.980324
1796.0398 31.0 57.936768
1807.1102 31.0 58.293877
1752.8392 32.0 54.776226
1757.4304 32.0 54.9197
1762.2913 32.0 55.0716
1761.2107 32.0 55.037834
1780.3805 32.0 55.63689
1782.2708 32.0 55.69596
1779.03 32.0 55.59469
1768.5004 32.0 55.265636
1755.2705 32.0 54.852203
1742.5798 32.0 54.45562
1774.7109 32.0 55.459717
1770.6592 32.0 55.3331
1784.1599 32.0 55.754997
1788.7507 32.0 55.89846
1762.8304 32.0 55.08845
1768.501 32.0 55.265656
1743.39 32.0 54.480938
1780.6501 32.0 55.645317
1764.7188 32.0 55.14746
1756.6204 32.0 54.894386
1789.0211 32.0 55.90691
1776.0612 32.0 55.50191
1782.8108 32.0 55.712837
1778.4902 32.0 55.57782
1748.5199 32.0 54.641247
1740.4211 32.0 54.38816
1793.6097 32.0 56.050304
1772.011 32.0 55.375343
1781.1904 32.0 55.6622
1780.3805 32.0 55.63689
1779.8391 32.0 55.619972
1744.2008 32.0 54.506275
1758.5101 32.0 54.95344
1769.8503 32.0 55.307823
1774.1692 32.0 55.442787
1770.1201 32.0 55.316254
1767.9603 32.0 55.24876
1774.71 32.0 55.459686
1770.3899 32.0 55.324684
1755.54 32.0 54.860626
1782.2698 32.0 55.69593
1751.7604 33.0 53.08365
1732.0503 33.0 52.486374
1749.3297 33.0 53.00999
1758.7806 33.0 53.296383
1760.9398 33.0 53.361813
1735.29 33.0 52.584545
1766.6112 33.0 53.533672
1747.1698 33.0 52.94454
1751.2212 33.0 53.06731
1725.2998 33.0 52.28181
1761.2107 33.0 53.37002
1746.6299 33.0 52.928177
1732.3201 33.0 52.49455
1748.5209 33.0 52.98548
1744.739 33.0 52.87088
1746.8994 33.0 52.936344
1753.9203 33.0 53.1491
1762.0195 33.0 53.39453
1751.7598 33.0 53.08363
1760.6705 33.0 53.353653
1754.7299 33.0 53.173634
1729.8904 33.0 52.42092
1720.1707 33.0 52.126385
1747.4397 33.0 52.952717
1734.4801 33.0 52.56
1728.5393 33.0 52.37998
1740.421 33.0 52.740032
1746.8994 33.0 52.936344
1747.4397 33.0 52.952717
1729.3492 33.0 52.404522
1734.752 33.0 52.56824
1740.96 33.0 52.756363
1736.1012 33.0 52.609127
1742.8506 33.0 52.813656
1749.0609 33.0 53.001846
1696.4109 33.0 51.40639
1736.3708 33.0 52.6173
1738.8008 33.0 52.690933
1741.7697 33.0 52.7809
1740.1498 33.0 52.73181
1748.5203 33.0 52.985462
1698.3 34.0 49.95
1726.92 34.0 50.791767
1700.4602 34.0 50.013535
1697.7611 34.0 49.93415
1715.5792 34.0 50.458214
1737.4508 34.0 51.101494
1719.0906 34.0 50.56149
1709.9092 34.0 50.291447
1724.7604 34.0 50.728245
1713.9604 34.0 50.410603
1711.8011 34.0 50.34709
1719.36 34.0 50.569412
1727.1904 34.0 50.799717
1718.5498 34.0 50.54558
1730.9708 34.0 50.910908
1711.5303 34.0 50.339127
1714.5 34.0 50.42647
1725.3002 34.0 50.74412
1718.5504 34.0 50.5456
1735.8301 34.0 51.053825
1721.2504 34.0 50.62501
1708.8298 34.0 50.2597
1709.9102 34.0 50.291473
1725.8402 34.0 50.760006
1695.0602 34.0 49.85471
1680.7502 34.0 49.43383
1725.3008 34.0 50.74414
1714.501 34.0 50.4265
1721.2502 34.0 50.625008
1727.7296 34.0 50.81558
1712.3405 34.0 50.362953
1710.7192 34.0 50.315273
1685.0698 34.0 49.56088
1698.5701 34.0 49.957943
1737.9917 34.0 51.1174
1715.5797 34.0 50.458225
1739.0709 34.0 51.149143
1726.6505 34.0 50.78384
1711.5295 34.0 50.339104
1705.0504 34.0 50.14854
1733.1313 34.0 50.974453
1683.7203 35.0 48.106297
1670.4901 35.0 47.72829
1694.5215 35.0 48.414898
1694.2504 35.0 48.407154
1703.9697 35.0 48.68485
1683.9905 35.0 48.114014
1693.7102 35.0 48.39172
1700.7306 35.0 48.592304
1666.71 35.0 47.620285
1699.1097 35.0 48.545994
1695.8699 35.0 48.453426
1695.6002 35.0 48.44572
1678.8611 35.0 47.96746
1701.5404 35.0 48.61544
1698.8405 35.0 48.5383
1682.3706 35.0 48.06773
1692.0911 35.0 48.34546
1687.2301 35.0 48.206573
1665.6301 35.0 47.58943
1678.8597 35.0 47.967422
1683.7194 35.0 48.106266
1691.0101 35.0 48.314575
1673.4602 35.0 47.81315
1686.1504 35.0 48.175724
1688.3105 35.0 48.237446
1697.4906 35.0 48.499733
1686.4199 35.0 48.183426
1682.6407 35.0 48.07545
1707.2112 35.0 48.777462
1703.9703 35.0 48.684868
1674.2719 35.0 47.836338
1710.9902 35.0 48.885437
1708.0206 35.0 48.80059
1664.2799 35.0 47.550854
1707.2101 35.0 48.77743
1694.5204 35.0 48.414867
1692.0905 35.0 48.34544
1699.9204 35.0 48.569153
1679.9408 35.0 47.99831
1693.4406 35.0 48.384014
1680.7502 35.0 48.021435
1657.2605 36.0 46.035015
1665.6309 36.0 46.267525
1650.51 36.0 45.8475
1672.3806 36.0 46.455017
1671.3009 36.0 46.425026
1673.9996 36.0 46.49999
1657.5305 36.0 46.042515
1641.3297 36.0 45.59249
1666.7092 36.0 46.297478
1674.8094 36.0 46.522484
1667.2505 36.0 46.312515
1645.9208 36.0 45.72002
1683.7203 36.0 46.770008
1670.2202 36.0 46.395004
1663.2004 36.0 46.200012
1675.8895 36.0 46.552486
1641.0609 36.0 45.585026
1659.9597 36.0 46.109993
1660.771 36.0 46.132526
1673.4603 36.0 46.48501
1654.5613 36.0 45.960037
1676.1599 36.0 46.559998
1654.0205 36.0 45.945015
1668.3301 36.0 46.342503
1691.0101 36.0 46.972504
1664.0101 36.0 46.222504
1672.9199 36.0 46.469997
1667.2505 36.0 46.312515
1670.2203 36.0 46.395008
1666.7106 36.0 46.297516
1655.1002 36.0 45.975006
1668.0604 36.0 46.33501
1669.4099 36.0 46.372498
1674.5398 36.0 46.514996
1671.3004 36.0 46.42501
1652.94 36.0 45.914997
1678.5911 36.0 46.62753
1658.3408 36.0 46.06502
1670.4905 36.0 46.40251
1678.5901 36.0 46.627502
1665.6301 36.0 46.2675
1649.4303 37.0 44.579197
1641.3304 37.0 44.360283
1653.211 37.0 44.68138
1627.0208 37.0 43.973534
1634.0408 37.0 44.163265
1634.8514 37.0 44.185173
1629.1805 37.0 44.031906
1653.2107 37.0 44.68137
1623.2404 37.0 43.87136
1648.081 37.0 44.542732
1645.3815 37.0 44.46977
1648.6193 37.0 44.557278
1629.991 37.0 44.05381
1611.6301 37.0 43.55757
1649.9712 37.0 44.593815
1646.4602 37.0 44.498924
1633.7694 37.0 44.15593
1642.4105 37.0 44.389473
1629.1808 37.0 44.031914
1628.6406 37.0 44.017315
1655.9102 37.0 44.75433
1633.2308 37.0 44.141373
1655.1011 37.0 44.73246
1636.2004 37.0 44.221634
1634.8506 37.0 44.18515
1637.8207 37.0 44.265423
1657.5302 37.0 44.79811
1651.051 37.0 44.623
1618.9207 37.0 43.754612
1647.8099 37.0 44.535404
1659.6909 37.0 44.85651
1641.3304 37.0 44.360283
1655.9117 37.0 44.75437
1648.8904 37.0 44.564606
1638.9003 37.0 44.2946
1612.9812 37.0 43.594086
1652.9407 37.0 44.674072
1644.0304 37.0 44.433254
1637.0099 37.0 44.24351
1643.4908 37.0 44.41867
1637.8201 37.0 44.265408
1620.8108 38.0 42.652916
1611.63 38.0 42.411316
1601.1007 38.0 42.134228
1628.6399 38.0 42.858944
1594.6206 38.0 41.9637
1619.1909 38.0 42.610287
1631.34 38.0 42.93
1637.5503 38.0 43.09343
1635.6599 38.0 43.043682
1616.2205 38.0 42.532116
1626.2107 38.0 42.795017
1610.0106 38.0 42.368702
1620.2705 38.0 42.6387
1611.6313 38.0 42.41135
1608.1202 38.0 42.318954
1616.2206 38.0 42.53212
1623.5101 38.0 42.72395
1621.8901 38.0 42.68132
1624.8611 38.0 42.759502
1626.7507 38.0 42.80923
1618.1111 38.0 42.58187
1618.6493 38.0 42.596035
1621.89 38.0 42.681316
1605.6908 38.0 42.25502
1610.0104 38.0 42.368694
1621.081 38.0 42.660027
1591.1094 38.0 41.8713
1589.2207 38.0 41.821598
1620.2703 38.0 42.63869
1609.471 38.0 42.3545
1609.2004 38.0 42.34738
1626.211 38.0 42.79503
1616.4906 38.0 42.539227
1624.3203 38.0 42.74527
1601.911 38.0 42.155552
1601.9106 38.0 42.155544
1622.7017 38.0 42.702675
1622.9708 38.0 42.70976
1632.1506 38.0 42.951332
1610.0117 38.0 42.36873
1621.8901 38.0 42.68132
1592.6125 39.0 40.83622
1572.8763 39.0 40.330162
1592.8835 39.0 40.843166
1596.126 39.0 40.926308
1591.8011 39.0 40.815414
1597.4785 39.0 40.960987
1594.7747 39.0 40.89166
1591.261 39.0 40.801563
1590.4496 39.0 40.780758
1600.1819 39.0 41.030304
1611.2664 39.0 41.31452
1606.1298 39.0 41.182816
1595.8563 39.0 40.91939
1587.2062 39.0 40.697594
1596.9386 39.0 40.947144
1584.7721 39.0 40.63518
1585.0417 39.0 40.642097
1599.1013 39.0 41.002598
1590.9912 39.0 40.794647
1581.799 39.0 40.55895
1559.9003 39.0 39.997444
1597.7493 39.0 40.96793
1588.0165 39.0 40.718372
1581.5286 39.0 40.552013
1598.831 39.0 40.995667
1583.1497 39.0 40.593582
1595.0454 39.0 40.8986
1584.231 39.0 40.621307
1600.4518 39.0 41.037224
1602.3453 39.0 41.085777
1590.7198 39.0 40.78769
1590.4495 39.0 40.780754
1605.8584 39.0 41.175858
1584.5024 39.0 40.62827
1567.4701 39.0 40.19154
1591.801 39.0 40.81541
1581.5276 39.0 40.55199
1600.9927 39.0 41.051094
1589.3688 39.0 40.753044
1590.1794 39.0 40.77383
1580.1763 39.0 40.51734
1580.5809 40.0 39.514523
1541.97 40.0 38.549248
1581.6604 40.0 39.54151
1567.8912 40.0 39.19728
1549.8008 40.0 38.745018
1568.1598 40.0 39.203995
1561.4105 40.0 39.035263
1561.9508 40.0 39.04877
1567.8904 40.0 39.197258
1567.89 40.0 39.19725
1573.5607 40.0 39.339016
1578.15 40.0 39.45375
1563.0304 40.0 39.07576
1563.571 40.0 39.089275
1552.5015 40.0 38.81254
1561.681 40.0 39.042027
1579.2308 40.0 39.48077
1556.0109 40.0 38.900272
1567.6207 40.0 39.190517
1566.271 40.0 39.156776
1555.2007 40.0 38.880016
1565.4604 40.0 39.136513
1560.8706 40.0 39.021767
1577.6113 40.0 39.440285
1555.7402 40.0 38.893505
1577.3403 40.0 39.43351
1553.0409 40.0 38.826023
1560.8701 40.0 39.02175
1571.6713 40.0 39.291782
1556.0109 40.0 38.900272
1553.8511 40.0 38.846275
1573.83 40.0 39.34575
1568.9703 40.0 39.22426
1551.4199 40.0 38.7855
1556.5508 40.0 38.91377
1568.4313 40.0 39.21078
1568.9703 40.0 39.22426
1570.321 40.0 39.258026
1567.0808 40.0 39.17702
1577.8801 40.0 39.447002
1564.6511 40.0 39.11628
1528.4708 41.0 37.279778
1536.8405 41.0 37.483913
1551.6903 41.0 37.846104
1540.89 41.0 37.582684
1526.8501 41.0 37.240246
1519.5619 41.0 37.062485
1531.9797 41.0 37.36536
1551.9609 41.0 37.852707
1528.7407 41.0 37.286358
1544.131 41.0 37.66173
1551.1504 41.0 37.832935
1536.3005 41.0 37.470745
1542.5106 41.0 37.62221
1548.4506 41.0 37.767086
1531.1711 41.0 37.34564
1536.5708 41.0 37.477337
1558.1697 41.0 38.00414
1530.9015 41.0 37.33906
1542.7806 41.0 37.628796
1527.66 41.0 37.260002
1546.8308 41.0 37.72758
1527.6609 41.0 37.26002
1555.4705 41.0 37.938305
1552.7709 41.0 37.87246
1533.0603 41.0 37.391716
1547.3711 41.0 37.740757
1551.1509 41.0 37.832947
1531.1703 41.0 37.345615
1540.6201 41.0 37.5761
1537.9209 41.0 37.510265
1534.6805 41.0 37.431232
1539.8102 41.0 37.556347
1539.8107 41.0 37.55636
1547.9111 41.0 37.75393
1528.4702 41.0 37.279762
1563.5715 41.0 38.13589
1543.3207 41.0 37.641968
1531.711 41.0 37.358807
1510.3815 41.0 36.838573
1551.9597 41.0 37.852676
1532.2509 41.0 37.37197
1520.6404 42.0 36.205723
1511.731 42.0 35.993595
1499.3108 42.0 35.697876
1511.4602 42.0 35.98715
1531.7102 42.0 36.46929
1511.7313 42.0 35.993603
1532.7908 42.0 36.495018
1488.7797 42.0 35.447136
1515.7816 42.0 36.09004
1511.1896 42.0 35.980705
1504.7101 42.0 35.82643
1496.0712 42.0 35.620743
1530.3601 42.0 36.437145
1506.6002 42.0 35.871433
1503.0908 42.0 35.787876
1509.0311 42.0 35.929314
1499.5814 42.0 35.70432
1526.3104 42.0 36.340725
1523.6108 42.0 36.276447
1516.3214 42.0 36.10289
1520.6414 42.0 36.205746
1510.3804 42.0 35.961437
1518.2108 42.0 36.147877
1518.4814 42.0 36.15432
1512.5405 42.0 36.01287
1514.6995 42.0 36.064274
1525.7701 42.0 36.32786
1533.0607 42.0 36.501446
1515.5109 42.0 36.08359
1515.5103 42.0 36.083576
1506.6003 42.0 35.871437
1519.8298 42.0 36.186424
1511.7303 42.0 35.99358
1509.3003 42.0 35.935722
1503.6309 42.0 35.800735
1512.0004 42.0 36.000008
1514.4308 42.0 36.057877
1511.1908 42.0 35.980732
1521.1815 42.0 36.21861
1521.1803 42.0 36.21858
1525.5009 42.0 36.32145
1504.4402 43.0 34.98698
1481.2213 43.0 34.447006
1494.1807 43.0 34.748386
1489.861 43.0 34.64793
1500.9307 43.0 34.905365
1493.9098 43.0 34.74209
1460.7001 43.0 33.96977
1499.8511 43.0 34.880257
1482.3009 43.0 34.472115
1489.0514 43.0 34.6291
1501.7404 43.0 34.924194
1489.5905 43.0 34.64164
1478.2516 43.0 34.377945
1498.4993 43.0 34.84882
1498.4998 43.0 34.84883
1480.6813 43.0 34.43445
1494.7214 43.0 34.760963
1493.9103 43.0 34.7421
1501.2003 43.0 34.911636
1479.869 43.0 34.415558
1493.101 43.0 34.723278
1485.269 43.0 34.54114
1505.7906 43.0 35.018387
1479.8705 43.0 34.415592
1486.8909 43.0 34.578857
1487.1604 43.0 34.585125
1497.4205 43.0 34.823734
1481.49 43.0 34.453255
1488.2408 43.0 34.610252
1491.2118 43.0 34.679344
1473.9305 43.0 34.277454
1490.401 43.0 34.66049
1475.0109 43.0 34.302578
1486.62 43.0 34.57256
1506.3293 43.0 35.030914
1496.0703 43.0 34.79233
1486.8909 43.0 34.578857
1497.691 43.0 34.830025
1501.1998 43.0 34.911625
1480.4094 43.0 34.428127
1463.1305 43.0 34.02629
1456.1107 44.0 33.093426
1464.2094 44.0 33.277485
1459.8896 44.0 33.17931
1468.7999 44.0 33.381817
1451.2517 44.0 32.982994
1454.4905 44.0 33.056602
1468.8007 44.0 33.381832
1464.4807 44.0 33.283653
1455.3 44.0 33.075
1467.4504 44.0 33.351147
1448.5503 44.0 32.921597
1464.4801 44.0 33.283638
1459.3505 44.0 33.167057
1457.7314 44.0 33.13026
1477.1702 44.0 33.57205
1451.25 44.0 32.982956
1463.1311 44.0 33.25298
1435.591 44.0 32.627068
1464.2102 44.0 33.277504
1445.3113 44.0 32.847984
1466.6409 44.0 33.33275
1463.4009 44.0 33.25911
1458.541 44.0 33.14866
1463.6713 44.0 33.265255
1441.8008 44.0 32.7682
1458.8102 44.0 33.154778
1458.54 44.0 33.148636
1459.3505 44.0 33.167057
1453.141 44.0 33.025932
1471.7706 44.0 33.449333
1457.1903 44.0 33.11796
1474.7395 44.0 33.516808
1471.2312 44.0 33.437073
1459.3505 44.0 33.167057
1461.5109 44.0 33.216156
1469.8812 44.0 33.40639
1470.6906 44.0 33.424786
1442.0707 44.0 32.774334
1456.6505 44.0 33.105694
1455.3007 44.0 33.075016
1471.5007 44.0 33.4432
1440.7208 45.0 32.016018
1438.8304 45.0 31.97401
1431.8119 45.0 31.81804
1440.7203 45.0 32.016006
1446.1206 45.0 32.136013
1435.3204 45.0 31.89601
1429.921 45.0 31.776024
1435.5908 45.0 31.902018
1444.7706 45.0 32.106014
1432.6213 45.0 31.836031
1433.1602 45.0 31.848003
1441.5309 45.0 32.03402
1426.9506 45.0 31.710012
1442.0704 45.0 32.04601
1443.4202 45.0 32.076004
1440.1812 45.0 32.004025
1431.2706 45.0 31.806013
1423.71 45.0 31.638
1442.8806 45.0 32.064014
1430.461 45.0 31.788023
1454.7609 45.0 32.32802
1447.7406 45.0 32.172012
1433.9705 45.0 31.86601
1437.4817 45.0 31.944036
1439.1005 45.0 31.98001
1421.5514 45.0 31.59003
1442.6108 45.0 32.058018
1431.0005 45.0 31.80001
1423.9803 45.0 31.644009
1425.5999 45.0 31.679996
1421.5516 45.0 31.590036
1435.5905 45.0 31.90201
1440.45 45.0 32.01
1422.9001 45.0 31.620003
1444.2297 45.0 32.093994
1432.0815 45.0 31.824034
1444.2314 45.0 32.094032
1451.791 45.0 32.262024
1436.1298 45.0 31.913996
1435.8611 45.0 31.908024
1445.0409 45.0 32.11202
1405.6198 46.0 30.556952
1410.4802 46.0 30.662615
1420.7412 46.0 30.88568
1420.2009 46.0 30.873932
1412.9114 46.0 30.715466
1405.0808 46.0 30.545235
1404.5406 46.0 30.533491
1417.771 46.0 30.821108
1410.7509 46.0 30.668497
1394.8215 46.0 30.322206
1407.78 46.0 30.603912
1417.2308 46.0 30.809366
1417.2301 46.0 30.809351
1410.7501 46.0 30.668482
1413.7206 46.0 30.733057
1409.4003 46.0 30.639137
1409.1304 46.0 30.633268
1420.4705 46.0 30.879791
1415.3406 46.0 30.768274
1393.4707 46.0 30.292841
1409.6705 46.0 30.645012
1417.7698 46.0 30.821083
1406.4312 46.0 30.57459
1403.4597 46.0 30.509993
1424.2504 46.0 30.961964
1424.2504 46.0 30.961966
1414.2607 46.0 30.744799
1403.1903 46.0 30.504137
1419.3911 46.0 30.856329
1405.8907 46.0 30.562841
1406.1603 46.0 30.5687
1406.4307 46.0 30.57458
1415.07 46.0 30.76239
1425.6014 46.0 30.991337
1412.3705 46.0 30.703707
1413.4507 46.0 30.727188
1423.7107 46.0 30.950233
1420.7415 46.0 30.885683
1428.571 46.0 31.055893
1417.5018 46.0 30.815258
1418.8516 46.0 30.844599
1395.3602 47.0 29.688517
1387.531 47.0 29.521936
1388.6104 47.0 29.5449
1385.641 47.0 29.481724
1386.4517 47.0 29.498972
1383.7496 47.0 29.44148
1393.2006 47.0 29.642565
1383.7501 47.0 29.441492
1384.5607 47.0 29.458736
1394.5508 47.0 29.671293
1387.5309 47.0 29.521933
1380.7814 47.0 29.378326
1392.6606 47.0 29.631077
1393.74 47.0 29.654041
1390.5005 47.0 29.585117
1386.4512 47.0 29.49896
1385.6412 47.0 29.481728
1377.811 47.0 29.315128
1386.1812 47.0 29.493216
1375.6514 47.0 29.269178
1385.6406 47.0 29.481714
1389.4204 47.0 29.562136
1399.1414 47.0 29.768965
1385.3705 47.0 29.475967
1395.3608 47.0 29.688528
1386.9918 47.0 29.510464
1388.3407 47.0 29.539164
1394.2808 47.0 29.665548
1383.4807 47.0 29.435759
1387.261 47.0 29.516191
1385.6409 47.0 29.48172
1382.401 47.0 29.412788
1379.7001 47.0 29.35532
1369.171 47.0 29.131298
1389.1505 47.0 29.556395
1387.8013 47.0 29.527687
1388.0718 47.0 29.533442
1382.9409 47.0 29.424274
1385.3704 47.0 29.475965
1377.541 47.0 29.309383
1386.1809 47.0 29.49321
1361.8796 48.0 28.372492
1362.4219 48.0 28.38379
1360.5312 48.0 28.344402
1367.0109 48.0 28.479393
1364.0409 48.0 28.417519
1368.8999 48.0 28.51875
1358.9113 48.0 28.310652
1360.5317 48.0 28.344412
1367.8223 48.0 28.496298
1357.0208 48.0 28.271267
1365.121 48.0 28.44002
1347.0314 48.0 28.063154
1355.9417 48.0 28.248785
1363.2317 48.0 28.400661
1371.062 48.0 28.563791
1369.9803 48.0 28.541258
1361.8807 48.0 28.372515
1367.0114 48.0 28.479403
1366.7407 48.0 28.473764
1358.9113 48.0 28.310652
1352.701 48.0 28.181273
1355.4005 48.0 28.23751
1354.8605 48.0 28.22626
1369.1702 48.0 28.52438
1364.3114 48.0 28.423155
1360.2616 48.0 28.338783
1352.9706 48.0 28.186888
1361.8813 48.0 28.372528
1359.9905 48.0 28.333134
1349.1912 48.0 28.10815
1361.071 48.0 28.355648
1344.6007 48.0 28.012514
1361.0696 48.0 28.355618
1361.8804 48.0 28.372507
1362.6909 48.0 28.389395
1357.8301 48.0 28.288128
1365.3903 48.0 28.445631
1358.6394 48.0 28.304987
1356.7505 48.0 28.265635
1355.401 48.0 28.23752
1367.2812 48.0 28.485025
1327.3202 49.0 27.088167
1321.6508 49.0 26.972466
1342.9812 49.0 27.40778
1325.1614 49.0 27.04411
1336.7708 49.0 27.281036
1339.7413 49.0 27.34166
1341.902 49.0 27.385756
1330.2902 49.0 27.148779
1335.1505 49.0 27.24797
1323.8099 49.0 27.01653
1341.3605 49.0 27.374702
1340.2808 49.0 27.352669
1343.7905 49.0 27.424297
1330.0212 49.0 27.143291
1337.8501 49.0 27.303062
1333.7992 49.0 27.220392
1341.9016 49.0 27.385748
1341.902 49.0 27.385756
1337.5813 49.0 27.297577
1323.8113 49.0 27.016558
1338.9312 49.0 27.325127
1340.0106 49.0 27.347157
1323.0012 49.0 27.000025
1344.0609 49.0 27.429813
1345.6807 49.0 27.46287
1339.4707 49.0 27.336136
1350.0005 49.0 27.55103
1322.461 49.0 26.989002
1334.8805 49.0 27.24246
1330.0211 49.0 27.143288
1322.461 49.0 26.989002
1327.3207 49.0 27.088177
1333.8007 49.0 27.22042
1330.2911 49.0 27.1488
1321.3811 49.0 26.96696
1327.5907 49.0 27.093687
1347.8403 49.0 27.506945
1343.2512 49.0 27.41329
1334.6118 49.0 27.236975
1338.9312 49.0 27.325127
1351.8909 49.0 27.58961
1312.2018 50.0 26.244036
1297.8906 50.0 25.957813
1312.2017 50.0 26.244034
1310.0417 50.0 26.200836
1318.1412 50.0 26.362825
1313.8212 50.0 26.276423
1317.5996 50.0 26.351992
1311.3903 50.0 26.227806
1307.3398 50.0 26.146797
1296.0009 50.0 25.920017
1308.9603 50.0 26.179207
1304.9108 50.0 26.098215
1320.8413 50.0 26.416826
1314.9001 50.0 26.298002
1313.821 50.0 26.27642
1312.7394 50.0 26.254787
1310.5808 50.0 26.211617
1301.6699 50.0 26.0334
1317.8717 50.0 26.357435
1325.701 50.0 26.51402
1315.9807 50.0 26.319614
1308.4214 50.0 26.168427
1308.9607 50.0 26.179214
1298.1606 50.0 25.963213
1303.8301 50.0 26.076601
1306.2607 50.0 26.125216
1307.0712 50.0 26.141424
1300.5911 50.0 26.011822
1320.3013 50.0 26.406025
1315.1718 50.0 26.303434
1290.061 50.0 25.80122
1314.9006 50.0 26.298014
1294.1115 50.0 25.882229
1301.6708 50.0 26.033415
1301.6705 50.0 26.033411
1304.1018 50.0 26.082035
1295.4601 50.0 25.909203
1309.5007 50.0 26.190016
1317.0608 50.0 26.341215
1310.852 50.0 26.217041
1302.7511 50.0 26.055021
1294.1104 51.0 25.374714
1290.331 51.0 25.30061
1273.5912 51.0 24.972376
1288.981 51.0 25.274137
1283.041 51.0 25.157667
1281.4203 51.0 25.125889
1273.3217 51.0 24.96709
1274.4016 51.0 24.988266
1273.86 51.0 24.977646
1279.5303 51.0 25.088829
1272.2408 51.0 24.9459
1287.6312 51.0 25.247671
1291.1415 51.0 25.3165
1277.9106 51.0 25.057072
1277.9114 51.0 25.057087
1276.2913 51.0 25.025318
1290.8693 51.0 25.311163
1283.0405 51.0 25.157658
1283.3104 51.0 25.162949
1286.8202 51.0 25.231768
1288.1705 51.0 25.258245
1287.6313 51.0 25.247673
1279.2618 51.0 25.083567
1283.8501 51.0 25.17353
1278.7208 51.0 25.072958
1269.0007 51.0 24.882366
1288.9812 51.0 25.274141
1277.3706 51.0 25.046482
1281.4215 51.0 25.125912
1290.3314 51.0 25.300615
1280.3408 51.0 25.104723
1284.3905 51.0 25.184128
1284.9312 51.0 25.194729
1282.5004 51.0 25.147066
1287.3605 51.0 25.242363
1287.361 51.0 25.242373
1287.9011 51.0 25.252964
1281.6898 51.0 25.131174
1288.1702 51.0 25.25824
1280.8809 51.0 25.11531
1283.851 51.0 25.173548
1247.6716 52.0 23.993685
1268.9999 52.0 24.403845
1267.9216 52.0 24.383108
1250.3716 52.0 24.045609
1277.3708 52.0 24.564823
1273.0508 52.0 24.481747
1264.4111 52.0 24.3156
1266.5708 52.0 24.35713
1252.261 52.0 24.081942
1256.8506 52.0 24.170204
1254.9612 52.0 24.13387
1247.6707 52.0 23.993668
1258.7416 52.0 24.206568
1262.791 52.0 24.284443
1263.8712 52.0 24.305216
1267.3804 52.0 24.3727
1261.171 52.0 24.253288
1252.5315 52.0 24.087143
1259.8206 52.0 24.227318
1254.4215 52.0 24.123491
1266.3005 52.0 24.351934
1267.6514 52.0 24.37791
1267.9207 52.0 24.38309
1254.1505 52.0 24.118279
1239.5706 52.0 23.837896
1252.5315 52.0 24.087143
1264.1414 52.0 24.31041
1251.1804 52.0 24.061161
1243.89 52.0 23.920961
1261.4409 52.0 24.258478
1252.5306 52.0 24.087128
1256.0409 52.0 24.154633
1265.7609 52.0 24.341555
1263.0604 52.0 24.289623
1249.0206 52.0 24.019629
1257.9305 52.0 24.190971
1254.4204 52.0 24.12347
1265.4904 52.0 24.336353
1259.281 52.0 24.216942
1264.1403 52.0 24.31039
1260.8998 52.0 24.248074
1243.7139 52.999996 23.466301
1230.4719 52.999996 23.216454
1234.5248 52.999996 23.292921
1225.3368 52.999996 23.119564
1236.4175 52.999996 23.328634
1237.2279 52.999996 23.343925
1239.1189 52.999996 23.379604
1241.2827 52.999996 23.420431
1243.1737 52.999996 23.45611
1228.8501 52.999996 23.185852
1231.0115 52.999996 23.226633
1231.5529 52.999996 23.236847
1233.7141 52.999996 23.277626
1229.9314 52.999996 23.206255
1230.2004 52.999996 23.21133
1240.7421 52.999996 23.410229
1239.1202 52.999996 23.37963
1237.4978 52.999996 23.349016
1238.5795 52.999996 23.369425
1230.4724 52.999996 23.216461
1235.8763 52.999996 23.318424
1236.4177 52.999996 23.328638
1230.4711 52.999996 23.216436
1228.0394 52.999996 23.170557
1234.7953 52.999996 23.298025
1228.0392 52.999996 23.170551
1236.9586 52.999996 23.338842
1228.8505 52.999996 23.18586
1230.7417 52.999996 23.221544
1234.7953 52.999996 23.298027
1235.6066 52.999996 23.313334
1233.985 52.999996 23.282738
1227.2275 52.999996 23.155237
1243.9841 52.999996 23.471401
1224.5261 52.999996 23.104269
1232.364 52.999996 23.252153
1242.9027 52.999996 23.450996
1235.6064 52.999996 23.313332
1235.6058 52.999996 23.313318
1236.9581 52.999996 23.338835
1238.5795 52.999996 23.369425
1202.0408 54.000004 22.260014
1215.2704 54.000004 22.505005
1196.6405 54.000004 22.160007
1215.2714 54.000004 22.505024
1210.6816 54.000004 22.420029
1202.0408 54.000004 22.260012
1211.2222 54.000004 22.430038
1196.3705 54.000004 22.155008
1205.5514 54.000004 22.325024
1213.6501 54.000004 22.475
1210.1407 54.000004 22.410011
1214.4608 54.000004 22.490013
1214.461 54.000004 22.490017
1205.8208 54.000004 22.330013
1210.1411 54.000004 22.410019
1201.231 54.000004 22.245016
1209.0613 54.000004 22.390022
1208.2507 54.000004 22.375011
1206.9009 54.000004 22.350016
1218.2399 54.000004 22.559996
1194.751 54.000004 22.125017
1210.9508 54.000004 22.425013
1207.7106 54.000004 22.36501
1211.7609 54.000004 22.440014
1204.4713 54.000004 22.305023
1204.7416 54.000004 22.310028
1204.2006 54.000004 22.300009
1212.8407 54.000004 22.460012
1198.2606 54.000004 22.19001
1206.9015 54.000004 22.350025
1207.1705 54.000004 22.35501
1198.2618 54.000004 22.190033
1206.9009 54.000004 22.350014
1197.7216 54.000004 22.180027
1209.8704 54.000004 22.405005
1210.4104 54.000004 22.415007
1205.8209 54.000004 22.330015
1199.0713 54.000004 22.205023
1207.1711 54.000004 22.355019
1200.9617 54.000004 22.24003
1215.5404 54.000004 22.510006
1190.1613 55.0 21.639296
1183.9506 55.0 21.526373
1181.5215 55.0 21.482208
1180.711 55.0 21.467474
1188.0018 55.0 21.600033
1187.461 55.0 21.5902
1173.4218 55.0 21.334942
1177.4714 55.0 21.408571
1171.2607 55.0 21.29565
1181.7906 55.0 21.487103
1187.1907 55.0 21.585285
1186.652 55.0 21.57549
1188.5415 55.0 21.609846
1185.5704 55.0 21.555826
1183.1407 55.0 21.51165
1172.0708 55.0 21.310377
1181.2504 55.0 21.47728
1193.6714 55.0 21.703115
1191.5103 55.0 21.663822
1187.9999 55.0 21.599998
1190.1604 55.0 21.63928
1175.5806 55.0 21.374193
1180.4409 55.0 21.462563
1173.1501 55.0 21.330002
1186.3805 55.0 21.570555
1178.2802 55.0 21.423275
1186.111 55.0 21.565653
1185.8406 55.0 21.560738
1186.381 55.0 21.570564
1179.9012 55.0 21.45275
1183.4113 55.0 21.51657
1190.971 55.0 21.654016
1187.1914 55.0 21.585299
1165.3208 55.0 21.18765
1192.8617 55.0 21.688395
1176.1208 55.0 21.384016
1187.1915 55.0 21.5853
1183.9514 55.0 21.52639
1181.5208 55.0 21.482195
1173.6906 55.0 21.339828
1188.5406 55.0 21.60983
1154.2512 56.0 20.61163
1159.9205 56.0 20.712866
1153.7108 56.0 20.601978
1156.6812 56.0 20.65502
1151.2804 56.0 20.558578
1148.0408 56.0 20.500729
1161.5415 56.0 20.741812
1157.221 56.0 20.66466
1155.6011 56.0 20.635735
1155.3306 56.0 20.630903
1154.5209 56.0 20.616444
1162.6208 56.0 20.761087
1153.1711 56.0 20.592342
1163.1604 56.0 20.770721
1160.1902 56.0 20.717682
1158.571 56.0 20.688768
1149.9314 56.0 20.534489
1140.2108 56.0 20.360907
1162.3517 56.0 20.75628
1153.9808 56.0 20.6068
1153.9803 56.0 20.606792
1148.8506 56.0 20.515188
1165.5908 56.0 20.814121
1155.0615 56.0 20.626099
1157.221 56.0 20.66466
1131.8408 56.0 20.211443
1154.7902 56.0 20.621252
1155.6011 56.0 20.635735
1137.7794 56.0 20.31749
1157.7612 56.0 20.674307
1153.4409 56.0 20.597158
1165.3204 56.0 20.809294
1163.1616 56.0 20.770742
1148.851 56.0 20.515196
1137.5109 56.0 20.312695
1165.5913 56.0 20.81413
1150.4717 56.0 20.544138
1149.1211 56.0 20.52002
1147.7705 56.0 20.495901
1155.3313 56.0 20.630917
1155.6006 56.0 20.635725
1130.7596 57.0 19.837889
1131.5703 57.0 19.852112
1131.0312 57.0 19.842653
1122.1218 57.0 19.686348
1131.0319 57.0 19.842665
1127.7904 57.0 19.785797
1120.7704 57.0 19.662638
1136.4308 57.0 19.937382
1126.4406 57.0 19.762115
1134.542 57.0 19.904245
1123.47 57.0 19.71
1133.1915 57.0 19.880552
1138.5912 57.0 19.975285
1115.3705 57.0 19.567904
1122.6603 57.0 19.695795
1134.2716 57.0 19.899502
1117.5304 57.0 19.605797
1121.5814 57.0 19.676867
1136.7009 57.0 19.942122
1123.2009 57.0 19.70528
1118.3402 57.0 19.620003
1131.0306 57.0 19.842642
1127.5205 57.0 19.781061
1125.9004 57.0 19.752638
1131.5712 57.0 19.852125
1115.9109 57.0 19.577383
1136.7013 57.0 19.942127
1122.1216 57.0 19.686344
1131.8418 57.0 19.856874
1127.5215 57.0 19.781078
1124.2808 57.0 19.724224
1136.1606 57.0 19.932642
1129.4108 57.0 19.814224
1116.4503 57.0 19.586847
1126.7098 57.0 19.76684
1124.2804 57.0 19.724218
1137.7802 57.0 19.961056
1124.8214 57.0 19.73371
1124.0107 57.0 19.719486
1125.6306 57.0 19.747906
1134.0015 57.0 19.894762
1109.7009 58.0 19.132774
1105.6504 58.0 19.062939
1111.0508 58.0 19.156048
1089.1808 58.0 18.778978
1097.2809 58.0 18.918636
1096.2 58.0 18.9
1106.7306 58.0 19.081562
1113.2108 58.0 19.19329
1108.0807 58.0 19.10484
1107.2715 58.0 19.090887
1101.3306 58.0 18.988459
1099.7109 58.0 18.960533
1101.6016 58.0 18.99313
1102.4108 58.0 19.007082
1106.4606 58.0 19.076906
1102.6814 58.0 19.01175
1097.8215 58.0 18.927958
1108.3514 58.0 19.109507
1098.8997 58.0 18.946547
1095.6609 58.0 18.890705
1113.7494 58.0 19.202576
1104.3005 58.0 19.039665
1098.6301 58.0 18.941898
1099.7114 58.0 18.960543
1093.7701 58.0 18.858107
1101.8717 58.0 18.997787
1098.9003 58.0 18.946556
1098.6315 58.0 18.941921
1109.1605 58.0 19.123457
1098.6312 58.0 18.941917
1093.2307 58.0 18.848804
1098.6304 58.0 18.941902
1092.96 58.0 18.844137
1098.3607 58.0 18.937254
1097.2811 58.0 18.91864
1111.5906 58.0 19.165356
1098.6307 58.0 18.94191
1102.1411 58.0 19.002434
1100.2507 58.0 18.969841
1096.7412 58.0 18.90933
1097.011 58.0 18.913982
1082.5375 58.999996 18.348095
1080.6465 58.999996 18.316044
1088.2135 58.999996 18.444298
1084.7008 58.999996 18.38476
1069.5668 58.999996 18.128252
1077.9445 58.999996 18.270247
1077.1339 58.999996 18.256508
1063.3523 58.999996 18.02292
1080.6467 58.999996 18.316048
1074.4314 58.999996 18.210703
1071.7294 58.999996 18.164906
1076.8641 58.999996 18.251936
1083.0791 58.999996 18.357275
1071.188 58.999996 18.15573
1073.3499 58.999996 18.192371
1072.8103 58.999996 18.183228
1080.1061 58.999996 18.306883
1072.8098 58.999996 18.183218
1067.9454 58.999996 18.10077
1081.1866 58.999996 18.3252
1082.808 58.999996 18.352678
1079.2955 58.999996 18.293146
1085.7812 58.999996 18.403072
1067.1356 58.999996 18.087046
1092.2661 58.999996 18.512985
1069.5676 58.999996 18.128265
1071.7297 58.999996 18.164911
1077.1339 58.999996 18.256508
1081.9982 58.999996 18.338953
1079.0255 58.999996 18.288568
1084.7002 58.999996 18.38475
1080.6464 58.999996 18.316042
1089.8346 58.999996 18.471773
1078.4846 58.999996 18.279402
1082.5381 58.999996 18.348104
1078.755 58.999996 18.283985
1082.5387 58.999996 18.348114
1083.0786 58.999996 18.357265
1075.513 58.999996 18.229034
1075.782 58.999996 18.233595
1084.4302 58.999996 18.380173
1035.4512 60.000004 17.257519
1048.6814 60.000004 17.478022
1054.0802 60.000004 17.568003
1053.8103 60.000004 17.563503
1051.1112 60.000004 17.518518
1054.6206 60.000004 17.57701
1053.5405 60.000004 17.559008
1053.811 60.000004 17.563517
1052.462 60.000004 17.541033
1044.9004 60.000004 17.415005
1042.2002 60.000004 17.370003
1052.4609 60.000004 17.541014
1045.1711 60.000004 17.419518
1053.8097 60.000004 17.563494
1051.921 60.000004 17.532017
1055.4303 60.000004 17.590504
1049.4904 60.000004 17.491505
1055.4304 60.000004 17.590506
1041.6604 60.000004 17.361006
1051.1107 60.000004 17.51851
1047.8716 60.000004 17.464525
1053.271 60.000004 17.554516
1051.6503 60.000004 17.527504
1058.132 60.000004 17.635532
1051.111 60.000004 17.518515
1049.2219 60.000004 17.487032
1045.4408 60.000004 17.424011
1053.5411 60.000004 17.559017
1053.2704 60.000004 17.554504
1054.3508 60.000004 17.572514
1054.3511 60.000004 17.572517
1040.5817 60.000004 17.343027
1043.8221 60.000004 17.397034
1054.891 60.000004 17.581516
1057.5903 60.000004 17.626505
1045.9813 60.000004 17.433022
1050.0308 60.000004 17.500511
1056.5115 60.000004 17.608524
1043.0117 60.000004 17.383528
1051.9203 60.000004 17.532003
1048.681 60.000004 17.478016
1026.811 61.0 16.832968
1030.5903 61.0 16.894924
1030.321 61.0 16.890509
1028.4299 61.0 16.859507
1024.6504 61.0 16.797546
1019.5206 61.0 16.713453
1030.0504 61.0 16.886072
1024.6506 61.0 16.797552
1026.5404 61.0 16.828531
1025.7312 61.0 16.815266
1033.2913 61.0 16.939201
1017.63116 61.0 16.682478
1020.33124 61.0 16.726742
1024.9203 61.0 16.801971
1020.6013 61.0 16.731169
1029.7808 61.0 16.88165
1026.271 61.0 16.824114
1025.1906 61.0 16.806402
1031.9406 61.0 16.917059
1019.79 61.0 16.717869
1034.3706 61.0 16.956896
1027.0812 61.0 16.837397
1022.22015 61.0 16.757708
1031.1307 61.0 16.903782
1033.5607 61.0 16.943617
1020.3309 61.0 16.726736
1026.0006 61.0 16.819681
1027.8911 61.0 16.850674
1027.6211 61.0 16.846247
1036.2605 61.0 16.987877
1030.591 61.0 16.894934
1036.8007 61.0 16.996733
1016.0102 61.0 16.655905
1023.30115 61.0 16.775429
1026.8109 61.0 16.832966
1027.621 61.0 16.846245
1021.1408 61.0 16.740013
1022.76154 61.0 16.766582
1018.7113 61.0 16.700186
1021.41144 61.0 16.74445
1023.8401 61.0 16.784264
996.30035 62.0 16.06936
1001.1605 62.0 16.14775
999.54175 62.0 16.121641
1005.75146 62.0 16.221798
1002.78064 62.0 16.173882
1007.3702 62.0 16.247906
1002.7811 62.0 16.17389
986.8508 62.0 15.916949
990.90045 62.0 15.982265
997.6517 62.0 16.091156
999.00085 62.0 16.112917
993.0607 62.0 16.017109
1010.34076 62.0 16.295818
997.3811 62.0 16.086792
995.761 62.0 16.060661
993.87067 62.0 16.030172
1005.7502 62.0 16.221777
1005.7503 62.0 16.221779
995.76086 62.0 16.06066
1000.62085 62.0 16.139046
992.52094 62.0 16.008402
993.0604 62.0 16.017103
987.66113 62.0 15.930018
996.30023 62.0 16.069359
1002.2406 62.0 16.16517
1003.59045 62.0 16.186943
1005.7507 62.0 16.221785
1004.6718 62.0 16.204384
996.5707 62.0 16.07372
995.2208 62.0 16.051949
1006.2911 62.0 16.230501
998.18994 62.0 16.099838
988.20087 62.0 15.938724
1004.67084 62.0 16.204369
994.9508 62.0 16.047594
984.9611 62.0 15.88647
1000.8918 62.0 16.143415
999.27045 62.0 16.117266
1006.82947 62.0 16.239185
991.98096 62.0 15.999693
987.66046 62.0 15.930007
973.891 63.0 15.458588
967.41077 63.0 15.355726
969.83997 63.0 15.394285
979.02045 63.0 15.540007
972.271 63.0 15.432873
965.79004 63.0 15.330001
967.95044 63.0 15.364293
976.0517 63.0 15.492884
975.78094 63.0 15.488586
971.4607 63.0 15.420011
977.67084 63.0 15.518584
975.2412 63.0 15.48002
973.0806 63.0 15.4457245
980.36993 63.0 15.561427
973.0811 63.0 15.445732
971.46094 63.0 15.420015
974.43005 63.0 15.467144
966.6006 63.0 15.342867
978.75146 63.0 15.535738
974.7004 63.0 15.471435
975.78033 63.0 15.488577
978.4803 63.0 15.531433
960.39087 63.0 15.2443
969.84076 63.0 15.394298
964.98096 63.0 15.317158
978.2111 63.0 15.527161
965.7902 63.0 15.330004
969.03076 63.0 15.381441
973.89087 63.0 15.458585
972.8103 63.0 15.441433
976.32025 63.0 15.497147
974.43054 63.0 15.467152
960.1206 63.0 15.240009
975.78125 63.0 15.488591
969.8402 63.0 15.394289
973.0809 63.0 15.445728
977.67035 63.0 15.518577
975.5109 63.0 15.484301
969.30035 63.0 15.38572
974.9705 63.0 15.475722
982.2604 63.0 15.5914345
944.4603 64.0 14.757193
948.2409 64.0 14.816264
936.6304 64.0 14.63485
948.50995 64.0 14.820468
939.06134 64.0 14.672833
944.1909 64.0 14.752983
952.8304 64.0 14.887975
943.3807 64.0 14.740323
949.0508 64.0 14.828918
951.21014 64.0 14.8626585
950.6706 64.0 14.854228
950.9406 64.0 14.858447
945.54083 64.0 14.7740755
948.5109 64.0 14.820483
951.7506 64.0 14.871103
949.58984 64.0 14.837341
940.4108 64.0 14.693919
948.24036 64.0 14.816256
947.7008 64.0 14.807825
948.78064 64.0 14.8246975
946.89014 64.0 14.795158
949.3206 64.0 14.833135
953.3711 64.0 14.896423
947.16125 64.0 14.799395
943.6504 64.0 14.744537
943.6509 64.0 14.744545
951.21106 64.0 14.862673
952.83057 64.0 14.887978
952.29065 64.0 14.879541
946.07996 64.0 14.782499
946.0798 64.0 14.782496
937.17053 64.0 14.64329
944.73083 64.0 14.761419
953.3704 64.0 14.896413
946.3506 64.0 14.786728
944.19073 64.0 14.75298
944.4614 64.0 14.75721
945.5407 64.0 14.774074
951.2103 64.0 14.862661
947.16034 64.0 14.79938
947.16113 64.0 14.799393
912.0607 65.0 14.031704
922.05005 65.0 14.185386
922.0509 65.0 14.185398
916.6502 65.0 14.102311
918.2705 65.0 14.127238
918.8105 65.0 14.135546
919.3505 65.0 14.143854
923.1298 65.0 14.201997
921.24005 65.0 14.172924
918.27045 65.0 14.127237
923.4006 65.0 14.206162
911.79034 65.0 14.027544
912.0603 65.0 14.031697
920.1607 65.0 14.156319
918.81 65.0 14.135538
925.0207 65.0 14.231088
922.591 65.0 14.193707
924.21106 65.0 14.218632
913.6808 65.0 14.056627
919.6203 65.0 14.148005
927.99084 65.0 14.276782
919.3505 65.0 14.143854
909.0905 65.0 13.986008
922.3213 65.0 14.189558
912.05994 65.0 14.031692
926.64 65.0 14.2560005
918.8099 65.0 14.135536
908.8214 65.0 13.981868
922.59094 65.0 14.1937065
915.03107 65.0 14.077401
923.6707 65.0 14.210319
914.4906 65.0 14.069086
911.7908 65.0 14.027551
926.64087 65.0 14.256013
931.7702 65.0 14.334927
927.99054 65.0 14.276777
926.6405 65.0 14.256008
924.48035 65.0 14.2227745
928.2607 65.0 14.280933
912.8707 65.0 14.044165
924.2106 65.0 14.218624
895.591 66.0 13.569561
897.4809 66.0 13.598195
899.91095 66.0 13.635015
898.8303 66.0 13.618641
890.1906 66.0 13.487737
885.3299 66.0 13.414089
895.5896 66.0 13.569539
888.3003 66.0 13.459095
886.14044 66.0 13.426371
895.58997 66.0 13.569545
895.32043 66.0 13.565461
903.6902 66.0 13.692276
893.1606 66.0 13.532736
902.8806 66.0 13.680009
891.2705 66.0 13.504099
890.9999 66.0 13.499998
895.86017 66.0 13.573639
899.3706 66.0 13.626827
900.18097 66.0 13.639106
899.37006 66.0 13.626819
887.49 66.0 13.446818
898.5605 66.0 13.6145525
903.69104 66.0 13.692288
899.9114 66.0 13.635021
909.0906 66.0 13.774099
896.6699 66.0 13.585908
891.001 66.0 13.500015
892.89124 66.0 13.528655
896.9401 66.0 13.590002
894.7802 66.0 13.557276
897.47986 66.0 13.59818
900.4502 66.0 13.643185
895.0505 66.0 13.561371
891.0005 66.0 13.500008
897.21045 66.0 13.594098
899.1007 66.0 13.622738
898.0202 66.0 13.606367
897.7502 66.0 13.602276
894.2406 66.0 13.5491
897.21 66.0 13.594091
900.18066 66.0 13.639101
873.7196 67.0 13.040591
873.1797 67.0 13.032533
867.511 67.0 12.947926
873.7202 67.0 13.0406
872.64014 67.0 13.02448
870.7502 67.0 12.996271
867.23987 67.0 12.943878
871.0205 67.0 13.000306
865.35016 67.0 12.915674
866.6999 67.0 12.93582
874.26074 67.0 13.048668
871.8301 67.0 13.012389
863.73047 67.0 12.8914995
873.4503 67.0 13.0365715
869.1302 67.0 12.972093
865.08026 67.0 12.911646
866.1603 67.0 12.927765
876.6903 67.0 13.08493
872.9108 67.0 13.02852
875.61084 67.0 13.068818
863.19037 67.0 12.883438
869.4007 67.0 12.97613
871.83057 67.0 13.012397
871.5612 67.0 13.008376
868.5905 67.0 12.964038
871.8302 67.0 13.012391
864.27014 67.0 12.899554
865.08026 67.0 12.911646
869.1306 67.0 12.972098
871.8304 67.0 13.012394
869.6707 67.0 12.98016
863.73065 67.0 12.891502
868.5905 67.0 12.964038
873.4501 67.0 13.036569
869.94055 67.0 12.984187
869.9408 67.0 12.984191
871.5602 67.0 13.008361
872.6408 67.0 13.024489
868.0502 67.0 12.955973
874.53064 67.0 13.052696
871.02 67.0 13.0002985
842.6699 68.0 12.392204
840.5109 68.0 12.360455
843.7508 68.0 12.4081
843.20966 68.0 12.400142
845.0998 68.0 12.427938
845.91003 68.0 12.439854
845.37024 68.0 12.431915
842.67053 68.0 12.392214
845.6404 68.0 12.435888
837.80963 68.0 12.32073
846.4502 68.0 12.447797
848.33997 68.0 12.475588
842.6701 68.0 12.392207
837.54065 68.0 12.316774
843.4798 68.0 12.404115
844.82996 68.0 12.42397
845.1001 68.0 12.427942
841.58997 68.0 12.376323
844.8297 68.0 12.423966
845.6404 68.0 12.435888
842.6698 68.0 12.392203
844.5605 68.0 12.420007
846.17993 68.0 12.443823
842.40015 68.0 12.388237
846.18054 68.0 12.443831
842.13007 68.0 12.384266
844.0202 68.0 12.412062
848.8804 68.0 12.483535
845.3703 68.0 12.431916
846.4502 68.0 12.447797
839.1601 68.0 12.34059
836.7309 68.0 12.304866
844.8305 68.0 12.423978
847.5301 68.0 12.463677
839.1605 68.0 12.340596
846.99066 68.0 12.455745
833.22046 68.0 12.2532425
835.9198 68.0 12.292938
835.38043 68.0 12.2850065
841.59015 68.0 12.376326
843.48 68.0 12.404118
816.75006 69.0 11.836957
819.9899 69.0 11.883912
816.75037 69.0 11.836962
817.02045 69.0 11.840876
824.3103 69.0 11.946527
818.3702 69.0 11.860437
814.8605 69.0 11.809572
808.9195 69.0 11.723471
812.15924 69.0 11.770424
814.0499 69.0 11.797825
814.58997 69.0 11.805652
812.16003 69.0 11.770435
814.5897 69.0 11.805648
822.1498 69.0 11.915215
823.5001 69.0 11.934784
808.64966 69.0 11.719561
819.18036 69.0 11.872179
821.0698 69.0 11.899563
817.82965 69.0 11.852604
821.0703 69.0 11.8995695
817.5599 69.0 11.848694
819.17993 69.0 11.872173
813.24005 69.0 11.786088
821.6097 69.0 11.907387
817.29016 69.0 11.844785
818.1005 69.0 11.856529
818.6398 69.0 11.864345
809.73 69.0 11.735217
817.02045 69.0 11.840876
810.27026 69.0 11.743048
821.3404 69.0 11.903484
815.9403 69.0 11.825222
822.1508 69.0 11.915229
820.5298 69.0 11.891736
824.0406 69.0 11.942617
802.43976 69.0 11.629561
820.8001 69.0 11.895654
814.04987 69.0 11.797824
818.3706 69.0 11.860443
814.8594 69.0 11.809556
820.79956 69.0 11.895646
792.44977 70.0 11.320711
793.5303 70.0 11.336146
789.2099 70.0 11.274427
795.6903 70.0 11.367004
788.39984 70.0 11.262855
788.6704 70.0 11.26672
804.3301 70.0 11.49043
794.87976 70.0 11.355425
790.01996 70.0 11.285999
793.7999 70.0 11.339999
785.42957 70.0 11.220423
788.67004 70.0 11.266715
796.7699 70.0 11.382427
792.1795 70.0 11.31685
790.0198 70.0 11.285996
793.52997 70.0 11.336143
794.34045 70.0 11.347721
795.1507 70.0 11.359296
785.4297 70.0 11.220424
786.77924 70.0 11.239703
785.7 70.0 11.224286
789.7502 70.0 11.2821455
789.4798 70.0 11.278283
792.4498 70.0 11.320712
792.99005 70.0 11.328429
793.5293 70.0 11.336133
784.07996 70.0 11.201142
798.6597 70.0 11.409425
790.8302 70.0 11.297574
802.1702 70.0 11.459575
788.93933 70.0 11.270562
788.4 70.0 11.262857
790.2899 70.0 11.289856
799.19965 70.0 11.417138
791.91 70.0 11.313
793.53064 70.0 11.336152
786.51013 70.0 11.235859
786.23944 70.0 11.231992
789.48047 70.0 11.278293
792.4504 70.0 11.32072
784.62085 70.0 11.208869
757.0798 71.0 10.663095
765.7203 71.0 10.784793
770.8505 71.0 10.85705
764.63983 71.0 10.769575
768.68964 71.0 10.826614
760.3198 71.0 10.70873
763.01996 71.0 10.74676
760.3202 71.0 10.708735
772.20026 71.0 10.87606
761.9402 71.0 10.731552
763.29034 71.0 10.750568
763.0202 71.0 10.746763
761.1301 71.0 10.720142
765.7203 71.0 10.784793
768.96014 71.0 10.830424
754.3804 71.0 10.625075
763.0202 71.0 10.746763
760.5904 71.0 10.712541
757.35 71.0 10.666901
763.5598 71.0 10.754364
767.3404 71.0 10.807611
762.21045 71.0 10.735358
762.2105 71.0 10.735359
764.9103 71.0 10.773384
764.1 71.0 10.761971
764.1001 71.0 10.761973
765.4501 71.0 10.780987
771.9301 71.0 10.872255
764.90967 71.0 10.7733755
769.76996 71.0 10.84183
767.07007 71.0 10.803803
764.10034 71.0 10.761976
761.12994 71.0 10.72014
769.77045 71.0 10.841837
763.0201 71.0 10.746761
767.88025 71.0 10.815215
767.33954 71.0 10.807599
760.5902 71.0 10.712538
769.4996 71.0 10.838022
758.97 71.0 10.689718
766.5299 71.0 10.796196
740.0698 72.0 10.278748
736.2896 72.0 10.226245
742.22974 72.0 10.308746
737.9098 72.0 10.248747
736.56036 72.0 10.230005
743.5798 72.0 10.327497
741.15015 72.0 10.293752
741.1498 72.0 10.293747
740.3401 72.0 10.282501
745.1998 72.0 10.3499975
743.30994 72.0 10.32375
737.09985 72.0 10.237498
734.13007 72.0 10.196251
737.3696 72.0 10.241245
738.4502 72.0 10.256252
742.2297 72.0 10.308745
737.64056 72.0 10.2450075
736.0198 72.0 10.222497
741.42004 72.0 10.297501
737.3705 72.0 10.241257
743.84985 72.0 10.331248
737.3701 72.0 10.241252
737.10046 72.0 10.237507
728.73065 72.0 10.121259
737.6407 72.0 10.245009
737.37 72.0 10.24125
743.0401 72.0 10.320002
740.88043 72.0 10.290006
743.0407 72.0 10.32001
744.66003 72.0 10.342501
736.56036 72.0 10.230005
739.2607 72.0 10.267509
743.30994 72.0 10.32375
741.9597 72.0 10.3049965
737.10016 72.0 10.237502
739.53 72.0 10.271251
740.0698 72.0 10.278748
734.93994 72.0 10.2074995
743.30927 72.0 10.32374
736.8302 72.0 10.233753
738.4498 72.0 10.2562475
711.72015 73.0 9.749591
713.6099 73.0 9.775478
713.33936 73.0 9.771772
714.42004 73.0 9.786576
711.99023 73.0 9.753291
709.8298 73.0 9.723696
715.77045 73.0 9.805075
705.2396 73.0 9.660817
708.74963 73.0 9.7088995
708.20935 73.0 9.701498
715.7698 73.0 9.805065
712.2595 73.0 9.75698
702.8093 73.0 9.627525
721.98004 73.0 9.890138
715.5 73.0 9.80137
714.9604 73.0 9.793978
714.9599 73.0 9.793971
713.3395 73.0 9.771773
712.8 73.0 9.764383
711.7201 73.0 9.74959
713.61 73.0 9.775479
714.42 73.0 9.786575
712.7993 73.0 9.764374
716.3105 73.0 9.812472
714.96 73.0 9.793973
708.74994 73.0 9.708903
716.04016 73.0 9.808769
713.6094 73.0 9.775471
713.6101 73.0 9.775481
715.49963 73.0 9.801365
709.0199 73.0 9.712602
713.6099 73.0 9.775478
708.48004 73.0 9.705206
714.9607 73.0 9.7939825
717.3899 73.0 9.827259
711.99023 73.0 9.753291
710.9099 73.0 9.738492
714.6901 73.0 9.790276
715.77 73.0 9.805069
709.2895 73.0 9.716294
714.1498 73.0 9.782874
683.64 74.0 9.238379
683.1002 74.0 9.231084
688.5 74.0 9.304054
684.44995 74.0 9.249324
689.8496 74.0 9.322292
688.7701 74.0 9.307704
683.6401 74.0 9.2383795
691.2004 74.0 9.340546
686.33966 74.0 9.27486
677.69995 74.0 9.158108
689.31006 74.0 9.315001
684.45 74.0 9.249325
687.1497 74.0 9.285807
680.1297 74.0 9.190942
687.9599 74.0 9.296756
685.79956 74.0 9.267562
692.55 74.0 9.358784
684.17975 74.0 9.245672
687.9598 74.0 9.296754
687.4195 74.0 9.289453
686.34045 74.0 9.274871
683.0998 74.0 9.231078
688.49976 74.0 9.30405
689.31006 74.0 9.315001
688.76984 74.0 9.3077
686.34 74.0 9.274865
688.49976 74.0 9.30405
686.34045 74.0 9.274871
688.7699 74.0 9.307701
692.01013 74.0 9.351488
685.7999 74.0 9.267567
684.9901 74.0 9.256623
685.2595 74.0 9.260263
684.99 74.0 9.256621
684.72003 74.0 9.252974
687.1495 74.0 9.285804
687.9594 74.0 9.296749
678.77954 74.0 9.172696
685.2602 74.0 9.260273
685.52985 74.0 9.263917
691.2001 74.0 9.340542
663.39014 75.0 8.8452015
654.2099 75.0 8.722798
663.66003 75.0 8.848801
663.1196 75.0 8.841595
658.2598 75.0 8.776797
664.46967 75.0 8.859595
660.9597 75.0 8.812797
659.33997 75.0 8.7912
657.72 75.0 8.7696
662.04034 75.0 8.827205
663.1196 75.0 8.841595
659.33966 75.0 8.791196
657.72015 75.0 8.769602
647.18994 75.0 8.629199
662.8491 75.0 8.837988
665.0103 75.0 8.866804
663.65967 75.0 8.848796
663.65967 75.0 8.848796
652.0505 75.0 8.694006
665.00977 75.0 8.8667965
654.2099 75.0 8.722798
664.19977 75.0 8.855997
655.0194 75.0 8.733592
662.84985 75.0 8.837998
658.2601 75.0 8.776801
657.7197 75.0 8.769596
659.8798 75.0 8.798398
657.4499 75.0 8.765999
659.6096 75.0 8.794795
668.52 75.0 8.9136
654.74994 75.0 8.73
657.98987 75.0 8.773198
665.55 75.0 8.874
658.5301 75.0 8.780401
654.74976 75.0 8.729997
661.7703 75.0 8.823605
660.689 75.0 8.809187
661.5004 75.0 8.820005
659.3398 75.0 8.791197
660.9592 75.0 8.81279
668.79034 75.0 8.917205
636.38995 76.0 8.373552
628.8302 76.0 8.274081
640.44025 76.0 8.426846
637.2002 76.0 8.384213
630.9899 76.0 8.302499
635.85034 76.0 8.366452
634.77045 76.0 8.352242
628.0205 76.0 8.263428
633.95966 76.0 8.341575
627.47986 76.0 8.256314
631.25995 76.0 8.306052
632.0698 76.0 8.316709
636.9297 76.0 8.380653
636.9295 76.0 8.380651
636.3898 76.0 8.373549
633.42017 76.0 8.3344755
637.74023 76.0 8.391319
633.6894 76.0 8.338018
629.6398 76.0 8.284734
634.49994 76.0 8.348683
626.39935 76.0 8.242097
632.06934 76.0 8.316702
637.74005 76.0 8.391316
637.46985 76.0 8.387761
632.3398 76.0 8.32026
627.21027 76.0 8.252767
638.2797 76.0 8.398417
636.12006 76.0 8.370001
633.68964 76.0 8.338021
634.22986 76.0 8.34513
635.03955 76.0 8.355783
625.04987 76.0 8.22434
636.1194 76.0 8.369992
636.6598 76.0 8.377103
634.4997 76.0 8.3486805
638.8194 76.0 8.405519
634.49963 76.0 8.34868
636.3898 76.0 8.373549
637.7394 76.0 8.391308
634.76984 76.0 8.352235
635.5795 76.0 8.362888
603.7196 77.0 7.8405147
613.4398 77.0 7.9667506
607.7694 77.0 7.893109
607.22974 77.0 7.8861003
608.57965 77.0 7.9036317
610.19977 77.0 7.9246726
607.22986 77.0 7.886102
605.0694 77.0 7.858044
609.9296 77.0 7.921164
613.97955 77.0 7.97376
606.41956 77.0 7.875579
607.4995 77.0 7.889604
612.8998 77.0 7.959738
612.89954 77.0 7.959734
609.11975 77.0 7.910646
608.5791 77.0 7.9036245
601.8297 77.0 7.8159704
615.0596 77.0 7.987787
611.0098 77.0 7.9351926
609.92926 77.0 7.9211593
607.76965 77.0 7.893112
608.8496 77.0 7.907138
610.1997 77.0 7.9246716
610.7396 77.0 7.9316835
609.1198 77.0 7.910647
611.00977 77.0 7.9351916
605.06946 77.0 7.858045
601.2891 77.0 7.8089495
606.14966 77.0 7.8720737
611.27985 77.0 7.9386992
609.6598 77.0 7.9176598
607.76996 77.0 7.893116
604.5297 77.0 7.851035
606.41974 77.0 7.8755813
611.0094 77.0 7.9351873
609.92957 77.0 7.9211636
610.4693 77.0 7.928173
611.54987 77.0 7.9422064
609.6596 77.0 7.9176574
606.14984 77.0 7.872076
608.3101 77.0 7.9001317
582.2231 78.0 7.464399
583.5741 78.0 7.4817195
579.7918 78.0 7.4332285
583.30365 78.0 7.478252
581.6828 78.0 7.457472
583.5741 78.0 7.4817195
583.3035 78.0 7.4782505
584.9249 78.0 7.4990373
582.49316 78.0 7.467861
583.30396 78.0 7.478256
583.0338 78.0 7.4747925
585.1949 78.0 7.502498
587.086 78.0 7.526744
582.2232 78.0 7.4644003
583.30316 78.0 7.4782457
584.11395 78.0 7.488641
582.49286 78.0 7.467857
584.38446 78.0 7.4921083
582.4932 78.0 7.4678617
587.35693 78.0 7.530217
585.7354 78.0 7.5094285
586.0054 78.0 7.5128894
586.5456 78.0 7.5198154
589.51794 78.0 7.5579224
582.49316 78.0 7.4678607
584.65436 78.0 7.4955688
583.5736 78.0 7.4817133
584.1143 78.0 7.488645
584.1143 78.0 7.488645
582.76324 78.0 7.471324
587.08636 78.0 7.526748
579.5215 78.0 7.429763
585.46497 78.0 7.505961
580.87274 78.0 7.4470863
586.5456 78.0 7.519815
586.0053 78.0 7.512889
584.9246 78.0 7.499034
583.5734 78.0 7.4817104
586.00543 78.0 7.5128903
580.602 78.0 7.4436154
581.68243 78.0 7.457467
555.11896 79.0 7.026822
560.2495 79.0 7.091766
556.1994 79.0 7.0404987
559.7096 79.0 7.0849314
557.5498 79.0 7.0575924
552.6896 79.0 6.996071
559.1699 79.0 7.0781
558.3593 79.0 7.067839
555.93 79.0 7.0370884
555.3896 79.0 7.030248
551.6095 79.0 6.9823985
561.0594 79.0 7.102018
555.9296 79.0 7.0370836
549.4497 79.0 6.9550595
553.2291 79.0 7.0029006
553.4997 79.0 7.0063252
560.24994 79.0 7.0917716
557.5498 79.0 7.0575924
545.9391 79.0 6.9106216
558.3596 79.0 7.0678434
552.41956 79.0 6.992653
552.9594 79.0 6.999486
558.8994 79.0 7.074676
554.57965 79.0 7.019995
556.4697 79.0 7.0439205
556.7394 79.0 7.0473337
553.76996 79.0 7.0097466
558.0898 79.0 7.0644274
552.6895 79.0 6.9960694
551.8798 79.0 6.985821
555.3898 79.0 7.03025
555.38965 79.0 7.0302486
556.19885 79.0 7.0404916
554.3093 79.0 7.016574
555.11945 79.0 7.0268283
556.4695 79.0 7.0439177
551.06964 79.0 6.9755654
560.24963 79.0 7.0917673
550.52924 79.0 6.9687243
555.9298 79.0 7.0370865
559.1696 79.0 7.0780964
530.81934 80.0 6.6352415
534.0593 80.0 6.675741
530.2796 80.0 6.6284947
532.169 80.0 6.6521125
531.62933 80.0 6.6453667
532.7095 80.0 6.6588683
528.11975 80.0 6.601497
528.3892 80.0 6.604865
531.0898 80.0 6.6386223
534.32947 80.0 6.6791186
526.4996 80.0 6.581245
525.9596 80.0 6.574495
525.6892 80.0 6.5711155
529.7399 80.0 6.6217494
524.3398 80.0 6.5542474
528.1192 80.0 6.60149
527.8493 80.0 6.5981164
530.81946 80.0 6.635243
525.68964 80.0 6.5711207
532.43945 80.0 6.6554933
529.7396 80.0 6.621745
527.03925 80.0 6.5879903
531.8997 80.0 6.6487465
527.5793 80.0 6.5947413
533.2494 80.0 6.665617
529.4691 80.0 6.6183643
531.6293 80.0 6.645366
531.08984 80.0 6.638623
528.11926 80.0 6.6014905
529.7396 80.0 6.621745
531.6291 80.0 6.645364
535.40967 80.0 6.6926208
531.62946 80.0 6.645368
532.7092 80.0 6.658865
530.55005 80.0 6.631876
533.7898 80.0 6.672373
528.9293 80.0 6.6116166
533.7891 80.0 6.6723638
532.97925 80.0 6.6622405
530.27936 80.0 6.628492
533.51984 80.0 6.668998
506.7899 81.0 6.256665
504.08942 81.0 6.223326
505.43945 81.0 6.239993
505.1692 81.0 6.2366567
501.11917 81.0 6.1866565
504.35913 81.0 6.226656
505.70938 81.0 6.2433257
502.46927 81.0 6.2033243
506.78955 81.0 6.256661
500.84888 81.0 6.1833196
502.7391 81.0 6.2066555
494.09933 81.0 6.099992
502.46942 81.0 6.203326
498.95932 81.0 6.1599917
502.73883 81.0 6.206652
501.92938 81.0 6.196659
498.95917 81.0 6.15999
507.86896 81.0 6.269987
505.43887 81.0 6.239986
501.65897 81.0 6.1933208
504.35928 81.0 6.226658
507.59927 81.0 6.266658
504.35986 81.0 6.226665
504.89932 81.0 6.233325
502.19925 81.0 6.1999907
504.35968 81.0 6.2266626
503.54916 81.0 6.216656
505.43954 81.0 6.2399945
504.62924 81.0 6.2299905
501.6588 81.0 6.193319
499.76904 81.0 6.169988
505.16916 81.0 6.236656
502.7392 81.0 6.206657
504.0892 81.0 6.2233233
502.46942 81.0 6.203326
502.7392 81.0 6.206657
503.27914 81.0 6.2133226
501.92892 81.0 6.1966534
501.11896 81.0 6.1866536
500.3092 81.0 6.1766567
503.00903 81.0 6.209988
472.49918 82.0 5.762185
478.70898 82.0 5.8379145
477.89902 82.0 5.828037
479.24896 82.0 5.8444996
474.92902 82.0 5.791817
479.51907 82.0 5.8477936
479.78915 82.0 5.851087
479.78915 82.0 5.851087
476.00897 82.0 5.8049874
474.38916 82.0 5.7852335
477.3592 82.0 5.8214536
478.16888 82.0 5.831328
476.81937 82.0 5.8148704
480.05917 82.0 5.85438
476.81918 82.0 5.814868
474.38876 82.0 5.7852287
477.08884 82.0 5.8181567
471.68903 82.0 5.752305
478.43896 82.0 5.8346214
477.08902 82.0 5.8181586
473.579 82.0 5.775354
476.54907 82.0 5.811574
478.70923 82.0 5.8379173
479.51895 82.0 5.847792
479.78934 82.0 5.8510895
474.38986 82.0 5.785242
473.30896 82.0 5.7720604
479.51935 82.0 5.847797
477.08884 82.0 5.8181567
476.2791 82.0 5.808282
475.46878 82.0 5.7984
477.08917 82.0 5.8181605
476.00937 82.0 5.804992
475.19876 82.0 5.795107
479.51904 82.0 5.847793
477.62936 82.0 5.8247485
478.7094 82.0 5.8379197
475.19968 82.0 5.795118
479.78903 82.0 5.8510857
479.24954 82.0 5.8445067
473.84937 82.0 5.7786508
451.97925 83.0 5.4455333
449.00894 83.0 5.409746
450.89935 83.0 5.4325223
450.62958 83.0 5.429272
448.73883 83.0 5.4064918
449.27908 83.0 5.413001
449.27917 83.0 5.413002
451.9792 83.0 5.4455323
453.86884 83.0 5.4682994
449.00888 83.0 5.4097457
450.89865 83.0 5.4325137
450.62915 83.0 5.429267
451.43896 83.0 5.4390235
452.51913 83.0 5.452038
451.97885 83.0 5.4455285
447.6586 83.0 5.393477
454.94894 83.0 5.4813128
453.8693 83.0 5.4683046
450.6287 83.0 5.429261
449.00897 83.0 5.4097466
448.199 83.0 5.399988
453.3289 83.0 5.461794
453.0589 83.0 5.458541
449.54874 83.0 5.4162498
451.43903 83.0 5.4390244
449.27908 83.0 5.413001
450.6287 83.0 5.429261
454.13913 83.0 5.4715557
449.00885 83.0 5.409745
451.70895 83.0 5.4422765
449.27884 83.0 5.412998
447.92902 83.0 5.396735
447.1189 83.0 5.386975
447.92905 83.0 5.3967357
449.54865 83.0 5.416249
451.7088 83.0 5.4422746
449.00897 83.0 5.4097466
451.43875 83.0 5.439021
447.65933 83.0 5.393486
449.8187 83.0 5.4195023
451.97882 83.0 5.445528
423.08868 84.0 5.03677
428.48883 84.0 5.1010575
422.8189 84.0 5.0335584
422.27866 84.0 5.027127
426.86874 84.0 5.081771
424.4388 84.0 5.052843
428.7586 84.0 5.104269
424.16882 84.0 5.0496287
428.21875 84.0 5.097842
424.43845 84.0 5.052839
424.9788 84.0 5.0592713
423.89844 84.0 5.04641
424.43875 84.0 5.052842
425.7886 84.0 5.068912
424.97855 84.0 5.0592685
423.89844 84.0 5.04641
426.05893 84.0 5.07213
426.3285 84.0 5.0753393
422.5487 84.0 5.0303416
427.4087 84.0 5.0881987
422.81842 84.0 5.0335526
425.2487 84.0 5.0624843
425.78885 84.0 5.068915
425.51868 84.0 5.0656986
423.89868 84.0 5.046413
425.78848 84.0 5.0689106
424.43866 84.0 5.052841
424.97852 84.0 5.059268
420.11877 84.0 5.001414
425.7883 84.0 5.068908
430.37875 84.0 5.1235566
423.89856 84.0 5.0464115
426.05875 84.0 5.072128
426.3287 84.0 5.0753417
424.7086 84.0 5.0560546
423.89874 84.0 5.0464134
425.78876 84.0 5.068914
425.7887 84.0 5.068913
419.03882 84.0 4.9885573
422.2789 84.0 5.0271297
422.00873 84.0 5.0239134
400.40866 85.0 4.71069
396.89844 85.0 4.6693935
397.7086 85.0 4.6789246
396.08853 85.0 4.659865
401.75854 85.0 4.726571
398.51852 85.0 4.688453
394.73846 85.0 4.643982
399.0587 85.0 4.694808
399.32874 85.0 4.697985
395.8187 85.0 4.6566906
400.67862 85.0 4.713866
398.5185 85.0 4.6884527
399.5988 85.0 4.7011623
399.32825 85.0 4.6979795
397.9786 85.0 4.6821012
399.59814 85.0 4.7011547
397.1683 85.0 4.6725683
398.24872 85.0 4.685279
398.2486 85.0 4.6852775
399.86877 85.0 4.7043386
397.7086 85.0 4.6789246
398.51877 85.0 4.688456
394.46848 85.0 4.6408057
398.2485 85.0 4.6852765
399.59863 85.0 4.7011604
396.3587 85.0 4.6630435
397.7085 85.0 4.6789236
396.0884 85.0 4.6598635
402.56824 85.0 4.736097
402.5685 85.0 4.7361
396.8985 85.0 4.669394
399.59848 85.0 4.7011585
399.86874 85.0 4.704338
397.1687 85.0 4.672573
397.43854 85.0 4.6757474
400.67874 85.0 4.7138677
398.78864 85.0 4.691631
399.59854 85.0 4.7011595
400.67868 85.0 4.7138667
400.67856 85.0 4.7138653
399.59848 85.0 4.7011585
372.5988 86.0 4.332544
372.86853 86.0 4.3356805
370.16873 86.0 4.3042874
376.10852 86.0 4.373355
372.05856 86.0 4.3262625
370.16885 86.0 4.304289
373.94858 86.0 4.3482394
369.8984 86.0 4.301144
370.97876 86.0 4.3137064
372.0585 86.0 4.3262615
370.1686 86.0 4.304286
370.97852 86.0 4.3137035
373.1385 86.0 4.3388195
370.16852 86.0 4.304285
370.97852 86.0 4.3137035
372.86865 86.0 4.335682
370.97867 86.0 4.3137054
367.19846 86.0 4.2697496
373.94852 86.0 4.3482385
371.24838 86.0 4.3168416
372.5988 86.0 4.332544
374.21848 86.0 4.3513775
374.21848 86.0 4.3513775
368.81873 86.0 4.28859
375.02838 86.0 4.360795
373.67847 86.0 4.3450985
372.05856 86.0 4.3262625
371.24866 86.0 4.316845
372.32852 86.0 4.3294015
374.2186 86.0 4.351379
369.89847 86.0 4.301145
369.89835 86.0 4.3011436
369.3586 86.0 4.2948675
370.1691 86.0 4.3042917
374.48868 86.0 4.3545194
372.8684 86.0 4.335679
369.08856 86.0 4.2917275
372.05853 86.0 4.326262
371.51852 86.0 4.319983
371.78857 86.0 4.323123
370.97867 86.0 4.3137054
344.78848 87.0 3.9630861
347.75848 87.0 3.997224
346.67853 87.0 3.9848108
346.40894 87.0 3.9817119
347.2187 87.0 3.9910195
345.5983 87.0 3.9723942
346.67868 87.0 3.9848123
346.40848 87.0 3.9817066
344.5187 87.0 3.959985
346.40857 87.0 3.9817078
345.86868 87.0 3.975502
344.78857 87.0 3.963087
347.48846 87.0 3.9941201
347.7586 87.0 3.9972253
344.24887 87.0 3.9568834
348.2985 87.0 4.003431
347.75858 87.0 3.997225
346.13873 87.0 3.978606
345.5988 87.0 3.9724
343.1684 87.0 3.9444642
346.94858 87.0 3.9879148
343.16885 87.0 3.9444697
344.5187 87.0 3.959985
346.4088 87.0 3.9817104
346.40863 87.0 3.9817083
345.86865 87.0 3.9755018
345.05878 87.0 3.9661927
344.51892 87.0 3.9599876
342.89874 87.0 3.941365
345.86868 87.0 3.9755023
346.67844 87.0 3.9848096
345.59888 87.0 3.972401
345.05878 87.0 3.9661927
344.24872 87.0 3.9568818
342.0887 87.0 3.932054
346.6788 87.0 3.984814
346.9486 87.0 3.987915
344.5187 87.0 3.959985
346.94864 87.0 3.9879153
344.51886 87.0 3.959987
342.6289 87.0 3.9382632
317.78894 88.0 3.611238
319.40875 88.0 3.6296449
318.59894 88.0 3.6204424
319.67896 88.0 3.6327152
316.43875 88.0 3.595895
316.97873 88.0 3.602031
318.59882 88.0 3.6204412
319.40875 88.0 3.6296449
318.0587 88.0 3.614303
318.0589 88.0 3.6143055
319.1388 88.0 3.6265774
317.7888 88.0 3.611236
319.67874 88.0 3.6327128
319.40878 88.0 3.629645
319.67886 88.0 3.6327143
321.5685 88.0 3.6541877
318.5987 88.0 3.6204395
317.24875 88.0 3.6050994
321.29852 88.0 3.6511197
321.83844 88.0 3.6572552
317.51868 88.0 3.6081667
320.48895 88.0 3.6419199
321.0288 88.0 3.6480546
319.94885 88.0 3.6357825
318.32904 88.0 3.6173756
320.2188 88.0 3.63885
318.5986 88.0 3.6204388
319.40878 88.0 3.6296453
319.9487 88.0 3.6357808
317.24866 88.0 3.6050985
319.67868 88.0 3.6327124
317.5188 88.0 3.6081681
321.83862 88.0 3.657257
317.7888 88.0 3.611236
318.86896 88.0 3.6235108
322.37875 88.0 3.663395
321.02863 88.0 3.6480525
319.9487 88.0 3.6357808
317.5189 88.0 3.608169
318.59875 88.0 3.6204405
317.24863 88.0 3.605098
293.48917 89.0 3.297631
291.329 89.0 3.2733598
290.51886 89.0 3.264257
289.97906 89.0 3.2581916
295.37888 89.0 3.3188636
293.48886 89.0 3.2976277
292.94897 89.0 3.2915616
292.13898 89.0 3.2824605
293.48877 89.0 3.2976267
291.86893 89.0 3.279426
292.67902 89.0 3.2885284
293.21912 89.0 3.294597
292.13898 89.0 3.2824605
292.94876 89.0 3.2915592
294.569 89.0 3.309764
293.21906 89.0 3.2945962
292.13913 89.0 3.2824621
293.48874 89.0 3.2976263
290.519 89.0 3.2642586
291.86877 89.0 3.2794244
293.21896 89.0 3.2945952
292.1389 89.0 3.2824593
291.5987 89.0 3.2763898
292.6792 89.0 3.2885303
295.37897 89.0 3.3188648
293.75885 89.0 3.3006613
294.56906 89.0 3.3097649
291.599 89.0 3.2763934
291.59897 89.0 3.276393
292.6787 89.0 3.2885249
291.59894 89.0 3.2763925
291.05896 89.0 3.2703254
292.67883 89.0 3.288526
293.21896 89.0 3.2945952
291.05887 89.0 3.2703245
294.29886 89.0 3.3067286
294.83887 89.0 3.3127964
294.02902 89.0 3.3036969
292.13916 89.0 3.2824624
292.1391 89.0 3.282462
292.13895 89.0 3.2824602
265.94922 90.0 2.9549913
266.7591 90.0 2.96399
268.37918 90.0 2.9819908
263.7892 90.0 2.9309912
264.59912 90.0 2.9399903
264.5992 90.0 2.9399912
266.75916 90.0 2.9639904
267.02896 90.0 2.9669883
267.2991 90.0 2.96999
265.67902 90.0 2.9519892
264.3294 90.0 2.9369934
266.21887 90.0 2.9579873
267.02914 90.0 2.9669905
265.6791 90.0 2.9519901
265.1389 90.0 2.9459877
265.9492 90.0 2.9549909
264.86917 90.0 2.9429908
266.7589 90.0 2.9639878
266.7589 90.0 2.963988
265.67923 90.0 2.9519916
266.48935 90.0 2.9609928
265.1391 90.0 2.94599
265.67917 90.0 2.9519906
264.59915 90.0 2.9399905
267.56918 90.0 2.972991
264.05917 90.0 2.9339907
266.48904 90.0 2.9609895
263.78906 90.0 2.9309895
265.40912 90.0 2.94899
265.94894 90.0 2.9549882
263.78906 90.0 2.9309895
265.94925 90.0 2.9549916
264.05908 90.0 2.9339898
266.2193 90.0 2.957992
264.05905 90.0 2.9339895
266.4891 90.0 2.9609902
265.6793 90.0 2.951992
265.94913 90.0 2.9549901
268.1091 90.0 2.9789898
263.2492 90.0 2.9249911
264.3291 90.0 2.93699
