130.14 1.0 130.14
130.41 1.0 130.41
132.3 1.0 132.3
132.03 1.0 132.03
130.95 1.0 130.95
131.76 1.0 131.76
132.56999 1.0 132.56999
130.68 1.0 130.68
129.59999 1.0 129.59999
130.95 1.0 130.95
129.87 1.0 129.87
132.56999 1.0 132.56999
129.87 1.0 129.87
131.49 1.0 131.49
130.95 1.0 130.95
132.03 1.0 132.03
132.84 1.0 132.84
133.65 1.0 133.65
129.32999 1.0 129.32999
130.95 1.0 130.95
131.76 1.0 131.76
132.84001 1.0 132.84001
131.22 1.0 131.22
132.56999 1.0 132.56999
130.94998 1.0 130.94998
130.95 1.0 130.95
130.95 1.0 130.95
132.03 1.0 132.03
132.03 1.0 132.03
130.68 1.0 130.68
132.03 1.0 132.03
132.03 1.0 132.03
131.49 1.0 131.49
131.76 1.0 131.76
130.95 1.0 130.95
131.48999 1.0 131.48999
132.03 1.0 132.03
133.11002 1.0 133.11002
130.41 1.0 130.41
131.49 1.0 131.49
131.76 1.0 131.76
262.44003 2.0 131.22002
261.36 2.0 130.68
261.62997 2.0 130.81499
262.44 2.0 131.22
261.09003 2.0 130.54501
263.79 2.0 131.895
260.82 2.0 130.41
265.41 2.0 132.705
263.25003 2.0 131.62502
263.52002 2.0 131.76001
260.55002 2.0 130.27501
260.82 2.0 130.41
264.87 2.0 132.435
262.17004 2.0 131.08502
263.25 2.0 131.625
263.52002 2.0 131.76001
263.52002 2.0 131.76001
264.06 2.0 132.03
262.98 2.0 131.49
262.17 2.0 131.085
260.01 2.0 130.005
263.52005 2.0 131.76003
264.6 2.0 132.3
263.25006 2.0 131.62503
261.63 2.0 130.815
263.25 2.0 131.625
261.90002 2.0 130.95001
262.98004 2.0 131.49002
260.28 2.0 130.14
260.28003 2.0 130.14001
264.33002 2.0 132.16501
264.33002 2.0 132.16501
262.98 2.0 131.49
262.71002 2.0 131.35501
262.44003 2.0 131.22002
263.79004 2.0 131.89502
261.63004 2.0 130.81502
261.63 2.0 130.815
265.68002 2.0 132.84001
265.14 2.0 132.57
262.98004 2.0 131.49002
393.39 3.0 131.13
396.3601 3.0 132.12004
395.82007 3.0 131.94002
394.47003 3.0 131.49
395.82007 3.0 131.94002
393.6601 3.0 131.22003
396.36008 3.0 132.12003
395.2801 3.0 131.76003
392.58005 3.0 130.86002
396.36008 3.0 132.12003
394.47006 3.0 131.49002
394.2 3.0 131.40001
392.85004 3.0 130.95001
395.55005 3.0 131.85002
395.82007 3.0 131.94002
395.2801 3.0 131.76003
395.55005 3.0 131.85002
396.09003 3.0 132.03001
390.42004 3.0 130.14001
396.09003 3.0 132.03001
393.12006 3.0 131.04002
396.63007 3.0 132.21002
396.90005 3.0 132.30002
395.28012 3.0 131.76004
395.55005 3.0 131.85002
394.4701 3.0 131.49004
393.93008 3.0 131.31003
395.2801 3.0 131.76003
393.12003 3.0 131.04001
394.2 3.0 131.40001
395.82007 3.0 131.94002
395.82007 3.0 131.94002
394.47006 3.0 131.49002
393.12 3.0 131.04
395.8201 3.0 131.94003
395.28003 3.0 131.76001
395.5501 3.0 131.85004
392.03998 3.0 130.68
395.01 3.0 131.67
393.12003 3.0 131.04001
396.0901 3.0 132.03003
525.96 4.0 131.49
522.18005 4.0 130.54501
524.34 4.0 131.085
526.2301 4.0 131.55753
524.88007 4.0 131.22002
527.5801 4.0 131.89502
525.69006 4.0 131.42252
528.66003 4.0 132.16501
522.4501 4.0 130.61252
524.61005 4.0 131.15251
521.91003 4.0 130.47751
526.2301 4.0 131.55753
524.07 4.0 131.0175
524.33997 4.0 131.08499
527.57996 4.0 131.89499
521.63995 4.0 130.40999
523.2601 4.0 130.81502
521.9101 4.0 130.47752
525.42004 4.0 131.35501
522.99005 4.0 130.74751
529.47003 4.0 132.36751
525.96 4.0 131.49
525.15 4.0 131.2875
522.9901 4.0 130.74753
522.18005 4.0 130.54501
520.5601 4.0 130.14003
522.99005 4.0 130.74751
524.34 4.0 131.085
521.1001 4.0 130.27502
524.34 4.0 131.085
527.30994 4.0 131.82748
525.42004 4.0 131.35501
524.0701 4.0 131.01753
524.33997 4.0 131.08499
526.5 4.0 131.625
525.96 4.0 131.49
521.63995 4.0 130.40999
526.50006 4.0 131.62502
524.61 4.0 131.1525
528.93 4.0 132.2325
523.8001 4.0 130.95003
655.56006 5.0 131.11201
659.61005 5.0 131.92201
656.91003 5.0 131.382
655.83 5.0 131.166
660.1501 5.0 132.03001
662.85 5.0 132.56999
654.48004 5.0 130.89601
653.39996 5.0 130.68
657.99 5.0 131.59799
653.9398 5.0 130.78796
657.44995 5.0 131.48999
659.07007 5.0 131.81401
658.53 5.0 131.70601
658.7999 5.0 131.75998
651.2401 5.0 130.24802
658.80005 5.0 131.76001
657.99 5.0 131.59799
655.83 5.0 131.166
658.80005 5.0 131.76001
657.99 5.0 131.59799
656.36993 5.0 131.27399
657.17993 5.0 131.43599
658.25995 5.0 131.652
655.83 5.0 131.166
653.67 5.0 130.734
657.44995 5.0 131.48999
658.80005 5.0 131.76001
658.80005 5.0 131.76001
662.85004 5.0 132.57
655.82996 5.0 131.16599
656.9101 5.0 131.38202
653.93994 5.0 130.788
654.20996 5.0 130.842
656.1001 5.0 131.22002
652.59 5.0 130.518
657.45 5.0 131.49
656.0999 5.0 131.21999
657.72003 5.0 131.544
657.72 5.0 131.54399
662.03986 5.0 132.40797
658.53 5.0 131.70601
788.66986 6.0 131.44498
781.38007 6.0 130.23001
785.9698 6.0 130.99496
787.05005 6.0 131.175
789.20996 6.0 131.53499
787.58997 6.0 131.265
791.36993 6.0 131.89499
785.1599 6.0 130.85999
781.6499 6.0 130.27498
788.13007 6.0 131.35501
788.9398 6.0 131.48997
785.9701 6.0 130.99501
786.24 6.0 131.04
785.6999 6.0 130.94998
786.24 6.0 131.04
785.97 6.0 130.995
783.80994 6.0 130.635
788.9398 6.0 131.48997
793.7999 6.0 132.29999
786.24 6.0 131.04
786.78015 6.0 131.13002
790.82996 6.0 131.805
787.85986 6.0 131.30998
786.51 6.0 131.085
793.53015 6.0 132.25502
789.7498 6.0 131.62497
785.7001 6.0 130.95001
791.37 6.0 131.895
793.5299 6.0 132.25499
787.32 6.0 131.22
787.0498 6.0 131.17497
785.6999 6.0 130.94998
787.32 6.0 131.22
788.3999 6.0 131.39998
784.61993 6.0 130.76999
782.9999 6.0 130.49998
788.13 6.0 131.355
789.20996 6.0 131.53499
792.44995 6.0 132.075
782.19006 6.0 130.365
788.39966 6.0 131.39995
924.20966 7.0 132.02995
921.78 7.0 131.68286
918.5399 7.0 131.21999
920.96985 7.0 131.56712
916.37976 7.0 130.91139
917.99976 7.0 131.14282
918.0 7.0 131.14285
921.23975 7.0 131.60568
911.2499 7.0 130.17856
918.26965 7.0 131.18138
919.07996 7.0 131.29713
915.2998 7.0 130.75711
919.07983 7.0 131.29712
916.9197 7.0 130.98853
911.5196 7.0 130.21709
917.99976 7.0 131.14282
920.1598 7.0 131.4514
917.99976 7.0 131.14282
916.1096 7.0 130.8728
914.7598 7.0 130.67998
916.3799 7.0 130.9114
917.45984 7.0 131.06569
921.5097 7.0 131.64424
920.15967 7.0 131.45139
924.20996 7.0 132.03
918.80994 7.0 131.25856
922.5898 7.0 131.79854
919.8899 7.0 131.41284
917.9999 7.0 131.14284
917.72974 7.0 131.10425
918.80994 7.0 131.25856
917.4597 7.0 131.06567
919.0796 7.0 131.29709
915.29987 7.0 130.75713
919.3496 7.0 131.33566
916.6498 7.0 130.94997
919.07983 7.0 131.29712
922.31995 7.0 131.76
917.73 7.0 131.10428
914.4899 7.0 130.64142
919.8898 7.0 131.41283
1052.9995 8.0 131.62494
1049.2196 8.0 131.15245
1049.4896 8.0 131.1862
1048.9496 8.0 131.1187
1052.7297 8.0 131.59122
1049.4895 8.0 131.18619
1053.5398 8.0 131.69247
1042.2 8.0 130.275
1042.4695 8.0 130.30869
1050.8397 8.0 131.35497
1052.7299 8.0 131.59123
1053.2698 8.0 131.65872
1050.8396 8.0 131.35495
1046.7899 8.0 130.84874
1056.7798 8.0 132.09747
1048.4098 8.0 131.05122
1048.1395 8.0 131.01744
1047.3293 8.0 130.91617
1054.3494 8.0 131.79367
1048.9496 8.0 131.1187
1053.5398 8.0 131.69247
1045.7097 8.0 130.71371
1050.0295 8.0 131.2537
1051.1097 8.0 131.38872
1056.7798 8.0 132.09747
1055.1598 8.0 131.89497
1047.5999 8.0 130.94998
1053.8097 8.0 131.72621
1050.57 8.0 131.32124
1051.1096 8.0 131.3887
1042.4695 8.0 130.30869
1052.19 8.0 131.52374
1048.1396 8.0 131.01746
1046.5198 8.0 130.81497
1043.8196 8.0 130.47745
1051.1096 8.0 131.3887
1049.7595 8.0 131.21994
1044.6296 8.0 130.5787
1047.0598 8.0 130.88248
1049.2197 8.0 131.15247
1056.5098 8.0 132.06372
1177.4697 9.0 130.82997
1178.0095 9.0 130.88995
1183.9495 9.0 131.54994
1178.8193 9.0 130.97992
1176.1193 9.0 130.67992
1182.0598 9.0 131.33998
1182.0597 9.0 131.33997
1179.0894 9.0 131.00993
1176.1194 9.0 130.67993
1180.4395 9.0 131.15994
1179.6295 9.0 131.06995
1175.5796 9.0 130.61995
1176.1193 9.0 130.67992
1183.4099 9.0 131.48999
1183.9496 9.0 131.54996
1185.8394 9.0 131.75993
1178.0094 9.0 130.88994
1175.0394 9.0 130.55994
1185.0297 9.0 131.66997
1177.4696 9.0 130.82996
1181.2498 9.0 131.24997
1181.2495 9.0 131.24994
1184.4896 9.0 131.60995
1175.3098 9.0 130.58998
1183.4095 9.0 131.48994
1186.3795 9.0 131.81995
1177.7393 9.0 130.85992
1178.5496 9.0 130.94995
1177.1996 9.0 130.79996
1180.9796 9.0 131.21996
1180.7095 9.0 131.18994
1185.5695 9.0 131.72993
1184.7595 9.0 131.63995
1178.2795 9.0 130.91995
1180.7096 9.0 131.18996
1176.3896 9.0 130.70996
1181.2496 9.0 131.24995
1178.2795 9.0 130.91995
1177.1995 9.0 130.79994
1176.1194 9.0 130.67993
1183.1395 9.0 131.45995
1136.6995 10.0 113.669945
1117.7997 10.0 111.77997
1119.1497 10.0 111.91496
1032.7496 10.0 103.27496
1035.4498 10.0 103.54498
1043.0098 10.0 104.30098
1088.0995 10.0 108.809944
1097.2797 10.0 109.72797
1102.1396 10.0 110.21396
1123.1996 10.0 112.31996
1125.8998 10.0 112.58997
1126.9797 10.0 112.69797
1119.1494 10.0 111.91495
1131.5695 10.0 113.156944
1147.2294 10.0 114.72294
1097.2797 10.0 109.72797
1076.7595 10.0 107.67596
1061.9099 10.0 106.19099
1111.8597 10.0 111.185974
1109.4298 10.0 110.942986
1168.8296 10.0 116.882965
1104.5692 10.0 110.456924
1086.7498 10.0 108.67498
1069.2 10.0 106.91999
1103.2198 10.0 110.32198
1131.5696 10.0 113.15696
1089.9899 10.0 108.998985
1083.2397 10.0 108.323975
1094.8497 10.0 109.48498
1072.1697 10.0 107.216965
1085.3998 10.0 108.53998
1087.0198 10.0 108.70198
1044.6296 10.0 104.46296
1096.1998 10.0 109.61998
1089.7202 10.0 108.972015
1151.8196 10.0 115.18195
1129.4094 10.0 112.94094
1161.8096 10.0 116.180954
1138.8596 10.0 113.885956
1110.5095 10.0 111.05095
1121.3097 10.0 112.130974
1111.0496 11.0 101.00451
1105.6497 11.0 100.51361
1089.7197 11.0 99.06543
1072.1698 11.0 97.46998
1093.7701 11.0 99.43365
1100.7896 11.0 100.07178
1129.9498 11.0 102.72271
1103.2195 11.0 100.29268
1095.9296 11.0 99.62996
1057.0497 11.0 96.09543
1091.3398 11.0 99.21271
1122.3901 11.0 102.03546
1192.8593 11.0 108.44175
1172.8798 11.0 106.625435
1152.8997 11.0 104.80906
1154.7897 11.0 104.98088
1117.7998 11.0 101.618164
1097.01 11.0 99.72818
1074.5996 11.0 97.69087
1104.5695 11.0 100.415405
1132.3798 11.0 102.94361
1086.4797 11.0 98.77088
1054.3499 11.0 95.84999
1080.2694 11.0 98.20631
1101.0598 11.0 100.096344
1178.0095 11.0 107.091774
1164.7797 11.0 105.88906
1173.6892 11.0 106.69902
1130.4895 11.0 102.771774
1151.8197 11.0 104.710884
1159.9197 11.0 105.44724
1162.0798 11.0 105.643616
1154.5197 11.0 104.95634
1159.6497 11.0 105.4227
1115.0996 11.0 101.37269
1116.4497 11.0 101.49542
1001.96967 11.0 91.08815
1055.97 11.0 95.99727
1122.3896 11.0 102.03542
1143.1799 11.0 103.925446
1165.8597 11.0 105.98725
1074.8696 12.0 89.57247
1082.1594 12.0 90.17995
1073.2498 12.0 89.437485
1055.16 12.0 87.93
1099.4396 12.0 91.619965
1103.2198 12.0 91.93499
1101.8698 12.0 91.82248
1043.2797 12.0 86.93997
1045.7097 12.0 87.14248
1072.1699 12.0 89.34749
1151.5497 12.0 95.96247
1139.6698 12.0 94.97248
1132.6494 12.0 94.38745
1044.8999 12.0 87.075
1032.21 12.0 86.017494
1028.1597 12.0 85.67997
1069.4702 12.0 89.12252
1123.7393 12.0 93.644936
1125.6299 12.0 93.80249
1116.4497 12.0 93.037476
1077.0295 12.0 89.752464
1093.4996 12.0 91.12497
1083.5098 12.0 90.29248
1062.9902 12.0 88.58252
1060.8297 12.0 88.40247
1088.6395 12.0 90.71996
1059.4795 12.0 88.28996
1151.5497 12.0 95.96247
1129.6799 12.0 94.13999
1060.02 12.0 88.335
990.6299 12.0 82.55249
1055.6998 12.0 87.97498
1062.7197 12.0 88.55998
1047.5996 12.0 87.29997
1065.1494 12.0 88.76245
1011.14966 12.0 84.262474
1025.1901 12.0 85.4325
1066.2299 12.0 88.852486
1125.6301 12.0 93.802505
1100.7897 12.0 91.732475
1055.1602 12.0 87.93001
1071.8998 13.0 82.45383
1087.2898 13.0 83.63768
1089.1802 13.0 83.78309
1006.83014 13.0 77.44847
1071.0901 13.0 82.39155
1037.3396 13.0 79.79536
1111.32 13.0 85.48615
1114.2898 13.0 85.7146
1103.2197 13.0 84.86305
1115.9098 13.0 85.83922
1101.0596 13.0 84.69689
1076.76 13.0 82.8277
1073.2499 13.0 82.557686
1028.43 13.0 79.11
1026.8096 13.0 78.98535
1109.4297 13.0 85.340744
1094.0399 13.0 84.15691
1124.28 13.0 86.48308
1131.5695 13.0 87.04381
1109.4296 13.0 85.34074
1122.3895 13.0 86.337654
1078.1095 13.0 82.9315
1021.6797 13.0 78.590744
985.4998 13.0 75.80768
1081.6196 13.0 83.20151
1088.6396 13.0 83.741516
1068.12 13.0 82.16308
1029.51 13.0 79.19308
1062.1797 13.0 81.70613
1064.8798 13.0 81.913826
1078.1096 13.0 82.93151
1146.4196 13.0 88.18612
1080.5399 13.0 83.118454
1058.1298 13.0 81.3946
1028.6993 13.0 79.13072
1027.6201 13.0 79.0477
1079.4602 13.0 83.0354
1118.3395 13.0 86.026115
1148.0399 13.0 88.31076
1077.8397 13.0 82.91075
1180.71 13.0 90.823845
936.08997 14.0 66.86357
992.25024 14.0 70.875015
1009.52954 14.0 72.10925
1046.52 14.0 74.75143
1002.5102 14.0 71.60787
1021.1401 14.0 72.938576
1029.2399 14.0 73.517136
1057.8599 14.0 75.56142
1076.7601 14.0 76.91144
1068.12 14.0 76.29429
1008.4499 14.0 72.032135
1033.2898 14.0 73.80641
1008.17957 14.0 72.012825
1051.6503 14.0 75.117874
1067.8501 14.0 76.27501
1117.7999 14.0 79.84285
1105.9197 14.0 78.99426
1072.17 14.0 76.58357
1078.3799 14.0 77.02713
1043.28 14.0 74.520004
1060.5599 14.0 75.75428
1091.88 14.0 77.99143
1094.8501 14.0 78.20358
1090.2599 14.0 77.87571
1064.0702 14.0 76.00501
1042.1997 14.0 74.44283
1085.4004 14.0 77.528595
1085.9402 14.0 77.567154
1083.5101 14.0 77.39358
1026.5396 14.0 73.32426
1025.4598 14.0 73.24713
1078.1096 14.0 77.00783
1108.89 14.0 79.20643
1165.5895 14.0 83.25639
1149.1198 14.0 82.07998
1091.0698 14.0 77.93356
1091.6097 14.0 77.97212
1099.7098 14.0 78.550705
1120.2297 14.0 80.01641
1067.8499 14.0 76.274994
1105.3798 14.0 78.955696
1033.2902 15.000001 68.88601
1058.94 15.000001 70.59599
1062.7198 15.000001 70.847984
1087.56 15.000001 72.504
1030.0498 15.000001 68.66998
1064.8802 15.000001 70.99201
1116.72 15.000001 74.44799
1071.3599 15.000001 71.42399
936.63 15.000001 62.441998
1026.27 15.000001 68.418
1049.4901 15.000001 69.966
1006.29016 15.000001 67.086006
1068.12 15.000001 71.20799
1013.0398 15.000001 67.53598
1028.9705 15.000001 68.59802
1035.1796 15.000001 69.01196
973.34985 15.000001 64.889984
1024.3804 15.000001 68.29202
1081.89 15.000001 72.126
1079.1904 15.000001 71.94602
1030.5905 15.000001 68.706024
1006.5605 15.000001 67.10403
1050.3 15.000001 70.02
996.5695 15.000001 66.437965
1015.2001 15.000001 67.68
1056.2402 15.000001 70.41601
1072.98 15.000001 71.532
1027.8901 15.000001 68.526
1018.9799 15.000001 67.93199
1065.1503 15.000001 71.01002
1060.5598 15.000001 70.70398
1062.4501 15.000001 70.83
1063.5299 15.000001 70.90199
1103.2198 15.000001 73.54798
1094.58 15.000001 72.97199
1089.99 15.000001 72.66599
1062.72 15.000001 70.84799
1056.7798 15.000001 70.45198
1113.4796 15.000001 74.23197
1095.6595 15.000001 73.04397
1085.6699 15.000001 72.37799
1014.9298 16.0 63.433113
1045.7101 16.0 65.35688
1042.7405 16.0 65.17128
1049.22 16.0 65.57625
1136.1599 16.0 71.009995
993.3301 16.0 62.08313
994.6799 16.0 62.167492
1020.3302 16.0 63.770638
1028.7 16.0 64.29375
1026.0001 16.0 64.12501
970.11 16.0 60.631874
1065.1501 16.0 66.571884
1074.06 16.0 67.12875
1120.2297 16.0 70.01436
1118.3397 16.0 69.89623
1072.7101 16.0 67.04438
1058.1299 16.0 66.13312
1045.1702 16.0 65.323135
949.59015 16.0 59.349384
1014.9299 16.0 63.433117
1064.8804 16.0 66.55502
1073.7902 16.0 67.111885
1057.0498 16.0 66.06561
1054.0801 16.0 65.880005
1068.9299 16.0 66.80812
1046.79 16.0 65.42438
1048.4097 16.0 65.525604
1122.1199 16.0 70.13249
1078.1096 16.0 67.38185
1061.6399 16.0 66.35249
1121.04 16.0 70.065
1085.4004 16.0 67.837524
1035.4504 16.0 64.71565
1059.7498 16.0 66.23436
1040.3102 16.0 65.01939
1011.4198 16.0 63.213737
1057.0499 16.0 66.06562
978.7501 16.0 61.171883
1033.8303 16.0 64.614395
1075.1399 16.0 67.19624
1002.2404 16.0 62.640026
1138.5898 17.0 66.975876
1104.5698 17.0 64.97469
991.4403 17.0 58.32002
992.78955 17.0 58.399384
1003.59045 17.0 59.034733
1001.69965 17.0 58.923508
976.3198 17.0 57.430576
973.35 17.0 57.255882
1126.71 17.0 66.277054
1026.2701 17.0 60.36883
1084.3201 17.0 63.78353
1086.2102 17.0 63.894714
1103.22 17.0 64.895294
1038.1504 17.0 61.06767
1088.6396 17.0 64.03763
1068.9298 17.0 62.878223
1024.3799 17.0 60.25764
1132.9203 17.0 66.64237
1066.5 17.0 62.735294
1016.82 17.0 59.812943
1040.3097 17.0 61.19469
1053.54 17.0 61.972942
1048.9501 17.0 61.702946
1030.8601 17.0 60.63883
1043.28 17.0 61.36941
952.29016 17.0 56.017067
1041.3896 17.0 61.258213
1057.8602 17.0 62.227074
1060.8303 17.0 62.401787
1039.5002 17.0 61.14707
1011.4199 17.0 59.49529
990.6299 17.0 58.272346
964.98047 17.0 56.763557
1048.6804 17.0 61.68708
1064.8801 17.0 62.64001
1019.7902 17.0 59.98766
1027.6201 17.0 60.448242
1026.27 17.0 60.368824
997.1099 17.0 58.653526
947.7001 17.0 55.747063
1035.1798 17.0 60.892933
1035.1804 18.0 57.51002
990.63007 18.0 55.035004
997.11053 18.0 55.39503
1004.40015 18.0 55.800007
1070.8206 18.0 59.49003
1045.98 18.0 58.11
957.6905 18.0 53.20503
1044.9001 18.0 58.05001
1047.6001 18.0 58.200005
1000.8899 18.0 55.604996
1115.3699 18.0 61.964996
1000.3502 18.0 55.575012
1050.5702 18.0 58.365013
1008.98987 18.0 56.054993
1066.5 18.0 59.25
1004.9396 18.0 55.829975
1098.0896 18.0 61.004974
1049.7601 18.0 58.320007
1103.2197 18.0 61.289986
1039.5005 18.0 57.750027
1063.8 18.0 59.100006
1020.3299 18.0 56.684994
1035.7207 18.0 57.54004
1011.68994 18.0 56.204998
989.0105 18.0 54.945026
1000.3496 18.0 55.574978
1025.7299 18.0 56.98499
1023.57007 18.0 56.865005
987.66016 18.0 54.87001
1071.0902 18.0 59.50501
987.9302 18.0 54.88501
1103.4904 18.0 61.30502
944.46014 18.0 52.47001
1034.6404 18.0 57.48002
1010.88025 18.0 56.160015
1019.25024 18.0 56.625015
1013.5801 18.0 56.310005
1034.9103 18.0 57.495014
1060.5604 18.0 58.920025
1054.6201 18.0 58.590008
1072.7096 18.0 59.594975
1006.02014 19.0 52.94843
964.1704 19.0 50.74581
1006.02014 19.0 52.94843
945.0001 19.0 49.736847
922.58984 19.0 48.55736
1026.2701 19.0 54.014217
1058.4004 19.0 55.705284
1030.8597 19.0 54.255775
974.4297 19.0 51.285774
1030.3204 19.0 54.22739
993.06036 19.0 52.266335
1017.63025 19.0 53.559486
1050.3007 19.0 55.278984
1040.8501 19.0 54.781586
960.1202 19.0 50.532642
1027.62 19.0 54.085262
987.93 19.0 51.996315
1137.2402 19.0 59.854748
952.56055 19.0 50.134766
1015.2001 19.0 53.431583
1022.4901 19.0 53.81527
976.05054 19.0 51.371082
1077.57 19.0 56.714207
959.58044 19.0 50.504234
960.1199 19.0 50.532623
989.55023 19.0 52.081593
1020.8701 19.0 53.730007
972.5404 19.0 51.186337
1054.3499 19.0 55.492096
999.5396 19.0 52.60735
934.74036 19.0 49.19686
1083.5096 19.0 57.02682
1063.7997 19.0 55.98946
998.9995 19.0 52.578922
1011.1503 19.0 53.218437
1050.0309 19.0 55.264782
1072.4404 19.0 56.444233
1008.99036 19.0 53.104755
1054.0803 19.0 55.47791
1003.86 19.0 52.834736
977.6701 19.0 51.45632
980.3704 20.0 49.01852
1017.36035 20.0 50.86802
1018.7102 20.0 50.93551
1043.8198 20.0 52.19099
971.4603 20.0 48.573017
1008.1805 20.0 50.409023
1019.25024 20.0 50.962513
1053.27 20.0 52.663498
1102.4099 20.0 55.120495
1009.80005 20.0 50.49
1064.6107 20.0 53.230537
997.1101 20.0 49.855507
966.8702 20.0 48.34351
942.5703 20.0 47.128517
1000.6198 20.0 50.03099
1032.4802 20.0 51.62401
1007.1001 20.0 50.355003
1044.3596 20.0 52.217983
1041.9302 20.0 52.09651
989.82043 20.0 49.49102
984.1504 20.0 49.20752
1031.3994 20.0 51.56997
983.34076 20.0 49.167038
1002.7805 20.0 50.139027
1062.1804 20.0 53.10902
1013.84985 20.0 50.692493
1073.25 20.0 53.6625
1041.9302 20.0 52.096508
1018.4403 20.0 50.922016
1051.6506 20.0 52.58253
1040.5803 20.0 52.029015
1028.1599 20.0 51.407997
1077.3002 20.0 53.86501
1006.8307 20.0 50.341534
1066.7701 20.0 53.338505
1020.87024 20.0 51.04351
988.2002 20.0 49.41001
1086.4802 20.0 54.32401
1080.2704 20.0 54.01352
995.22034 20.0 49.761017
960.6599 20.0 48.032997
1053.2701 21.0 50.155724
943.6499 21.0 44.93571
1021.41034 21.0 48.638588
921.7801 21.0 43.89429
951.4799 21.0 45.308567
982.8007 21.0 46.800034
990.08997 21.0 47.14714
946.35034 21.0 45.0643
968.76013 21.0 46.131435
983.88007 21.0 46.851433
1020.3305 21.0 48.587166
972.2702 21.0 46.29858
988.47034 21.0 47.070015
1052.1908 21.0 50.104324
1023.3001 21.0 48.728577
965.79 21.0 45.989998
1093.2305 21.0 52.058594
1012.7706 21.0 48.227173
1012.7704 21.0 48.22716
1067.3107 21.0 50.824318
1050.84 21.0 50.04
991.4405 21.0 47.211452
1053.2701 21.0 50.155724
966.60004 21.0 46.028572
912.8705 21.0 43.470024
1068.1206 21.0 50.862885
938.7902 21.0 44.704296
1005.2102 21.0 47.867153
1037.8802 21.0 49.42287
1007.37085 21.0 47.97004
946.89014 21.0 45.090008
1019.7904 21.0 48.561447
1024.1102 21.0 48.767155
1011.9606 21.0 48.1886
976.59 21.0 46.504288
1014.9303 21.0 48.330013
917.19006 21.0 43.675716
1014.12036 21.0 48.291447
1031.3993 21.0 49.114254
1007.91 21.0 47.995712
986.31036 21.0 46.96716
940.4104 22.0 42.745926
1020.6003 22.0 46.390923
919.07983 22.0 41.776356
1039.2301 22.0 47.237732
1011.9606 22.0 45.998207
1005.75006 22.0 45.71591
978.7505 22.0 44.48866
1012.23035 22.0 46.01047
991.17084 22.0 45.05322
978.21045 22.0 44.46411
1042.2 22.0 47.372723
1011.4199 22.0 45.973633
1035.18 22.0 47.05364
1002.51025 22.0 45.56865
1012.50024 22.0 46.02274
987.9303 22.0 44.905922
889.38025 22.0 40.426376
963.0906 22.0 43.776844
1028.1604 22.0 46.734562
997.9201 22.0 45.360004
969.8398 22.0 44.083626
980.1004 22.0 44.55002
1032.2103 22.0 46.91865
990.09015 22.0 45.004097
1012.77057 22.0 46.035027
1004.4005 22.0 45.654568
973.0799 22.0 44.230904
945.2708 22.0 42.966854
1006.02057 22.0 45.728207
986.04016 22.0 44.820007
930.95996 22.0 42.31636
960.93036 22.0 43.678654
1015.73987 22.0 46.169994
970.92053 22.0 44.13275
950.4 22.0 43.2
952.02014 22.0 43.273643
919.6206 22.0 41.800938
1037.6104 22.0 47.16411
1012.23035 22.0 46.01047
986.8498 22.0 44.856808
964.98004 22.0 43.86273
995.7604 23.0 43.29393
955.53033 23.0 41.544796
1004.94006 23.0 43.693047
1019.52014 23.0 44.32696
876.96045 23.0 38.128716
1004.13025 23.0 43.657837
943.3807 23.0 41.016552
956.8805 23.0 41.6035
1012.49994 23.0 44.021736
964.1703 23.0 41.92045
991.9803 23.0 43.129578
993.6002 23.0 43.20001
1025.7303 23.0 44.596973
1016.2802 23.0 44.186096
992.25006 23.0 43.141308
952.56 23.0 41.415653
1011.9603 23.0 43.998276
978.2103 23.0 42.530884
986.85016 23.0 42.90653
922.3205 23.0 40.10089
935.8203 23.0 40.68784
872.6401 23.0 37.940872
919.61993 23.0 39.983475
926.64 23.0 40.288696
1032.2104 23.0 44.878716
957.4201 23.0 41.62696
994.95056 23.0 43.25872
921.5107 23.0 40.06568
945.27014 23.0 41.0987
973.3501 23.0 42.31957
901.8003 23.0 39.20871
1011.4203 23.0 43.974796
990.09033 23.0 43.047405
986.3107 23.0 42.883076
1019.7905 23.0 44.33872
1008.72046 23.0 43.85741
969.3001 23.0 42.143482
974.4301 23.0 42.366528
946.62 23.0 41.15739
1004.1298 23.0 43.657818
1035.7202 23.0 45.031315
967.4097 24.0 40.30874
928.8002 24.0 38.70001
1078.9202 24.0 44.95501
952.29034 24.0 39.678764
960.66016 24.0 40.027508
1018.1702 24.0 42.42376
870.4803 24.0 36.27001
940.6802 24.0 39.195007
983.3407 24.0 40.97253
1035.1802 24.0 43.132507
925.8302 24.0 38.57626
932.5807 24.0 38.85753
950.4005 24.0 39.60002
998.1908 24.0 41.59128
926.3701 24.0 38.598755
909.63007 24.0 37.901253
985.5005 24.0 41.06252
968.7611 24.0 40.365047
964.7103 24.0 40.196262
949.8602 24.0 39.57751
942.0305 24.0 39.25127
956.88025 24.0 39.87001
933.1205 24.0 38.88002
974.7008 24.0 40.612534
949.5903 24.0 39.56626
954.4506 24.0 39.768776
940.4098 24.0 39.183743
1042.4702 24.0 43.43626
992.25037 24.0 41.343765
995.22015 24.0 41.467506
968.75995 24.0 40.364998
961.7411 24.0 40.072544
943.65 24.0 39.318752
915.3002 24.0 38.13751
979.0201 24.0 40.792503
937.71045 24.0 39.07127
981.7201 24.0 40.905003
931.2306 24.0 38.801273
874.5304 24.0 36.438766
961.4701 24.0 40.061253
978.2106 24.0 40.758774
915.57074 25.0 36.62283
989.2806 25.0 39.571224
971.73016 25.0 38.869205
970.65 25.0 38.826
987.6601 25.0 39.506405
989.2805 25.0 39.57122
944.19 25.0 37.7676
1012.50037 25.0 40.500015
958.5003 25.0 38.34001
967.41046 25.0 38.69642
970.6502 25.0 38.826008
931.23016 25.0 37.249207
937.44037 25.0 37.497616
970.1102 25.0 38.80441
927.72046 25.0 37.108818
937.44086 25.0 37.497635
918.8102 25.0 36.752407
998.4607 25.0 39.938427
935.8201 25.0 37.432804
918.54016 25.0 36.741608
945.81024 25.0 37.83241
963.0905 25.0 38.52362
943.6507 25.0 37.74603
885.87054 25.0 35.434822
891.5402 25.0 35.66161
930.9604 25.0 37.238415
950.40076 25.0 38.01603
1031.9404 25.0 41.27762
969.0302 25.0 38.761208
932.31067 25.0 37.292427
995.49 25.0 39.8196
994.4105 25.0 39.77642
983.3401 25.0 39.333603
970.1101 25.0 38.804405
938.5205 25.0 37.54082
949.8606 25.0 37.994423
932.8503 25.0 37.31401
949.5902 25.0 37.98361
900.9901 25.0 36.039604
990.0906 25.0 39.603622
1020.8705 25.0 40.83482
895.8604 26.0 34.45617
974.97 26.0 37.498844
940.1406 26.0 36.159256
930.4202 26.0 35.785393
888.8404 26.0 34.18617
937.7097 26.0 36.065758
967.9506 26.0 37.22887
966.33057 26.0 37.16656
853.2004 26.0 32.8154
929.8805 26.0 35.764633
953.37006 26.0 36.66808
916.65045 26.0 35.255787
915.0305 26.0 35.19348
914.2207 26.0 35.162334
979.5604 26.0 37.6754
993.6002 26.0 38.215393
947.7006 26.0 36.450024
957.1505 26.0 36.81348
1000.0805 26.0 38.464634
910.71063 26.0 35.027332
944.18994 26.0 36.315
1003.3207 26.0 38.589256
946.8897 26.0 36.418835
940.4102 26.0 36.169624
933.3903 26.0 35.899628
1018.4407 26.0 39.170795
945.00085 26.0 36.346188
916.11 26.0 35.235
967.95056 26.0 37.228867
919.0806 26.0 35.349255
930.1505 26.0 35.77502
960.1207 26.0 36.92772
877.5005 26.0 33.75002
1042.7404 26.0 40.105396
921.24023 26.0 35.432316
966.0601 26.0 37.15616
949.59045 26.0 36.52271
909.9003 26.0 34.996166
1015.74023 26.0 39.066933
973.62006 26.0 37.446926
961.20056 26.0 36.969254
957.4202 27.000002 35.460007
949.5908 27.000002 35.17003
907.7404 27.000002 33.620014
944.19 27.000002 34.969997
879.66095 27.000002 32.580032
936.09045 27.000002 34.670013
981.7203 27.000002 36.36001
975.24036 27.000002 36.12001
981.1805 27.000002 36.340015
902.3401 27.000002 33.420002
952.56085 27.000002 35.28003
977.4002 27.000002 36.200005
933.1207 27.000002 34.560024
922.0501 27.000002 34.15
882.9004 27.000002 32.700012
919.62 27.000002 34.059998
926.91003 27.000002 34.329998
976.3204 27.000002 36.16001
882.63 27.000002 32.69
981.9905 27.000002 36.370014
937.1705 27.000002 34.710014
951.21014 27.000002 35.230003
953.91095 27.000002 35.330032
865.0802 27.000002 32.040005
883.71045 27.000002 32.730015
932.31067 27.000002 34.53002
887.7604 27.000002 32.880013
914.7608 27.000002 33.880028
948.5101 27.000002 35.13
960.12054 27.000002 35.560017
944.7304 27.000002 34.990013
953.9108 27.000002 35.33003
898.8302 27.000002 33.290005
971.73083 27.000002 35.99003
967.9503 27.000002 35.85001
957.69073 27.000002 35.470024
901.53094 27.000002 33.390034
965.79047 27.000002 35.770016
878.31024 27.000002 32.530006
904.7705 27.000002 33.510017
903.96045 27.000002 33.480015
911.7907 28.0 32.563953
986.3103 28.0 35.22537
935.01013 28.0 33.39322
905.31024 28.0 32.332508
955.53033 28.0 34.126083
976.05084 28.0 34.85896
964.7107 28.0 34.453953
969.8401 28.0 34.637146
941.2207 28.0 33.615025
914.22034 28.0 32.650726
899.9104 28.0 32.139656
905.3101 28.0 32.332504
913.95074 28.0 32.641098
895.3206 28.0 31.975737
871.0203 28.0 31.107868
969.84106 28.0 34.63718
967.9504 28.0 34.569656
978.4803 28.0 34.945724
917.19086 28.0 32.756817
887.4907 28.0 31.696096
948.7808 28.0 33.88503
957.15063 28.0 34.183952
921.51013 28.0 32.911076
922.0505 28.0 32.930374
946.8904 28.0 33.817513
913.411 28.0 32.621822
991.44055 28.0 35.408592
897.4804 28.0 32.05287
847.26044 28.0 30.259302
914.4905 28.0 32.660374
851.58057 28.0 30.413591
932.5807 28.0 33.306454
923.131 28.0 32.968964
962.5497 28.0 34.376774
971.46045 28.0 34.695015
883.981 28.0 31.570751
974.1603 28.0 34.79144
958.2302 28.0 34.222507
878.8506 28.0 31.387522
919.89014 28.0 32.853218
950.40137 28.0 33.942905
896.6707 29.0 30.91968
976.05096 29.0 33.65693
903.1509 29.0 31.143133
920.9702 29.0 31.757593
944.4604 29.0 32.5676
825.1201 29.0 28.452417
926.1004 29.0 31.934496
949.0503 29.0 32.725872
863.7306 29.0 29.783813
902.0703 29.0 31.105873
979.83057 29.0 33.787262
869.40027 29.0 29.97932
862.9198 29.0 29.755856
943.6502 29.0 32.53966
895.86066 29.0 30.891747
940.6802 29.0 32.43725
981.99066 29.0 33.861748
855.0905 29.0 29.48588
925.83057 29.0 31.925192
927.45044 29.0 31.98105
890.7308 29.0 30.714853
959.5804 29.0 33.088978
902.6102 29.0 31.12449
933.66077 29.0 32.195198
914.49054 29.0 31.534157
925.2905 29.0 31.90657
977.40027 29.0 33.703457
905.31024 29.0 31.217594
927.45044 29.0 31.981049
858.60004 29.0 29.606897
877.7705 29.0 30.267948
932.58105 29.0 32.157967
971.4605 29.0 33.49864
923.6706 29.0 31.85071
901.53046 29.0 31.087257
910.1701 29.0 31.385176
941.76 29.0 32.474483
944.19104 29.0 32.55831
909.63074 29.0 31.366577
931.77045 29.0 32.130016
873.99036 29.0 30.137598
893.1607 30.000002 29.772022
905.3108 30.000002 30.177025
909.0907 30.000002 30.30302
873.45044 30.000002 29.115013
899.10004 30.000002 29.97
904.5003 30.000002 30.150007
859.4097 30.000002 28.64699
881.0108 30.000002 29.367025
933.3907 30.000002 31.11302
808.9202 30.000002 26.964006
849.9607 30.000002 28.332022
878.0403 30.000002 29.268007
897.75055 30.000002 29.925016
845.37036 30.000002 28.17901
867.5107 30.000002 28.91702
941.4909 30.000002 31.383028
929.071 30.000002 30.96903
903.15076 30.000002 30.105022
956.34076 30.000002 31.878023
920.4305 30.000002 30.681013
955.5309 30.000002 31.851028
908.54974 30.000002 30.28499
937.9802 30.000002 31.266006
894.5103 30.000002 29.817009
922.0508 30.000002 30.735023
872.9104 30.000002 29.097012
916.9205 30.000002 30.564014
901.5305 30.000002 30.051016
883.9802 30.000002 29.466005
896.67084 30.000002 29.889027
897.4804 30.000002 29.916012
949.86127 30.000002 31.66204
915.5708 30.000002 30.519024
1004.6701 30.000002 33.489002
884.2508 30.000002 29.475025
980.6404 30.000002 32.68801
910.98016 30.000002 30.366003
901.8003 30.000002 30.060007
979.2907 30.000002 32.64302
930.6905 30.000002 31.023014
889.3806 30.000002 29.646019
848.88025 31.0 27.383234
892.35065 31.0 28.785505
863.46063 31.0 27.853569
837.8108 31.0 27.026155
912.33075 31.0 29.430025
890.4602 31.0 28.724524
922.05096 31.0 29.74358
926.3708 31.0 29.882929
938.2507 31.0 30.266151
840.2402 31.0 27.10452
937.71075 31.0 30.248734
952.83093 31.0 30.736483
894.77997 31.0 28.86387
890.7306 31.0 28.733244
902.3406 31.0 29.107761
872.3708 31.0 28.140993
866.9705 31.0 27.966791
860.7599 31.0 27.766447
845.6404 31.0 27.278723
887.76074 31.0 28.637444
946.8906 31.0 30.544859
902.87976 31.0 29.125154
836.7305 31.0 26.991308
933.1207 31.0 30.100668
896.9408 31.0 28.933575
876.15045 31.0 28.262918
918.0009 31.0 29.612932
915.0303 31.0 29.517105
884.7904 31.0 28.541626
923.4011 31.0 29.787132
917.1903 31.0 29.586784
934.7407 31.0 30.152927
935.01074 31.0 30.161636
939.0604 31.0 30.292273
895.05096 31.0 28.872612
917.731 31.0 29.604227
886.41077 31.0 28.593895
868.05096 31.0 28.001644
926.10046 31.0 29.874208
930.68994 31.0 30.022257
899.1005 31.0 29.003242
851.58044 32.0 26.611889
924.75085 32.0 28.898464
889.38055 32.0 27.793142
835.65027 32.0 26.11407
889.9199 32.0 27.809998
897.7503 32.0 28.054697
886.68066 32.0 27.70877
849.1507 32.0 26.53596
892.08044 32.0 27.877514
910.4404 32.0 28.451263
935.55066 32.0 29.235958
894.7806 32.0 27.961893
905.0404 32.0 28.282513
899.10077 32.0 28.096899
903.4204 32.0 28.231888
880.4705 32.0 27.514704
867.78064 32.0 27.118145
841.86035 32.0 26.308136
859.41046 32.0 26.856577
935.55115 32.0 29.235973
879.39014 32.0 27.480942
892.6209 32.0 27.894403
848.88074 32.0 26.527523
925.56006 32.0 28.923752
901.8003 32.0 28.18126
871.2902 32.0 27.22782
885.86993 32.0 27.683435
942.3003 32.0 29.446884
862.921 32.0 26.966282
819.4503 32.0 25.607822
903.96094 32.0 28.24878
894.7809 32.0 27.961903
869.4004 32.0 27.168762
878.3104 32.0 27.4472
871.0206 32.0 27.219395
830.79016 32.0 25.962193
895.5908 32.0 27.987213
882.63025 32.0 27.582195
830.2505 32.0 25.945328
864.54083 32.0 27.016901
816.4799 32.0 25.514997
923.4001 33.0 27.981821
869.13043 33.0 26.337286
896.6704 33.0 27.171831
934.47046 33.0 28.317287
825.11993 33.0 25.003633
888.5705 33.0 26.926378
862.11053 33.0 26.124561
873.99036 33.0 26.484556
871.02026 33.0 26.394554
852.1204 33.0 25.82183
798.3903 33.0 24.193645
922.32104 33.0 27.949123
821.61053 33.0 24.89729
812.4303 33.0 24.6191
858.6002 33.0 26.018188
811.08057 33.0 24.5782
866.1608 33.0 26.247297
840.24054 33.0 25.461834
947.4308 33.0 28.710024
816.4805 33.0 24.741835
943.92096 33.0 28.603666
860.7603 33.0 26.083647
889.9206 33.0 26.96729
837.5406 33.0 25.380018
875.0703 33.0 26.517282
871.56055 33.0 26.410925
846.45013 33.0 25.650003
880.2001 33.0 26.67273
872.3704 33.0 26.435467
886.6808 33.0 26.869114
875.8804 33.0 26.54183
882.62976 33.0 26.746357
838.8909 33.0 25.420937
873.1803 33.0 26.460009
887.2207 33.0 26.885475
855.09033 33.0 25.911829
956.3402 33.0 28.980007
876.69055 33.0 26.56638
900.1805 33.0 27.278196
913.1402 33.0 27.670916
909.36017 33.0 27.556368
860.76074 34.0 25.316492
839.9702 34.0 24.705006
840.51044 34.0 24.720896
890.46045 34.0 26.190014
801.63 34.0 23.577353
863.4606 34.0 25.395899
820.80054 34.0 24.141191
864.2703 34.0 25.419716
839.9704 34.0 24.705011
852.1204 34.0 25.062365
817.2908 34.0 24.037964
811.0799 34.0 23.855291
896.6703 34.0 26.372656
928.53064 34.0 27.309725
867.7804 34.0 25.522953
914.2204 34.0 26.888836
873.99054 34.0 25.705605
847.80066 34.0 24.935314
877.5006 34.0 25.808842
893.1604 34.0 26.269424
839.7005 34.0 24.697073
855.63043 34.0 25.165602
848.34045 34.0 24.951189
877.23 34.0 25.800882
828.09076 34.0 24.35561
806.76056 34.0 23.728252
866.43036 34.0 25.483246
886.9508 34.0 26.086788
892.89 34.0 26.26147
891.81067 34.0 26.229725
874.80096 34.0 25.72944
892.8903 34.0 26.26148
915.5711 34.0 26.928562
852.39075 34.0 25.070316
886.9508 34.0 26.086788
819.9907 34.0 24.117374
883.4408 34.0 25.983553
896.4001 34.0 26.364708
853.4705 34.0 25.102074
895.051 34.0 26.32503
860.49023 34.0 25.308537
889.38055 35.0 25.410873
838.8907 35.0 23.968306
904.23047 35.0 25.835155
882.6304 35.0 25.21801
864.2704 35.0 24.69344
874.26074 35.0 24.978878
867.24097 35.0 24.778313
885.33026 35.0 25.29515
849.15094 35.0 24.261456
793.8004 35.0 22.680012
837.811 35.0 23.937456
859.9503 35.0 24.57001
847.26044 35.0 24.207441
868.3206 35.0 24.80916
841.0501 35.0 24.030003
887.2202 35.0 25.34915
847.8003 35.0 24.222866
855.09094 35.0 24.43117
753.5704 35.0 21.530582
816.48065 35.0 23.328018
859.9503 35.0 24.57001
850.5001 35.0 24.300003
878.0407 35.0 25.086878
826.2002 35.0 23.60572
813.78033 35.0 23.250866
863.46063 35.0 24.670303
866.4302 35.0 24.755148
860.49005 35.0 24.58543
870.75055 35.0 24.878588
868.59033 35.0 24.816866
879.9301 35.0 25.14086
873.99084 35.0 24.971167
897.7507 35.0 25.650019
794.07074 35.0 22.687735
862.1105 35.0 24.631727
866.16 35.0 24.747427
822.4202 35.0 23.49772
851.5803 35.0 24.330866
893.1606 35.0 25.518873
834.5707 35.0 23.844877
888.30035 35.0 25.38001
888.3001 36.0 24.675003
914.22095 36.0 25.395027
844.2905 36.0 23.452515
855.90045 36.0 23.775013
862.65045 36.0 23.962513
872.3704 36.0 24.232512
841.05054 36.0 23.362514
849.96045 36.0 23.610012
835.11084 36.0 23.197523
823.5004 36.0 22.875011
828.09045 36.0 23.002512
876.15094 36.0 24.337526
826.4703 36.0 22.957508
804.8705 36.0 22.357513
793.2604 36.0 22.035011
882.8999 36.0 24.524998
836.73035 36.0 23.24251
852.66077 36.0 23.68502
855.3604 36.0 23.760012
823.2303 36.0 22.867508
836.4599 36.0 23.234997
855.6305 36.0 23.767513
850.7705 36.0 23.632515
892.6209 36.0 24.795025
790.5604 36.0 21.960012
835.1108 36.0 23.197521
819.72076 36.0 22.770021
842.93994 36.0 23.414999
799.47034 36.0 22.20751
832.1406 36.0 23.115017
829.98047 36.0 23.055014
822.69025 36.0 22.852507
832.41034 36.0 23.122509
825.3904 36.0 22.927511
828.09015 36.0 23.002504
858.60095 36.0 23.850027
843.21094 36.0 23.422525
814.0503 36.0 22.612509
828.6302 36.0 23.017506
826.74036 36.0 22.96501
862.65094 36.0 23.962526
818.10034 37.0 22.11082
807.5703 37.0 21.826225
848.88043 37.0 22.942715
854.8202 37.0 23.103249
821.87976 37.0 22.212967
850.50006 37.0 22.986488
861.8404 37.0 23.292984
896.4006 37.0 24.227043
834.3005 37.0 22.548662
805.6808 37.0 21.775156
859.9508 37.0 23.241913
830.79083 37.0 22.453806
865.62036 37.0 23.395145
900.7214 37.0 24.34382
861.8403 37.0 23.29298
841.86035 37.0 22.752983
885.3307 37.0 23.927856
862.11035 37.0 23.30028
793.2606 37.0 21.439476
862.38086 37.0 23.30759
872.9105 37.0 23.592176
797.85034 37.0 21.563522
854.2804 37.0 23.08866
777.3296 37.0 21.008907
778.4102 37.0 21.038115
850.5012 37.0 22.986519
850.7705 37.0 22.993797
875.88104 37.0 23.67246
832.40985 37.0 22.497564
861.57056 37.0 23.28569
840.5106 37.0 22.716503
869.9405 37.0 23.511906
874.2609 37.0 23.628674
829.1709 37.0 22.410025
852.1209 37.0 23.030294
819.99023 37.0 22.161898
851.0405 37.0 23.001095
834.0306 37.0 22.541367
831.6006 37.0 22.47569
768.6905 37.0 20.77542
782.73047 37.0 21.154877
771.1205 38.0 20.292645
789.2105 38.0 20.768698
835.11005 38.0 21.97658
788.9404 38.0 20.761591
731.1603 38.0 19.24106
857.51984 38.0 22.56631
836.46014 38.0 22.01211
802.1704 38.0 21.109747
800.01044 38.0 21.052906
818.3706 38.0 21.536068
832.4103 38.0 21.905533
761.9404 38.0 20.051064
823.5005 38.0 21.671066
829.17017 38.0 21.820267
852.92975 38.0 22.44552
811.6206 38.0 21.358437
822.1505 38.0 21.63554
828.3602 38.0 21.798954
841.86035 38.0 22.15422
773.01044 38.0 20.34238
805.68097 38.0 21.202131
826.20087 38.0 21.742128
862.9199 38.0 22.70842
810.81036 38.0 21.337114
835.38074 38.0 21.983704
828.9001 38.0 21.81316
804.87036 38.0 21.1808
790.5602 38.0 20.804214
856.98035 38.0 22.552114
785.1602 38.0 20.662111
873.1808 38.0 22.978441
822.6906 38.0 21.649754
822.68994 38.0 21.649734
800.01044 38.0 21.052906
867.781 38.0 22.836342
857.7912 38.0 22.573452
779.4904 38.0 20.512905
849.96075 38.0 22.367388
817.8301 38.0 21.521845
807.0304 38.0 21.237642
800.5506 38.0 21.067122
832.66864 39.0 21.350477
829.9644 39.0 21.28114
819.962 39.0 21.024666
783.19434 39.0 20.081905
800.49695 39.0 20.525562
785.6275 39.0 20.144295
827.531 39.0 21.218744
825.0985 39.0 21.156372
837.80457 39.0 21.482168
843.21173 39.0 21.620813
808.33716 39.0 20.726593
800.22675 39.0 20.518635
805.3626 39.0 20.650324
775.0841 39.0 19.873951
777.247 39.0 19.92941
874.5716 39.0 22.424913
813.74384 39.0 20.865227
854.0261 39.0 21.898106
811.04016 39.0 20.795902
821.3134 39.0 21.059319
800.22656 39.0 20.51863
790.2236 39.0 20.262142
805.6335 39.0 20.657269
803.4706 39.0 20.60181
814.5552 39.0 20.88603
813.7436 39.0 20.865221
788.6014 39.0 20.220549
801.3075 39.0 20.546347
787.24927 39.0 20.185879
781.302 39.0 20.033384
786.9793 39.0 20.178957
792.1158 39.0 20.310661
772.9214 39.0 19.818497
793.1975 39.0 20.338398
809.6887 39.0 20.76125
769.67694 39.0 19.735306
796.98224 39.0 20.435442
801.03815 39.0 20.53944
793.4674 39.0 20.345318
803.47046 39.0 20.601807
793.4679 39.0 20.345331
831.0605 40.0 20.776512
879.9303 40.0 21.998257
828.6306 40.0 20.715765
759.51074 40.0 18.987768
805.1403 40.0 20.128508
794.0703 40.0 19.851757
795.96063 40.0 19.899015
755.7307 40.0 18.893269
835.11084 40.0 20.877771
814.32056 40.0 20.358013
785.4302 40.0 19.635754
808.11066 40.0 20.202766
793.2608 40.0 19.83152
838.6206 40.0 20.965515
743.0403 40.0 18.576008
820.5303 40.0 20.513256
849.4205 40.0 21.235512
777.6007 40.0 19.440018
783.54034 40.0 19.588509
825.39 40.0 20.63475
781.11035 40.0 19.52776
811.62036 40.0 20.290508
801.9004 40.0 20.04751
849.1501 40.0 21.228752
842.67065 40.0 21.066767
815.9406 40.0 20.398516
822.42053 40.0 20.560513
810.0003 40.0 20.250008
809.4605 40.0 20.236513
785.70074 40.0 19.642519
801.3602 40.0 20.034006
790.56067 40.0 19.764017
784.89026 40.0 19.622257
849.4205 40.0 21.235512
773.28076 40.0 19.33202
807.3003 40.0 20.182507
804.0601 40.0 20.101503
818.3701 40.0 20.459253
801.6309 40.0 20.040773
792.45026 40.0 19.811256
822.9605 40.0 20.574013
794.8808 41.0 19.387337
773.82074 41.0 18.873676
760.59033 41.0 18.550983
801.3604 41.0 19.545376
784.08026 41.0 19.123909
748.4402 41.0 18.254639
792.7206 41.0 19.334648
815.6702 41.0 19.894396
775.17065 41.0 18.9066
742.5003 41.0 18.109764
787.86084 41.0 19.216118
784.35126 41.0 19.130518
800.8205 41.0 19.532207
779.76044 41.0 19.018547
750.33057 41.0 18.300745
834.031 41.0 20.34222
798.93036 41.0 19.486107
765.99054 41.0 18.682695
782.7308 41.0 19.090994
790.0205 41.0 19.268793
749.5205 41.0 18.280989
783.0011 41.0 19.097588
814.0503 41.0 19.854885
790.5607 41.0 19.28197
802.98016 41.0 19.584883
793.5301 41.0 19.354393
767.07086 41.0 18.709045
811.0801 41.0 19.78244
787.3201 41.0 19.20293
801.09094 41.0 19.538803
793.2605 41.0 19.347816
775.4406 41.0 18.913185
807.57056 41.0 19.696842
798.66003 41.0 19.479513
798.6603 41.0 19.479519
812.9704 41.0 19.828547
790.56055 41.0 19.281965
775.44037 41.0 18.91318
781.92017 41.0 19.071224
809.1907 41.0 19.736359
828.63043 41.0 20.210499
798.93036 42.0 19.022152
747.0912 42.0 17.787886
760.05 42.0 18.096428
785.43054 42.0 18.700727
759.51025 42.0 18.083578
802.9804 42.0 19.118582
775.4406 42.0 18.462872
778.14056 42.0 18.527157
780.5705 42.0 18.585012
767.6108 42.0 18.276447
758.4309 42.0 18.057878
787.86035 42.0 18.75858
787.3204 42.0 18.745724
785.16064 42.0 18.694302
790.5607 42.0 18.822874
778.41077 42.0 18.53359
793.2606 42.0 18.887157
751.4109 42.0 17.890736
777.06055 42.0 18.501442
770.85095 42.0 18.353594
771.9304 42.0 18.379295
756.2702 42.0 18.006433
789.21063 42.0 18.79073
767.8813 42.0 18.282888
752.49066 42.0 17.916445
757.62054 42.0 18.038584
761.4004 42.0 18.12858
773.0105 42.0 18.405012
794.07074 42.0 18.906446
791.1008 42.0 18.835733
746.8202 42.0 17.781433
800.5507 42.0 19.060732
748.1706 42.0 17.813585
787.0503 42.0 18.739292
827.5512 42.0 19.7036
808.65045 42.0 19.253582
785.70013 42.0 18.707146
795.15045 42.0 18.932154
758.9706 42.0 18.070728
797.0407 42.0 18.97716
739.80066 42.0 17.614302
773.8206 43.0 17.995829
772.47064 43.0 17.964434
765.72046 43.0 17.807453
772.1999 43.0 17.958138
770.8505 43.0 17.926756
800.8203 43.0 18.623728
807.5706 43.0 18.780712
776.7903 43.0 18.06489
782.1904 43.0 18.190475
756.00055 43.0 17.581408
754.92004 43.0 17.55628
752.4897 43.0 17.49976
744.6611 43.0 17.3177
780.57086 43.0 18.152811
734.94006 43.0 17.091629
751.9501 43.0 17.487211
766.5306 43.0 17.826292
787.32086 43.0 18.309788
756.00055 43.0 17.581408
735.4808 43.0 17.104204
714.6905 43.0 16.620708
746.5505 43.0 17.361639
827.01056 43.0 19.232803
764.6403 43.0 17.782333
771.66077 43.0 17.945599
737.37085 43.0 17.148159
717.39 43.0 16.683489
781.9211 43.0 18.184212
760.5906 43.0 17.688152
743.58057 43.0 17.292572
774.3607 43.0 18.008389
811.8904 43.0 18.881172
793.5302 43.0 18.454191
744.9302 43.0 17.323957
754.1101 43.0 17.537445
783.0004 43.0 18.209312
808.38104 43.0 18.799559
788.94037 43.0 18.34745
778.68054 43.0 18.10885
783.8099 43.0 18.228136
756.2712 43.0 17.587702
717.9306 44.0 16.316605
790.5605 44.0 17.967283
757.62006 44.0 17.218637
734.13043 44.0 16.684782
687.15027 44.0 15.617052
743.31055 44.0 16.893421
744.39087 44.0 16.917974
761.40015 44.0 17.304548
763.5609 44.0 17.353657
739.5303 44.0 16.807507
752.7608 44.0 17.1082
764.10034 44.0 17.365917
774.09076 44.0 17.592972
731.16034 44.0 16.617281
790.29016 44.0 17.96114
761.9407 44.0 17.316833
729.5409 44.0 16.580475
745.4707 44.0 16.942516
736.56067 44.0 16.740015
739.8006 44.0 16.81365
747.6305 44.0 16.991602
755.1903 44.0 17.163416
756.0005 44.0 17.18183
776.5203 44.0 17.64819
750.3303 44.0 17.052961
731.9702 44.0 16.635687
761.6704 44.0 17.310692
801.0904 44.0 18.2066
772.7406 44.0 17.562286
746.01074 44.0 16.95479
712.8007 44.0 16.200016
754.6505 44.0 17.151148
814.0502 44.0 18.50114
723.6008 44.0 16.445473
776.52057 44.0 17.648195
775.17004 44.0 17.6175
773.81995 44.0 17.586817
766.2604 44.0 17.415009
762.75055 44.0 17.33524
757.0805 44.0 17.206375
738.72046 44.0 16.7891
760.8604 45.0 16.908009
720.9001 45.0 16.020002
741.1506 45.0 16.470013
727.1101 45.0 16.158003
771.1203 45.0 17.136007
754.3804 45.0 16.764008
765.99005 45.0 17.022001
774.9006 45.0 17.220013
715.5005 45.0 15.900011
739.53033 45.0 16.434008
743.8509 45.0 16.53002
764.91064 45.0 16.998014
744.6607 45.0 16.548016
754.1103 45.0 16.758007
757.8906 45.0 16.842014
741.1503 45.0 16.470007
707.6706 45.0 15.726013
765.9901 45.0 17.022003
759.2405 45.0 16.872011
751.4105 45.0 16.698011
731.4306 45.0 16.254013
744.391 45.0 16.542023
712.8007 45.0 15.840015
723.3305 45.0 16.07401
772.20026 45.0 17.160006
771.12103 45.0 17.136023
761.94055 45.0 16.932013
741.15063 45.0 16.470015
724.1402 45.0 16.092005
715.7704 45.0 15.906009
758.9708 45.0 16.866018
737.9103 45.0 16.398006
756.54034 45.0 16.812008
755.7302 45.0 16.794004
774.6301 45.0 17.214003
735.48065 45.0 16.344015
785.16077 45.0 17.448017
740.881 45.0 16.464022
783.8105 45.0 17.41801
739.8006 45.0 16.440014
727.64984 45.0 16.169996
751.411 46.0 16.335022
747.63055 46.0 16.252838
749.7908 46.0 16.299799
722.5204 46.0 15.7069645
779.22003 46.0 16.939566
710.1006 46.0 15.436969
710.9106 46.0 15.454578
757.89026 46.0 16.475876
740.88043 46.0 16.106096
754.11053 46.0 16.393707
771.12054 46.0 16.76349
755.1911 46.0 16.417198
742.23035 46.0 16.135443
710.37067 46.0 15.442841
674.19025 46.0 14.65631
741.691 46.0 16.123716
749.251 46.0 16.288065
765.1806 46.0 16.634361
712.80084 46.0 15.49567
762.21045 46.0 16.569792
748.1702 46.0 16.26457
741.15063 46.0 16.11197
735.2108 46.0 15.982843
697.41064 46.0 15.161101
755.1908 46.0 16.41719
735.7504 46.0 15.994575
744.9306 46.0 16.194143
759.2406 46.0 16.50523
743.85034 46.0 16.17066
737.10004 46.0 16.023914
764.3701 46.0 16.616741
704.16046 46.0 15.307836
761.13074 46.0 16.54632
744.1211 46.0 16.176546
693.63086 46.0 15.078932
741.9612 46.0 16.129591
708.4808 46.0 15.401755
745.4705 46.0 16.205881
746.2811 46.0 16.223503
733.8604 46.0 15.953487
711.9909 46.0 15.478063
710.6406 47.0 15.120013
722.2503 47.0 15.367027
736.2909 47.0 15.665764
744.39075 47.0 15.838101
705.51086 47.0 15.01087
683.3708 47.0 14.5398035
709.8305 47.0 15.102777
720.09033 47.0 15.321071
713.61035 47.0 15.183199
714.9606 47.0 15.211927
722.79114 47.0 15.378535
705.5104 47.0 15.0108595
720.3607 47.0 15.326824
716.31036 47.0 15.240646
713.6102 47.0 15.183197
689.84985 47.0 14.677656
725.2206 47.0 15.430225
727.3808 47.0 15.476188
696.87006 47.0 14.827023
710.6406 47.0 15.120013
678.24084 47.0 14.430656
743.58057 47.0 15.820864
713.07025 47.0 15.171708
716.31085 47.0 15.240656
715.77014 47.0 15.229152
783.5412 47.0 16.67109
745.2007 47.0 15.855333
699.5706 47.0 14.884481
710.91016 47.0 15.125749
731.7005 47.0 15.568095
713.61053 47.0 15.183203
702.00073 47.0 14.936186
724.13995 47.0 15.407233
714.96094 47.0 15.211935
734.9403 47.0 15.637028
727.9209 47.0 15.487679
726.5704 47.0 15.458944
731.9699 47.0 15.573828
753.0308 47.0 16.021933
734.1309 47.0 15.619806
748.1703 47.0 15.918517
719.0106 48.0 14.979388
676.8905 48.0 14.101885
715.7709 48.0 14.911893
717.12 48.0 14.940001
726.8404 48.0 15.1425085
713.34015 48.0 14.861253
715.2307 48.0 14.9006405
723.33093 48.0 15.069394
708.75073 48.0 14.76564
701.46045 48.0 14.61376
713.3408 48.0 14.861267
717.3906 48.0 14.945638
660.96045 48.0 13.770009
692.5504 48.0 14.428134
728.19055 48.0 15.170636
708.7505 48.0 14.765635
693.0906 48.0 14.439386
689.85016 48.0 14.371879
712.2605 48.0 14.83876
747.9006 48.0 15.581262
683.6403 48.0 14.242507
712.8004 48.0 14.850009
721.17035 48.0 15.024383
719.55054 48.0 14.990637
680.13086 48.0 14.169393
713.07025 48.0 14.85563
672.56995 48.0 14.011874
696.33057 48.0 14.5068865
731.70056 48.0 15.243761
704.97046 48.0 14.686884
733.05054 48.0 15.271887
711.181 48.0 14.816272
694.9806 48.0 14.478762
722.79047 48.0 15.058135
721.7107 48.0 15.03564
731.7005 48.0 15.24376
727.37964 48.0 15.153742
699.83984 48.0 14.579997
672.3004 48.0 14.006258
713.8805 48.0 14.87251
690.9306 48.0 14.394387
718.74036 49.0 14.66817
707.4006 49.0 14.436747
716.8504 49.0 14.629601
697.1403 49.0 14.227354
703.89044 49.0 14.365111
724.6803 49.0 14.789394
690.1204 49.0 14.08409
702.27045 49.0 14.33205
733.5908 49.0 14.971241
725.76056 49.0 14.81144
722.25024 49.0 14.7398
701.7302 49.0 14.321025
711.4507 49.0 14.519402
690.3901 49.0 14.089594
692.01025 49.0 14.122658
694.97986 49.0 14.183263
686.88055 49.0 14.01797
692.01056 49.0 14.122664
687.4205 49.0 14.028989
702.5407 49.0 14.337565
727.6507 49.0 14.850014
720.90063 49.0 14.712257
686.34045 49.0 14.0069475
723.6009 49.0 14.767365
698.22034 49.0 14.249394
684.99036 49.0 13.979395
689.31067 49.0 14.067565
683.10016 49.0 13.94082
693.9004 49.0 14.161232
662.8503 49.0 13.527556
658.5307 49.0 13.439402
663.6606 49.0 13.544093
721.98016 49.0 14.734289
712.26074 49.0 14.5359335
679.59064 49.0 13.869197
709.83057 49.0 14.486339
672.3006 49.0 13.72042
704.1604 49.0 14.370621
696.33026 49.0 14.210822
660.1505 49.0 13.47246
655.29034 49.0 13.373272
707.13055 50.0 14.1426115
674.18964 50.0 13.483793
666.0903 50.0 13.321806
673.38043 50.0 13.467608
676.89044 50.0 13.537808
714.69 50.0 14.2938
706.8605 50.0 14.137209
698.2205 50.0 13.96441
674.1907 50.0 13.483813
641.7905 50.0 12.835811
660.4205 50.0 13.208409
676.6206 50.0 13.532412
699.3006 50.0 13.9860115
692.2803 50.0 13.845606
685.26044 50.0 13.705209
697.9506 50.0 13.959013
709.56067 50.0 14.191214
661.7707 50.0 13.235414
711.45087 50.0 14.229017
673.11053 50.0 13.462211
685.8007 50.0 13.716014
664.20056 50.0 13.284011
696.6001 50.0 13.932002
673.65076 50.0 13.473015
716.5805 50.0 14.33161
697.4101 50.0 13.948202
683.64044 50.0 13.672809
684.45087 50.0 13.689017
666.3608 50.0 13.327215
672.30066 50.0 13.446013
690.1205 50.0 13.80241
654.75037 50.0 13.095008
702.5403 50.0 14.050805
716.5808 50.0 14.331616
690.3905 50.0 13.80781
741.15027 50.0 14.823006
709.0206 50.0 14.180412
683.9107 50.0 13.678214
709.29047 50.0 14.185809
679.5903 50.0 13.591805
686.3402 50.0 13.726805
723.60046 51.0 14.188245
649.35034 51.0 12.73236
690.39056 51.0 13.53707
704.9709 51.0 13.822958
657.7207 51.0 12.896484
679.05066 51.0 13.314718
682.2906 51.0 13.378246
694.44104 51.0 13.616491
660.42 51.0 12.949411
657.1802 51.0 12.885885
676.34985 51.0 13.261762
705.24097 51.0 13.828254
695.7905 51.0 13.642952
670.6806 51.0 13.1505995
659.07025 51.0 12.922946
659.0704 51.0 12.922949
679.0505 51.0 13.314715
700.3805 51.0 13.732951
679.86066 51.0 13.330602
692.5503 51.0 13.579417
684.72095 51.0 13.4259
665.5509 51.0 13.050017
661.50024 51.0 12.970593
649.8906 51.0 12.742953
702.81055 51.0 13.780599
696.8704 51.0 13.664125
700.65027 51.0 13.73824
681.4805 51.0 13.362364
690.12067 51.0 13.531777
700.9207 51.0 13.743544
690.1205 51.0 13.5317745
668.7906 51.0 13.113541
685.5303 51.0 13.44177
682.02045 51.0 13.37295
664.4706 51.0 13.028834
650.1606 51.0 12.748246
656.64056 51.0 12.875305
669.60046 51.0 13.12942
675.00055 51.0 13.235305
675.54083 51.0 13.245898
676.8909 51.0 13.272371
646.9203 52.0 12.440775
663.93005 52.0 12.767885
653.6709 52.0 12.570594
639.0912 52.0 12.2902155
643.1407 52.0 12.368091
670.4106 52.0 12.892511
662.04047 52.0 12.731547
667.7108 52.0 12.840592
665.55035 52.0 12.799046
694.71124 52.0 13.359832
657.9901 52.0 12.653656
686.0705 52.0 13.193664
655.2906 52.0 12.601742
700.65045 52.0 13.474047
653.9407 52.0 12.575783
676.0804 52.0 13.001546
649.6202 52.0 12.492696
678.2406 52.0 13.043088
657.4507 52.0 12.643283
611.5502 52.0 11.76058
652.8603 52.0 12.555005
661.50024 52.0 12.721158
712.53015 52.0 13.702503
632.8799 52.0 12.170767
650.70056 52.0 12.513473
627.20996 52.0 12.06173
662.5801 52.0 12.741924
640.71027 52.0 12.321351
666.0906 52.0 12.809434
674.73047 52.0 12.975586
656.37115 52.0 12.622522
691.20026 52.0 13.292313
641.2502 52.0 12.331735
687.1501 52.0 13.214425
676.8902 52.0 13.017119
682.5603 52.0 13.12616
660.42035 52.0 12.700392
673.65076 52.0 12.954823
627.21014 52.0 12.061733
644.4906 52.0 12.39405
667.9807 52.0 12.845783
631.0459 52.999996 11.9065275
646.9905 52.999996 12.207369
655.09845 52.999996 12.360349
648.612 52.999996 12.237964
658.341 52.999996 12.42153
647.2616 52.999996 12.212484
646.7206 52.999996 12.202276
662.1254 52.999996 12.492933
658.6116 52.999996 12.426635
655.36847 52.999996 12.365444
655.0986 52.999996 12.360352
628.61334 52.999996 11.86063
605.64166 52.999996 11.427202
654.2874 52.999996 12.345046
658.3418 52.999996 12.421544
671.3137 52.999996 12.666297
653.7473 52.999996 12.334856
657.5305 52.999996 12.406237
659.96356 52.999996 12.452144
656.7196 52.999996 12.390937
665.9089 52.999996 12.56432
661.0442 52.999996 12.472533
634.0187 52.999996 11.962618
625.37024 52.999996 11.799439
660.7733 52.999996 12.467422
658.0709 52.999996 12.416433
636.45074 52.999996 12.008506
664.287 52.999996 12.533718
646.9911 52.999996 12.207379
650.5039 52.999996 12.27366
652.39575 52.999996 12.309355
636.18024 52.999996 12.003402
619.1543 52.999996 11.6821575
647.2608 52.999996 12.212469
644.2882 52.999996 12.156382
686.44794 52.999996 12.951849
605.64136 52.999996 11.4271965
689.4209 52.999996 13.007942
644.5583 52.999996 12.161478
651.58575 52.999996 12.294072
670.7735 52.999996 12.656104
635.04 54.000004 11.759998
647.73047 54.000004 11.9950075
666.3606 54.000004 12.34001
649.35046 54.000004 12.025008
660.1508 54.000004 12.225015
616.1409 54.000004 11.410016
643.9503 54.000004 11.925005
632.6105 54.000004 11.715008
636.66064 54.000004 11.790011
611.01056 54.000004 11.31501
622.8904 54.000004 11.5350065
649.6201 54.000004 12.030002
637.2006 54.000004 11.800011
621.54065 54.000004 11.510012
666.3606 54.000004 12.340011
655.83044 54.000004 12.145007
608.85046 54.000004 11.275007
650.7004 54.000004 12.050006
633.6907 54.000004 11.735012
642.8711 54.000004 11.90502
650.70013 54.000004 12.050001
613.7103 54.000004 11.3650055
651.24 54.000004 12.059999
638.8201 54.000004 11.830002
607.7706 54.000004 11.255011
629.37103 54.000004 11.655018
609.93054 54.000004 11.29501
664.4703 54.000004 12.305004
626.13055 54.000004 11.59501
628.2905 54.000004 11.635009
629.3701 54.000004 11.655002
647.1902 54.000004 11.9850025
644.76086 54.000004 11.940015
630.1802 54.000004 11.670003
651.78046 54.000004 12.070007
627.7505 54.000004 11.625009
645.3001 54.000004 11.950001
659.88086 54.000004 12.220016
634.5004 54.000004 11.750008
642.06067 54.000004 11.890012
657.99023 54.000004 12.185003
663.1204 55.0 12.056735
654.4806 55.0 11.899647
640.71063 55.0 11.649284
605.0704 55.0 11.00128
607.50037 55.0 11.045461
635.58014 55.0 11.556003
590.7604 55.0 10.741097
639.90063 55.0 11.634557
629.91046 55.0 11.452917
621.81006 55.0 11.305637
637.74036 55.0 11.59528
629.37024 55.0 11.443095
602.6406 55.0 10.957102
657.18 55.0 11.948728
626.40063 55.0 11.389102
627.7507 55.0 11.413649
605.34 55.0 11.006183
669.3308 55.0 12.169651
639.09033 55.0 11.619824
638.01013 55.0 11.600184
633.42 55.0 11.516727
621.0006 55.0 11.29092
628.2906 55.0 11.423465
618.3007 55.0 11.241832
624.5101 55.0 11.354729
622.0802 55.0 11.310549
624.51013 55.0 11.35473
645.8399 55.0 11.742544
612.90027 55.0 11.143641
679.0503 55.0 12.346369
627.4804 55.0 11.408734
602.36993 55.0 10.952181
619.38025 55.0 11.261459
613.7103 55.0 11.158369
638.2803 55.0 11.605096
630.99036 55.0 11.472552
649.35016 55.0 11.806367
622.08044 55.0 11.310554
642.0607 55.0 11.673832
631.8003 55.0 11.487278
596.16016 55.0 10.839275
575.91016 56.0 10.28411
621.5403 56.0 11.098933
616.1405 56.0 11.002509
615.60034 56.0 10.992863
610.2008 56.0 10.896442
602.3704 56.0 10.756615
612.3604 56.0 10.935007
627.2111 56.0 11.200198
637.74023 56.0 11.388219
601.83057 56.0 10.746975
653.4 56.0 11.667858
654.4804 56.0 11.68715
612.9003 56.0 10.944649
588.3303 56.0 10.505898
620.4602 56.0 11.079647
621.2705 56.0 11.094116
652.59015 56.0 11.653396
597.78046 56.0 10.674651
610.4708 56.0 10.901265
588.0604 56.0 10.501079
637.2002 56.0 11.378575
607.7702 56.0 10.85304
607.2307 56.0 10.843406
612.36017 56.0 10.935003
604.80005 56.0 10.800001
626.13043 56.0 11.180901
628.83057 56.0 11.229117
621.54065 56.0 11.09894
642.33057 56.0 11.470189
596.7005 56.0 10.655366
613.9801 56.0 10.96393
571.58984 56.0 10.206962
575.3703 56.0 10.274469
615.06036 56.0 10.983221
655.8304 56.0 11.711257
632.3406 56.0 11.291796
615.87036 56.0 10.997685
625.32043 56.0 11.166436
596.4306 56.0 10.650546
611.0101 56.0 10.910894
617.2201 56.0 11.021788
589.9501 57.0 10.350001
597.5104 57.0 10.482638
589.41016 57.0 10.340529
612.3607 57.0 10.743171
612.63074 57.0 10.747908
618.84033 57.0 10.856848
615.6005 57.0 10.800009
598.58997 57.0 10.501578
552.1501 57.0 9.686844
608.8501 57.0 10.681581
590.76074 57.0 10.3642235
627.4806 57.0 11.008431
619.11053 57.0 10.8615885
601.83044 57.0 10.558429
618.8399 57.0 10.85684
615.0598 57.0 10.790523
624.2399 57.0 10.951578
601.2902 57.0 10.548951
594.2698 57.0 10.425786
578.8804 57.0 10.155796
614.5204 57.0 10.781059
614.7901 57.0 10.785791
571.05035 57.0 10.018427
602.3708 57.0 10.567908
598.5903 57.0 10.501584
610.74054 57.0 10.714746
605.6102 57.0 10.624741
560.2501 57.0 9.82895
596.43 57.0 10.463684
618.5701 57.0 10.852107
615.60046 57.0 10.800008
585.63007 57.0 10.274212
605.8804 57.0 10.62948
615.6003 57.0 10.800005
606.1502 57.0 10.634214
608.8504 57.0 10.681586
603.7206 57.0 10.591589
592.9199 57.0 10.402104
591.5701 57.0 10.378424
615.3297 57.0 10.7952585
621.26996 57.0 10.899473
586.9802 58.0 10.120349
571.0502 58.0 9.845693
583.74 58.0 10.064483
579.6905 58.0 9.994663
586.71094 58.0 10.1157055
570.2399 58.0 9.831723
615.6006 58.0 10.613803
594.00006 58.0 10.241381
613.9803 58.0 10.585867
605.61005 58.0 10.441552
596.1603 58.0 10.2786255
608.5808 58.0 10.492773
605.88025 58.0 10.446211
608.58057 58.0 10.492768
598.86035 58.0 10.325178
587.5206 58.0 10.129666
574.5598 58.0 9.906204
581.04034 58.0 10.017937
628.2905 58.0 10.832596
593.9999 58.0 10.241377
604.2601 58.0 10.418277
578.88007 58.0 9.980691
595.8903 58.0 10.273971
608.85046 58.0 10.497422
588.6001 58.0 10.148277
602.3708 58.0 10.385703
605.8803 58.0 10.446212
605.6103 58.0 10.441557
605.0707 58.0 10.432253
588.06 58.0 10.138966
604.5304 58.0 10.422938
582.3904 58.0 10.041214
572.67004 58.0 9.873622
590.2206 58.0 10.176217
584.2802 58.0 10.073796
581.04016 58.0 10.017934
599.9406 58.0 10.343803
587.24976 58.0 10.124996
593.7305 58.0 10.236733
597.78015 58.0 10.306555
564.5702 58.0 9.733969
591.8019 58.999996 10.030541
548.8351 58.999996 9.30229
589.37006 58.999996 9.989324
606.1244 58.999996 10.273295
580.1816 58.999996 9.833587
569.1022 58.999996 9.645801
593.96387 58.999996 10.067184
594.7742 58.999996 10.080918
570.994 58.999996 9.677865
570.9941 58.999996 9.677866
587.2082 58.999996 9.952682
585.046 58.999996 9.916035
576.66925 58.999996 9.7740555
596.6659 58.999996 10.112982
583.42413 58.999996 9.888545
585.5864 58.999996 9.925194
569.9132 58.999996 9.659547
571.53436 58.999996 9.687024
588.0186 58.999996 9.966418
594.7738 58.999996 10.080913
563.42725 58.999996 9.549615
612.3391 58.999996 10.37863
568.02136 58.999996 9.627481
566.67065 58.999996 9.604588
570.18353 58.999996 9.664128
573.69684 58.999996 9.723676
582.6139 58.999996 9.874812
563.6975 58.999996 9.554195
600.98944 58.999996 10.186262
586.6672 58.999996 9.943512
585.0457 58.999996 9.91603
566.6704 58.999996 9.604584
583.9654 58.999996 9.897719
551.8077 58.999996 9.352674
559.64484 58.999996 9.485506
570.18353 58.999996 9.664128
559.10394 58.999996 9.476338
561.2658 58.999996 9.51298
585.58624 58.999996 9.925191
596.6659 58.999996 10.112982
569.9131 58.999996 9.659544
581.04016 60.000004 9.684002
557.0104 60.000004 9.283505
582.1209 60.000004 9.702015
563.2204 60.000004 9.387006
551.61005 60.000004 9.1935005
550.5301 60.000004 9.175501
561.0601 60.000004 9.351002
568.08044 60.000004 9.468007
558.89966 60.000004 9.314994
562.41034 60.000004 9.373505
562.1405 60.000004 9.369008
565.10974 60.000004 9.418495
572.13055 60.000004 9.535508
567.54 60.000004 9.458999
543.2402 60.000004 9.054002
567.54004 60.000004 9.459
575.64044 60.000004 9.594007
566.46063 60.000004 9.4410095
549.1802 60.000004 9.153003
572.9402 60.000004 9.549003
579.6898 60.000004 9.661496
585.3603 60.000004 9.756004
580.77014 60.000004 9.679502
569.4298 60.000004 9.490497
573.2109 60.000004 9.553514
567.81024 60.000004 9.463504
582.1202 60.000004 9.702003
582.1203 60.000004 9.702004
577.8004 60.000004 9.630007
552.68976 60.000004 9.211495
565.92 60.000004 9.431999
590.7607 60.000004 9.846011
578.61017 60.000004 9.643502
585.62976 60.000004 9.760495
570.7797 60.000004 9.512995
603.4504 60.000004 10.057506
544.59 60.000004 9.0765
563.22 60.000004 9.386999
550.2599 60.000004 9.170998
572.1303 60.000004 9.535504
591.29987 60.000004 9.854998
549.45 61.0 9.007378
538.1094 61.0 8.8214655
560.5203 61.0 9.188858
552.69006 61.0 9.0604925
554.5803 61.0 9.09148
542.9702 61.0 8.901151
548.36993 61.0 8.989671
568.6206 61.0 9.32165
567.5403 61.0 9.303939
574.2905 61.0 9.414598
580.7697 61.0 9.520815
542.7003 61.0 8.896727
550.80035 61.0 9.029514
550.2601 61.0 9.020657
551.0701 61.0 9.0339365
578.61017 61.0 9.485413
548.3702 61.0 8.9896755
534.3298 61.0 8.759504
554.58057 61.0 9.091485
565.65 61.0 9.272951
548.3698 61.0 8.989669
559.98004 61.0 9.18
578.6102 61.0 9.485414
566.4605 61.0 9.286238
557.8199 61.0 9.144588
552.9607 61.0 9.064929
548.9099 61.0 8.998523
586.16986 61.0 9.609342
539.18994 61.0 8.839179
551.8799 61.0 9.047212
571.5902 61.0 9.370331
587.7903 61.0 9.635906
540.81006 61.0 8.865739
552.1501 61.0 9.0516405
544.86005 61.0 8.932132
595.8905 61.0 9.768697
557.2801 61.0 9.135739
571.85974 61.0 9.37475
560.2504 61.0 9.184433
555.38995 61.0 9.1047535
554.31 61.0 9.0870495
546.21 62.0 8.809839
557.8197 62.0 8.997092
541.3502 62.0 8.731455
553.5001 62.0 8.927422
530.0098 62.0 8.548546
502.19974 62.0 8.099996
568.07983 62.0 9.162578
531.62964 62.0 8.574672
538.3801 62.0 8.683551
562.6804 62.0 9.075491
541.3502 62.0 8.731455
539.46014 62.0 8.70097
534.6003 62.0 8.622585
548.36993 62.0 8.844676
544.86017 62.0 8.788067
560.79 62.0 9.045
543.2399 62.0 8.761934
541.8902 62.0 8.740165
554.3103 62.0 8.940489
530.0101 62.0 8.54855
553.23035 62.0 8.92307
547.2902 62.0 8.827262
547.0201 62.0 8.822905
556.2002 62.0 8.970971
544.86017 62.0 8.788067
529.4698 62.0 8.539835
542.4298 62.0 8.748868
558.90015 62.0 9.014519
557.5502 62.0 8.992744
558.8998 62.0 9.014513
520.5602 62.0 8.3961315
527.5797 62.0 8.50935
561.06024 62.0 9.049358
550.2602 62.0 8.875164
555.6597 62.0 8.962254
567.5399 62.0 9.15387
562.95013 62.0 9.079841
554.5802 62.0 8.944842
539.18994 62.0 8.696612
545.6702 62.0 8.801133
528.66003 62.0 8.526774
516.5099 63.0 8.198569
554.85004 63.0 8.807143
537.2999 63.0 8.52857
529.4703 63.0 8.40429
523.79944 63.0 8.314277
538.6501 63.0 8.550001
522.1801 63.0 8.288573
504.89996 63.0 8.014285
513.81 63.0 8.155714
546.7497 63.0 8.678567
524.06995 63.0 8.31857
519.20984 63.0 8.241426
537.5704 63.0 8.532863
549.18024 63.0 8.717147
521.9097 63.0 8.284282
531.9002 63.0 8.442861
542.97 63.0 8.618571
526.76996 63.0 8.361428
511.37982 63.0 8.11714
529.1998 63.0 8.399998
533.78925 63.0 8.472845
504.9002 63.0 8.014289
549.45026 63.0 8.721433
530.00995 63.0 8.412856
519.4795 63.0 8.245707
512.7303 63.0 8.138576
510.29984 63.0 8.0999975
516.78015 63.0 8.20286
530.01025 63.0 8.412861
523.8001 63.0 8.314287
526.4998 63.0 8.35714
522.72046 63.0 8.29715
540.0 63.0 8.571428
519.4798 63.0 8.245711
531.0905 63.0 8.430008
548.37024 63.0 8.704289
532.4397 63.0 8.451424
525.95966 63.0 8.348566
547.56006 63.0 8.691429
531.3601 63.0 8.434287
517.0499 63.0 8.207142
489.2391 64.0 7.644361
496.25992 64.0 7.754061
507.59967 64.0 7.931245
516.23956 64.0 8.066243
512.4601 64.0 8.007189
518.9397 64.0 8.108433
525.4204 64.0 8.209694
520.2899 64.0 8.12953
520.55994 64.0 8.133749
529.7391 64.0 8.277173
519.74994 64.0 8.121093
503.81982 64.0 7.8721848
521.09973 64.0 8.142183
507.86978 64.0 7.9354653
525.6906 64.0 8.213916
500.58032 64.0 7.8215675
507.33014 64.0 7.9270334
534.32983 64.0 8.348904
522.98987 64.0 8.171717
524.3399 64.0 8.192811
519.48 64.0 8.116875
505.70953 64.0 7.9017115
504.89966 64.0 7.889057
507.86996 64.0 7.935468
525.1497 64.0 8.205464
522.98987 64.0 8.171717
517.86 64.0 8.091562
483.56952 64.0 7.5557737
517.3201 64.0 8.083127
488.69977 64.0 7.635934
531.6301 64.0 8.306721
494.36993 64.0 7.72453
516.5099 64.0 8.070467
505.43994 64.0 7.897499
526.7699 64.0 8.23078
532.1698 64.0 8.315153
507.8702 64.0 7.935472
535.6795 64.0 8.369992
545.9399 64.0 8.530311
523.53015 64.0 8.180159
516.5097 64.0 8.070464
497.6094 65.0 7.6555295
497.87976 65.0 7.6596885
518.67004 65.0 7.9795394
508.9495 65.0 7.8299923
529.2002 65.0 8.1415415
501.11948 65.0 7.7095304
523.7996 65.0 8.058455
532.98 65.0 8.199692
484.91937 65.0 7.460298
499.49985 65.0 7.684613
522.4499 65.0 8.03769
522.45013 65.0 8.037694
499.49976 65.0 7.684612
504.35956 65.0 7.759378
497.8797 65.0 7.6596875
504.6298 65.0 7.763535
508.40982 65.0 7.8216896
482.75986 65.0 7.427075
513.54016 65.0 7.900618
474.65985 65.0 7.3024592
493.55948 65.0 7.5932226
514.8898 65.0 7.9213815
518.6694 65.0 7.9795284
508.13962 65.0 7.8175325
520.01953 65.0 8.0003
496.79965 65.0 7.6430717
504.35986 65.0 7.7593827
506.51968 65.0 7.7926106
494.64008 65.0 7.6098475
484.6495 65.0 7.4561462
505.98016 65.0 7.7843103
503.2797 65.0 7.7427645
485.9999 65.0 7.4769216
519.75006 65.0 7.996155
522.98987 65.0 8.045998
500.5799 65.0 7.701229
505.97992 65.0 7.7843065
511.37988 65.0 7.867383
492.4795 65.0 7.5766077
509.48996 65.0 7.838307
496.26016 65.0 7.634772
498.41974 66.0 7.551814
493.0202 66.0 7.470003
476.0097 66.0 7.2122684
486.80942 66.0 7.3759003
477.35938 66.0 7.232718
484.37943 66.0 7.3390822
480.32965 66.0 7.277722
488.42935 66.0 7.4004445
450.0891 66.0 6.819532
484.9198 66.0 7.3472695
481.1395 66.0 7.2899923
527.0399 66.0 7.9854536
483.02905 66.0 7.318622
493.01987 66.0 7.469998
491.66968 66.0 7.4495406
480.32977 66.0 7.277724
502.20026 66.0 7.6090946
479.78955 66.0 7.269539
501.66 66.0 7.600909
478.16977 66.0 7.2449965
501.11978 66.0 7.592724
508.67963 66.0 7.7072673
498.95978 66.0 7.5599966
483.2997 66.0 7.322723
505.71005 66.0 7.6622734
466.01953 66.0 7.060902
511.64954 66.0 7.752266
484.64987 66.0 7.3431797
474.65918 66.0 7.191806
490.0496 66.0 7.424994
500.8494 66.0 7.5886273
481.67993 66.0 7.2981806
496.25967 66.0 7.519086
497.06943 66.0 7.531355
513.2699 66.0 7.7768164
480.86935 66.0 7.285899
495.17984 66.0 7.5027246
480.59958 66.0 7.2818117
473.5795 66.0 7.175447
480.05945 66.0 7.273628
492.20947 66.0 7.4577193
490.0494 67.0 7.3141704
482.48926 67.0 7.201332
471.1494 67.0 7.0320807
471.6894 67.0 7.04014
483.0294 67.0 7.209394
503.2797 67.0 7.511637
455.48926 67.0 6.798347
480.59964 67.0 7.173129
477.08963 67.0 7.120741
462.2391 67.0 6.8990912
470.87982 67.0 7.028057
461.42896 67.0 6.886999
471.9598 67.0 7.044176
472.7697 67.0 7.0562644
480.05972 67.0 7.1650705
457.64923 67.0 6.8305855
485.45966 67.0 7.2456665
498.9593 67.0 7.4471536
469.7993 67.0 7.0119295
489.2397 67.0 7.302085
489.7794 67.0 7.31014
478.16953 67.0 7.1368585
486.26984 67.0 7.2577586
478.97986 67.0 7.148953
464.3995 67.0 6.931336
475.73965 67.0 7.1005917
469.79922 67.0 7.0119286
497.6099 67.0 7.4270134
497.3399 67.0 7.4229836
472.7694 67.0 7.0562596
486.81006 67.0 7.265822
502.4698 67.0 7.499549
492.2095 67.0 7.3464103
483.0297 67.0 7.2093983
465.47968 67.0 6.947458
500.03983 67.0 7.463281
481.40964 67.0 7.1852183
485.45975 67.0 7.245668
461.96906 67.0 6.8950605
478.9793 67.0 7.148945
480.59982 67.0 7.1731315
457.6494 68.0 6.7301383
462.23962 68.0 6.7976418
453.86923 68.0 6.6745477
454.13934 68.0 6.6785197
466.5591 68.0 6.8611636
473.03964 68.0 6.9564652
433.61923 68.0 6.3767533
441.44934 68.0 6.491902
486.26944 68.0 7.151021
462.23953 68.0 6.7976403
493.28928 68.0 7.254254
455.48883 68.0 6.698365
453.5991 68.0 6.6705747
467.3693 68.0 6.873078
483.0294 68.0 7.1033735
477.62955 68.0 7.023964
478.16943 68.0 7.0319033
464.66913 68.0 6.8333697
451.70932 68.0 6.642784
461.9694 68.0 6.7936673
466.8292 68.0 6.865135
476.00937 68.0 7.000138
464.66937 68.0 6.833373
456.29962 68.0 6.7102885
489.50967 68.0 7.198672
462.50937 68.0 6.8016086
468.98944 68.0 6.8969035
458.99942 68.0 6.7499914
458.1893 68.0 6.738078
480.59976 68.0 7.0676436
455.48932 68.0 6.6983724
461.969 68.0 6.7936616
469.2596 68.0 6.9008765
445.2293 68.0 6.5474896
459.26947 68.0 6.753963
444.95908 68.0 6.5435157
463.85944 68.0 6.821462
476.54947 68.0 7.0080805
464.12952 68.0 6.825434
474.11932 68.0 6.972343
452.7894 68.0 6.6586676
451.43933 69.0 6.542599
471.9596 69.0 6.839994
451.1692 69.0 6.538684
453.8694 69.0 6.577817
455.21924 69.0 6.59738
429.02908 69.0 6.217813
465.7496 69.0 6.7499943
439.0192 69.0 6.362597
446.84955 69.0 6.4760804
463.5891 69.0 6.718683
454.13898 69.0 6.581724
448.7396 69.0 6.5034723
443.87885 69.0 6.433027
453.05945 69.0 6.566079
446.30905 69.0 6.468247
450.08923 69.0 6.523032
438.74902 69.0 6.3586817
447.38907 69.0 6.4838996
441.71927 69.0 6.4017286
455.2192 69.0 6.5973797
450.08905 69.0 6.52303
436.04922 69.0 6.319554
447.3892 69.0 6.4839015
450.6288 69.0 6.5308523
463.3194 69.0 6.7147737
458.45956 69.0 6.6443415
467.36954 69.0 6.7734714
457.10947 69.0 6.624775
453.59937 69.0 6.573904
460.88925 69.0 6.6795545
460.6193 69.0 6.675642
474.11932 69.0 6.8712945
450.08887 69.0 6.523027
456.0293 69.0 6.6091204
442.52896 69.0 6.413463
435.7794 69.0 6.3156433
463.04926 69.0 6.710859
454.13892 69.0 6.581723
462.7795 69.0 6.706949
449.00952 69.0 6.5073843
441.71954 69.0 6.4017324
430.10898 70.0 6.144414
463.3196 70.0 6.6188517
445.49933 70.0 6.364276
433.61914 70.0 6.194559
447.3891 70.0 6.391273
432.80914 70.0 6.1829877
435.2389 70.0 6.2176986
423.62885 70.0 6.051841
449.00906 70.0 6.4144154
426.869 70.0 6.0981283
439.82898 70.0 6.2832713
449.00925 70.0 6.4144177
442.79922 70.0 6.325703
435.23917 70.0 6.2177024
440.369 70.0 6.2909856
424.9791 70.0 6.07113
447.11905 70.0 6.387415
441.989 70.0 6.314129
449.54883 70.0 6.4221263
449.0092 70.0 6.414417
426.05875 70.0 6.0865536
457.3793 70.0 6.53399
428.75922 70.0 6.1251316
445.22903 70.0 6.360415
450.35925 70.0 6.4337034
430.919 70.0 6.155986
425.7889 70.0 6.082699
440.09894 70.0 6.2871275
443.87903 70.0 6.341129
448.7391 70.0 6.4105587
444.95895 70.0 6.3565564
443.06927 70.0 6.329561
424.979 70.0 6.071129
421.46875 70.0 6.0209823
460.6193 70.0 6.5802755
438.2091 70.0 6.26013
443.609 70.0 6.3372717
462.50894 70.0 6.6072707
458.7292 70.0 6.553274
443.33945 70.0 6.3334208
445.229 70.0 6.3604145
433.619 71.0 6.10731
429.83908 71.0 6.0540714
430.64893 71.0 6.065478
416.60873 71.0 5.8677287
427.94907 71.0 6.0274515
413.63876 71.0 5.825898
436.319 71.0 6.145338
426.05884 71.0 6.0008287
441.7188 71.0 6.2213917
435.77914 71.0 6.1377344
420.65906 71.0 5.9247756
414.9887 71.0 5.8449116
437.1293 71.0 6.1567507
417.95892 71.0 5.8867455
425.51904 71.0 5.993226
431.45895 71.0 6.0768867
446.039 71.0 6.2822394
424.4387 71.0 5.9780097
401.75885 71.0 5.6585755
429.29898 71.0 6.0464644
431.4589 71.0 6.0768857
437.12897 71.0 6.156746
429.56882 71.0 6.050265
423.629 71.0 5.9666057
441.4492 71.0 6.217594
428.48895 71.0 6.0350556
422.27884 71.0 5.9475894
421.1989 71.0 5.9323792
433.0788 71.0 6.0997014
404.99878 71.0 5.7042084
426.05905 71.0 6.0008316
421.19916 71.0 5.9323826
418.76877 71.0 5.898152
434.429 71.0 6.118718
445.7692 71.0 6.2784395
414.71866 71.0 5.841108
430.37897 71.0 6.0616755
432.2688 71.0 6.088293
421.73926 71.0 5.9399896
441.17908 71.0 6.21379
426.05893 71.0 6.00083
408.2387 72.0 5.669982
422.8187 72.0 5.872482
417.68872 72.0 5.8012323
416.33896 72.0 5.7824855
409.8586 72.0 5.6924806
409.85876 72.0 5.692483
428.2188 72.0 5.9474835
416.3388 72.0 5.7824836
419.57886 72.0 5.827484
424.43866 72.0 5.8949814
423.3589 72.0 5.8799844
430.37854 72.0 5.97748
424.70886 72.0 5.898734
414.4486 72.0 5.756231
423.89905 72.0 5.887487
428.75894 72.0 5.954985
423.35898 72.0 5.879986
418.49878 72.0 5.812483
410.12854 72.0 5.69623
428.4889 72.0 5.951235
433.34882 72.0 6.0187335
420.65863 72.0 5.842481
422.0089 72.0 5.8612347
413.36877 72.0 5.741233
435.23874 72.0 6.0449824
436.58902 72.0 6.0637364
410.39856 72.0 5.69998
418.49884 72.0 5.812484
429.83896 72.0 5.9699855
410.66885 72.0 5.703734
420.92886 72.0 5.8462343
423.0892 72.0 5.876239
412.28882 72.0 5.7262335
430.37958 72.0 5.9774942
408.77872 72.0 5.677482
420.65878 72.0 5.842483
417.9589 72.0 5.8049846
413.09888 72.0 5.7374845
402.83868 72.0 5.5949817
443.33942 72.0 6.1574917
419.8489 72.0 5.831235
405.80853 73.0 5.559021
391.76846 73.0 5.366691
406.88858 73.0 5.5738163
408.77838 73.0 5.599704
413.63876 73.0 5.6662846
422.5486 73.0 5.788337
384.47852 73.0 5.266829
404.72873 73.0 5.544229
407.6987 73.0 5.5849137
397.16885 73.0 5.440669
381.5088 73.0 5.2261477
420.38855 73.0 5.758747
396.89886 73.0 5.4369707
400.40878 73.0 5.4850516
421.46875 73.0 5.7735443
418.49893 73.0 5.732862
403.91867 73.0 5.5331326
393.6589 73.0 5.3925877
415.25876 73.0 5.688476
402.29874 73.0 5.5109415
392.5787 73.0 5.3777905
411.20898 73.0 5.633
388.7986 73.0 5.3260083
391.2286 73.0 5.359296
407.96844 73.0 5.5886087
416.60858 73.0 5.706967
404.45865 73.0 5.5405293
404.45865 73.0 5.5405293
397.97864 73.0 5.451762
388.7989 73.0 5.326012
397.16867 73.0 5.4406667
402.8388 73.0 5.5183396
407.42865 73.0 5.5812144
402.83868 73.0 5.518338
421.4689 73.0 5.7735467
404.18842 73.0 5.5368276
392.0388 73.0 5.370394
403.64835 73.0 5.5294294
414.1787 73.0 5.673681
420.92905 73.0 5.7661514
403.91864 73.0 5.533132
403.37842 74.0 5.45106
382.31888 74.0 5.1664715
385.0189 74.0 5.202958
402.83847 74.0 5.4437633
386.63867 74.0 5.224847
373.13882 74.0 5.0424166
399.86874 74.0 5.4036317
406.34857 74.0 5.491197
369.35873 74.0 4.9913344
365.3088 74.0 4.9366055
379.8887 74.0 5.133631
397.97873 74.0 5.378091
383.1289 74.0 5.1774178
382.31885 74.0 5.166471
407.69852 74.0 5.5094395
402.2987 74.0 5.436469
392.84833 74.0 5.308761
367.7388 74.0 4.9694433
380.1587 74.0 5.1372795
369.89856 74.0 4.998629
388.25864 74.0 5.2467384
373.4087 74.0 5.0460634
377.99854 74.0 5.1080885
382.31866 74.0 5.1664686
398.78873 74.0 5.3890367
382.5885 74.0 5.170115
370.1687 74.0 5.0022798
388.79886 74.0 5.254039
374.48862 74.0 5.060657
383.66858 74.0 5.1847105
386.63885 74.0 5.224849
390.68893 74.0 5.27958
390.14874 74.0 5.27228
385.82867 74.0 5.213901
366.9289 74.0 4.9584985
381.77847 74.0 5.1591687
379.34875 74.0 5.1263347
395.0085 74.0 5.337953
392.30872 74.0 5.3014693
378.26868 74.0 5.1117387
385.01877 74.0 5.202956
373.40878 75.0 4.9787836
372.3287 75.0 4.9643826
380.96866 75.0 5.079582
380.1585 75.0 5.06878
388.52887 75.0 5.180385
378.80878 75.0 5.0507836
376.9187 75.0 5.025583
380.96887 75.0 5.079585
368.81866 75.0 4.917582
366.11856 75.0 4.881581
367.73883 75.0 4.9031844
370.16873 75.0 4.935583
358.82867 75.0 4.7843823
369.62854 75.0 4.9283805
370.70874 75.0 4.9427834
359.0987 75.0 4.7879825
377.7286 75.0 5.0363812
375.02866 75.0 5.000382
372.05872 75.0 4.960783
359.90878 75.0 4.798784
358.28876 75.0 4.7771835
387.44852 75.0 5.1659803
366.11853 75.0 4.8815804
377.1886 75.0 5.0291815
371.51865 75.0 4.953582
375.5687 75.0 5.0075827
382.85876 75.0 5.1047835
373.13852 75.0 4.97518
372.86868 75.0 4.9715824
375.02863 75.0 5.0003815
384.74854 75.0 5.1299806
375.5686 75.0 5.007581
367.73868 75.0 4.9031825
370.43863 75.0 4.939182
358.2888 75.0 4.777184
371.51855 75.0 4.953581
373.94852 75.0 4.98598
386.63885 75.0 5.1551847
393.11862 75.0 5.2415814
392.30844 75.0 5.230779
370.16846 75.0 4.9355793
369.62857 76.0 4.863534
346.6787 76.0 4.561562
350.18872 76.0 4.607746
365.57883 76.0 4.810248
356.12885 76.0 4.685906
355.04855 76.0 4.6716914
367.1985 76.0 4.831559
353.96878 76.0 4.657484
352.88876 76.0 4.6432734
362.06888 76.0 4.7640643
361.5287 76.0 4.7569566
361.52878 76.0 4.7569575
367.19867 76.0 4.8315616
363.14862 76.0 4.778271
367.73862 76.0 4.838666
368.81873 76.0 4.852878
353.6986 76.0 4.653929
360.44873 76.0 4.7427464
346.40894 76.0 4.5580125
369.08856 76.0 4.8564286
367.46866 76.0 4.835114
341.00885 76.0 4.4869585
366.65878 76.0 4.8244576
360.98892 76.0 4.749854
365.03873 76.0 4.803141
377.45847 76.0 4.966559
374.75848 76.0 4.9310327
365.84872 76.0 4.813799
360.71872 76.0 4.746299
370.16852 76.0 4.8706384
355.58865 76.0 4.678798
356.39877 76.0 4.6894574
358.55872 76.0 4.717878
360.1786 76.0 4.739192
358.01874 76.0 4.710773
367.73877 76.0 4.838668
353.9689 76.0 4.6574855
376.64877 76.0 4.955905
353.15878 76.0 4.6468263
373.94867 76.0 4.9203773
375.0288 76.0 4.9345894
355.58875 77.0 4.618036
349.64862 77.0 4.540891
340.7389 77.0 4.4251804
337.22876 77.0 4.3795943
351.2688 77.0 4.5619326
345.32904 77.0 4.4847927
333.98877 77.0 4.3375163
358.82874 77.0 4.6601133
350.1887 77.0 4.547905
342.08878 77.0 4.4427114
360.17856 77.0 4.677644
333.71896 77.0 4.3340125
362.06873 77.0 4.7021914
329.6691 77.0 4.281417
347.75867 77.0 4.5163465
345.05865 77.0 4.4812813
358.55884 77.0 4.656608
349.37857 77.0 4.537384
343.97845 77.0 4.4672527
350.18875 77.0 4.547906
354.77887 77.0 4.6075177
344.78864 77.0 4.4777746
342.35876 77.0 4.4462175
337.49875 77.0 4.3831005
335.60864 77.0 4.358554
341.2792 77.0 4.4321976
334.25888 77.0 4.3410244
355.04865 77.0 4.6110215
338.5788 77.0 4.397127
341.00876 77.0 4.428685
361.25882 77.0 4.691673
348.8388 77.0 4.530374
332.639 77.0 4.3199873
346.13873 77.0 4.4953084
348.5688 77.0 4.5268674
351.53857 77.0 4.565436
353.4284 77.0 4.589979
355.58868 77.0 4.618035
346.94882 77.0 4.505829
349.37845 77.0 4.5373826
360.44867 77.0 4.6811514
349.33237 78.0 4.47862
329.33997 78.0 4.222307
344.46976 78.0 4.416279
336.0943 78.0 4.3089013
327.17822 78.0 4.1945925
333.1225 78.0 4.270801
334.7434 78.0 4.291582
342.57837 78.0 4.3920302
326.0978 78.0 4.1807413
337.445 78.0 4.326218
328.7996 78.0 4.215379
333.6627 78.0 4.2777267
343.1189 78.0 4.39896
328.2593 78.0 4.2084527
348.25183 78.0 4.464767
344.73962 78.0 4.419739
331.5013 78.0 4.2500167
333.66257 78.0 4.277725
336.63458 78.0 4.315828
336.3646 78.0 4.3123665
325.55746 78.0 4.173814
332.58173 78.0 4.2638683
336.90494 78.0 4.319294
343.38904 78.0 4.4024234
345.82028 78.0 4.4335933
336.9048 78.0 4.319292
335.55396 78.0 4.301974
344.19925 78.0 4.412811
329.88028 78.0 4.229234
327.71875 78.0 4.2015224
336.90482 78.0 4.3192925
316.1015 78.0 4.052583
332.58185 78.0 4.26387
336.9047 78.0 4.319291
341.2276 78.0 4.374713
337.7153 78.0 4.3296833
327.98895 78.0 4.2049866
335.2836 78.0 4.2985077
345.82037 78.0 4.4335947
320.96442 78.0 4.1149282
316.1015 78.0 4.052583
314.54892 79.0 3.9816318
321.02896 79.0 4.0636578
325.0787 79.0 4.11492
314.81882 79.0 3.9850483
320.75888 79.0 4.060239
315.8989 79.0 3.9987202
328.3187 79.0 4.155933
314.549 79.0 3.981633
331.01892 79.0 4.190113
317.78882 79.0 4.022643
309.4188 79.0 3.9166934
331.01855 79.0 4.1901083
325.6185 79.0 4.121753
326.42883 79.0 4.1320105
316.16888 79.0 4.0021377
308.06897 79.0 3.8996072
325.3489 79.0 4.1183405
331.0185 79.0 4.1901073
321.56866 79.0 4.0704894
331.5588 79.0 4.196947
333.44855 79.0 4.2208676
312.92883 79.0 3.9611247
341.5487 79.0 4.3234015
317.24878 79.0 4.015807
331.01892 79.0 4.190113
314.279 79.0 3.978215
334.5287 79.0 4.2345405
317.78903 79.0 4.022646
316.1687 79.0 4.0021353
330.47882 79.0 4.183276
318.59888 79.0 4.032897
325.88867 79.0 4.125173
314.81885 79.0 3.9850488
318.8688 79.0 4.036314
326.4286 79.0 4.1320076
320.75876 79.0 4.0602374
323.18878 79.0 4.090997
328.0486 79.0 4.152514
316.70886 79.0 4.008973
325.61877 79.0 4.1217566
333.9885 79.0 4.2277026
302.6688 80.0 3.7833598
291.599 80.0 3.6449876
292.40878 80.0 3.65511
297.26868 80.0 3.7158585
297.2688 80.0 3.71586
328.04877 80.0 4.10061
291.86884 80.0 3.6483605
308.60895 80.0 3.8576117
298.61874 80.0 3.7327344
309.4188 80.0 3.867735
305.90906 80.0 3.823863
305.09882 80.0 3.8137352
319.1389 80.0 3.989236
309.6891 80.0 3.8711135
315.6288 80.0 3.9453602
303.74872 80.0 3.7968588
296.189 80.0 3.7023623
320.21863 80.0 4.0027328
300.7789 80.0 3.7597363
320.75864 80.0 4.009483
314.54858 80.0 3.931857
327.50888 80.0 4.093861
288.08893 80.0 3.6011117
321.5689 80.0 4.0196114
308.3389 80.0 3.8542361
303.47873 80.0 3.7934842
315.35883 80.0 3.9419854
297.269 80.0 3.7158628
298.8888 80.0 3.7361097
318.32877 80.0 3.9791095
305.36902 80.0 3.817113
315.899 80.0 3.9487374
302.66864 80.0 3.7833579
315.62872 80.0 3.945359
294.83887 80.0 3.6854858
300.77878 80.0 3.7597349
303.74902 80.0 3.7968626
318.0588 80.0 3.975735
312.92865 80.0 3.9116082
302.93896 80.0 3.786737
318.86868 80.0 3.9858587
306.17886 81.0 3.779986
302.1288 81.0 3.7299855
283.7689 81.0 3.5033195
288.0889 81.0 3.556653
305.3688 81.0 3.7699852
305.3687 81.0 3.769984
291.329 81.0 3.5966544
294.56897 81.0 3.636654
286.46902 81.0 3.5366545
296.72885 81.0 3.663319
277.82907 81.0 3.4299886
286.46906 81.0 3.5366552
292.40872 81.0 3.6099844
304.0189 81.0 3.7533197
299.15884 81.0 3.693319
284.03897 81.0 3.5066538
288.8987 81.0 3.5666506
281.60886 81.0 3.4766524
293.21884 81.0 3.6199858
294.0289 81.0 3.6299863
287.5489 81.0 3.5499864
292.4089 81.0 3.6099865
302.12888 81.0 3.729986
301.5887 81.0 3.7233176
295.91882 81.0 3.653319
298.07892 81.0 3.6799867
286.19882 81.0 3.5333188
281.60895 81.0 3.4766536
289.709 81.0 3.5766544
299.15887 81.0 3.6933193
280.25894 81.0 3.459987
289.7088 81.0 3.5766518
303.20905 81.0 3.7433214
299.4289 81.0 3.696653
297.26868 81.0 3.6699836
305.09882 81.0 3.7666519
281.33923 81.0 3.4733238
279.44907 81.0 3.4499886
279.98883 81.0 3.4566524
286.19882 81.0 3.5333188
294.839 81.0 3.6399877
284.84897 82.0 3.473768
274.85907 82.0 3.35194
282.14902 82.0 3.4408417
279.98904 82.0 3.4145005
272.699 82.0 3.3255978
278.369 82.0 3.394744
291.32898 82.0 3.5527925
285.65887 82.0 3.483645
292.13885 82.0 3.5626688
281.3389 82.0 3.430962
283.49884 82.0 3.457303
289.43878 82.0 3.5297413
293.75876 82.0 3.582424
263.51913 82.0 3.213648
297.80875 82.0 3.631814
281.60913 82.0 3.4342577
279.17902 82.0 3.404622
287.27893 82.0 3.5034015
271.88898 82.0 3.3157191
276.74893 82.0 3.374987
284.03885 82.0 3.4638884
268.6489 82.0 3.276206
272.69894 82.0 3.325597
278.36905 82.0 3.3947444
288.35892 82.0 3.516572
267.839 82.0 3.266329
281.8789 82.0 3.4375477
274.31918 82.0 3.3453557
283.4988 82.0 3.4573026
272.96912 82.0 3.3288918
285.92892 82.0 3.486938
277.829 82.0 3.3881586
274.31888 82.0 3.3453522
294.299 82.0 3.5890121
278.9091 82.0 3.4013302
280.79907 82.0 3.424379
275.39893 82.0 3.3585234
277.82913 82.0 3.38816
278.36914 82.0 3.3947456
276.47906 82.0 3.371696
266.48892 82.0 3.249865
276.47897 83.0 3.3310719
253.25922 83.0 3.0513158
265.94907 83.0 3.2042055
272.9691 83.0 3.288784
262.97913 83.0 3.1684232
260.0091 83.0 3.1326396
267.83917 83.0 3.2269778
262.43878 83.0 3.1619132
256.769 83.0 3.0936024
252.7192 83.0 3.0448096
270.80896 83.0 3.2627587
269.9988 83.0 3.2529976
264.3289 83.0 3.1846852
257.84924 83.0 3.1066175
262.16904 83.0 3.1586633
254.60924 83.0 3.0675812
268.37897 83.0 3.2334816
281.60883 83.0 3.3928773
253.25922 83.0 3.0513158
260.009 83.0 3.1326387
264.0591 83.0 3.181435
266.48892 83.0 3.21071
269.1889 83.0 3.2432396
262.70883 83.0 3.1651666
277.28885 83.0 3.3408294
271.07892 83.0 3.266011
267.83908 83.0 3.2269769
270.53906 83.0 3.2595067
254.06912 83.0 3.0610738
262.97894 83.0 3.168421
269.45898 83.0 3.2464938
255.149 83.0 3.0740843
267.56894 83.0 3.223722
265.949 83.0 3.204205
268.64908 83.0 3.2367358
265.13907 83.0 3.1944466
271.3491 83.0 3.2692661
267.56903 83.0 3.2237232
264.05896 83.0 3.1814332
267.83896 83.0 3.2269754
269.99893 83.0 3.252999
255.41904 84.0 3.0407028
253.52925 84.0 3.0182054
246.23921 84.0 2.9314191
239.75908 84.0 2.8542747
260.27924 84.0 3.0985622
240.02916 84.0 2.85749
250.82906 84.0 2.9860601
257.84927 84.0 3.0696342
247.04904 84.0 2.94106
266.4889 84.0 3.1724868
245.96915 84.0 2.928204
252.44925 84.0 3.0053482
253.79916 84.0 3.0214186
246.77933 84.0 2.937849
248.93913 84.0 2.963561
255.95905 84.0 3.0471315
248.39928 84.0 2.9571342
255.41919 84.0 3.0407047
250.28912 84.0 2.9796324
250.55913 84.0 2.9828467
246.50922 84.0 2.9346335
261.89905 84.0 3.1178458
247.85916 84.0 2.9507043
256.22897 84.0 3.050345
248.66904 84.0 2.9603457
264.05896 84.0 3.143559
244.61916 84.0 2.9121327
245.15926 84.0 2.9185627
260.27905 84.0 3.09856
238.4093 84.0 2.838206
250.01889 84.0 2.9764154
245.1589 84.0 2.9185584
255.9591 84.0 3.0471323
258.11905 84.0 3.072846
243.53905 84.0 2.8992743
246.23909 84.0 2.9314177
253.52893 84.0 3.0182016
247.0491 84.0 2.9410608
253.79897 84.0 3.0214162
252.17911 84.0 3.0021322
249.74908 84.0 2.9732034
244.88904 85.0 2.8810475
234.8993 85.0 2.7635212
239.48927 85.0 2.8175209
230.30913 85.0 2.7095191
235.97925 85.0 2.7762265
241.64922 85.0 2.842932
237.32921 85.0 2.7921083
242.18918 85.0 2.8492844
241.1091 85.0 2.8365777
235.16908 85.0 2.766695
229.2292 85.0 2.696814
229.76927 85.0 2.703168
231.3893 85.0 2.722227
233.8193 85.0 2.7508154
234.62907 85.0 2.7603421
233.54921 85.0 2.7476377
233.27919 85.0 2.744461
238.94917 85.0 2.8111668
235.70932 85.0 2.7730508
225.71931 85.0 2.6555214
247.58925 85.0 2.9128146
235.70923 85.0 2.7730498
235.70915 85.0 2.7730489
225.44923 85.0 2.652344
245.6991 85.0 2.8905776
239.759 85.0 2.8206942
244.88918 85.0 2.8810492
237.05911 85.0 2.7889307
226.79932 85.0 2.6682272
247.31906 85.0 2.909636
228.68936 85.0 2.690463
240.56918 85.0 2.8302257
239.75925 85.0 2.820697
238.1392 85.0 2.8016376
240.02914 85.0 2.8238723
249.20921 85.0 2.931873
229.76927 85.0 2.703168
236.78905 85.0 2.7857535
248.12918 85.0 2.9191668
235.70915 85.0 2.7730489
244.61916 85.0 2.8778725
214.64955 86.0 2.495925
209.51929 86.0 2.4362707
219.50938 86.0 2.5524347
218.1594 86.0 2.5367372
216.26938 86.0 2.5147603
230.57924 86.0 2.681154
221.39922 86.0 2.5744095
220.58932 86.0 2.5649922
215.18932 86.0 2.5022013
220.31941 86.0 2.5618536
234.08916 86.0 2.721967
225.44931 86.0 2.6215036
218.96938 86.0 2.5461555
220.31934 86.0 2.5618527
223.28911 86.0 2.596385
226.79929 86.0 2.637201
223.55927 86.0 2.5995264
232.73927 86.0 2.7062707
232.19931 86.0 2.699992
224.63925 86.0 2.6120844
221.66948 86.0 2.577552
223.55937 86.0 2.5995276
224.36925 86.0 2.6089447
220.58955 86.0 2.5649948
223.01932 86.0 2.593248
221.39941 86.0 2.5744119
217.07938 86.0 2.5241787
219.2392 86.0 2.549293
220.58943 86.0 2.5649934
215.99936 86.0 2.5116205
219.50945 86.0 2.5524354
218.96931 86.0 2.5461547
222.7494 86.0 2.5901093
220.31934 86.0 2.5618527
222.20943 86.0 2.5838306
217.88939 86.0 2.5335975
223.82935 86.0 2.6026669
233.54915 86.0 2.7156878
227.3392 86.0 2.643479
227.8793 86.0 2.6497593
222.2093 86.0 2.5838292
201.14958 87.0 2.3120642
207.89949 87.0 2.3896494
200.33963 87.0 2.3027544
202.49959 87.0 2.3275814
204.92952 87.0 2.3555117
204.38951 87.0 2.3493047
210.05957 87.0 2.4144778
207.89952 87.0 2.3896496
208.16937 87.0 2.3927515
200.06952 87.0 2.2996497
205.1994 87.0 2.3586137
219.50932 87.0 2.5230956
214.37946 87.0 2.4641316
210.5995 87.0 2.4206839
200.33952 87.0 2.3027532
204.92949 87.0 2.3555114
208.9795 87.0 2.4020634
208.97961 87.0 2.4020646
200.0695 87.0 2.2996495
213.02933 87.0 2.448613
208.70943 87.0 2.398959
204.92949 87.0 2.3555114
200.87946 87.0 2.3089592
213.56929 87.0 2.4548194
208.70956 87.0 2.3989606
202.76945 87.0 2.3306835
207.08952 87.0 2.3803394
206.00943 87.0 2.3679245
203.57921 87.0 2.3399909
211.67953 87.0 2.433098
217.07942 87.0 2.4951658
198.17953 87.0 2.2779257
199.79948 87.0 2.2965457
207.89952 87.0 2.3896496
193.58966 87.0 2.2251685
206.5494 87.0 2.374131
202.76955 87.0 2.3306844
211.40944 87.0 2.4299936
210.05934 87.0 2.4144752
208.70935 87.0 2.398958
208.97932 87.0 2.4020612
193.85951 88.0 2.202949
186.56973 88.0 2.1201105
190.88947 88.0 2.1691985
196.01941 88.0 2.2274933
206.27936 88.0 2.3440835
198.44951 88.0 2.255108
199.25954 88.0 2.264313
183.86954 88.0 2.0894265
195.47949 88.0 2.2213578
195.47949 88.0 2.2213578
200.60947 88.0 2.279653
192.77957 88.0 2.190677
186.83954 88.0 2.1231766
194.6696 88.0 2.2121546
199.25946 88.0 2.264312
190.88959 88.0 2.1692
190.07959 88.0 2.1599953
194.93944 88.0 2.215221
190.34964 88.0 2.163064
190.0797 88.0 2.1599965
200.3396 88.0 2.2765863
188.9994 88.0 2.1477206
194.39937 88.0 2.2090838
203.30965 88.0 2.3103368
194.9395 88.0 2.2152216
198.4494 88.0 2.255107
190.61961 88.0 2.166132
197.09949 88.0 2.2397668
193.04951 88.0 2.1937444
194.9396 88.0 2.2152228
192.50952 88.0 2.1876082
189.26956 88.0 2.1507905
196.28949 88.0 2.2305624
193.04953 88.0 2.1937447
189.80957 88.0 2.1569269
194.39941 88.0 2.2090843
200.60944 88.0 2.2796526
213.83936 88.0 2.4299927
192.77957 88.0 2.190677
186.29942 88.0 2.117039
188.45961 88.0 2.1415865
187.10968 89.0 2.102356
177.3895 89.0 1.9931403
178.46962 89.0 2.0052767
178.7397 89.0 2.0083113
182.24965 89.0 2.0477488
173.6096 89.0 1.9506696
186.02954 89.0 2.0902195
181.43962 89.0 2.0386474
183.05952 89.0 2.0568485
176.57973 89.0 1.9840418
175.7696 89.0 1.9749395
176.03949 89.0 1.9779718
183.32947 89.0 2.0598817
186.8395 89.0 2.0993202
178.19957 89.0 2.0022423
184.40948 89.0 2.0720167
187.10947 89.0 2.1023536
182.7895 89.0 2.0538146
184.40959 89.0 2.072018
181.16959 89.0 2.0356133
181.43973 89.0 2.0386486
173.60957 89.0 1.9506694
177.65967 89.0 1.996176
176.57976 89.0 1.9840423
174.14967 89.0 1.9567379
178.73962 89.0 2.0083103
176.30952 89.0 1.9810059
180.62965 89.0 2.0295467
181.7095 89.0 2.0416799
171.98955 89.0 1.9324669
177.9296 89.0 1.9992089
186.56956 89.0 2.0962873
183.86958 89.0 2.0659504
173.60971 89.0 1.950671
180.08968 89.0 2.0234795
173.3396 89.0 1.947636
177.3896 89.0 1.9931415
186.02957 89.0 2.09022
181.97961 89.0 2.0447147
182.24962 89.0 2.0477486
174.41975 89.0 1.9597725
164.1597 90.0 1.8239967
157.4097 90.0 1.7489967
153.89986 90.0 1.7099984
164.15971 90.0 1.8239969
168.2097 90.0 1.8689967
167.93964 90.0 1.865996
165.77962 90.0 1.8419957
163.34962 90.0 1.8149958
167.39972 90.0 1.8599969
163.07971 90.0 1.8119968
158.48973 90.0 1.7609969
161.99976 90.0 1.7999972
164.96964 90.0 1.832996
161.99976 90.0 1.7999972
168.2097 90.0 1.8689966
160.10974 90.0 1.7789972
170.09964 90.0 1.889996
161.99968 90.0 1.7999964
162.53978 90.0 1.8059976
170.09961 90.0 1.8899957
168.47963 90.0 1.8719959
163.07965 90.0 1.8119961
171.44962 90.0 1.9049958
167.12961 90.0 1.8569957
161.45967 90.0 1.7939963
160.64973 90.0 1.784997
164.42972 90.0 1.8269968
167.12961 90.0 1.8569957
164.42963 90.0 1.8269958
171.44965 90.0 1.904996
160.64973 90.0 1.784997
161.18973 90.0 1.790997
170.36958 90.0 1.8929954
164.42975 90.0 1.8269972
160.10968 90.0 1.7789965
164.15976 90.0 1.8239974
169.28972 90.0 1.8809968
161.99959 90.0 1.7999954
171.4496 90.0 1.9049956
165.77979 90.0 1.8419976
163.3497 90.0 1.8149966
