125.009995 1.0 125.009995
127.71 1.0 127.71
125.819984 1.0 125.819984
126.630005 1.0 126.630005
123.93001 1.0 123.93001
124.46999 1.0 124.46999
126.36 1.0 126.36
127.71 1.0 127.71
126.36 1.0 126.36
126.08998 1.0 126.08998
129.32999 1.0 129.32999
128.25 1.0 128.25
125.81997 1.0 125.81997
124.20001 1.0 124.20001
125.27999 1.0 125.27999
126.62998 1.0 126.62998
125.01001 1.0 125.01001
126.9 1.0 126.9
126.630005 1.0 126.630005
126.36001 1.0 126.36001
125.54999 1.0 125.54999
126.090004 1.0 126.090004
126.08999 1.0 126.08999
125.81999 1.0 125.81999
125.819984 1.0 125.819984
123.119995 1.0 123.119995
126.62999 1.0 126.62999
127.17 1.0 127.17
126.90001 1.0 126.90001
125.819984 1.0 125.819984
124.46999 1.0 124.46999
125.009995 1.0 125.009995
125.54999 1.0 125.54999
126.08999 1.0 126.08999
123.659996 1.0 123.659996
127.170006 1.0 127.170006
126.9 1.0 126.9
125.81999 1.0 125.81999
127.97998 1.0 127.97998
123.66001 1.0 123.66001
125.54999 1.0 125.54999
252.72006 2.0 126.36003
250.56001 2.0 125.28001
252.45003 2.0 126.22501
253.80002 2.0 126.90001
252.99004 2.0 126.49502
253.80005 2.0 126.900024
250.83005 2.0 125.41502
250.56001 2.0 125.28001
255.42004 2.0 127.71002
253.8 2.0 126.9
247.59001 2.0 123.795006
252.18001 2.0 126.090004
250.29004 2.0 125.14502
254.06999 2.0 127.034996
248.67004 2.0 124.33502
251.1 2.0 125.55
250.29001 2.0 125.145004
255.42 2.0 127.71
254.60999 2.0 127.30499
249.48001 2.0 124.740005
254.61003 2.0 127.305016
252.72 2.0 126.36
248.4 2.0 124.2
250.29004 2.0 125.14502
253.26001 2.0 126.630005
252.98999 2.0 126.494995
253.53003 2.0 126.765015
251.37 2.0 125.685
253.53 2.0 126.765
254.34006 2.0 127.17003
250.29001 2.0 125.145004
249.75003 2.0 124.875015
251.10002 2.0 125.55001
252.72005 2.0 126.36002
251.1 2.0 125.55
250.29001 2.0 125.145004
253.79997 2.0 126.89999
249.21004 2.0 124.60502
253.53003 2.0 126.765015
254.87997 2.0 127.43999
251.64001 2.0 125.82001
375.30005 3.0 125.10002
379.89014 3.0 126.63004
373.41003 3.0 124.47002
376.11008 3.0 125.370026
374.76013 3.0 124.920044
377.46 3.0 125.82
377.19006 3.0 125.73002
381.2401 3.0 127.08004
377.46008 3.0 125.82003
374.22 3.0 124.74
376.92007 3.0 125.64002
379.08 3.0 126.35999
376.6501 3.0 125.550026
371.25006 3.0 123.750015
376.1101 3.0 125.37004
377.4601 3.0 125.82004
375.57007 3.0 125.190025
375.30002 3.0 125.100006
376.6501 3.0 125.55003
379.08017 3.0 126.360054
379.35013 3.0 126.45004
382.05005 3.0 127.35001
381.7801 3.0 127.26003
378.54007 3.0 126.18002
379.62 3.0 126.53999
375.84006 3.0 125.28002
376.11005 3.0 125.37002
378.81 3.0 126.270004
375.30005 3.0 125.10002
378.54004 3.0 126.180016
376.11005 3.0 125.37002
377.46008 3.0 125.82003
377.73 3.0 125.91
378.81006 3.0 126.27002
379.62012 3.0 126.54004
375.84003 3.0 125.280014
376.1101 3.0 125.37003
380.16013 3.0 126.72004
371.25003 3.0 123.75001
379.89008 3.0 126.63002
376.65005 3.0 125.55002
503.55005 4.0 125.88751
505.98004 4.0 126.49501
498.6901 4.0 124.67252
504.09015 4.0 126.02254
506.25018 4.0 126.562546
500.04004 4.0 125.01001
503.01 4.0 125.7525
504.63004 4.0 126.15751
500.58008 4.0 125.14502
507.05997 4.0 126.76499
504.90005 4.0 126.22501
504.35992 4.0 126.08998
499.7701 4.0 124.94253
502.74014 4.0 125.685036
499.23013 4.0 124.80753
503.27997 4.0 125.81999
499.77002 4.0 124.942505
507.87006 4.0 126.967514
501.39005 4.0 125.34751
502.2 4.0 125.55
499.50006 4.0 124.875015
500.31015 4.0 125.07754
501.38998 4.0 125.347496
505.1701 4.0 126.29253
501.93008 4.0 125.48252
507.6001 4.0 126.900024
504.36002 4.0 126.090004
504.3601 4.0 126.09003
501.12003 4.0 125.28001
503.82007 4.0 125.95502
504.63007 4.0 126.15752
501.12006 4.0 125.280014
501.93002 4.0 125.482506
501.93008 4.0 125.48252
505.44 4.0 126.36
501.66006 4.0 125.415016
504.09003 4.0 126.02251
505.97998 4.0 126.494995
501.93008 4.0 125.48252
502.20013 4.0 125.55003
505.98007 4.0 126.49502
423.36005 5.0 84.67201
465.21 5.0 93.042
479.5201 5.0 95.90402
440.91006 5.0 88.182014
452.79004 5.0 90.55801
437.67014 5.0 87.53403
426.87 5.0 85.374
459.5401 5.0 91.90802
502.47012 5.0 100.494026
548.37 5.0 109.673996
546.48 5.0 109.29599
502.47012 5.0 100.494026
476.55014 5.0 95.31003
401.76 5.0 80.352005
420.12012 5.0 84.024025
441.18005 5.0 88.23601
439.56 5.0 87.912
424.98013 5.0 84.996025
416.60995 5.0 83.32199
426.06012 5.0 85.21202
436.32004 5.0 87.26401
453.87018 5.0 90.77403
483.02997 5.0 96.605995
441.99 5.0 88.397995
459.0 5.0 91.8
500.04004 5.0 100.00801
525.95996 5.0 105.19199
459.0001 5.0 91.80002
487.07996 5.0 97.41599
437.4001 5.0 87.48002
482.22 5.0 96.444
470.3401 5.0 94.068016
490.04993 5.0 98.00999
471.9601 5.0 94.39202
477.90005 5.0 95.58001
489.51004 5.0 97.90201
540.0001 5.0 108.00003
520.8299 5.0 104.16598
499.22992 5.0 99.845985
435.23993 5.0 87.04799
421.74 5.0 84.348
527.5801 6.0 87.930016
502.2 6.0 83.700005
573.48004 6.0 95.58001
465.48 6.0 77.58
434.69998 6.0 72.45
417.96008 6.0 69.66001
488.7 6.0 81.450005
452.25006 6.0 75.37501
481.94983 6.0 80.324974
419.31012 6.0 69.88502
449.81995 6.0 74.96999
478.9802 6.0 79.83003
494.37018 6.0 82.39503
507.33005 6.0 84.55501
428.48996 6.0 71.41499
427.68 6.0 71.28
415.8 6.0 69.299995
495.72003 6.0 82.62
440.90997 6.0 73.48499
457.11008 6.0 76.18501
426.05997 6.0 71.009995
460.08002 6.0 76.68
456.30002 6.0 76.05
463.05002 6.0 77.175
471.68985 6.0 78.614975
451.44 6.0 75.24
466.56006 6.0 77.76001
514.35 6.0 85.725
512.1901 6.0 85.36502
466.28998 6.0 77.715
441.45 6.0 73.575005
439.02002 6.0 73.170006
451.71002 6.0 75.285
436.59 6.0 72.765
438.21008 6.0 73.03501
447.38992 6.0 74.56499
434.43008 6.0 72.405014
467.64008 6.0 77.94001
501.3901 6.0 83.56502
523.26 6.0 87.21001
517.86005 6.0 86.310005
415.53006 7.0 59.36144
371.79 7.0 53.112858
461.16003 7.0 65.880005
437.40012 7.0 62.48573
475.19992 7.0 67.885704
477.90012 7.0 68.27145
476.55002 7.0 68.078575
475.46994 7.0 67.92428
426.06018 7.0 60.86574
392.31006 7.0 56.044292
398.24994 7.0 56.89285
413.64005 7.0 59.091434
483.57007 7.0 69.081436
461.43005 7.0 65.91858
466.29004 7.0 66.61286
436.31998 7.0 62.331425
437.40005 7.0 62.48572
464.67 7.0 66.38143
521.6399 7.0 74.51998
563.2201 7.0 80.460014
531.0901 7.0 75.87001
441.45004 7.0 63.064293
410.4 7.0 58.62857
398.79004 7.0 56.970005
396.36 7.0 56.622856
414.18008 7.0 59.168583
432.26996 7.0 61.752853
432.53998 7.0 61.791428
378.54007 7.0 54.077152
383.94 7.0 54.84857
422.55 7.0 60.364285
420.12003 7.0 60.017147
522.99005 7.0 74.71287
453.06003 7.0 64.72286
476.00998 7.0 68.00143
414.71997 7.0 59.24571
410.13004 7.0 58.590004
391.22998 7.0 55.889996
396.36005 7.0 56.622864
404.46002 7.0 57.780003
419.58 7.0 59.94
420.39005 8.0 52.548756
436.05 8.0 54.50625
469.26016 8.0 58.65752
494.64014 8.0 61.830017
463.0501 8.0 57.881264
478.17023 8.0 59.77128
460.08 8.0 57.51
438.21002 8.0 54.776253
430.65 8.0 53.83125
397.44 8.0 49.68
417.69 8.0 52.21125
433.35 8.0 54.16875
423.9 8.0 52.9875
443.61005 8.0 55.451256
446.85004 8.0 55.856255
427.14005 8.0 53.392506
444.6901 8.0 55.58626
445.49994 8.0 55.687492
494.10004 8.0 61.762505
433.88998 8.0 54.236248
490.32007 8.0 61.29001
500.58 8.0 62.5725
463.59003 8.0 57.948753
466.83008 8.0 58.35376
417.42007 8.0 52.17751
434.70004 8.0 54.337505
441.99008 8.0 55.24876
447.93002 8.0 55.991253
435.77994 8.0 54.472492
477.09 8.0 59.63625
397.44006 8.0 49.680008
468.7199 8.0 58.58999
446.5799 8.0 55.822487
534.87024 8.0 66.85878
447.39014 8.0 55.923767
426.33 8.0 53.29125
380.97003 8.0 47.621254
419.85004 8.0 52.481255
478.98004 8.0 59.872505
489.7802 8.0 61.222527
447.65997 8.0 55.957497
420.93005 9.0 46.770004
461.6999 9.0 51.299988
478.98004 9.0 53.220005
404.19 9.0 44.91
460.88986 9.0 51.209984
473.84995 9.0 52.649994
407.1599 9.0 45.23999
402.57007 9.0 44.730007
412.02005 9.0 45.780006
415.53003 9.0 46.170002
431.99997 9.0 47.999996
402.03006 9.0 44.670006
416.34 9.0 46.26
450.36002 9.0 50.04
459.81 9.0 51.09
407.96994 9.0 45.329994
453.06012 9.0 50.34001
385.28986 9.0 42.809982
511.64996 9.0 56.849995
471.42 9.0 52.38
443.3401 9.0 49.26001
475.74 9.0 52.86
483.57016 9.0 53.73002
473.31 9.0 52.59
460.35004 9.0 51.150005
511.91977 9.0 56.879974
489.51 9.0 54.39
511.65015 9.0 56.850018
440.36993 9.0 48.929993
434.43008 9.0 48.270008
418.49997 9.0 46.499996
458.72995 9.0 50.969994
488.43008 9.0 54.270008
386.09998 9.0 42.899998
438.74988 9.0 48.749985
463.59012 9.0 51.510014
450.36005 9.0 50.040005
488.69998 9.0 54.3
469.26007 9.0 52.140007
484.92 9.0 53.88
426.33008 9.0 47.37001
485.46005 10.0 48.546005
473.58 10.0 47.357998
383.13004 10.0 38.313004
395.01 10.0 39.501
523.5303 10.0 52.353027
426.0599 10.0 42.60599
373.1401 10.0 37.31401
511.92014 10.0 51.192013
479.79016 10.0 47.979015
494.64008 10.0 49.46401
423.09006 10.0 42.309006
390.96002 10.0 39.096
446.85004 10.0 44.685005
443.34003 10.0 44.334003
437.12994 10.0 43.712994
485.72998 10.0 48.572998
445.23004 10.0 44.523003
460.88992 10.0 46.088993
472.23007 10.0 47.223007
403.38007 10.0 40.338005
428.49002 10.0 42.849003
464.66992 10.0 46.46699
422.81998 10.0 42.281998
484.11 10.0 48.411
439.01996 10.0 43.901997
506.79 10.0 50.679
428.21997 10.0 42.822
494.64005 10.0 49.464005
437.12988 10.0 43.71299
399.33 10.0 39.933
417.68997 10.0 41.768997
451.17 10.0 45.117
442.2599 10.0 44.22599
410.67 10.0 41.067
433.35007 10.0 43.335007
372.86987 10.0 37.286987
415.52982 10.0 41.552982
484.65002 10.0 48.465004
399.05994 10.0 39.905994
435.77988 10.0 43.577988
379.34995 10.0 37.934994
443.33984 11.0 40.303623
434.16006 11.0 39.469097
379.07983 11.0 34.461803
461.7002 11.0 41.972744
445.77 11.0 40.524544
425.51987 11.0 38.683624
454.13983 11.0 41.28544
392.84985 11.0 35.713623
470.34006 11.0 42.758186
494.6399 11.0 44.967262
453.05994 11.0 41.187267
464.9398 11.0 42.267254
417.96005 11.0 37.99637
467.91003 11.0 42.537277
461.97003 11.0 41.997276
434.96997 11.0 39.542725
383.4 11.0 34.854546
370.98 11.0 33.725456
391.22998 11.0 35.56636
445.4999 11.0 40.499992
448.46997 11.0 40.769997
464.66992 11.0 42.24272
475.7399 11.0 43.24908
435.78003 11.0 39.616367
492.20984 11.0 44.74635
456.56995 11.0 41.50636
419.30997 11.0 38.119087
452.25 11.0 41.113636
397.16998 11.0 36.10636
439.01987 11.0 39.910896
394.47 11.0 35.86091
466.01993 11.0 42.365448
397.43994 11.0 36.130905
425.24997 11.0 38.65909
427.94995 11.0 38.90454
441.44995 11.0 40.131813
374.21997 11.0 34.019997
368.81995 11.0 33.529087
495.18015 11.0 45.016376
474.66003 11.0 43.150913
460.88995 11.0 41.899086
414.99005 12.0 34.582504
459.26996 12.0 38.272495
467.36987 12.0 38.94749
431.72998 12.0 35.977497
425.2501 12.0 35.437508
412.28986 12.0 34.357487
415.26 12.0 34.605
457.6499 12.0 38.137493
453.59998 12.0 37.8
439.2899 12.0 36.60749
412.02 12.0 34.335
448.46997 12.0 37.372498
422.01007 12.0 35.167507
430.10992 12.0 35.842495
445.23 12.0 37.1025
437.12997 12.0 36.427498
427.13995 12.0 35.594997
429.02985 12.0 35.752487
446.57986 12.0 37.21499
416.33984 12.0 34.69499
403.10992 12.0 33.592495
407.15985 12.0 33.92999
473.58014 12.0 39.46501
458.72983 12.0 38.227486
479.51984 12.0 39.959988
440.09998 12.0 36.675
457.11005 12.0 38.092503
446.03998 12.0 37.17
407.69998 12.0 33.975
392.03998 12.0 32.67
411.75 12.0 34.3125
436.59003 12.0 36.382504
493.2901 12.0 41.10751
434.16 12.0 36.18
492.20993 12.0 41.017494
477.63 12.0 39.8025
467.9099 12.0 38.992493
415.79984 12.0 34.649986
352.3499 12.0 29.362492
420.92993 12.0 35.077496
416.06992 12.0 34.672493
449.81982 13.0 34.601524
394.74 13.0 30.364614
415.7999 13.0 31.984608
445.49994 13.0 34.269226
497.61005 13.0 38.277695
450.89987 13.0 34.684605
432.54007 13.0 33.272312
400.13992 13.0 30.779995
433.88992 13.0 33.37615
460.88983 13.0 35.453064
518.39984 13.0 39.87691
444.96 13.0 34.22769
478.70993 13.0 36.82384
449.28003 13.0 34.56
443.0699 13.0 34.0823
413.36996 13.0 31.79769
409.58984 13.0 31.506912
424.1699 13.0 32.628452
362.8799 13.0 27.91384
451.16968 13.0 34.70536
367.7399 13.0 28.287685
441.99002 13.0 33.999233
367.19995 13.0 28.24615
413.09995 13.0 31.776918
456.83987 13.0 35.14153
434.97006 13.0 33.459236
442.79974 13.0 34.06152
395.27994 13.0 30.406149
453.87003 13.0 34.91308
420.66003 13.0 32.358463
385.82993 13.0 29.679224
406.34995 13.0 31.257689
402.83994 13.0 30.987688
457.92007 13.0 35.22462
379.88992 13.0 29.222301
432.2699 13.0 33.25153
434.42996 13.0 33.41769
474.38995 13.0 36.491535
426.86975 13.0 32.836136
441.44998 13.0 33.95769
422.81982 13.0 32.5246
433.62003 14.0 30.972858
391.77002 14.0 27.983572
375.56995 14.0 26.826424
414.98996 14.0 29.64214
456.84003 14.0 32.63143
452.52 14.0 32.322857
443.0699 14.0 31.647848
425.51996 14.0 30.394283
413.1 14.0 29.507143
440.36978 14.0 31.454985
422.8199 14.0 30.20142
436.8599 14.0 31.204279
425.52002 14.0 30.394287
432.26978 14.0 30.876413
453.59998 14.0 32.399998
473.30978 14.0 33.807842
432.0 14.0 30.857143
423.35992 14.0 30.239994
410.93994 14.0 29.352854
454.1401 14.0 32.43858
387.44995 14.0 27.674997
422.28012 14.0 30.162867
436.31998 14.0 31.165712
450.0901 14.0 32.149292
390.41977 14.0 27.887127
444.14996 14.0 31.724997
440.37003 14.0 31.455002
492.74988 14.0 35.19642
518.94006 14.0 37.067146
444.9601 14.0 31.782866
417.96002 14.0 29.854286
457.92 14.0 32.708572
498.42004 14.0 35.601433
429.0297 14.0 30.644978
348.8399 14.0 24.917135
413.91 14.0 29.565
399.06003 14.0 28.504288
487.8899 14.0 34.849277
389.07 14.0 27.790714
403.9199 14.0 28.851421
399.87 14.0 28.562143
533.52026 15.000001 35.568016
463.3199 15.000001 30.88799
403.64978 15.000001 26.909983
445.76996 15.000001 29.717995
461.42987 15.000001 30.76199
416.0699 15.000001 27.737991
414.17984 15.000001 27.611988
400.14005 15.000001 26.676
452.24988 15.000001 30.14999
399.8699 15.000001 26.657991
408.24002 15.000001 27.216
505.16998 15.000001 33.677998
400.40982 15.000001 26.693987
433.0799 15.000001 28.871992
420.6602 15.000001 28.04401
443.07 15.000001 29.537998
462.77997 15.000001 30.851995
444.69012 15.000001 29.646006
423.90002 15.000001 28.26
441.18005 15.000001 29.412003
395.54987 15.000001 26.36999
438.21005 15.000001 29.214
395.01004 15.000001 26.334002
407.69995 15.000001 27.179995
462.77997 15.000001 30.851995
475.2001 15.000001 31.680004
446.84998 15.000001 29.789997
457.11 15.000001 30.473997
451.43997 15.000001 30.095997
447.3897 15.000001 29.82598
458.46 15.000001 30.563997
487.34995 15.000001 32.489994
451.44022 15.000001 30.096012
408.78003 15.000001 27.252
464.67 15.000001 30.977999
410.12988 15.000001 27.34199
468.7199 15.000001 31.247992
420.12006 15.000001 28.008001
410.3999 15.000001 27.359991
483.8398 15.000001 32.255985
449.82 15.000001 29.987999
476.81992 16.0 29.801245
436.04996 16.0 27.253122
424.43985 16.0 26.52749
396.3598 16.0 24.772488
377.72998 16.0 23.608124
468.4498 16.0 29.278112
413.0999 16.0 25.818745
407.6998 16.0 25.481237
394.73987 16.0 24.671242
435.50977 16.0 27.21936
399.8699 16.0 24.991869
414.17993 16.0 25.886246
496.8002 16.0 31.050013
397.43997 16.0 24.839998
392.8499 16.0 24.55312
431.72992 16.0 26.98312
426.86993 16.0 26.67937
438.74994 16.0 27.421871
418.76996 16.0 26.173122
436.59 16.0 27.286875
456.83994 16.0 28.552496
439.5599 16.0 27.472494
442.52994 16.0 27.658121
432.5398 16.0 27.033737
420.39008 16.0 26.27438
423.62994 16.0 26.476871
432.0 16.0 27.0
414.9899 16.0 25.936869
420.9301 16.0 26.308132
417.41998 16.0 26.088749
439.02002 16.0 27.438751
407.96988 16.0 25.498117
434.16006 16.0 27.135004
441.17987 16.0 27.573742
468.9898 16.0 29.311863
413.36987 16.0 25.835617
435.77997 16.0 27.236248
385.82974 16.0 24.114359
413.1 16.0 25.81875
442.52994 16.0 27.658121
418.77002 16.0 26.173126
393.9298 17.0 23.172342
386.36984 17.0 22.727638
433.61987 17.0 25.507051
409.04984 17.0 24.061754
385.02002 17.0 22.648237
437.12994 17.0 25.713526
444.1502 17.0 26.126482
449.00992 17.0 26.412348
450.89987 17.0 26.523521
437.39993 17.0 25.729408
412.56003 17.0 24.268236
447.11987 17.0 26.301168
438.20996 17.0 25.777056
448.74 17.0 26.39647
459.53992 17.0 27.03176
402.56985 17.0 23.68058
402.02997 17.0 23.64882
402.84003 17.0 23.696472
471.15005 17.0 27.714708
408.23987 17.0 24.01411
361.8 17.0 21.282352
424.16977 17.0 24.951162
423.8999 17.0 24.935287
422.55005 17.0 24.855885
495.44995 17.0 29.144115
419.84995 17.0 24.697056
402.02982 17.0 23.648813
397.1698 17.0 23.36293
422.0098 17.0 24.824106
386.90988 17.0 22.759405
397.97983 17.0 23.410578
437.4 17.0 25.729412
432.26993 17.0 25.427643
431.18985 17.0 25.364109
422.54974 17.0 24.855867
426.86972 17.0 25.109983
452.51987 17.0 26.618816
412.5599 17.0 24.26823
400.94992 17.0 23.585289
429.29996 17.0 25.25294
479.24994 17.0 28.191174
459.80972 18.0 25.544985
382.58987 18.0 21.254993
420.92993 18.0 23.384996
451.43982 18.0 25.07999
385.8297 18.0 21.434984
436.05002 18.0 24.225
372.86987 18.0 20.714993
395.54977 18.0 21.974987
358.0198 18.0 19.88999
462.77988 18.0 25.709993
440.1001 18.0 24.450005
426.86975 18.0 23.714987
414.98984 18.0 23.05499
413.63977 18.0 22.979988
406.07983 18.0 22.55999
434.15982 18.0 24.11999
384.20984 18.0 21.344992
420.38974 18.0 23.354986
431.45993 18.0 23.969995
425.5196 18.0 23.639977
395.27985 18.0 21.959991
410.12988 18.0 22.784994
386.3697 18.0 21.464983
442.80005 18.0 24.600002
407.96988 18.0 22.664993
393.6599 18.0 21.869995
407.69995 18.0 22.649998
385.5599 18.0 21.419994
445.7699 18.0 24.764994
440.09995 18.0 24.449997
412.55988 18.0 22.919992
358.8299 18.0 19.934994
429.2999 18.0 23.849995
413.09985 18.0 22.949991
480.60004 18.0 26.700003
422.00983 18.0 23.44499
463.85962 18.0 25.76998
428.2199 18.0 23.789995
390.95984 18.0 21.719992
432.8099 18.0 24.044994
440.36993 18.0 24.464996
444.1499 19.0 23.37631
431.18988 19.0 22.694204
425.51987 19.0 22.395782
442.53003 19.0 23.291054
443.0699 19.0 23.319468
404.99982 19.0 21.31578
413.3698 19.0 21.756306
407.43 19.0 21.443684
419.30997 19.0 22.068945
356.12976 19.0 18.743671
466.83008 19.0 24.570004
401.4898 19.0 21.131042
457.6498 19.0 24.086832
414.17987 19.0 21.79894
456.83978 19.0 24.044199
402.02985 19.0 21.159466
368.00983 19.0 19.368938
408.50986 19.0 21.500519
420.66003 19.0 22.140001
427.1401 19.0 22.481058
411.2097 19.0 21.642614
418.76984 19.0 22.040518
433.3499 19.0 22.80789
402.83987 19.0 21.202099
432.80997 19.0 22.779472
429.83984 19.0 22.62315
391.7701 19.0 20.61948
429.02994 19.0 22.580523
424.97974 19.0 22.367355
412.0199 19.0 21.685257
441.98984 19.0 23.262623
421.1997 19.0 22.168406
440.36978 19.0 23.177357
410.9399 19.0 21.628416
427.9498 19.0 22.523674
389.06982 19.0 20.47736
426.05994 19.0 22.424208
429.56982 19.0 22.608938
435.2398 19.0 22.907358
380.9697 19.0 20.051037
408.2399 19.0 21.486311
443.0699 20.0 22.153494
412.82977 20.0 20.641489
399.59985 20.0 19.979992
437.93994 20.0 21.896997
439.82977 20.0 21.99149
399.32983 20.0 19.966492
395.27985 20.0 19.763992
442.2597 20.0 22.112986
416.8799 20.0 20.843996
404.72986 20.0 20.236492
397.43988 20.0 19.871994
374.75983 20.0 18.737991
409.85986 20.0 20.492992
428.7599 20.0 21.437994
431.18994 20.0 21.559498
404.1899 20.0 20.209496
387.44965 20.0 19.372482
454.67984 20.0 22.733992
442.2599 20.0 22.112995
447.93 20.0 22.3965
446.30997 20.0 22.315498
419.30972 20.0 20.965487
394.73987 20.0 19.736994
424.97992 20.0 21.248997
420.65982 20.0 21.032991
398.78983 20.0 19.939491
419.0399 20.0 20.951994
407.96973 20.0 20.398487
453.05975 20.0 22.652988
416.06992 20.0 20.803495
405.53992 20.0 20.276997
406.07986 20.0 20.303993
426.8698 20.0 21.34349
413.6399 20.0 20.681995
386.0998 20.0 19.304989
364.76984 20.0 18.238491
436.58994 20.0 21.829496
394.73965 20.0 19.736982
392.57993 20.0 19.628996
401.21997 20.0 20.060999
400.94998 20.0 20.047499
382.31995 21.0 18.205711
371.5199 21.0 17.691423
427.94983 21.0 20.378563
398.51978 21.0 18.977133
450.6299 21.0 21.458567
425.7899 21.0 20.27571
400.13986 21.0 19.05428
403.9197 21.0 19.234272
397.9799 21.0 18.951424
401.21985 21.0 19.105707
441.17972 21.0 21.008558
414.18 21.0 19.722857
375.83978 21.0 17.897133
437.1298 21.0 20.815704
415.52994 21.0 19.78714
384.7498 21.0 18.321419
390.95978 21.0 18.617132
390.68985 21.0 18.604279
415.79984 21.0 19.799992
416.33975 21.0 19.825703
404.4598 21.0 19.25999
383.39972 21.0 18.25713
405.5398 21.0 19.311419
424.70984 21.0 20.224277
433.6199 21.0 20.648567
404.18988 21.0 19.247137
442.5299 21.0 21.072853
357.47998 21.0 17.022856
433.88983 21.0 20.66142
328.85974 21.0 15.659988
420.11984 21.0 20.005707
437.66977 21.0 20.841417
442.80008 21.0 21.085718
407.42975 21.0 19.401417
404.4598 21.0 19.25999
367.73978 21.0 17.511417
430.64984 21.0 20.507135
393.92993 21.0 18.758568
389.60983 21.0 18.552849
363.6899 21.0 17.318567
389.06995 21.0 18.52714
372.8698 22.0 16.948627
431.45993 22.0 19.611814
415.52988 22.0 18.887722
419.8497 22.0 19.084078
383.12988 22.0 17.414995
433.88995 22.0 19.722271
390.4199 22.0 17.746359
395.81982 22.0 17.99181
382.8597 22.0 17.402714
392.03983 22.0 17.819992
410.39978 22.0 18.654535
409.04974 22.0 18.59317
431.46 22.0 19.611818
402.83954 22.0 18.310888
415.7999 22.0 18.899996
416.33975 22.0 18.924534
423.36002 22.0 19.243637
370.16983 22.0 16.825901
463.31992 22.0 21.059996
405.80994 22.0 18.445906
404.99982 22.0 18.409082
394.7398 22.0 17.942719
424.70975 22.0 19.304989
398.2498 22.0 18.102262
400.67975 22.0 18.212715
414.4497 22.0 18.838623
456.83997 22.0 20.765453
360.44995 22.0 16.384089
399.05984 22.0 18.139084
420.92984 22.0 19.133175
402.2998 22.0 18.286354
439.0199 22.0 19.95545
410.93982 22.0 18.679083
424.97964 22.0 19.317257
396.89987 22.0 18.040903
396.08984 22.0 18.004084
412.01993 22.0 18.728178
400.4098 22.0 18.200445
400.4098 22.0 18.200445
372.3297 22.0 16.924078
393.11972 22.0 17.869078
402.5699 23.0 17.503038
397.43985 23.0 17.279993
386.0998 23.0 16.786947
418.22968 23.0 18.183899
436.05005 23.0 18.958698
400.67978 23.0 17.42086
416.6098 23.0 18.11347
380.69977 23.0 16.552164
368.27985 23.0 16.012167
397.43976 23.0 17.27999
420.9298 23.0 18.301296
428.4899 23.0 18.629995
382.31982 23.0 16.6226
422.27988 23.0 18.359995
403.91983 23.0 17.561731
366.11993 23.0 15.918258
434.43002 23.0 18.888262
397.97986 23.0 17.303473
424.1697 23.0 18.442162
393.6599 23.0 17.115648
390.6898 23.0 16.986513
397.97974 23.0 17.303467
410.3999 23.0 17.843473
391.7699 23.0 17.033474
438.20978 23.0 19.052599
385.01978 23.0 16.73999
394.4699 23.0 17.150866
384.47983 23.0 16.716515
387.4498 23.0 16.845644
417.4198 23.0 18.148687
416.33975 23.0 18.101728
470.06992 23.0 20.437822
405.2697 23.0 17.620422
397.7098 23.0 17.29173
423.62973 23.0 18.418684
404.72977 23.0 17.596947
372.59998 23.0 16.199999
393.6598 23.0 17.115643
374.75974 23.0 16.293901
421.7399 23.0 18.336517
388.2598 23.0 16.880861
400.67975 24.0 16.69499
392.03973 24.0 16.33499
395.81992 24.0 16.492496
356.93973 24.0 14.872489
384.20993 24.0 16.008747
418.22968 24.0 17.426237
419.0397 24.0 17.459988
423.62997 24.0 17.651249
436.58978 24.0 18.19124
399.5998 24.0 16.649992
437.12988 24.0 18.213745
387.1797 24.0 16.132486
405.80978 24.0 16.908741
441.98993 24.0 18.416246
407.96985 24.0 16.998743
411.20966 24.0 17.133736
361.79968 24.0 15.074987
362.87982 24.0 15.119992
374.21985 24.0 15.592493
386.63983 24.0 16.109993
403.1097 24.0 16.796238
386.63983 24.0 16.109993
384.47968 24.0 16.019987
453.32986 24.0 18.888744
356.66983 24.0 14.861243
384.20993 24.0 16.008747
379.8896 24.0 15.8287325
406.34973 24.0 16.931238
381.7799 24.0 15.9074955
352.88977 24.0 14.70374
426.05988 24.0 17.752495
402.29984 24.0 16.762493
361.79968 24.0 15.074987
386.9098 24.0 16.12124
409.5898 24.0 17.066242
376.10995 24.0 15.671248
386.0998 24.0 16.087492
386.6397 24.0 16.109987
374.21982 24.0 15.592492
371.51996 24.0 15.479998
412.2898 24.0 17.178741
426.86972 25.0 17.07479
381.23996 25.0 15.2495985
386.90985 25.0 15.476394
368.27982 25.0 14.731193
426.59964 25.0 17.063986
411.74976 25.0 16.46999
388.25967 25.0 15.530387
377.1898 25.0 15.087591
393.38974 25.0 15.73559
432.26978 25.0 17.29079
404.72974 25.0 16.18919
379.88983 25.0 15.195593
345.32974 25.0 13.8131895
350.99982 25.0 14.039993
410.12988 25.0 16.405195
387.4497 25.0 15.497989
410.3999 25.0 16.415997
385.82977 25.0 15.433191
395.81985 25.0 15.832794
403.37982 25.0 16.135193
380.42987 25.0 15.217195
346.13974 25.0 13.84559
395.8199 25.0 15.832795
404.1897 25.0 16.167587
390.95996 25.0 15.638398
412.5597 25.0 16.502388
422.2798 25.0 16.891191
374.75983 25.0 14.990393
431.45975 25.0 17.25839
414.71982 25.0 16.588793
372.59955 25.0 14.903982
361.7998 25.0 14.4719925
360.17996 25.0 14.407198
390.14984 25.0 15.605993
372.86978 25.0 14.914791
373.67984 25.0 14.947194
390.6899 25.0 15.627596
392.03976 25.0 15.681591
393.11987 25.0 15.724794
373.9499 25.0 14.957995
363.9598 25.0 14.558393
347.2199 26.0 13.354612
353.69977 26.0 13.603837
404.9997 26.0 15.576912
359.6397 26.0 13.832296
408.7797 26.0 15.722296
366.92963 26.0 14.112678
399.5999 26.0 15.369227
393.11978 26.0 15.119991
386.6397 26.0 14.870758
378.53976 26.0 14.559222
358.55988 26.0 13.790765
368.27985 26.0 14.16461
384.20975 26.0 14.777298
400.40964 26.0 15.400371
459.26968 26.0 17.664219
402.29956 26.0 15.473061
375.29996 26.0 14.434613
359.3696 26.0 13.821908
391.76987 26.0 15.068072
378.80975 26.0 14.569606
382.5899 26.0 14.714996
405.80984 26.0 15.608071
426.05978 26.0 16.386915
341.0098 26.0 13.115762
400.13995 26.0 15.389998
372.8697 26.0 14.341142
357.74985 26.0 13.759609
386.09967 26.0 14.849987
409.31985 26.0 15.743072
394.46994 26.0 15.171921
388.52966 26.0 14.943449
386.90994 26.0 14.881151
381.77988 26.0 14.683842
385.55972 26.0 14.82922
390.68958 26.0 15.026523
430.10974 26.0 16.542683
426.59985 26.0 16.407686
369.6299 26.0 14.216536
400.4099 26.0 15.400381
380.15985 26.0 14.621532
382.58975 26.0 14.714991
389.87982 27.000002 14.439993
340.19974 27.000002 12.59999
409.04984 27.000002 15.149993
372.86996 27.000002 13.809998
395.00995 27.000002 14.629997
375.29977 27.000002 13.899991
376.37982 27.000002 13.939993
413.6398 27.000002 15.319992
389.8798 27.000002 14.439991
374.48996 27.000002 13.869997
375.02975 27.000002 13.88999
402.2997 27.000002 14.899988
393.11984 27.000002 14.559993
426.06 27.000002 15.779999
404.72992 27.000002 14.989996
403.37982 27.000002 14.939993
434.6999 27.000002 16.099995
388.7998 27.000002 14.399992
364.49982 27.000002 13.499992
366.11978 27.000002 13.559991
357.4798 27.000002 13.239991
400.13977 27.000002 14.81999
414.4499 27.000002 15.349995
383.39987 27.000002 14.199994
400.4099 27.000002 14.829995
381.23984 27.000002 14.119993
401.21988 27.000002 14.859995
405.80984 27.000002 15.029993
378.8098 27.000002 14.029992
397.43985 27.000002 14.719994
379.8898 27.000002 14.069991
389.87982 27.000002 14.439992
435.23975 27.000002 16.11999
380.15982 27.000002 14.079992
362.60965 27.000002 13.429986
335.60974 27.000002 12.42999
337.49988 27.000002 12.499994
397.70975 27.000002 14.729989
380.15994 27.000002 14.079997
385.82983 27.000002 14.289992
415.25986 27.000002 15.379993
359.63983 28.0 12.844279
379.61975 28.0 13.557848
383.93982 28.0 13.712136
393.92984 28.0 14.068923
376.37976 28.0 13.442134
379.08 28.0 13.538571
397.70984 28.0 14.203922
388.25964 28.0 13.866416
433.8899 28.0 15.496068
382.58972 28.0 13.6639185
387.71973 28.0 13.847133
375.5699 28.0 13.41321
368.54984 28.0 13.162494
385.01968 28.0 13.750703
394.7397 28.0 14.097846
399.3297 28.0 14.261775
360.98978 28.0 12.892492
378.2698 28.0 13.509636
387.7198 28.0 13.847136
421.4698 28.0 15.052492
398.5197 28.0 14.232847
371.51968 28.0 13.26856
375.5697 28.0 13.413203
414.71973 28.0 14.811419
419.84967 28.0 14.994631
336.14978 28.0 12.005349
377.72974 28.0 13.490348
379.6199 28.0 13.557854
380.96994 28.0 13.60607
375.02966 28.0 13.393917
358.01984 28.0 12.786423
405.2697 28.0 14.473918
374.4897 28.0 13.374632
388.25983 28.0 13.866423
364.22974 28.0 13.008204
405.53973 28.0 14.483562
428.2198 28.0 15.293564
366.92993 28.0 13.10464
358.28967 28.0 12.79606
385.01984 28.0 13.750709
421.46985 28.0 15.052495
409.8597 29.0 14.133094
380.96988 29.0 13.136892
433.61978 29.0 14.952406
396.35977 29.0 13.667579
392.84973 29.0 13.546542
385.01968 29.0 13.276541
394.46982 29.0 13.602407
358.01965 29.0 12.345506
384.74973 29.0 13.267232
397.97983 29.0 13.723442
378.26984 29.0 13.043788
366.92978 29.0 12.652751
348.29977 29.0 12.010337
401.4899 29.0 13.84448
402.5698 29.0 13.881717
393.38995 29.0 13.565171
369.35965 29.0 12.73654
372.3297 29.0 12.838956
385.2898 29.0 13.285855
351.8098 29.0 12.131372
403.64993 29.0 13.918963
380.1599 29.0 13.108962
376.37982 29.0 12.978615
392.30988 29.0 13.527926
358.01987 29.0 12.345512
388.52975 29.0 13.397578
353.96982 29.0 12.205855
375.8397 29.0 12.95999
379.6198 29.0 13.090339
376.64975 29.0 12.987923
378.53976 29.0 13.053096
400.13968 29.0 13.79792
376.10977 29.0 12.969302
373.94974 29.0 12.894818
378.26984 29.0 13.043788
403.37964 29.0 13.909642
377.45963 29.0 13.015849
375.56982 29.0 12.950684
371.7898 29.0 12.820338
377.4597 29.0 13.015851
360.4498 29.0 12.429303
377.18985 30.000002 12.572994
321.02972 30.000002 10.70099
362.33975 30.000002 12.077991
387.1798 30.000002 12.9059925
316.4397 30.000002 10.547989
385.0197 30.000002 12.83399
366.65997 30.000002 12.221998
398.24985 30.000002 13.274994
375.29987 30.000002 12.5099945
347.2197 30.000002 11.573989
354.77982 30.000002 11.825994
358.83002 30.000002 11.9609995
370.97986 30.000002 12.365994
392.3099 30.000002 13.076996
387.44977 30.000002 12.914991
356.3997 30.000002 11.879989
355.04977 30.000002 11.834991
353.6999 30.000002 11.789995
373.6798 30.000002 12.455993
339.38974 30.000002 11.31299
390.95984 30.000002 13.031994
385.55966 30.000002 12.851988
354.77982 30.000002 11.825994
360.98975 30.000002 12.03299
342.3598 30.000002 11.411993
341.27972 30.000002 11.37599
340.19977 30.000002 11.339992
408.23984 30.000002 13.607994
387.1798 30.000002 12.9059925
355.04987 30.000002 11.834995
406.61972 30.000002 13.553989
387.4498 30.000002 12.914992
400.94965 30.000002 13.364987
358.28976 30.000002 11.942991
343.43982 30.000002 11.447993
347.4898 30.000002 11.582993
363.14984 30.000002 12.104994
385.55972 30.000002 12.85199
343.16986 30.000002 11.438994
375.02982 30.000002 12.500993
393.11978 30.000002 13.1039915
420.92996 31.0 13.578386
366.92972 31.0 11.836443
371.24976 31.0 11.975799
332.3697 31.0 10.721602
405.8097 31.0 13.090635
359.36966 31.0 11.592569
324.5399 31.0 10.469028
377.9997 31.0 12.193539
344.51978 31.0 11.113541
334.25974 31.0 10.782572
340.1998 31.0 10.974187
355.58978 31.0 11.470638
370.43964 31.0 11.949666
359.90976 31.0 11.609992
349.37973 31.0 11.270314
369.08975 31.0 11.906121
354.23975 31.0 11.427089
364.49985 31.0 11.7580595
354.77982 31.0 11.44451
393.1198 31.0 12.681284
388.5298 31.0 12.533219
388.79968 31.0 12.541925
363.95984 31.0 11.74064
359.09973 31.0 11.583862
359.63965 31.0 11.601279
386.3697 31.0 12.463538
379.61975 31.0 12.245798
349.64975 31.0 11.279024
380.42966 31.0 12.271924
348.5697 31.0 11.244184
355.8597 31.0 11.479345
380.9696 31.0 12.289342
389.33975 31.0 12.559347
400.1398 31.0 12.907736
348.0297 31.0 11.226765
362.33975 31.0 11.688379
402.2998 31.0 12.977413
358.28967 31.0 11.557732
419.30957 31.0 13.526115
359.90976 31.0 11.609992
331.01965 31.0 10.678053
372.59967 32.0 11.64374
363.68976 32.0 11.365305
399.5996 32.0 12.487488
364.76962 32.0 11.399051
341.8198 32.0 10.681869
397.9797 32.0 12.436866
364.4998 32.0 11.390618
366.65964 32.0 11.458114
386.63977 32.0 12.082493
373.40982 32.0 11.669057
355.58966 32.0 11.112177
383.12967 32.0 11.972802
348.5698 32.0 10.892806
354.7797 32.0 11.086865
355.31967 32.0 11.10374
382.31973 32.0 11.947492
374.21954 32.0 11.694361
334.7998 32.0 10.462494
346.4096 32.0 10.8253
352.34976 32.0 11.01093
354.50964 32.0 11.078426
373.13977 32.0 11.660618
385.0197 32.0 12.031866
361.2596 32.0 11.289363
390.41992 32.0 12.200623
375.56952 32.0 11.736547
369.8999 32.0 11.559372
360.17966 32.0 11.255614
413.36963 32.0 12.917801
362.6098 32.0 11.331556
349.64954 32.0 10.926548
355.58975 32.0 11.11218
368.00958 32.0 11.500299
348.83978 32.0 10.901243
408.7797 32.0 12.774365
319.94977 32.0 9.99843
371.24957 32.0 11.601549
376.91974 32.0 11.778742
375.56967 32.0 11.736552
384.20972 32.0 12.006554
363.68967 32.0 11.365302
370.43964 33.0 11.225444
336.14984 33.0 10.186358
387.44965 33.0 11.740898
371.7896 33.0 11.266352
347.48972 33.0 10.529991
378.5396 33.0 11.470898
351.26968 33.0 10.644536
351.80978 33.0 10.660903
375.83966 33.0 11.389081
365.57965 33.0 11.078171
367.73953 33.0 11.143622
354.2398 33.0 10.73454
356.66983 33.0 10.808177
359.36975 33.0 10.889993
346.94983 33.0 10.513631
360.17975 33.0 10.914537
366.92984 33.0 11.119086
346.13965 33.0 10.48908
355.58963 33.0 10.775443
352.88962 33.0 10.6936245
361.52972 33.0 10.955446
358.82962 33.0 10.873625
343.7098 33.0 10.415449
349.37964 33.0 10.587262
346.4098 33.0 10.497267
360.7196 33.0 10.930897
358.01965 33.0 10.84908
368.00995 33.0 11.151816
377.45984 33.0 11.438177
331.28955 33.0 10.039078
368.55 33.0 11.168181
413.09982 33.0 12.518176
384.2095 33.0 11.642713
324.80966 33.0 9.842717
383.93958 33.0 11.634533
336.14987 33.0 10.186359
365.5797 33.0 11.078173
377.99954 33.0 11.454532
368.00955 33.0 11.151805
370.43954 33.0 11.225441
375.02975 33.0 11.364538
345.32968 34.0 10.156755
361.7997 34.0 10.641168
350.18976 34.0 10.299699
368.5496 34.0 10.839694
377.7298 34.0 11.1097
334.52982 34.0 9.839112
392.03967 34.0 11.530579
340.2 34.0 10.005882
355.58978 34.0 10.458523
359.09964 34.0 10.561754
368.81973 34.0 10.847639
347.7597 34.0 10.228227
345.05994 34.0 10.148822
385.28964 34.0 11.332048
345.05966 34.0 10.148813
336.41974 34.0 9.894698
390.4195 34.0 11.482926
385.8298 34.0 11.347936
369.89966 34.0 10.879402
364.76978 34.0 10.728523
383.1298 34.0 11.268523
368.5496 34.0 10.839694
380.1598 34.0 11.18117
366.1196 34.0 10.768224
380.42978 34.0 11.189111
365.30972 34.0 10.744404
318.86966 34.0 9.378519
368.00974 34.0 10.823815
383.3997 34.0 11.276462
329.66974 34.0 9.696169
327.23984 34.0 9.6247015
336.9597 34.0 9.910579
390.95975 34.0 11.4988165
367.19974 34.0 10.799993
348.56955 34.0 10.252046
382.8596 34.0 11.260576
345.0597 34.0 10.148814
346.40982 34.0 10.188524
385.2898 34.0 11.332053
369.8998 34.0 10.879406
352.34964 34.0 10.363225
349.91968 35.0 9.997705
382.85974 35.0 10.938849
345.86966 35.0 9.88199
349.6497 35.0 9.989991
355.58984 35.0 10.15971
324.26968 35.0 9.264848
349.6497 35.0 9.989991
328.04977 35.0 9.37285
349.9198 35.0 9.997708
348.02975 35.0 9.943707
327.50983 35.0 9.357424
375.56964 35.0 10.730561
356.3996 35.0 10.182846
347.4897 35.0 9.928277
332.36975 35.0 9.496279
369.35968 35.0 10.553134
367.4698 35.0 10.499137
310.49973 35.0 8.871421
353.96973 35.0 10.1134205
337.76965 35.0 9.650561
340.46973 35.0 9.727707
336.95975 35.0 9.627421
367.73953 35.0 10.506844
358.0197 35.0 10.229135
356.6698 35.0 10.190566
377.72968 35.0 10.792276
355.85977 35.0 10.167422
357.47986 35.0 10.21371
341.81964 35.0 9.766275
350.72952 35.0 10.0208435
345.0598 35.0 9.858851
370.97977 35.0 10.5994215
347.21976 35.0 9.920565
400.67957 35.0 11.447988
360.44977 35.0 10.298565
345.0598 35.0 9.858851
333.17963 35.0 9.519418
379.8898 35.0 10.853994
350.99973 35.0 10.0285635
307.52985 35.0 8.786567
370.7097 35.0 10.591705
357.47968 36.0 9.929991
337.2297 36.0 9.367492
354.7796 36.0 9.854989
315.08978 36.0 8.752494
355.04968 36.0 9.862492
332.9098 36.0 9.247494
360.98965 36.0 10.027491
381.23956 36.0 10.589988
326.42984 36.0 9.067495
333.17972 36.0 9.2549925
311.8497 36.0 8.662492
317.24963 36.0 8.8124895
386.9095 36.0 10.747486
308.06982 36.0 8.557495
361.52985 36.0 10.042496
360.98978 36.0 10.0274935
368.0097 36.0 10.222492
334.79974 36.0 9.299993
346.6798 36.0 9.629994
376.64975 36.0 10.462493
356.12973 36.0 9.892492
340.1997 36.0 9.449992
313.4699 36.0 8.707498
335.6097 36.0 9.322492
373.94983 36.0 10.387495
346.13965 36.0 9.61499
363.41962 36.0 10.09499
354.5097 36.0 9.847492
343.9796 36.0 9.554989
346.13986 36.0 9.614996
359.0996 36.0 9.974989
352.34976 36.0 9.787494
348.5696 36.0 9.682489
343.1698 36.0 9.532495
386.0997 36.0 10.724992
371.24982 36.0 10.312495
380.42966 36.0 10.567491
376.37964 36.0 10.45499
329.1297 36.0 9.142491
347.75967 36.0 9.659991
343.97983 36.0 9.554996
332.09976 37.0 8.975669
310.2298 37.0 8.384589
348.56967 37.0 9.420802
325.34973 37.0 8.793236
341.2796 37.0 9.223773
349.91956 37.0 9.457285
359.0997 37.0 9.705398
349.6497 37.0 9.449991
370.16962 37.0 10.004584
341.54956 37.0 9.23107
373.4095 37.0 10.092148
358.0197 37.0 9.6762085
325.8897 37.0 8.80783
367.46954 37.0 9.931609
354.50955 37.0 9.581339
362.33975 37.0 9.792966
349.6497 37.0 9.449991
368.00974 37.0 9.946209
353.42975 37.0 9.5521555
382.04962 37.0 10.325665
336.14972 37.0 9.085128
363.14966 37.0 9.814856
336.41974 37.0 9.092425
317.51965 37.0 8.581613
316.9797 37.0 8.567019
343.70984 37.0 9.289455
385.28983 37.0 10.413239
329.39972 37.0 8.902695
349.91962 37.0 9.457287
329.3996 37.0 8.902692
333.9896 37.0 9.026746
359.36972 37.0 9.712695
321.0296 37.0 8.676476
341.81955 37.0 9.238366
343.43973 37.0 9.282155
366.3896 37.0 9.902421
354.23947 37.0 9.574039
337.2298 37.0 9.114319
333.98975 37.0 9.02675
320.75974 37.0 8.669182
340.19952 37.0 9.194582
333.44983 38.0 8.774996
325.88983 38.0 8.576048
331.55963 38.0 8.725253
337.22992 38.0 8.874472
340.19974 38.0 8.952624
343.43967 38.0 9.037886
360.71948 38.0 9.492618
366.3898 38.0 9.641837
316.43964 38.0 8.327359
346.67957 38.0 9.123146
331.28964 38.0 8.718148
352.07944 38.0 9.265248
327.23975 38.0 8.611572
326.9696 38.0 8.604464
301.85968 38.0 7.9436755
370.7097 38.0 9.755518
336.41974 38.0 8.853151
342.35965 38.0 9.009464
321.83978 38.0 8.469468
345.05966 38.0 9.080518
338.84955 38.0 8.917093
320.48962 38.0 8.433937
335.87967 38.0 8.838939
296.45956 38.0 7.8015676
317.51956 38.0 8.355778
336.68964 38.0 8.860253
361.52957 38.0 9.513936
351.53976 38.0 9.251046
369.35962 38.0 9.71999
339.92963 38.0 8.945517
338.0398 38.0 8.895784
395.00964 38.0 10.394991
346.13968 38.0 9.108939
359.6395 38.0 9.464197
337.22986 38.0 8.87447
353.96976 38.0 9.314994
337.49957 38.0 8.881568
326.9696 38.0 8.604464
333.98965 38.0 8.789202
368.81964 38.0 9.70578
365.8497 38.0 9.627624
322.52325 39.0 8.269827
342.79916 39.0 8.789722
338.20316 39.0 8.671876
365.2379 39.0 9.365075
331.17422 39.0 8.491647
359.831 39.0 9.226436
332.25577 39.0 8.519379
318.19763 39.0 8.158914
358.2088 39.0 9.184841
334.14813 39.0 8.567901
337.66278 39.0 8.65802
337.66263 39.0 8.658016
327.65997 39.0 8.401538
352.53165 39.0 9.039273
344.69156 39.0 8.838245
347.93567 39.0 8.921428
318.19775 39.0 8.158916
319.54922 39.0 8.19357
327.38956 39.0 8.394604
321.71222 39.0 8.249031
320.63086 39.0 8.221304
336.3107 39.0 8.623351
333.6075 39.0 8.554039
332.25558 39.0 8.519374
354.9647 39.0 9.101659
325.49692 39.0 8.346075
332.52606 39.0 8.526309
349.01718 39.0 8.949159
308.46524 39.0 7.909365
329.82233 39.0 8.456983
349.82806 39.0 8.969951
353.88342 39.0 9.073934
348.20615 39.0 8.928363
355.50537 39.0 9.115522
323.6045 39.0 8.297551
348.7467 39.0 8.942224
342.52878 39.0 8.782789
329.82254 39.0 8.456988
368.48196 39.0 9.448256
315.49423 39.0 8.089596
335.7702 39.0 8.609492
332.63965 40.0 8.315991
336.9598 40.0 8.423995
329.66956 40.0 8.241739
334.5297 40.0 8.363242
338.8496 40.0 8.47124
327.77966 40.0 8.194491
326.69983 40.0 8.167496
327.50964 40.0 8.187741
321.0296 40.0 8.02574
343.9796 40.0 8.59949
356.39966 40.0 8.909991
363.95966 40.0 9.098991
311.84964 40.0 7.7962413
340.46973 40.0 8.511744
339.11972 40.0 8.477993
323.99966 40.0 8.099992
342.89975 40.0 8.572494
283.4997 40.0 7.087492
346.67957 40.0 8.666989
301.8598 40.0 7.5464954
317.78973 40.0 7.944743
337.22968 40.0 8.430742
358.55954 40.0 8.963988
363.95966 40.0 9.098991
353.42957 40.0 8.835739
317.78967 40.0 7.9447417
324.80963 40.0 8.120241
344.51953 40.0 8.612988
313.73947 40.0 7.843487
325.07965 40.0 8.126991
339.11975 40.0 8.477994
333.7195 40.0 8.342988
348.29953 40.0 8.707488
339.11972 40.0 8.477993
310.22968 40.0 7.7557416
338.30966 40.0 8.457742
291.5996 40.0 7.2899904
346.4098 40.0 8.660245
341.0094 40.0 8.525235
340.73962 40.0 8.518491
358.5597 40.0 8.963992
308.60953 41.0 7.5270615
323.7296 41.0 7.8958445
311.5795 41.0 7.5995
333.44965 41.0 8.132918
321.5697 41.0 7.8431635
324.8096 41.0 7.9221854
309.95978 41.0 7.5599947
322.6495 41.0 7.8695
300.50964 41.0 7.3295035
332.9097 41.0 8.119749
329.6696 41.0 8.040722
330.4799 41.0 8.060485
346.1395 41.0 8.442427
308.06973 41.0 7.513896
333.71964 41.0 8.1395035
327.7797 41.0 7.994627
339.3896 41.0 8.277795
323.9995 41.0 7.902427
313.7398 41.0 7.65219
358.01974 41.0 8.732189
330.74973 41.0 8.067066
328.8596 41.0 8.020966
335.06958 41.0 8.172429
344.5197 41.0 8.40292
326.15958 41.0 7.955112
295.10974 41.0 7.1977987
328.58957 41.0 8.0143795
316.97974 41.0 7.731213
346.1396 41.0 8.442429
336.41965 41.0 8.205358
336.9596 41.0 8.218527
330.7498 41.0 8.067068
320.48965 41.0 7.8168206
345.0596 41.0 8.416088
318.5997 41.0 7.770725
301.04956 41.0 7.3426723
333.4498 41.0 8.132922
322.91937 41.0 7.8760824
322.37973 41.0 7.8629203
358.01984 41.0 8.732191
317.2496 41.0 7.737795
316.43982 42.0 7.5342813
326.42953 42.0 7.7721314
342.35968 42.0 8.151421
317.24966 42.0 7.553563
331.0197 42.0 7.8814216
313.1997 42.0 7.4571357
346.94962 42.0 8.260705
334.52945 42.0 7.964987
315.3598 42.0 7.508567
330.2097 42.0 7.8621354
359.0996 42.0 8.549991
333.44952 42.0 7.9392743
346.4098 42.0 8.247852
321.29977 42.0 7.6499944
327.77954 42.0 7.8042746
320.48965 42.0 7.630706
349.1095 42.0 8.312131
313.46957 42.0 7.463561
274.3197 42.0 6.5314217
322.37964 42.0 7.675706
329.93954 42.0 7.8557034
340.46945 42.0 8.106416
333.17966 42.0 7.932849
336.95966 42.0 8.022849
346.94968 42.0 8.260707
314.27985 42.0 7.4828534
327.77957 42.0 7.8042755
323.99966 42.0 7.7142777
313.73975 42.0 7.4699936
307.25967 42.0 7.3157063
352.61978 42.0 8.395709
310.49954 42.0 7.392846
312.92984 42.0 7.4507103
332.63986 42.0 7.9199967
335.06958 42.0 7.977847
331.2897 42.0 7.8878503
316.7098 42.0 7.54071
295.3797 42.0 7.03285
312.92972 42.0 7.450708
334.79974 42.0 7.971422
311.03955 42.0 7.4057035
316.70966 43.0 7.365341
345.59955 43.0 8.037199
319.40964 43.0 7.428131
308.8796 43.0 7.1832466
320.7598 43.0 7.4595304
311.57962 43.0 7.246038
304.28967 43.0 7.076504
321.56964 43.0 7.4783635
324.8097 43.0 7.553714
324.26953 43.0 7.541152
296.18973 43.0 6.8881335
320.48953 43.0 7.4532447
346.13977 43.0 8.049762
325.6197 43.0 7.572551
300.5099 43.0 6.988602
297.8096 43.0 6.9258046
314.54968 43.0 7.3151093
313.19962 43.0 7.283712
302.6696 43.0 7.038828
323.9997 43.0 7.5348763
331.28976 43.0 7.704413
333.44968 43.0 7.754644
298.88974 43.0 6.9509244
308.06955 43.0 7.164408
305.0998 43.0 7.095344
358.01968 43.0 8.326039
305.09964 43.0 7.0953407
309.41977 43.0 7.195809
315.35977 43.0 7.333948
309.95956 43.0 7.208362
325.07962 43.0 7.559991
308.6096 43.0 7.176967
308.6096 43.0 7.176967
306.7196 43.0 7.1330137
307.52982 43.0 7.151856
327.23965 43.0 7.6102247
326.4296 43.0 7.591386
297.80954 43.0 6.925803
323.9997 43.0 7.534877
345.05978 43.0 8.024646
325.3495 43.0 7.566267
295.64972 44.0 6.7193117
300.7796 44.0 6.8359
311.03976 44.0 7.0690856
322.91953 44.0 7.33908
291.05957 44.0 6.61499
291.59967 44.0 6.627265
347.75958 44.0 7.903627
295.37967 44.0 6.7131743
275.93985 44.0 6.27136
304.2896 44.0 6.915673
313.4696 44.0 7.1243095
333.7195 44.0 7.5845346
316.16956 44.0 7.185672
326.1597 44.0 7.4127207
312.11957 44.0 7.0936265
335.06958 44.0 7.6152177
311.3095 44.0 7.0752163
341.54962 44.0 7.762491
307.79977 44.0 6.9954495
328.3197 44.0 7.4618115
310.4996 44.0 7.0568094
292.40964 44.0 6.6456738
329.93976 44.0 7.4986305
312.11984 44.0 7.0936327
310.2297 44.0 7.0506754
307.25955 44.0 6.983172
313.4697 44.0 7.124311
317.78976 44.0 7.2224946
311.30948 44.0 7.0752153
310.7696 44.0 7.0629454
315.8996 44.0 7.1795363
326.69965 44.0 7.4249916
330.7497 44.0 7.517039
318.05975 44.0 7.228631
310.49954 44.0 7.056808
306.7197 44.0 6.9709024
331.01965 44.0 7.523174
332.6396 44.0 7.559991
331.82962 44.0 7.541582
310.49966 44.0 7.056811
302.93973 44.0 6.8849936
293.4896 45.0 6.5219913
305.36957 45.0 6.7859907
300.5097 45.0 6.677994
308.33966 45.0 6.851992
317.7897 45.0 7.061993
305.3695 45.0 6.785989
320.2195 45.0 7.115989
308.06964 45.0 6.845992
345.32983 45.0 7.673996
314.5497 45.0 6.9899936
309.41956 45.0 6.87599
295.64978 45.0 6.569995
279.17966 45.0 6.2039924
277.82968 45.0 6.1739926
300.77972 45.0 6.683994
336.6896 45.0 7.4819913
296.99966 45.0 6.5999923
334.52963 45.0 7.433992
312.65955 45.0 6.94799
312.38977 45.0 6.9419947
333.98956 45.0 7.4219904
294.5696 45.0 6.5459914
294.56967 45.0 6.5459924
298.07962 45.0 6.6239915
320.7597 45.0 7.127993
286.46964 45.0 6.365992
281.6097 45.0 6.2579937
297.80975 45.0 6.617995
316.43954 45.0 7.0319896
322.10962 45.0 7.1579914
301.85962 45.0 6.7079916
274.85974 45.0 6.1079946
307.79965 45.0 6.8399925
312.38977 45.0 6.9419947
290.24963 45.0 6.4499917
292.4097 45.0 6.497993
306.71967 45.0 6.8159924
321.02975 45.0 7.1339946
329.3996 45.0 7.319991
307.79956 45.0 6.83999
294.0296 45.0 6.5339913
290.5197 46.0 6.315646
293.75983 46.0 6.386083
285.11972 46.0 6.1982546
309.14972 46.0 6.720646
287.0096 46.0 6.2393394
308.87976 46.0 6.7147775
288.08957 46.0 6.262817
272.42975 46.0 5.9223857
294.5696 46.0 6.4036875
298.8897 46.0 6.4976025
282.95972 46.0 6.151298
300.2397 46.0 6.52695
305.09958 46.0 6.6326
297.2696 46.0 6.4623823
315.62955 46.0 6.861512
312.9297 46.0 6.8028193
323.18954 46.0 7.0258594
286.46957 46.0 6.227599
329.1295 46.0 7.154989
314.2797 46.0 6.832167
306.44977 46.0 6.6619515
287.0096 46.0 6.2393394
299.42972 46.0 6.5093417
281.87973 46.0 6.12782
286.7398 46.0 6.2334743
302.66968 46.0 6.579776
296.45975 46.0 6.444777
317.78958 46.0 6.908469
328.31958 46.0 7.1373825
300.77966 46.0 6.5386887
307.25974 46.0 6.679559
312.11954 46.0 6.7852073
305.90958 46.0 6.6502085
330.20972 46.0 7.178472
293.75955 46.0 6.386077
289.43967 46.0 6.2921667
301.31967 46.0 6.5504274
320.4897 46.0 6.9671674
286.4698 46.0 6.227604
272.6997 46.0 5.9282546
310.49973 46.0 6.749994
309.95956 47.0 6.5948844
301.31964 47.0 6.411056
337.22952 47.0 7.1750965
289.16965 47.0 6.1525455
283.4996 47.0 6.0319066
296.99973 47.0 6.319143
293.75974 47.0 6.250207
293.2196 47.0 6.238715
304.2895 47.0 6.4742446
287.2797 47.0 6.112334
309.14957 47.0 6.5776505
287.00964 47.0 6.1065884
318.8696 47.0 6.7844596
311.03955 47.0 6.6178627
299.15985 47.0 6.3651032
300.23953 47.0 6.3880754
319.94955 47.0 6.8074374
299.96954 47.0 6.3823304
266.48987 47.0 5.669997
322.91977 47.0 6.870633
287.27972 47.0 6.1123347
312.38977 47.0 6.6465907
287.2796 47.0 6.112332
305.90958 47.0 6.5087147
273.2395 47.0 5.8136067
270.26974 47.0 5.75042
292.13962 47.0 6.2157364
325.34967 47.0 6.9223337
306.4496 47.0 6.520204
277.55978 47.0 5.9055276
322.10965 47.0 6.853397
300.77966 47.0 6.3995676
294.29977 47.0 6.2616973
304.28964 47.0 6.474248
296.72955 47.0 6.313395
305.36966 47.0 6.4972267
292.13956 47.0 6.215735
327.50967 47.0 6.968291
308.33972 47.0 6.5604196
296.7296 47.0 6.313396
294.83972 47.0 6.2731857
279.98972 48.0 5.833119
300.2398 48.0 6.2549963
301.31967 48.0 6.277493
301.58966 48.0 6.2831182
284.03967 48.0 5.917493
284.57965 48.0 5.928743
260.0098 48.0 5.4168706
325.34964 48.0 6.7781177
288.89966 48.0 6.018743
294.29968 48.0 6.131243
276.20953 48.0 5.7543654
316.70963 48.0 6.5981174
317.78955 48.0 6.620616
319.94962 48.0 6.665617
296.18958 48.0 6.170616
302.66956 48.0 6.3056154
290.24957 48.0 6.046866
282.41956 48.0 5.883741
271.61966 48.0 5.658743
299.42953 48.0 6.2381153
280.5297 48.0 5.8443685
306.71954 48.0 6.389991
297.53973 48.0 6.1987443
296.45944 48.0 6.1762385
288.08963 48.0 6.0018673
306.71967 48.0 6.389993
302.12958 48.0 6.2943664
271.61984 48.0 5.6587467
306.71967 48.0 6.389993
309.41956 48.0 6.446241
315.62952 48.0 6.575615
308.87967 48.0 6.4349933
303.4796 48.0 6.322492
272.15967 48.0 5.6699934
281.8796 48.0 5.872492
295.64984 48.0 6.1593714
311.03976 48.0 6.4799953
290.78967 48.0 6.0581183
296.7295 48.0 6.1818647
293.75952 48.0 6.1199903
299.1597 48.0 6.232494
282.14975 49.0 5.758158
271.3496 49.0 5.537747
278.36978 49.0 5.681016
289.4395 49.0 5.906929
287.00977 49.0 5.8573422
298.34973 49.0 6.08877
291.8697 49.0 5.9565244
288.0896 49.0 5.8793797
290.51974 49.0 5.9289746
288.3596 49.0 5.8848896
289.4396 49.0 5.9069304
275.1296 49.0 5.61489
273.5096 49.0 5.581829
262.9796 49.0 5.366931
274.3198 49.0 5.5983634
292.6797 49.0 5.973055
283.49973 49.0 5.7857084
291.05966 49.0 5.9399934
330.47964 49.0 6.7444825
293.2196 49.0 5.9840736
278.09964 49.0 5.675503
249.2098 49.0 5.085914
281.06958 49.0 5.736114
262.7097 49.0 5.361422
298.07965 49.0 6.083258
296.99982 49.0 6.0612206
304.8296 49.0 6.221012
292.13962 49.0 5.962033
289.7096 49.0 5.912441
311.57956 49.0 6.3587666
286.73965 49.0 5.8518295
289.97952 49.0 5.917949
272.42975 49.0 5.5597906
265.6798 49.0 5.4220366
279.9897 49.0 5.714075
286.73962 49.0 5.851829
313.1996 49.0 6.391828
293.21954 49.0 5.984072
331.01962 49.0 6.755502
281.6096 49.0 5.7471347
295.1094 49.0 6.022641
269.99973 50.0 5.3999944
285.38956 50.0 5.7077913
277.28973 50.0 5.5457945
312.1197 50.0 6.242394
297.80966 50.0 5.9561934
285.9297 50.0 5.7185936
286.4697 50.0 5.729394
290.78973 50.0 5.8157945
280.25955 50.0 5.605191
300.2397 50.0 6.0047936
301.85956 50.0 6.037191
264.0596 50.0 5.2811923
266.4896 50.0 5.329792
284.30957 50.0 5.6861916
286.19962 50.0 5.7239923
263.24957 50.0 5.2649918
288.89966 50.0 5.777993
304.5596 50.0 6.091192
283.22977 50.0 5.664595
260.2797 50.0 5.205594
300.50952 50.0 6.0101905
274.58963 50.0 5.4917927
293.7597 50.0 5.875194
277.55966 50.0 5.551193
271.0797 50.0 5.421594
295.64966 50.0 5.9129934
268.91953 50.0 5.378391
279.98956 50.0 5.5997915
266.4896 50.0 5.329792
272.15964 50.0 5.443193
260.27966 50.0 5.205593
275.39954 50.0 5.507991
296.99976 50.0 5.939995
320.7595 50.0 6.4151897
281.60962 50.0 5.6321926
281.33957 50.0 5.6267915
269.4596 50.0 5.389192
270.5397 50.0 5.4107943
268.6496 50.0 5.372992
276.4797 50.0 5.529594
298.34964 50.0 5.966993
275.12973 51.0 5.3947005
280.79968 51.0 5.505876
269.99963 51.0 5.2941103
290.2495 51.0 5.691167
277.82968 51.0 5.447641
274.85968 51.0 5.3894057
281.6097 51.0 5.521759
281.60965 51.0 5.5217576
285.11972 51.0 5.590583
272.96948 51.0 5.352343
288.62958 51.0 5.6594033
288.62955 51.0 5.659403
256.22974 51.0 5.0241127
277.82962 51.0 5.4476395
276.47974 51.0 5.421171
267.02957 51.0 5.2358737
278.09967 51.0 5.4529347
277.82962 51.0 5.4476395
272.96976 51.0 5.3523483
278.3696 51.0 5.4582276
248.12978 51.0 4.8652897
291.86975 51.0 5.722936
256.22983 51.0 5.024114
287.00964 51.0 5.62764
260.54965 51.0 5.1088166
255.6898 51.0 5.0135255
252.98976 51.0 4.9605837
277.82977 51.0 5.4476423
298.8895 51.0 5.8605785
293.48956 51.0 5.7546973
278.90973 51.0 5.468818
254.06973 51.0 4.9817595
270.80954 51.0 5.309991
275.6695 51.0 5.405284
249.7497 51.0 4.897053
321.2996 51.0 6.299992
244.88972 51.0 4.8017592
285.92966 51.0 5.606464
262.43976 51.0 5.145878
294.29968 51.0 5.7705817
309.9594 51.0 6.0776353
281.87964 52.0 5.420762
271.61957 52.0 5.223453
264.8697 52.0 5.093648
272.69937 52.0 5.244219
304.2895 52.0 5.851721
265.40967 52.0 5.104032
285.11966 52.0 5.4830704
265.40973 52.0 5.104033
257.30966 52.0 4.9482627
279.98953 52.0 5.384414
278.90967 52.0 5.3636475
279.44955 52.0 5.3740296
268.37976 52.0 5.161149
290.24966 52.0 5.581724
264.59973 52.0 5.088456
253.52972 52.0 4.8755717
270.80963 52.0 5.2078776
276.20963 52.0 5.3117237
272.15955 52.0 5.2338376
283.4997 52.0 5.451917
273.50974 52.0 5.2598023
270.80963 52.0 5.2078776
285.6597 52.0 5.493456
277.5596 52.0 5.3376846
266.21985 52.0 5.119612
265.94968 52.0 5.1144166
258.92963 52.0 4.979416
266.75964 52.0 5.1299934
252.98965 52.0 4.8651857
265.40967 52.0 5.104032
274.31985 52.0 5.2753816
262.70963 52.0 5.0521083
291.86966 52.0 5.612878
258.11972 52.0 4.963841
269.4593 52.0 5.1819096
276.2096 52.0 5.311723
269.45966 52.0 5.1819167
277.0197 52.0 5.3273025
265.94962 52.0 5.1144156
284.84967 52.0 5.477878
300.5096 52.0 5.7790313
267.82224 52.999996 5.05325
279.44333 52.999996 5.272516
275.65967 52.999996 5.201126
268.3628 52.999996 5.0634494
247.55328 52.999996 4.670817
254.57996 52.999996 4.8033957
267.55197 52.999996 5.048151
242.68878 52.999996 4.579034
265.11963 52.999996 5.0022573
267.55215 52.999996 5.0481544
290.79388 52.999996 5.486677
253.22859 52.999996 4.7778983
257.82272 52.999996 4.86458
265.66043 52.999996 5.012461
253.49889 52.999996 4.782998
296.4693 52.999996 5.5937605
291.6046 52.999996 5.501974
285.9295 52.999996 5.3948965
262.68744 52.999996 4.956367
266.20096 52.999996 5.02266
288.63205 52.999996 5.445888
269.71402 52.999996 5.088944
281.60522 52.999996 5.3133063
302.41498 52.999996 5.705943
273.49765 52.999996 5.1603336
247.01268 52.999996 4.660617
277.55154 52.999996 5.236822
256.20145 52.999996 4.8339896
274.84894 52.999996 5.1858296
265.39005 52.999996 5.00736
263.228 52.999996 4.9665666
271.87616 52.999996 5.1297393
291.60464 52.999996 5.5019746
273.49765 52.999996 5.1603336
262.14697 52.999996 4.94617
273.22754 52.999996 5.1552367
252.95828 52.999996 4.772798
261.6065 52.999996 4.935972
289.9832 52.999996 5.471381
267.55197 52.999996 5.048151
286.46982 52.999996 5.4050913
278.6398 54.000004 5.159996
285.6598 54.000004 5.2899957
272.15964 54.000004 5.039993
262.43976 54.000004 4.8599954
264.3297 54.000004 4.8949943
250.28967 54.000004 4.6349936
255.41971 54.000004 4.7299943
249.2097 54.000004 4.614994
271.3497 54.000004 5.024994
252.98973 54.000004 4.6849947
261.62985 54.000004 4.844997
261.6297 54.000004 4.844994
252.17981 54.000004 4.6699963
254.60971 54.000004 4.7149944
266.48975 54.000004 4.9349947
246.23976 54.000004 4.559995
268.6498 54.000004 4.974996
257.03986 54.000004 4.759997
234.6298 54.000004 4.344996
258.9296 54.000004 4.7949924
269.9998 54.000004 4.9999957
246.77982 54.000004 4.5699964
275.9399 54.000004 5.1099977
271.34973 54.000004 5.024995
266.75964 54.000004 4.939993
282.4197 54.000004 5.2299943
274.3199 54.000004 5.0799975
277.0196 54.000004 5.129992
250.82979 54.000004 4.6449957
257.03986 54.000004 4.759997
277.55957 54.000004 5.1399918
246.23985 54.000004 4.559997
266.4896 54.000004 4.9349923
277.8296 54.000004 5.144992
271.61963 54.000004 5.0299926
248.93974 54.000004 4.609995
271.07965 54.000004 5.0199933
270.2696 54.000004 5.004992
271.07962 54.000004 5.019993
252.44972 54.000004 4.6749945
259.73975 54.000004 4.809995
268.64963 55.0 4.8845387
261.89963 55.0 4.7618113
273.23944 55.0 4.96799
263.24976 55.0 4.7863593
249.47968 55.0 4.535994
254.60956 55.0 4.629265
246.5097 55.0 4.4819946
245.69974 55.0 4.467268
255.41959 55.0 4.6439924
258.65973 55.0 4.702904
243.5397 55.0 4.4279947
262.9796 55.0 4.7814474
257.0396 55.0 4.6734476
267.29977 55.0 4.859996
250.28961 55.0 4.55072
265.1397 55.0 4.820722
278.63962 55.0 5.066175
238.9496 55.0 4.344538
267.2996 55.0 4.8599925
255.14966 55.0 4.639085
268.9196 55.0 4.889447
256.22974 55.0 4.6587224
258.3897 55.0 4.6979947
263.5198 55.0 4.7912693
263.51974 55.0 4.791268
227.87978 55.0 4.1432686
269.18964 55.0 4.894357
273.5097 55.0 4.9729037
279.44962 55.0 5.080902
261.6296 55.0 4.756902
265.13965 55.0 4.820721
257.30975 55.0 4.678359
258.65958 55.0 4.7029014
264.5997 55.0 4.8109035
258.38956 55.0 4.697992
260.54977 55.0 4.7372684
257.57974 55.0 4.683268
258.3897 55.0 4.6979947
274.04965 55.0 4.982721
241.91957 55.0 4.3985376
286.73944 55.0 5.213444
272.42966 56.0 4.864815
230.5798 56.0 4.1174965
255.41978 56.0 4.5610676
266.48956 56.0 4.7587423
240.56964 56.0 4.2958865
235.97984 56.0 4.213926
252.17969 56.0 4.5032086
241.9197 56.0 4.3199944
271.0797 56.0 4.840709
255.68973 56.0 4.565888
252.98972 56.0 4.5176735
248.12979 56.0 4.430889
237.86958 56.0 4.247671
231.38968 56.0 4.1319585
262.70975 56.0 4.6912456
250.2896 56.0 4.469457
280.2596 56.0 5.004636
276.20966 56.0 4.9323153
267.29965 56.0 4.773208
254.60976 56.0 4.5466027
254.33968 56.0 4.54178
269.72964 56.0 4.816601
249.20958 56.0 4.450171
270.80972 56.0 4.835888
250.82971 56.0 4.479102
262.97955 56.0 4.6960635
251.36957 56.0 4.4887424
245.69955 56.0 4.387492
264.59967 56.0 4.724994
262.16965 56.0 4.681601
260.81976 56.0 4.657496
271.34967 56.0 4.8455296
234.35973 56.0 4.184995
242.45963 56.0 4.329636
250.55965 56.0 4.4742794
273.77957 56.0 4.888921
241.91962 56.0 4.319993
247.8597 56.0 4.426066
271.34967 56.0 4.8455296
238.40973 56.0 4.2573166
250.55951 56.0 4.474277
244.07971 57.0 4.2821
256.76974 57.0 4.504732
242.18974 57.0 4.248943
257.5797 57.0 4.5189424
258.65973 57.0 4.53789
255.95967 57.0 4.4905205
246.77972 57.0 4.3294687
254.3396 57.0 4.462098
252.1797 57.0 4.4242053
269.72977 57.0 4.732101
247.04959 57.0 4.3342032
235.97975 57.0 4.1399956
262.9795 57.0 4.613675
241.10976 57.0 4.2299957
262.70966 57.0 4.608941
246.77974 57.0 4.329469
252.98969 57.0 4.4384155
248.12973 57.0 4.353153
245.15976 57.0 4.3010483
237.59976 57.0 4.168417
261.0896 57.0 4.580519
238.9497 57.0 4.1921
210.05986 57.0 3.6852608
254.06961 57.0 4.4573617
227.33972 57.0 3.9884162
234.62979 57.0 4.116312
245.9696 57.0 4.315256
257.03976 57.0 4.5094695
245.42978 57.0 4.3057857
248.93974 57.0 4.367364
240.29967 57.0 4.2157836
257.03964 57.0 4.5094676
245.15964 57.0 4.3010464
265.94968 57.0 4.665784
258.9297 57.0 4.542626
245.42967 57.0 4.3057837
255.95961 57.0 4.4905195
246.23972 57.0 4.319995
233.81978 57.0 4.1021013
227.33977 57.0 3.988417
250.28957 57.0 4.391045
264.05954 58.0 4.5527506
212.75981 58.0 3.6682727
258.92972 58.0 4.4643054
236.51974 58.0 4.0779266
248.12967 58.0 4.2780976
254.06976 58.0 4.380513
243.80978 58.0 4.203617
246.50967 58.0 4.250167
225.17978 58.0 3.88241
226.79985 58.0 3.9103422
241.91977 58.0 4.1710305
228.95978 58.0 3.9475825
245.42972 58.0 4.231547
253.25981 58.0 4.3665485
240.02962 58.0 4.1384416
240.02975 58.0 4.138444
231.65964 58.0 3.9941318
241.37964 58.0 4.161718
227.33975 58.0 3.9196508
243.53961 58.0 4.198959
252.98972 58.0 4.3618917
234.8997 58.0 4.049995
241.91974 58.0 4.17103
252.17972 58.0 4.347926
240.56966 58.0 4.147753
228.95963 58.0 3.9475796
242.99962 58.0 4.1896486
245.69975 58.0 4.2362027
243.80974 58.0 4.203616
258.11987 58.0 4.4503427
231.11958 58.0 3.9848204
263.2497 58.0 4.538788
258.38965 58.0 4.454994
254.33966 58.0 4.3851666
215.99983 58.0 3.724135
248.12967 58.0 4.2780976
242.99973 58.0 4.1896505
233.54971 58.0 4.026719
229.49983 58.0 3.9568937
241.91957 58.0 4.171027
251.9097 58.0 4.343271
245.09734 58.999996 4.1541924
242.39503 58.999996 4.108391
237.53087 58.999996 4.025947
237.80109 58.999996 4.030527
244.28656 58.999996 4.1404505
257.52792 58.999996 4.36488
230.23479 58.999996 3.9022849
224.56 58.999996 3.8061018
239.42255 58.999996 4.0580096
248.6103 58.999996 4.213734
209.42732 58.999996 3.5496159
249.6914 58.999996 4.232058
246.17831 58.999996 4.172514
245.36758 58.999996 4.158773
244.5569 58.999996 4.1450324
247.52939 58.999996 4.1954136
251.31262 58.999996 4.2595363
240.23332 58.999996 4.0717516
226.72183 58.999996 3.8427432
253.74475 58.999996 4.300759
234.5584 58.999996 3.9755664
238.34167 58.999996 4.0396895
234.01799 58.999996 3.9664068
235.0989 58.999996 3.9847274
223.47916 58.999996 3.7877824
231.85619 58.999996 3.9297662
234.28828 58.999996 3.970988
231.85625 58.999996 3.9297671
259.96 58.999996 4.4061017
253.4744 58.999996 4.2961764
256.98746 58.999996 4.35572
243.7461 58.999996 4.13129
243.74632 58.999996 4.131294
243.47601 58.999996 4.1267123
251.0424 58.999996 4.2549562
257.2577 58.999996 4.3603
225.37083 58.999996 3.819845
229.15385 58.999996 3.8839638
238.88211 58.999996 4.0488496
212.39986 58.999996 3.5999978
238.61197 58.999996 4.044271
247.5897 60.000004 4.126495
236.2497 60.000004 3.9374948
229.49974 60.000004 3.8249955
229.76967 60.000004 3.8294942
250.82979 60.000004 4.180496
242.72989 60.000004 4.045498
207.62987 60.000004 3.4604976
220.85976 60.000004 3.6809957
226.52982 60.000004 3.7754967
238.67966 60.000004 3.977994
230.84987 60.000004 3.8474975
230.84985 60.000004 3.8474972
246.50964 60.000004 4.108494
235.97978 60.000004 3.932996
217.07985 60.000004 3.6179972
242.1897 60.000004 4.0364947
233.54976 60.000004 3.8924956
231.9298 60.000004 3.8654964
217.34984 60.000004 3.622497
222.20978 60.000004 3.703496
234.0897 60.000004 3.901495
257.57953 60.000004 4.292992
226.5298 60.000004 3.7754965
243.80988 60.000004 4.0634975
232.46974 60.000004 3.8744955
223.01979 60.000004 3.7169962
238.4097 60.000004 3.9734948
232.73975 60.000004 3.8789954
225.1798 60.000004 3.7529964
221.12975 60.000004 3.6854956
242.7296 60.000004 4.045493
228.1498 60.000004 3.8024964
235.43982 60.000004 3.9239967
234.35979 60.000004 3.905996
231.38966 60.000004 3.8564942
233.81993 60.000004 3.8969986
212.7598 60.000004 3.5459964
244.88979 60.000004 4.0814962
237.05966 60.000004 3.950994
245.42967 60.000004 4.090494
228.6898 60.000004 3.8114965
218.96976 61.0 3.589668
237.0599 61.0 3.886228
225.17966 61.0 3.69147
226.79968 61.0 3.7180276
230.5797 61.0 3.779995
240.5697 61.0 3.9437656
219.23984 61.0 3.5940957
226.79979 61.0 3.7180293
201.68973 61.0 3.3063889
227.06973 61.0 3.7224545
228.95976 61.0 3.7534387
238.40971 61.0 3.908356
237.59969 61.0 3.8950768
227.87971 61.0 3.735733
222.74973 61.0 3.651635
233.27975 61.0 3.8242583
224.63976 61.0 3.6826189
207.35979 61.0 3.3993409
239.75967 61.0 3.9304864
214.10983 61.0 3.5099974
230.57974 61.0 3.7799957
233.54984 61.0 3.8286858
215.9998 61.0 3.5409803
228.95967 61.0 3.7534373
235.43962 61.0 3.8596659
218.42976 61.0 3.5808158
215.1898 61.0 3.5277016
204.38998 61.0 3.3506556
222.20976 61.0 3.642783
225.4497 61.0 3.6958969
242.45963 61.0 3.974748
212.48979 61.0 3.4834392
231.65979 61.0 3.7977014
228.95987 61.0 3.7534404
223.55981 61.0 3.664915
226.79979 61.0 3.7180293
245.96974 61.0 4.032291
238.94958 61.0 3.9172063
236.51973 61.0 3.8773725
227.87976 61.0 3.7357337
216.80981 61.0 3.5542593
224.63977 62.0 3.623222
210.05977 62.0 3.3880608
213.29977 62.0 3.440319
226.79967 62.0 3.6580591
233.5496 62.0 3.7669291
224.09964 62.0 3.6145103
229.49979 62.0 3.7016094
225.71976 62.0 3.6406412
225.44977 62.0 3.6362865
240.8396 62.0 3.8845096
217.3498 62.0 3.505642
217.61978 62.0 3.5099964
233.27972 62.0 3.762576
236.78955 62.0 3.8191862
219.23978 62.0 3.5361254
221.1299 62.0 3.5666113
216.26978 62.0 3.4882221
224.63982 62.0 3.6232228
220.31967 62.0 3.553543
215.99956 62.0 3.4838638
223.01962 62.0 3.5970907
227.60971 62.0 3.6711245
227.06967 62.0 3.662414
208.43982 62.0 3.3619325
233.2798 62.0 3.7625775
216.26968 62.0 3.4882207
216.8097 62.0 3.4969306
208.97986 62.0 3.370643
233.00977 62.0 3.758222
228.68977 62.0 3.6885448
242.18982 62.0 3.9062874
228.41965 62.0 3.684188
223.55974 62.0 3.6058023
243.53969 62.0 3.9280596
202.7699 62.0 3.2704823
227.8797 62.0 3.675479
215.99982 62.0 3.4838681
224.63995 62.0 3.623225
213.29976 62.0 3.4403186
233.81987 62.0 3.7712882
235.97969 62.0 3.806124
222.20976 63.0 3.5271392
228.1496 63.0 3.6214223
237.05975 63.0 3.7628531
199.25975 63.0 3.1628532
232.19978 63.0 3.685711
220.04973 63.0 3.492853
206.27995 63.0 3.274285
238.4096 63.0 3.7842796
214.37975 63.0 3.402853
208.97977 63.0 3.3171391
215.99976 63.0 3.4285676
212.21985 63.0 3.3685691
231.6599 63.0 3.6771412
219.50981 63.0 3.4842827
224.36975 63.0 3.5614247
224.09978 63.0 3.5571394
236.5197 63.0 3.754281
234.08972 63.0 3.71571
225.71973 63.0 3.5828528
214.10979 63.0 3.3985682
210.05986 63.0 3.3342836
218.42975 63.0 3.4671388
220.85966 63.0 3.505709
227.8798 63.0 3.6171398
230.30974 63.0 3.6557102
231.3898 63.0 3.672854
208.43982 63.0 3.3085685
214.91978 63.0 3.411425
229.22969 63.0 3.6385665
223.55974 63.0 3.5485673
231.65964 63.0 3.6771371
230.30963 63.0 3.6557086
223.28975 63.0 3.5442817
225.98975 63.0 3.587139
205.46977 63.0 3.261425
226.79971 63.0 3.5999954
226.25969 63.0 3.5914237
210.32979 63.0 3.338568
224.09975 63.0 3.557139
195.20985 63.0 3.0985692
198.17982 63.0 3.1457114
211.40991 64.0 3.3032799
221.12984 64.0 3.4551537
213.56975 64.0 3.3370273
209.24997 64.0 3.2695308
216.53975 64.0 3.3834336
217.61984 64.0 3.40031
230.30962 64.0 3.5985878
208.43979 64.0 3.2568717
206.54988 64.0 3.227342
221.66988 64.0 3.4635918
224.09985 64.0 3.5015602
213.83969 64.0 3.3412452
214.37979 64.0 3.3496842
213.02979 64.0 3.3285904
210.86984 64.0 3.2948413
187.37985 64.0 2.9278102
212.21976 64.0 3.3159337
221.12973 64.0 3.455152
213.83975 64.0 3.3412461
204.38976 64.0 3.19359
207.35995 64.0 3.2399993
217.88992 64.0 3.40453
210.05989 64.0 3.2821858
207.08984 64.0 3.2357788
196.55989 64.0 3.0712483
220.58972 64.0 3.4467144
223.01965 64.0 3.484682
221.12973 64.0 3.455152
208.70981 64.0 3.2610908
202.76979 64.0 3.168278
218.15974 64.0 3.408746
208.97986 64.0 3.2653103
212.21973 64.0 3.3159332
214.91977 64.0 3.3581214
217.34988 64.0 3.396092
211.9497 64.0 3.3117142
220.31961 64.0 3.442494
217.8898 64.0 3.4045281
223.28963 64.0 3.4889004
222.74983 64.0 3.4804661
229.49966 64.0 3.5859323
198.9898 65.0 3.0613816
193.31984 65.0 2.9741514
218.42978 65.0 3.3604581
207.62985 65.0 3.1943054
204.92975 65.0 3.1527653
209.5198 65.0 3.2233815
206.27989 65.0 3.1735368
211.67978 65.0 3.256612
228.9597 65.0 3.522457
211.4097 65.0 3.252457
196.28986 65.0 3.019844
206.27983 65.0 3.1735358
205.73997 65.0 3.1652303
214.10966 65.0 3.293995
214.64981 65.0 3.3023047
204.6597 65.0 3.1486108
203.57979 65.0 3.1319966
215.99983 65.0 3.3230743
202.22977 65.0 3.1112273
198.98979 65.0 3.0613813
213.02975 65.0 3.277381
199.25987 65.0 3.0655365
194.6699 65.0 2.9949217
196.0199 65.0 3.0156908
195.74994 65.0 3.0115376
213.29984 65.0 3.2815359
218.96965 65.0 3.368764
197.36983 65.0 3.036459
202.49988 65.0 3.1153827
208.70976 65.0 3.2109194
228.14973 65.0 3.509996
203.03981 65.0 3.1236894
195.20984 65.0 3.0032282
197.6398 65.0 3.0406122
203.84991 65.0 3.1361525
218.6998 65.0 3.3646123
204.38974 65.0 3.1444576
202.49983 65.0 3.115382
200.87987 65.0 3.0904596
205.19983 65.0 3.1569204
211.94978 65.0 3.2607658
199.52986 66.0 3.0231798
200.60979 66.0 3.0395422
207.08983 66.0 3.1377246
205.73982 66.0 3.11727
190.88983 66.0 2.89227
206.81978 66.0 3.133633
193.04979 66.0 2.9249969
199.79974 66.0 3.027269
211.67987 66.0 3.2072709
212.48969 66.0 3.2195406
198.71983 66.0 3.0109065
223.01965 66.0 3.3790855
206.81985 66.0 3.133634
206.8199 66.0 3.1336348
200.87994 66.0 3.0436356
188.72993 66.0 2.8595445
208.97981 66.0 3.1663609
198.71976 66.0 3.0109055
217.0798 66.0 3.289088
213.83972 66.0 3.2399957
199.79977 66.0 3.0272694
192.23982 66.0 2.9127245
205.4698 66.0 3.1131787
192.77983 66.0 2.9209065
190.61978 66.0 2.8881786
226.25967 66.0 3.4281769
204.92986 66.0 3.1049979
190.34978 66.0 2.8840876
203.84975 66.0 3.0886326
208.7098 66.0 3.1622696
204.65982 66.0 3.1009064
204.65982 66.0 3.1009064
187.3799 66.0 2.8390894
193.31985 66.0 2.9290886
224.6398 66.0 3.4036334
198.98994 66.0 3.0149992
205.46983 66.0 3.1131792
199.79993 66.0 3.0272715
198.71991 66.0 3.0109076
216.80978 66.0 3.2849967
224.9097 66.0 3.4077227
191.96983 67.0 2.8652215
200.87982 67.0 2.9982064
170.9099 67.0 2.550894
207.35982 67.0 3.0949225
204.65979 67.0 3.0546238
197.63986 67.0 2.9498487
195.7499 67.0 2.9216402
209.51971 67.0 3.1271598
171.71988 67.0 2.5629833
210.86981 67.0 3.1473107
201.68988 67.0 3.0102968
208.43987 67.0 3.1110427
213.56972 67.0 3.1876078
186.29984 67.0 2.7805946
193.85986 67.0 2.8934307
208.1698 67.0 3.107012
177.38995 67.0 2.6476111
190.07986 67.0 2.837013
206.00989 67.0 3.0747745
179.8199 67.0 2.6838791
192.7798 67.0 2.8773105
194.1298 67.0 2.8974597
214.64986 67.0 3.2037292
204.38986 67.0 3.050595
181.70987 67.0 2.7120876
196.82982 67.0 2.9377584
195.74976 67.0 2.9216383
190.88983 67.0 2.849102
193.85985 67.0 2.8934305
197.90977 67.0 2.9538772
191.15985 67.0 2.853132
201.41986 67.0 3.0062666
206.54985 67.0 3.0828335
178.46985 67.0 2.6637292
193.85976 67.0 2.8934293
197.90982 67.0 2.953878
185.75989 67.0 2.7725356
198.98979 67.0 2.969997
170.90988 67.0 2.5508938
192.23984 67.0 2.8692513
181.16989 67.0 2.7040281
198.44986 68.0 2.9183803
174.41986 68.0 2.564998
190.89 68.0 2.807206
179.54994 68.0 2.6404402
192.50972 68.0 2.8310254
180.62985 68.0 2.6563213
186.29985 68.0 2.7397037
181.1699 68.0 2.6642632
195.20978 68.0 2.870732
182.78986 68.0 2.688086
190.88979 68.0 2.8072028
190.88977 68.0 2.8072026
189.80986 68.0 2.7913215
206.27977 68.0 3.033526
193.04991 68.0 2.8389692
195.74983 68.0 2.878674
185.75977 68.0 2.7317612
181.43985 68.0 2.6682332
202.76965 68.0 2.9819067
205.1998 68.0 3.0176442
190.07991 68.0 2.7952929
186.83974 68.0 2.7476432
202.22983 68.0 2.973968
172.25981 68.0 2.5332325
179.81985 68.0 2.6444097
187.37991 68.0 2.7555869
194.93977 68.0 2.8667614
188.72974 68.0 2.7754374
178.46988 68.0 2.624557
202.22992 68.0 2.9739695
191.42981 68.0 2.8151443
207.89981 68.0 3.0573502
186.02997 68.0 2.735735
188.99977 68.0 2.7794085
182.24986 68.0 2.680145
180.35985 68.0 2.6523507
180.62978 68.0 2.6563203
179.00986 68.0 2.6324978
187.64984 68.0 2.7595565
179.00989 68.0 2.6324983
200.06981 68.0 2.942203
170.90985 69.0 2.4769545
187.37979 69.0 2.7156491
183.05984 69.0 2.6530411
191.42981 69.0 2.7743452
190.07982 69.0 2.75478
191.69984 69.0 2.7782586
183.86987 69.0 2.6647809
187.91986 69.0 2.7234762
199.52995 69.0 2.8917384
182.5198 69.0 2.6452146
186.56985 69.0 2.7039108
202.49992 69.0 2.9347816
185.2199 69.0 2.6843462
172.25987 69.0 2.4965198
187.1099 69.0 2.7117376
191.42975 69.0 2.7743442
180.8999 69.0 2.6217377
187.64995 69.0 2.7195644
179.00987 69.0 2.594346
177.92987 69.0 2.5786939
189.80983 69.0 2.7508671
195.47972 69.0 2.8330395
190.61984 69.0 2.7626064
177.65993 69.0 2.5747817
180.35985 69.0 2.613911
181.16983 69.0 2.6256497
201.14978 69.0 2.9152143
176.84998 69.0 2.563043
190.61986 69.0 2.7626066
188.99988 69.0 2.7391286
185.7598 69.0 2.6921709
190.88982 69.0 2.766519
185.21994 69.0 2.684347
204.38983 69.0 2.9621716
179.27985 69.0 2.5982587
173.87982 69.0 2.5199974
171.44994 69.0 2.4847817
168.74992 69.0 2.445651
192.23984 69.0 2.7860847
200.60973 69.0 2.9073873
189.26988 69.0 2.7430418
187.37997 70.0 2.6768568
166.31993 70.0 2.375999
160.37993 70.0 2.2911417
182.2499 70.0 2.60357
169.0199 70.0 2.4145699
176.03989 70.0 2.5148556
176.57996 70.0 2.5225708
179.00983 70.0 2.5572832
160.10995 70.0 2.287285
177.3898 70.0 2.53414
181.16986 70.0 2.588141
177.9298 70.0 2.5418541
171.98987 70.0 2.456998
180.35985 70.0 2.5765693
183.86986 70.0 2.6267123
164.97002 70.0 2.3567145
187.9197 70.0 2.684567
160.64992 70.0 2.294999
179.00987 70.0 2.5572839
179.81989 70.0 2.5688555
188.99983 70.0 2.6999977
179.81995 70.0 2.5688565
180.62987 70.0 2.5804267
173.60985 70.0 2.4801407
190.88985 70.0 2.7269979
189.26982 70.0 2.7038546
177.65991 70.0 2.5379987
185.21988 70.0 2.6459982
179.54987 70.0 2.5649981
161.72997 70.0 2.3104281
191.96979 70.0 2.7424254
196.01985 70.0 2.8002837
197.36983 70.0 2.8195689
180.35982 70.0 2.5765688
179.5498 70.0 2.5649972
177.38988 70.0 2.534141
181.16982 70.0 2.5881402
169.0199 70.0 2.4145699
170.91002 70.0 2.4415717
166.5899 70.0 2.3798559
182.24988 70.0 2.6035697
190.88983 71.0 2.688589
177.11986 71.0 2.4946458
155.24988 71.0 2.186618
170.90996 71.0 2.4071825
173.33994 71.0 2.4414074
179.00983 71.0 2.5212653
178.7398 71.0 2.517462
160.1098 71.0 2.2550676
164.96991 71.0 2.32352
165.78 71.0 2.3349295
174.14987 71.0 2.452815
189.53995 71.0 2.6695766
176.84991 71.0 2.4908438
170.63997 71.0 2.40338
172.25983 71.0 2.4261947
171.1799 71.0 2.4109845
170.9099 71.0 2.4071817
181.97986 71.0 2.5630965
173.60986 71.0 2.4452093
157.13998 71.0 2.2132392
172.79982 71.0 2.4338002
164.69992 71.0 2.3197172
179.54987 71.0 2.5288713
188.45996 71.0 2.6543655
167.9399 71.0 2.3653507
177.92993 71.0 2.5060554
167.93987 71.0 2.3653502
184.13979 71.0 2.593518
173.87991 71.0 2.4490128
172.25986 71.0 2.4261951
164.69983 71.0 2.319716
177.1198 71.0 2.494645
183.86981 71.0 2.5897157
162.53993 71.0 2.2892947
164.42984 71.0 2.3159132
176.30997 71.0 2.483239
158.48997 71.0 2.232253
175.49995 71.0 2.4718304
181.70982 71.0 2.5592933
174.95993 71.0 2.4642243
163.34993 71.0 2.3007033
167.12982 72.0 2.3212476
174.95987 72.0 2.4299982
159.02983 72.0 2.2087476
176.84996 72.0 2.4562495
171.44975 72.0 2.3812466
163.61987 72.0 2.2724981
168.74994 72.0 2.343749
179.0098 72.0 2.486247
166.5899 72.0 2.3137486
171.17987 72.0 2.3774981
166.31987 72.0 2.3099983
164.15987 72.0 2.279998
154.70992 72.0 2.1487489
160.37996 72.0 2.2274995
167.12991 72.0 2.3212488
171.71991 72.0 2.3849988
170.63982 72.0 2.3699975
173.33984 72.0 2.407498
162.26982 72.0 2.2537475
176.57996 72.0 2.4524994
173.60985 72.0 2.411248
173.06993 72.0 2.403749
175.23 72.0 2.43375
165.50995 72.0 2.2987492
173.87996 72.0 2.4149995
167.66989 72.0 2.3287485
150.11993 72.0 2.084999
163.07996 72.0 2.2649994
167.66992 72.0 2.328749
160.92003 72.0 2.2350004
166.31982 72.0 2.3099976
148.22998 72.0 2.0587497
184.67984 72.0 2.5649977
178.73982 72.0 2.4824975
162.80995 72.0 2.2612493
155.78992 72.0 2.1637487
171.17975 72.0 2.3774965
177.38988 72.0 2.4637482
177.65987 72.0 2.467498
183.0599 72.0 2.5424986
173.87978 72.0 2.4149969
161.4599 73.0 2.2117794
156.32999 73.0 2.1415067
144.44998 73.0 1.9787668
153.89995 73.0 2.1082184
161.99992 73.0 2.219177
154.43988 73.0 2.115615
160.91986 73.0 2.2043817
153.08992 73.0 2.0971222
164.96994 73.0 2.2598622
161.9998 73.0 2.2191753
161.18993 73.0 2.2080812
163.8899 73.0 2.2450671
164.15994 73.0 2.2487664
162.80997 73.0 2.2302735
161.99983 73.0 2.2191758
161.18994 73.0 2.2080815
153.62993 73.0 2.1045196
181.16992 73.0 2.4817798
158.4899 73.0 2.1710944
171.44987 73.0 2.3486285
160.37996 73.0 2.1969857
165.23985 73.0 2.2635596
151.19998 73.0 2.0712326
172.79991 73.0 2.3671222
152.27998 73.0 2.0860271
156.59999 73.0 2.1452053
178.4698 73.0 2.4447918
161.18979 73.0 2.2080793
157.13995 73.0 2.1526022
164.96996 73.0 2.2598624
163.07993 73.0 2.2339716
162.53995 73.0 2.2265747
166.31993 73.0 2.2783551
157.94986 73.0 2.1636968
172.7999 73.0 2.367122
169.01985 73.0 2.3153405
153.35992 73.0 2.1008208
160.65001 73.0 2.200685
168.7499 73.0 2.3116424
162.80981 73.0 2.2302713
167.39989 73.0 2.2931492
150.92989 74.0 2.039593
157.4099 74.0 2.1271608
160.37996 74.0 2.1672966
133.37997 74.0 1.8024322
162.26987 74.0 2.192836
155.51988 74.0 2.10162
167.93991 74.0 2.2694583
137.69995 74.0 1.8608102
170.63992 74.0 2.305945
161.72995 74.0 2.18554
144.98999 74.0 1.9593242
166.31978 74.0 2.2475646
156.59996 74.0 2.1162157
160.3799 74.0 2.167296
152.27997 74.0 2.0578375
157.94989 74.0 2.134458
172.79984 74.0 2.3351328
162.53987 74.0 2.1964848
150.11987 74.0 2.028647
159.29996 74.0 2.152702
170.90988 74.0 2.309593
158.21994 74.0 2.1381073
149.30992 74.0 2.0177016
164.42995 74.0 2.2220263
156.5998 74.0 2.1162133
153.89984 74.0 2.0797276
159.03001 74.0 2.1490543
144.4499 74.0 1.9520257
174.68996 74.0 2.360675
162.26988 74.0 2.1928363
163.88998 74.0 2.2147295
150.65997 74.0 2.0359457
158.75992 74.0 2.1454043
163.8899 74.0 2.2147284
158.76 74.0 2.1454053
155.51982 74.0 2.1016192
157.40987 74.0 2.1271603
157.40982 74.0 2.1271598
152.28001 74.0 2.057838
162.80992 74.0 2.200134
153.35999 74.0 2.0724323
155.7899 75.0 2.0771987
160.10988 75.0 2.1347983
150.12003 75.0 2.0016003
147.68993 75.0 1.9691991
152.54994 75.0 2.0339992
172.79996 75.0 2.3039994
157.67989 75.0 2.1023984
136.07988 75.0 1.8143984
157.40984 75.0 2.0987978
144.71992 75.0 1.9295989
141.20999 75.0 1.8827999
167.66986 75.0 2.235598
147.41995 75.0 1.9655994
162.26996 75.0 2.1635995
153.62988 75.0 2.0483985
157.94997 75.0 2.1059995
147.95995 75.0 1.9727992
143.63991 75.0 1.9151987
167.39992 75.0 2.231999
135.27002 75.0 1.8036003
148.49991 75.0 1.9799988
147.41997 75.0 1.9655997
167.39987 75.0 2.2319982
139.32005 75.0 1.8576008
146.87996 75.0 1.9583994
135.81 75.0 1.8108
150.65999 75.0 2.0087998
139.86003 75.0 1.8648003
153.6299 75.0 2.0483987
140.12996 75.0 1.8683994
144.71994 75.0 1.9295992
132.84003 75.0 1.7712003
147.6899 75.0 1.9691987
152.81993 75.0 2.037599
142.82999 75.0 1.9043998
152.81992 75.0 2.0375988
143.90994 75.0 1.9187993
153.90001 75.0 2.052
161.72998 75.0 2.1563997
149.03984 75.0 1.9871979
149.3099 75.0 1.9907987
139.85992 76.0 1.8402622
148.49995 76.0 1.9539467
148.50002 76.0 1.9539475
153.62985 76.0 2.0214455
165.77988 76.0 2.1813142
137.96994 76.0 1.815394
146.87993 76.0 1.9326307
134.73 76.0 1.772763
138.23994 76.0 1.8189466
142.56001 76.0 1.8757896
141.20988 76.0 1.8580248
139.31999 76.0 1.8331578
154.97989 76.0 2.0392091
141.74988 76.0 1.86513
143.09996 76.0 1.8828943
155.24988 76.0 2.0427616
142.29 76.0 1.8722367
144.17992 76.0 1.8971041
143.37001 76.0 1.8864474
141.2099 76.0 1.858025
143.3701 76.0 1.8864486
142.29004 76.0 1.8722373
134.72998 76.0 1.7727629
146.06993 76.0 1.9219729
151.73996 76.0 1.9965783
144.4499 76.0 1.9006566
152.81995 76.0 2.0107887
142.02 76.0 1.8686843
148.76982 76.0 1.9574977
162.80992 76.0 2.1422358
158.75983 76.0 2.0889452
136.34996 76.0 1.7940784
142.82991 76.0 1.8793409
140.13004 76.0 1.8438162
151.19995 76.0 1.989473
147.15002 76.0 1.9361845
154.43985 76.0 2.0321033
155.78995 76.0 2.0498676
153.35997 76.0 2.0178943
140.39996 76.0 1.8473679
142.82997 76.0 1.8793417
145.25992 77.0 1.8864925
140.13005 77.0 1.8198707
137.15997 77.0 1.7812984
144.98991 77.0 1.882986
141.47997 77.0 1.8374022
129.60008 77.0 1.6831179
134.73006 77.0 1.749741
139.04997 77.0 1.8058438
130.13997 77.0 1.6901294
139.86 77.0 1.8163636
139.85994 77.0 1.8163629
137.69997 77.0 1.7883112
142.01997 77.0 1.8444152
140.12991 77.0 1.8198689
126.36005 77.0 1.6410396
150.11992 77.0 1.9496094
135.54002 77.0 1.76026
143.09991 77.0 1.8584404
127.17004 77.0 1.6515589
142.55995 77.0 1.851428
154.43994 77.0 2.0057135
137.7 77.0 1.7883117
136.07999 77.0 1.7672726
141.48001 77.0 1.8374027
141.47993 77.0 1.8374017
138.50998 77.0 1.7988309
144.44989 77.0 1.8759726
151.46999 77.0 1.9671426
149.84996 77.0 1.9461035
143.09995 77.0 1.8584409
145.80005 77.0 1.8935071
146.60988 77.0 1.9040244
137.4299 77.0 1.7848039
133.91997 77.0 1.7392203
141.48001 77.0 1.8374027
129.6 77.0 1.6831169
135.26997 77.0 1.7567528
144.71991 77.0 1.8794793
130.94998 77.0 1.7006491
141.74997 77.0 1.8409088
140.66997 77.0 1.8268827
141.57077 78.0 1.8150098
141.5708 78.0 1.8150102
139.4093 78.0 1.7872987
134.81645 78.0 1.7284161
138.869 78.0 1.7803719
139.13918 78.0 1.7838356
133.19542 78.0 1.7076335
127.251656 78.0 1.6314315
136.16727 78.0 1.7457341
128.0621 78.0 1.6418219
131.84464 78.0 1.6903158
125.63055 78.0 1.610648
153.45833 78.0 1.9674145
138.32866 78.0 1.7734444
126.170906 78.0 1.6175758
137.51819 78.0 1.7630537
138.59882 78.0 1.7769078
139.94978 78.0 1.7942281
134.8164 78.0 1.7284154
120.22717 78.0 1.541374
124.82011 78.0 1.6002578
128.06212 78.0 1.6418221
142.92168 78.0 1.8323293
138.32863 78.0 1.7734439
140.49004 78.0 1.8011544
142.92159 78.0 1.832328
125.09016 78.0 1.60372
125.90065 78.0 1.614111
137.51814 78.0 1.7630532
125.36036 78.0 1.607184
137.78824 78.0 1.7665159
130.4937 78.0 1.6729962
132.11469 78.0 1.6937779
132.92519 78.0 1.704169
122.11835 78.0 1.5656198
122.92888 78.0 1.5760113
121.037735 78.0 1.5517658
141.03033 78.0 1.8080812
131.03397 78.0 1.6799226
122.92883 78.0 1.5760107
133.73572 78.0 1.7145605
132.84004 79.0 1.6815195
128.25005 79.0 1.6234183
130.6801 79.0 1.6541785
136.07996 79.0 1.7225311
128.25002 79.0 1.623418
111.78008 79.0 1.4149377
141.75006 79.0 1.7943046
139.58998 79.0 1.7669617
139.32005 79.0 1.763545
129.33005 79.0 1.6370891
130.14003 79.0 1.6473421
127.43999 79.0 1.6131644
135.0 79.0 1.7088608
134.19003 79.0 1.6986079
154.97981 79.0 1.9617697
131.22005 79.0 1.6610132
136.07994 79.0 1.722531
118.530045 79.0 1.5003803
125.55009 79.0 1.5892416
127.170006 79.0 1.6097469
125.82006 79.0 1.592659
125.819984 79.0 1.592658
123.39005 79.0 1.5618994
131.48996 79.0 1.6644299
124.20007 79.0 1.5721529
124.74007 79.0 1.5789882
132.29999 79.0 1.6746833
127.980064 79.0 1.6200008
128.25009 79.0 1.6234188
133.92003 79.0 1.6951903
134.45996 79.0 1.7020248
128.51999 79.0 1.6268352
124.20003 79.0 1.5721523
121.23004 79.0 1.5345575
132.57002 79.0 1.6781015
134.18996 79.0 1.698607
144.71991 79.0 1.8318976
130.68002 79.0 1.6541774
132.3 79.0 1.6746836
127.17005 79.0 1.6097475
123.11998 79.0 1.5584807
123.930084 80.0 1.549126
124.470024 80.0 1.5558753
122.31004 80.0 1.5288756
127.98 80.0 1.59975
124.740074 80.0 1.559251
122.31 80.0 1.528875
125.55004 80.0 1.5693755
120.42009 80.0 1.5052512
119.340096 80.0 1.4917512
122.58003 80.0 1.5322504
124.740036 80.0 1.5592505
120.42 80.0 1.50525
127.170044 80.0 1.5896256
117.45012 80.0 1.4681265
112.8601 80.0 1.4107512
126.09012 80.0 1.5761265
116.910126 80.0 1.4613765
117.45011 80.0 1.4681264
126.359985 80.0 1.5794998
112.59012 80.0 1.4073765
122.85003 80.0 1.5356253
128.25008 80.0 1.6031259
127.16999 80.0 1.5896249
127.98008 80.0 1.599751
130.14005 80.0 1.6267505
122.850075 80.0 1.5356259
120.69009 80.0 1.5086261
128.52002 80.0 1.6065003
136.89005 80.0 1.7111255
132.03 80.0 1.6503749
122.8501 80.0 1.5356262
124.470024 80.0 1.5558753
119.340065 80.0 1.4917508
137.4299 80.0 1.7178738
122.58003 80.0 1.5322504
129.60004 80.0 1.6200005
108.00011 80.0 1.3500013
121.50005 80.0 1.5187507
116.6401 80.0 1.4580013
119.07009 80.0 1.4883761
115.560165 80.0 1.4445021
117.72009 81.0 1.4533345
106.65012 81.0 1.3166682
112.86009 81.0 1.3933345
117.99002 81.0 1.456667
115.29006 81.0 1.4233341
118.53008 81.0 1.4633343
124.200096 81.0 1.5333345
122.57999 81.0 1.5133332
115.0201 81.0 1.4200013
125.010025 81.0 1.5433336
112.050095 81.0 1.3833345
114.21008 81.0 1.410001
117.990005 81.0 1.4566667
125.55011 81.0 1.5500014
107.73012 81.0 1.3300015
115.56011 81.0 1.426668
122.31011 81.0 1.5100014
124.74007 81.0 1.5400008
118.26008 81.0 1.460001
106.65013 81.0 1.3166683
109.3501 81.0 1.3500012
116.10011 81.0 1.4333347
122.85004 81.0 1.5166671
112.86012 81.0 1.3933349
131.2201 81.0 1.6200012
119.07004 81.0 1.4700005
109.35007 81.0 1.3500009
113.40015 81.0 1.4000018
120.15004 81.0 1.4833338
105.84011 81.0 1.306668
114.750114 81.0 1.416668
114.750084 81.0 1.4166677
107.19014 81.0 1.323335
117.45008 81.0 1.450001
132.03006 81.0 1.6300008
113.67015 81.0 1.4033352
131.49004 81.0 1.6233337
119.34006 81.0 1.4733341
118.53009 81.0 1.4633344
116.10005 81.0 1.433334
116.370056 81.0 1.4366673
113.400154 82.0 1.3829287
116.91006 82.0 1.4257324
116.37014 82.0 1.4191481
113.130104 82.0 1.3796355
110.970116 82.0 1.3532941
115.56013 82.0 1.4092698
117.18001 82.0 1.4290245
105.840126 82.0 1.2907332
105.84013 82.0 1.2907333
106.92019 82.0 1.3039048
119.07009 82.0 1.4520743
108.54014 82.0 1.3236603
113.13008 82.0 1.3796351
114.480125 82.0 1.3960991
100.17016 82.0 1.2215873
109.08013 82.0 1.3302455
110.70015 82.0 1.3500018
93.42016 82.0 1.1392702
111.78012 82.0 1.3631722
109.89015 82.0 1.3401238
109.62017 82.0 1.3368313
118.8 82.0 1.4487805
114.21015 82.0 1.3928068
109.08014 82.0 1.3302456
128.79004 82.0 1.5706103
125.82008 82.0 1.5343913
113.13013 82.0 1.3796357
112.86013 82.0 1.376343
106.920135 82.0 1.303904
108.27014 82.0 1.3203676
106.38015 82.0 1.2973189
106.11013 82.0 1.294026
115.29008 82.0 1.4059765
122.85006 82.0 1.4981714
109.62013 82.0 1.3368309
110.16012 82.0 1.3434161
116.910095 82.0 1.4257329
104.22018 82.0 1.2709777
119.88011 82.0 1.4619526
123.66002 82.0 1.508049
112.32009 82.0 1.3697572
107.46019 83.0 1.2947011
117.990074 83.0 1.4215672
112.32011 83.0 1.3532543
110.97009 83.0 1.336989
116.6401 83.0 1.4053024
105.57013 83.0 1.2719293
114.21008 83.0 1.3760251
116.910065 83.0 1.408555
102.06018 83.0 1.2296407
111.51012 83.0 1.3434954
91.260124 83.0 1.0995196
107.460175 83.0 1.2947009
110.97008 83.0 1.3369889
101.7902 83.0 1.226388
106.38015 83.0 1.2816886
113.400116 83.0 1.3662665
99.90017 83.0 1.2036165
97.200165 83.0 1.1710863
114.750084 83.0 1.3825312
89.91017 83.0 1.083255
105.57014 83.0 1.2719294
112.86012 83.0 1.3597605
100.17016 83.0 1.2068694
110.97017 83.0 1.33699
109.89014 83.0 1.3239776
110.700066 83.0 1.3337357
108.00016 83.0 1.3012067
98.280174 83.0 1.1840985
101.250175 83.0 1.2198817
113.40007 83.0 1.3662659
109.8901 83.0 1.3239771
108.54016 83.0 1.3077128
100.170166 83.0 1.2068695
101.52017 83.0 1.2231346
120.96009 83.0 1.4573505
107.19013 83.0 1.2914474
103.950165 83.0 1.2524116
96.39015 83.0 1.1613271
115.83015 83.0 1.3955439
111.51013 83.0 1.3434956
102.06019 83.0 1.2296408
92.07017 84.0 1.0960734
93.96016 84.0 1.1185733
104.760155 84.0 1.2471447
103.41019 84.0 1.2310736
104.22019 84.0 1.2407166
104.220184 84.0 1.2407165
96.39015 84.0 1.1475018
95.31016 84.0 1.1346447
96.390175 84.0 1.1475021
99.09017 84.0 1.179645
99.09015 84.0 1.1796446
105.570175 84.0 1.2567878
93.15018 84.0 1.1089307
99.09019 84.0 1.1796451
86.40015 84.0 1.0285732
105.03015 84.0 1.2503589
98.01017 84.0 1.1667877
107.1902 84.0 1.2760738
99.090164 84.0 1.1796448
94.50015 84.0 1.1250018
99.90019 84.0 1.189288
110.97014 84.0 1.321073
91.26015 84.0 1.0864303
105.30015 84.0 1.2535732
106.38014 84.0 1.2664303
108.00014 84.0 1.2857159
91.530174 84.0 1.0896449
103.41016 84.0 1.2310733
104.76016 84.0 1.2471448
104.22016 84.0 1.2407162
105.570175 84.0 1.2567878
101.52018 84.0 1.2085736
99.090195 84.0 1.1796452
108.27016 84.0 1.2889304
86.940155 84.0 1.0350019
101.25017 84.0 1.2053591
105.84014 84.0 1.2600017
104.220184 84.0 1.2407165
96.120155 84.0 1.1442876
97.74018 84.0 1.1635736
88.83017 84.0 1.057502
89.64014 85.0 1.0545899
88.83013 85.0 1.0450604
101.25016 85.0 1.1911783
95.58017 85.0 1.1244726
98.55017 85.0 1.1594138
86.94013 85.0 1.0228251
94.23015 85.0 1.10859
91.80015 85.0 1.0800017
91.26016 85.0 1.0736489
96.390144 85.0 1.1340017
93.42016 85.0 1.0990607
92.61016 85.0 1.0895313
91.80013 85.0 1.0800016
90.72013 85.0 1.0672957
101.79021 85.0 1.1975318
93.15015 85.0 1.0958841
91.53016 85.0 1.0768254
98.550186 85.0 1.1594139
95.85018 85.0 1.1276492
82.62014 85.0 0.9720017
103.140205 85.0 1.2134142
88.560165 85.0 1.0418843
93.150154 85.0 1.0958842
103.68019 85.0 1.219767
90.72015 85.0 1.0672959
97.470184 85.0 1.146708
105.03017 85.0 1.235649
98.82018 85.0 1.1625904
107.1902 85.0 1.2610612
98.01018 85.0 1.1530609
100.440155 85.0 1.1816489
109.35013 85.0 1.2864721
98.82016 85.0 1.1625901
89.64016 85.0 1.0545901
100.440186 85.0 1.1816492
92.07017 85.0 1.0831784
96.12018 85.0 1.1308256
99.63018 85.0 1.1721197
101.2502 85.0 1.1911788
86.670166 85.0 1.019649
88.29014 85.0 1.0387075
83.97014 86.0 0.976397
89.10018 86.0 1.0360487
78.84015 86.0 0.91674596
89.64016 86.0 1.0423274
86.94016 86.0 1.0109321
93.15016 86.0 1.0831414
89.64013 86.0 1.042327
89.10017 86.0 1.0360484
90.720116 86.0 1.054885
95.04019 86.0 1.1051185
92.34016 86.0 1.0737227
89.37013 86.0 1.0391876
89.10014 86.0 1.0360482
81.27011 86.0 0.9450013
97.74013 86.0 1.1365131
83.97013 86.0 0.97639686
90.99015 86.0 1.058025
96.12017 86.0 1.1176764
83.43017 86.0 0.9701182
93.150154 86.0 1.0831413
79.920135 86.0 0.9293039
88.29013 86.0 1.0266294
94.500206 86.0 1.0988396
86.670135 86.0 1.0077922
89.10017 86.0 1.0360484
91.80014 86.0 1.0674435
83.97013 86.0 0.97639686
99.63017 86.0 1.1584904
91.26014 86.0 1.0611644
82.62014 86.0 0.9606993
89.910164 86.0 1.045467
80.73016 86.0 0.9387228
88.02015 86.0 1.0234901
89.91016 86.0 1.0454669
92.61019 86.0 1.0768627
91.26017 86.0 1.0611647
94.23014 86.0 1.0956993
88.29015 86.0 1.0266297
87.210144 86.0 1.0140715
82.350105 86.0 0.9575594
88.83014 86.0 1.0329086
81.00014 87.0 0.93103606
85.59014 87.0 0.9837947
83.43016 87.0 0.9589674
81.810135 87.0 0.94034636
90.18018 87.0 1.0365539
72.90013 87.0 0.8379325
82.89013 87.0 0.9527601
84.78016 87.0 0.97448456
75.600105 87.0 0.86896676
82.89015 87.0 0.95276034
85.860146 87.0 0.9868982
76.14013 87.0 0.87517387
75.600105 87.0 0.86896676
84.51014 87.0 0.9713809
86.67015 87.0 0.99620867
87.48013 87.0 1.0055188
79.38013 87.0 0.91241527
85.32014 87.0 0.98069125
88.830154 87.0 1.0210363
75.06013 87.0 0.8627601
86.67015 87.0 0.99620867
78.57012 87.0 0.90310484
89.10015 87.0 1.0241396
82.89016 87.0 0.95276046
87.75015 87.0 1.0086224
79.38013 87.0 0.91241527
78.300125 87.0 0.9000014
77.76012 87.0 0.8937944
87.21012 87.0 1.0024152
83.16014 87.0 0.9558637
85.32016 87.0 0.9806915
68.85008 87.0 0.7913803
88.56015 87.0 1.0179328
80.190125 87.0 0.9217256
79.380135 87.0 0.9124153
95.04018 87.0 1.0924158
95.85019 87.0 1.1017263
86.40014 87.0 0.99310505
87.21015 87.0 1.0024155
86.67014 87.0 0.99620855
77.76014 87.0 0.8937947
83.97015 88.0 0.9542063
76.410126 88.0 0.86829686
83.16013 88.0 0.9450015
83.970146 88.0 0.9542062
83.70014 88.0 0.95113796
75.33012 88.0 0.856024
83.70013 88.0 0.95113784
75.60015 88.0 0.8590926
76.140114 88.0 0.8652286
73.17012 88.0 0.83147866
81.00016 88.0 0.92045635
84.240135 88.0 0.95727426
73.1701 88.0 0.8314784
86.400154 88.0 0.9818199
76.410095 88.0 0.86829656
82.08011 88.0 0.9327285
72.63013 88.0 0.82534236
77.49012 88.0 0.8805696
79.11013 88.0 0.89897877
80.46015 88.0 0.9143199
79.11013 88.0 0.89897877
85.86013 88.0 0.97568333
81.54013 88.0 0.9265924
78.84013 88.0 0.8959106
83.70012 88.0 0.9511377
78.300125 88.0 0.88977414
79.38013 88.0 0.9020469
73.9801 88.0 0.840683
75.06013 88.0 0.852956
79.38013 88.0 0.9020469
76.14014 88.0 0.86522883
71.820076 88.0 0.8161372
87.48015 88.0 0.9940926
74.79012 88.0 0.8498878
81.000145 88.0 0.92045623
79.38009 88.0 0.9020465
77.76012 88.0 0.8836377
84.51016 88.0 0.96034276
75.600136 88.0 0.8590924
75.060104 88.0 0.85295576
75.87012 88.0 0.86216044
63.450092 89.0 0.7129224
80.46013 89.0 0.9040464
75.60011 89.0 0.8494395
63.720085 89.0 0.71595603
75.87013 89.0 0.85247344
75.87013 89.0 0.8524734
71.55011 89.0 0.8039338
81.00014 89.0 0.9101139
78.30011 89.0 0.87977654
76.68014 89.0 0.8615746
64.800095 89.0 0.72809094
66.69008 89.0 0.74932677
73.71013 89.0 0.8282037
72.36011 89.0 0.8130349
64.80009 89.0 0.7280908
68.8501 89.0 0.77359664
66.96008 89.0 0.7523605
76.95011 89.0 0.864608
70.470085 89.0 0.7917987
73.71012 89.0 0.8282036
76.14012 89.0 0.85550696
76.41014 89.0 0.85854095
71.82013 89.0 0.80696774
68.58009 89.0 0.7705629
70.740105 89.0 0.79483265
74.79013 89.0 0.8403385
76.68013 89.0 0.8615745
71.55011 89.0 0.80393386
65.61006 89.0 0.73719174
70.2001 89.0 0.78876525
73.4401 89.0 0.8251697
70.47011 89.0 0.79179895
74.520096 89.0 0.8373044
64.260086 89.0 0.7220234
73.1701 89.0 0.8221359
75.33012 89.0 0.8464058
75.600105 89.0 0.8494394
71.280106 89.0 0.80090004
76.68012 89.0 0.8615744
76.68013 89.0 0.8615745
71.55011 89.0 0.80393386
65.07007 90.0 0.72300076
62.100086 90.0 0.69000095
55.350044 90.0 0.6150005
74.250114 90.0 0.8250013
72.09007 90.0 0.8010008
72.36012 90.0 0.80400133
58.590073 90.0 0.6510008
62.640064 90.0 0.6960007
64.260056 90.0 0.71400064
69.1201 90.0 0.76800114
55.890053 90.0 0.6210006
61.56009 90.0 0.68400097
66.960075 90.0 0.74400085
70.74011 90.0 0.7860012
69.39012 90.0 0.77100134
64.26009 90.0 0.71400106
66.96007 90.0 0.7440008
56.43006 90.0 0.6270007
72.90012 90.0 0.8100014
61.56008 90.0 0.6840009
60.480057 90.0 0.67200065
63.450085 90.0 0.70500094
61.29008 90.0 0.6810009
66.96009 90.0 0.74400103
74.250114 90.0 0.82500124
66.96009 90.0 0.74400103
73.98011 90.0 0.8220012
64.26009 90.0 0.714001
60.21008 90.0 0.66900086
59.13006 90.0 0.65700066
65.340096 90.0 0.726001
60.48008 90.0 0.6720009
63.72008 90.0 0.7080009
62.1001 90.0 0.69000113
67.23012 90.0 0.7470013
67.230095 90.0 0.74700105
62.100037 90.0 0.6900004
66.15009 90.0 0.735001
66.96009 90.0 0.74400103
64.53009 90.0 0.717001
62.100086 90.0 0.69000095
