135.0 1.0 135.0
133.65 1.0 133.65
133.65 1.0 133.65
133.65 1.0 133.65
133.65 1.0 133.65
132.3 1.0 132.3
135.0 1.0 135.0
135.0 1.0 135.0
135.0 1.0 135.0
130.95 1.0 130.95
130.95 1.0 130.95
133.65 1.0 133.65
130.95 1.0 130.95
133.65 1.0 133.65
133.65 1.0 133.65
133.65 1.0 133.65
126.9 1.0 126.9
132.3 1.0 132.3
132.3 1.0 132.3
132.3 1.0 132.3
133.65 1.0 133.65
129.6 1.0 129.6
130.95 1.0 130.95
135.0 1.0 135.0
130.95 1.0 130.95
132.3 1.0 132.3
132.3 1.0 132.3
133.65 1.0 133.65
133.65 1.0 133.65
130.95 1.0 130.95
133.65 1.0 133.65
135.0 1.0 135.0
130.95 1.0 130.95
130.95 1.0 130.95
130.95 1.0 130.95
132.3 1.0 132.3
132.3 1.0 132.3
135.0 1.0 135.0
133.65 1.0 133.65
128.25 1.0 128.25
129.6 1.0 129.6
265.95 2.0 132.975
261.9 2.0 130.95
264.6 2.0 132.3
265.95 2.0 132.975
270.0 2.0 135.0
259.2 2.0 129.6
267.3 2.0 133.65
261.9 2.0 130.95
264.6 2.0 132.3
267.3 2.0 133.65
267.3 2.0 133.65
261.9 2.0 130.95
267.3 2.0 133.65
265.95 2.0 132.975
265.95 2.0 132.975
263.25 2.0 131.625
260.55 2.0 130.275
263.25 2.0 131.625
260.55 2.0 130.275
264.6 2.0 132.3
267.3 2.0 133.65
268.65 2.0 134.325
265.95 2.0 132.975
261.9 2.0 130.95
265.95 2.0 132.975
268.65 2.0 134.325
267.3 2.0 133.65
264.6 2.0 132.3
264.6 2.0 132.3
263.25 2.0 131.625
265.95 2.0 132.975
268.65 2.0 134.325
260.55 2.0 130.275
267.3 2.0 133.65
264.6 2.0 132.3
264.6 2.0 132.3
263.25 2.0 131.625
263.25 2.0 131.625
263.25 2.0 131.625
261.9 2.0 130.95
264.6 2.0 132.3
398.25 3.0 132.75
396.90002 3.0 132.3
396.90002 3.0 132.3
398.25 3.0 132.75
395.55002 3.0 131.85
398.25 3.0 132.75
398.25 3.0 132.75
394.19998 3.0 131.4
396.90002 3.0 132.3
392.84998 3.0 130.95
402.30002 3.0 134.1
400.94998 3.0 133.65
398.25 3.0 132.75
402.30002 3.0 134.1
400.94998 3.0 133.65
396.90002 3.0 132.3
390.15002 3.0 130.05
399.59998 3.0 133.2
396.90002 3.0 132.3
399.59998 3.0 133.2
391.5 3.0 130.5
392.84998 3.0 130.95
400.94998 3.0 133.65
396.90002 3.0 132.3
400.94998 3.0 133.65
400.94998 3.0 133.65
398.25 3.0 132.75
394.19998 3.0 131.4
400.94998 3.0 133.65
399.59998 3.0 133.2
394.19998 3.0 131.4
394.19998 3.0 131.4
391.5 3.0 130.5
402.30002 3.0 134.1
395.55002 3.0 131.85
394.19998 3.0 131.4
399.59998 3.0 133.2
391.5 3.0 130.5
402.30002 3.0 134.1
395.55002 3.0 131.85
399.59998 3.0 133.2
526.5 4.0 131.625
526.5 4.0 131.625
527.85 4.0 131.9625
530.55 4.0 132.6375
522.45 4.0 130.6125
530.55 4.0 132.6375
531.9 4.0 132.975
535.95 4.0 133.9875
531.9 4.0 132.975
526.5 4.0 131.625
522.45 4.0 130.6125
529.2 4.0 132.3
530.55 4.0 132.6375
523.8 4.0 130.95
530.55 4.0 132.6375
529.2 4.0 132.3
530.55 4.0 132.6375
533.25 4.0 133.3125
529.2 4.0 132.3
531.9 4.0 132.975
529.2 4.0 132.3
526.5 4.0 131.625
530.55 4.0 132.6375
526.5 4.0 131.625
525.15 4.0 131.2875
519.75 4.0 129.9375
523.8 4.0 130.95
534.6 4.0 133.65
529.2 4.0 132.3
525.15 4.0 131.2875
534.6 4.0 133.65
527.85 4.0 131.9625
523.8 4.0 130.95
533.25 4.0 133.3125
522.45 4.0 130.6125
527.85 4.0 131.9625
519.75 4.0 129.9375
526.5 4.0 131.625
525.15 4.0 131.2875
526.5 4.0 131.625
526.5 4.0 131.625
660.15 5.0 132.03
661.5 5.0 132.3
662.85004 5.0 132.57
666.9 5.0 133.38
664.19995 5.0 132.84
664.19995 5.0 132.84
664.19995 5.0 132.84
669.6 5.0 133.92
662.85004 5.0 132.57
662.85004 5.0 132.57
665.55 5.0 133.11
658.8 5.0 131.76
665.55 5.0 133.11
658.8 5.0 131.76
657.45 5.0 131.49
665.55 5.0 133.11
662.85004 5.0 132.57
658.8 5.0 131.76
661.5 5.0 132.3
658.8 5.0 131.76
662.85004 5.0 132.57
669.6 5.0 133.92
662.85004 5.0 132.57
660.15 5.0 132.03
662.85004 5.0 132.57
666.9 5.0 133.38
661.5 5.0 132.3
662.85004 5.0 132.57
661.5 5.0 132.3
669.6 5.0 133.92
658.8 5.0 131.76
660.15 5.0 132.03
652.05005 5.0 130.41
666.9 5.0 133.38
660.15 5.0 132.03
666.9 5.0 133.38
666.9 5.0 133.38
657.45 5.0 131.49
654.75 5.0 130.95
658.8 5.0 131.76
661.5 5.0 132.3
791.10004 6.0 131.85
787.05005 6.0 131.175
793.80005 6.0 132.3
781.64996 6.0 130.275
789.75 6.0 131.625
787.05005 6.0 131.175
787.05005 6.0 131.175
785.69995 6.0 130.95
791.10004 6.0 131.85
792.44995 6.0 132.075
777.60004 6.0 129.6
797.85004 6.0 132.975
796.5 6.0 132.75
792.44995 6.0 132.075
796.5 6.0 132.75
799.19995 6.0 133.2
796.5 6.0 132.75
793.80005 6.0 132.3
789.75 6.0 131.625
787.05005 6.0 131.175
797.85004 6.0 132.975
785.69995 6.0 130.95
796.5 6.0 132.75
787.05005 6.0 131.175
787.05005 6.0 131.175
781.64996 6.0 130.275
796.5 6.0 132.75
792.44995 6.0 132.075
788.39996 6.0 131.4
792.44995 6.0 132.075
792.44995 6.0 132.075
796.5 6.0 132.75
795.14996 6.0 132.525
795.14996 6.0 132.525
785.69995 6.0 130.95
791.10004 6.0 131.85
789.75 6.0 131.625
788.39996 6.0 131.4
791.10004 6.0 131.85
792.44995 6.0 132.075
785.69995 6.0 130.95
932.85 7.0 133.26428
909.9 7.0 129.98572
927.45 7.0 132.49286
928.8 7.0 132.68571
922.05005 7.0 131.72144
923.4 7.0 131.91429
919.35 7.0 131.33571
926.10004 7.0 132.3
931.5 7.0 133.07143
920.69995 7.0 131.52856
928.8 7.0 132.68571
923.4 7.0 131.91429
919.35 7.0 131.33571
922.05005 7.0 131.72144
924.75 7.0 132.10715
919.35 7.0 131.33571
932.85 7.0 133.26428
923.4 7.0 131.91429
928.8 7.0 132.68571
922.05005 7.0 131.72144
928.8 7.0 132.68571
920.69995 7.0 131.52856
923.4 7.0 131.91429
919.35 7.0 131.33571
926.10004 7.0 132.3
923.4 7.0 131.91429
931.5 7.0 133.07143
923.4 7.0 131.91429
927.45 7.0 132.49286
930.15 7.0 132.87857
923.4 7.0 131.91429
924.75 7.0 132.10715
911.25 7.0 130.17857
932.85 7.0 133.26428
922.05005 7.0 131.72144
926.10004 7.0 132.3
923.4 7.0 131.91429
922.05005 7.0 131.72144
930.15 7.0 132.87857
926.10004 7.0 132.3
922.05005 7.0 131.72144
1062.45 8.0 132.80624
1054.35 8.0 131.79375
1058.4 8.0 132.3
1061.1 8.0 132.6375
1053.0 8.0 131.625
1065.15 8.0 133.14375
1058.4 8.0 132.3
1051.65 8.0 131.45625
1062.45 8.0 132.80624
1054.35 8.0 131.79375
1046.25 8.0 130.78125
1059.75 8.0 132.46875
1062.45 8.0 132.80624
1055.7 8.0 131.9625
1055.7 8.0 131.9625
1055.7 8.0 131.9625
1055.7 8.0 131.9625
1057.05 8.0 132.13126
1058.4 8.0 132.3
1055.7 8.0 131.9625
1054.35 8.0 131.79375
1043.55 8.0 130.44376
1053.0 8.0 131.625
1054.35 8.0 131.79375
1057.05 8.0 132.13126
1051.65 8.0 131.45625
1057.05 8.0 132.13126
1050.3 8.0 131.2875
1050.3 8.0 131.2875
1055.7 8.0 131.9625
1058.4 8.0 132.3
1053.0 8.0 131.625
1058.4 8.0 132.3
1051.65 8.0 131.45625
1062.45 8.0 132.80624
1051.65 8.0 131.45625
1046.25 8.0 130.78125
1053.0 8.0 131.625
1054.35 8.0 131.79375
1066.5 8.0 133.3125
1054.35 8.0 131.79375
1193.4 9.0 132.6
1190.7001 9.0 132.3
1183.9501 9.0 131.55
1186.65 9.0 131.85
1186.65 9.0 131.85
1185.2999 9.0 131.7
1186.65 9.0 131.85
1197.4501 9.0 133.05
1193.4 9.0 132.6
1183.9501 9.0 131.55
1188.0 9.0 132.0
1197.4501 9.0 133.05
1186.65 9.0 131.85
1178.5499 9.0 130.95
1194.75 9.0 132.75
1192.0499 9.0 132.45
1178.5499 9.0 130.95
1185.2999 9.0 131.7
1186.65 9.0 131.85
1188.0 9.0 132.0
1188.0 9.0 132.0
1198.7999 9.0 133.2
1185.2999 9.0 131.7
1174.5 9.0 130.5
1193.4 9.0 132.6
1186.65 9.0 131.85
1188.0 9.0 132.0
1183.9501 9.0 131.55
1178.5499 9.0 130.95
1183.9501 9.0 131.55
1177.2001 9.0 130.8
1181.25 9.0 131.25
1188.0 9.0 132.0
1175.85 9.0 130.65
1192.0499 9.0 132.45
1174.5 9.0 130.5
1181.25 9.0 131.25
1190.7001 9.0 132.3
1183.9501 9.0 131.55
1192.0499 9.0 132.45
1190.7001 9.0 132.3
1313.5499 10.0 131.355
1327.05 10.0 132.705
1324.35 10.0 132.435
1325.7001 10.0 132.57
1316.25 10.0 131.625
1316.25 10.0 131.625
1328.3999 10.0 132.84
1316.25 10.0 131.625
1318.9501 10.0 131.895
1313.5499 10.0 131.355
1317.6 10.0 131.76
1308.15 10.0 130.815
1309.5 10.0 130.95
1318.9501 10.0 131.895
1320.3 10.0 132.03
1318.9501 10.0 131.895
1316.25 10.0 131.625
1316.25 10.0 131.625
1324.35 10.0 132.435
1316.25 10.0 131.625
1313.5499 10.0 131.355
1313.5499 10.0 131.355
1308.15 10.0 130.815
1312.2 10.0 131.22
1310.8501 10.0 131.085
1312.2 10.0 131.22
1302.75 10.0 130.275
1317.6 10.0 131.76
1325.7001 10.0 132.57
1331.1 10.0 133.11
1318.9501 10.0 131.895
1318.9501 10.0 131.895
1317.6 10.0 131.76
1309.5 10.0 130.95
1320.3 10.0 132.03
1305.45 10.0 130.545
1318.9501 10.0 131.895
1312.2 10.0 131.22
1327.05 10.0 132.705
1316.25 10.0 131.625
1312.2 10.0 131.22
1448.55 11.0 131.68637
1456.65 11.0 132.42273
1452.6001 11.0 132.05455
1439.1 11.0 130.82727
1447.2 11.0 131.56363
1437.75 11.0 130.70454
1444.5 11.0 131.31818
1444.5 11.0 131.31818
1452.6001 11.0 132.05455
1451.25 11.0 131.93182
1460.7 11.0 132.79091
1443.1499 11.0 131.19545
1443.1499 11.0 131.19545
1443.1499 11.0 131.19545
1436.4 11.0 130.58182
1441.7999 11.0 131.07272
1448.55 11.0 131.68637
1435.05 11.0 130.45909
1440.45 11.0 130.95
1451.25 11.0 131.93182
1447.2 11.0 131.56363
1452.6001 11.0 132.05455
1455.3 11.0 132.3
1439.1 11.0 130.82727
1443.1499 11.0 131.19545
1432.35 11.0 130.21364
1456.65 11.0 132.42273
1455.3 11.0 132.3
1431.0 11.0 130.09091
1452.6001 11.0 132.05455
1436.4 11.0 130.58182
1451.25 11.0 131.93182
1451.25 11.0 131.93182
1456.65 11.0 132.42273
1443.1499 11.0 131.19545
1451.25 11.0 131.93182
1451.25 11.0 131.93182
1447.2 11.0 131.56363
1455.3 11.0 132.3
1441.7999 11.0 131.07272
1451.25 11.0 131.93182
1580.8501 12.0 131.7375
1567.3501 12.0 130.6125
1561.9501 12.0 130.1625
1563.2999 12.0 130.275
1582.2001 12.0 131.85
1579.5 12.0 131.625
1575.4501 12.0 131.2875
1568.7001 12.0 130.725
1579.5 12.0 131.625
1579.5 12.0 131.625
1571.3999 12.0 130.95
1571.3999 12.0 130.95
1552.5 12.0 129.375
1572.75 12.0 131.0625
1568.7001 12.0 130.725
1574.1001 12.0 131.175
1586.25 12.0 132.1875
1566.0 12.0 130.5
1572.75 12.0 131.0625
1583.5499 12.0 131.9625
1571.3999 12.0 130.95
1575.4501 12.0 131.2875
1570.0499 12.0 130.8375
1590.2999 12.0 132.525
1582.2001 12.0 131.85
1576.7999 12.0 131.4
1580.8501 12.0 131.7375
1582.2001 12.0 131.85
1575.4501 12.0 131.2875
1564.6499 12.0 130.3875
1580.8501 12.0 131.7375
1571.3999 12.0 130.95
1578.1499 12.0 131.5125
1572.75 12.0 131.0625
1570.0499 12.0 130.8375
1568.7001 12.0 130.725
1566.0 12.0 130.5
1567.3501 12.0 130.6125
1566.0 12.0 130.5
1570.0499 12.0 130.8375
1579.5 12.0 131.625
1707.75 13.0 131.36539
1699.65 13.0 130.74231
1713.1499 13.0 131.78076
1702.35 13.0 130.95
1692.9001 13.0 130.22308
1701.0001 13.0 130.84616
1703.7001 13.0 131.05385
1709.1001 13.0 131.46924
1706.3999 13.0 131.26154
1691.55 13.0 130.11923
1695.6 13.0 130.43077
1706.3999 13.0 131.26154
1691.55 13.0 130.11923
1710.45 13.0 131.57307
1690.2 13.0 130.01538
1694.25 13.0 130.32692
1696.9501 13.0 130.53462
1678.0499 13.0 129.08076
1684.8 13.0 129.6
1691.55 13.0 130.11923
1713.1499 13.0 131.78076
1706.3999 13.0 131.26154
1682.1 13.0 129.3923
1713.1499 13.0 131.78076
1702.35 13.0 130.95
1703.7001 13.0 131.05385
1691.55 13.0 130.11923
1705.05 13.0 131.1577
1696.9501 13.0 130.53462
1680.7501 13.0 129.28847
1696.9501 13.0 130.53462
1699.65 13.0 130.74231
1706.3999 13.0 131.26154
1683.45 13.0 129.49615
1710.45 13.0 131.57307
1678.0499 13.0 129.08076
1687.5 13.0 129.8077
1701.0001 13.0 130.84616
1706.3999 13.0 131.26154
1709.1001 13.0 131.46924
1688.8501 13.0 129.91154
1771.2 14.0 126.51428
1800.8999 14.0 128.63571
1767.15 14.0 126.225
1760.4 14.0 125.74286
1780.65 14.0 127.189285
1776.6 14.0 126.9
1814.4001 14.0 129.6
1807.65 14.0 129.11786
1795.5 14.0 128.25
1811.7001 14.0 129.40715
1776.6 14.0 126.9
1800.8999 14.0 128.63571
1752.2999 14.0 125.16428
1761.75 14.0 125.83929
1740.1499 14.0 124.296425
1728.0 14.0 123.42857
1737.45 14.0 124.10357
1773.9 14.0 126.707146
1745.55 14.0 124.682144
1728.0 14.0 123.42857
1745.55 14.0 124.682144
1742.8501 14.0 124.48929
1741.5 14.0 124.39286
1756.3501 14.0 125.453575
1802.25 14.0 128.73215
1804.9501 14.0 128.925
1806.2999 14.0 129.02142
1792.8 14.0 128.05714
1779.3 14.0 127.09286
1833.2999 14.0 130.95
1806.2999 14.0 129.02142
1740.1499 14.0 124.296425
1730.7 14.0 123.62143
1753.6499 14.0 125.26071
1795.5 14.0 128.25
1765.8 14.0 126.12857
1784.7 14.0 127.47857
1792.8 14.0 128.05714
1734.75 14.0 123.91071
1771.2 14.0 126.51428
1821.1499 14.0 130.08214
1800.9 15.000001 120.06
1765.8002 15.000001 117.72
1775.2501 15.000001 118.35
1740.1501 15.000001 116.01
1775.2501 15.000001 118.35
1786.05 15.000001 119.07
1768.5001 15.000001 117.9
1740.1501 15.000001 116.01
1775.2501 15.000001 118.35
1769.8501 15.000001 117.99
1818.4502 15.000001 121.23
1830.6001 15.000001 122.04
1819.8002 15.000001 121.32
1740.1501 15.000001 116.01
1846.8002 15.000001 123.12
1844.1001 15.000001 122.94
1787.4001 15.000001 119.16
1826.55 15.000001 121.77
1800.9 15.000001 120.06
1844.1001 15.000001 122.94
1811.7001 15.000001 120.78
1740.1501 15.000001 116.01
1760.4001 15.000001 117.36
1755.0001 15.000001 117.0
1786.05 15.000001 119.07
1827.9001 15.000001 121.86
1833.3002 15.000001 122.22
1833.3002 15.000001 122.22
1813.0502 15.000001 120.87
1798.2001 15.000001 119.88
1788.7501 15.000001 119.25
1826.55 15.000001 121.77
1823.8501 15.000001 121.59
1818.4502 15.000001 121.23
1750.9502 15.000001 116.73
1803.6001 15.000001 120.24
1753.6501 15.000001 116.91
1723.9501 15.000001 114.93
1718.55 15.000001 114.57
1756.3501 15.000001 117.09
1776.6001 15.000001 118.44
1752.3 16.0 109.51875
1807.65 16.0 112.97813
1796.85 16.0 112.30312
1764.45 16.0 110.27812
1782.0 16.0 111.375
1783.35 16.0 111.45937
1769.85 16.0 110.61562
1822.5 16.0 113.90625
1748.25 16.0 109.265625
1742.85 16.0 108.92812
1836.0 16.0 114.75
1791.45 16.0 111.96562
1796.85 16.0 112.30312
1779.3 16.0 111.20625
1742.85 16.0 108.92812
1783.35 16.0 111.45937
1792.8 16.0 112.05
1757.7 16.0 109.85625
1748.25 16.0 109.265625
1764.45 16.0 110.27812
1746.9 16.0 109.18125
1745.55 16.0 109.09688
1800.9 16.0 112.55625
1775.25 16.0 110.953125
1788.75 16.0 111.796875
1807.65 16.0 112.97813
1744.2 16.0 109.0125
1810.35 16.0 113.14687
1817.1 16.0 113.56875
1803.6 16.0 112.725
1786.05 16.0 111.62813
1817.1 16.0 113.56875
1749.6 16.0 109.35
1804.95 16.0 112.80937
1796.85 16.0 112.30312
1840.05 16.0 115.00313
1849.5 16.0 115.59375
1804.95 16.0 112.80937
1796.85 16.0 112.30312
1790.1 16.0 111.88125
1807.65 16.0 112.97813
1780.65 17.0 104.74412
1755.0 17.0 103.23529
1755.0 17.0 103.23529
1810.35 17.0 106.49117
1752.2999 17.0 103.07647
1702.35 17.0 100.13824
1772.55 17.0 104.26765
1780.65 17.0 104.74412
1744.2 17.0 102.6
1729.35 17.0 101.72647
1725.3 17.0 101.488235
1813.05 17.0 106.65
1802.25 17.0 106.01471
1864.35 17.0 109.66765
1702.35 17.0 100.13824
1742.8501 17.0 102.52059
1782.0 17.0 104.82353
1764.45 17.0 103.791176
1792.8 17.0 105.458824
1819.8 17.0 107.04706
1827.9 17.0 107.52353
1745.55 17.0 102.67941
1679.4 17.0 98.78824
1718.55 17.0 101.09118
1800.9 17.0 105.935295
1734.75 17.0 102.04412
1782.0 17.0 104.82353
1864.35 17.0 109.66765
1723.95 17.0 101.40882
1817.1 17.0 106.88824
1756.35 17.0 103.314705
1831.95 17.0 107.761765
1761.75 17.0 103.632355
1810.35 17.0 106.49117
1761.75 17.0 103.632355
1791.45 17.0 105.37941
1823.85 17.0 107.28529
1784.7 17.0 104.98235
1786.05 17.0 105.06177
1768.5 17.0 104.02941
1786.05 17.0 105.06177
1760.4 18.0 97.8
1723.9501 18.0 95.775
1776.6 18.0 98.7
1750.9501 18.0 97.275
1780.65 18.0 98.925
1756.35 18.0 97.575
1795.5 18.0 99.75
1769.85 18.0 98.325
1837.35 18.0 102.075
1790.1 18.0 99.45
1769.85 18.0 98.325
1748.25 18.0 97.125
1741.5 18.0 96.75
1736.1 18.0 96.45
1776.6 18.0 98.7
1676.7001 18.0 93.15
1765.7999 18.0 98.1
1773.9 18.0 98.55
1764.4501 18.0 98.025
1742.85 18.0 96.825
1733.4 18.0 96.3
1772.5499 18.0 98.475
1763.1 18.0 97.95
1796.85 18.0 99.825
1703.7001 18.0 94.65
1784.7001 18.0 99.15
1771.2001 18.0 98.4
1741.5 18.0 96.75
1777.9501 18.0 98.775
1732.0499 18.0 96.225
1775.25 18.0 98.625
1745.5499 18.0 96.975
1710.4501 18.0 95.025
1744.2001 18.0 96.9
1786.0499 18.0 99.225
1740.15 18.0 96.675
1713.15 18.0 95.175
1791.4501 18.0 99.525
1711.7999 18.0 95.1
1802.25 18.0 100.125
1760.4 18.0 97.8
1759.05 19.0 92.58158
1702.35 19.0 89.59737
1740.15 19.0 91.586845
1678.05 19.0 88.31842
1696.95 19.0 89.313156
1740.15 19.0 91.586845
1734.7501 19.0 91.302635
1736.1001 19.0 91.37369
1709.1 19.0 89.95263
1748.25 19.0 92.01316
1733.4 19.0 91.23158
1748.25 19.0 92.01316
1748.25 19.0 92.01316
1791.45 19.0 94.28684
1750.9501 19.0 92.155266
1771.2001 19.0 93.221054
1771.2001 19.0 93.221054
1714.5 19.0 90.23684
1727.9999 19.0 90.947365
1787.4 19.0 94.073685
1711.7999 19.0 90.094734
1756.3501 19.0 92.439476
1703.7 19.0 89.66842
1737.4501 19.0 91.44474
1772.55 19.0 93.29211
1767.15 19.0 93.0079
1730.7 19.0 91.08947
1711.7999 19.0 90.094734
1733.4 19.0 91.23158
1772.55 19.0 93.29211
1740.15 19.0 91.586845
1772.55 19.0 93.29211
1795.5 19.0 94.5
1780.65 19.0 93.71842
1783.35 19.0 93.86053
1765.8 19.0 92.936844
1782.0 19.0 93.789474
1765.8 19.0 92.936844
1652.4 19.0 86.96842
1803.6 19.0 94.926315
1744.2001 19.0 91.8
1715.8501 20.0 85.7925
1733.3999 20.0 86.67
1779.2999 20.0 88.965
1729.35 20.0 86.4675
1698.3 20.0 84.915
1715.8501 20.0 85.7925
1686.15 20.0 84.3075
1761.75 20.0 88.0875
1668.6 20.0 83.43
1740.15 20.0 87.0075
1695.6 20.0 84.78
1802.25 20.0 90.1125
1744.2 20.0 87.21
1675.3501 20.0 83.7675
1752.2999 20.0 87.615
1664.55 20.0 83.2275
1705.05 20.0 85.2525
1756.35 20.0 87.8175
1752.2999 20.0 87.615
1684.7999 20.0 84.24
1719.9 20.0 85.995
1690.2001 20.0 84.51
1671.3 20.0 83.565
1741.5 20.0 87.075
1706.4 20.0 85.32
1728.0 20.0 86.4
1701.0 20.0 85.05
1730.7001 20.0 86.535
1672.65 20.0 83.6325
1715.8501 20.0 85.7925
1750.95 20.0 87.5475
1733.3999 20.0 86.67
1713.15 20.0 85.6575
1753.65 20.0 87.6825
1717.2 20.0 85.86
1717.2 20.0 85.86
1707.75 20.0 85.3875
1736.1 20.0 86.805
1725.3 20.0 86.265
1713.15 20.0 85.6575
1688.85 20.0 84.4425
1767.15 21.0 84.15
1688.85 21.0 80.421425
1694.25 21.0 80.67857
1715.8501 21.0 81.707146
1761.7501 21.0 83.89286
1705.0499 21.0 81.192856
1732.0499 21.0 82.47857
1722.6 21.0 82.02857
1723.95 21.0 82.09286
1713.15 21.0 81.578575
1678.05 21.0 79.90714
1734.7499 21.0 82.60714
1706.3999 21.0 81.25714
1686.1499 21.0 80.292854
1718.55 21.0 81.83572
1753.6499 21.0 83.50714
1706.3999 21.0 81.25714
1721.25 21.0 81.96429
1786.05 21.0 85.05
1714.5001 21.0 81.64286
1761.7501 21.0 83.89286
1752.2999 21.0 83.442856
1692.9 21.0 80.61429
1679.4 21.0 79.97143
1694.25 21.0 80.67857
1729.35 21.0 82.35
1726.65 21.0 82.22143
1696.9501 21.0 80.807144
1729.35 21.0 82.35
1752.2999 21.0 83.442856
1733.3999 21.0 82.542854
1713.15 21.0 81.578575
1767.15 21.0 84.15
1729.35 21.0 82.35
1725.3 21.0 82.15714
1672.65 21.0 79.65
1734.7499 21.0 82.60714
1763.1001 21.0 83.957146
1656.45 21.0 78.87857
1733.3999 21.0 82.542854
1649.7001 21.0 78.557144
1683.45 22.0 76.520454
1717.2 22.0 78.05454
1651.05 22.0 75.04773
1686.15 22.0 76.64318
1642.95 22.0 74.67954
1694.2499 22.0 77.01136
1705.05 22.0 77.50227
1679.4 22.0 76.336365
1715.85 22.0 77.99318
1679.4 22.0 76.336365
1723.9501 22.0 78.36137
1668.6 22.0 75.84545
1690.2 22.0 76.82727
1660.5 22.0 75.47727
1740.1499 22.0 79.097725
1691.5499 22.0 76.88863
1679.4 22.0 76.336365
1665.8999 22.0 75.722725
1729.35 22.0 78.60682
1705.05 22.0 77.50227
1647.0001 22.0 74.86364
1711.7999 22.0 77.80909
1651.05 22.0 75.04773
1755.0 22.0 79.77273
1674.0 22.0 76.09091
1737.45 22.0 78.975
1671.3 22.0 75.968185
1682.1 22.0 76.45909
1698.3 22.0 77.19546
1726.65 22.0 78.48409
1692.8999 22.0 76.95
1740.1499 22.0 79.097725
1636.2 22.0 74.37273
1636.2 22.0 74.37273
1715.85 22.0 77.99318
1715.85 22.0 77.99318
1675.3501 22.0 76.152275
1738.7999 22.0 79.03636
1663.2 22.0 75.6
1676.7001 22.0 76.21364
1702.3501 22.0 77.37955
1690.2 23.0 73.48695
1606.5 23.0 69.847824
1667.25 23.0 72.48913
1683.4501 23.0 73.19348
1652.3999 23.0 71.843475
1630.8 23.0 70.90435
1684.8 23.0 73.252174
1675.35 23.0 72.8413
1655.1 23.0 71.96087
1674.0 23.0 72.78261
1687.5 23.0 73.36957
1675.35 23.0 72.8413
1682.1 23.0 73.13478
1730.7 23.0 75.247826
1707.75 23.0 74.25
1691.55 23.0 73.545654
1729.3501 23.0 75.18913
1649.7001 23.0 71.72609
1680.75 23.0 73.07609
1691.55 23.0 73.545654
1648.35 23.0 71.66739
1642.9501 23.0 71.43261
1672.65 23.0 72.723915
1634.8501 23.0 71.08044
1659.15 23.0 72.136955
1664.55 23.0 72.37174
1657.8 23.0 72.07826
1664.55 23.0 72.37174
1683.4501 23.0 73.19348
1683.4501 23.0 73.19348
1718.55 23.0 74.71957
1678.0499 23.0 72.958694
1691.55 23.0 73.545654
1674.0 23.0 72.78261
1622.7001 23.0 70.55218
1703.7 23.0 74.07391
1644.2999 23.0 71.4913
1701.0 23.0 73.95652
1682.1 23.0 73.13478
1644.2999 23.0 71.4913
1701.0 23.0 73.95652
1682.1001 24.0 70.0875
1661.8501 24.0 69.24375
1690.2001 24.0 70.425
1675.3501 24.0 69.80625
1645.6499 24.0 68.56875
1694.25 24.0 70.59375
1625.3999 24.0 67.725
1672.6499 24.0 69.69375
1611.8999 24.0 67.1625
1651.0499 24.0 68.79375
1613.25 24.0 67.21875
1607.8501 24.0 66.99375
1663.2001 24.0 69.3
1663.2001 24.0 69.3
1629.4501 24.0 67.89375
1676.7001 24.0 69.8625
1684.7999 24.0 70.2
1683.4501 24.0 70.14375
1665.8999 24.0 69.4125
1663.2001 24.0 69.3
1653.75 24.0 68.90625
1622.7001 24.0 67.6125
1649.7001 24.0 68.7375
1652.3999 24.0 68.85
1603.7999 24.0 66.825
1659.1499 24.0 69.13125
1652.3999 24.0 68.85
1682.1001 24.0 70.0875
1641.6001 24.0 68.4
1710.4501 24.0 71.26875
1683.4501 24.0 70.14375
1661.8501 24.0 69.24375
1668.6001 24.0 69.525
1669.9501 24.0 69.58125
1661.8501 24.0 69.24375
1647.0 24.0 68.625
1725.2999 24.0 71.8875
1671.2999 24.0 69.6375
1644.2999 24.0 68.5125
1641.6001 24.0 68.4
1694.25 24.0 70.59375
1657.7999 25.0 66.312
1611.8999 25.0 64.476
1676.7001 25.0 67.068
1606.5 25.0 64.26
1605.15 25.0 64.206
1652.4 25.0 66.096
1680.7501 25.0 67.23
1564.6499 25.0 62.586
1611.8999 25.0 64.476
1601.1 25.0 64.044
1597.05 25.0 63.882
1651.05 25.0 66.042
1653.75 25.0 66.15
1652.4 25.0 66.096
1625.4 25.0 65.016
1694.2499 25.0 67.77
1638.9 25.0 65.556
1628.1 25.0 65.124
1668.6001 25.0 66.744
1610.5499 25.0 64.422
1656.4501 25.0 66.258
1651.05 25.0 66.042
1723.95 25.0 68.958
1659.1499 25.0 66.366
1659.1499 25.0 66.366
1692.9001 25.0 67.716
1642.9501 25.0 65.718
1570.0499 25.0 62.802
1628.1 25.0 65.124
1655.1001 25.0 66.204
1609.2 25.0 64.368
1622.7 25.0 64.908
1664.55 25.0 66.582
1634.85 25.0 65.394
1698.2999 25.0 67.932
1636.2 25.0 65.448
1549.8 25.0 61.992
1617.3 25.0 64.692
1640.25 25.0 65.61
1611.8999 25.0 64.476
1613.25 25.0 64.53
1638.9 26.0 63.034615
1651.05 26.0 63.501923
1621.35 26.0 62.359615
1598.4 26.0 61.476925
1570.05 26.0 60.38654
1591.65 26.0 61.217308
1615.9501 26.0 62.151924
1613.25 26.0 62.048077
1676.7001 26.0 64.488464
1587.6 26.0 61.06154
1647.0 26.0 63.346153
1628.1001 26.0 62.619232
1634.85 26.0 62.878845
1659.15 26.0 63.81346
1613.25 26.0 62.048077
1637.55 26.0 62.982693
1601.1 26.0 61.58077
1630.7999 26.0 62.723076
1572.75 26.0 60.490383
1610.5499 26.0 61.94423
1628.1001 26.0 62.619232
1629.45 26.0 62.671154
1583.55 26.0 60.90577
1598.4 26.0 61.476925
1605.15 26.0 61.736538
1634.85 26.0 62.878845
1599.75 26.0 61.528847
1613.25 26.0 62.048077
1628.1001 26.0 62.619232
1642.95 26.0 63.190384
1659.15 26.0 63.81346
1640.25 26.0 63.08654
1614.6 26.0 62.1
1628.1001 26.0 62.619232
1667.25 26.0 64.125
1642.95 26.0 63.190384
1607.85 26.0 61.840385
1597.0499 26.0 61.425
1607.85 26.0 61.840385
1544.4 26.0 59.4
1640.25 26.0 63.08654
1587.6001 27.000002 58.8
1583.5502 27.000002 58.65
1555.2001 27.000002 57.6
1598.4001 27.000002 59.2
1624.0502 27.000002 60.15
1648.3501 27.000002 61.05
1559.2501 27.000002 57.75
1642.9501 27.000002 60.85
1602.4501 27.000002 59.35
1609.2001 27.000002 59.6
1594.3501 27.000002 59.05
1595.7001 27.000002 59.1
1621.3501 27.000002 60.05
1659.1501 27.000002 61.45
1615.9501 27.000002 59.85
1609.2001 27.000002 59.6
1641.6001 27.000002 60.8
1602.4501 27.000002 59.35
1588.9501 27.000002 58.85
1584.9001 27.000002 58.7
1544.4001 27.000002 57.2
1614.6001 27.000002 59.8
1591.6501 27.000002 58.95
1583.5502 27.000002 58.65
1561.9501 27.000002 57.85
1559.2501 27.000002 57.75
1606.5001 27.000002 59.5
1553.8501 27.000002 57.55
1609.2001 27.000002 59.6
1576.8002 27.000002 58.4
1642.9501 27.000002 60.85
1583.5502 27.000002 58.65
1645.6501 27.000002 60.95
1561.9501 27.000002 57.85
1561.9501 27.000002 57.85
1590.3002 27.000002 58.9
1614.6001 27.000002 59.8
1598.4001 27.000002 59.2
1584.9001 27.000002 58.7
1632.1501 27.000002 60.45
1620.0001 27.000002 60.0
1583.55 28.0 56.55536
1563.2999 28.0 55.83214
1570.05 28.0 56.073215
1555.2001 28.0 55.54286
1561.95 28.0 55.783928
1597.0499 28.0 57.0375
1624.05 28.0 58.001785
1611.8999 28.0 57.567856
1571.4 28.0 56.12143
1614.6001 28.0 57.664288
1560.6 28.0 55.735714
1564.6499 28.0 55.880356
1618.65 28.0 57.80893
1561.95 28.0 55.783928
1588.95 28.0 56.748215
1618.65 28.0 57.80893
1574.1 28.0 56.217857
1557.9 28.0 55.639286
1609.2 28.0 57.471428
1583.55 28.0 56.55536
1578.15 28.0 56.3625
1625.4 28.0 58.05
1624.05 28.0 58.001785
1578.15 28.0 56.3625
1611.8999 28.0 57.567856
1545.75 28.0 55.205357
1563.2999 28.0 55.83214
1551.1499 28.0 55.398212
1568.7001 28.0 56.025
1586.25 28.0 56.651787
1591.65 28.0 56.844643
1566.0 28.0 55.92857
1579.5 28.0 56.410713
1609.2 28.0 57.471428
1601.1001 28.0 57.182144
1618.65 28.0 57.80893
1584.9 28.0 56.603573
1576.8 28.0 56.314285
1611.8999 28.0 57.567856
1563.2999 28.0 55.83214
1534.95 28.0 54.81964
1594.35 29.0 54.977585
1579.5 29.0 54.46552
1606.5 29.0 55.396553
1553.85 29.0 53.581036
1601.1001 29.0 55.210346
1549.8 29.0 53.44138
1574.1001 29.0 54.279312
1559.25 29.0 53.767242
1606.5 29.0 55.396553
1561.95 29.0 53.860344
1539.0 29.0 53.068966
1583.5499 29.0 54.60517
1594.35 29.0 54.977585
1568.7001 29.0 54.093105
1570.05 29.0 54.139656
1599.75 29.0 55.16379
1548.4501 29.0 53.39483
1543.05 29.0 53.208622
1547.1 29.0 53.348274
1591.65 29.0 54.884483
1561.95 29.0 53.860344
1566.0 29.0 54.0
1583.5499 29.0 54.60517
1560.6 29.0 53.813793
1572.75 29.0 54.232758
1544.4 29.0 53.255173
1622.7001 29.0 55.955173
1566.0 29.0 54.0
1533.6 29.0 52.88276
1578.15 29.0 54.418964
1551.15 29.0 53.48793
1532.25 29.0 52.83621
1548.4501 29.0 53.39483
1561.95 29.0 53.860344
1611.9 29.0 55.58276
1551.15 29.0 53.48793
1541.7 29.0 53.162067
1602.45 29.0 55.256897
1507.95 29.0 51.998276
1561.95 29.0 53.860344
1595.7001 29.0 55.02414
1534.9501 30.000002 51.165
1561.9501 30.000002 52.065
1547.1001 30.000002 51.57
1518.7501 30.000002 50.625
1567.3501 30.000002 52.245
1579.5001 30.000002 52.65
1520.1001 30.000002 50.67
1561.9501 30.000002 52.065
1529.5502 30.000002 50.985
1570.05 30.000002 52.335
1537.6501 30.000002 51.255
1541.7001 30.000002 51.39
1447.2002 30.000002 48.24
1517.4001 30.000002 50.58
1551.1501 30.000002 51.705
1586.2501 30.000002 52.875
1539.0001 30.000002 51.3
1513.3501 30.000002 50.445
1557.9001 30.000002 51.93
1602.4501 30.000002 53.415
1512.0001 30.000002 50.4
1578.1501 30.000002 52.605
1560.6001 30.000002 52.02
1555.2001 30.000002 51.84
1544.4 30.000002 51.48
1471.5001 30.000002 49.05
1561.9501 30.000002 52.065
1524.1501 30.000002 50.805
1521.4501 30.000002 50.715
1516.05 30.000002 50.535
1533.6001 30.000002 51.12
1567.3501 30.000002 52.245
1545.7501 30.000002 51.525
1532.2501 30.000002 51.075
1576.8002 30.000002 52.56
1574.1001 30.000002 52.47
1529.5502 30.000002 50.985
1512.0001 30.000002 50.4
1578.1501 30.000002 52.605
1534.9501 30.000002 51.165
1584.9001 30.000002 52.83
1475.55 31.0 47.59839
1537.65 31.0 49.601612
1560.6 31.0 50.341934
1517.4 31.0 48.948387
1480.95 31.0 47.77258
1524.15 31.0 49.16613
1476.9 31.0 47.641937
1495.8 31.0 48.251614
1528.2001 31.0 49.296776
1436.4 31.0 46.335484
1498.5 31.0 48.33871
1490.4 31.0 48.07742
1517.4 31.0 48.948387
1502.55 31.0 48.469357
1510.65 31.0 48.730644
1533.6 31.0 49.470966
1541.7 31.0 49.732258
1541.7 31.0 49.732258
1536.2999 31.0 49.558064
1524.15 31.0 49.16613
1503.9 31.0 48.512905
1509.2999 31.0 48.687096
1507.95 31.0 48.643547
1548.4501 31.0 49.95
1540.35 31.0 49.68871
1441.8 31.0 46.509678
1520.1 31.0 49.035484
1544.4 31.0 49.819355
1502.55 31.0 48.469357
1460.7 31.0 47.119354
1521.4501 31.0 49.079033
1547.1 31.0 49.906452
1521.4501 31.0 49.079033
1532.25 31.0 49.427418
1478.25 31.0 47.685482
1545.75 31.0 49.862904
1543.05 31.0 49.775806
1520.1 31.0 49.035484
1534.95 31.0 49.514515
1513.35 31.0 48.81774
1539.0 31.0 49.64516
1468.8 32.0 45.9
1475.55 32.0 46.11094
1485.0 32.0 46.40625
1563.3 32.0 48.853127
1509.3 32.0 47.165627
1490.4 32.0 46.575
1503.9 32.0 46.996876
1541.7 32.0 48.178123
1482.3 32.0 46.321877
1468.8 32.0 45.9
1560.6 32.0 48.76875
1452.6 32.0 45.39375
1495.8 32.0 46.74375
1491.75 32.0 46.617188
1478.25 32.0 46.195312
1467.45 32.0 45.85781
1485.0 32.0 46.40625
1547.1 32.0 48.346874
1502.55 32.0 46.95469
1529.55 32.0 47.79844
1449.9 32.0 45.309376
1512.0 32.0 47.25
1494.45 32.0 46.70156
1501.2 32.0 46.9125
1505.25 32.0 47.039062
1486.35 32.0 46.448437
1440.45 32.0 45.01406
1530.9 32.0 47.840626
1471.5 32.0 45.984375
1503.9 32.0 46.996876
1509.3 32.0 47.165627
1467.45 32.0 45.85781
1486.35 32.0 46.448437
1512.0 32.0 47.25
1491.75 32.0 46.617188
1476.9 32.0 46.153126
1557.9 32.0 48.684376
1471.5 32.0 45.984375
1498.5 32.0 46.828125
1453.95 32.0 45.435936
1498.5 32.0 46.828125
1468.7999 33.0 44.50909
1435.0499 33.0 43.486362
1520.1 33.0 46.063637
1463.4 33.0 44.345455
1437.75 33.0 43.56818
1404.0 33.0 42.545456
1455.2999 33.0 44.1
1506.6 33.0 45.654545
1485.0 33.0 45.0
1421.55 33.0 43.077274
1449.9 33.0 43.936363
1498.5 33.0 45.409092
1501.2001 33.0 45.49091
1509.2999 33.0 45.736362
1422.9 33.0 43.118183
1467.45 33.0 44.46818
1467.45 33.0 44.46818
1466.1 33.0 44.427273
1493.1 33.0 45.245453
1474.2 33.0 44.672726
1478.25 33.0 44.795456
1458.0 33.0 44.18182
1512.0 33.0 45.81818
1498.5 33.0 45.409092
1436.3999 33.0 43.52727
1439.1001 33.0 43.609093
1479.6001 33.0 44.836365
1534.9501 33.0 46.513638
1455.2999 33.0 44.1
1498.5 33.0 45.409092
1537.65 33.0 46.595455
1460.7001 33.0 44.263638
1472.85 33.0 44.631817
1507.95 33.0 45.695454
1498.5 33.0 45.409092
1514.7001 33.0 45.9
1503.9 33.0 45.572727
1447.2 33.0 43.854546
1491.75 33.0 45.204544
1425.6 33.0 43.2
1475.5499 33.0 44.713634
1493.1001 34.0 43.914707
1440.45 34.0 42.366177
1426.95 34.0 41.969116
1453.9501 34.0 42.763237
1463.4 34.0 43.041176
1441.8 34.0 42.405884
1405.35 34.0 41.333824
1493.1001 34.0 43.914707
1476.9 34.0 43.438236
1490.3999 34.0 43.835293
1463.4 34.0 43.041176
1463.4 34.0 43.041176
1487.7 34.0 43.755882
1466.1 34.0 43.120586
1482.2999 34.0 43.597057
1478.25 34.0 43.47794
1472.85 34.0 43.31912
1456.65 34.0 42.842648
1436.4 34.0 42.24706
1487.7 34.0 43.755882
1467.45 34.0 43.160294
1439.1 34.0 42.32647
1433.7001 34.0 42.16765
1512.0 34.0 44.47059
1451.25 34.0 42.683823
1502.5499 34.0 44.192646
1451.25 34.0 42.683823
1456.65 34.0 42.842648
1470.1499 34.0 43.239704
1486.35 34.0 43.716175
1476.9 34.0 43.438236
1505.25 34.0 44.27206
1462.05 34.0 43.001472
1493.1001 34.0 43.914707
1445.8501 34.0 42.525
1452.6 34.0 42.72353
1474.2 34.0 43.35882
1401.3 34.0 41.214706
1480.9501 34.0 43.557354
1462.05 34.0 43.001472
1460.7001 34.0 42.961765
1448.5499 35.0 41.387142
1420.2001 35.0 40.577145
1439.1 35.0 41.11714
1455.3 35.0 41.58
1399.9501 35.0 39.998573
1447.2 35.0 41.34857
1455.3 35.0 41.58
1426.9501 35.0 40.77
1472.85 35.0 42.08143
1395.9 35.0 39.88286
1414.7999 35.0 40.422855
1425.6001 35.0 40.73143
1478.25 35.0 42.235714
1459.35 35.0 41.695713
1410.75 35.0 40.307144
1420.2001 35.0 40.577145
1401.3 35.0 40.037144
1489.0499 35.0 42.544285
1441.8 35.0 41.194286
1429.6499 35.0 40.84714
1413.45 35.0 40.384285
1425.6001 35.0 40.73143
1474.2 35.0 42.12
1413.45 35.0 40.384285
1458.0 35.0 41.657143
1478.25 35.0 42.235714
1422.9 35.0 40.654285
1429.6499 35.0 40.84714
1459.35 35.0 41.695713
1418.85 35.0 40.53857
1436.4 35.0 41.04
1443.15 35.0 41.232857
1398.6 35.0 39.96
1463.4 35.0 41.811428
1431.0 35.0 40.885715
1444.5 35.0 41.271427
1398.6 35.0 39.96
1464.75 35.0 41.85
1421.55 35.0 40.615715
1453.95 35.0 41.541428
1416.15 35.0 40.46143
1420.2001 36.0 39.45
1432.35 36.0 39.7875
1405.35 36.0 39.0375
1395.9 36.0 38.775
1413.4501 36.0 39.2625
1429.65 36.0 39.7125
1428.2999 36.0 39.675
1406.7001 36.0 39.075
1418.85 36.0 39.4125
1418.85 36.0 39.4125
1358.1 36.0 37.725
1417.5 36.0 39.375
1425.6 36.0 39.6
1395.9 36.0 38.775
1444.5 36.0 40.125
1409.4 36.0 39.15
1422.9 36.0 39.525
1412.1 36.0 39.225
1432.35 36.0 39.7875
1402.65 36.0 38.9625
1395.9 36.0 38.775
1449.9 36.0 40.275
1399.9501 36.0 38.8875
1412.1 36.0 39.225
1435.0499 36.0 39.8625
1381.0499 36.0 38.3625
1398.6 36.0 38.85
1383.75 36.0 38.4375
1416.15 36.0 39.3375
1432.35 36.0 39.7875
1433.7001 36.0 39.825
1425.6 36.0 39.6
1405.35 36.0 39.0375
1417.5 36.0 39.375
1399.9501 36.0 38.8875
1387.7999 36.0 38.55
1378.35 36.0 38.2875
1437.75 36.0 39.9375
1409.4 36.0 39.15
1425.6 36.0 39.6
1385.1 36.0 38.475
1401.3 37.0 37.872974
1408.0499 37.0 38.055405
1410.75 37.0 38.12838
1377.0 37.0 37.216217
1360.7999 37.0 36.778378
1386.4501 37.0 37.471622
1429.65 37.0 38.63919
1386.4501 37.0 37.471622
1426.95 37.0 38.566216
1417.5 37.0 38.31081
1416.1499 37.0 38.274323
1383.75 37.0 37.398647
1418.85 37.0 38.347298
1372.9501 37.0 37.10676
1456.65 37.0 39.36892
1413.45 37.0 38.20135
1406.7 37.0 38.018917
1440.45 37.0 38.93108
1401.3 37.0 37.872974
1421.5499 37.0 38.42027
1394.55 37.0 37.69054
1409.4 37.0 38.091892
1367.55 37.0 36.96081
1428.3 37.0 38.602703
1385.1 37.0 37.435135
1395.9 37.0 37.727028
1352.7 37.0 36.55946
1394.55 37.0 37.69054
1401.3 37.0 37.872974
1389.15 37.0 37.544594
1391.8501 37.0 37.61757
1382.4 37.0 37.362164
1412.1 37.0 38.164864
1428.3 37.0 38.602703
1398.6 37.0 37.8
1383.75 37.0 37.398647
1387.7999 37.0 37.508106
1405.35 37.0 37.982433
1389.15 37.0 37.544594
1414.8 37.0 38.23784
1429.65 37.0 38.63919
1366.2001 38.0 35.952633
1399.95 38.0 36.84079
1312.2 38.0 34.531578
1352.7001 38.0 35.59737
1417.5 38.0 37.30263
1406.7 38.0 37.01842
1416.15 38.0 37.267105
1421.55 38.0 37.40921
1375.65 38.0 36.201317
1393.2001 38.0 36.66316
1424.25 38.0 37.480263
1391.85 38.0 36.627632
1393.2001 38.0 36.66316
1310.85 38.0 34.49605
1393.2001 38.0 36.66316
1397.25 38.0 36.769737
1425.6 38.0 37.51579
1451.25 38.0 38.19079
1379.7001 38.0 36.307896
1344.6 38.0 35.38421
1372.9501 38.0 36.130264
1328.3999 38.0 34.957893
1394.55 38.0 36.698685
1405.35 38.0 36.982895
1372.9501 38.0 36.130264
1401.3 38.0 36.876316
1431.0 38.0 37.657894
1366.2001 38.0 35.952633
1382.4 38.0 36.37895
1387.8 38.0 36.521053
1383.75 38.0 36.414474
1379.7001 38.0 36.307896
1363.5 38.0 35.88158
1426.95 38.0 37.551315
1317.6 38.0 34.673683
1406.7 38.0 37.01842
1374.3 38.0 36.16579
1421.55 38.0 37.40921
1397.25 38.0 36.769737
1377.0 38.0 36.236843
1391.85 38.0 36.627632
1343.6227 39.0 34.451862
1365.2504 39.0 35.00642
1399.0436 39.0 35.872913
1355.7882 39.0 34.7638
1407.154 39.0 36.08087
1332.8087 39.0 34.174583
1350.3812 39.0 34.62516
1411.2092 39.0 36.184853
1294.9602 39.0 33.20411
1362.5469 39.0 34.9371
1336.8639 39.0 34.27856
1335.5122 39.0 34.243904
1370.6572 39.0 35.145058
1408.5057 39.0 36.115532
1381.4711 39.0 35.422337
1367.9537 39.0 35.075737
1380.1194 39.0 35.387676
1362.5469 39.0 34.9371
1416.6161 39.0 36.32349
1369.3055 39.0 35.110397
1351.733 39.0 34.65982
1372.009 39.0 35.179718
1334.1605 39.0 34.209244
1405.8022 39.0 36.04621
1386.8779 39.0 35.560974
1357.1399 39.0 34.79846
1377.4159 39.0 35.318356
1362.5469 39.0 34.9371
1382.8229 39.0 35.456997
1378.7676 39.0 35.353016
1355.7882 39.0 34.7638
1327.4017 39.0 34.035942
1376.0641 39.0 35.283695
1392.285 39.0 35.699615
1321.9949 39.0 33.897305
1357.1399 39.0 34.79846
1382.8229 39.0 35.456997
1351.733 39.0 34.65982
1365.2504 39.0 35.00642
1362.5469 39.0 34.9371
1374.7125 39.0 35.24904
1285.2001 40.0 32.13
1386.4501 40.0 34.66125
1362.1499 40.0 34.05375
1350.0 40.0 33.75
1379.7 40.0 34.4925
1366.2 40.0 34.155
1389.1499 40.0 34.72875
1345.95 40.0 33.64875
1398.6 40.0 34.965
1337.8501 40.0 33.44625
1344.6001 40.0 33.615
1312.2 40.0 32.805
1341.9 40.0 33.5475
1329.75 40.0 33.24375
1333.8 40.0 33.345
1372.95 40.0 34.32375
1358.1 40.0 33.9525
1355.3999 40.0 33.885
1364.85 40.0 34.12125
1350.0 40.0 33.75
1321.6499 40.0 33.04125
1316.25 40.0 32.90625
1370.25 40.0 34.25625
1350.0 40.0 33.75
1348.65 40.0 33.71625
1372.95 40.0 34.32375
1371.6001 40.0 34.29
1337.8501 40.0 33.44625
1359.4501 40.0 33.98625
1370.25 40.0 34.25625
1356.75 40.0 33.91875
1352.7001 40.0 33.8175
1351.35 40.0 33.78375
1336.5 40.0 33.4125
1367.55 40.0 34.18875
1320.3 40.0 33.0075
1310.8501 40.0 32.77125
1341.9 40.0 33.5475
1343.25 40.0 33.58125
1297.35 40.0 32.43375
1345.95 40.0 33.64875
1304.1 41.0 31.807318
1316.2499 41.0 32.103657
1363.4999 41.0 33.256096
1316.2499 41.0 32.103657
1323.0 41.0 32.26829
1304.1 41.0 31.807318
1351.35 41.0 32.959755
1323.0 41.0 32.26829
1296.0 41.0 31.609756
1341.8999 41.0 32.729267
1329.75 41.0 32.432926
1316.2499 41.0 32.103657
1324.35 41.0 32.30122
1320.2999 41.0 32.20244
1324.35 41.0 32.30122
1335.1499 41.0 32.564632
1327.05 41.0 32.367073
1350.0 41.0 32.92683
1328.4 41.0 32.4
1313.5499 41.0 32.037804
1305.4501 41.0 31.840244
1324.35 41.0 32.30122
1294.65 41.0 31.57683
1323.0 41.0 32.26829
1352.7001 41.0 32.992683
1331.1001 41.0 32.465855
1378.3501 41.0 33.618294
1320.2999 41.0 32.20244
1325.7 41.0 32.334145
1339.2 41.0 32.663414
1328.4 41.0 32.4
1287.9 41.0 31.412195
1336.5 41.0 32.59756
1333.8 41.0 32.531708
1343.25 41.0 32.762196
1371.6 41.0 33.45366
1327.05 41.0 32.367073
1269.0 41.0 30.95122
1323.0 41.0 32.26829
1297.35 41.0 31.642683
1291.95 41.0 31.510975
1348.65 42.0 32.110714
1247.4 42.0 29.7
1313.5499 42.0 31.275
1270.3501 42.0 30.24643
1306.8 42.0 31.114286
1332.4501 42.0 31.725
1333.8 42.0 31.757143
1310.85 42.0 31.210714
1294.65 42.0 30.825
1301.4 42.0 30.985714
1252.8 42.0 29.828571
1281.1499 42.0 30.50357
1301.4 42.0 30.985714
1283.85 42.0 30.567858
1323.0 42.0 31.5
1321.65 42.0 31.467857
1298.7 42.0 30.921429
1279.7999 42.0 30.471428
1312.2 42.0 31.242857
1264.95 42.0 30.117857
1248.75 42.0 29.732143
1285.2001 42.0 30.6
1313.5499 42.0 31.275
1283.85 42.0 30.567858
1282.5 42.0 30.535715
1316.25 42.0 31.339285
1332.4501 42.0 31.725
1341.9 42.0 31.95
1294.65 42.0 30.825
1304.1 42.0 31.05
1313.5499 42.0 31.275
1304.1 42.0 31.05
1293.2999 42.0 30.792856
1291.95 42.0 30.760714
1313.5499 42.0 31.275
1335.15 42.0 31.789286
1306.8 42.0 31.114286
1254.15 42.0 29.860714
1341.9 42.0 31.95
1301.4 42.0 30.985714
1312.2 42.0 31.242857
1277.1 43.0 29.7
1263.6001 43.0 29.386047
1298.7 43.0 30.202326
1273.05 43.0 29.605814
1309.5 43.0 30.45349
1244.7001 43.0 28.946512
1269.0 43.0 29.511627
1267.65 43.0 29.480232
1298.7 43.0 30.202326
1252.8 43.0 29.134884
1291.95 43.0 30.04535
1296.0 43.0 30.139534
1294.65 43.0 30.108139
1260.9 43.0 29.323256
1259.55 43.0 29.29186
1246.05 43.0 28.977907
1285.2001 43.0 29.888372
1271.7001 43.0 29.574419
1308.15 43.0 30.422092
1293.3 43.0 30.076744
1281.15 43.0 29.794186
1294.65 43.0 30.108139
1254.15 43.0 29.166279
1259.55 43.0 29.29186
1275.75 43.0 29.668604
1248.75 43.0 29.040697
1228.5 43.0 28.569767
1312.2 43.0 30.51628
1283.85 43.0 29.856977
1252.8 43.0 29.134884
1264.9501 43.0 29.417442
1264.9501 43.0 29.417442
1275.75 43.0 29.668604
1290.6 43.0 30.013954
1285.2001 43.0 29.888372
1289.25 43.0 29.982557
1285.2001 43.0 29.888372
1297.35 43.0 30.17093
1310.85 43.0 30.484884
1310.85 43.0 30.484884
1290.6 43.0 30.013954
1281.15 44.0 29.117046
1250.1 44.0 28.411364
1306.8 44.0 29.7
1281.15 44.0 29.117046
1289.25 44.0 29.301136
1250.1 44.0 28.411364
1267.6499 44.0 28.810226
1270.35 44.0 28.871592
1255.5 44.0 28.53409
1264.95 44.0 28.748863
1243.35 44.0 28.257954
1289.25 44.0 29.301136
1244.7001 44.0 28.288637
1264.95 44.0 28.748863
1260.9 44.0 28.656818
1267.6499 44.0 28.810226
1229.85 44.0 27.951136
1260.9 44.0 28.656818
1244.7001 44.0 28.288637
1262.25 44.0 28.6875
1263.6 44.0 28.718182
1266.2999 44.0 28.779545
1293.3 44.0 29.393183
1279.7999 44.0 29.086363
1260.9 44.0 28.656818
1259.55 44.0 28.626137
1281.15 44.0 29.117046
1289.25 44.0 29.301136
1267.6499 44.0 28.810226
1235.25 44.0 28.073864
1259.55 44.0 28.626137
1264.95 44.0 28.748863
1279.7999 44.0 29.086363
1260.9 44.0 28.656818
1264.95 44.0 28.748863
1271.7001 44.0 28.902273
1285.2 44.0 29.209091
1216.35 44.0 27.644318
1246.05 44.0 28.319319
1269.0 44.0 28.84091
1283.85 44.0 29.17841
1228.5 45.0 27.3
1213.65 45.0 26.97
1263.6 45.0 28.08
1209.6 45.0 26.88
1236.6 45.0 27.48
1283.85 45.0 28.53
1267.65 45.0 28.17
1244.7 45.0 27.66
1236.6 45.0 27.48
1255.5 45.0 27.9
1275.75 45.0 28.35
1240.65 45.0 27.57
1223.1 45.0 27.18
1251.45 45.0 27.81
1252.8 45.0 27.84
1252.8 45.0 27.84
1219.05 45.0 27.09
1251.45 45.0 27.81
1209.6 45.0 26.88
1224.45 45.0 27.21
1242.0 45.0 27.6
1232.5499 45.0 27.39
1262.25 45.0 28.05
1246.05 45.0 27.69
1246.05 45.0 27.69
1231.2001 45.0 27.36
1259.55 45.0 27.99
1259.55 45.0 27.99
1246.05 45.0 27.69
1183.95 45.0 26.31
1227.15 45.0 27.27
1304.1 45.0 28.98
1175.85 45.0 26.13
1239.3 45.0 27.54
1252.8 45.0 27.84
1237.95 45.0 27.51
1255.5 45.0 27.9
1256.85 45.0 27.93
1281.15 45.0 28.47
1227.15 45.0 27.27
1240.65 45.0 27.57
1227.15 46.0 26.677174
1217.7 46.0 26.471739
1167.75 46.0 25.38587
1219.05 46.0 26.501087
1242.0 46.0 27.0
1215.0 46.0 26.413044
1213.65 46.0 26.383696
1196.1 46.0 26.002174
1235.25 46.0 26.85326
1262.25 46.0 27.440218
1185.3 46.0 25.767391
1236.6 46.0 26.882608
1215.0 46.0 26.413044
1225.7999 46.0 26.647825
1175.85 46.0 25.561956
1224.4501 46.0 26.618479
1251.45 46.0 27.205435
1232.55 46.0 26.794565
1189.35 46.0 25.855434
1200.15 46.0 26.090218
1205.55 46.0 26.20761
1220.4 46.0 26.530436
1202.85 46.0 26.148912
1235.25 46.0 26.85326
1223.1 46.0 26.58913
1244.7 46.0 27.058695
1202.85 46.0 26.148912
1212.2999 46.0 26.354347
1246.05 46.0 27.088043
1229.8501 46.0 26.73587
1242.0 46.0 27.0
1217.7 46.0 26.471739
1250.1 46.0 27.176086
1193.4 46.0 25.943478
1221.75 46.0 26.559782
1255.5 46.0 27.293478
1239.3 46.0 26.941305
1182.6 46.0 25.708696
1243.35 46.0 27.029348
1224.4501 46.0 26.618479
1216.35 46.0 26.44239
1202.8501 47.0 25.592554
1186.6499 47.0 25.247871
1201.5 47.0 25.56383
1205.5499 47.0 25.65
1165.05 47.0 24.788298
1229.85 47.0 26.16702
1194.75 47.0 25.420214
1202.8501 47.0 25.592554
1178.5499 47.0 25.075531
1190.7001 47.0 25.334044
1143.4501 47.0 24.328724
1204.2 47.0 25.621277
1202.8501 47.0 25.592554
1167.75 47.0 24.845745
1251.4501 47.0 26.626596
1183.9501 47.0 25.190426
1163.7001 47.0 24.759575
1217.7 47.0 25.90851
1173.15 47.0 24.960638
1194.75 47.0 25.420214
1223.1001 47.0 26.023405
1196.1 47.0 25.448936
1208.25 47.0 25.707447
1217.7 47.0 25.90851
1206.9 47.0 25.678724
1166.3999 47.0 24.81702
1161.0 47.0 24.702127
1216.35 47.0 25.879787
1196.1 47.0 25.448936
1178.5499 47.0 25.075531
1162.35 47.0 24.73085
1208.25 47.0 25.707447
1193.4 47.0 25.391489
1167.75 47.0 24.845745
1147.5 47.0 24.414894
1205.5499 47.0 25.65
1197.45 47.0 25.47766
1196.1 47.0 25.448936
1210.9501 47.0 25.764894
1217.7 47.0 25.90851
1174.5 47.0 24.98936
1183.95 48.0 24.665625
1185.3 48.0 24.69375
1185.3 48.0 24.69375
1188.0 48.0 24.75
1146.1499 48.0 23.878124
1201.5 48.0 25.03125
1174.5 48.0 24.46875
1213.6499 48.0 25.284374
1188.0 48.0 24.75
1186.6499 48.0 24.721874
1197.45 48.0 24.946875
1208.25 48.0 25.171875
1154.25 48.0 24.046875
1233.8999 48.0 25.70625
1131.3 48.0 23.56875
1186.6499 48.0 24.721874
1179.8999 48.0 24.58125
1156.95 48.0 24.103125
1198.8 48.0 24.975
1186.6499 48.0 24.721874
1188.0 48.0 24.75
1158.3 48.0 24.13125
1179.8999 48.0 24.58125
1174.5 48.0 24.46875
1177.2 48.0 24.525
1181.25 48.0 24.609375
1174.5 48.0 24.46875
1174.5 48.0 24.46875
1188.0 48.0 24.75
1143.45 48.0 23.821875
1152.8999 48.0 24.01875
1175.8501 48.0 24.496876
1135.3501 48.0 23.653126
1194.75 48.0 24.890625
1182.6001 48.0 24.6375
1188.0 48.0 24.75
1188.0 48.0 24.75
1190.7 48.0 24.80625
1188.0 48.0 24.75
1209.6001 48.0 25.2
1190.7 48.0 24.80625
1161.0 49.0 23.693878
1139.4 49.0 23.253061
1129.95 49.0 23.060204
1154.25 49.0 23.556122
1142.1 49.0 23.308163
1123.2 49.0 22.92245
1143.45 49.0 23.335714
1185.3 49.0 24.189796
1136.7001 49.0 23.19796
1140.75 49.0 23.280613
1156.9501 49.0 23.611225
1135.35 49.0 23.170408
1105.65 49.0 22.564285
1190.7 49.0 24.3
1152.9 49.0 23.528572
1144.8 49.0 23.363266
1173.15 49.0 23.941837
1154.25 49.0 23.556122
1186.6499 49.0 24.217346
1167.75 49.0 23.831633
1144.8 49.0 23.363266
1148.85 49.0 23.445919
1154.25 49.0 23.556122
1170.45 49.0 23.886734
1136.7001 49.0 23.19796
1155.6 49.0 23.583673
1177.2001 49.0 24.02449
1152.9 49.0 23.528572
1089.45 49.0 22.233673
1174.5 49.0 23.969387
1170.45 49.0 23.886734
1170.45 49.0 23.886734
1144.8 49.0 23.363266
1138.0499 49.0 23.22551
1182.6 49.0 24.134693
1154.25 49.0 23.556122
1159.65 49.0 23.666327
1162.35 49.0 23.721428
1169.1 49.0 23.859184
1158.2999 49.0 23.638775
1092.15 49.0 22.288776
1093.5 50.0 21.87
1121.85 50.0 22.437
1124.5499 50.0 22.491
1134.0 50.0 22.68
1142.1 50.0 22.842
1171.8 50.0 23.436
1107.0 50.0 22.14
1146.15 50.0 22.923
1107.0 50.0 22.14
1121.85 50.0 22.437
1143.45 50.0 22.869
1124.5499 50.0 22.491
1136.7 50.0 22.734
1170.4501 50.0 23.409
1156.95 50.0 23.139
1109.7 50.0 22.194
1109.7 50.0 22.194
1119.15 50.0 22.383
1179.9 50.0 23.598
1123.2001 50.0 22.464
1109.7 50.0 22.194
1090.8 50.0 21.816
1125.9 50.0 22.518
1134.0 50.0 22.68
1144.8 50.0 22.896
1123.2001 50.0 22.464
1108.35 50.0 22.167
1144.8 50.0 22.896
1115.1 50.0 22.302
1146.15 50.0 22.923
1155.6 50.0 23.112
1098.9 50.0 21.978
1159.65 50.0 23.193
1111.05 50.0 22.221
1127.25 50.0 22.545
1128.6 50.0 22.572
1174.5 50.0 23.49
1123.2001 50.0 22.464
1134.0 50.0 22.68
1159.65 50.0 23.193
1134.0 50.0 22.68
1150.2 51.0 22.55294
1108.35 51.0 21.732353
1109.7 51.0 21.758823
1090.8 51.0 21.388235
1105.6499 51.0 21.67941
1131.2999 51.0 22.182352
1109.7 51.0 21.758823
1107.0 51.0 21.705883
1115.1 51.0 21.864706
1129.95 51.0 22.155882
1120.5 51.0 21.970589
1104.2999 51.0 21.65294
1142.1 51.0 22.394117
1090.8 51.0 21.388235
1078.65 51.0 21.15
1080.0 51.0 21.17647
1102.95 51.0 21.62647
1115.1 51.0 21.864706
1097.5499 51.0 21.520588
1081.3501 51.0 21.202942
1090.8 51.0 21.388235
1101.6 51.0 21.6
1127.25 51.0 22.102942
1096.2 51.0 21.494118
1082.7001 51.0 21.229412
1121.85 51.0 21.997059
1090.8 51.0 21.388235
1109.7 51.0 21.758823
1086.75 51.0 21.308823
1116.45 51.0 21.891176
1129.95 51.0 22.155882
1108.35 51.0 21.732353
1128.6 51.0 22.129412
1113.75 51.0 21.838236
1116.45 51.0 21.891176
1127.25 51.0 22.102942
1102.95 51.0 21.62647
1100.25 51.0 21.57353
1109.7 51.0 21.758823
1054.35 51.0 20.673529
1109.7 51.0 21.758823
1085.4 52.0 20.873077
1107.0 52.0 21.288462
1086.75 52.0 20.899038
1080.0 52.0 20.76923
1124.55 52.0 21.625961
1102.95 52.0 21.210577
1117.8 52.0 21.496155
1039.5 52.0 19.990385
1080.0 52.0 20.76923
1047.6 52.0 20.146154
1057.05 52.0 20.327885
1081.35 52.0 20.795193
1096.2 52.0 21.080769
1066.5 52.0 20.509615
1100.25 52.0 21.158653
1096.2 52.0 21.080769
1047.6 52.0 20.146154
1123.2001 52.0 21.6
1086.75 52.0 20.899038
1104.2999 52.0 21.236538
1077.3 52.0 20.717308
1062.45 52.0 20.43173
1112.4 52.0 21.392307
1090.8 52.0 20.976923
1062.45 52.0 20.43173
1078.65 52.0 20.743269
1081.35 52.0 20.795193
1129.95 52.0 21.729807
1100.25 52.0 21.158653
1107.0 52.0 21.288462
1059.75 52.0 20.379808
1086.75 52.0 20.899038
1058.4 52.0 20.353846
1077.3 52.0 20.717308
1058.4 52.0 20.353846
1096.2 52.0 21.080769
1059.75 52.0 20.379808
1098.9 52.0 21.132692
1088.1 52.0 20.925
1078.65 52.0 20.743269
1088.1 52.0 20.925
1072.9121 52.999996 20.243626
1052.643 52.999996 19.861189
1036.4277 52.999996 19.55524
1078.3173 52.999996 20.34561
1068.8583 52.999996 20.16714
1076.966 52.999996 20.320114
1074.2633 52.999996 20.269121
1097.235 52.999996 20.702549
1040.4814 52.999996 19.631727
1078.3173 52.999996 20.34561
1072.9121 52.999996 20.243626
1086.4248 52.999996 20.498583
1044.5354 52.999996 19.708216
1064.8044 52.999996 20.090652
1058.0481 52.999996 19.963173
1055.3456 52.999996 19.912182
1067.5071 52.999996 20.141644
1085.0736 52.999996 20.473087
1068.8583 52.999996 20.16714
1086.4248 52.999996 20.498583
1064.8044 52.999996 20.090652
1089.1274 52.999996 20.549576
1060.7506 52.999996 20.014164
1074.2633 52.999996 20.269121
1089.1274 52.999996 20.549576
1033.7251 52.999996 19.50425
1063.4531 52.999996 20.065155
1067.5071 52.999996 20.141644
1082.371 52.999996 20.422096
1087.7761 52.999996 20.524078
1091.83 52.999996 20.600567
1060.7506 52.999996 20.014164
1078.3173 52.999996 20.34561
1060.7506 52.999996 20.014164
1063.4531 52.999996 20.065155
1064.8044 52.999996 20.090652
1024.2662 52.999996 19.325779
1085.0736 52.999996 20.473087
1081.0198 52.999996 20.3966
1071.5608 52.999996 20.21813
1058.0481 52.999996 19.963173
1074.6001 54.000004 19.9
1069.2001 54.000004 19.8
1036.8002 54.000004 19.2
1051.6501 54.000004 19.475
1055.7001 54.000004 19.55
1073.2501 54.000004 19.875
1015.2 54.000004 18.8
1055.7001 54.000004 19.55
1053.0001 54.000004 19.5
1024.6501 54.000004 18.975
1065.1501 54.000004 19.725
1040.8501 54.000004 19.275
1070.5502 54.000004 19.825
1020.60004 54.000004 18.9
1051.6501 54.000004 19.475
1078.6501 54.000004 19.975
1073.2501 54.000004 19.875
1032.7501 54.000004 19.125
1065.1501 54.000004 19.725
1071.9001 54.000004 19.85
1062.4501 54.000004 19.675
1075.9501 54.000004 19.925
1081.3501 54.000004 20.025
1036.8002 54.000004 19.2
1024.6501 54.000004 18.975
1058.4001 54.000004 19.6
1043.5502 54.000004 19.325
1069.2001 54.000004 19.8
1048.9501 54.000004 19.425
1078.6501 54.000004 19.975
1073.2501 54.000004 19.875
1073.2501 54.000004 19.875
1027.3501 54.000004 19.025
1030.0502 54.000004 19.075
1026.0001 54.000004 19.0
1053.0001 54.000004 19.5
1054.3501 54.000004 19.525
1046.2501 54.000004 19.375
1058.4001 54.000004 19.6
1039.5001 54.000004 19.25
1069.2001 54.000004 19.8
1030.05 55.0 18.728182
1053.0 55.0 19.145454
1019.25 55.0 18.531818
1047.6001 55.0 19.047274
1043.55 55.0 18.973637
989.55 55.0 17.991817
1032.75 55.0 18.777273
1042.2 55.0 18.949091
1036.7999 55.0 18.850908
1036.7999 55.0 18.850908
1055.7001 55.0 19.194546
1054.35 55.0 19.17
1016.55 55.0 18.482727
1008.45 55.0 18.335455
984.15 55.0 17.893637
1058.4 55.0 19.243637
1053.0 55.0 19.145454
1081.35 55.0 19.66091
1021.95 55.0 18.58091
1031.4 55.0 18.752728
1077.3 55.0 19.587273
1024.6499 55.0 18.63
1051.65 55.0 19.120909
1003.05 55.0 18.237272
1042.2 55.0 18.949091
1017.9 55.0 18.507273
1007.10004 55.0 18.31091
1012.49994 55.0 18.40909
1036.7999 55.0 18.850908
984.15 55.0 17.893637
1043.55 55.0 18.973637
996.30005 55.0 18.114546
1005.75 55.0 18.286364
1051.65 55.0 19.120909
1000.35 55.0 18.18818
1055.7001 55.0 19.194546
1063.7999 55.0 19.341818
1058.4 55.0 19.243637
1035.4501 55.0 18.826365
1008.45 55.0 18.335455
1038.15 55.0 18.875454
1009.8 56.0 18.032143
1023.3 56.0 18.273214
981.44995 56.0 17.525892
1017.9 56.0 18.176786
1013.85 56.0 18.104464
1004.4 56.0 17.935715
994.94995 56.0 17.766964
972.0 56.0 17.357143
989.55005 56.0 17.670536
1020.60004 56.0 18.225
1048.9501 56.0 18.73125
1016.55005 56.0 18.15268
1021.95 56.0 18.249107
1028.7 56.0 18.369642
1020.60004 56.0 18.225
1013.85 56.0 18.104464
1021.95 56.0 18.249107
1024.65 56.0 18.297321
1030.0499 56.0 18.39375
985.50006 56.0 17.598215
1005.75 56.0 17.959822
985.50006 56.0 17.598215
978.75 56.0 17.477678
974.7 56.0 17.405357
1005.75 56.0 17.959822
1012.5 56.0 18.080357
1008.45 56.0 18.008036
1042.2 56.0 18.610714
1015.19995 56.0 18.12857
972.0 56.0 17.357143
1019.25 56.0 18.200893
1032.75 56.0 18.441965
1009.8 56.0 18.032143
1001.7001 56.0 17.8875
1003.05005 56.0 17.911608
974.7 56.0 17.405357
988.2 56.0 17.64643
1007.1 56.0 17.983929
994.94995 56.0 17.766964
996.3 56.0 17.79107
998.99994 56.0 17.839285
984.14996 57.0 17.265789
994.95 57.0 17.455263
978.75 57.0 17.171053
999.0 57.0 17.526316
1015.19995 57.0 17.810526
1000.35 57.0 17.55
967.95 57.0 16.981579
961.19995 57.0 16.863157
990.9 57.0 17.38421
959.85 57.0 16.839474
984.14996 57.0 17.265789
970.65 57.0 17.028948
973.35 57.0 17.076315
994.95 57.0 17.455263
940.95 57.0 16.507895
974.7 57.0 17.1
992.24994 57.0 17.407894
1003.05 57.0 17.597368
946.35004 57.0 16.602633
999.0 57.0 17.526316
994.95 57.0 17.455263
985.50006 57.0 17.289474
994.95 57.0 17.455263
1003.05 57.0 17.597368
986.85004 57.0 17.313158
967.95 57.0 16.981579
985.50006 57.0 17.289474
1003.05 57.0 17.597368
974.7 57.0 17.1
981.4501 57.0 17.218422
962.55005 57.0 16.886843
988.19995 57.0 17.336842
973.35 57.0 17.076315
981.4501 57.0 17.218422
1021.95 57.0 17.928947
942.2999 57.0 16.531578
954.4501 57.0 16.744738
978.75 57.0 17.171053
955.8 57.0 16.768421
996.3 57.0 17.478947
1003.05 57.0 17.597368
953.1 58.0 16.432758
969.3 58.0 16.712069
957.15 58.0 16.502586
977.4 58.0 16.851725
963.89996 58.0 16.618965
976.0499 58.0 16.828447
958.5 58.0 16.525862
943.64996 58.0 16.269827
970.64996 58.0 16.735344
965.24994 58.0 16.64224
963.89996 58.0 16.618965
950.4 58.0 16.386208
972.0 58.0 16.758621
986.85004 58.0 17.014656
932.85 58.0 16.08362
959.85 58.0 16.549137
955.80005 58.0 16.479311
981.4501 58.0 16.921553
946.35004 58.0 16.31638
938.24994 58.0 16.176723
988.2 58.0 17.037931
992.25006 58.0 17.10776
966.60004 58.0 16.665518
962.55 58.0 16.59569
978.75 58.0 16.875
972.0 58.0 16.758621
965.24994 58.0 16.64224
957.15 58.0 16.502586
972.0 58.0 16.758621
954.44995 58.0 16.456034
985.5 58.0 16.991379
934.2001 58.0 16.106897
986.85004 58.0 17.014656
938.24994 58.0 16.176723
935.55005 58.0 16.130173
992.25006 58.0 17.10776
1007.1 58.0 17.363792
955.80005 58.0 16.479311
974.69995 58.0 16.805172
976.0499 58.0 16.828447
1009.8 58.0 17.410345
934.9923 58.999996 15.847328
926.88544 58.999996 15.709924
966.06866 58.999996 16.374046
914.7251 58.999996 15.503817
933.6412 58.999996 15.824428
917.4274 58.999996 15.549619
903.916 58.999996 15.320611
975.5267 58.999996 16.534351
940.3969 58.999996 15.938931
952.5572 58.999996 16.145039
933.6412 58.999996 15.824428
952.5572 58.999996 16.145039
970.12213 58.999996 16.442749
960.664 58.999996 16.282442
936.34344 58.999996 15.870229
953.90826 58.999996 16.167938
943.0992 58.999996 15.984733
957.96173 58.999996 16.23664
951.20605 58.999996 16.122137
952.5572 58.999996 16.145039
940.3969 58.999996 15.938931
912.0228 58.999996 15.458015
898.5114 58.999996 15.229008
943.0992 58.999996 15.984733
955.25946 58.999996 16.19084
926.88544 58.999996 15.709924
952.5572 58.999996 16.145039
952.5572 58.999996 16.145039
943.0992 58.999996 15.984733
943.0992 58.999996 15.984733
937.6946 58.999996 15.893129
937.6946 58.999996 15.893129
926.88544 58.999996 15.709924
955.25946 58.999996 16.19084
940.3969 58.999996 15.938931
956.61066 58.999996 16.213741
967.41974 58.999996 16.396946
959.3129 58.999996 16.259542
943.0992 58.999996 15.984733
948.5038 58.999996 16.076336
952.5572 58.999996 16.145039
903.15 60.000004 15.0525
909.9001 60.000004 15.165
932.85004 60.000004 15.5475
916.6501 60.000004 15.2775
912.60004 60.000004 15.21
909.9001 60.000004 15.165
924.75006 60.000004 15.4125
932.85004 60.000004 15.5475
878.85004 60.000004 14.6475
916.6501 60.000004 15.2775
913.9501 60.000004 15.2325
935.55005 60.000004 15.5925
915.30005 60.000004 15.255
936.9 60.000004 15.615
913.9501 60.000004 15.2325
919.3501 60.000004 15.3225
919.3501 60.000004 15.3225
889.6501 60.000004 14.8275
939.60004 60.000004 15.66
919.3501 60.000004 15.3225
900.45 60.000004 15.0075
908.55005 60.000004 15.1425
934.2 60.000004 15.57
942.30005 60.000004 15.705
916.6501 60.000004 15.2775
911.25006 60.000004 15.1875
926.1001 60.000004 15.435
916.6501 60.000004 15.2775
912.60004 60.000004 15.21
918.00006 60.000004 15.3
942.30005 60.000004 15.705
907.2001 60.000004 15.12
953.1001 60.000004 15.885
922.05005 60.000004 15.3675
939.60004 60.000004 15.66
920.7001 60.000004 15.345
936.9 60.000004 15.615
918.00006 60.000004 15.3
912.60004 60.000004 15.21
934.2 60.000004 15.57
930.15 60.000004 15.5025
900.45 61.0 14.761476
915.3 61.0 15.004918
920.7 61.0 15.093443
893.7 61.0 14.65082
885.60004 61.0 14.518033
874.8 61.0 14.340983
868.05 61.0 14.230328
872.10004 61.0 14.296721
891.0 61.0 14.606558
901.8 61.0 14.783607
923.4 61.0 15.137705
909.89996 61.0 14.916393
909.89996 61.0 14.916393
905.85004 61.0 14.85
909.89996 61.0 14.916393
912.60004 61.0 14.960656
901.8 61.0 14.783607
905.85004 61.0 14.85
904.5 61.0 14.827868
884.25 61.0 14.495902
874.8 61.0 14.340983
885.60004 61.0 14.518033
908.55 61.0 14.894262
884.25 61.0 14.495902
896.39996 61.0 14.695082
916.64996 61.0 15.027049
888.3 61.0 14.562295
899.10004 61.0 14.739345
881.55 61.0 14.451639
873.45 61.0 14.318852
888.3 61.0 14.562295
897.75 61.0 14.717213
900.45 61.0 14.761476
862.65 61.0 14.141804
882.89996 61.0 14.47377
907.2 61.0 14.872131
893.7 61.0 14.65082
908.55 61.0 14.894262
901.8 61.0 14.783607
896.39996 61.0 14.695082
916.64996 61.0 15.027049
895.05005 62.0 14.436291
866.7 62.0 13.9790325
888.3 62.0 14.327419
869.4 62.0 14.022581
862.65 62.0 13.91371
874.8 62.0 14.109677
903.15 62.0 14.566936
874.8 62.0 14.109677
868.05005 62.0 14.000807
884.25 62.0 14.262096
839.7 62.0 13.543549
882.89996 62.0 14.240322
886.95 62.0 14.305645
911.25 62.0 14.69758
864.0 62.0 13.935484
873.45 62.0 14.087903
886.95 62.0 14.305645
854.55005 62.0 13.783065
868.05005 62.0 14.000807
858.6 62.0 13.848387
897.75 62.0 14.479838
880.2 62.0 14.1967745
884.25 62.0 14.262096
892.35004 62.0 14.392742
877.5 62.0 14.153226
893.7 62.0 14.414516
859.95 62.0 13.870161
843.75 62.0 13.6088705
874.8 62.0 14.109677
861.3 62.0 13.891935
873.45 62.0 14.087903
865.35004 62.0 13.957258
884.25 62.0 14.262096
881.55005 62.0 14.218549
866.7 62.0 13.9790325
858.6 62.0 13.848387
889.65 62.0 14.349194
878.85004 62.0 14.175
874.8 62.0 14.109677
851.85004 62.0 13.739516
873.45 62.0 14.087903
857.25 63.0 13.607142
831.6 63.0 13.2
847.8 63.0 13.457143
838.35004 63.0 13.307143
830.25 63.0 13.178572
843.75 63.0 13.392858
864.0 63.0 13.714286
864.0 63.0 13.714286
846.45 63.0 13.435715
843.75 63.0 13.392858
862.64996 63.0 13.692857
880.2 63.0 13.971429
846.45 63.0 13.435715
865.35 63.0 13.735714
870.75 63.0 13.821428
864.0 63.0 13.714286
853.2 63.0 13.542857
882.9 63.0 14.014286
859.94995 63.0 13.65
843.75 63.0 13.392858
880.2 63.0 13.971429
842.4 63.0 13.3714285
841.05005 63.0 13.35
839.7 63.0 13.328571
862.64996 63.0 13.692857
865.35 63.0 13.735714
858.6 63.0 13.6285715
869.4 63.0 13.8
850.5 63.0 13.5
857.25 63.0 13.607142
830.25 63.0 13.178572
839.7 63.0 13.328571
862.64996 63.0 13.692857
868.05 63.0 13.778571
872.10004 63.0 13.842857
855.9 63.0 13.585714
838.35004 63.0 13.307143
876.14996 63.0 13.907143
837.0 63.0 13.285714
870.75 63.0 13.821428
874.8 63.0 13.885715
807.3 64.0 12.614062
816.75 64.0 12.761719
819.45 64.0 12.803906
824.85 64.0 12.888281
841.05 64.0 13.141406
847.8 64.0 13.246875
849.15 64.0 13.267969
824.85 64.0 12.888281
858.6 64.0 13.415625
826.2 64.0 12.909375
810.0 64.0 12.65625
842.4 64.0 13.1625
819.45 64.0 12.803906
838.35 64.0 13.099218
805.95 64.0 12.592969
830.25 64.0 12.972656
819.45 64.0 12.803906
828.9 64.0 12.951563
822.15 64.0 12.846094
838.35 64.0 13.099218
822.15 64.0 12.846094
832.95 64.0 13.014844
810.0 64.0 12.65625
826.2 64.0 12.909375
823.5 64.0 12.8671875
835.65 64.0 13.057032
842.4 64.0 13.1625
843.75 64.0 13.183594
839.7 64.0 13.120313
843.75 64.0 13.183594
841.05 64.0 13.141406
831.6 64.0 12.99375
835.65 64.0 13.057032
818.1 64.0 12.782812
831.6 64.0 12.99375
845.1 64.0 13.204687
814.05 64.0 12.719531
849.15 64.0 13.267969
830.25 64.0 12.972656
834.3 64.0 13.035937
820.8 64.0 12.825
810.0 65.0 12.461538
820.8 65.0 12.627692
810.0 65.0 12.461538
816.75 65.0 12.565385
808.65 65.0 12.440769
789.75 65.0 12.15
820.8 65.0 12.627692
799.2 65.0 12.295384
826.2 65.0 12.71077
807.3 65.0 12.42
820.8 65.0 12.627692
803.25 65.0 12.357693
800.55 65.0 12.316154
826.2 65.0 12.71077
804.60004 65.0 12.378462
832.95 65.0 12.814615
807.3 65.0 12.42
803.25 65.0 12.357693
808.65 65.0 12.440769
810.0 65.0 12.461538
810.0 65.0 12.461538
819.45 65.0 12.606923
808.65 65.0 12.440769
815.4 65.0 12.544616
816.75 65.0 12.565385
785.7 65.0 12.087692
832.95 65.0 12.814615
783.0 65.0 12.046154
819.45 65.0 12.606923
808.65 65.0 12.440769
785.7 65.0 12.087692
792.45 65.0 12.191539
835.64996 65.0 12.8561535
819.45 65.0 12.606923
823.5 65.0 12.66923
819.45 65.0 12.606923
834.3 65.0 12.835384
823.5 65.0 12.66923
818.10004 65.0 12.586154
845.1 65.0 13.001538
799.2 65.0 12.295384
785.7 66.0 11.904546
791.1 66.0 11.986363
791.1 66.0 11.986363
774.89996 66.0 11.740909
780.3 66.0 11.822727
812.7 66.0 12.313637
791.1 66.0 11.986363
778.95 66.0 11.802273
797.85 66.0 12.088636
805.95 66.0 12.211364
756.0 66.0 11.454545
808.64996 66.0 12.252273
772.2 66.0 11.7
804.60004 66.0 12.190909
768.15 66.0 11.638637
803.25 66.0 12.170455
774.89996 66.0 11.740909
777.60004 66.0 11.781818
801.89996 66.0 12.15
804.60004 66.0 12.190909
803.25 66.0 12.170455
795.15 66.0 12.047728
805.95 66.0 12.211364
780.3 66.0 11.822727
780.3 66.0 11.822727
819.44995 66.0 12.415909
795.15 66.0 12.047728
787.05 66.0 11.925
789.75 66.0 11.965909
814.05005 66.0 12.334091
795.15 66.0 12.047728
773.55 66.0 11.720454
805.95 66.0 12.211364
757.35004 66.0 11.475
788.4 66.0 11.945455
787.05 66.0 11.925
785.7 66.0 11.904546
810.0 66.0 12.272727
791.1 66.0 11.986363
773.55 66.0 11.720454
768.15 66.0 11.638637
781.65 67.0 11.666418
766.80005 67.0 11.444777
757.35 67.0 11.303731
757.35 67.0 11.303731
760.05 67.0 11.344029
761.39996 67.0 11.364179
756.0 67.0 11.283582
761.39996 67.0 11.364179
770.85004 67.0 11.505224
772.2 67.0 11.525373
774.9 67.0 11.565672
778.95 67.0 11.62612
768.15 67.0 11.464926
739.8 67.0 11.041791
746.55 67.0 11.142537
741.14996 67.0 11.06194
772.2 67.0 11.525373
731.7 67.0 10.920896
765.45 67.0 11.424627
787.05 67.0 11.747015
762.74994 67.0 11.384328
766.80005 67.0 11.444777
762.74994 67.0 11.384328
774.9 67.0 11.565672
751.94995 67.0 11.223134
754.64996 67.0 11.2634325
778.95 67.0 11.62612
781.65 67.0 11.666418
777.60004 67.0 11.60597
770.85004 67.0 11.505224
768.15 67.0 11.464926
780.3 67.0 11.646269
764.10004 67.0 11.404478
768.15 67.0 11.464926
776.25 67.0 11.585821
777.60004 67.0 11.60597
773.55005 67.0 11.545523
777.60004 67.0 11.60597
773.55005 67.0 11.545523
781.65 67.0 11.666418
769.5 67.0 11.485075
761.39996 68.0 11.197059
746.55005 68.0 10.978677
773.55 68.0 11.375735
745.19995 68.0 10.958823
722.25 68.0 10.621324
754.65 68.0 11.097795
742.5 68.0 10.919118
730.35004 68.0 10.740441
741.14996 68.0 10.899264
746.55005 68.0 10.978677
746.55005 68.0 10.978677
737.1 68.0 10.839705
765.45 68.0 11.256618
742.5 68.0 10.919118
753.3 68.0 11.077941
773.55 68.0 11.375735
730.35004 68.0 10.740441
724.95 68.0 10.66103
716.85004 68.0 10.541912
764.10004 68.0 11.236765
770.85 68.0 11.336029
757.35 68.0 11.1375
758.7 68.0 11.157353
746.55005 68.0 10.978677
751.95 68.0 11.058088
757.35 68.0 11.1375
731.7 68.0 10.760294
761.39996 68.0 11.197059
733.05 68.0 10.780147
739.8 68.0 10.879412
751.95 68.0 11.058088
747.9 68.0 10.998529
733.05 68.0 10.780147
738.45 68.0 10.859559
745.19995 68.0 10.958823
747.9 68.0 10.998529
762.75 68.0 11.216911
729.0 68.0 10.720589
753.3 68.0 11.077941
738.45 68.0 10.859559
762.75 68.0 11.216911
714.15 69.0 10.35
743.85 69.0 10.780435
738.45 69.0 10.702174
699.3 69.0 10.134783
708.75 69.0 10.271739
715.5 69.0 10.369565
718.19995 69.0 10.408695
719.55 69.0 10.428261
719.55 69.0 10.428261
720.9 69.0 10.447826
712.8 69.0 10.330435
714.15 69.0 10.35
729.0 69.0 10.565217
706.05 69.0 10.232609
715.5 69.0 10.369565
703.35004 69.0 10.193479
706.05 69.0 10.232609
731.7 69.0 10.604348
711.44995 69.0 10.310869
727.65 69.0 10.545652
727.65 69.0 10.545652
735.74994 69.0 10.663043
696.60004 69.0 10.095653
724.95 69.0 10.506522
722.25 69.0 10.467391
707.4 69.0 10.252174
734.4 69.0 10.643478
726.3 69.0 10.526087
715.5 69.0 10.369565
691.2 69.0 10.017391
739.8 69.0 10.721739
724.95 69.0 10.506522
720.9 69.0 10.447826
715.5 69.0 10.369565
741.15 69.0 10.741304
738.45 69.0 10.702174
722.25 69.0 10.467391
726.3 69.0 10.526087
739.8 69.0 10.721739
714.15 69.0 10.35
741.15 69.0 10.741304
710.10004 70.0 10.144286
707.39996 70.0 10.105714
696.6 70.0 9.951428
716.85 70.0 10.240714
673.65 70.0 9.623571
689.85 70.0 9.855
680.4 70.0 9.72
681.75 70.0 9.739285
688.5 70.0 9.835714
693.9 70.0 9.912857
704.69995 70.0 10.0671425
714.14996 70.0 10.202143
714.14996 70.0 10.202143
708.75 70.0 10.125
684.44995 70.0 9.777857
710.10004 70.0 10.144286
683.10004 70.0 9.758572
692.55005 70.0 9.893572
689.85 70.0 9.855
683.10004 70.0 9.758572
703.35004 70.0 10.047857
696.6 70.0 9.951428
703.35004 70.0 10.047857
700.65 70.0 10.009286
702.0 70.0 10.028571
688.5 70.0 9.835714
714.14996 70.0 10.202143
695.25 70.0 9.932143
711.45 70.0 10.163571
691.2 70.0 9.874286
724.94995 70.0 10.356428
687.14996 70.0 9.816428
703.35004 70.0 10.047857
691.2 70.0 9.874286
708.75 70.0 10.125
697.95 70.0 9.970715
708.75 70.0 10.125
675.0 70.0 9.642858
675.0 70.0 9.642858
706.05 70.0 10.086429
708.75 70.0 10.125
672.3 71.0 9.469014
675.0 71.0 9.507042
673.65 71.0 9.488029
662.85 71.0 9.335916
646.64996 71.0 9.107746
664.2 71.0 9.35493
668.25 71.0 9.411972
664.2 71.0 9.35493
679.05 71.0 9.564084
708.75 71.0 9.982394
664.2 71.0 9.35493
680.39996 71.0 9.583098
691.2 71.0 9.735211
676.35 71.0 9.526056
688.49994 71.0 9.697183
692.55005 71.0 9.754226
662.85 71.0 9.335916
683.10004 71.0 9.621127
697.94995 71.0 9.830281
688.49994 71.0 9.697183
680.39996 71.0 9.583098
675.0 71.0 9.507042
649.35004 71.0 9.145775
670.95 71.0 9.45
677.7 71.0 9.545071
679.05 71.0 9.564084
679.05 71.0 9.564084
660.14996 71.0 9.297887
677.7 71.0 9.545071
683.10004 71.0 9.621127
666.9 71.0 9.392958
668.25 71.0 9.411972
677.7 71.0 9.545071
691.2 71.0 9.735211
693.89996 71.0 9.773239
670.95 71.0 9.45
669.6 71.0 9.430985
687.15 71.0 9.678169
656.1 71.0 9.240845
669.6 71.0 9.430985
676.35 71.0 9.526056
662.85004 72.0 9.20625
661.5 72.0 9.1875
673.64996 72.0 9.35625
661.5 72.0 9.1875
646.64996 72.0 8.98125
649.35004 72.0 9.01875
634.5 72.0 8.8125
656.10004 72.0 9.1125
656.10004 72.0 9.1125
650.7 72.0 9.0375
664.2 72.0 9.225
660.14996 72.0 9.16875
645.3 72.0 8.9625
658.8 72.0 9.15
649.35004 72.0 9.01875
669.60004 72.0 9.3
650.7 72.0 9.0375
664.2 72.0 9.225
658.8 72.0 9.15
649.35004 72.0 9.01875
661.5 72.0 9.1875
654.75 72.0 9.09375
654.75 72.0 9.09375
664.2 72.0 9.225
627.75 72.0 8.71875
641.25 72.0 8.90625
668.25 72.0 9.28125
661.5 72.0 9.1875
638.55 72.0 8.86875
662.85004 72.0 9.20625
648.0 72.0 9.0
656.10004 72.0 9.1125
665.55 72.0 9.24375
672.3 72.0 9.3375
669.60004 72.0 9.3
646.64996 72.0 8.98125
673.64996 72.0 9.35625
648.0 72.0 9.0
638.55 72.0 8.86875
664.2 72.0 9.225
643.95 72.0 8.94375
633.14996 73.0 8.673287
637.2 73.0 8.728767
634.5 73.0 8.691781
618.3 73.0 8.469863
634.5 73.0 8.691781
627.75 73.0 8.599315
627.75 73.0 8.599315
616.95 73.0 8.45137
645.30005 73.0 8.839726
623.7 73.0 8.543836
641.25 73.0 8.784246
637.2 73.0 8.728767
642.60004 73.0 8.80274
627.75 73.0 8.599315
639.9 73.0 8.765754
626.4 73.0 8.580822
607.5 73.0 8.321918
621.0 73.0 8.506849
635.85 73.0 8.710274
630.44995 73.0 8.636301
633.14996 73.0 8.673287
631.8 73.0 8.654795
625.05 73.0 8.562328
639.9 73.0 8.765754
607.5 73.0 8.321918
634.5 73.0 8.691781
621.0 73.0 8.506849
625.05 73.0 8.562328
618.3 73.0 8.469863
639.9 73.0 8.765754
629.10004 73.0 8.617808
634.5 73.0 8.691781
637.2 73.0 8.728767
645.30005 73.0 8.839726
615.6 73.0 8.432877
627.75 73.0 8.599315
631.8 73.0 8.654795
643.95 73.0 8.821233
637.2 73.0 8.728767
634.5 73.0 8.691781
623.7 73.0 8.543836
614.25 74.0 8.300675
599.4 74.0 8.1
604.8 74.0 8.172973
604.8 74.0 8.172973
621.0 74.0 8.3918915
606.15 74.0 8.191216
611.55 74.0 8.264189
603.45 74.0 8.15473
619.65 74.0 8.373649
588.6 74.0 7.954054
621.0 74.0 8.3918915
608.85004 74.0 8.227703
608.85004 74.0 8.227703
611.55 74.0 8.264189
606.15 74.0 8.191216
603.45 74.0 8.15473
612.9 74.0 8.282433
602.1 74.0 8.136486
614.25 74.0 8.300675
626.39996 74.0 8.464865
615.60004 74.0 8.318919
607.5 74.0 8.209459
594.0 74.0 8.027027
616.95 74.0 8.337162
625.05005 74.0 8.446622
608.85004 74.0 8.227703
608.85004 74.0 8.227703
596.7 74.0 8.063514
599.4 74.0 8.1
599.4 74.0 8.1
589.95 74.0 7.972297
600.75 74.0 8.118243
614.25 74.0 8.300675
618.30005 74.0 8.355406
608.85004 74.0 8.227703
598.05 74.0 8.081757
602.1 74.0 8.136486
599.4 74.0 8.1
595.35 74.0 8.04527
611.55 74.0 8.264189
621.0 74.0 8.3918915
585.89996 75.0 7.812
587.25 75.0 7.83
595.35004 75.0 7.938
584.55 75.0 7.794
589.95 75.0 7.866
592.65 75.0 7.902
595.35004 75.0 7.938
581.85 75.0 7.758
585.89996 75.0 7.812
588.6 75.0 7.848
611.55005 75.0 8.154
610.19995 75.0 8.136
577.8 75.0 7.704
588.6 75.0 7.848
589.95 75.0 7.866
575.10004 75.0 7.668
598.05 75.0 7.974
561.6 75.0 7.488
599.4 75.0 7.992
575.10004 75.0 7.668
591.3 75.0 7.884
594.0 75.0 7.92
596.7 75.0 7.956
611.55005 75.0 8.154
594.0 75.0 7.92
592.65 75.0 7.902
577.8 75.0 7.704
583.2 75.0 7.776
591.3 75.0 7.884
603.44995 75.0 8.046
589.95 75.0 7.866
575.10004 75.0 7.668
568.35 75.0 7.578
602.1 75.0 8.028
591.3 75.0 7.884
581.85 75.0 7.758
540.0 75.0 7.2
583.2 75.0 7.776
580.5 75.0 7.74
589.95 75.0 7.866
603.44995 75.0 8.046
567.0 76.0 7.4605265
569.7 76.0 7.4960527
565.65 76.0 7.4427633
569.7 76.0 7.4960527
549.45 76.0 7.229605
561.60004 76.0 7.389474
571.05 76.0 7.513816
587.25 76.0 7.7269735
568.35004 76.0 7.4782896
569.7 76.0 7.4960527
556.2 76.0 7.318421
560.25 76.0 7.3717103
558.89996 76.0 7.353947
549.45 76.0 7.229605
567.0 76.0 7.4605265
558.89996 76.0 7.353947
572.4 76.0 7.531579
541.35 76.0 7.1230264
569.7 76.0 7.4960527
554.85 76.0 7.3006577
556.2 76.0 7.318421
577.8 76.0 7.6026316
573.75 76.0 7.549342
567.0 76.0 7.4605265
545.4 76.0 7.176316
541.35 76.0 7.1230264
556.2 76.0 7.318421
549.45 76.0 7.229605
562.95 76.0 7.407237
562.95 76.0 7.407237
557.55 76.0 7.336184
568.35004 76.0 7.4782896
562.95 76.0 7.407237
552.14996 76.0 7.2651315
554.85 76.0 7.3006577
568.35004 76.0 7.4782896
575.1 76.0 7.5671053
560.25 76.0 7.3717103
571.05 76.0 7.513816
569.7 76.0 7.4960527
550.8 76.0 7.2473683
535.95 77.0 6.9603896
549.45 77.0 7.135714
549.45 77.0 7.135714
554.85 77.0 7.205844
542.7 77.0 7.048052
541.35 77.0 7.0305195
538.64996 77.0 6.9954543
545.4 77.0 7.083117
541.35 77.0 7.0305195
545.4 77.0 7.083117
541.35 77.0 7.0305195
549.45 77.0 7.135714
542.7 77.0 7.048052
537.3 77.0 6.977922
549.45 77.0 7.135714
529.2 77.0 6.8727274
534.60004 77.0 6.9428573
540.0 77.0 7.012987
519.75 77.0 6.75
558.89996 77.0 7.2584414
552.15 77.0 7.170779
553.5 77.0 7.1883116
542.7 77.0 7.048052
554.85 77.0 7.205844
545.4 77.0 7.083117
533.25 77.0 6.9253244
537.3 77.0 6.977922
535.95 77.0 6.9603896
544.05 77.0 7.065584
556.2 77.0 7.2233768
546.75 77.0 7.1006494
556.2 77.0 7.2233768
537.3 77.0 6.977922
534.60004 77.0 6.9428573
556.2 77.0 7.2233768
548.1 77.0 7.1181817
526.5 77.0 6.837662
533.25 77.0 6.9253244
550.8 77.0 7.153247
534.60004 77.0 6.9428573
546.75 77.0 7.1006494
518.73254 78.0 6.650417
529.5394 78.0 6.788967
541.69727 78.0 6.9448366
537.64465 78.0 6.89288
530.8903 78.0 6.806286
541.69727 78.0 6.9448366
493.06604 78.0 6.3213596
526.8377 78.0 6.7543297
510.62732 78.0 6.546504
509.27646 78.0 6.5291853
536.29376 78.0 6.875561
533.59204 78.0 6.840924
514.67993 78.0 6.5984607
513.3291 78.0 6.581142
521.43427 78.0 6.6850543
518.73254 78.0 6.650417
509.27646 78.0 6.5291853
521.43427 78.0 6.6850543
510.62732 78.0 6.546504
516.0308 78.0 6.6157794
522.78516 78.0 6.7023735
517.38165 78.0 6.633098
518.73254 78.0 6.650417
510.62732 78.0 6.546504
514.67993 78.0 6.5984607
524.136 78.0 6.719692
505.22388 78.0 6.477229
525.4869 78.0 6.737011
528.1886 78.0 6.7716484
513.3291 78.0 6.581142
525.4869 78.0 6.737011
517.38165 78.0 6.633098
510.62732 78.0 6.546504
518.73254 78.0 6.650417
501.17126 78.0 6.4252725
532.2412 78.0 6.823605
511.97818 78.0 6.5638227
528.1886 78.0 6.7716484
513.3291 78.0 6.581142
532.2412 78.0 6.823605
489.01346 78.0 6.2694035
504.9 79.0 6.391139
500.85 79.0 6.3398733
510.3 79.0 6.4594936
494.1 79.0 6.2544303
502.2 79.0 6.356962
503.55 79.0 6.3740506
508.95 79.0 6.442405
469.80002 79.0 5.9468355
495.45 79.0 6.271519
503.55 79.0 6.3740506
500.85 79.0 6.3398733
488.7 79.0 6.186076
499.5 79.0 6.322785
507.59998 79.0 6.4253163
495.45 79.0 6.271519
490.05 79.0 6.2031646
495.45 79.0 6.271519
502.2 79.0 6.356962
496.8 79.0 6.2886076
498.15 79.0 6.305696
499.5 79.0 6.322785
504.9 79.0 6.391139
480.6 79.0 6.0835443
484.65 79.0 6.13481
495.45 79.0 6.271519
484.65 79.0 6.13481
486.0 79.0 6.151899
490.05 79.0 6.2031646
498.15 79.0 6.305696
499.5 79.0 6.322785
488.7 79.0 6.186076
502.2 79.0 6.356962
491.4 79.0 6.220253
506.25 79.0 6.408228
486.0 79.0 6.151899
492.75 79.0 6.237342
498.15 79.0 6.305696
494.1 79.0 6.2544303
504.9 79.0 6.391139
491.4 79.0 6.220253
492.75 79.0 6.237342
468.45 80.0 5.855625
467.09998 80.0 5.83875
481.95 80.0 6.024375
479.25 80.0 5.990625
484.65 80.0 6.058125
490.05002 80.0 6.125625
480.6 80.0 6.0075
468.45 80.0 5.855625
464.4 80.0 5.805
463.05 80.0 5.788125
475.2 80.0 5.94
473.84998 80.0 5.923125
468.45 80.0 5.855625
486.0 80.0 6.075
476.55 80.0 5.956875
471.15002 80.0 5.889375
469.8 80.0 5.8725
472.5 80.0 5.90625
486.0 80.0 6.075
479.25 80.0 5.990625
481.95 80.0 6.024375
480.6 80.0 6.0075
461.69998 80.0 5.77125
488.69998 80.0 6.10875
484.65 80.0 6.058125
452.25 80.0 5.653125
465.75 80.0 5.821875
472.5 80.0 5.90625
483.30002 80.0 6.04125
472.5 80.0 5.90625
469.8 80.0 5.8725
476.55 80.0 5.956875
468.45 80.0 5.855625
476.55 80.0 5.956875
464.4 80.0 5.805
480.6 80.0 6.0075
463.05 80.0 5.788125
486.0 80.0 6.075
480.6 80.0 6.0075
471.15002 80.0 5.889375
472.5 80.0 5.90625
440.1 81.0 5.4333334
471.15 81.0 5.8166666
459.0 81.0 5.6666665
453.6 81.0 5.6
433.35 81.0 5.35
440.1 81.0 5.4333334
449.55002 81.0 5.55
450.9 81.0 5.5666666
464.4 81.0 5.733333
459.0 81.0 5.6666665
445.5 81.0 5.5
450.9 81.0 5.5666666
456.3 81.0 5.633333
430.65 81.0 5.3166666
450.9 81.0 5.5666666
456.3 81.0 5.633333
445.5 81.0 5.5
456.3 81.0 5.633333
438.75 81.0 5.4166665
453.6 81.0 5.6
445.5 81.0 5.5
463.05 81.0 5.7166667
469.80002 81.0 5.8
463.05 81.0 5.7166667
448.2 81.0 5.5333333
440.1 81.0 5.4333334
449.55002 81.0 5.55
460.35 81.0 5.6833334
456.3 81.0 5.633333
459.0 81.0 5.6666665
446.85 81.0 5.516667
453.6 81.0 5.6
464.4 81.0 5.733333
442.8 81.0 5.4666667
442.8 81.0 5.4666667
445.5 81.0 5.5
438.75 81.0 5.4166665
456.3 81.0 5.633333
444.15 81.0 5.483333
456.3 81.0 5.633333
454.95 81.0 5.616667
430.65 82.0 5.251829
419.85 82.0 5.120122
425.25 82.0 5.1859756
425.25 82.0 5.1859756
426.59998 82.0 5.202439
419.85 82.0 5.120122
429.3 82.0 5.235366
419.85 82.0 5.120122
433.35 82.0 5.284756
429.3 82.0 5.235366
419.85 82.0 5.120122
417.15 82.0 5.087195
421.19998 82.0 5.136585
421.19998 82.0 5.136585
433.35 82.0 5.284756
425.25 82.0 5.1859756
433.35 82.0 5.284756
448.2 82.0 5.4658537
411.75 82.0 5.0213413
423.9 82.0 5.1695123
433.35 82.0 5.284756
411.75 82.0 5.0213413
418.5 82.0 5.1036587
427.95 82.0 5.2189026
432.00003 82.0 5.268293
430.65 82.0 5.251829
425.25 82.0 5.1859756
423.9 82.0 5.1695123
436.05 82.0 5.3176827
406.35 82.0 4.9554877
422.55002 82.0 5.153049
425.25 82.0 5.1859756
425.25 82.0 5.1859756
415.8 82.0 5.0707316
436.05 82.0 5.3176827
426.59998 82.0 5.202439
417.15 82.0 5.087195
411.75 82.0 5.0213413
433.35 82.0 5.284756
411.75 82.0 5.0213413
426.59998 82.0 5.202439
402.3 83.0 4.8469877
402.3 83.0 4.8469877
402.3 83.0 4.8469877
392.84998 83.0 4.7331324
411.75003 83.0 4.9608436
392.84998 83.0 4.7331324
418.5 83.0 5.0421686
407.7 83.0 4.9120483
396.9 83.0 4.7819276
396.9 83.0 4.7819276
409.05 83.0 4.9283133
405.0 83.0 4.879518
394.2 83.0 4.7493978
417.15 83.0 5.0259037
390.15002 83.0 4.7006025
403.65 83.0 4.863253
400.94998 83.0 4.830723
396.9 83.0 4.7819276
406.34998 83.0 4.895783
396.9 83.0 4.7819276
403.65 83.0 4.863253
417.15 83.0 5.0259037
405.0 83.0 4.879518
390.15002 83.0 4.7006025
415.80002 83.0 5.009639
405.0 83.0 4.879518
396.9 83.0 4.7819276
405.0 83.0 4.879518
409.05 83.0 4.9283133
407.7 83.0 4.9120483
409.05 83.0 4.9283133
406.34998 83.0 4.895783
398.25003 83.0 4.798193
414.44998 83.0 4.9933734
414.44998 83.0 4.9933734
419.84998 83.0 5.0584335
419.84998 83.0 5.0584335
409.05 83.0 4.9283133
399.6 83.0 4.814458
392.84998 83.0 4.7331324
395.55 83.0 4.7656627
378.0 84.0 4.5
380.69998 84.0 4.5321426
376.65002 84.0 4.4839287
378.0 84.0 4.5
376.65002 84.0 4.4839287
382.05002 84.0 4.5482144
382.05002 84.0 4.5482144
372.6 84.0 4.4357142
378.0 84.0 4.5
387.45 84.0 4.6125
382.05002 84.0 4.5482144
369.90002 84.0 4.4035716
368.55 84.0 4.3875
383.4 84.0 4.5642858
387.45 84.0 4.6125
371.25 84.0 4.419643
367.19998 84.0 4.3714285
380.69998 84.0 4.5321426
365.85 84.0 4.355357
386.09998 84.0 4.5964284
395.55 84.0 4.7089286
383.4 84.0 4.5642858
372.6 84.0 4.4357142
382.05002 84.0 4.5482144
376.65002 84.0 4.4839287
380.69998 84.0 4.5321426
376.65002 84.0 4.4839287
378.0 84.0 4.5
386.09998 84.0 4.5964284
386.09998 84.0 4.5964284
400.95 84.0 4.7732143
391.5 84.0 4.660714
367.19998 84.0 4.3714285
349.65 84.0 4.1625
373.94998 84.0 4.4517856
395.55 84.0 4.7089286
376.65002 84.0 4.4839287
382.05002 84.0 4.5482144
383.4 84.0 4.5642858
383.4 84.0 4.5642858
382.05002 84.0 4.5482144
353.7 85.0 4.1611767
357.75 85.0 4.2088237
367.2 85.0 4.32
363.15002 85.0 4.272353
346.95 85.0 4.0817647
351.0 85.0 4.1294117
367.2 85.0 4.32
361.80002 85.0 4.2564707
368.55 85.0 4.335882
349.65 85.0 4.113529
351.0 85.0 4.1294117
353.7 85.0 4.1611767
364.5 85.0 4.288235
341.55 85.0 4.018235
356.4 85.0 4.192941
365.85 85.0 4.3041177
352.35 85.0 4.145294
349.65 85.0 4.113529
346.95 85.0 4.0817647
355.05 85.0 4.1770587
365.85 85.0 4.3041177
372.59998 85.0 4.383529
361.80002 85.0 4.2564707
357.75 85.0 4.2088237
365.85 85.0 4.3041177
365.85 85.0 4.3041177
353.7 85.0 4.1611767
345.59998 85.0 4.065882
368.55 85.0 4.335882
361.80002 85.0 4.2564707
359.09998 85.0 4.2247057
359.09998 85.0 4.2247057
355.05 85.0 4.1770587
352.35 85.0 4.145294
356.4 85.0 4.192941
369.9 85.0 4.3517647
365.85 85.0 4.3041177
375.30002 85.0 4.415294
372.59998 85.0 4.383529
348.30002 85.0 4.097647
351.0 85.0 4.1294117
329.4 86.0 3.8302326
330.75 86.0 3.8459303
333.44998 86.0 3.8773255
342.9 86.0 3.9872093
325.35 86.0 3.7831395
349.65 86.0 4.0656977
330.75 86.0 3.8459303
329.4 86.0 3.8302326
329.4 86.0 3.8302326
350.99997 86.0 4.081395
332.1 86.0 3.8616278
348.30002 86.0 4.05
336.15 86.0 3.908721
325.35 86.0 3.7831395
334.8 86.0 3.8930233
325.35 86.0 3.7831395
333.44998 86.0 3.8773255
326.7 86.0 3.7988372
337.5 86.0 3.9244187
333.44998 86.0 3.8773255
328.05 86.0 3.814535
332.1 86.0 3.8616278
329.4 86.0 3.8302326
332.1 86.0 3.8616278
338.84998 86.0 3.9401162
345.6 86.0 4.0186048
336.15 86.0 3.908721
328.05 86.0 3.814535
318.6 86.0 3.704651
337.5 86.0 3.9244187
329.4 86.0 3.8302326
340.19998 86.0 3.955814
337.5 86.0 3.9244187
342.9 86.0 3.9872093
332.1 86.0 3.8616278
328.05 86.0 3.814535
333.44998 86.0 3.8773255
348.30002 86.0 4.05
333.44998 86.0 3.8773255
334.8 86.0 3.8930233
329.4 86.0 3.8302326
313.19998 87.0 3.6
302.4 87.0 3.475862
299.7 87.0 3.4448276
324.0 87.0 3.724138
305.1 87.0 3.5068965
315.9 87.0 3.6310344
311.85 87.0 3.5844827
314.55 87.0 3.6155171
311.85 87.0 3.5844827
317.25 87.0 3.6465516
301.05 87.0 3.4603448
324.0 87.0 3.724138
313.19998 87.0 3.6
301.05 87.0 3.4603448
311.85 87.0 3.5844827
305.1 87.0 3.5068965
311.85 87.0 3.5844827
309.15 87.0 3.5534482
310.5 87.0 3.5689654
309.15 87.0 3.5534482
306.44998 87.0 3.5224137
310.5 87.0 3.5689654
318.6 87.0 3.662069
305.1 87.0 3.5068965
319.95 87.0 3.6775863
298.35 87.0 3.4293103
315.9 87.0 3.6310344
318.6 87.0 3.662069
318.6 87.0 3.662069
301.05 87.0 3.4603448
313.19998 87.0 3.6
311.85 87.0 3.5844827
307.8 87.0 3.537931
322.65 87.0 3.7086208
310.5 87.0 3.5689654
309.15 87.0 3.5534482
311.85 87.0 3.5844827
313.19998 87.0 3.6
311.85 87.0 3.5844827
311.85 87.0 3.5844827
297.0 87.0 3.413793
291.6 88.0 3.3136363
288.9 88.0 3.2829545
276.75 88.0 3.1448863
280.80002 88.0 3.1909091
286.2 88.0 3.2522728
295.65002 88.0 3.3596592
279.44998 88.0 3.175568
290.25 88.0 3.2982955
292.95 88.0 3.3289773
287.55 88.0 3.2676136
280.80002 88.0 3.1909091
279.44998 88.0 3.175568
286.2 88.0 3.2522728
286.2 88.0 3.2522728
282.15 88.0 3.20625
294.3 88.0 3.3443182
305.1 88.0 3.4670455
286.2 88.0 3.2522728
283.5 88.0 3.221591
301.05 88.0 3.4210227
288.9 88.0 3.2829545
284.85 88.0 3.2369318
280.80002 88.0 3.1909091
287.55 88.0 3.2676136
279.44998 88.0 3.175568
298.34998 88.0 3.3903408
294.3 88.0 3.3443182
294.3 88.0 3.3443182
280.80002 88.0 3.1909091
287.55 88.0 3.2676136
291.6 88.0 3.3136363
283.5 88.0 3.221591
279.44998 88.0 3.175568
286.2 88.0 3.2522728
288.9 88.0 3.2829545
288.9 88.0 3.2829545
291.6 88.0 3.3136363
276.75 88.0 3.1448863
287.55 88.0 3.2676136
284.85 88.0 3.2369318
280.80002 88.0 3.1909091
257.85 89.0 2.897191
255.15001 89.0 2.866854
248.40001 89.0 2.7910113
259.19998 89.0 2.9123595
268.65002 89.0 3.0185394
264.6 89.0 2.9730337
259.19998 89.0 2.9123595
261.9 89.0 2.9426966
268.65002 89.0 3.0185394
252.45 89.0 2.8365169
267.3 89.0 3.0033708
267.3 89.0 3.0033708
260.55002 89.0 2.9275281
257.85 89.0 2.897191
255.15001 89.0 2.866854
271.34998 89.0 3.0488763
263.25 89.0 2.9578652
261.9 89.0 2.9426966
260.55002 89.0 2.9275281
264.6 89.0 2.9730337
257.85 89.0 2.897191
253.79999 89.0 2.8516853
264.6 89.0 2.9730337
267.3 89.0 3.0033708
260.55002 89.0 2.9275281
275.4 89.0 3.094382
263.25 89.0 2.9578652
268.65002 89.0 3.0185394
268.65002 89.0 3.0185394
248.40001 89.0 2.7910113
279.44998 89.0 3.1398876
259.19998 89.0 2.9123595
274.05 89.0 3.0792134
270.0 89.0 3.0337079
268.65002 89.0 3.0185394
264.6 89.0 2.9730337
265.95 89.0 2.9882023
263.25 89.0 2.9578652
267.3 89.0 3.0033708
271.34998 89.0 3.0488763
264.6 89.0 2.9730337
245.7 90.0 2.73
241.65 90.0 2.685
238.95 90.0 2.655
255.15001 90.0 2.835
233.55 90.0 2.595
243.0 90.0 2.7
240.3 90.0 2.67
238.95 90.0 2.655
228.15001 90.0 2.535
244.34999 90.0 2.715
247.04999 90.0 2.745
234.9 90.0 2.61
240.3 90.0 2.67
237.6 90.0 2.64
230.85 90.0 2.565
226.8 90.0 2.52
243.0 90.0 2.7
249.75002 90.0 2.775
245.7 90.0 2.73
236.25 90.0 2.625
232.2 90.0 2.58
244.34999 90.0 2.715
243.0 90.0 2.7
240.3 90.0 2.67
233.55 90.0 2.595
241.65 90.0 2.685
238.95 90.0 2.655
247.04999 90.0 2.745
237.6 90.0 2.64
241.65 90.0 2.685
240.3 90.0 2.67
241.65 90.0 2.685
233.55 90.0 2.595
238.95 90.0 2.655
228.15001 90.0 2.535
245.7 90.0 2.73
252.45001 90.0 2.805
240.3 90.0 2.67
225.45001 90.0 2.505
240.3 90.0 2.67
236.25 90.0 2.625
