0.11 10001 20
0.11 10002 25
0.11 10003 10
0.11 10004 15
0.11 10005 10
0.11 10006 15
0.11 10007 15
0.11 10008 10
0.11 10009 5
0.11 10010 10
0.11 10011 10
0.11 10012 15
0.11 10013 10
0.11 10014 15
0.11 10015 20
0.11 10016 20
0.11 10017 25
0.11 10018 25
0.11 10019 25
0.11 10020 25
0.11 10021 25
0.11 10022 25
0.11 10023 25
0.11 10024 25
0.11 10025 20
0.11 10026 25
0.11 10027 25
0.11 10028 25
0.11 10029 25
0.11 10030 25
0.11 10031 25
0.11 10032 25
0.11 10033 20
0.11 10034 20
0.11 10035 25
0.11 10036 25
0.11 10037 15
0.11 10038 15
0.11 10039 20
0.11 10040 20
0.11 10041 25
0.11 10042 20
0.11 10043 25
0.11 10044 25
0.11 10045 25
0.11 10046 25
0.11 10047 25
0.11 10048 20
0.11 10049 25
0.11 10050 25
0.11 10051 25
0.11 10052 25
0.11 10053 25
0.11 10054 20
0.11 10055 20
0.11 10056 25
0.11 10057 25
0.11 10058 20
0.11 10059 25
0.11 10060 25
0.11 10061 25
0.11 10062 25
0.11 10063 25
0.11 10064 25
0.11 10065 25
0.11 10066 25
0.11 10067 25
0.11 10068 25
0.11 10069 20
0.11 10070 20
0.11 10071 25
0.11 10072 20
0.11 10073 25
0.11 10074 25
0.11 10075 20
0.11 10076 25
0.11 10077 25
0.11 10078 25
0.11 10079 25
0.11 10080 25
0.11 10081 25
0.11 10082 25
0.11 10083 25
0.11 10084 25
0.11 10085 25
0.11 10086 25
0.11 10087 25
0.11 10088 20
0.11 10089 25
0.11 10090 25
0.11 10091 25
0.11 10092 20
0.11 10093 25
0.11 10094 20
0.11 10095 20
0.11 10096 25
0.11 10097 25
0.11 10098 25
0.11 10099 25
0.11 10100 25
0.11 10101 20
0.11 10102 20
0.11 10103 25
0.11 10104 25
0.11 10105 20
0.11 10106 20
0.11 10107 25
0.11 10108 20
0.11 10109 25
0.11 10110 25
0.11 10111 25
0.11 10112 25
0.11 10113 25
0.11 10114 20
0.11 10115 25
0.11 10116 25
0.11 10117 20
0.11 10118 25
0.11 10119 25
0.11 10120 25
0.11 10121 25
0.11 10122 25
0.11 10123 20
0.11 10124 25
0.11 10125 25
0.11 10126 25
0.11 10127 25
0.11 10128 25
0.11 10129 25
0.11 10130 25
0.11 10131 10
0.11 10132 10
0.11 10133 10
0.11 10134 10
0.11 10135 15
0.11 10136 10
0.11 10137 15
0.11 10138 15
0.11 10139 10
0.11 10140 15
0.11 10141 20
0.11 10142 20
0.11 10143 10
0.11 10144 10
0.11 10145 10
0.11 10146 10
0.11 10147 10
0.11 10148 10
0.11 10149 15
0.11 10150 15
0.11 10151 15
0.11 10152 20
0.11 10153 25
0.11 10154 20
0.11 10155 25
0.11 10156 25
0.11 10157 25
0.11 10158 25
0.11 10159 25
0.11 10160 25
0.11 10161 25
0.11 10162 20
0.11 10163 20
0.11 10164 25
0.11 10165 25
0.11 10166 20
0.11 10167 25
0.11 10168 20
0.11 10169 25
0.11 10170 25
0.11 10171 25
0.11 10172 25
0.11 10173 25
0.11 10174 20
0.11 10175 25
0.11 10176 25
0.11 10177 20
0.11 10178 25
0.11 10179 25
0.11 10180 25
0.11 10181 25
0.11 10182 20
0.11 10183 20
0.11 10184 25
0.11 10185 20
0.11 10186 20
0.11 10187 25
0.11 10188 25
0.11 10189 20
0.11 10190 25
0.11 10191 25
0.11 10192 15
0.11 10193 20
0.11 10194 25
0.11 10195 20
0.11 10196 25
0.11 10197 25
0.11 10198 25
0.11 10199 25
0.11 10200 25
0.11 10201 20
0.11 10202 20
0.11 10203 25
0.11 10204 25
0.11 10205 25
0.11 10206 20
0.11 10207 20
0.11 10208 25
0.11 10209 20
0.11 10210 25
0.11 10211 25
0.11 10212 25
0.11 10213 25
0.11 10214 20
0.11 10215 20
0.11 10216 15
0.11 10217 20
0.11 10218 20
0.11 10219 25
0.11 10220 25
0.11 10221 25
0.11 10222 25
0.11 10223 20
0.11 10224 25
0.11 10225 25
0.11 10226 25
0.11 10227 20
0.11 10228 25
0.11 10229 25
0.11 10230 25
0.11 10231 25
0.11 10232 25
0.11 10233 25
0.11 10234 20
0.11 10235 20
0.11 10236 15
0.11 10237 5
0.11 10238 0
0.11 10239 5
0.11 10240 0
0.11 10241 0
0.11 10242 0
0.11 10243 5
0.11 10244 0
0.11 10245 0
0.11 10246 5
0.11 10247 0
0.11 10248 0
0.11 10249 5
0.11 10250 5
0.11 10251 5
0.11 10252 5
0.11 10253 0
0.11 10254 0
0.11 10255 0
0.11 10256 5
0.11 10257 0
0.11 10258 0
0.11 10259 0
0.11 10260 0
0.11 10261 5
0.11 10262 0
0.11 10263 5
0.11 10264 0
0.11 10265 5
0.11 10266 10
0.11 10267 0
0.11 10268 5
0.11 10269 10
0.11 10270 10
0.11 10271 10
0.11 10272 10
0.11 10273 15
0.11 10274 20
0.11 10275 20
0.11 10276 25
0.11 10277 25
0.11 10278 25
0.11 10279 25
0.11 10280 25
0.11 10281 20
0.11 10282 25
0.11 10283 20
0.11 10284 20
0.11 10285 25
0.11 10286 25
0.11 10287 25
0.11 10288 25
0.11 10289 20
0.11 10290 25
0.11 10291 20
0.11 10292 25
0.11 10293 25
0.11 10294 20
0.11 10295 25
0.11 10296 20
0.11 10297 25
0.11 10298 25
0.11 10299 25
0.11 10300 25
0.11 10301 25
0.11 10302 25
0.11 10303 25
0.11 10304 20
0.11 10305 25
0.11 10306 20
0.11 10307 20
0.11 10308 25
0.11 10309 20
0.11 10310 20
0.11 10311 25
0.11 10312 20
0.11 10313 25
0.11 10314 25
0.11 10315 25
0.11 10316 25
0.11 10317 25
0.11 10318 25
0.11 10319 25
0.11 10320 20
0.11 10321 25
0.11 10322 20
0.11 10323 25
0.11 10324 25
0.11 10325 20
0.11 10326 25
0.11 10327 15
0.11 10328 20
0.11 10329 25
0.11 10330 25
0.11 10331 25
0.11 10332 25
0.11 10333 25
0.11 10334 20
0.11 10335 20
0.11 10336 25
0.11 10337 25
0.11 10338 25
0.11 10339 20
0.11 10340 25
0.11 10341 25
0.11 10342 25
0.11 10343 25
0.11 10344 25
0.11 10345 20
0.11 10346 20
0.11 10347 25
0.11 10348 20
0.11 10349 25
0.11 10350 25
0.11 10351 20
0.11 10352 25
0.11 10353 25
0.11 10354 25
0.11 10355 25
0.11 10356 25
0.11 10357 25
0.11 10358 25
0.11 10359 25
0.11 10360 25
0.11 10361 20
0.11 10362 20
0.11 10363 25
0.11 10364 20
0.11 10365 20
0.11 10366 20
0.11 10367 25
0.11 10368 25
0.11 10369 25
0.11 10370 20
0.11 10371 20
0.11 10372 25
0.11 10373 20
0.11 10374 25
0.11 10375 20
0.11 10376 20
0.11 10377 25
0.11 10378 25
0.11 10379 25
0.11 10380 25
0.11 10381 25
0.11 10382 25
0.11 10383 25
0.11 10384 25
0.11 10385 25
0.11 10386 20
0.11 10387 25
0.11 10388 25
0.11 10389 20
0.11 10390 25
0.11 10391 25
0.11 10392 20
0.11 10393 25
0.11 10394 20
0.11 10395 20
0.11 10396 25
0.11 10397 25
0.11 10398 25
0.11 10399 20
0.11 10400 25
0.11 10401 20
0.11 10402 20
0.11 10403 20
0.11 10404 25
0.11 10405 25
0.11 10406 25
0.11 10407 20
0.11 10408 25
0.11 10409 25
0.11 10410 25
0.11 10411 25
0.11 10412 20
0.11 10413 25
0.11 10414 25
0.11 10415 25
0.11 10416 25
0.11 10417 25
0.11 10418 20
0.11 10419 25
0.11 10420 25
0.11 10421 25
0.11 10422 25
0.11 10423 25
0.11 10424 25
0.11 10425 25
0.11 10426 25
0.11 10427 25
0.11 10428 20
0.11 10429 25
0.11 10430 20
0.11 10431 20
0.11 10432 25
0.11 10433 25
0.11 10434 25
0.11 10435 25
0.11 10436 20
0.11 10437 25
0.11 10438 25
0.11 10439 25
0.11 10440 20
0.11 10441 25
0.11 10442 20
0.11 10443 20
0.11 10444 25
0.11 10445 25
0.11 10446 25
0.11 10447 25
0.11 10448 20
0.11 10449 25
0.11 10450 25
0.11 10451 20
0.11 10452 25
0.11 10453 25
0.11 10454 20
0.11 10455 20
0.11 10456 25
0.11 10457 20
0.11 10458 20
0.11 10459 25
0.11 10460 20
0.11 10461 20
0.11 10462 20
0.11 10463 25
0.11 10464 25
0.11 10465 25
0.11 10466 25
0.11 10467 25
0.11 10468 25
0.11 10469 20
0.11 10470 25
0.11 10471 25
0.11 10472 25
0.11 10473 25
0.11 10474 25
0.11 10475 25
0.11 10476 25
0.11 10477 25
0.11 10478 20
0.11 10479 20
0.11 10480 20
0.11 10481 25
0.11 10482 25
0.11 10483 25
0.11 10484 15
0.11 10485 20
0.11 10486 20
0.11 10487 25
0.11 10488 20
0.11 10489 20
0.11 10490 25
0.11 10491 25
0.11 10492 20
0.11 10493 20
0.11 10494 25
0.11 10495 25
0.11 10496 25
0.11 10497 20
0.11 10498 25
0.11 10499 25
0.11 10500 20
0.11 10501 25
0.11 10502 25
0.11 10503 25
0.11 10504 20
0.11 10505 20
0.11 10506 20
0.11 10507 25
0.11 10508 25
0.11 10509 20
0.11 10510 25
0.11 10511 20
0.11 10512 25
0.11 10513 20
0.11 10514 20
0.11 10515 25
0.11 10516 20
0.11 10517 25
0.11 10518 25
0.11 10519 25
0.11 10520 25
0.11 10521 25
0.11 10522 20
0.11 10523 20
0.11 10524 25
0.11 10525 25
0.11 10526 25
0.11 10527 25
0.11 10528 25
0.11 10529 25
0.11 10530 25
0.11 10531 25
0.11 10532 25
0.11 10533 20
0.11 10534 20
0.11 10535 20
0.11 10536 25
0.11 10537 25
0.11 10538 20
0.11 10539 25
0.11 10540 20
0.11 10541 20
0.11 10542 25
0.11 10543 25
0.11 10544 25
0.11 10545 25
0.11 10546 25
0.11 10547 25
0.11 10548 20
0.11 10549 25
0.11 10550 25
0.11 10551 25
0.11 10552 25
0.11 10553 25
0.11 10554 25
0.11 10555 20
0.11 10556 20
0.11 10557 25
0.11 10558 25
0.11 10559 25
0.11 10560 20
0.11 10561 25
0.11 10562 25
0.11 10563 25
0.11 10564 25
0.11 10565 25
0.11 10566 15
0.11 10567 15
0.11 10568 20
0.11 10569 20
0.11 10570 25
0.11 10571 20
0.11 10572 25
0.11 10573 20
0.11 10574 20
0.11 10575 20
0.11 10576 20
0.11 10577 25
0.11 10578 25
0.11 10579 20
0.11 10580 20
0.11 10581 25
0.11 10582 25
0.11 10583 20
0.11 10584 25
0.11 10585 25
0.11 10586 25
0.11 10587 20
0.11 10588 25
0.11 10589 20
0.11 10590 25
0.11 10591 25
0.11 10592 25
0.11 10593 25
0.11 10594 20
0.11 10595 25
0.11 10596 25
0.11 10597 20
0.11 10598 20
0.11 10599 20
0.11 10600 25
0.11 10601 25
0.11 10602 20
0.11 10603 20
0.11 10604 25
0.11 10605 25
0.11 10606 25
0.11 10607 25
0.11 10608 25
0.11 10609 25
0.11 10610 20
0.11 10611 25
0.11 10612 20
0.11 10613 25
0.11 10614 20
0.11 10615 25
0.11 10616 25
0.11 10617 20
0.11 10618 25
0.11 10619 25
0.11 10620 20
0.11 10621 25
0.11 10622 25
0.11 10623 25
0.11 10624 25
0.11 10625 25
0.11 10626 20
0.11 10627 25
0.11 10628 25
0.11 10629 20
0.11 10630 20
0.11 10631 25
0.11 10632 25
0.11 10633 20
0.11 10634 25
0.11 10635 25
0.11 10636 25
0.11 10637 25
0.11 10638 25
0.11 10639 25
0.11 10640 25
0.11 10641 20
0.11 10642 25
0.11 10643 25
0.11 10644 25
0.11 10645 20
0.11 10646 20
0.11 10647 25
0.11 10648 25
0.11 10649 25
0.11 10650 20
0.11 10651 25
0.11 10652 25
0.11 10653 25
0.11 10654 25
0.11 10655 25
0.11 10656 20
0.11 10657 25
0.11 10658 25
0.11 10659 25
0.11 10660 20
0.11 10661 25
0.11 10662 25
0.11 10663 25
0.11 10664 5
0.11 10665 5
0.11 10666 10
0.11 10667 5
0.11 10668 0
0.11 10669 0
0.11 10670 5
0.11 10671 10
0.11 10672 10
0.11 10673 10
0.11 10674 0
0.11 10675 0
0.11 10676 5
0.11 10677 10
0.11 10678 5
0.11 10679 10
0.11 10680 10
0.11 10681 0
0.11 10682 5
0.11 10683 10
0.11 10684 15
0.11 10685 10
0.11 10686 0
0.11 10687 5
0.11 10688 0
0.11 10689 0
0.11 10690 0
0.11 10691 0
0.11 10692 5
0.11 10693 5
0.11 10694 10
0.11 10695 10
0.11 10696 10
0.11 10697 15
0.11 10698 20
0.11 10699 25
0.11 10700 15
0.11 10701 20
0.11 10702 20
0.11 10703 20
0.11 10704 25
0.11 10705 20
0.11 10706 20
0.11 10707 25
0.11 10708 25
0.11 10709 25
0.11 10710 20
0.11 10711 25
0.11 10712 20
0.11 10713 20
0.11 10714 25
0.11 10715 0
0.11 10716 0
0.11 10717 5
0.11 10718 0
0.11 10719 0
0.11 10720 5
0.11 10721 0
0.11 10722 5
0.11 10723 10
0.11 10724 15
0.11 10725 10
0.11 10726 15
0.11 10727 20
0.11 10728 25
0.11 10729 20
0.11 10730 20
0.11 10731 25
0.11 10732 25
0.11 10733 25
0.11 10734 25
0.11 10735 15
0.11 10736 20
0.11 10737 25
0.11 10738 25
0.11 10739 25
0.11 10740 25
0.11 10741 20
0.11 10742 25
0.11 10743 25
0.11 10744 25
0.11 10745 25
0.11 10746 20
0.11 10747 25
0.11 10748 25
0.11 10749 20
0.11 10750 20
0.11 10751 20
0.11 10752 20
0.11 10753 25
0.11 10754 25
0.11 10755 25
0.11 10756 15
0.11 10757 20
0.11 10758 25
0.11 10759 25
0.11 10760 25
0.11 10761 25
0.11 10762 25
0.11 10763 20
0.11 10764 25
0.11 10765 25
0.11 10766 25
0.11 10767 25
0.11 10768 25
0.11 10769 25
0.11 10770 20
0.11 10771 15
0.11 10772 20
0.11 10773 20
0.11 10774 20
0.11 10775 25
0.11 10776 20
0.11 10777 25
0.11 10778 25
0.11 10779 15
0.11 10780 20
0.11 10781 25
0.11 10782 25
0.11 10783 20
0.11 10784 25
0.11 10785 15
0.11 10786 20
0.11 10787 25
0.11 10788 20
0.11 10789 25
0.11 10790 15
0.11 10791 20
0.11 10792 25
0.11 10793 25
0.11 10794 20
0.11 10795 20
0.11 10796 25
0.11 10797 25
0.11 10798 20
0.11 10799 20
0.11 10800 20
0.11 10801 20
0.11 10802 20
0.11 10803 20
0.11 10804 25
0.11 10805 25
0.11 10806 25
0.11 10807 25
0.11 10808 20
0.11 10809 25
0.11 10810 25
0.11 10811 25
0.11 10812 20
0.11 10813 25
0.11 10814 25
0.11 10815 25
0.11 10816 25
0.11 10817 25
0.11 10818 20
0.11 10819 25
0.11 10820 25
0.11 10821 25
0.11 10822 20
0.11 10823 20
0.11 10824 25
0.11 10825 25
0.11 10826 20
0.11 10827 25
0.11 10828 25
0.11 10829 20
0.11 10830 25
0.11 10831 20
0.11 10832 20
0.11 10833 25
0.11 10834 25
0.11 10835 25
0.11 10836 20
0.11 10837 25
0.11 10838 25
0.11 10839 25
0.11 10840 25
0.11 10841 20
0.11 10842 25
0.11 10843 20
0.11 10844 25
0.11 10845 25
0.11 10846 20
0.11 10847 25
0.11 10848 20
0.11 10849 20
0.11 10850 20
0.11 10851 25
0.11 10852 20
0.11 10853 25
0.11 10854 25
0.11 10855 25
0.11 10856 25
0.11 10857 25
0.11 10858 25
0.11 10859 25
0.11 10860 25
0.11 10861 25
0.11 10862 20
0.11 10863 25
0.11 10864 25
0.11 10865 25
0.11 10866 25
0.11 10867 25
0.11 10868 25
0.11 10869 25
0.11 10870 20
0.11 10871 25
0.11 10872 25
0.11 10873 25
0.11 10874 25
0.11 10875 20
0.11 10876 25
0.11 10877 25
0.11 10878 25
0.11 10879 25
0.11 10880 25
0.11 10881 25
0.11 10882 25
0.11 10883 20
0.11 10884 25
0.11 10885 25
0.11 10886 20
0.11 10887 20
0.11 10888 25
0.11 10889 25
0.11 10890 15
0.11 10891 20
0.11 10892 25
0.11 10893 25
0.11 10894 25
0.11 10895 25
0.11 10896 25
0.11 10897 20
0.11 10898 25
0.11 10899 20
0.11 10900 25
0.11 10901 20
0.11 10902 25
0.11 10903 20
0.11 10904 25
0.11 10905 25
0.11 10906 25
0.11 10907 20
0.11 10908 25
0.11 10909 20
0.11 10910 25
0.11 10911 25
0.11 10912 25
0.11 10913 20
0.11 10914 25
0.11 10915 20
0.11 10916 25
0.11 10917 20
0.11 10918 15
0.11 10919 15
0.11 10920 20
0.11 10921 20
0.11 10922 25
0.11 10923 20
0.11 10924 25
0.11 10925 25
0.11 10926 20
0.11 10927 25
0.11 10928 20
0.11 10929 25
0.11 10930 25
0.11 10931 20
0.11 10932 20
0.11 10933 25
0.11 10934 20
0.11 10935 25
0.11 10936 20
0.11 10937 20
0.11 10938 25
0.11 10939 25
0.11 10940 25
0.11 10941 20
0.11 10942 25
0.11 10943 20
0.11 10944 20
0.11 10945 25
0.11 10946 20
0.11 10947 20
0.11 10948 20
0.11 10949 25
0.11 10950 20
0.11 10951 25
0.11 10952 25
0.11 10953 0
0.11 10954 5
0.11 10955 5
0.11 10956 5
0.11 10957 5
0.11 10958 10
0.11 10959 10
0.11 10960 5
0.11 10961 5
0.11 10962 5
0.11 10963 10
0.11 10964 15
0.11 10965 20
0.11 10966 20
0.11 10967 25
0.11 10968 15
0.11 10969 20
0.11 10970 25
0.11 10971 25
0.11 10972 25
0.11 10973 25
0.11 10974 20
0.11 10975 20
0.11 10976 25
0.11 10977 25
0.11 10978 20
0.11 10979 20
0.11 10980 25
0.11 10981 25
0.11 10982 25
0.11 10983 25
0.11 10984 25
0.11 10985 25
0.11 10986 25
0.11 10987 20
0.11 10988 25
0.11 10989 20
0.11 10990 25
0.11 10991 25
0.11 10992 20
0.11 10993 25
0.11 10994 25
0.11 10995 20
0.11 10996 20
0.11 10997 20
0.11 10998 20
0.11 10999 20
0.11 11000 25
0.11 11001 25
0.11 11002 25
0.11 11003 20
0.11 11004 25
0.11 11005 25
0.11 11006 25
0.11 11007 25
0.11 11008 25
0.11 11009 25
0.11 11010 20
0.11 11011 25
0.11 11012 25
0.11 11013 25
0.11 11014 20
0.11 11015 20
0.11 11016 25
0.11 11017 20
0.11 11018 25
0.11 11019 20
0.11 11020 25
0.11 11021 20
0.11 11022 25
0.11 11023 25
0.11 11024 25
0.11 11025 20
0.11 11026 25
0.11 11027 25
0.11 11028 20
0.11 11029 25
0.11 11030 20
0.11 11031 25
0.11 11032 25
0.11 11033 25
0.11 11034 25
0.11 11035 25
0.11 11036 25
0.11 11037 25
0.11 11038 25
0.11 11039 15
0.11 11040 20
0.11 11041 20
0.11 11042 25
0.11 11043 25
0.11 11044 25
0.11 11045 20
0.11 11046 25
0.11 11047 25
0.11 11048 20
0.11 11049 20
0.11 11050 25
0.11 11051 20
0.11 11052 25
0.11 11053 25
0.11 11054 25
0.11 11055 25
0.11 11056 25
0.11 11057 20
0.11 11058 25
0.11 11059 25
0.11 11060 20
0.11 11061 25
0.11 11062 25
0.11 11063 25
0.11 11064 25
0.11 11065 25
0.11 11066 25
0.11 11067 25
0.11 11068 20
0.11 11069 25
0.11 11070 25
0.11 11071 20
0.11 11072 20
0.11 11073 25
0.11 11074 20
0.11 11075 20
0.11 11076 25
0.11 11077 20
0.11 11078 25
0.11 11079 25
0.11 11080 25
0.11 11081 20
0.11 11082 25
0.11 11083 25
0.11 11084 20
0.11 11085 25
0.11 11086 20
0.11 11087 25
0.11 11088 20
0.11 11089 25
0.11 11090 25
0.11 11091 25
0.11 11092 25
0.11 11093 20
0.11 11094 20
0.11 11095 25
0.11 11096 25
0.11 11097 25
0.11 11098 25
0.11 11099 25
0.11 11100 25
0.11 11101 25
0.11 11102 25
0.11 11103 20
0.11 11104 25
0.11 11105 15
0.11 11106 20
0.11 11107 25
0.11 11108 25
0.11 11109 25
0.11 11110 25
0.11 11111 20
0.11 11112 25
0.11 11113 25
0.11 11114 25
0.11 11115 25
0.11 11116 25
0.11 11117 25
0.11 11118 25
0.11 11119 25
0.11 11120 25
0.11 11121 20
0.11 11122 20
0.11 11123 25
0.11 11124 20
0.11 11125 20
0.11 11126 20
0.11 11127 25
0.11 11128 25
0.11 11129 25
0.11 11130 25
0.11 11131 20
0.11 11132 25
0.11 11133 20
0.11 11134 25
0.11 11135 25
0.11 11136 20
0.11 11137 25
0.11 11138 25
0.11 11139 25
0.11 11140 20
0.11 11141 25
0.11 11142 25
0.11 11143 15
0.11 11144 20
0.11 11145 25
0.11 11146 25
0.11 11147 25
0.11 11148 15
0.11 11149 15
0.11 11150 20
0.11 11151 25
0.11 11152 20
0.11 11153 25
0.11 11154 25
0.11 11155 25
0.11 11156 25
0.11 11157 25
0.11 11158 25
0.11 11159 25
0.11 11160 25
0.11 11161 25
0.11 11162 25
0.11 11163 25
0.11 11164 20
0.11 11165 25
0.11 11166 25
0.11 11167 25
0.11 11168 25
0.11 11169 20
0.11 11170 20
0.11 11171 25
0.11 11172 25
0.11 11173 15
0.11 11174 20
0.11 11175 25
0.11 11176 25
0.11 11177 25
0.11 11178 20
0.11 11179 25
0.11 11180 20
0.11 11181 0
0.11 11182 5
0.11 11183 0
0.11 11184 0
0.11 11185 0
0.11 11186 0
0.11 11187 0
0.11 11188 0
0.11 11189 0
0.11 11190 0
0.11 11191 0
0.11 11192 0
0.11 11193 0
0.11 11194 0
0.11 11195 5
0.11 11196 5
0.11 11197 5
0.11 11198 10
0.11 11199 15
0.11 11200 15
0.11 11201 10
0.11 11202 15
0.11 11203 15
0.11 11204 20
0.11 11205 25
0.11 11206 20
0.11 11207 25
0.11 11208 25
0.11 11209 25
0.11 11210 25
0.11 11211 25
0.11 11212 25
0.11 11213 15
0.11 11214 15
0.11 11215 15
0.11 11216 20
0.11 11217 25
0.11 11218 25
0.11 11219 20
0.11 11220 20
0.11 11221 25
0.11 11222 25
0.11 11223 25
0.11 11224 25
0.11 11225 25
0.11 11226 25
0.11 11227 25
0.11 11228 25
0.11 11229 25
0.11 11230 25
0.11 11231 25
0.11 11232 25
0.11 11233 20
0.11 11234 20
0.11 11235 25
0.11 11236 25
0.11 11237 25
0.11 11238 25
0.11 11239 25
0.11 11240 25
0.11 11241 25
0.11 11242 25
0.11 11243 20
0.11 11244 20
0.11 11245 20
0.11 11246 25
0.11 11247 10
0.11 11248 5
0.11 11249 0
0.11 11250 5
0.11 11251 5
0.11 11252 10
0.11 11253 5
0.11 11254 0
0.11 11255 0
0.11 11256 5
0.11 11257 5
0.11 11258 10
0.11 11259 15
0.11 11260 20
0.11 11261 20
0.11 11262 25
0.11 11263 25
0.11 11264 20
0.11 11265 25
0.11 11266 25
0.11 11267 25
0.11 11268 25
0.11 11269 20
0.11 11270 25
0.11 11271 25
0.11 11272 25
0.11 11273 25
0.11 11274 25
0.11 11275 25
0.11 11276 25
0.11 11277 25
0.11 11278 25
0.11 11279 20
0.11 11280 25
0.11 11281 25
0.11 11282 25
0.11 11283 25
0.11 11284 25
0.11 11285 20
0.11 11286 25
0.11 11287 25
0.11 11288 20
0.11 11289 20
0.11 11290 5
0.11 11291 5
0.11 11292 10
0.11 11293 15
0.11 11294 20
0.11 11295 25
0.11 11296 25
0.11 11297 20
0.11 11298 25
0.11 11299 25
0.11 11300 20
0.11 11301 25
0.11 11302 20
0.11 11303 25
0.11 11304 25
0.11 11305 25
0.11 11306 20
0.11 11307 25
0.11 11308 25
0.11 11309 25
0.11 11310 25
0.11 11311 25
0.11 11312 25
0.11 11313 25
0.11 11314 20
0.11 11315 20
0.11 11316 20
0.11 11317 25
0.11 11318 25
0.11 11319 25
0.11 11320 20
0.11 11321 25
0.11 11322 25
0.11 11323 25
0.11 11324 25
0.11 11325 25
0.11 11326 25
0.11 11327 25
0.11 11328 25
0.11 11329 20
0.11 11330 25
0.11 11331 25
0.11 11332 25
0.11 11333 25
0.11 11334 25
0.11 11335 20
0.11 11336 20
0.11 11337 20
0.11 11338 25
0.11 11339 20
0.11 11340 25
0.11 11341 20
0.11 11342 25
0.11 11343 25
0.11 11344 20
0.11 11345 25
0.11 11346 25
0.11 11347 20
0.11 11348 25
0.11 11349 25
0.11 11350 25
0.11 11351 25
0.11 11352 25
0.11 11353 25
0.11 11354 20
0.11 11355 25
0.11 11356 25
0.11 11357 25
0.11 11358 25
0.11 11359 25
0.11 11360 25
0.11 11361 25
0.11 11362 20
0.11 11363 20
0.11 11364 25
0.11 11365 20
0.11 11366 25
0.11 11367 20
0.11 11368 25
0.11 11369 20
0.11 11370 25
0.11 11371 25
0.11 11372 20
0.11 11373 25
0.11 11374 25
0.11 11375 25
0.11 11376 20
0.11 11377 25
0.11 11378 25
0.11 11379 25
0.11 11380 25
0.11 11381 25
0.11 11382 20
0.11 11383 20
0.11 11384 25
0.11 11385 25
0.11 11386 25
0.11 11387 20
0.11 11388 20
0.11 11389 20
0.11 11390 25
0.11 11391 25
0.11 11392 25
0.11 11393 25
0.11 11394 25
0.11 11395 25
0.11 11396 20
0.11 11397 25
0.11 11398 20
0.11 11399 25
0.11 11400 25
0.11 11401 25
0.11 11402 25
0.11 11403 20
0.11 11404 25
0.11 11405 25
0.11 11406 25
0.11 11407 25
0.11 11408 20
0.11 11409 25
0.11 11410 20
0.11 11411 20
0.11 11412 20
0.11 11413 25
0.11 11414 20
0.11 11415 20
0.11 11416 25
0.11 11417 25
0.11 11418 20
0.11 11419 25
0.11 11420 25
0.11 11421 25
0.11 11422 25
0.11 11423 25
0.11 11424 25
0.11 11425 20
0.11 11426 25
0.11 11427 25
0.11 11428 25
0.11 11429 20
0.11 11430 25
0.11 11431 25
0.11 11432 25
0.11 11433 20
0.11 11434 25
0.11 11435 25
0.11 11436 25
0.11 11437 25
0.11 11438 20
0.11 11439 25
0.11 11440 20
0.11 11441 25
0.11 11442 25
0.11 11443 20
0.11 11444 25
0.11 11445 25
0.11 11446 20
0.11 11447 20
0.11 11448 20
0.11 11449 20
0.11 11450 25
0.11 11451 25
0.11 11452 25
0.11 11453 15
0.11 11454 15
0.11 11455 10
0.11 11456 15
0.11 11457 20
0.11 11458 25
0.11 11459 20
0.11 11460 25
0.11 11461 20
0.11 11462 25
0.11 11463 20
0.11 11464 25
0.11 11465 25
0.11 11466 25
0.11 11467 25
0.11 11468 20
0.11 11469 20
0.11 11470 25
0.11 11471 25
0.11 11472 25
0.11 11473 25
0.11 11474 25
0.11 11475 20
0.11 11476 25
0.11 11477 25
0.11 11478 25
0.11 11479 25
0.11 11480 25
0.11 11481 25
0.11 11482 25
0.11 11483 25
0.11 11484 25
0.11 11485 20
0.11 11486 25
0.11 11487 25
0.11 11488 20
0.11 11489 25
0.11 11490 25
0.11 11491 25
0.11 11492 20
0.11 11493 25
0.11 11494 20
0.11 11495 25
0.11 11496 25
0.11 11497 25
0.11 11498 25
0.11 11499 20
0.11 11500 25
0.11 11501 25
0.11 11502 25
0.11 11503 25
0.11 11504 25
0.11 11505 20
0.11 11506 20
0.11 11507 25
0.11 11508 25
0.11 11509 20
0.11 11510 20
0.11 11511 20
0.11 11512 25
0.11 11513 20
0.11 11514 25
0.11 11515 25
0.11 11516 25
0.11 11517 20
0.11 11518 20
0.11 11519 25
0.11 11520 20
0.11 11521 25
0.11 11522 25
0.11 11523 25
0.11 11524 25
0.11 11525 20
0.11 11526 20
0.11 11527 25
0.11 11528 20
0.11 11529 20
0.11 11530 25
0.11 11531 25
0.11 11532 15
0.11 11533 0
0.11 11534 0
0.11 11535 5
0.11 11536 10
0.11 11537 5
0.11 11538 10
0.11 11539 10
0.11 11540 10
0.11 11541 15
0.11 11542 20
0.11 11543 20
0.11 11544 25
0.11 11545 25
0.11 11546 25
0.11 11547 20
0.11 11548 20
0.11 11549 25
0.11 11550 20
0.11 11551 25
0.11 11552 25
0.11 11553 20
0.11 11554 20
0.11 11555 25
0.11 11556 25
0.11 11557 25
0.11 11558 25
0.11 11559 20
0.11 11560 20
0.11 11561 20
0.11 11562 25
0.11 11563 25
0.11 11564 25
0.11 11565 25
0.11 11566 25
0.11 11567 25
0.11 11568 25
0.11 11569 25
0.11 11570 25
0.11 11571 20
0.11 11572 25
0.11 11573 25
0.11 11574 20
0.11 11575 25
0.11 11576 25
0.11 11577 25
0.11 11578 20
0.11 11579 25
0.11 11580 20
0.11 11581 25
0.11 11582 25
0.11 11583 25
0.11 11584 25
0.11 11585 25
0.11 11586 20
0.11 11587 20
0.11 11588 25
0.11 11589 20
0.11 11590 20
0.11 11591 25
0.11 11592 20
0.11 11593 25
0.11 11594 25
0.11 11595 25
0.11 11596 25
0.11 11597 20
0.11 11598 25
0.11 11599 25
0.11 11600 25
0.11 11601 25
0.11 11602 20
0.11 11603 20
0.11 11604 25
0.11 11605 25
0.11 11606 20
0.11 11607 25
0.11 11608 25
0.11 11609 20
0.11 11610 25
0.11 11611 20
0.11 11612 25
0.11 11613 25
0.11 11614 25
0.11 11615 20
0.11 11616 25
0.11 11617 25
0.11 11618 25
0.11 11619 25
0.11 11620 25
0.11 11621 25
0.11 11622 25
0.11 11623 25
0.11 11624 10
0.11 11625 0
0.11 11626 0
0.11 11627 0
0.11 11628 0
0.11 11629 0
0.11 11630 0
0.11 11631 5
0.11 11632 0
0.11 11633 5
0.11 11634 10
0.11 11635 15
0.11 11636 15
0.11 11637 15
0.11 11638 20
0.11 11639 25
0.11 11640 25
0.11 11641 25
0.11 11642 25
0.11 11643 25
0.11 11644 25
0.11 11645 20
0.11 11646 25
0.11 11647 25
0.11 11648 20
0.11 11649 15
0.11 11650 15
0.11 11651 20
0.11 11652 25
0.11 11653 25
0.11 11654 20
0.11 11655 20
0.11 11656 25
0.11 11657 25
0.11 11658 20
0.11 11659 25
0.11 11660 25
0.11 11661 20
0.11 11662 25
0.11 11663 20
0.11 11664 20
0.11 11665 20
0.11 11666 20
0.11 11667 15
0.11 11668 20
0.11 11669 25
0.11 11670 25
0.11 11671 20
0.11 11672 20
0.11 11673 25
0.11 11674 25
0.11 11675 20
0.11 11676 20
0.11 11677 25
0.11 11678 25
0.11 11679 25
0.11 11680 25
0.11 11681 20
0.11 11682 25
0.11 11683 25
0.11 11684 20
0.11 11685 25
0.11 11686 25
0.11 11687 25
0.11 11688 25
0.11 11689 25
0.11 11690 25
0.11 11691 25
0.11 11692 25
0.11 11693 25
0.11 11694 15
0.11 11695 0
0.11 11696 5
0.11 11697 10
0.11 11698 15
0.11 11699 5
0.11 11700 5
0.11 11701 5
0.11 11702 5
0.11 11703 10
0.11 11704 15
0.11 11705 15
0.11 11706 20
0.11 11707 20
0.11 11708 25
0.11 11709 25
0.11 11710 25
0.11 11711 20
0.11 11712 25
0.11 11713 20
0.11 11714 25
0.11 11715 25
0.11 11716 25
0.11 11717 25
0.11 11718 25
0.11 11719 20
0.11 11720 25
0.11 11721 25
0.11 11722 25
0.11 11723 25
0.11 11724 25
0.11 11725 25
0.11 11726 25
0.11 11727 25
0.11 11728 20
0.11 11729 25
0.11 11730 20
0.11 11731 20
0.11 11732 20
0.11 11733 25
0.11 11734 20
0.11 11735 25
0.11 11736 25
0.11 11737 20
0.11 11738 20
0.11 11739 25
0.11 11740 25
0.11 11741 20
0.11 11742 20
0.11 11743 20
0.11 11744 25
0.11 11745 20
0.11 11746 25
0.11 11747 20
0.11 11748 25
0.11 11749 20
0.11 11750 25
0.11 11751 25
0.11 11752 20
0.11 11753 25
0.11 11754 25
0.11 11755 20
0.11 11756 25
0.11 11757 25
0.11 11758 25
0.11 11759 20
0.11 11760 25
0.11 11761 20
0.11 11762 25
0.11 11763 25
0.11 11764 25
0.11 11765 25
0.11 11766 25
0.11 11767 25
0.11 11768 20
0.11 11769 25
0.11 11770 25
0.11 11771 20
0.11 11772 20
0.11 11773 20
0.11 11774 25
0.11 11775 25
0.11 11776 25
0.11 11777 25
0.11 11778 25
0.11 11779 20
0.11 11780 25
0.11 11781 25
0.11 11782 25
0.11 11783 20
0.11 11784 25
0.11 11785 25
0.11 11786 20
0.11 11787 25
0.11 11788 20
0.11 11789 15
0.11 11790 0
0.11 11791 5
0.11 11792 0
0.11 11793 5
0.11 11794 10
0.11 11795 10
0.11 11796 15
0.11 11797 5
0.11 11798 5
0.11 11799 10
0.11 11800 5
0.11 11801 10
0.11 11802 15
0.11 11803 20
0.11 11804 25
0.11 11805 15
0.11 11806 15
0.11 11807 10
0.11 11808 10
0.11 11809 15
0.11 11810 20
0.11 11811 25
0.11 11812 20
0.11 11813 25
0.11 11814 25
0.11 11815 20
0.11 11816 25
0.11 11817 25
0.11 11818 25
0.11 11819 25
0.11 11820 25
0.11 11821 25
0.11 11822 20
0.11 11823 25
0.11 11824 25
0.11 11825 20
0.11 11826 20
0.11 11827 25
0.11 11828 20
0.11 11829 25
0.11 11830 20
0.11 11831 25
0.11 11832 25
0.11 11833 25
0.11 11834 25
0.11 11835 25
0.11 11836 25
0.11 11837 25
0.11 11838 20
0.11 11839 25
0.11 11840 20
0.11 11841 25
0.11 11842 25
0.11 11843 20
0.11 11844 20
0.11 11845 25
0.11 11846 25
0.11 11847 20
0.11 11848 20
0.11 11849 25
0.11 11850 25
0.11 11851 25
0.11 11852 20
0.11 11853 20
0.11 11854 25
0.11 11855 25
0.11 11856 25
0.11 11857 25
0.11 11858 25
0.11 11859 25
0.11 11860 20
0.11 11861 25
0.11 11862 25
0.11 11863 25
0.11 11864 25
0.11 11865 20
0.11 11866 20
0.11 11867 20
0.11 11868 20
0.11 11869 20
0.11 11870 25
0.11 11871 25
0.11 11872 25
0.11 11873 20
0.11 11874 25
0.11 11875 25
0.11 11876 25
0.11 11877 25
0.11 11878 20
0.11 11879 25
0.11 11880 25
0.11 11881 20
0.11 11882 25
0.11 11883 25
0.11 11884 20
0.11 11885 25
0.11 11886 15
0.11 11887 20
0.11 11888 20
0.11 11889 25
0.11 11890 20
0.11 11891 25
0.11 11892 25
0.11 11893 25
0.11 11894 20
0.11 11895 25
0.11 11896 20
0.11 11897 15
0.11 11898 15
0.11 11899 20
0.11 11900 25
0.11 11901 25
0.11 11902 20
0.11 11903 25
0.11 11904 25
0.11 11905 25
0.11 11906 20
0.11 11907 20
0.11 11908 25
0.11 11909 25
0.11 11910 25
0.11 11911 25
0.11 11912 25
0.11 11913 15
0.11 11914 15
0.11 11915 20
0.11 11916 25
0.11 11917 20
0.11 11918 25
0.11 11919 25
0.11 11920 25
0.11 11921 25
0.11 11922 25
0.11 11923 20
0.11 11924 25
0.11 11925 25
0.11 11926 20
0.11 11927 25
0.11 11928 20
0.11 11929 25
0.11 11930 25
0.11 11931 25
0.11 11932 25
0.11 11933 25
0.11 11934 25
0.11 11935 25
0.11 11936 20
0.11 11937 20
0.11 11938 25
0.11 11939 25
0.11 11940 20
0.11 11941 20
0.11 11942 20
0.11 11943 25
0.11 11944 25
0.11 11945 25
0.11 11946 25
0.11 11947 25
0.11 11948 20
0.11 11949 25
0.11 11950 25
0.11 11951 25
0.11 11952 20
0.11 11953 25
0.11 11954 25
0.11 11955 15
0.11 11956 20
0.11 11957 25
0.11 11958 20
0.11 11959 25
0.11 11960 25
0.11 11961 15
0.11 11962 15
0.11 11963 20
0.11 11964 25
0.11 11965 20
0.11 11966 25
0.11 11967 25
0.11 11968 25
0.11 11969 20
0.11 11970 25
0.11 11971 20
0.11 11972 20
0.11 11973 25
0.11 11974 25
0.11 11975 20
0.11 11976 25
0.11 11977 25
0.11 11978 25
0.11 11979 25
0.11 11980 25
0.11 11981 25
0.11 11982 25
0.11 11983 25
0.11 11984 20
0.11 11985 20
0.11 11986 25
0.11 11987 25
0.11 11988 25
0.11 11989 20
0.11 11990 20
0.11 11991 20
0.11 11992 25
0.11 11993 25
0.11 11994 25
0.11 11995 20
0.11 11996 20
0.11 11997 25
0.11 11998 20
0.11 11999 25
0.11 12000 25
0.11 12001 20
0.11 12002 25
0.11 12003 25
0.11 12004 25
0.11 12005 20
0.11 12006 20
0.11 12007 25
0.11 12008 20
0.11 12009 20
0.11 12010 25
0.11 12011 20
0.11 12012 25
0.11 12013 25
0.11 12014 25
0.11 12015 25
0.11 12016 25
0.11 12017 20
0.11 12018 20
0.11 12019 25
0.11 12020 25
0.11 12021 20
0.11 12022 20
0.11 12023 20
0.11 12024 25
0.11 12025 25
0.11 12026 20
0.11 12027 20
0.11 12028 25
0.11 12029 20
0.11 12030 25
0.11 12031 20
0.11 12032 25
0.11 12033 25
0.11 12034 25
0.11 12035 25
0.11 12036 25
0.11 12037 20
0.11 12038 25
0.11 12039 25
0.11 12040 20
0.11 12041 25
0.11 12042 20
0.11 12043 25
0.11 12044 25
0.11 12045 20
0.11 12046 25
0.11 12047 25
0.11 12048 25
0.11 12049 20
0.11 12050 25
0.11 12051 25
0.11 12052 25
0.11 12053 20
0.11 12054 25
0.11 12055 25
0.11 12056 25
0.11 12057 20
0.11 12058 25
0.11 12059 25
0.11 12060 25
0.11 12061 25
0.11 12062 25
0.11 12063 25
0.11 12064 25
0.11 12065 20
0.11 12066 25
0.11 12067 25
0.11 12068 25
0.11 12069 25
0.11 12070 20
0.11 12071 20
0.11 12072 20
0.11 12073 20
0.11 12074 20
0.11 12075 25
0.11 12076 20
0.11 12077 20
0.11 12078 25
0.11 12079 20
0.11 12080 20
0.11 12081 25
0.11 12082 20
0.11 12083 20
0.11 12084 20
0.11 12085 20
0.11 12086 25
0.11 12087 25
0.11 12088 25
0.11 12089 25
0.11 12090 25
0.11 12091 25
0.11 12092 25
0.11 12093 25
0.11 12094 25
0.11 12095 25
0.11 12096 20
0.11 12097 20
0.11 12098 25
0.11 12099 25
0.11 12100 20
0.11 12101 25
0.11 12102 25
0.11 12103 20
0.11 12104 20
0.11 12105 20
0.11 12106 20
0.11 12107 20
0.11 12108 20
0.11 12109 20
0.11 12110 20
0.11 12111 25
0.11 12112 20
0.11 12113 25
0.11 12114 25
0.11 12115 25
0.11 12116 25
0.11 12117 25
0.11 12118 25
0.11 12119 25
0.11 12120 20
0.11 12121 20
0.11 12122 25
0.11 12123 20
0.11 12124 25
0.11 12125 25
0.11 12126 20
0.11 12127 25
0.11 12128 25
0.11 12129 25
0.11 12130 25
0.11 12131 20
0.11 12132 20
0.11 12133 25
0.11 12134 25
0.11 12135 25
0.11 12136 25
0.11 12137 25
0.11 12138 25
0.11 12139 25
0.11 12140 20
0.11 12141 25
0.11 12142 25
0.11 12143 25
0.11 12144 25
0.11 12145 20
0.11 12146 25
0.11 12147 20
0.11 12148 25
0.11 12149 25
0.11 12150 25
0.11 12151 25
0.11 12152 25
0.11 12153 20
0.11 12154 20
0.11 12155 25
0.11 12156 25
0.11 12157 25
0.11 12158 25
0.11 12159 25
0.11 12160 25
0.11 12161 25
0.11 12162 20
0.11 12163 25
0.11 12164 25
0.11 12165 25
0.11 12166 20
0.11 12167 25
0.11 12168 25
0.11 12169 25
0.11 12170 25
0.11 12171 20
0.11 12172 20
0.11 12173 25
0.11 12174 20
0.11 12175 25
0.11 12176 25
0.11 12177 15
0.11 12178 20
0.11 12179 20
0.11 12180 20
0.11 12181 25
0.11 12182 25
0.11 12183 25
0.11 12184 25
0.11 12185 20
0.11 12186 20
0.11 12187 25
0.11 12188 25
0.11 12189 25
0.11 12190 25
0.11 12191 25
0.11 12192 25
0.11 12193 25
0.11 12194 20
0.11 12195 20
0.11 12196 25
0.11 12197 25
0.11 12198 20
0.11 12199 20
0.11 12200 25
0.11 12201 20
0.11 12202 25
0.11 12203 25
0.11 12204 10
0.11 12205 5
0.11 12206 0
0.11 12207 5
0.11 12208 0
0.11 12209 0
0.11 12210 0
0.11 12211 0
0.11 12212 0
0.11 12213 0
0.11 12214 5
0.11 12215 0
0.11 12216 0
0.11 12217 0
0.11 12218 0
0.11 12219 0
0.11 12220 0
0.11 12221 0
0.11 12222 5
0.11 12223 10
0.11 12224 15
0.11 12225 20
0.11 12226 20
0.11 12227 25
0.11 12228 25
0.11 12229 25
0.11 12230 20
0.11 12231 10
0.11 12232 0
0.11 12233 0
0.11 12234 0
0.11 12235 5
0.11 12236 5
0.11 12237 10
0.11 12238 0
0.11 12239 0
0.11 12240 0
0.11 12241 5
0.11 12242 0
0.11 12243 5
0.11 12244 0
0.11 12245 5
0.11 12246 10
0.11 12247 15
0.11 12248 20
0.11 12249 10
0.11 12250 5
0.11 12251 10
0.11 12252 5
0.11 12253 10
0.11 12254 10
0.11 12255 15
0.11 12256 10
0.11 12257 15
0.11 12258 20
0.11 12259 20
0.11 12260 20
0.11 12261 25
0.11 12262 25
0.11 12263 25
0.11 12264 25
0.11 12265 25
0.11 12266 25
0.11 12267 20
0.11 12268 25
0.11 12269 20
0.11 12270 25
0.11 12271 20
0.11 12272 25
0.11 12273 25
0.11 12274 25
0.11 12275 25
0.11 12276 20
0.11 12277 25
0.11 12278 25
0.11 12279 20
0.11 12280 25
0.11 12281 25
0.11 12282 25
0.11 12283 25
0.11 12284 5
0.11 12285 10
0.11 12286 5
0.11 12287 10
0.11 12288 15
0.11 12289 15
0.11 12290 20
0.11 12291 20
0.11 12292 25
0.11 12293 10
0.11 12294 15
0.11 12295 15
0.11 12296 20
0.11 12297 25
0.11 12298 25
0.11 12299 25
0.11 12300 25
0.11 12301 20
0.11 12302 25
0.11 12303 25
0.11 12304 20
0.11 12305 25
0.11 12306 25
0.11 12307 25
0.11 12308 25
0.11 12309 20
0.11 12310 25
0.11 12311 25
0.11 12312 25
0.11 12313 15
0.11 12314 20
0.11 12315 25
0.11 12316 20
0.11 12317 25
0.11 12318 25
0.11 12319 25
0.11 12320 25
0.11 12321 20
0.11 12322 20
0.11 12323 25
0.11 12324 25
0.11 12325 25
0.11 12326 20
0.11 12327 20
0.11 12328 20
0.11 12329 20
0.11 12330 25
0.11 12331 25
0.11 12332 20
0.11 12333 25
0.11 12334 20
0.11 12335 25
0.11 12336 25
0.11 12337 25
0.11 12338 20
0.11 12339 25
0.11 12340 20
0.11 12341 25
0.11 12342 25
0.11 12343 25
0.11 12344 25
0.11 12345 25
0.11 12346 20
0.11 12347 20
0.11 12348 20
0.11 12349 25
0.11 12350 25
0.11 12351 20
0.11 12352 25
0.11 12353 25
0.11 12354 25
0.11 12355 25
0.11 12356 25
0.11 12357 20
0.11 12358 20
0.11 12359 25
0.11 12360 25
0.11 12361 25
0.11 12362 25
0.11 12363 25
0.11 12364 20
0.11 12365 20
0.11 12366 25
0.11 12367 25
0.11 12368 20
0.11 12369 25
0.11 12370 25
0.11 12371 25
0.11 12372 20
0.11 12373 20
0.11 12374 25
0.11 12375 25
0.11 12376 20
0.11 12377 20
0.11 12378 25
0.11 12379 25
0.11 12380 25
0.11 12381 20
0.11 12382 20
0.11 12383 25
0.11 12384 25
0.11 12385 25
0.11 12386 25
0.11 12387 20
0.11 12388 20
0.11 12389 25
0.11 12390 25
0.11 12391 25
0.11 12392 25
0.11 12393 25
0.11 12394 20
0.11 12395 20
0.11 12396 25
0.11 12397 25
0.11 12398 25
0.11 12399 25
0.11 12400 25
0.11 12401 20
0.11 12402 25
0.11 12403 20
0.11 12404 25
0.11 12405 25
0.11 12406 25
0.11 12407 20
0.11 12408 25
0.11 12409 25
0.11 12410 25
0.11 12411 25
0.11 12412 25
0.11 12413 25
0.11 12414 25
0.11 12415 25
0.11 12416 20
0.11 12417 25
0.11 12418 25
0.11 12419 25
0.11 12420 25
0.11 12421 25
0.11 12422 25
0.11 12423 25
0.11 12424 20
0.11 12425 25
0.11 12426 20
0.11 12427 25
0.11 12428 20
0.11 12429 25
0.11 12430 20
0.11 12431 25
0.11 12432 25
0.11 12433 25
0.11 12434 25
0.11 12435 25
0.11 12436 25
0.11 12437 25
0.11 12438 15
0.11 12439 20
0.11 12440 25
0.11 12441 25
0.11 12442 20
0.11 12443 20
0.11 12444 25
0.11 12445 25
0.11 12446 25
0.11 12447 25
0.11 12448 25
0.11 12449 15
0.11 12450 15
0.11 12451 20
0.11 12452 25
0.11 12453 25
0.11 12454 25
0.11 12455 20
0.11 12456 25
0.11 12457 20
0.11 12458 25
0.11 12459 25
0.11 12460 25
0.11 12461 20
0.11 12462 25
0.11 12463 25
0.11 12464 20
0.11 12465 25
0.11 12466 20
0.11 12467 25
0.11 12468 25
0.11 12469 20
0.11 12470 25
0.11 12471 25
0.11 12472 25
0.11 12473 25
0.11 12474 25
0.11 12475 20
0.11 12476 20
0.11 12477 20
0.11 12478 20
0.11 12479 25
0.11 12480 25
0.11 12481 25
0.11 12482 25
0.11 12483 25
0.11 12484 25
0.11 12485 20
0.11 12486 25
0.11 12487 20
0.11 12488 20
0.11 12489 20
0.11 12490 25
0.11 12491 25
0.11 12492 20
0.11 12493 20
0.11 12494 25
0.11 12495 25
0.11 12496 20
0.11 12497 20
0.11 12498 20
0.11 12499 25
0.11 12500 25
0.11 12501 25
0.11 12502 20
0.11 12503 25
0.11 12504 25
0.11 12505 20
0.11 12506 20
0.11 12507 25
0.11 12508 25
0.11 12509 20
0.11 12510 20
0.11 12511 20
0.11 12512 25
0.11 12513 25
0.11 12514 20
0.11 12515 20
0.11 12516 20
0.11 12517 25
0.11 12518 25
0.11 12519 25
0.11 12520 25
0.11 12521 15
0.11 12522 10
0.11 12523 5
0.11 12524 10
0.11 12525 10
0.11 12526 15
0.11 12527 15
0.11 12528 20
0.11 12529 20
0.11 12530 25
0.11 12531 20
0.11 12532 20
0.11 12533 25
0.11 12534 20
0.11 12535 20
0.11 12536 25
0.11 12537 20
0.11 12538 20
0.11 12539 25
0.11 12540 20
0.11 12541 25
0.11 12542 25
0.11 12543 20
0.11 12544 25
0.11 12545 25
0.11 12546 20
0.11 12547 20
0.11 12548 25
0.11 12549 25
0.11 12550 25
0.11 12551 25
0.11 12552 25
0.11 12553 20
0.11 12554 20
0.11 12555 25
0.11 12556 25
0.11 12557 25
0.11 12558 25
0.11 12559 25
0.11 12560 20
0.11 12561 25
0.11 12562 25
0.11 12563 25
0.11 12564 25
0.11 12565 25
0.11 12566 20
0.11 12567 25
0.11 12568 25
0.11 12569 25
0.11 12570 25
0.11 12571 25
0.11 12572 25
0.11 12573 20
0.11 12574 25
0.11 12575 20
0.11 12576 25
0.11 12577 25
0.11 12578 25
0.11 12579 25
0.11 12580 25
0.11 12581 25
0.11 12582 25
0.11 12583 20
0.11 12584 25
0.11 12585 25
0.11 12586 25
0.11 12587 20
0.11 12588 20
0.11 12589 25
0.11 12590 25
0.11 12591 20
0.11 12592 25
0.11 12593 25
0.11 12594 25
0.11 12595 15
0.11 12596 10
0.11 12597 15
0.11 12598 15
0.11 12599 20
0.11 12600 25
0.11 12601 25
0.11 12602 25
0.11 12603 25
0.11 12604 25
0.11 12605 25
0.11 12606 25
0.11 12607 20
0.11 12608 25
0.11 12609 20
0.11 12610 25
0.11 12611 20
0.11 12612 25
0.11 12613 25
0.11 12614 20
0.11 12615 25
0.11 12616 20
0.11 12617 25
0.11 12618 25
0.11 12619 25
0.11 12620 25
0.11 12621 20
0.11 12622 25
0.11 12623 20
0.11 12624 25
0.11 12625 25
0.11 12626 25
0.11 12627 25
0.11 12628 25
0.11 12629 25
0.11 12630 20
0.11 12631 25
0.11 12632 15
0.11 12633 20
0.11 12634 25
0.11 12635 20
0.11 12636 20
0.11 12637 20
0.11 12638 25
0.11 12639 20
0.11 12640 25
0.11 12641 20
0.11 12642 25
0.11 12643 25
0.11 12644 25
0.11 12645 25
0.11 12646 25
0.11 12647 25
0.11 12648 20
0.11 12649 20
0.11 12650 25
0.11 12651 20
0.11 12652 25
0.11 12653 25
0.11 12654 15
0.11 12655 10
0.11 12656 5
0.11 12657 0
0.11 12658 5
0.11 12659 5
0.11 12660 0
0.11 12661 0
0.11 12662 0
0.11 12663 5
0.11 12664 10
0.11 12665 10
0.11 12666 15
0.11 12667 20
0.11 12668 5
0.11 12669 5
0.11 12670 10
0.11 12671 15
0.11 12672 15
0.11 12673 20
0.11 12674 25
0.11 12675 25
0.11 12676 25
0.11 12677 20
0.11 12678 20
0.11 12679 15
0.11 12680 15
0.11 12681 15
0.11 12682 15
0.11 12683 20
0.11 12684 25
0.11 12685 25
0.11 12686 25
0.11 12687 20
0.11 12688 25
0.11 12689 20
0.11 12690 20
0.11 12691 25
0.11 12692 25
0.11 12693 25
0.11 12694 25
0.11 12695 25
0.11 12696 20
0.11 12697 25
0.11 12698 25
0.11 12699 25
0.11 12700 20
0.11 12701 25
0.11 12702 25
0.11 12703 25
0.11 12704 25
0.11 12705 20
0.11 12706 20
0.11 12707 25
0.11 12708 25
0.11 12709 20
0.11 12710 20
0.11 12711 25
0.11 12712 25
0.11 12713 20
0.11 12714 25
0.11 12715 25
0.11 12716 25
0.11 12717 25
0.11 12718 25
0.11 12719 20
0.11 12720 25
0.11 12721 25
0.11 12722 25
0.11 12723 20
0.11 12724 25
0.11 12725 20
0.11 12726 25
0.11 12727 20
0.11 12728 20
0.11 12729 25
0.11 12730 25
0.11 12731 25
0.11 12732 25
0.11 12733 20
0.11 12734 25
0.11 12735 25
0.11 12736 15
0.11 12737 20
0.11 12738 20
0.11 12739 25
0.11 12740 25
0.11 12741 25
0.11 12742 20
0.11 12743 25
0.11 12744 25
0.11 12745 25
0.11 12746 25
0.11 12747 20
0.11 12748 20
0.11 12749 20
0.11 12750 20
0.11 12751 25
0.11 12752 20
0.11 12753 20
0.11 12754 25
0.11 12755 20
0.11 12756 25
0.11 12757 25
0.11 12758 25
0.11 12759 25
0.11 12760 20
0.11 12761 25
0.11 12762 25
0.11 12763 25
0.11 12764 25
0.11 12765 25
0.11 12766 25
0.11 12767 25
0.11 12768 25
0.11 12769 25
0.11 12770 20
0.11 12771 20
0.11 12772 25
0.11 12773 25
0.11 12774 25
0.11 12775 25
0.11 12776 25
0.11 12777 25
0.11 12778 25
0.11 12779 25
0.11 12780 25
0.11 12781 25
0.11 12782 25
0.11 12783 25
0.11 12784 25
0.11 12785 25
0.11 12786 25
0.11 12787 25
0.11 12788 25
0.11 12789 20
0.11 12790 25
0.11 12791 25
0.11 12792 20
0.11 12793 25
0.11 12794 25
0.11 12795 25
0.11 12796 25
0.11 12797 15
0.11 12798 20
0.11 12799 20
0.11 12800 20
0.11 12801 25
0.11 12802 25
0.11 12803 25
0.11 12804 25
0.11 12805 20
0.11 12806 25
0.11 12807 20
0.11 12808 25
0.11 12809 20
0.11 12810 20
0.11 12811 25
0.11 12812 25
0.11 12813 25
0.11 12814 25
0.11 12815 25
0.11 12816 25
0.11 12817 20
0.11 12818 25
0.11 12819 25
0.11 12820 20
0.11 12821 25
0.11 12822 25
0.11 12823 25
0.11 12824 25
0.11 12825 20
0.11 12826 25
0.11 12827 25
0.11 12828 15
0.11 12829 20
0.11 12830 25
0.11 12831 25
0.11 12832 20
0.11 12833 25
0.11 12834 25
0.11 12835 20
0.11 12836 25
0.11 12837 20
0.11 12838 25
0.11 12839 25
0.11 12840 20
0.11 12841 20
0.11 12842 25
0.11 12843 25
0.11 12844 25
0.11 12845 25
0.11 12846 25
0.11 12847 25
0.11 12848 25
0.11 12849 25
0.11 12850 25
0.11 12851 25
0.11 12852 25
0.11 12853 20
0.11 12854 25
0.11 12855 15
0.11 12856 20
0.11 12857 20
0.11 12858 25
0.11 12859 20
0.11 12860 20
0.11 12861 20
0.11 12862 25
0.11 12863 25
0.11 12864 25
0.11 12865 25
0.11 12866 25
0.11 12867 25
0.11 12868 20
0.11 12869 25
0.11 12870 25
0.11 12871 25
0.11 12872 25
0.11 12873 25
0.11 12874 25
0.11 12875 15
0.11 12876 20
0.11 12877 25
0.11 12878 25
0.11 12879 20
0.11 12880 25
0.11 12881 20
0.11 12882 25
0.11 12883 20
0.11 12884 25
0.11 12885 20
0.11 12886 20
0.11 12887 25
0.11 12888 20
0.11 12889 20
0.11 12890 25
0.11 12891 25
0.11 12892 25
0.11 12893 20
0.11 12894 25
0.11 12895 25
0.11 12896 25
0.11 12897 25
0.11 12898 20
0.11 12899 25
0.11 12900 25
0.11 12901 25
0.11 12902 20
0.11 12903 25
0.11 12904 20
0.11 12905 25
0.11 12906 15
0.11 12907 20
0.11 12908 25
0.11 12909 25
0.11 12910 25
0.11 12911 25
0.11 12912 20
0.11 12913 25
0.11 12914 25
0.11 12915 20
0.11 12916 15
0.11 12917 15
0.11 12918 20
0.11 12919 15
0.11 12920 20
0.11 12921 25
0.11 12922 25
0.11 12923 20
0.11 12924 20
0.11 12925 20
0.11 12926 25
0.11 12927 25
0.11 12928 20
0.11 12929 25
0.11 12930 25
0.11 12931 20
0.11 12932 20
0.11 12933 20
0.11 12934 20
0.11 12935 20
0.11 12936 25
0.11 12937 25
0.11 12938 25
0.11 12939 20
0.11 12940 25
0.11 12941 25
0.11 12942 20
0.11 12943 25
0.11 12944 25
0.11 12945 25
0.11 12946 25
0.11 12947 25
0.11 12948 20
0.11 12949 25
0.11 12950 25
0.11 12951 20
0.11 12952 20
0.11 12953 25
0.11 12954 25
0.11 12955 20
0.11 12956 20
0.11 12957 25
0.11 12958 25
0.11 12959 25
0.11 12960 25
0.11 12961 15
0.11 12962 20
0.11 12963 25
0.11 12964 20
0.11 12965 20
0.11 12966 20
0.11 12967 25
0.11 12968 25
0.11 12969 20
0.11 12970 25
0.11 12971 20
0.11 12972 25
0.11 12973 25
0.11 12974 25
0.11 12975 20
0.11 12976 20
0.11 12977 25
0.11 12978 25
0.11 12979 25
0.11 12980 20
0.11 12981 25
0.11 12982 25
0.11 12983 25
0.11 12984 25
0.11 12985 25
0.11 12986 20
0.11 12987 25
0.11 12988 20
0.11 12989 20
0.11 12990 20
0.11 12991 25
0.11 12992 25
0.11 12993 25
0.11 12994 20
0.11 12995 25
0.11 12996 25
0.11 12997 25
0.11 12998 20
0.11 12999 20
0.11 13000 20
0.11 13001 25
0.11 13002 25
0.11 13003 25
0.11 13004 25
0.11 13005 25
0.11 13006 25
0.11 13007 25
0.11 13008 25
0.11 13009 20
0.11 13010 25
0.11 13011 20
0.11 13012 20
0.11 13013 10
0.11 13014 0
0.11 13015 0
0.11 13016 5
0.11 13017 5
0.11 13018 0
0.11 13019 0
0.11 13020 5
0.11 13021 0
0.11 13022 0
0.11 13023 0
0.11 13024 5
0.11 13025 10
0.11 13026 5
0.11 13027 10
0.11 13028 10
0.11 13029 15
0.11 13030 15
0.11 13031 20
0.11 13032 25
0.11 13033 20
0.11 13034 25
0.11 13035 25
0.11 13036 25
0.11 13037 15
0.11 13038 15
0.11 13039 15
0.11 13040 15
0.11 13041 20
0.11 13042 25
0.11 13043 25
0.11 13044 25
0.11 13045 25
0.11 13046 20
0.11 13047 25
0.11 13048 25
0.11 13049 20
0.11 13050 20
0.11 13051 25
0.11 13052 20
0.11 13053 25
0.11 13054 25
0.11 13055 25
0.11 13056 25
0.11 13057 20
0.11 13058 25
0.11 13059 20
0.11 13060 20
0.11 13061 25
0.11 13062 25
0.11 13063 15
0.11 13064 20
0.11 13065 25
0.11 13066 25
0.11 13067 25
0.11 13068 25
0.11 13069 25
0.11 13070 20
0.11 13071 25
0.11 13072 20
0.11 13073 25
0.11 13074 25
0.11 13075 20
0.11 13076 20
0.11 13077 25
0.11 13078 25
0.11 13079 25
0.11 13080 25
0.11 13081 25
0.11 13082 20
0.11 13083 25
0.11 13084 20
0.11 13085 20
0.11 13086 20
0.11 13087 20
0.11 13088 25
0.11 13089 25
0.11 13090 25
0.11 13091 25
0.11 13092 25
0.11 13093 25
0.11 13094 25
0.11 13095 25
0.11 13096 25
0.11 13097 20
0.11 13098 20
0.11 13099 25
0.11 13100 15
0.11 13101 20
0.11 13102 25
0.11 13103 20
0.11 13104 25
0.11 13105 20
0.11 13106 25
0.11 13107 20
0.11 13108 20
0.11 13109 20
0.11 13110 25
0.11 13111 25
0.11 13112 25
0.11 13113 25
0.11 13114 20
0.11 13115 25
0.11 13116 25
0.11 13117 25
0.11 13118 25
0.11 13119 25
0.11 13120 25
0.11 13121 20
0.11 13122 20
0.11 13123 15
0.11 13124 20
0.11 13125 25
0.11 13126 25
0.11 13127 25
0.11 13128 20
0.11 13129 25
0.11 13130 25
0.11 13131 25
0.11 13132 25
0.11 13133 25
0.11 13134 20
0.11 13135 20
0.11 13136 25
0.11 13137 25
0.11 13138 20
0.11 13139 20
0.11 13140 25
0.11 13141 20
0.11 13142 20
0.11 13143 25
0.11 13144 20
0.11 13145 25
0.11 13146 25
0.11 13147 25
0.11 13148 25
0.11 13149 25
0.11 13150 25
0.11 13151 25
0.11 13152 25
0.11 13153 20
0.11 13154 15
0.11 13155 20
0.11 13156 20
0.11 13157 25
0.11 13158 20
0.11 13159 25
0.11 13160 25
0.11 13161 20
0.11 13162 20
0.11 13163 25
0.11 13164 20
0.11 13165 25
0.11 13166 20
0.11 13167 20
0.11 13168 25
0.11 13169 25
0.11 13170 25
0.11 13171 25
0.11 13172 25
0.11 13173 20
0.11 13174 20
0.11 13175 25
0.11 13176 25
0.11 13177 25
0.11 13178 20
0.11 13179 20
0.11 13180 25
0.11 13181 25
0.11 13182 25
0.11 13183 25
0.11 13184 25
0.11 13185 25
0.11 13186 20
0.11 13187 25
0.11 13188 20
0.11 13189 20
0.11 13190 25
0.11 13191 25
0.11 13192 20
0.11 13193 25
0.11 13194 25
0.11 13195 25
0.11 13196 20
0.11 13197 25
0.11 13198 20
0.11 13199 25
0.11 13200 20
0.11 13201 20
0.11 13202 20
0.11 13203 25
0.11 13204 25
0.11 13205 25
0.11 13206 20
0.11 13207 25
0.11 13208 25
0.11 13209 25
0.11 13210 20
0.11 13211 25
0.11 13212 25
0.11 13213 20
0.11 13214 25
0.11 13215 25
0.11 13216 25
0.11 13217 25
0.11 13218 20
0.11 13219 25
0.11 13220 25
0.11 13221 20
0.11 13222 25
0.11 13223 20
0.11 13224 25
0.11 13225 25
0.11 13226 25
0.11 13227 20
0.11 13228 25
0.11 13229 20
0.11 13230 25
0.11 13231 20
0.11 13232 25
0.11 13233 20
0.11 13234 25
0.11 13235 25
0.11 13236 20
0.11 13237 20
0.11 13238 20
0.11 13239 25
0.11 13240 25
0.11 13241 20
0.11 13242 25
0.11 13243 25
0.11 13244 20
0.11 13245 20
0.11 13246 20
0.11 13247 20
0.11 13248 25
0.11 13249 25
0.11 13250 25
0.11 13251 20
0.11 13252 25
0.11 13253 25
0.11 13254 25
0.11 13255 20
0.11 13256 25
0.11 13257 20
0.11 13258 25
0.11 13259 25
0.11 13260 20
0.11 13261 0
0.11 13262 5
0.11 13263 10
0.11 13264 5
0.11 13265 10
0.11 13266 5
0.11 13267 0
0.11 13268 0
0.11 13269 0
0.11 13270 5
0.11 13271 5
0.11 13272 0
0.11 13273 5
0.11 13274 0
0.11 13275 0
0.11 13276 0
0.11 13277 5
0.11 13278 5
0.11 13279 10
0.11 13280 5
0.11 13281 10
0.11 13282 10
0.11 13283 15
0.11 13284 20
0.11 13285 20
0.11 13286 25
0.11 13287 25
0.11 13288 15
0.11 13289 20
0.11 13290 25
0.11 13291 25
0.11 13292 25
0.11 13293 25
0.11 13294 20
0.11 13295 20
0.11 13296 25
0.11 13297 25
0.11 13298 25
0.11 13299 25
0.11 13300 20
0.11 13301 15
0.11 13302 15
0.11 13303 20
0.11 13304 20
0.11 13305 25
0.11 13306 20
0.11 13307 25
0.11 13308 25
0.11 13309 20
0.11 13310 25
0.11 13311 25
0.11 13312 25
0.11 13313 25
0.11 13314 25
0.11 13315 20
0.11 13316 25
0.11 13317 20
0.11 13318 25
0.11 13319 25
0.11 13320 25
0.11 13321 20
0.11 13322 20
0.11 13323 25
0.11 13324 25
0.11 13325 20
0.11 13326 25
0.11 13327 25
0.11 13328 20
0.11 13329 25
0.11 13330 25
0.11 13331 20
0.11 13332 20
0.11 13333 20
0.11 13334 25
0.11 13335 25
0.11 13336 20
0.11 13337 25
0.11 13338 20
0.11 13339 25
0.11 13340 25
0.11 13341 20
0.11 13342 15
0.11 13343 20
0.11 13344 25
0.11 13345 25
0.11 13346 20
0.11 13347 25
0.11 13348 25
0.11 13349 25
0.11 13350 25
0.11 13351 25
0.11 13352 25
0.11 13353 25
0.11 13354 20
0.11 13355 25
0.11 13356 25
0.11 13357 20
0.11 13358 20
0.11 13359 25
0.11 13360 20
0.11 13361 25
0.11 13362 25
0.11 13363 20
0.11 13364 20
0.11 13365 25
0.11 13366 25
0.11 13367 20
0.11 13368 20
0.11 13369 25
0.11 13370 25
0.11 13371 20
0.11 13372 25
0.11 13373 25
0.11 13374 20
0.11 13375 25
0.11 13376 25
0.11 13377 25
0.11 13378 25
0.11 13379 25
0.11 13380 20
0.11 13381 25
0.11 13382 25
0.11 13383 20
0.11 13384 15
0.11 13385 15
0.11 13386 20
0.11 13387 20
0.11 13388 10
0.11 13389 10
0.11 13390 15
0.11 13391 15
0.11 13392 20
0.11 13393 25
0.11 13394 20
0.11 13395 20
0.11 13396 25
0.11 13397 20
0.11 13398 10
0.11 13399 15
0.11 13400 20
0.11 13401 25
0.11 13402 25
0.11 13403 20
0.11 13404 25
0.11 13405 25
0.11 13406 20
0.11 13407 25
0.11 13408 25
0.11 13409 25
0.11 13410 25
0.11 13411 25
0.11 13412 20
0.11 13413 25
0.11 13414 25
0.11 13415 25
0.11 13416 20
0.11 13417 25
0.11 13418 20
0.11 13419 25
0.11 13420 20
0.11 13421 25
0.11 13422 25
0.11 13423 25
0.11 13424 20
0.11 13425 25
0.11 13426 25
0.11 13427 25
0.11 13428 25
0.11 13429 25
0.11 13430 25
0.11 13431 25
0.11 13432 20
0.11 13433 20
0.11 13434 25
0.11 13435 25
0.11 13436 25
0.11 13437 25
0.11 13438 25
0.11 13439 25
0.11 13440 25
0.11 13441 25
0.11 13442 25
0.11 13443 15
0.11 13444 20
0.11 13445 25
0.11 13446 20
0.11 13447 25
0.11 13448 20
0.11 13449 20
0.11 13450 20
0.11 13451 20
0.11 13452 25
0.11 13453 25
0.11 13454 25
0.11 13455 25
0.11 13456 20
0.11 13457 25
0.11 13458 20
0.11 13459 15
0.11 13460 20
0.11 13461 20
0.11 13462 25
0.11 13463 25
0.11 13464 15
0.11 13465 15
0.11 13466 20
0.11 13467 20
0.11 13468 25
0.11 13469 25
0.11 13470 20
0.11 13471 25
0.11 13472 20
0.11 13473 20
0.11 13474 25
0.11 13475 25
0.11 13476 25
0.11 13477 25
0.11 13478 25
0.11 13479 25
0.11 13480 20
0.11 13481 25
0.11 13482 25
0.11 13483 25
0.11 13484 20
0.11 13485 20
0.11 13486 25
0.11 13487 25
0.11 13488 25
0.11 13489 25
0.11 13490 25
0.11 13491 25
0.11 13492 25
0.11 13493 20
0.11 13494 25
0.11 13495 20
0.11 13496 25
0.11 13497 20
0.11 13498 25
0.11 13499 25
0.11 13500 25
0.11 13501 25
0.11 13502 20
0.11 13503 25
0.11 13504 20
0.11 13505 25
0.11 13506 20
0.11 13507 25
0.11 13508 20
0.11 13509 25
0.11 13510 25
0.11 13511 20
0.11 13512 20
0.11 13513 10
0.11 13514 0
0.11 13515 5
0.11 13516 0
0.11 13517 5
0.11 13518 0
0.11 13519 0
0.11 13520 0
0.11 13521 0
0.11 13522 0
0.11 13523 0
0.11 13524 5
0.11 13525 0
0.11 13526 5
0.11 13527 5
0.11 13528 0
0.11 13529 0
0.11 13530 0
0.11 13531 0
0.11 13532 0
0.11 13533 0
0.11 13534 0
0.11 13535 0
0.11 13536 0
0.11 13537 5
0.11 13538 0
0.11 13539 0
0.11 13540 5
0.11 13541 5
0.11 13542 10
0.11 13543 10
0.11 13544 15
0.11 13545 15
0.11 13546 20
0.11 13547 25
0.11 13548 25
0.11 13549 25
0.11 13550 25
0.11 13551 25
0.11 13552 25
0.11 13553 25
0.11 13554 20
0.11 13555 25
0.11 13556 20
0.11 13557 25
0.11 13558 20
0.11 13559 25
0.11 13560 20
0.11 13561 25
0.11 13562 20
0.11 13563 20
0.11 13564 25
0.11 13565 20
0.11 13566 25
0.11 13567 25
0.11 13568 25
0.11 13569 25
0.11 13570 20
0.11 13571 25
0.11 13572 25
0.11 13573 25
0.11 13574 25
0.11 13575 25
0.11 13576 25
0.11 13577 25
0.11 13578 25
0.11 13579 25
0.11 13580 20
0.11 13581 25
0.11 13582 20
0.11 13583 20
0.11 13584 25
0.11 13585 20
0.11 13586 25
0.11 13587 20
0.11 13588 25
0.11 13589 25
0.11 13590 25
0.11 13591 25
0.11 13592 25
0.11 13593 25
0.11 13594 25
0.11 13595 25
0.11 13596 25
0.11 13597 25
0.11 13598 20
0.11 13599 25
0.11 13600 25
0.11 13601 25
0.11 13602 25
0.11 13603 25
0.11 13604 25
0.11 13605 20
0.11 13606 20
0.11 13607 25
0.11 13608 25
0.11 13609 25
0.11 13610 25
0.11 13611 20
0.11 13612 25
0.11 13613 25
0.11 13614 20
0.11 13615 20
0.11 13616 25
0.11 13617 25
0.11 13618 20
0.11 13619 25
0.11 13620 25
0.11 13621 25
0.11 13622 25
0.11 13623 25
0.11 13624 25
0.11 13625 20
0.11 13626 25
0.11 13627 20
0.11 13628 25
0.11 13629 25
0.11 13630 25
0.11 13631 25
0.11 13632 25
0.11 13633 20
0.11 13634 25
0.11 13635 25
0.11 13636 25
0.11 13637 25
0.11 13638 25
0.11 13639 25
0.11 13640 25
0.11 13641 25
0.11 13642 25
0.11 13643 20
0.11 13644 25
0.11 13645 25
0.11 13646 20
0.11 13647 25
0.11 13648 25
0.11 13649 20
0.11 13650 25
0.11 13651 25
0.11 13652 20
0.11 13653 25
0.11 13654 25
0.11 13655 20
0.11 13656 25
0.11 13657 20
0.11 13658 25
0.11 13659 25
0.11 13660 25
0.11 13661 20
0.11 13662 20
0.11 13663 25
0.11 13664 25
0.11 13665 20
0.11 13666 25
0.11 13667 25
0.11 13668 25
0.11 13669 25
0.11 13670 25
0.11 13671 25
0.11 13672 25
0.11 13673 20
0.11 13674 25
0.11 13675 25
0.11 13676 25
0.11 13677 25
0.11 13678 25
0.11 13679 20
0.11 13680 25
0.11 13681 20
0.11 13682 25
0.11 13683 25
0.11 13684 25
0.11 13685 25
0.11 13686 25
0.11 13687 25
0.11 13688 25
0.11 13689 25
0.11 13690 25
0.11 13691 25
0.11 13692 25
0.11 13693 25
0.11 13694 20
0.11 13695 25
0.11 13696 25
0.11 13697 25
0.11 13698 25
0.11 13699 25
0.11 13700 25
0.11 13701 20
0.11 13702 20
0.11 13703 25
0.11 13704 25
0.11 13705 25
0.11 13706 25
0.11 13707 25
0.11 13708 20
0.11 13709 25
0.11 13710 25
0.11 13711 20
0.11 13712 20
0.11 13713 25
0.11 13714 20
0.11 13715 25
0.11 13716 20
0.11 13717 25
0.11 13718 25
0.11 13719 25
0.11 13720 25
0.11 13721 25
0.11 13722 25
0.11 13723 25
0.11 13724 25
0.11 13725 20
0.11 13726 25
0.11 13727 25
0.11 13728 25
0.11 13729 20
0.11 13730 20
0.11 13731 20
0.11 13732 25
0.11 13733 25
0.11 13734 20
0.11 13735 25
0.11 13736 25
0.11 13737 25
0.11 13738 25
0.11 13739 15
0.11 13740 10
0.11 13741 15
0.11 13742 20
0.11 13743 20
0.11 13744 25
0.11 13745 25
0.11 13746 25
0.11 13747 25
0.11 13748 25
0.11 13749 25
0.11 13750 20
0.11 13751 20
0.11 13752 25
0.11 13753 20
0.11 13754 20
0.11 13755 25
0.11 13756 25
0.11 13757 25
0.11 13758 20
0.11 13759 25
0.11 13760 25
0.11 13761 25
0.11 13762 25
0.11 13763 15
0.11 13764 20
0.11 13765 20
0.11 13766 20
0.11 13767 25
0.11 13768 25
0.11 13769 20
0.11 13770 20
0.11 13771 20
0.11 13772 25
0.11 13773 25
0.11 13774 25
0.11 13775 25
0.11 13776 20
0.11 13777 20
0.11 13778 25
0.11 13779 25
0.11 13780 25
0.11 13781 20
0.11 13782 20
0.11 13783 25
0.11 13784 25
0.11 13785 25
0.11 13786 25
0.11 13787 20
0.11 13788 25
0.11 13789 25
0.11 13790 20
0.11 13791 25
0.11 13792 25
0.11 13793 25
0.11 13794 25
0.11 13795 15
0.11 13796 20
0.11 13797 25
0.11 13798 25
0.11 13799 20
0.11 13800 25
0.11 13801 25
0.11 13802 25
0.11 13803 25
0.11 13804 25
0.11 13805 20
0.11 13806 25
0.11 13807 25
0.11 13808 20
0.11 13809 25
0.11 13810 20
0.11 13811 25
0.11 13812 20
0.11 13813 25
0.11 13814 20
0.11 13815 20
0.11 13816 25
0.11 13817 25
0.11 13818 25
0.11 13819 25
0.11 13820 25
0.11 13821 25
0.11 13822 25
0.11 13823 25
0.11 13824 20
0.11 13825 25
0.11 13826 20
0.11 13827 25
0.11 13828 20
0.11 13829 25
0.11 13830 25
0.11 13831 20
0.11 13832 25
0.11 13833 20
0.11 13834 25
0.11 13835 15
0.11 13836 15
0.11 13837 20
0.11 13838 25
0.11 13839 25
0.11 13840 5
0.11 13841 0
0.11 13842 0
0.11 13843 0
0.11 13844 0
0.11 13845 0
0.11 13846 0
0.11 13847 0
0.11 13848 0
0.11 13849 0
0.11 13850 5
0.11 13851 10
0.11 13852 15
0.11 13853 15
0.11 13854 10
0.11 13855 5
0.11 13856 10
0.11 13857 10
0.11 13858 15
0.11 13859 15
0.11 13860 20
0.11 13861 25
0.11 13862 10
0.11 13863 0
0.11 13864 0
0.11 13865 5
0.11 13866 10
0.11 13867 15
0.11 13868 10
0.11 13869 15
0.11 13870 20
0.11 13871 20
0.11 13872 25
0.11 13873 25
0.11 13874 25
0.11 13875 25
0.11 13876 20
0.11 13877 20
0.11 13878 20
0.11 13879 20
0.11 13880 20
0.11 13881 25
0.11 13882 25
0.11 13883 20
0.11 13884 25
0.11 13885 25
0.11 13886 20
0.11 13887 10
0.11 13888 0
0.11 13889 5
0.11 13890 5
0.11 13891 10
0.11 13892 5
0.11 13893 5
0.11 13894 10
0.11 13895 15
0.11 13896 15
0.11 13897 20
0.11 13898 25
0.11 13899 25
0.11 13900 25
0.11 13901 25
0.11 13902 25
0.11 13903 25
0.11 13904 20
0.11 13905 20
0.11 13906 25
0.11 13907 20
0.11 13908 20
0.11 13909 25
0.11 13910 20
0.11 13911 25
0.11 13912 25
0.11 13913 25
0.11 13914 25
0.11 13915 25
0.11 13916 25
0.11 13917 25
0.11 13918 25
0.11 13919 20
0.11 13920 25
0.11 13921 20
0.11 13922 20
0.11 13923 20
0.11 13924 20
0.11 13925 25
0.11 13926 25
0.11 13927 25
0.11 13928 25
0.11 13929 25
0.11 13930 25
0.11 13931 25
0.11 13932 25
0.11 13933 20
0.11 13934 25
0.11 13935 25
0.11 13936 25
0.11 13937 25
0.11 13938 20
0.11 13939 20
0.11 13940 25
0.11 13941 25
0.11 13942 20
0.11 13943 25
0.11 13944 20
0.11 13945 25
0.11 13946 25
0.11 13947 20
0.11 13948 25
0.11 13949 25
0.11 13950 20
0.11 13951 25
0.11 13952 25
0.11 13953 25
0.11 13954 25
0.11 13955 25
0.11 13956 20
0.11 13957 15
0.11 13958 0
0.11 13959 0
0.11 13960 0
0.11 13961 0
0.11 13962 5
0.11 13963 0
0.11 13964 5
0.11 13965 5
0.11 13966 5
0.11 13967 5
0.11 13968 10
0.11 13969 15
0.11 13970 15
0.11 13971 20
0.11 13972 25
0.11 13973 0
0.11 13974 5
0.11 13975 0
0.11 13976 0
0.11 13977 5
0.11 13978 10
0.11 13979 10
0.11 13980 0
0.11 13981 0
0.11 13982 0
0.11 13983 0
0.11 13984 5
0.11 13985 0
0.11 13986 0
0.11 13987 5
0.11 13988 5
0.11 13989 0
0.11 13990 0
0.11 13991 0
0.11 13992 0
0.11 13993 0
0.11 13994 5
0.11 13995 10
0.11 13996 10
0.11 13997 5
0.11 13998 5
0.11 13999 5
0.11 14000 10
0.11 14001 10
0.11 14002 10
0.11 14003 15
0.11 14004 10
0.11 14005 10
0.11 14006 15
0.11 14007 15
0.11 14008 20
0.11 14009 20
0.11 14010 20
0.11 14011 25
0.11 14012 25
0.11 14013 20
0.11 14014 20
0.11 14015 25
0.11 14016 25
0.11 14017 25
0.11 14018 20
0.11 14019 20
0.11 14020 25
0.11 14021 25
0.11 14022 25
0.11 14023 25
0.11 14024 25
0.11 14025 25
0.11 14026 25
0.11 14027 25
0.11 14028 25
0.11 14029 25
0.11 14030 25
0.11 14031 20
0.11 14032 25
0.11 14033 25
0.11 14034 25
0.11 14035 25
0.11 14036 25
0.11 14037 25
0.11 14038 25
0.11 14039 25
0.11 14040 25
0.11 14041 15
0.11 14042 0
0.11 14043 5
0.11 14044 5
0.11 14045 5
0.11 14046 5
0.11 14047 0
0.11 14048 5
0.11 14049 10
0.11 14050 15
0.11 14051 15
0.11 14052 20
0.11 14053 15
0.11 14054 20
0.11 14055 20
0.11 14056 25
0.11 14057 20
0.11 14058 25
0.11 14059 25
0.11 14060 20
0.11 14061 15
0.11 14062 15
0.11 14063 15
0.11 14064 20
0.11 14065 20
0.11 14066 25
0.11 14067 25
0.11 14068 20
0.11 14069 25
0.11 14070 25
0.11 14071 20
0.11 14072 25
0.11 14073 20
0.11 14074 25
0.11 14075 25
0.11 14076 20
0.11 14077 20
0.11 14078 20
0.11 14079 25
0.11 14080 25
0.11 14081 25
0.11 14082 25
0.11 14083 25
0.11 14084 20
0.11 14085 20
0.11 14086 20
0.11 14087 25
0.11 14088 25
0.11 14089 20
0.11 14090 25
0.11 14091 25
0.11 14092 20
0.11 14093 20
0.11 14094 20
0.11 14095 20
0.11 14096 25
0.11 14097 25
0.11 14098 25
0.11 14099 25
0.11 14100 20
0.11 14101 25
0.11 14102 25
0.11 14103 25
0.11 14104 25
0.11 14105 25
0.11 14106 20
0.11 14107 25
0.11 14108 20
0.11 14109 25
0.11 14110 20
0.11 14111 25
0.11 14112 20
0.11 14113 25
0.11 14114 25
0.11 14115 25
0.11 14116 25
0.11 14117 25
0.11 14118 20
0.11 14119 20
0.11 14120 25
0.11 14121 25
0.11 14122 25
0.11 14123 25
0.11 14124 20
0.11 14125 20
0.11 14126 25
0.11 14127 25
0.11 14128 20
0.11 14129 25
0.11 14130 20
0.11 14131 20
0.11 14132 20
0.11 14133 20
0.11 14134 25
0.11 14135 20
0.11 14136 25
0.11 14137 20
0.11 14138 25
0.11 14139 25
0.11 14140 25
0.11 14141 25
0.11 14142 25
0.11 14143 20
0.11 14144 20
0.11 14145 25
0.11 14146 25
0.11 14147 25
0.11 14148 25
0.11 14149 20
0.11 14150 25
0.11 14151 25
0.11 14152 20
0.11 14153 20
0.11 14154 25
0.11 14155 25
0.11 14156 25
0.11 14157 25
0.11 14158 20
0.11 14159 20
0.11 14160 25
0.11 14161 25
0.11 14162 25
0.11 14163 25
0.11 14164 20
0.11 14165 25
0.11 14166 20
0.11 14167 25
0.11 14168 25
0.11 14169 25
0.11 14170 20
0.11 14171 20
0.11 14172 25
0.11 14173 25
0.11 14174 20
0.11 14175 25
0.11 14176 25
0.11 14177 25
0.11 14178 25
0.11 14179 20
0.11 14180 25
0.11 14181 25
0.11 14182 25
0.11 14183 25
0.11 14184 25
0.11 14185 25
0.11 14186 25
0.11 14187 25
0.11 14188 20
0.11 14189 25
0.11 14190 20
0.11 14191 25
0.11 14192 20
0.11 14193 25
0.11 14194 25
0.11 14195 20
0.11 14196 25
0.11 14197 25
0.11 14198 25
0.11 14199 25
0.11 14200 15
0.11 14201 15
0.11 14202 15
0.11 14203 20
0.11 14204 25
0.11 14205 20
0.11 14206 20
0.11 14207 25
0.11 14208 20
0.11 14209 25
0.11 14210 25
0.11 14211 25
0.11 14212 25
0.11 14213 25
0.11 14214 25
0.11 14215 25
0.11 14216 20
0.11 14217 25
0.11 14218 25
0.11 14219 25
0.11 14220 25
0.11 14221 25
0.11 14222 25
0.11 14223 20
0.11 14224 25
0.11 14225 25
0.11 14226 25
0.11 14227 25
0.11 14228 25
0.11 14229 25
0.11 14230 15
0.11 14231 20
0.11 14232 25
0.11 14233 25
0.11 14234 20
0.11 14235 20
0.11 14236 25
0.11 14237 20
0.11 14238 25
0.11 14239 20
0.11 14240 20
0.11 14241 25
0.11 14242 25
0.11 14243 20
0.11 14244 25
0.11 14245 25
0.11 14246 25
0.11 14247 25
0.11 14248 25
0.11 14249 25
0.11 14250 20
0.11 14251 25
0.11 14252 20
0.11 14253 25
0.11 14254 25
0.11 14255 25
0.11 14256 25
0.11 14257 25
0.11 14258 20
0.11 14259 25
0.11 14260 25
0.11 14261 25
0.11 14262 20
0.11 14263 25
0.11 14264 20
0.11 14265 25
0.11 14266 20
0.11 14267 25
0.11 14268 20
0.11 14269 25
0.11 14270 25
0.11 14271 25
0.11 14272 25
0.11 14273 20
0.11 14274 25
0.11 14275 25
0.11 14276 25
0.11 14277 25
0.11 14278 20
0.11 14279 20
0.11 14280 25
0.11 14281 20
0.11 14282 20
0.11 14283 25
0.11 14284 25
0.11 14285 20
0.11 14286 20
0.11 14287 20
0.11 14288 25
0.11 14289 25
0.11 14290 25
0.11 14291 20
0.11 14292 25
0.11 14293 25
0.11 14294 25
0.11 14295 25
0.11 14296 25
0.11 14297 25
0.11 14298 25
0.11 14299 25
0.11 14300 25
0.11 14301 25
0.11 14302 25
0.11 14303 25
0.11 14304 25
0.11 14305 20
0.11 14306 25
0.11 14307 25
0.11 14308 20
0.11 14309 25
0.11 14310 25
0.11 14311 25
0.11 14312 25
0.11 14313 20
0.11 14314 25
0.11 14315 20
0.11 14316 25
0.11 14317 25
0.11 14318 25
0.11 14319 25
0.11 14320 25
0.11 14321 20
0.11 14322 25
0.11 14323 25
0.11 14324 20
0.11 14325 20
0.11 14326 25
0.11 14327 25
0.11 14328 25
0.11 14329 25
0.11 14330 20
0.11 14331 25
0.11 14332 25
0.11 14333 20
0.11 14334 25
0.11 14335 20
0.11 14336 25
0.11 14337 25
0.11 14338 25
0.11 14339 25
0.11 14340 25
0.11 14341 20
0.11 14342 20
0.11 14343 25
0.11 14344 25
0.11 14345 25
0.11 14346 20
0.11 14347 20
0.11 14348 20
0.11 14349 20
0.11 14350 20
0.11 14351 25
0.11 14352 20
0.11 14353 20
0.11 14354 25
0.11 14355 20
0.11 14356 20
0.11 14357 20
0.11 14358 25
0.11 14359 25
0.11 14360 25
0.11 14361 25
0.11 14362 25
0.11 14363 25
0.11 14364 20
0.11 14365 25
0.11 14366 25
0.11 14367 25
0.11 14368 25
0.11 14369 25
0.11 14370 20
0.11 14371 25
0.11 14372 25
0.11 14373 15
0.11 14374 20
0.11 14375 25
0.11 14376 25
0.11 14377 25
0.11 14378 25
0.11 14379 20
0.11 14380 25
0.11 14381 25
0.11 14382 25
0.11 14383 25
0.11 14384 20
0.11 14385 25
0.11 14386 25
0.11 14387 20
0.11 14388 25
0.11 14389 20
0.11 14390 20
0.11 14391 25
0.11 14392 25
0.11 14393 20
0.11 14394 20
0.11 14395 25
0.11 14396 25
0.11 14397 25
0.11 14398 20
0.11 14399 25
0.11 14400 15
0.11 14401 5
0.11 14402 10
0.11 14403 0
0.11 14404 0
0.11 14405 0
0.11 14406 0
0.11 14407 5
0.11 14408 10
0.11 14409 10
0.11 14410 0
0.11 14411 0
0.11 14412 5
0.11 14413 0
0.11 14414 5
0.11 14415 0
0.11 14416 0
0.11 14417 5
0.11 14418 10
0.11 14419 10
0.11 14420 10
0.11 14421 10
0.11 14422 10
0.11 14423 15
0.11 14424 20
0.11 14425 25
0.11 14426 20
0.11 14427 25
0.11 14428 20
0.11 14429 25
0.11 14430 20
0.11 14431 25
0.11 14432 25
0.11 14433 25
0.11 14434 25
0.11 14435 25
0.11 14436 20
0.11 14437 15
0.11 14438 20
0.11 14439 25
0.11 14440 25
0.11 14441 25
0.11 14442 25
0.11 14443 20
0.11 14444 20
0.11 14445 25
0.11 14446 20
0.11 14447 25
0.11 14448 20
0.11 14449 25
0.11 14450 20
0.11 14451 20
0.11 14452 20
0.11 14453 25
0.11 14454 20
0.11 14455 25
0.11 14456 25
0.11 14457 25
0.11 14458 25
0.11 14459 20
0.11 14460 25
0.11 14461 25
0.11 14462 25
0.11 14463 25
0.11 14464 25
0.11 14465 25
0.11 14466 20
0.11 14467 25
0.11 14468 25
0.11 14469 25
0.11 14470 15
0.11 14471 15
0.11 14472 20
0.11 14473 20
0.11 14474 25
0.11 14475 20
0.11 14476 20
0.11 14477 20
0.11 14478 20
0.11 14479 20
0.11 14480 25
0.11 14481 20
0.11 14482 25
0.11 14483 20
0.11 14484 20
0.11 14485 25
0.11 14486 25
0.11 14487 25
0.11 14488 20
0.11 14489 25
0.11 14490 25
0.11 14491 25
0.11 14492 20
0.11 14493 25
0.11 14494 25
0.11 14495 25
0.11 14496 25
0.11 14497 20
0.11 14498 20
0.11 14499 25
0.11 14500 25
0.11 14501 25
0.11 14502 15
0.11 14503 20
0.11 14504 20
0.11 14505 25
0.11 14506 25
0.11 14507 20
0.11 14508 25
0.11 14509 20
0.11 14510 20
0.11 14511 20
0.11 14512 25
0.11 14513 25
0.11 14514 20
0.11 14515 25
0.11 14516 25
0.11 14517 20
0.11 14518 25
0.11 14519 25
0.11 14520 25
0.11 14521 25
0.11 14522 25
0.11 14523 20
0.11 14524 25
0.11 14525 20
0.11 14526 20
0.11 14527 20
0.11 14528 25
0.11 14529 20
0.11 14530 20
0.11 14531 25
0.11 14532 20
0.11 14533 20
0.11 14534 25
0.11 14535 25
0.11 14536 20
0.11 14537 25
0.11 14538 25
0.11 14539 25
0.11 14540 25
0.11 14541 25
0.11 14542 25
0.11 14543 25
0.11 14544 20
0.11 14545 20
0.11 14546 25
0.11 14547 25
0.11 14548 20
0.11 14549 20
0.11 14550 25
0.11 14551 25
0.11 14552 20
0.11 14553 25
0.11 14554 20
0.11 14555 25
0.11 14556 20
0.11 14557 25
0.11 14558 20
0.11 14559 25
0.11 14560 25
0.11 14561 20
0.11 14562 20
0.11 14563 20
0.11 14564 20
0.11 14565 25
0.11 14566 25
0.11 14567 25
0.11 14568 20
0.11 14569 25
0.11 14570 25
0.11 14571 20
0.11 14572 25
0.11 14573 25
0.11 14574 25
0.11 14575 20
0.11 14576 25
0.11 14577 25
0.11 14578 25
0.11 14579 25
0.11 14580 25
0.11 14581 25
0.11 14582 20
0.11 14583 25
0.11 14584 20
0.11 14585 20
0.11 14586 25
0.11 14587 20
0.11 14588 25
0.11 14589 20
0.11 14590 20
0.11 14591 25
0.11 14592 20
0.11 14593 20
0.11 14594 25
0.11 14595 20
0.11 14596 25
0.11 14597 25
0.11 14598 20
0.11 14599 25
0.11 14600 25
0.11 14601 25
0.11 14602 20
0.11 14603 25
0.11 14604 25
0.11 14605 25
0.11 14606 20
0.11 14607 25
0.11 14608 20
0.11 14609 25
0.11 14610 20
0.11 14611 20
0.11 14612 20
0.11 14613 20
0.11 14614 20
0.11 14615 25
0.11 14616 20
0.11 14617 25
0.11 14618 25
0.11 14619 20
0.11 14620 25
0.11 14621 25
0.11 14622 25
0.11 14623 25
0.11 14624 20
0.11 14625 20
0.11 14626 25
0.11 14627 25
0.11 14628 25
0.11 14629 20
0.11 14630 25
0.11 14631 20
0.11 14632 25
0.11 14633 25
0.11 14634 20
0.11 14635 20
0.11 14636 25
0.11 14637 25
0.11 14638 20
0.11 14639 20
0.11 14640 20
0.11 14641 25
0.11 14642 20
0.11 14643 25
0.11 14644 25
0.11 14645 20
0.11 14646 25
0.11 14647 20
0.11 14648 25
0.11 14649 20
0.11 14650 25
0.11 14651 20
0.11 14652 25
0.11 14653 25
0.11 14654 25
0.11 14655 20
0.11 14656 20
0.11 14657 20
0.11 14658 25
0.11 14659 25
0.11 14660 25
0.11 14661 25
0.11 14662 25
0.11 14663 25
0.11 14664 25
0.11 14665 25
0.11 14666 25
0.11 14667 25
0.11 14668 25
0.11 14669 25
0.11 14670 25
0.11 14671 25
0.11 14672 20
0.11 14673 25
0.11 14674 20
0.11 14675 20
0.11 14676 25
0.11 14677 20
0.11 14678 20
0.11 14679 25
0.11 14680 25
0.11 14681 25
0.11 14682 25
0.11 14683 25
0.11 14684 25
0.11 14685 20
0.11 14686 25
0.11 14687 25
0.11 14688 20
0.11 14689 25
0.11 14690 25
0.11 14691 25
0.11 14692 20
0.11 14693 25
0.11 14694 25
0.11 14695 25
0.11 14696 25
0.11 14697 25
0.11 14698 25
0.11 14699 25
0.11 14700 25
0.11 14701 25
0.11 14702 25
0.11 14703 25
0.11 14704 20
0.11 14705 20
0.11 14706 25
0.11 14707 20
0.11 14708 20
0.11 14709 25
0.11 14710 25
0.11 14711 25
0.11 14712 20
0.11 14713 25
0.11 14714 20
0.11 14715 20
0.11 14716 25
0.11 14717 25
0.11 14718 20
0.11 14719 25
0.11 14720 25
0.11 14721 25
0.11 14722 25
0.11 14723 25
0.11 14724 25
0.11 14725 20
0.11 14726 25
0.11 14727 15
0.11 14728 15
0.11 14729 15
0.11 14730 20
0.11 14731 25
0.11 14732 25
0.11 14733 25
0.11 14734 25
0.11 14735 25
0.11 14736 25
0.11 14737 20
0.11 14738 20
0.11 14739 20
0.11 14740 25
0.11 14741 25
0.11 14742 25
0.11 14743 25
0.11 14744 25
0.11 14745 25
0.11 14746 25
0.11 14747 25
0.11 14748 25
0.11 14749 25
0.11 14750 25
0.11 14751 15
0.11 14752 15
0.11 14753 15
0.11 14754 20
0.11 14755 25
0.11 14756 25
0.11 14757 25
0.11 14758 25
0.11 14759 20
0.11 14760 25
0.11 14761 20
0.11 14762 25
0.11 14763 25
0.11 14764 25
0.11 14765 20
0.11 14766 20
0.11 14767 25
0.11 14768 25
0.11 14769 25
0.11 14770 20
0.11 14771 20
0.11 14772 20
0.11 14773 20
0.11 14774 25
0.11 14775 25
0.11 14776 25
0.11 14777 25
0.11 14778 20
0.11 14779 20
0.11 14780 20
0.11 14781 25
0.11 14782 20
0.11 14783 25
0.11 14784 25
0.11 14785 25
0.11 14786 20
0.11 14787 25
0.11 14788 25
0.11 14789 25
0.11 14790 25
0.11 14791 25
0.11 14792 25
0.11 14793 25
0.11 14794 25
0.11 14795 20
0.11 14796 20
0.11 14797 20
0.11 14798 25
0.11 14799 25
0.11 14800 25
0.11 14801 25
0.11 14802 25
0.11 14803 20
0.11 14804 25
0.11 14805 25
0.11 14806 25
0.11 14807 25
0.11 14808 20
0.11 14809 25
0.11 14810 25
0.11 14811 25
0.11 14812 25
0.11 14813 25
0.11 14814 25
0.11 14815 20
0.11 14816 25
0.11 14817 20
0.11 14818 15
0.11 14819 5
0.11 14820 0
0.11 14821 0
0.11 14822 0
0.11 14823 0
0.11 14824 5
0.11 14825 5
0.11 14826 5
0.11 14827 5
0.11 14828 10
0.11 14829 15
0.11 14830 20
0.11 14831 20
0.11 14832 25
0.11 14833 25
0.11 14834 25
0.11 14835 25
0.11 14836 20
0.11 14837 25
0.11 14838 25
0.11 14839 20
0.11 14840 15
0.11 14841 0
0.11 14842 5
0.11 14843 0
0.11 14844 0
0.11 14845 5
0.11 14846 0
0.11 14847 0
0.11 14848 5
0.11 14849 0
0.11 14850 0
0.11 14851 0
0.11 14852 0
0.11 14853 0
0.11 14854 0
0.11 14855 0
0.11 14856 0
0.11 14857 0
0.11 14858 5
0.11 14859 0
0.11 14860 0
0.11 14861 0
0.11 14862 0
0.11 14863 5
0.11 14864 5
0.11 14865 5
0.11 14866 5
0.11 14867 0
0.11 14868 5
0.11 14869 0
0.11 14870 0
0.11 14871 5
0.11 14872 0
0.11 14873 0
0.11 14874 5
0.11 14875 5
0.11 14876 5
0.11 14877 10
0.11 14878 5
0.11 14879 5
0.11 14880 10
0.11 14881 15
0.11 14882 15
0.11 14883 15
0.11 14884 15
0.11 14885 20
0.11 14886 20
0.11 14887 25
0.11 14888 20
0.11 14889 25
0.11 14890 25
0.11 14891 25
0.11 14892 20
0.11 14893 25
0.11 14894 25
0.11 14895 20
0.11 14896 25
0.11 14897 20
0.11 14898 25
0.11 14899 20
0.11 14900 20
0.11 14901 25
0.11 14902 25
0.11 14903 15
0.11 14904 20
0.11 14905 25
0.11 14906 25
0.11 14907 25
0.11 14908 25
0.11 14909 20
0.11 14910 20
0.11 14911 25
0.11 14912 20
0.11 14913 20
0.11 14914 25
0.11 14915 25
0.11 14916 25
0.11 14917 20
0.11 14918 25
0.11 14919 20
0.11 14920 20
0.11 14921 20
0.11 14922 25
0.11 14923 20
0.11 14924 25
0.11 14925 25
0.11 14926 20
0.11 14927 25
0.11 14928 25
0.11 14929 25
0.11 14930 25
0.11 14931 20
0.11 14932 25
0.11 14933 25
0.11 14934 20
0.11 14935 25
0.11 14936 20
0.11 14937 25
0.11 14938 25
0.11 14939 25
0.11 14940 25
0.11 14941 25
0.11 14942 25
0.11 14943 25
0.11 14944 25
0.11 14945 25
0.11 14946 25
0.11 14947 25
0.11 14948 25
0.11 14949 20
0.11 14950 25
0.11 14951 20
0.11 14952 25
0.11 14953 25
0.11 14954 25
0.11 14955 15
0.11 14956 20
0.11 14957 25
0.11 14958 15
0.11 14959 20
0.11 14960 20
0.11 14961 25
0.11 14962 25
0.11 14963 25
0.11 14964 25
0.11 14965 20
0.11 14966 20
0.11 14967 25
0.11 14968 25
0.11 14969 20
0.11 14970 20
0.11 14971 20
0.11 14972 25
0.11 14973 25
0.11 14974 25
0.11 14975 20
0.11 14976 25
0.11 14977 25
0.11 14978 25
0.11 14979 20
0.11 14980 25
0.11 14981 25
0.11 14982 20
0.11 14983 10
0.11 14984 15
0.11 14985 20
0.11 14986 10
0.11 14987 15
0.11 14988 20
0.11 14989 25
0.11 14990 25
0.11 14991 20
0.11 14992 15
0.11 14993 15
0.11 14994 20
0.11 14995 25
0.11 14996 20
0.11 14997 25
0.11 14998 25
0.11 14999 20
