0.3 10001 0
0.3 10002 0
0.3 10003 0
0.3 10004 0
0.3 10005 5
0.3 10006 10
0.3 10007 0
0.3 10008 5
0.3 10009 5
0.3 10010 10
0.3 10011 0
0.3 10012 5
0.3 10013 10
0.3 10014 10
0.3 10015 0
0.3 10016 0
0.3 10017 5
0.3 10018 10
0.3 10019 5
0.3 10020 0
0.3 10021 0
0.3 10022 5
0.3 10023 10
0.3 10024 5
0.3 10025 10
0.3 10026 15
0.3 10027 15
0.3 10028 20
0.3 10029 20
0.3 10030 20
0.3 10031 25
0.3 10032 20
0.3 10033 20
0.3 10034 10
0.3 10035 0
0.3 10036 0
0.3 10037 0
0.3 10038 0
0.3 10039 5
0.3 10040 0
0.3 10041 5
0.3 10042 10
0.3 10043 0
0.3 10044 0
0.3 10045 0
0.3 10046 5
0.3 10047 5
0.3 10048 5
0.3 10049 5
0.3 10050 5
0.3 10051 10
0.3 10052 10
0.3 10053 0
0.3 10054 5
0.3 10055 0
0.3 10056 0
0.3 10057 0
0.3 10058 0
0.3 10059 0
0.3 10060 0
0.3 10061 0
0.3 10062 0
0.3 10063 0
0.3 10064 0
0.3 10065 0
0.3 10066 5
0.3 10067 0
0.3 10068 0
0.3 10069 0
0.3 10070 5
0.3 10071 10
0.3 10072 5
0.3 10073 0
0.3 10074 0
0.3 10075 5
0.3 10076 10
0.3 10077 0
0.3 10078 0
0.3 10079 0
0.3 10080 5
0.3 10081 0
0.3 10082 5
0.3 10083 0
0.3 10084 0
0.3 10085 5
0.3 10086 0
0.3 10087 0
0.3 10088 5
0.3 10089 0
0.3 10090 0
0.3 10091 0
0.3 10092 0
0.3 10093 5
0.3 10094 0
0.3 10095 0
0.3 10096 5
0.3 10097 10
0.3 10098 10
0.3 10099 0
0.3 10100 0
0.3 10101 5
0.3 10102 0
0.3 10103 5
0.3 10104 0
0.3 10105 5
0.3 10106 0
0.3 10107 5
0.3 10108 5
0.3 10109 10
0.3 10110 15
0.3 10111 10
0.3 10112 15
0.3 10113 20
0.3 10114 25
0.3 10115 20
0.3 10116 25
0.3 10117 20
0.3 10118 20
0.3 10119 25
0.3 10120 25
0.3 10121 20
0.3 10122 25
0.3 10123 25
0.3 10124 20
0.3 10125 20
0.3 10126 25
0.3 10127 20
0.3 10128 15
0.3 10129 15
0.3 10130 20
0.3 10131 25
0.3 10132 25
0.3 10133 25
0.3 10134 25
0.3 10135 25
0.3 10136 25
0.3 10137 25
0.3 10138 25
0.3 10139 25
0.3 10140 20
0.3 10141 20
0.3 10142 20
0.3 10143 20
0.3 10144 25
0.3 10145 25
0.3 10146 20
0.3 10147 5
0.3 10148 5
0.3 10149 5
0.3 10150 0
0.3 10151 0
0.3 10152 0
0.3 10153 0
0.3 10154 0
0.3 10155 5
0.3 10156 5
0.3 10157 5
0.3 10158 10
0.3 10159 0
0.3 10160 5
0.3 10161 0
0.3 10162 0
0.3 10163 5
0.3 10164 10
0.3 10165 0
0.3 10166 0
0.3 10167 0
0.3 10168 0
0.3 10169 0
0.3 10170 0
0.3 10171 0
0.3 10172 0
0.3 10173 0
0.3 10174 0
0.3 10175 0
0.3 10176 0
0.3 10177 0
0.3 10178 0
0.3 10179 0
0.3 10180 5
0.3 10181 10
0.3 10182 5
0.3 10183 0
0.3 10184 0
0.3 10185 0
0.3 10186 0
0.3 10187 5
0.3 10188 10
0.3 10189 15
0.3 10190 15
0.3 10191 10
0.3 10192 15
0.3 10193 20
0.3 10194 20
0.3 10195 20
0.3 10196 15
0.3 10197 15
0.3 10198 20
0.3 10199 10
0.3 10200 5
0.3 10201 0
0.3 10202 0
0.3 10203 5
0.3 10204 5
0.3 10205 0
0.3 10206 5
0.3 10207 10
0.3 10208 0
0.3 10209 0
0.3 10210 5
0.3 10211 0
0.3 10212 0
0.3 10213 0
0.3 10214 0
0.3 10215 5
0.3 10216 0
0.3 10217 0
0.3 10218 0
0.3 10219 0
0.3 10220 0
0.3 10221 0
0.3 10222 0
0.3 10223 0
0.3 10224 5
0.3 10225 0
0.3 10226 0
0.3 10227 5
0.3 10228 10
0.3 10229 10
0.3 10230 0
0.3 10231 0
0.3 10232 5
0.3 10233 0
0.3 10234 0
0.3 10235 0
0.3 10236 5
0.3 10237 0
0.3 10238 0
0.3 10239 5
0.3 10240 0
0.3 10241 0
0.3 10242 0
0.3 10243 5
0.3 10244 5
0.3 10245 5
0.3 10246 0
0.3 10247 0
0.3 10248 0
0.3 10249 0
0.3 10250 5
0.3 10251 5
0.3 10252 5
0.3 10253 5
0.3 10254 5
0.3 10255 10
0.3 10256 10
0.3 10257 10
0.3 10258 15
0.3 10259 20
0.3 10260 25
0.3 10261 25
0.3 10262 25
0.3 10263 25
0.3 10264 25
0.3 10265 20
0.3 10266 25
0.3 10267 25
0.3 10268 25
0.3 10269 20
0.3 10270 20
0.3 10271 20
0.3 10272 25
0.3 10273 20
0.3 10274 25
0.3 10275 25
0.3 10276 5
0.3 10277 0
0.3 10278 0
0.3 10279 0
0.3 10280 0
0.3 10281 0
0.3 10282 0
0.3 10283 0
0.3 10284 5
0.3 10285 10
0.3 10286 0
0.3 10287 0
0.3 10288 0
0.3 10289 5
0.3 10290 10
0.3 10291 0
0.3 10292 5
0.3 10293 5
0.3 10294 10
0.3 10295 0
0.3 10296 5
0.3 10297 0
0.3 10298 0
0.3 10299 5
0.3 10300 0
0.3 10301 5
0.3 10302 0
0.3 10303 5
0.3 10304 10
0.3 10305 10
0.3 10306 15
0.3 10307 15
0.3 10308 10
0.3 10309 0
0.3 10310 0
0.3 10311 0
0.3 10312 0
0.3 10313 5
0.3 10314 0
0.3 10315 5
0.3 10316 0
0.3 10317 0
0.3 10318 0
0.3 10319 5
0.3 10320 0
0.3 10321 5
0.3 10322 0
0.3 10323 0
0.3 10324 0
0.3 10325 0
0.3 10326 0
0.3 10327 0
0.3 10328 0
0.3 10329 0
0.3 10330 5
0.3 10331 0
0.3 10332 0
0.3 10333 5
0.3 10334 0
0.3 10335 0
0.3 10336 0
0.3 10337 5
0.3 10338 0
0.3 10339 0
0.3 10340 5
0.3 10341 0
0.3 10342 0
0.3 10343 0
0.3 10344 0
0.3 10345 0
0.3 10346 5
0.3 10347 0
0.3 10348 5
0.3 10349 5
0.3 10350 0
0.3 10351 0
0.3 10352 0
0.3 10353 0
0.3 10354 0
0.3 10355 0
0.3 10356 5
0.3 10357 0
0.3 10358 0
0.3 10359 5
0.3 10360 0
0.3 10361 0
0.3 10362 5
0.3 10363 5
0.3 10364 10
0.3 10365 10
0.3 10366 15
0.3 10367 15
0.3 10368 20
0.3 10369 15
0.3 10370 5
0.3 10371 5
0.3 10372 0
0.3 10373 5
0.3 10374 0
0.3 10375 0
0.3 10376 0
0.3 10377 5
0.3 10378 5
0.3 10379 10
0.3 10380 10
0.3 10381 10
0.3 10382 5
0.3 10383 5
0.3 10384 10
0.3 10385 15
0.3 10386 15
0.3 10387 15
0.3 10388 20
0.3 10389 25
0.3 10390 25
0.3 10391 10
0.3 10392 5
0.3 10393 0
0.3 10394 0
0.3 10395 5
0.3 10396 5
0.3 10397 10
0.3 10398 10
0.3 10399 15
0.3 10400 10
0.3 10401 15
0.3 10402 20
0.3 10403 25
0.3 10404 25
0.3 10405 15
0.3 10406 0
0.3 10407 0
0.3 10408 5
0.3 10409 0
0.3 10410 5
0.3 10411 5
0.3 10412 0
0.3 10413 0
0.3 10414 5
0.3 10415 0
0.3 10416 5
0.3 10417 0
0.3 10418 0
0.3 10419 0
0.3 10420 5
0.3 10421 0
0.3 10422 5
0.3 10423 0
0.3 10424 5
0.3 10425 0
0.3 10426 5
0.3 10427 0
0.3 10428 0
0.3 10429 0
0.3 10430 0
0.3 10431 0
0.3 10432 0
0.3 10433 5
0.3 10434 0
0.3 10435 0
0.3 10436 5
0.3 10437 10
0.3 10438 15
0.3 10439 20
0.3 10440 15
0.3 10441 10
0.3 10442 0
0.3 10443 0
0.3 10444 0
0.3 10445 0
0.3 10446 0
0.3 10447 5
0.3 10448 5
0.3 10449 10
0.3 10450 15
0.3 10451 20
0.3 10452 0
0.3 10453 0
0.3 10454 5
0.3 10455 5
0.3 10456 0
0.3 10457 0
0.3 10458 5
0.3 10459 5
0.3 10460 5
0.3 10461 10
0.3 10462 15
0.3 10463 5
0.3 10464 5
0.3 10465 0
0.3 10466 0
0.3 10467 0
0.3 10468 0
0.3 10469 0
0.3 10470 0
0.3 10471 0
0.3 10472 0
0.3 10473 0
0.3 10474 5
0.3 10475 10
0.3 10476 15
0.3 10477 20
0.3 10478 20
0.3 10479 0
0.3 10480 0
0.3 10481 5
0.3 10482 10
0.3 10483 15
0.3 10484 10
0.3 10485 5
0.3 10486 0
0.3 10487 0
0.3 10488 5
0.3 10489 0
0.3 10490 0
0.3 10491 5
0.3 10492 5
0.3 10493 10
0.3 10494 5
0.3 10495 0
0.3 10496 0
0.3 10497 0
0.3 10498 5
0.3 10499 10
0.3 10500 10
0.3 10501 15
0.3 10502 20
0.3 10503 25
0.3 10504 20
0.3 10505 10
0.3 10506 5
0.3 10507 0
0.3 10508 0
0.3 10509 0
0.3 10510 0
0.3 10511 0
0.3 10512 5
0.3 10513 0
0.3 10514 0
0.3 10515 0
0.3 10516 0
0.3 10517 0
0.3 10518 0
0.3 10519 0
0.3 10520 5
0.3 10521 5
0.3 10522 5
0.3 10523 10
0.3 10524 15
0.3 10525 5
0.3 10526 5
0.3 10527 0
0.3 10528 0
0.3 10529 0
0.3 10530 5
0.3 10531 0
0.3 10532 0
0.3 10533 0
0.3 10534 0
0.3 10535 0
0.3 10536 0
0.3 10537 0
0.3 10538 0
0.3 10539 5
0.3 10540 0
0.3 10541 0
0.3 10542 0
0.3 10543 0
0.3 10544 0
0.3 10545 5
0.3 10546 5
0.3 10547 5
0.3 10548 10
0.3 10549 15
0.3 10550 0
0.3 10551 0
0.3 10552 0
0.3 10553 0
0.3 10554 0
0.3 10555 0
0.3 10556 0
0.3 10557 0
0.3 10558 0
0.3 10559 0
0.3 10560 5
0.3 10561 0
0.3 10562 0
0.3 10563 0
0.3 10564 5
0.3 10565 0
0.3 10566 0
0.3 10567 0
0.3 10568 0
0.3 10569 0
0.3 10570 0
0.3 10571 5
0.3 10572 5
0.3 10573 0
0.3 10574 0
0.3 10575 5
0.3 10576 0
0.3 10577 0
0.3 10578 0
0.3 10579 0
0.3 10580 0
0.3 10581 5
0.3 10582 0
0.3 10583 0
0.3 10584 0
0.3 10585 0
0.3 10586 5
0.3 10587 5
0.3 10588 5
0.3 10589 10
0.3 10590 10
0.3 10591 15
0.3 10592 20
0.3 10593 25
0.3 10594 20
0.3 10595 10
0.3 10596 10
0.3 10597 5
0.3 10598 0
0.3 10599 0
0.3 10600 5
0.3 10601 5
0.3 10602 5
0.3 10603 10
0.3 10604 10
0.3 10605 10
0.3 10606 10
0.3 10607 10
0.3 10608 15
0.3 10609 15
0.3 10610 15
0.3 10611 15
0.3 10612 20
0.3 10613 25
0.3 10614 20
0.3 10615 25
0.3 10616 5
0.3 10617 0
0.3 10618 0
0.3 10619 0
0.3 10620 0
0.3 10621 0
0.3 10622 0
0.3 10623 0
0.3 10624 5
0.3 10625 10
0.3 10626 15
0.3 10627 20
0.3 10628 15
0.3 10629 15
0.3 10630 20
0.3 10631 25
0.3 10632 25
0.3 10633 25
0.3 10634 25
0.3 10635 25
0.3 10636 20
0.3 10637 25
0.3 10638 20
0.3 10639 20
0.3 10640 25
0.3 10641 25
0.3 10642 20
0.3 10643 20
0.3 10644 25
0.3 10645 25
0.3 10646 25
0.3 10647 25
0.3 10648 25
0.3 10649 25
0.3 10650 0
0.3 10651 0
0.3 10652 0
0.3 10653 0
0.3 10654 0
0.3 10655 0
0.3 10656 0
0.3 10657 5
0.3 10658 0
0.3 10659 0
0.3 10660 0
0.3 10661 0
0.3 10662 0
0.3 10663 0
0.3 10664 5
0.3 10665 10
0.3 10666 5
0.3 10667 0
0.3 10668 5
0.3 10669 0
0.3 10670 0
0.3 10671 5
0.3 10672 0
0.3 10673 0
0.3 10674 0
0.3 10675 0
0.3 10676 5
0.3 10677 0
0.3 10678 5
0.3 10679 5
0.3 10680 0
0.3 10681 0
0.3 10682 5
0.3 10683 0
0.3 10684 5
0.3 10685 0
0.3 10686 5
0.3 10687 0
0.3 10688 0
0.3 10689 0
0.3 10690 5
0.3 10691 0
0.3 10692 0
0.3 10693 0
0.3 10694 5
0.3 10695 0
0.3 10696 0
0.3 10697 5
0.3 10698 0
0.3 10699 0
0.3 10700 0
0.3 10701 0
0.3 10702 0
0.3 10703 5
0.3 10704 10
0.3 10705 5
0.3 10706 5
0.3 10707 0
0.3 10708 0
0.3 10709 0
0.3 10710 5
0.3 10711 0
0.3 10712 0
0.3 10713 0
0.3 10714 0
0.3 10715 0
0.3 10716 5
0.3 10717 0
0.3 10718 0
0.3 10719 5
0.3 10720 10
0.3 10721 10
0.3 10722 0
0.3 10723 5
0.3 10724 0
0.3 10725 0
0.3 10726 0
0.3 10727 0
0.3 10728 5
0.3 10729 5
0.3 10730 5
0.3 10731 0
0.3 10732 0
0.3 10733 0
0.3 10734 0
0.3 10735 0
0.3 10736 0
0.3 10737 5
0.3 10738 0
0.3 10739 5
0.3 10740 5
0.3 10741 0
0.3 10742 0
0.3 10743 0
0.3 10744 0
0.3 10745 0
0.3 10746 0
0.3 10747 0
0.3 10748 5
0.3 10749 0
0.3 10750 0
0.3 10751 0
0.3 10752 0
0.3 10753 0
0.3 10754 0
0.3 10755 0
0.3 10756 0
0.3 10757 5
0.3 10758 10
0.3 10759 15
0.3 10760 20
0.3 10761 0
0.3 10762 0
0.3 10763 5
0.3 10764 5
0.3 10765 5
0.3 10766 0
0.3 10767 0
0.3 10768 0
0.3 10769 5
0.3 10770 5
0.3 10771 0
0.3 10772 0
0.3 10773 5
0.3 10774 10
0.3 10775 15
0.3 10776 20
0.3 10777 25
0.3 10778 25
0.3 10779 20
0.3 10780 20
0.3 10781 5
0.3 10782 5
0.3 10783 10
0.3 10784 0
0.3 10785 0
0.3 10786 0
0.3 10787 0
0.3 10788 0
0.3 10789 0
0.3 10790 0
0.3 10791 0
0.3 10792 0
0.3 10793 5
0.3 10794 0
0.3 10795 0
0.3 10796 0
0.3 10797 5
0.3 10798 10
0.3 10799 5
0.3 10800 0
0.3 10801 5
0.3 10802 0
0.3 10803 5
0.3 10804 5
0.3 10805 10
0.3 10806 15
0.3 10807 15
0.3 10808 20
0.3 10809 20
0.3 10810 20
0.3 10811 25
0.3 10812 20
0.3 10813 20
0.3 10814 20
0.3 10815 25
0.3 10816 25
0.3 10817 20
0.3 10818 20
0.3 10819 25
0.3 10820 25
0.3 10821 20
0.3 10822 25
0.3 10823 25
0.3 10824 25
0.3 10825 25
0.3 10826 25
0.3 10827 20
0.3 10828 25
0.3 10829 20
0.3 10830 20
0.3 10831 20
0.3 10832 0
0.3 10833 0
0.3 10834 0
0.3 10835 0
0.3 10836 0
0.3 10837 0
0.3 10838 5
0.3 10839 0
0.3 10840 0
0.3 10841 0
0.3 10842 0
0.3 10843 5
0.3 10844 0
0.3 10845 0
0.3 10846 5
0.3 10847 5
0.3 10848 5
0.3 10849 0
0.3 10850 0
0.3 10851 5
0.3 10852 0
0.3 10853 5
0.3 10854 5
0.3 10855 10
0.3 10856 15
0.3 10857 5
0.3 10858 0
0.3 10859 0
0.3 10860 0
0.3 10861 0
0.3 10862 0
0.3 10863 0
0.3 10864 0
0.3 10865 0
0.3 10866 0
0.3 10867 0
0.3 10868 0
0.3 10869 0
0.3 10870 5
0.3 10871 10
0.3 10872 10
0.3 10873 0
0.3 10874 5
0.3 10875 0
0.3 10876 0
0.3 10877 0
0.3 10878 0
0.3 10879 0
0.3 10880 0
0.3 10881 5
0.3 10882 0
0.3 10883 0
0.3 10884 5
0.3 10885 10
0.3 10886 0
0.3 10887 0
0.3 10888 0
0.3 10889 0
0.3 10890 0
0.3 10891 0
0.3 10892 5
0.3 10893 0
0.3 10894 0
0.3 10895 0
0.3 10896 5
0.3 10897 5
0.3 10898 0
0.3 10899 0
0.3 10900 0
0.3 10901 0
0.3 10902 5
0.3 10903 10
0.3 10904 10
0.3 10905 10
0.3 10906 15
0.3 10907 15
0.3 10908 20
0.3 10909 25
0.3 10910 25
0.3 10911 20
0.3 10912 20
0.3 10913 25
0.3 10914 20
0.3 10915 25
0.3 10916 25
0.3 10917 25
0.3 10918 25
0.3 10919 20
0.3 10920 20
0.3 10921 25
0.3 10922 25
0.3 10923 25
0.3 10924 25
0.3 10925 20
0.3 10926 20
0.3 10927 25
0.3 10928 25
0.3 10929 25
0.3 10930 20
0.3 10931 25
0.3 10932 25
0.3 10933 25
0.3 10934 20
0.3 10935 25
0.3 10936 25
0.3 10937 25
0.3 10938 20
0.3 10939 5
0.3 10940 0
0.3 10941 0
0.3 10942 5
0.3 10943 10
0.3 10944 10
0.3 10945 15
0.3 10946 20
0.3 10947 15
0.3 10948 15
0.3 10949 20
0.3 10950 25
0.3 10951 25
0.3 10952 25
0.3 10953 20
0.3 10954 25
0.3 10955 0
0.3 10956 0
0.3 10957 5
0.3 10958 10
0.3 10959 0
0.3 10960 0
0.3 10961 0
0.3 10962 0
0.3 10963 0
0.3 10964 0
0.3 10965 0
0.3 10966 0
0.3 10967 0
0.3 10968 0
0.3 10969 0
0.3 10970 0
0.3 10971 0
0.3 10972 5
0.3 10973 5
0.3 10974 5
0.3 10975 10
0.3 10976 0
0.3 10977 5
0.3 10978 0
0.3 10979 0
0.3 10980 0
0.3 10981 5
0.3 10982 0
0.3 10983 5
0.3 10984 5
0.3 10985 10
0.3 10986 10
0.3 10987 0
0.3 10988 5
0.3 10989 10
0.3 10990 0
0.3 10991 0
0.3 10992 5
0.3 10993 0
0.3 10994 0
0.3 10995 5
0.3 10996 0
0.3 10997 0
0.3 10998 0
0.3 10999 0
0.3 11000 0
0.3 11001 0
0.3 11002 0
0.3 11003 5
0.3 11004 5
0.3 11005 0
0.3 11006 5
0.3 11007 0
0.3 11008 5
0.3 11009 10
0.3 11010 0
0.3 11011 5
0.3 11012 0
0.3 11013 0
0.3 11014 0
0.3 11015 0
0.3 11016 5
0.3 11017 0
0.3 11018 5
0.3 11019 10
0.3 11020 15
0.3 11021 20
0.3 11022 25
0.3 11023 20
0.3 11024 25
0.3 11025 20
0.3 11026 25
0.3 11027 20
0.3 11028 25
0.3 11029 25
0.3 11030 5
0.3 11031 0
0.3 11032 5
0.3 11033 0
0.3 11034 5
0.3 11035 5
0.3 11036 0
0.3 11037 5
0.3 11038 10
0.3 11039 15
0.3 11040 15
0.3 11041 15
0.3 11042 5
0.3 11043 10
0.3 11044 5
0.3 11045 10
0.3 11046 15
0.3 11047 15
0.3 11048 20
0.3 11049 25
0.3 11050 25
0.3 11051 10
0.3 11052 0
0.3 11053 0
0.3 11054 0
0.3 11055 5
0.3 11056 0
0.3 11057 0
0.3 11058 0
0.3 11059 0
0.3 11060 0
0.3 11061 0
0.3 11062 0
0.3 11063 0
0.3 11064 0
0.3 11065 0
0.3 11066 0
0.3 11067 0
0.3 11068 0
0.3 11069 5
0.3 11070 5
0.3 11071 10
0.3 11072 0
0.3 11073 0
0.3 11074 5
0.3 11075 5
0.3 11076 5
0.3 11077 0
0.3 11078 5
0.3 11079 0
0.3 11080 5
0.3 11081 10
0.3 11082 15
0.3 11083 15
0.3 11084 20
0.3 11085 25
0.3 11086 10
0.3 11087 0
0.3 11088 0
0.3 11089 5
0.3 11090 0
0.3 11091 0
0.3 11092 0
0.3 11093 5
0.3 11094 5
0.3 11095 0
0.3 11096 0
0.3 11097 0
0.3 11098 0
0.3 11099 0
0.3 11100 0
0.3 11101 5
0.3 11102 10
0.3 11103 10
0.3 11104 5
0.3 11105 0
0.3 11106 5
0.3 11107 10
0.3 11108 15
0.3 11109 15
0.3 11110 15
0.3 11111 0
0.3 11112 0
0.3 11113 5
0.3 11114 0
0.3 11115 0
0.3 11116 5
0.3 11117 0
0.3 11118 0
0.3 11119 0
0.3 11120 0
0.3 11121 0
0.3 11122 0
0.3 11123 5
0.3 11124 0
0.3 11125 0
0.3 11126 5
0.3 11127 0
0.3 11128 5
0.3 11129 0
0.3 11130 0
0.3 11131 0
0.3 11132 0
0.3 11133 0
0.3 11134 0
0.3 11135 5
0.3 11136 0
0.3 11137 0
0.3 11138 0
0.3 11139 5
0.3 11140 5
0.3 11141 10
0.3 11142 10
0.3 11143 10
0.3 11144 10
0.3 11145 5
0.3 11146 5
0.3 11147 10
0.3 11148 10
0.3 11149 10
0.3 11150 10
0.3 11151 5
0.3 11152 5
0.3 11153 10
0.3 11154 15
0.3 11155 20
0.3 11156 25
0.3 11157 20
0.3 11158 25
0.3 11159 15
0.3 11160 0
0.3 11161 0
0.3 11162 0
0.3 11163 0
0.3 11164 0
0.3 11165 5
0.3 11166 0
0.3 11167 0
0.3 11168 0
0.3 11169 0
0.3 11170 5
0.3 11171 5
0.3 11172 10
0.3 11173 10
0.3 11174 15
0.3 11175 20
0.3 11176 25
0.3 11177 25
0.3 11178 20
0.3 11179 5
0.3 11180 0
0.3 11181 0
0.3 11182 5
0.3 11183 10
0.3 11184 5
0.3 11185 0
0.3 11186 0
0.3 11187 0
0.3 11188 0
0.3 11189 0
0.3 11190 5
0.3 11191 5
0.3 11192 0
0.3 11193 0
0.3 11194 0
0.3 11195 0
0.3 11196 0
0.3 11197 0
0.3 11198 5
0.3 11199 0
0.3 11200 0
0.3 11201 0
0.3 11202 0
0.3 11203 5
0.3 11204 5
0.3 11205 5
0.3 11206 5
0.3 11207 0
0.3 11208 0
0.3 11209 5
0.3 11210 0
0.3 11211 0
0.3 11212 0
0.3 11213 5
0.3 11214 5
0.3 11215 10
0.3 11216 0
0.3 11217 0
0.3 11218 0
0.3 11219 0
0.3 11220 5
0.3 11221 10
0.3 11222 0
0.3 11223 5
0.3 11224 5
0.3 11225 10
0.3 11226 0
0.3 11227 0
0.3 11228 5
0.3 11229 10
0.3 11230 10
0.3 11231 10
0.3 11232 15
0.3 11233 15
0.3 11234 20
0.3 11235 25
0.3 11236 20
0.3 11237 20
0.3 11238 25
0.3 11239 10
0.3 11240 0
0.3 11241 0
0.3 11242 0
0.3 11243 0
0.3 11244 5
0.3 11245 0
0.3 11246 5
0.3 11247 5
0.3 11248 0
0.3 11249 5
0.3 11250 10
0.3 11251 10
0.3 11252 10
0.3 11253 5
0.3 11254 0
0.3 11255 0
0.3 11256 5
0.3 11257 5
0.3 11258 10
0.3 11259 15
0.3 11260 20
0.3 11261 25
0.3 11262 20
0.3 11263 15
0.3 11264 20
0.3 11265 20
0.3 11266 20
0.3 11267 25
0.3 11268 20
0.3 11269 25
0.3 11270 20
0.3 11271 25
0.3 11272 25
0.3 11273 25
0.3 11274 25
0.3 11275 25
0.3 11276 25
0.3 11277 0
0.3 11278 0
0.3 11279 5
0.3 11280 5
0.3 11281 5
0.3 11282 10
0.3 11283 15
0.3 11284 15
0.3 11285 15
0.3 11286 20
0.3 11287 20
0.3 11288 25
0.3 11289 20
0.3 11290 20
0.3 11291 25
0.3 11292 25
0.3 11293 25
0.3 11294 25
0.3 11295 0
0.3 11296 5
0.3 11297 0
0.3 11298 5
0.3 11299 10
0.3 11300 0
0.3 11301 0
0.3 11302 0
0.3 11303 5
0.3 11304 0
0.3 11305 0
0.3 11306 0
0.3 11307 5
0.3 11308 5
0.3 11309 0
0.3 11310 5
0.3 11311 0
0.3 11312 0
0.3 11313 0
0.3 11314 5
0.3 11315 5
0.3 11316 10
0.3 11317 0
0.3 11318 0
0.3 11319 0
0.3 11320 0
0.3 11321 0
0.3 11322 0
0.3 11323 0
0.3 11324 0
0.3 11325 0
0.3 11326 0
0.3 11327 0
0.3 11328 5
0.3 11329 0
0.3 11330 0
0.3 11331 0
0.3 11332 5
0.3 11333 10
0.3 11334 15
0.3 11335 15
0.3 11336 5
0.3 11337 5
0.3 11338 0
0.3 11339 0
0.3 11340 0
0.3 11341 0
0.3 11342 0
0.3 11343 0
0.3 11344 0
0.3 11345 0
0.3 11346 0
0.3 11347 0
0.3 11348 0
0.3 11349 0
0.3 11350 0
0.3 11351 0
0.3 11352 0
0.3 11353 0
0.3 11354 5
0.3 11355 5
0.3 11356 0
0.3 11357 0
0.3 11358 5
0.3 11359 0
0.3 11360 5
0.3 11361 0
0.3 11362 5
0.3 11363 10
0.3 11364 15
0.3 11365 20
0.3 11366 20
0.3 11367 15
0.3 11368 15
0.3 11369 15
0.3 11370 15
0.3 11371 0
0.3 11372 0
0.3 11373 5
0.3 11374 10
0.3 11375 10
0.3 11376 5
0.3 11377 5
0.3 11378 0
0.3 11379 0
0.3 11380 5
0.3 11381 10
0.3 11382 15
0.3 11383 20
0.3 11384 25
0.3 11385 5
0.3 11386 5
0.3 11387 0
0.3 11388 0
0.3 11389 0
0.3 11390 0
0.3 11391 0
0.3 11392 0
0.3 11393 0
0.3 11394 0
0.3 11395 0
0.3 11396 0
0.3 11397 0
0.3 11398 5
0.3 11399 0
0.3 11400 0
0.3 11401 0
0.3 11402 0
0.3 11403 0
0.3 11404 5
0.3 11405 0
0.3 11406 0
0.3 11407 5
0.3 11408 0
0.3 11409 5
0.3 11410 5
0.3 11411 0
0.3 11412 0
0.3 11413 0
0.3 11414 0
0.3 11415 0
0.3 11416 0
0.3 11417 0
0.3 11418 5
0.3 11419 5
0.3 11420 5
0.3 11421 5
0.3 11422 10
0.3 11423 15
0.3 11424 15
0.3 11425 20
0.3 11426 25
0.3 11427 25
0.3 11428 25
0.3 11429 25
0.3 11430 25
0.3 11431 20
0.3 11432 25
0.3 11433 25
0.3 11434 25
0.3 11435 20
0.3 11436 15
0.3 11437 5
0.3 11438 10
0.3 11439 10
0.3 11440 15
0.3 11441 15
0.3 11442 15
0.3 11443 15
0.3 11444 15
0.3 11445 15
0.3 11446 20
0.3 11447 20
0.3 11448 10
0.3 11449 0
0.3 11450 0
0.3 11451 0
0.3 11452 5
0.3 11453 5
0.3 11454 0
0.3 11455 0
0.3 11456 0
0.3 11457 0
0.3 11458 5
0.3 11459 5
0.3 11460 0
0.3 11461 0
0.3 11462 0
0.3 11463 0
0.3 11464 5
0.3 11465 10
0.3 11466 5
0.3 11467 0
0.3 11468 5
0.3 11469 0
0.3 11470 0
0.3 11471 5
0.3 11472 5
0.3 11473 0
0.3 11474 0
0.3 11475 5
0.3 11476 5
0.3 11477 0
0.3 11478 5
0.3 11479 5
0.3 11480 5
0.3 11481 10
0.3 11482 10
0.3 11483 15
0.3 11484 20
0.3 11485 25
0.3 11486 25
0.3 11487 25
0.3 11488 25
0.3 11489 25
0.3 11490 25
0.3 11491 20
0.3 11492 25
0.3 11493 10
0.3 11494 0
0.3 11495 0
0.3 11496 0
0.3 11497 0
0.3 11498 0
0.3 11499 0
0.3 11500 0
0.3 11501 0
0.3 11502 5
0.3 11503 5
0.3 11504 5
0.3 11505 5
0.3 11506 0
0.3 11507 0
0.3 11508 0
0.3 11509 0
0.3 11510 0
0.3 11511 0
0.3 11512 0
0.3 11513 0
0.3 11514 5
0.3 11515 5
0.3 11516 10
0.3 11517 5
0.3 11518 0
0.3 11519 0
0.3 11520 5
0.3 11521 10
0.3 11522 0
0.3 11523 5
0.3 11524 5
0.3 11525 0
0.3 11526 5
0.3 11527 5
0.3 11528 0
0.3 11529 0
0.3 11530 0
0.3 11531 0
0.3 11532 5
0.3 11533 5
0.3 11534 0
0.3 11535 5
0.3 11536 5
0.3 11537 0
0.3 11538 0
0.3 11539 0
0.3 11540 0
0.3 11541 0
0.3 11542 0
0.3 11543 0
0.3 11544 0
0.3 11545 0
0.3 11546 0
0.3 11547 0
0.3 11548 0
0.3 11549 0
0.3 11550 0
0.3 11551 5
0.3 11552 0
0.3 11553 0
0.3 11554 0
0.3 11555 0
0.3 11556 0
0.3 11557 5
0.3 11558 10
0.3 11559 5
0.3 11560 5
0.3 11561 10
0.3 11562 5
0.3 11563 0
0.3 11564 5
0.3 11565 0
0.3 11566 5
0.3 11567 5
0.3 11568 5
0.3 11569 0
0.3 11570 0
0.3 11571 0
0.3 11572 0
0.3 11573 0
0.3 11574 0
0.3 11575 5
0.3 11576 5
0.3 11577 5
0.3 11578 0
0.3 11579 0
0.3 11580 0
0.3 11581 5
0.3 11582 5
0.3 11583 10
0.3 11584 5
0.3 11585 0
0.3 11586 0
0.3 11587 0
0.3 11588 0
0.3 11589 0
0.3 11590 5
0.3 11591 0
0.3 11592 5
0.3 11593 10
0.3 11594 10
0.3 11595 15
0.3 11596 15
0.3 11597 20
0.3 11598 25
0.3 11599 20
0.3 11600 25
0.3 11601 25
0.3 11602 25
0.3 11603 25
0.3 11604 0
0.3 11605 0
0.3 11606 0
0.3 11607 0
0.3 11608 0
0.3 11609 0
0.3 11610 5
0.3 11611 10
0.3 11612 0
0.3 11613 0
0.3 11614 0
0.3 11615 0
0.3 11616 0
0.3 11617 0
0.3 11618 0
0.3 11619 0
0.3 11620 0
0.3 11621 0
0.3 11622 5
0.3 11623 0
0.3 11624 0
0.3 11625 5
0.3 11626 0
0.3 11627 5
0.3 11628 5
0.3 11629 10
0.3 11630 5
0.3 11631 0
0.3 11632 5
0.3 11633 0
0.3 11634 0
0.3 11635 0
0.3 11636 0
0.3 11637 0
0.3 11638 0
0.3 11639 0
0.3 11640 0
0.3 11641 0
0.3 11642 0
0.3 11643 0
0.3 11644 0
0.3 11645 0
0.3 11646 0
0.3 11647 5
0.3 11648 10
0.3 11649 0
0.3 11650 0
0.3 11651 5
0.3 11652 5
0.3 11653 5
0.3 11654 5
0.3 11655 5
0.3 11656 10
0.3 11657 10
0.3 11658 15
0.3 11659 5
0.3 11660 5
0.3 11661 5
0.3 11662 10
0.3 11663 0
0.3 11664 0
0.3 11665 5
0.3 11666 5
0.3 11667 0
0.3 11668 5
0.3 11669 5
0.3 11670 0
0.3 11671 0
0.3 11672 5
0.3 11673 0
0.3 11674 5
0.3 11675 0
0.3 11676 0
0.3 11677 0
0.3 11678 0
0.3 11679 0
0.3 11680 0
0.3 11681 0
0.3 11682 5
0.3 11683 5
0.3 11684 5
0.3 11685 10
0.3 11686 5
0.3 11687 0
0.3 11688 5
0.3 11689 0
0.3 11690 0
0.3 11691 0
0.3 11692 0
0.3 11693 5
0.3 11694 0
0.3 11695 0
0.3 11696 0
0.3 11697 0
0.3 11698 5
0.3 11699 5
0.3 11700 10
0.3 11701 0
0.3 11702 5
0.3 11703 0
0.3 11704 5
0.3 11705 10
0.3 11706 10
0.3 11707 0
0.3 11708 5
0.3 11709 5
0.3 11710 10
0.3 11711 15
0.3 11712 15
0.3 11713 10
0.3 11714 5
0.3 11715 5
0.3 11716 5
0.3 11717 5
0.3 11718 10
0.3 11719 10
0.3 11720 10
0.3 11721 15
0.3 11722 0
0.3 11723 5
0.3 11724 5
0.3 11725 0
0.3 11726 0
0.3 11727 5
0.3 11728 0
0.3 11729 5
0.3 11730 0
0.3 11731 0
0.3 11732 5
0.3 11733 10
0.3 11734 10
0.3 11735 0
0.3 11736 0
0.3 11737 5
0.3 11738 0
0.3 11739 0
0.3 11740 0
0.3 11741 5
0.3 11742 5
0.3 11743 0
0.3 11744 0
0.3 11745 0
0.3 11746 0
0.3 11747 0
0.3 11748 0
0.3 11749 5
0.3 11750 0
0.3 11751 0
0.3 11752 0
0.3 11753 0
0.3 11754 0
0.3 11755 5
0.3 11756 10
0.3 11757 10
0.3 11758 10
0.3 11759 10
0.3 11760 10
0.3 11761 10
0.3 11762 10
0.3 11763 10
0.3 11764 10
0.3 11765 15
0.3 11766 20
0.3 11767 25
0.3 11768 20
0.3 11769 25
0.3 11770 25
0.3 11771 25
0.3 11772 25
0.3 11773 20
0.3 11774 25
0.3 11775 25
0.3 11776 20
0.3 11777 25
0.3 11778 25
0.3 11779 25
0.3 11780 20
0.3 11781 25
0.3 11782 25
0.3 11783 25
0.3 11784 20
0.3 11785 25
0.3 11786 20
0.3 11787 25
0.3 11788 25
0.3 11789 10
0.3 11790 10
0.3 11791 0
0.3 11792 5
0.3 11793 0
0.3 11794 0
0.3 11795 0
0.3 11796 5
0.3 11797 5
0.3 11798 0
0.3 11799 0
0.3 11800 0
0.3 11801 5
0.3 11802 5
0.3 11803 0
0.3 11804 0
0.3 11805 5
0.3 11806 10
0.3 11807 10
0.3 11808 5
0.3 11809 0
0.3 11810 0
0.3 11811 5
0.3 11812 0
0.3 11813 0
0.3 11814 0
0.3 11815 5
0.3 11816 0
0.3 11817 0
0.3 11818 0
0.3 11819 0
0.3 11820 5
0.3 11821 5
0.3 11822 0
0.3 11823 0
0.3 11824 0
0.3 11825 0
0.3 11826 5
0.3 11827 5
0.3 11828 0
0.3 11829 0
0.3 11830 0
0.3 11831 5
0.3 11832 5
0.3 11833 5
0.3 11834 5
0.3 11835 0
0.3 11836 0
0.3 11837 0
0.3 11838 0
0.3 11839 0
0.3 11840 0
0.3 11841 0
0.3 11842 5
0.3 11843 5
0.3 11844 0
0.3 11845 0
0.3 11846 5
0.3 11847 0
0.3 11848 5
0.3 11849 0
0.3 11850 0
0.3 11851 0
0.3 11852 5
0.3 11853 0
0.3 11854 0
0.3 11855 0
0.3 11856 0
0.3 11857 0
0.3 11858 0
0.3 11859 0
0.3 11860 0
0.3 11861 5
0.3 11862 10
0.3 11863 15
0.3 11864 20
0.3 11865 20
0.3 11866 25
0.3 11867 10
0.3 11868 10
0.3 11869 5
0.3 11870 0
0.3 11871 5
0.3 11872 5
0.3 11873 5
0.3 11874 0
0.3 11875 5
0.3 11876 10
0.3 11877 15
0.3 11878 20
0.3 11879 10
0.3 11880 10
0.3 11881 15
0.3 11882 15
0.3 11883 0
0.3 11884 0
0.3 11885 0
0.3 11886 0
0.3 11887 0
0.3 11888 5
0.3 11889 0
0.3 11890 0
0.3 11891 0
0.3 11892 0
0.3 11893 0
0.3 11894 0
0.3 11895 5
0.3 11896 10
0.3 11897 0
0.3 11898 0
0.3 11899 0
0.3 11900 0
0.3 11901 0
0.3 11902 0
0.3 11903 0
0.3 11904 0
0.3 11905 5
0.3 11906 10
0.3 11907 0
0.3 11908 0
0.3 11909 5
0.3 11910 10
0.3 11911 15
0.3 11912 20
0.3 11913 0
0.3 11914 0
0.3 11915 0
0.3 11916 0
0.3 11917 0
0.3 11918 0
0.3 11919 0
0.3 11920 5
0.3 11921 0
0.3 11922 0
0.3 11923 0
0.3 11924 0
0.3 11925 5
0.3 11926 0
0.3 11927 0
0.3 11928 5
0.3 11929 0
0.3 11930 0
0.3 11931 0
0.3 11932 0
0.3 11933 0
0.3 11934 0
0.3 11935 0
0.3 11936 0
0.3 11937 0
0.3 11938 0
0.3 11939 5
0.3 11940 0
0.3 11941 0
0.3 11942 0
0.3 11943 0
0.3 11944 5
0.3 11945 0
0.3 11946 0
0.3 11947 0
0.3 11948 0
0.3 11949 5
0.3 11950 10
0.3 11951 10
0.3 11952 15
0.3 11953 15
0.3 11954 15
0.3 11955 15
0.3 11956 20
0.3 11957 25
0.3 11958 25
0.3 11959 10
0.3 11960 15
0.3 11961 15
0.3 11962 20
0.3 11963 15
0.3 11964 20
0.3 11965 20
0.3 11966 25
0.3 11967 25
0.3 11968 25
0.3 11969 20
0.3 11970 25
0.3 11971 25
0.3 11972 20
0.3 11973 25
0.3 11974 15
0.3 11975 10
0.3 11976 0
0.3 11977 0
0.3 11978 5
0.3 11979 0
0.3 11980 0
0.3 11981 0
0.3 11982 0
0.3 11983 5
0.3 11984 10
0.3 11985 15
0.3 11986 15
0.3 11987 15
0.3 11988 15
0.3 11989 20
0.3 11990 15
0.3 11991 15
0.3 11992 15
0.3 11993 20
0.3 11994 20
0.3 11995 25
0.3 11996 15
0.3 11997 20
0.3 11998 20
0.3 11999 25
0.3 12000 25
0.3 12001 20
0.3 12002 25
0.3 12003 25
0.3 12004 20
0.3 12005 25
0.3 12006 25
0.3 12007 0
0.3 12008 0
0.3 12009 5
0.3 12010 10
0.3 12011 0
0.3 12012 5
0.3 12013 5
0.3 12014 0
0.3 12015 0
0.3 12016 0
0.3 12017 0
0.3 12018 0
0.3 12019 0
0.3 12020 0
0.3 12021 5
0.3 12022 0
0.3 12023 5
0.3 12024 0
0.3 12025 5
0.3 12026 0
0.3 12027 5
0.3 12028 0
0.3 12029 0
0.3 12030 0
0.3 12031 5
0.3 12032 5
0.3 12033 5
0.3 12034 5
0.3 12035 5
0.3 12036 10
0.3 12037 10
0.3 12038 15
0.3 12039 15
0.3 12040 15
0.3 12041 15
0.3 12042 15
0.3 12043 20
0.3 12044 20
0.3 12045 25
0.3 12046 25
0.3 12047 25
0.3 12048 25
0.3 12049 5
0.3 12050 0
0.3 12051 0
0.3 12052 5
0.3 12053 5
0.3 12054 0
0.3 12055 0
0.3 12056 5
0.3 12057 0
0.3 12058 0
0.3 12059 5
0.3 12060 10
0.3 12061 10
0.3 12062 15
0.3 12063 15
0.3 12064 5
0.3 12065 10
0.3 12066 10
0.3 12067 15
0.3 12068 15
0.3 12069 15
0.3 12070 20
0.3 12071 20
0.3 12072 25
0.3 12073 25
0.3 12074 25
0.3 12075 25
0.3 12076 20
0.3 12077 20
0.3 12078 25
0.3 12079 20
0.3 12080 25
0.3 12081 25
0.3 12082 25
0.3 12083 25
0.3 12084 5
0.3 12085 0
0.3 12086 5
0.3 12087 0
0.3 12088 0
0.3 12089 5
0.3 12090 0
0.3 12091 0
0.3 12092 0
0.3 12093 0
0.3 12094 5
0.3 12095 0
0.3 12096 0
0.3 12097 5
0.3 12098 0
0.3 12099 0
0.3 12100 0
0.3 12101 0
0.3 12102 0
0.3 12103 0
0.3 12104 5
0.3 12105 0
0.3 12106 0
0.3 12107 0
0.3 12108 0
0.3 12109 0
0.3 12110 5
0.3 12111 0
0.3 12112 0
0.3 12113 0
0.3 12114 5
0.3 12115 0
0.3 12116 0
0.3 12117 5
0.3 12118 10
0.3 12119 0
0.3 12120 5
0.3 12121 5
0.3 12122 10
0.3 12123 5
0.3 12124 10
0.3 12125 15
0.3 12126 20
0.3 12127 15
0.3 12128 10
0.3 12129 15
0.3 12130 15
0.3 12131 20
0.3 12132 25
0.3 12133 20
0.3 12134 25
0.3 12135 25
0.3 12136 25
0.3 12137 15
0.3 12138 5
0.3 12139 5
0.3 12140 0
0.3 12141 0
0.3 12142 5
0.3 12143 0
0.3 12144 0
0.3 12145 0
0.3 12146 5
0.3 12147 5
0.3 12148 0
0.3 12149 0
0.3 12150 5
0.3 12151 0
0.3 12152 5
0.3 12153 0
0.3 12154 0
0.3 12155 5
0.3 12156 10
0.3 12157 5
0.3 12158 5
0.3 12159 5
0.3 12160 10
0.3 12161 15
0.3 12162 20
0.3 12163 0
0.3 12164 5
0.3 12165 10
0.3 12166 15
0.3 12167 15
0.3 12168 20
0.3 12169 25
0.3 12170 25
0.3 12171 25
0.3 12172 25
0.3 12173 5
0.3 12174 10
0.3 12175 15
0.3 12176 20
0.3 12177 10
0.3 12178 10
0.3 12179 10
0.3 12180 0
0.3 12181 0
0.3 12182 0
0.3 12183 0
0.3 12184 5
0.3 12185 5
0.3 12186 10
0.3 12187 0
0.3 12188 5
0.3 12189 10
0.3 12190 0
0.3 12191 0
0.3 12192 0
0.3 12193 0
0.3 12194 0
0.3 12195 0
0.3 12196 0
0.3 12197 0
0.3 12198 0
0.3 12199 0
0.3 12200 5
0.3 12201 5
0.3 12202 5
0.3 12203 5
0.3 12204 5
0.3 12205 10
0.3 12206 0
0.3 12207 5
0.3 12208 5
0.3 12209 0
0.3 12210 0
0.3 12211 5
0.3 12212 5
0.3 12213 0
0.3 12214 0
0.3 12215 5
0.3 12216 5
0.3 12217 10
0.3 12218 10
0.3 12219 5
0.3 12220 0
0.3 12221 0
0.3 12222 0
0.3 12223 0
0.3 12224 5
0.3 12225 0
0.3 12226 0
0.3 12227 0
0.3 12228 0
0.3 12229 5
0.3 12230 5
0.3 12231 5
0.3 12232 0
0.3 12233 0
0.3 12234 0
0.3 12235 5
0.3 12236 0
0.3 12237 5
0.3 12238 0
0.3 12239 0
0.3 12240 5
0.3 12241 0
0.3 12242 0
0.3 12243 0
0.3 12244 5
0.3 12245 10
0.3 12246 0
0.3 12247 5
0.3 12248 10
0.3 12249 10
0.3 12250 15
0.3 12251 15
0.3 12252 15
0.3 12253 20
0.3 12254 25
0.3 12255 25
0.3 12256 15
0.3 12257 10
0.3 12258 0
0.3 12259 0
0.3 12260 5
0.3 12261 5
0.3 12262 5
0.3 12263 5
0.3 12264 10
0.3 12265 15
0.3 12266 20
0.3 12267 20
0.3 12268 25
0.3 12269 25
0.3 12270 5
0.3 12271 5
0.3 12272 0
0.3 12273 0
0.3 12274 5
0.3 12275 0
0.3 12276 0
0.3 12277 0
0.3 12278 0
0.3 12279 5
0.3 12280 0
0.3 12281 5
0.3 12282 0
0.3 12283 5
0.3 12284 5
0.3 12285 10
0.3 12286 0
0.3 12287 5
0.3 12288 5
0.3 12289 10
0.3 12290 10
0.3 12291 15
0.3 12292 10
0.3 12293 0
0.3 12294 0
0.3 12295 0
0.3 12296 0
0.3 12297 5
0.3 12298 0
0.3 12299 0
0.3 12300 5
0.3 12301 10
0.3 12302 15
0.3 12303 10
0.3 12304 0
0.3 12305 5
0.3 12306 0
0.3 12307 0
0.3 12308 5
0.3 12309 10
0.3 12310 0
0.3 12311 0
0.3 12312 0
0.3 12313 0
0.3 12314 5
0.3 12315 5
0.3 12316 10
0.3 12317 10
0.3 12318 15
0.3 12319 20
0.3 12320 25
0.3 12321 10
0.3 12322 5
0.3 12323 10
0.3 12324 10
0.3 12325 10
0.3 12326 10
0.3 12327 5
0.3 12328 0
0.3 12329 5
0.3 12330 10
0.3 12331 0
0.3 12332 5
0.3 12333 10
0.3 12334 0
0.3 12335 0
0.3 12336 5
0.3 12337 0
0.3 12338 0
0.3 12339 0
0.3 12340 0
0.3 12341 0
0.3 12342 5
0.3 12343 0
0.3 12344 0
0.3 12345 0
0.3 12346 5
0.3 12347 10
0.3 12348 10
0.3 12349 0
0.3 12350 5
0.3 12351 5
0.3 12352 5
0.3 12353 0
0.3 12354 0
0.3 12355 0
0.3 12356 0
0.3 12357 0
0.3 12358 0
0.3 12359 5
0.3 12360 0
0.3 12361 0
0.3 12362 5
0.3 12363 5
0.3 12364 5
0.3 12365 5
0.3 12366 5
0.3 12367 10
0.3 12368 15
0.3 12369 5
0.3 12370 10
0.3 12371 10
0.3 12372 15
0.3 12373 20
0.3 12374 20
0.3 12375 20
0.3 12376 20
0.3 12377 20
0.3 12378 25
0.3 12379 20
0.3 12380 20
0.3 12381 25
0.3 12382 25
0.3 12383 25
0.3 12384 25
0.3 12385 25
0.3 12386 20
0.3 12387 20
0.3 12388 20
0.3 12389 25
0.3 12390 25
0.3 12391 25
0.3 12392 20
0.3 12393 25
0.3 12394 25
0.3 12395 25
0.3 12396 25
0.3 12397 25
0.3 12398 20
0.3 12399 10
0.3 12400 0
0.3 12401 0
0.3 12402 5
0.3 12403 0
0.3 12404 0
0.3 12405 0
0.3 12406 5
0.3 12407 5
0.3 12408 0
0.3 12409 0
0.3 12410 0
0.3 12411 0
0.3 12412 0
0.3 12413 0
0.3 12414 0
0.3 12415 5
0.3 12416 0
0.3 12417 0
0.3 12418 5
0.3 12419 0
0.3 12420 0
0.3 12421 5
0.3 12422 0
0.3 12423 0
0.3 12424 0
0.3 12425 0
0.3 12426 5
0.3 12427 0
0.3 12428 0
0.3 12429 0
0.3 12430 0
0.3 12431 5
0.3 12432 0
0.3 12433 5
0.3 12434 0
0.3 12435 0
0.3 12436 0
0.3 12437 0
0.3 12438 0
0.3 12439 0
0.3 12440 5
0.3 12441 0
0.3 12442 0
0.3 12443 0
0.3 12444 5
0.3 12445 0
0.3 12446 0
0.3 12447 5
0.3 12448 0
0.3 12449 5
0.3 12450 0
0.3 12451 0
0.3 12452 0
0.3 12453 0
0.3 12454 0
0.3 12455 0
0.3 12456 5
0.3 12457 5
0.3 12458 10
0.3 12459 10
0.3 12460 15
0.3 12461 5
0.3 12462 0
0.3 12463 5
0.3 12464 0
0.3 12465 0
0.3 12466 0
0.3 12467 0
0.3 12468 0
0.3 12469 0
0.3 12470 5
0.3 12471 5
0.3 12472 5
0.3 12473 10
0.3 12474 15
0.3 12475 20
0.3 12476 10
0.3 12477 10
0.3 12478 15
0.3 12479 0
0.3 12480 0
0.3 12481 0
0.3 12482 0
0.3 12483 5
0.3 12484 10
0.3 12485 0
0.3 12486 0
0.3 12487 0
0.3 12488 0
0.3 12489 5
0.3 12490 0
0.3 12491 0
0.3 12492 5
0.3 12493 10
0.3 12494 5
0.3 12495 5
0.3 12496 0
0.3 12497 0
0.3 12498 0
0.3 12499 5
0.3 12500 5
0.3 12501 10
0.3 12502 15
0.3 12503 10
0.3 12504 5
0.3 12505 0
0.3 12506 0
0.3 12507 0
0.3 12508 0
0.3 12509 0
0.3 12510 0
0.3 12511 0
0.3 12512 5
0.3 12513 5
0.3 12514 5
0.3 12515 0
0.3 12516 5
0.3 12517 5
0.3 12518 10
0.3 12519 0
0.3 12520 0
0.3 12521 0
0.3 12522 0
0.3 12523 0
0.3 12524 0
0.3 12525 5
0.3 12526 0
0.3 12527 5
0.3 12528 0
0.3 12529 5
0.3 12530 5
0.3 12531 5
0.3 12532 10
0.3 12533 15
0.3 12534 20
0.3 12535 25
0.3 12536 25
0.3 12537 25
0.3 12538 20
0.3 12539 20
0.3 12540 20
0.3 12541 25
0.3 12542 25
0.3 12543 25
0.3 12544 25
0.3 12545 25
0.3 12546 25
0.3 12547 25
0.3 12548 25
0.3 12549 25
0.3 12550 25
0.3 12551 25
0.3 12552 25
0.3 12553 15
0.3 12554 20
0.3 12555 25
0.3 12556 25
0.3 12557 10
0.3 12558 0
0.3 12559 0
0.3 12560 0
0.3 12561 0
0.3 12562 0
0.3 12563 0
0.3 12564 0
0.3 12565 0
0.3 12566 0
0.3 12567 0
0.3 12568 5
0.3 12569 0
0.3 12570 0
0.3 12571 0
0.3 12572 0
0.3 12573 5
0.3 12574 5
0.3 12575 5
0.3 12576 0
0.3 12577 5
0.3 12578 10
0.3 12579 15
0.3 12580 5
0.3 12581 5
0.3 12582 10
0.3 12583 15
0.3 12584 15
0.3 12585 10
0.3 12586 5
0.3 12587 5
0.3 12588 0
0.3 12589 5
0.3 12590 10
0.3 12591 0
0.3 12592 0
0.3 12593 0
0.3 12594 5
0.3 12595 0
0.3 12596 0
0.3 12597 0
0.3 12598 0
0.3 12599 5
0.3 12600 10
0.3 12601 0
0.3 12602 5
0.3 12603 0
0.3 12604 5
0.3 12605 5
0.3 12606 10
0.3 12607 10
0.3 12608 15
0.3 12609 15
0.3 12610 20
0.3 12611 25
0.3 12612 5
0.3 12613 0
0.3 12614 0
0.3 12615 5
0.3 12616 5
0.3 12617 5
0.3 12618 10
0.3 12619 15
0.3 12620 20
0.3 12621 20
0.3 12622 10
0.3 12623 5
0.3 12624 5
0.3 12625 0
0.3 12626 0
0.3 12627 5
0.3 12628 5
0.3 12629 5
0.3 12630 0
0.3 12631 5
0.3 12632 5
0.3 12633 10
0.3 12634 10
0.3 12635 0
0.3 12636 0
0.3 12637 0
0.3 12638 0
0.3 12639 5
0.3 12640 0
0.3 12641 0
0.3 12642 0
0.3 12643 0
0.3 12644 5
0.3 12645 0
0.3 12646 5
0.3 12647 0
0.3 12648 0
0.3 12649 0
0.3 12650 0
0.3 12651 0
0.3 12652 0
0.3 12653 0
0.3 12654 0
0.3 12655 0
0.3 12656 0
0.3 12657 5
0.3 12658 10
0.3 12659 15
0.3 12660 5
0.3 12661 5
0.3 12662 0
0.3 12663 5
0.3 12664 0
0.3 12665 0
0.3 12666 5
0.3 12667 5
0.3 12668 10
0.3 12669 0
0.3 12670 5
0.3 12671 5
0.3 12672 10
0.3 12673 0
0.3 12674 0
0.3 12675 0
0.3 12676 0
0.3 12677 5
0.3 12678 5
0.3 12679 0
0.3 12680 0
0.3 12681 5
0.3 12682 0
0.3 12683 0
0.3 12684 0
0.3 12685 0
0.3 12686 0
0.3 12687 5
0.3 12688 0
0.3 12689 5
0.3 12690 10
0.3 12691 5
0.3 12692 10
0.3 12693 5
0.3 12694 5
0.3 12695 5
0.3 12696 10
0.3 12697 10
0.3 12698 15
0.3 12699 15
0.3 12700 15
0.3 12701 15
0.3 12702 20
0.3 12703 25
0.3 12704 25
0.3 12705 25
0.3 12706 25
0.3 12707 10
0.3 12708 0
0.3 12709 0
0.3 12710 0
0.3 12711 0
0.3 12712 5
0.3 12713 0
0.3 12714 5
0.3 12715 0
0.3 12716 0
0.3 12717 5
0.3 12718 5
0.3 12719 0
0.3 12720 0
0.3 12721 0
0.3 12722 0
0.3 12723 0
0.3 12724 0
0.3 12725 0
0.3 12726 5
0.3 12727 0
0.3 12728 0
0.3 12729 5
0.3 12730 0
0.3 12731 0
0.3 12732 0
0.3 12733 0
0.3 12734 5
0.3 12735 0
0.3 12736 0
0.3 12737 0
0.3 12738 0
0.3 12739 0
0.3 12740 0
0.3 12741 0
0.3 12742 0
0.3 12743 5
0.3 12744 0
0.3 12745 5
0.3 12746 10
0.3 12747 0
0.3 12748 0
0.3 12749 0
0.3 12750 0
0.3 12751 5
0.3 12752 0
0.3 12753 0
0.3 12754 5
0.3 12755 5
0.3 12756 10
0.3 12757 0
0.3 12758 0
0.3 12759 0
0.3 12760 5
0.3 12761 5
0.3 12762 0
0.3 12763 5
0.3 12764 5
0.3 12765 5
0.3 12766 5
0.3 12767 10
0.3 12768 10
0.3 12769 0
0.3 12770 0
0.3 12771 0
0.3 12772 0
0.3 12773 0
0.3 12774 5
0.3 12775 10
0.3 12776 0
0.3 12777 0
0.3 12778 0
0.3 12779 0
0.3 12780 0
0.3 12781 5
0.3 12782 5
0.3 12783 0
0.3 12784 0
0.3 12785 0
0.3 12786 0
0.3 12787 0
0.3 12788 5
0.3 12789 5
0.3 12790 10
0.3 12791 5
0.3 12792 5
0.3 12793 0
0.3 12794 5
0.3 12795 0
0.3 12796 5
0.3 12797 0
0.3 12798 5
0.3 12799 5
0.3 12800 10
0.3 12801 10
0.3 12802 15
0.3 12803 20
0.3 12804 25
0.3 12805 25
0.3 12806 20
0.3 12807 20
0.3 12808 25
0.3 12809 0
0.3 12810 5
0.3 12811 5
0.3 12812 0
0.3 12813 0
0.3 12814 0
0.3 12815 0
0.3 12816 0
0.3 12817 0
0.3 12818 0
0.3 12819 5
0.3 12820 0
0.3 12821 0
0.3 12822 0
0.3 12823 0
0.3 12824 0
0.3 12825 0
0.3 12826 0
0.3 12827 5
0.3 12828 5
0.3 12829 0
0.3 12830 0
0.3 12831 5
0.3 12832 0
0.3 12833 0
0.3 12834 0
0.3 12835 0
0.3 12836 0
0.3 12837 0
0.3 12838 0
0.3 12839 0
0.3 12840 0
0.3 12841 5
0.3 12842 0
0.3 12843 0
0.3 12844 5
0.3 12845 10
0.3 12846 0
0.3 12847 0
0.3 12848 0
0.3 12849 0
0.3 12850 5
0.3 12851 0
0.3 12852 5
0.3 12853 10
0.3 12854 15
0.3 12855 5
0.3 12856 10
0.3 12857 15
0.3 12858 10
0.3 12859 5
0.3 12860 0
0.3 12861 0
0.3 12862 0
0.3 12863 5
0.3 12864 10
0.3 12865 0
0.3 12866 0
0.3 12867 5
0.3 12868 5
0.3 12869 10
0.3 12870 10
0.3 12871 15
0.3 12872 15
0.3 12873 15
0.3 12874 15
0.3 12875 15
0.3 12876 20
0.3 12877 20
0.3 12878 20
0.3 12879 25
0.3 12880 25
0.3 12881 25
0.3 12882 25
0.3 12883 20
0.3 12884 25
0.3 12885 20
0.3 12886 25
0.3 12887 20
0.3 12888 25
0.3 12889 25
0.3 12890 20
0.3 12891 20
0.3 12892 25
0.3 12893 25
0.3 12894 10
0.3 12895 10
0.3 12896 0
0.3 12897 0
0.3 12898 5
0.3 12899 0
0.3 12900 0
0.3 12901 0
0.3 12902 0
0.3 12903 0
0.3 12904 0
0.3 12905 0
0.3 12906 0
0.3 12907 0
0.3 12908 5
0.3 12909 10
0.3 12910 10
0.3 12911 5
0.3 12912 0
0.3 12913 5
0.3 12914 10
0.3 12915 5
0.3 12916 5
0.3 12917 0
0.3 12918 5
0.3 12919 0
0.3 12920 0
0.3 12921 5
0.3 12922 10
0.3 12923 0
0.3 12924 0
0.3 12925 0
0.3 12926 0
0.3 12927 0
0.3 12928 0
0.3 12929 0
0.3 12930 0
0.3 12931 0
0.3 12932 0
0.3 12933 5
0.3 12934 5
0.3 12935 5
0.3 12936 0
0.3 12937 0
0.3 12938 5
0.3 12939 5
0.3 12940 0
0.3 12941 0
0.3 12942 5
0.3 12943 5
0.3 12944 0
0.3 12945 5
0.3 12946 0
0.3 12947 0
0.3 12948 0
0.3 12949 5
0.3 12950 5
0.3 12951 0
0.3 12952 5
0.3 12953 0
0.3 12954 0
0.3 12955 5
0.3 12956 5
0.3 12957 5
0.3 12958 0
0.3 12959 5
0.3 12960 5
0.3 12961 10
0.3 12962 15
0.3 12963 5
0.3 12964 5
0.3 12965 0
0.3 12966 0
0.3 12967 5
0.3 12968 10
0.3 12969 0
0.3 12970 5
0.3 12971 0
0.3 12972 0
0.3 12973 0
0.3 12974 5
0.3 12975 5
0.3 12976 10
0.3 12977 0
0.3 12978 5
0.3 12979 0
0.3 12980 0
0.3 12981 0
0.3 12982 5
0.3 12983 5
0.3 12984 0
0.3 12985 0
0.3 12986 5
0.3 12987 10
0.3 12988 10
0.3 12989 5
0.3 12990 10
0.3 12991 10
0.3 12992 15
0.3 12993 20
0.3 12994 20
0.3 12995 15
0.3 12996 5
0.3 12997 0
0.3 12998 5
0.3 12999 0
0.3 13000 0
0.3 13001 0
0.3 13002 0
0.3 13003 5
0.3 13004 10
0.3 13005 10
0.3 13006 10
0.3 13007 15
0.3 13008 20
0.3 13009 15
0.3 13010 5
0.3 13011 5
0.3 13012 5
0.3 13013 10
0.3 13014 15
0.3 13015 5
0.3 13016 5
0.3 13017 0
0.3 13018 5
0.3 13019 0
0.3 13020 0
0.3 13021 5
0.3 13022 0
0.3 13023 0
0.3 13024 0
0.3 13025 0
0.3 13026 0
0.3 13027 0
0.3 13028 5
0.3 13029 0
0.3 13030 0
0.3 13031 0
0.3 13032 0
0.3 13033 0
0.3 13034 5
0.3 13035 0
0.3 13036 0
0.3 13037 5
0.3 13038 0
0.3 13039 0
0.3 13040 0
0.3 13041 5
0.3 13042 0
0.3 13043 0
0.3 13044 0
0.3 13045 0
0.3 13046 5
0.3 13047 10
0.3 13048 15
0.3 13049 0
0.3 13050 5
0.3 13051 0
0.3 13052 5
0.3 13053 0
0.3 13054 5
0.3 13055 5
0.3 13056 0
0.3 13057 0
0.3 13058 0
0.3 13059 0
0.3 13060 0
0.3 13061 0
0.3 13062 0
0.3 13063 0
0.3 13064 0
0.3 13065 5
0.3 13066 10
0.3 13067 10
0.3 13068 15
0.3 13069 10
0.3 13070 5
0.3 13071 0
0.3 13072 0
0.3 13073 5
0.3 13074 5
0.3 13075 10
0.3 13076 10
0.3 13077 15
0.3 13078 15
0.3 13079 15
0.3 13080 15
0.3 13081 15
0.3 13082 0
0.3 13083 5
0.3 13084 10
0.3 13085 10
0.3 13086 0
0.3 13087 0
0.3 13088 0
0.3 13089 5
0.3 13090 10
0.3 13091 10
0.3 13092 15
0.3 13093 15
0.3 13094 15
0.3 13095 20
0.3 13096 20
0.3 13097 25
0.3 13098 25
0.3 13099 20
0.3 13100 5
0.3 13101 0
0.3 13102 0
0.3 13103 0
0.3 13104 5
0.3 13105 10
0.3 13106 0
0.3 13107 0
0.3 13108 5
0.3 13109 0
0.3 13110 5
0.3 13111 5
0.3 13112 10
0.3 13113 10
0.3 13114 5
0.3 13115 0
0.3 13116 0
0.3 13117 0
0.3 13118 5
0.3 13119 5
0.3 13120 0
0.3 13121 5
0.3 13122 5
0.3 13123 0
0.3 13124 5
0.3 13125 0
0.3 13126 0
0.3 13127 0
0.3 13128 0
0.3 13129 0
0.3 13130 5
0.3 13131 10
0.3 13132 15
0.3 13133 15
0.3 13134 20
0.3 13135 10
0.3 13136 10
0.3 13137 0
0.3 13138 0
0.3 13139 0
0.3 13140 0
0.3 13141 0
0.3 13142 5
0.3 13143 5
0.3 13144 0
0.3 13145 0
0.3 13146 0
0.3 13147 0
0.3 13148 5
0.3 13149 5
0.3 13150 5
0.3 13151 0
0.3 13152 0
0.3 13153 0
0.3 13154 5
0.3 13155 10
0.3 13156 15
0.3 13157 10
0.3 13158 10
0.3 13159 15
0.3 13160 15
0.3 13161 20
0.3 13162 20
0.3 13163 25
0.3 13164 20
0.3 13165 25
0.3 13166 25
0.3 13167 20
0.3 13168 25
0.3 13169 20
0.3 13170 20
0.3 13171 20
0.3 13172 25
0.3 13173 20
0.3 13174 25
0.3 13175 25
0.3 13176 20
0.3 13177 25
0.3 13178 20
0.3 13179 20
0.3 13180 25
0.3 13181 25
0.3 13182 25
0.3 13183 20
0.3 13184 25
0.3 13185 25
0.3 13186 25
0.3 13187 25
0.3 13188 25
0.3 13189 20
0.3 13190 25
0.3 13191 25
0.3 13192 20
0.3 13193 25
0.3 13194 20
0.3 13195 20
0.3 13196 20
0.3 13197 25
0.3 13198 20
0.3 13199 25
0.3 13200 25
0.3 13201 25
0.3 13202 25
0.3 13203 20
0.3 13204 10
0.3 13205 0
0.3 13206 0
0.3 13207 0
0.3 13208 5
0.3 13209 10
0.3 13210 0
0.3 13211 0
0.3 13212 0
0.3 13213 0
0.3 13214 0
0.3 13215 0
0.3 13216 0
0.3 13217 0
0.3 13218 5
0.3 13219 10
0.3 13220 10
0.3 13221 15
0.3 13222 0
0.3 13223 5
0.3 13224 5
0.3 13225 0
0.3 13226 0
0.3 13227 5
0.3 13228 0
0.3 13229 0
0.3 13230 0
0.3 13231 5
0.3 13232 10
0.3 13233 15
0.3 13234 20
0.3 13235 20
0.3 13236 20
0.3 13237 20
0.3 13238 25
0.3 13239 20
0.3 13240 0
0.3 13241 0
0.3 13242 5
0.3 13243 0
0.3 13244 0
0.3 13245 0
0.3 13246 0
0.3 13247 0
0.3 13248 0
0.3 13249 5
0.3 13250 5
0.3 13251 5
0.3 13252 10
0.3 13253 5
0.3 13254 0
0.3 13255 5
0.3 13256 0
0.3 13257 5
0.3 13258 10
0.3 13259 0
0.3 13260 5
0.3 13261 0
0.3 13262 5
0.3 13263 0
0.3 13264 0
0.3 13265 5
0.3 13266 0
0.3 13267 0
0.3 13268 0
0.3 13269 5
0.3 13270 5
0.3 13271 10
0.3 13272 5
0.3 13273 10
0.3 13274 5
0.3 13275 10
0.3 13276 5
0.3 13277 10
0.3 13278 10
0.3 13279 15
0.3 13280 20
0.3 13281 25
0.3 13282 25
0.3 13283 25
0.3 13284 25
0.3 13285 25
0.3 13286 20
0.3 13287 25
0.3 13288 25
0.3 13289 20
0.3 13290 20
0.3 13291 0
0.3 13292 0
0.3 13293 0
0.3 13294 0
0.3 13295 0
0.3 13296 5
0.3 13297 5
0.3 13298 10
0.3 13299 5
0.3 13300 5
0.3 13301 5
0.3 13302 10
0.3 13303 15
0.3 13304 10
0.3 13305 5
0.3 13306 5
0.3 13307 5
0.3 13308 5
0.3 13309 0
0.3 13310 0
0.3 13311 0
0.3 13312 0
0.3 13313 5
0.3 13314 10
0.3 13315 0
0.3 13316 5
0.3 13317 0
0.3 13318 0
0.3 13319 0
0.3 13320 5
0.3 13321 10
0.3 13322 15
0.3 13323 20
0.3 13324 20
0.3 13325 15
0.3 13326 5
0.3 13327 0
0.3 13328 0
0.3 13329 0
0.3 13330 0
0.3 13331 0
0.3 13332 5
0.3 13333 10
0.3 13334 0
0.3 13335 0
0.3 13336 0
0.3 13337 5
0.3 13338 0
0.3 13339 0
0.3 13340 0
0.3 13341 0
0.3 13342 0
0.3 13343 0
0.3 13344 0
0.3 13345 0
0.3 13346 5
0.3 13347 5
0.3 13348 10
0.3 13349 10
0.3 13350 15
0.3 13351 20
0.3 13352 25
0.3 13353 10
0.3 13354 0
0.3 13355 0
0.3 13356 5
0.3 13357 5
0.3 13358 0
0.3 13359 5
0.3 13360 5
0.3 13361 5
0.3 13362 10
0.3 13363 0
0.3 13364 5
0.3 13365 0
0.3 13366 0
0.3 13367 0
0.3 13368 5
0.3 13369 10
0.3 13370 10
0.3 13371 10
0.3 13372 15
0.3 13373 5
0.3 13374 5
0.3 13375 10
0.3 13376 10
0.3 13377 15
0.3 13378 20
0.3 13379 0
0.3 13380 5
0.3 13381 10
0.3 13382 10
0.3 13383 10
0.3 13384 0
0.3 13385 0
0.3 13386 0
0.3 13387 5
0.3 13388 5
0.3 13389 0
0.3 13390 0
0.3 13391 5
0.3 13392 0
0.3 13393 5
0.3 13394 0
0.3 13395 0
0.3 13396 5
0.3 13397 5
0.3 13398 5
0.3 13399 0
0.3 13400 5
0.3 13401 0
0.3 13402 0
0.3 13403 5
0.3 13404 0
0.3 13405 0
0.3 13406 5
0.3 13407 5
0.3 13408 5
0.3 13409 10
0.3 13410 10
0.3 13411 15
0.3 13412 20
0.3 13413 25
0.3 13414 20
0.3 13415 20
0.3 13416 25
0.3 13417 25
0.3 13418 20
0.3 13419 25
0.3 13420 10
0.3 13421 0
0.3 13422 0
0.3 13423 0
0.3 13424 0
0.3 13425 0
0.3 13426 5
0.3 13427 0
0.3 13428 0
0.3 13429 0
0.3 13430 5
0.3 13431 5
0.3 13432 0
0.3 13433 0
0.3 13434 0
0.3 13435 0
0.3 13436 0
0.3 13437 0
0.3 13438 0
0.3 13439 0
0.3 13440 5
0.3 13441 10
0.3 13442 15
0.3 13443 20
0.3 13444 5
0.3 13445 5
0.3 13446 0
0.3 13447 5
0.3 13448 5
0.3 13449 10
0.3 13450 0
0.3 13451 0
0.3 13452 5
0.3 13453 10
0.3 13454 10
0.3 13455 15
0.3 13456 0
0.3 13457 5
0.3 13458 10
0.3 13459 10
0.3 13460 10
0.3 13461 10
0.3 13462 15
0.3 13463 20
0.3 13464 25
0.3 13465 25
0.3 13466 25
0.3 13467 25
0.3 13468 25
0.3 13469 20
0.3 13470 25
0.3 13471 25
0.3 13472 25
0.3 13473 0
0.3 13474 5
0.3 13475 5
0.3 13476 10
0.3 13477 0
0.3 13478 5
0.3 13479 0
0.3 13480 0
0.3 13481 0
0.3 13482 5
0.3 13483 5
0.3 13484 0
0.3 13485 0
0.3 13486 5
0.3 13487 5
0.3 13488 10
0.3 13489 0
0.3 13490 5
0.3 13491 5
0.3 13492 5
0.3 13493 10
0.3 13494 0
0.3 13495 0
0.3 13496 0
0.3 13497 5
0.3 13498 0
0.3 13499 5
0.3 13500 10
0.3 13501 0
0.3 13502 0
0.3 13503 0
0.3 13504 0
0.3 13505 0
0.3 13506 5
0.3 13507 0
0.3 13508 0
0.3 13509 0
0.3 13510 0
0.3 13511 0
0.3 13512 0
0.3 13513 5
0.3 13514 0
0.3 13515 0
0.3 13516 0
0.3 13517 0
0.3 13518 0
0.3 13519 0
0.3 13520 0
0.3 13521 5
0.3 13522 0
0.3 13523 5
0.3 13524 5
0.3 13525 0
0.3 13526 5
0.3 13527 5
0.3 13528 10
0.3 13529 15
0.3 13530 20
0.3 13531 10
0.3 13532 10
0.3 13533 0
0.3 13534 0
0.3 13535 0
0.3 13536 5
0.3 13537 5
0.3 13538 0
0.3 13539 5
0.3 13540 5
0.3 13541 10
0.3 13542 10
0.3 13543 10
0.3 13544 10
0.3 13545 10
0.3 13546 15
0.3 13547 15
0.3 13548 15
0.3 13549 15
0.3 13550 15
0.3 13551 20
0.3 13552 20
0.3 13553 20
0.3 13554 20
0.3 13555 20
0.3 13556 25
0.3 13557 20
0.3 13558 25
0.3 13559 20
0.3 13560 25
0.3 13561 5
0.3 13562 5
0.3 13563 10
0.3 13564 10
0.3 13565 15
0.3 13566 15
0.3 13567 0
0.3 13568 0
0.3 13569 5
0.3 13570 0
0.3 13571 0
0.3 13572 5
0.3 13573 0
0.3 13574 0
0.3 13575 5
0.3 13576 5
0.3 13577 5
0.3 13578 5
0.3 13579 0
0.3 13580 0
0.3 13581 0
0.3 13582 5
0.3 13583 10
0.3 13584 0
0.3 13585 0
0.3 13586 0
0.3 13587 0
0.3 13588 0
0.3 13589 5
0.3 13590 10
0.3 13591 0
0.3 13592 5
0.3 13593 0
0.3 13594 5
0.3 13595 0
0.3 13596 0
0.3 13597 5
0.3 13598 5
0.3 13599 10
0.3 13600 15
0.3 13601 20
0.3 13602 20
0.3 13603 25
0.3 13604 20
0.3 13605 20
0.3 13606 25
0.3 13607 20
0.3 13608 25
0.3 13609 25
0.3 13610 20
0.3 13611 25
0.3 13612 0
0.3 13613 5
0.3 13614 0
0.3 13615 0
0.3 13616 0
0.3 13617 0
0.3 13618 0
0.3 13619 0
0.3 13620 0
0.3 13621 5
0.3 13622 5
0.3 13623 10
0.3 13624 0
0.3 13625 0
0.3 13626 0
0.3 13627 0
0.3 13628 0
0.3 13629 0
0.3 13630 0
0.3 13631 0
0.3 13632 0
0.3 13633 5
0.3 13634 5
0.3 13635 10
0.3 13636 5
0.3 13637 5
0.3 13638 0
0.3 13639 5
0.3 13640 10
0.3 13641 15
0.3 13642 15
0.3 13643 0
0.3 13644 5
0.3 13645 5
0.3 13646 10
0.3 13647 10
0.3 13648 10
0.3 13649 15
0.3 13650 15
0.3 13651 20
0.3 13652 10
0.3 13653 5
0.3 13654 0
0.3 13655 0
0.3 13656 5
0.3 13657 5
0.3 13658 5
0.3 13659 0
0.3 13660 0
0.3 13661 0
0.3 13662 0
0.3 13663 0
0.3 13664 0
0.3 13665 0
0.3 13666 0
0.3 13667 5
0.3 13668 0
0.3 13669 5
0.3 13670 0
0.3 13671 5
0.3 13672 5
0.3 13673 10
0.3 13674 10
0.3 13675 10
0.3 13676 15
0.3 13677 20
0.3 13678 25
0.3 13679 25
0.3 13680 5
0.3 13681 10
0.3 13682 15
0.3 13683 20
0.3 13684 20
0.3 13685 20
0.3 13686 25
0.3 13687 20
0.3 13688 25
0.3 13689 25
0.3 13690 20
0.3 13691 0
0.3 13692 0
0.3 13693 0
0.3 13694 0
0.3 13695 0
0.3 13696 5
0.3 13697 10
0.3 13698 0
0.3 13699 5
0.3 13700 0
0.3 13701 0
0.3 13702 5
0.3 13703 0
0.3 13704 0
0.3 13705 0
0.3 13706 0
0.3 13707 0
0.3 13708 0
0.3 13709 0
0.3 13710 0
0.3 13711 0
0.3 13712 5
0.3 13713 10
0.3 13714 15
0.3 13715 15
0.3 13716 20
0.3 13717 5
0.3 13718 10
0.3 13719 10
0.3 13720 5
0.3 13721 0
0.3 13722 0
0.3 13723 5
0.3 13724 10
0.3 13725 5
0.3 13726 0
0.3 13727 0
0.3 13728 0
0.3 13729 0
0.3 13730 5
0.3 13731 0
0.3 13732 0
0.3 13733 0
0.3 13734 5
0.3 13735 0
0.3 13736 0
0.3 13737 0
0.3 13738 5
0.3 13739 5
0.3 13740 0
0.3 13741 0
0.3 13742 0
0.3 13743 0
0.3 13744 0
0.3 13745 5
0.3 13746 0
0.3 13747 0
0.3 13748 0
0.3 13749 0
0.3 13750 0
0.3 13751 5
0.3 13752 5
0.3 13753 5
0.3 13754 10
0.3 13755 10
0.3 13756 10
0.3 13757 5
0.3 13758 0
0.3 13759 5
0.3 13760 0
0.3 13761 5
0.3 13762 0
0.3 13763 0
0.3 13764 5
0.3 13765 0
0.3 13766 0
0.3 13767 0
0.3 13768 0
0.3 13769 0
0.3 13770 5
0.3 13771 0
0.3 13772 0
0.3 13773 0
0.3 13774 0
0.3 13775 5
0.3 13776 0
0.3 13777 0
0.3 13778 5
0.3 13779 0
0.3 13780 0
0.3 13781 5
0.3 13782 10
0.3 13783 5
0.3 13784 10
0.3 13785 15
0.3 13786 15
0.3 13787 5
0.3 13788 0
0.3 13789 5
0.3 13790 0
0.3 13791 0
0.3 13792 0
0.3 13793 0
0.3 13794 5
0.3 13795 10
0.3 13796 15
0.3 13797 15
0.3 13798 20
0.3 13799 10
0.3 13800 5
0.3 13801 5
0.3 13802 0
0.3 13803 5
0.3 13804 0
0.3 13805 0
0.3 13806 0
0.3 13807 0
0.3 13808 0
0.3 13809 0
0.3 13810 5
0.3 13811 10
0.3 13812 15
0.3 13813 20
0.3 13814 20
0.3 13815 10
0.3 13816 10
0.3 13817 10
0.3 13818 15
0.3 13819 15
0.3 13820 15
0.3 13821 20
0.3 13822 10
0.3 13823 0
0.3 13824 5
0.3 13825 5
0.3 13826 0
0.3 13827 0
0.3 13828 0
0.3 13829 0
0.3 13830 5
0.3 13831 0
0.3 13832 0
0.3 13833 5
0.3 13834 10
0.3 13835 5
0.3 13836 10
0.3 13837 5
0.3 13838 5
0.3 13839 5
0.3 13840 0
0.3 13841 0
0.3 13842 0
0.3 13843 5
0.3 13844 0
0.3 13845 0
0.3 13846 0
0.3 13847 0
0.3 13848 0
0.3 13849 5
0.3 13850 5
0.3 13851 0
0.3 13852 0
0.3 13853 0
0.3 13854 0
0.3 13855 0
0.3 13856 0
0.3 13857 5
0.3 13858 10
0.3 13859 0
0.3 13860 0
0.3 13861 0
0.3 13862 0
0.3 13863 0
0.3 13864 5
0.3 13865 0
0.3 13866 0
0.3 13867 5
0.3 13868 5
0.3 13869 0
0.3 13870 5
0.3 13871 5
0.3 13872 10
0.3 13873 0
0.3 13874 0
0.3 13875 0
0.3 13876 0
0.3 13877 0
0.3 13878 0
0.3 13879 0
0.3 13880 0
0.3 13881 0
0.3 13882 5
0.3 13883 10
0.3 13884 10
0.3 13885 10
0.3 13886 10
0.3 13887 10
0.3 13888 5
0.3 13889 0
0.3 13890 0
0.3 13891 5
0.3 13892 0
0.3 13893 0
0.3 13894 5
0.3 13895 0
0.3 13896 0
0.3 13897 0
0.3 13898 0
0.3 13899 5
0.3 13900 0
0.3 13901 0
0.3 13902 0
0.3 13903 0
0.3 13904 5
0.3 13905 0
0.3 13906 0
0.3 13907 5
0.3 13908 5
0.3 13909 10
0.3 13910 15
0.3 13911 5
0.3 13912 10
0.3 13913 5
0.3 13914 0
0.3 13915 0
0.3 13916 5
0.3 13917 0
0.3 13918 0
0.3 13919 0
0.3 13920 0
0.3 13921 0
0.3 13922 0
0.3 13923 5
0.3 13924 10
0.3 13925 15
0.3 13926 20
0.3 13927 20
0.3 13928 15
0.3 13929 15
0.3 13930 20
0.3 13931 10
0.3 13932 0
0.3 13933 0
0.3 13934 0
0.3 13935 0
0.3 13936 0
0.3 13937 0
0.3 13938 0
0.3 13939 0
0.3 13940 5
0.3 13941 5
0.3 13942 10
0.3 13943 5
0.3 13944 0
0.3 13945 0
0.3 13946 5
0.3 13947 0
0.3 13948 0
0.3 13949 5
0.3 13950 10
0.3 13951 0
0.3 13952 0
0.3 13953 0
0.3 13954 5
0.3 13955 0
0.3 13956 5
0.3 13957 10
0.3 13958 0
0.3 13959 5
0.3 13960 0
0.3 13961 0
0.3 13962 0
0.3 13963 0
0.3 13964 0
0.3 13965 0
0.3 13966 5
0.3 13967 5
0.3 13968 5
0.3 13969 0
0.3 13970 0
0.3 13971 0
0.3 13972 5
0.3 13973 5
0.3 13974 5
0.3 13975 5
0.3 13976 5
0.3 13977 10
0.3 13978 15
0.3 13979 20
0.3 13980 25
0.3 13981 15
0.3 13982 0
0.3 13983 0
0.3 13984 5
0.3 13985 0
0.3 13986 0
0.3 13987 5
0.3 13988 0
0.3 13989 0
0.3 13990 5
0.3 13991 10
0.3 13992 15
0.3 13993 10
0.3 13994 10
0.3 13995 10
0.3 13996 15
0.3 13997 20
0.3 13998 25
0.3 13999 25
0.3 14000 20
0.3 14001 20
0.3 14002 20
0.3 14003 25
0.3 14004 25
0.3 14005 25
0.3 14006 20
0.3 14007 25
0.3 14008 25
0.3 14009 20
0.3 14010 25
0.3 14011 20
0.3 14012 25
0.3 14013 20
0.3 14014 20
0.3 14015 10
0.3 14016 5
0.3 14017 0
0.3 14018 5
0.3 14019 5
0.3 14020 5
0.3 14021 10
0.3 14022 15
0.3 14023 10
0.3 14024 0
0.3 14025 0
0.3 14026 5
0.3 14027 0
0.3 14028 0
0.3 14029 5
0.3 14030 0
0.3 14031 0
0.3 14032 0
0.3 14033 0
0.3 14034 5
0.3 14035 0
0.3 14036 0
0.3 14037 5
0.3 14038 5
0.3 14039 0
0.3 14040 5
0.3 14041 0
0.3 14042 0
0.3 14043 0
0.3 14044 0
0.3 14045 0
0.3 14046 0
0.3 14047 0
0.3 14048 0
0.3 14049 0
0.3 14050 0
0.3 14051 0
0.3 14052 0
0.3 14053 0
0.3 14054 5
0.3 14055 0
0.3 14056 0
0.3 14057 0
0.3 14058 0
0.3 14059 5
0.3 14060 5
0.3 14061 0
0.3 14062 0
0.3 14063 0
0.3 14064 0
0.3 14065 0
0.3 14066 0
0.3 14067 0
0.3 14068 5
0.3 14069 5
0.3 14070 10
0.3 14071 10
0.3 14072 15
0.3 14073 20
0.3 14074 10
0.3 14075 10
0.3 14076 0
0.3 14077 5
0.3 14078 5
0.3 14079 10
0.3 14080 15
0.3 14081 15
0.3 14082 15
0.3 14083 15
0.3 14084 0
0.3 14085 5
0.3 14086 0
0.3 14087 5
0.3 14088 0
0.3 14089 5
0.3 14090 10
0.3 14091 15
0.3 14092 20
0.3 14093 15
0.3 14094 20
0.3 14095 25
0.3 14096 20
0.3 14097 0
0.3 14098 0
0.3 14099 0
0.3 14100 5
0.3 14101 0
0.3 14102 0
0.3 14103 0
0.3 14104 0
0.3 14105 0
0.3 14106 5
0.3 14107 5
0.3 14108 10
0.3 14109 10
0.3 14110 5
0.3 14111 0
0.3 14112 0
0.3 14113 0
0.3 14114 0
0.3 14115 0
0.3 14116 0
0.3 14117 5
0.3 14118 5
0.3 14119 5
0.3 14120 5
0.3 14121 0
0.3 14122 0
0.3 14123 0
0.3 14124 0
0.3 14125 0
0.3 14126 5
0.3 14127 10
0.3 14128 0
0.3 14129 0
0.3 14130 0
0.3 14131 5
0.3 14132 5
0.3 14133 5
0.3 14134 0
0.3 14135 0
0.3 14136 0
0.3 14137 0
0.3 14138 5
0.3 14139 10
0.3 14140 15
0.3 14141 5
0.3 14142 0
0.3 14143 5
0.3 14144 5
0.3 14145 10
0.3 14146 15
0.3 14147 5
0.3 14148 0
0.3 14149 0
0.3 14150 0
0.3 14151 0
0.3 14152 5
0.3 14153 0
0.3 14154 0
0.3 14155 0
0.3 14156 0
0.3 14157 5
0.3 14158 0
0.3 14159 0
0.3 14160 0
0.3 14161 5
0.3 14162 0
0.3 14163 5
0.3 14164 5
0.3 14165 10
0.3 14166 15
0.3 14167 10
0.3 14168 10
0.3 14169 5
0.3 14170 0
0.3 14171 0
0.3 14172 0
0.3 14173 0
0.3 14174 0
0.3 14175 0
0.3 14176 5
0.3 14177 0
0.3 14178 5
0.3 14179 0
0.3 14180 0
0.3 14181 0
0.3 14182 0
0.3 14183 0
0.3 14184 0
0.3 14185 0
0.3 14186 0
0.3 14187 5
0.3 14188 0
0.3 14189 5
0.3 14190 5
0.3 14191 10
0.3 14192 10
0.3 14193 15
0.3 14194 5
0.3 14195 0
0.3 14196 0
0.3 14197 5
0.3 14198 0
0.3 14199 0
0.3 14200 5
0.3 14201 5
0.3 14202 5
0.3 14203 0
0.3 14204 5
0.3 14205 0
0.3 14206 0
0.3 14207 0
0.3 14208 0
0.3 14209 5
0.3 14210 0
0.3 14211 5
0.3 14212 10
0.3 14213 10
0.3 14214 15
0.3 14215 5
0.3 14216 0
0.3 14217 0
0.3 14218 5
0.3 14219 0
0.3 14220 5
0.3 14221 0
0.3 14222 0
0.3 14223 0
0.3 14224 0
0.3 14225 5
0.3 14226 5
0.3 14227 0
0.3 14228 5
0.3 14229 10
0.3 14230 15
0.3 14231 0
0.3 14232 0
0.3 14233 5
0.3 14234 5
0.3 14235 0
0.3 14236 5
0.3 14237 0
0.3 14238 0
0.3 14239 5
0.3 14240 10
0.3 14241 15
0.3 14242 15
0.3 14243 5
0.3 14244 10
0.3 14245 5
0.3 14246 5
0.3 14247 0
0.3 14248 0
0.3 14249 0
0.3 14250 0
0.3 14251 0
0.3 14252 5
0.3 14253 5
0.3 14254 5
0.3 14255 5
0.3 14256 5
0.3 14257 10
0.3 14258 15
0.3 14259 20
0.3 14260 25
0.3 14261 25
0.3 14262 25
0.3 14263 5
0.3 14264 5
0.3 14265 0
0.3 14266 0
0.3 14267 0
0.3 14268 5
0.3 14269 0
0.3 14270 5
0.3 14271 0
0.3 14272 0
0.3 14273 5
0.3 14274 0
0.3 14275 5
0.3 14276 5
0.3 14277 0
0.3 14278 5
0.3 14279 0
0.3 14280 5
0.3 14281 0
0.3 14282 5
0.3 14283 10
0.3 14284 15
0.3 14285 5
0.3 14286 5
0.3 14287 5
0.3 14288 10
0.3 14289 0
0.3 14290 5
0.3 14291 0
0.3 14292 0
0.3 14293 5
0.3 14294 10
0.3 14295 10
0.3 14296 10
0.3 14297 15
0.3 14298 20
0.3 14299 25
0.3 14300 25
0.3 14301 25
0.3 14302 25
0.3 14303 25
0.3 14304 20
0.3 14305 20
0.3 14306 25
0.3 14307 25
0.3 14308 20
0.3 14309 20
0.3 14310 25
0.3 14311 25
0.3 14312 25
0.3 14313 25
0.3 14314 20
0.3 14315 25
0.3 14316 25
0.3 14317 20
0.3 14318 25
0.3 14319 25
0.3 14320 25
0.3 14321 25
0.3 14322 20
0.3 14323 15
0.3 14324 20
0.3 14325 25
0.3 14326 25
0.3 14327 25
0.3 14328 5
0.3 14329 5
0.3 14330 0
0.3 14331 0
0.3 14332 0
0.3 14333 5
0.3 14334 0
0.3 14335 0
0.3 14336 0
0.3 14337 0
0.3 14338 0
0.3 14339 0
0.3 14340 0
0.3 14341 5
0.3 14342 0
0.3 14343 0
0.3 14344 0
0.3 14345 5
0.3 14346 0
0.3 14347 0
0.3 14348 0
0.3 14349 0
0.3 14350 0
0.3 14351 0
0.3 14352 0
0.3 14353 5
0.3 14354 5
0.3 14355 5
0.3 14356 0
0.3 14357 0
0.3 14358 0
0.3 14359 5
0.3 14360 5
0.3 14361 10
0.3 14362 15
0.3 14363 10
0.3 14364 15
0.3 14365 15
0.3 14366 20
0.3 14367 20
0.3 14368 25
0.3 14369 25
0.3 14370 25
0.3 14371 25
0.3 14372 20
0.3 14373 25
0.3 14374 20
0.3 14375 25
0.3 14376 20
0.3 14377 20
0.3 14378 15
0.3 14379 20
0.3 14380 25
0.3 14381 20
0.3 14382 25
0.3 14383 25
0.3 14384 25
0.3 14385 20
0.3 14386 25
0.3 14387 20
0.3 14388 20
0.3 14389 20
0.3 14390 5
0.3 14391 5
0.3 14392 0
0.3 14393 0
0.3 14394 5
0.3 14395 10
0.3 14396 0
0.3 14397 5
0.3 14398 10
0.3 14399 10
0.3 14400 15
0.3 14401 15
0.3 14402 20
0.3 14403 5
0.3 14404 0
0.3 14405 0
0.3 14406 5
0.3 14407 10
0.3 14408 0
0.3 14409 5
0.3 14410 10
0.3 14411 15
0.3 14412 5
0.3 14413 10
0.3 14414 10
0.3 14415 15
0.3 14416 15
0.3 14417 20
0.3 14418 20
0.3 14419 25
0.3 14420 20
0.3 14421 25
0.3 14422 20
0.3 14423 25
0.3 14424 25
0.3 14425 25
0.3 14426 25
0.3 14427 25
0.3 14428 10
0.3 14429 5
0.3 14430 5
0.3 14431 10
0.3 14432 0
0.3 14433 5
0.3 14434 0
0.3 14435 0
0.3 14436 0
0.3 14437 0
0.3 14438 5
0.3 14439 10
0.3 14440 15
0.3 14441 20
0.3 14442 20
0.3 14443 20
0.3 14444 20
0.3 14445 5
0.3 14446 10
0.3 14447 15
0.3 14448 20
0.3 14449 5
0.3 14450 5
0.3 14451 0
0.3 14452 0
0.3 14453 0
0.3 14454 0
0.3 14455 0
0.3 14456 0
0.3 14457 5
0.3 14458 5
0.3 14459 0
0.3 14460 5
0.3 14461 5
0.3 14462 10
0.3 14463 5
0.3 14464 0
0.3 14465 0
0.3 14466 5
0.3 14467 10
0.3 14468 5
0.3 14469 10
0.3 14470 0
0.3 14471 5
0.3 14472 10
0.3 14473 15
0.3 14474 15
0.3 14475 5
0.3 14476 5
0.3 14477 0
0.3 14478 0
0.3 14479 0
0.3 14480 5
0.3 14481 10
0.3 14482 0
0.3 14483 0
0.3 14484 0
0.3 14485 5
0.3 14486 10
0.3 14487 15
0.3 14488 5
0.3 14489 5
0.3 14490 0
0.3 14491 0
0.3 14492 0
0.3 14493 5
0.3 14494 5
0.3 14495 5
0.3 14496 5
0.3 14497 5
0.3 14498 10
0.3 14499 0
0.3 14500 0
0.3 14501 0
0.3 14502 0
0.3 14503 0
0.3 14504 5
0.3 14505 0
0.3 14506 0
0.3 14507 0
0.3 14508 5
0.3 14509 10
0.3 14510 0
0.3 14511 0
0.3 14512 0
0.3 14513 0
0.3 14514 0
0.3 14515 0
0.3 14516 0
0.3 14517 5
0.3 14518 5
0.3 14519 5
0.3 14520 10
0.3 14521 10
0.3 14522 15
0.3 14523 20
0.3 14524 25
0.3 14525 25
0.3 14526 25
0.3 14527 25
0.3 14528 25
0.3 14529 5
0.3 14530 5
0.3 14531 5
0.3 14532 5
0.3 14533 0
0.3 14534 5
0.3 14535 0
0.3 14536 0
0.3 14537 0
0.3 14538 0
0.3 14539 0
0.3 14540 0
0.3 14541 5
0.3 14542 0
0.3 14543 0
0.3 14544 0
0.3 14545 0
0.3 14546 5
0.3 14547 0
0.3 14548 0
0.3 14549 0
0.3 14550 0
0.3 14551 0
0.3 14552 0
0.3 14553 0
0.3 14554 5
0.3 14555 5
0.3 14556 5
0.3 14557 5
0.3 14558 10
0.3 14559 10
0.3 14560 10
0.3 14561 15
0.3 14562 15
0.3 14563 20
0.3 14564 20
0.3 14565 25
0.3 14566 25
0.3 14567 25
0.3 14568 25
0.3 14569 25
0.3 14570 25
0.3 14571 25
0.3 14572 0
0.3 14573 0
0.3 14574 0
0.3 14575 0
0.3 14576 0
0.3 14577 5
0.3 14578 5
0.3 14579 0
0.3 14580 0
0.3 14581 0
0.3 14582 0
0.3 14583 0
0.3 14584 0
0.3 14585 0
0.3 14586 0
0.3 14587 0
0.3 14588 0
0.3 14589 0
0.3 14590 0
0.3 14591 0
0.3 14592 0
0.3 14593 5
0.3 14594 10
0.3 14595 15
0.3 14596 20
0.3 14597 25
0.3 14598 20
0.3 14599 25
0.3 14600 0
0.3 14601 5
0.3 14602 0
0.3 14603 0
0.3 14604 0
0.3 14605 0
0.3 14606 5
0.3 14607 5
0.3 14608 10
0.3 14609 10
0.3 14610 15
0.3 14611 20
0.3 14612 20
0.3 14613 10
0.3 14614 10
0.3 14615 15
0.3 14616 15
0.3 14617 20
0.3 14618 25
0.3 14619 20
0.3 14620 20
0.3 14621 15
0.3 14622 0
0.3 14623 0
0.3 14624 5
0.3 14625 0
0.3 14626 0
0.3 14627 0
0.3 14628 0
0.3 14629 0
0.3 14630 0
0.3 14631 0
0.3 14632 5
0.3 14633 0
0.3 14634 0
0.3 14635 0
0.3 14636 0
0.3 14637 0
0.3 14638 5
0.3 14639 5
0.3 14640 5
0.3 14641 0
0.3 14642 0
0.3 14643 5
0.3 14644 0
0.3 14645 0
0.3 14646 5
0.3 14647 0
0.3 14648 0
0.3 14649 5
0.3 14650 5
0.3 14651 10
0.3 14652 10
0.3 14653 15
0.3 14654 10
0.3 14655 10
0.3 14656 15
0.3 14657 15
0.3 14658 20
0.3 14659 15
0.3 14660 20
0.3 14661 20
0.3 14662 20
0.3 14663 20
0.3 14664 25
0.3 14665 25
0.3 14666 20
0.3 14667 20
0.3 14668 20
0.3 14669 10
0.3 14670 10
0.3 14671 10
0.3 14672 15
0.3 14673 20
0.3 14674 15
0.3 14675 5
0.3 14676 10
0.3 14677 5
0.3 14678 10
0.3 14679 10
0.3 14680 0
0.3 14681 0
0.3 14682 0
0.3 14683 0
0.3 14684 0
0.3 14685 0
0.3 14686 0
0.3 14687 0
0.3 14688 0
0.3 14689 0
0.3 14690 0
0.3 14691 5
0.3 14692 5
0.3 14693 10
0.3 14694 15
0.3 14695 15
0.3 14696 20
0.3 14697 15
0.3 14698 10
0.3 14699 15
0.3 14700 15
0.3 14701 20
0.3 14702 20
0.3 14703 20
0.3 14704 15
0.3 14705 5
0.3 14706 10
0.3 14707 5
0.3 14708 5
0.3 14709 0
0.3 14710 0
0.3 14711 0
0.3 14712 0
0.3 14713 0
0.3 14714 0
0.3 14715 0
0.3 14716 0
0.3 14717 0
0.3 14718 0
0.3 14719 0
0.3 14720 0
0.3 14721 0
0.3 14722 0
0.3 14723 5
0.3 14724 0
0.3 14725 0
0.3 14726 0
0.3 14727 0
0.3 14728 0
0.3 14729 0
0.3 14730 5
0.3 14731 10
0.3 14732 0
0.3 14733 5
0.3 14734 0
0.3 14735 5
0.3 14736 0
0.3 14737 5
0.3 14738 0
0.3 14739 5
0.3 14740 10
0.3 14741 0
0.3 14742 0
0.3 14743 5
0.3 14744 10
0.3 14745 15
0.3 14746 10
0.3 14747 10
0.3 14748 15
0.3 14749 10
0.3 14750 15
0.3 14751 20
0.3 14752 25
0.3 14753 25
0.3 14754 20
0.3 14755 20
0.3 14756 20
0.3 14757 5
0.3 14758 0
0.3 14759 0
0.3 14760 0
0.3 14761 0
0.3 14762 0
0.3 14763 0
0.3 14764 0
0.3 14765 5
0.3 14766 0
0.3 14767 0
0.3 14768 0
0.3 14769 5
0.3 14770 0
0.3 14771 5
0.3 14772 10
0.3 14773 10
0.3 14774 5
0.3 14775 10
0.3 14776 0
0.3 14777 0
0.3 14778 0
0.3 14779 5
0.3 14780 0
0.3 14781 0
0.3 14782 0
0.3 14783 0
0.3 14784 5
0.3 14785 0
0.3 14786 0
0.3 14787 0
0.3 14788 0
0.3 14789 5
0.3 14790 5
0.3 14791 5
0.3 14792 10
0.3 14793 5
0.3 14794 10
0.3 14795 15
0.3 14796 5
0.3 14797 5
0.3 14798 5
0.3 14799 5
0.3 14800 10
0.3 14801 15
0.3 14802 15
0.3 14803 20
0.3 14804 20
0.3 14805 20
0.3 14806 25
0.3 14807 25
0.3 14808 25
0.3 14809 25
0.3 14810 20
0.3 14811 15
0.3 14812 5
0.3 14813 0
0.3 14814 0
0.3 14815 0
0.3 14816 5
0.3 14817 0
0.3 14818 0
0.3 14819 0
0.3 14820 5
0.3 14821 10
0.3 14822 0
0.3 14823 0
0.3 14824 5
0.3 14825 5
0.3 14826 0
0.3 14827 0
0.3 14828 0
0.3 14829 0
0.3 14830 0
0.3 14831 0
0.3 14832 5
0.3 14833 10
0.3 14834 0
0.3 14835 0
0.3 14836 0
0.3 14837 0
0.3 14838 0
0.3 14839 0
0.3 14840 0
0.3 14841 5
0.3 14842 0
0.3 14843 0
0.3 14844 0
0.3 14845 0
0.3 14846 0
0.3 14847 5
0.3 14848 10
0.3 14849 15
0.3 14850 5
0.3 14851 0
0.3 14852 0
0.3 14853 0
0.3 14854 0
0.3 14855 5
0.3 14856 5
0.3 14857 10
0.3 14858 10
0.3 14859 5
0.3 14860 0
0.3 14861 5
0.3 14862 5
0.3 14863 5
0.3 14864 10
0.3 14865 15
0.3 14866 15
0.3 14867 20
0.3 14868 0
0.3 14869 0
0.3 14870 0
0.3 14871 5
0.3 14872 0
0.3 14873 5
0.3 14874 0
0.3 14875 0
0.3 14876 0
0.3 14877 0
0.3 14878 0
0.3 14879 0
0.3 14880 0
0.3 14881 0
0.3 14882 0
0.3 14883 0
0.3 14884 0
0.3 14885 5
0.3 14886 5
0.3 14887 0
0.3 14888 5
0.3 14889 0
0.3 14890 0
0.3 14891 0
0.3 14892 0
0.3 14893 5
0.3 14894 0
0.3 14895 5
0.3 14896 10
0.3 14897 10
0.3 14898 10
0.3 14899 10
0.3 14900 5
0.3 14901 0
0.3 14902 0
0.3 14903 5
0.3 14904 5
0.3 14905 5
0.3 14906 0
0.3 14907 0
0.3 14908 0
0.3 14909 5
0.3 14910 5
0.3 14911 5
0.3 14912 10
0.3 14913 15
0.3 14914 15
0.3 14915 10
0.3 14916 10
0.3 14917 15
0.3 14918 20
0.3 14919 25
0.3 14920 15
0.3 14921 20
0.3 14922 10
0.3 14923 0
0.3 14924 0
0.3 14925 0
0.3 14926 5
0.3 14927 5
0.3 14928 5
0.3 14929 10
0.3 14930 15
0.3 14931 0
0.3 14932 5
0.3 14933 0
0.3 14934 5
0.3 14935 5
0.3 14936 0
0.3 14937 5
0.3 14938 5
0.3 14939 0
0.3 14940 0
0.3 14941 0
0.3 14942 0
0.3 14943 5
0.3 14944 0
0.3 14945 0
0.3 14946 0
0.3 14947 0
0.3 14948 0
0.3 14949 5
0.3 14950 0
0.3 14951 0
0.3 14952 0
0.3 14953 5
0.3 14954 10
0.3 14955 5
0.3 14956 0
0.3 14957 0
0.3 14958 5
0.3 14959 10
0.3 14960 0
0.3 14961 5
0.3 14962 5
0.3 14963 5
0.3 14964 0
0.3 14965 0
0.3 14966 0
0.3 14967 0
0.3 14968 5
0.3 14969 5
0.3 14970 5
0.3 14971 5
0.3 14972 5
0.3 14973 5
0.3 14974 0
0.3 14975 0
0.3 14976 0
0.3 14977 5
0.3 14978 0
0.3 14979 5
0.3 14980 10
0.3 14981 15
0.3 14982 20
0.3 14983 25
0.3 14984 20
0.3 14985 25
0.3 14986 20
0.3 14987 5
0.3 14988 5
0.3 14989 0
0.3 14990 0
0.3 14991 0
0.3 14992 0
0.3 14993 0
0.3 14994 0
0.3 14995 0
0.3 14996 0
0.3 14997 0
0.3 14998 5
0.3 14999 0
