117.45 1.0 117.45
113.4 1.0 113.4
118.8 1.0 118.8
120.15 1.0 120.15
114.75 1.0 114.75
114.75 1.0 114.75
118.8 1.0 118.8
114.75 1.0 114.75
117.45 1.0 117.45
113.4 1.0 113.4
117.45 1.0 117.45
114.75 1.0 114.75
118.8 1.0 118.8
116.1 1.0 116.1
112.05 1.0 112.05
114.75 1.0 114.75
120.15 1.0 120.15
114.75 1.0 114.75
114.75 1.0 114.75
110.7 1.0 110.7
120.15 1.0 120.15
117.45 1.0 117.45
116.1 1.0 116.1
117.45 1.0 117.45
116.1 1.0 116.1
121.5 1.0 121.5
112.05 1.0 112.05
117.45 1.0 117.45
114.75 1.0 114.75
116.1 1.0 116.1
112.05 1.0 112.05
116.1 1.0 116.1
117.45 1.0 117.45
120.15 1.0 120.15
114.75 1.0 114.75
117.45 1.0 117.45
114.75 1.0 114.75
116.1 1.0 116.1
118.8 1.0 118.8
114.75 1.0 114.75
116.1 1.0 116.1
236.25 2.0 118.125
234.9 2.0 117.45
234.9 2.0 117.45
234.9 2.0 117.45
228.15 2.0 114.075
230.85 2.0 115.425
228.15 2.0 114.075
230.85 2.0 115.425
234.9 2.0 117.45
236.25 2.0 118.125
232.2 2.0 116.1
236.25 2.0 118.125
229.5 2.0 114.75
234.9 2.0 117.45
240.3 2.0 120.15
230.85 2.0 115.425
238.95 2.0 119.475
228.15 2.0 114.075
222.75 2.0 111.375
233.55 2.0 116.775
226.8 2.0 113.4
229.5 2.0 114.75
228.15 2.0 114.075
224.1 2.0 112.05
237.6 2.0 118.8
241.65 2.0 120.825
233.55 2.0 116.775
230.85 2.0 115.425
232.2 2.0 116.1
234.9 2.0 117.45
232.2 2.0 116.1
229.5 2.0 114.75
229.5 2.0 114.75
234.9 2.0 117.45
229.5 2.0 114.75
232.2 2.0 116.1
237.6 2.0 118.8
233.55 2.0 116.775
232.2 2.0 116.1
230.85 2.0 115.425
226.8 2.0 113.4
344.25 3.0 114.75
349.65002 3.0 116.55
348.3 3.0 116.1
351.0 3.0 117.0
348.3 3.0 116.1
348.3 3.0 116.1
342.90002 3.0 114.3
349.65002 3.0 116.55
342.90002 3.0 114.3
344.25 3.0 114.75
349.65002 3.0 116.55
346.95 3.0 115.65
348.3 3.0 116.1
342.90002 3.0 114.3
345.59998 3.0 115.2
344.25 3.0 114.75
348.3 3.0 116.1
352.34998 3.0 117.45
351.0 3.0 117.0
351.0 3.0 117.0
342.90002 3.0 114.3
349.65002 3.0 116.55
344.25 3.0 114.75
344.25 3.0 114.75
349.65002 3.0 116.55
345.59998 3.0 115.2
346.95 3.0 115.65
348.3 3.0 116.1
355.05 3.0 118.35
348.3 3.0 116.1
352.34998 3.0 117.45
345.59998 3.0 115.2
352.34998 3.0 117.45
352.34998 3.0 117.45
349.65002 3.0 116.55
348.3 3.0 116.1
346.95 3.0 115.65
344.25 3.0 114.75
348.3 3.0 116.1
346.95 3.0 115.65
342.90002 3.0 114.3
468.45 4.0 117.1125
459.0 4.0 114.75
459.0 4.0 114.75
459.0 4.0 114.75
463.05 4.0 115.7625
456.3 4.0 114.075
465.75 4.0 116.4375
468.45 4.0 117.1125
469.8 4.0 117.45
463.05 4.0 115.7625
471.15 4.0 117.7875
457.65 4.0 114.4125
463.05 4.0 115.7625
472.5 4.0 118.125
467.1 4.0 116.775
461.7 4.0 115.425
465.75 4.0 116.4375
464.4 4.0 116.1
461.7 4.0 115.425
461.7 4.0 115.425
457.65 4.0 114.4125
461.7 4.0 115.425
461.7 4.0 115.425
461.7 4.0 115.425
465.75 4.0 116.4375
464.4 4.0 116.1
461.7 4.0 115.425
465.75 4.0 116.4375
468.45 4.0 117.1125
460.35 4.0 115.0875
459.0 4.0 114.75
445.5 4.0 111.375
463.05 4.0 115.7625
465.75 4.0 116.4375
461.7 4.0 115.425
465.75 4.0 116.4375
457.65 4.0 114.4125
469.8 4.0 117.45
463.05 4.0 115.7625
461.7 4.0 115.425
461.7 4.0 115.425
577.8 5.0 115.56
584.55005 5.0 116.91
585.9 5.0 117.18
581.85004 5.0 116.37
572.4 5.0 114.48
580.5 5.0 116.1
573.75 5.0 114.75
571.05 5.0 114.21
562.94995 5.0 112.59
558.9 5.0 111.78
576.45 5.0 115.29
585.9 5.0 117.18
577.8 5.0 115.56
580.5 5.0 116.1
568.35 5.0 113.67
581.85004 5.0 116.37
583.2 5.0 116.64
583.2 5.0 116.64
552.15 5.0 110.43
580.5 5.0 116.1
569.7 5.0 113.94
576.45 5.0 115.29
581.85004 5.0 116.37
585.9 5.0 117.18
577.8 5.0 115.56
575.1 5.0 115.02
569.7 5.0 113.94
577.8 5.0 115.56
587.25 5.0 117.45
568.35 5.0 113.67
571.05 5.0 114.21
567.0 5.0 113.4
584.55005 5.0 116.91
571.05 5.0 114.21
548.10004 5.0 109.62
577.8 5.0 115.56
567.0 5.0 113.4
572.4 5.0 114.48
579.15 5.0 115.83
573.75 5.0 114.75
558.9 5.0 111.78
545.4 6.0 90.9
564.30005 6.0 94.05
537.30005 6.0 89.55
564.30005 6.0 94.05
549.44995 6.0 91.575
488.69998 6.0 81.45
530.55005 6.0 88.425
584.55005 6.0 97.425
602.1 6.0 100.35
614.25 6.0 102.375
531.9 6.0 88.65
557.55005 6.0 92.925
508.94998 6.0 84.825
526.5 6.0 87.75
585.9 6.0 97.65
553.5 6.0 92.25
608.85 6.0 101.475
560.25 6.0 93.375
521.1 6.0 86.85
499.5 6.0 83.25
498.15002 6.0 83.025
500.84998 6.0 83.475
479.25 6.0 79.875
472.5 6.0 78.75
535.94995 6.0 89.325
530.55005 6.0 88.425
515.69995 6.0 85.95
529.19995 6.0 88.2
527.85 6.0 87.975
571.05005 6.0 95.175
550.80005 6.0 91.8
548.1 6.0 91.35
556.19995 6.0 92.7
537.30005 6.0 89.55
540.0 6.0 90.0
510.30002 6.0 85.05
469.80002 6.0 78.3
515.69995 6.0 85.95
453.59998 6.0 75.6
522.44995 6.0 87.075
565.65 6.0 94.275
541.35004 7.0 77.33572
568.35 7.0 81.192856
508.95 7.0 72.707146
533.25 7.0 76.17857
518.4 7.0 74.057144
560.25 7.0 80.03571
576.45 7.0 82.35
514.35 7.0 73.47857
523.80005 7.0 74.828575
521.1 7.0 74.442856
560.25 7.0 80.03571
514.35 7.0 73.47857
540.0 7.0 77.14286
575.1 7.0 82.15714
526.5 7.0 75.21429
558.9 7.0 79.84286
596.7 7.0 85.24286
561.6 7.0 80.22857
527.85 7.0 75.40714
499.49997 7.0 71.35714
472.5 7.0 67.5
463.05002 7.0 66.15
504.9 7.0 72.12857
480.6 7.0 68.65714
452.24997 7.0 64.60714
481.94998 7.0 68.85
557.55 7.0 79.65
546.75 7.0 78.10714
521.1 7.0 74.442856
541.35004 7.0 77.33572
564.30005 7.0 80.61429
548.10004 7.0 78.3
518.4 7.0 74.057144
577.8 7.0 82.542854
548.10004 7.0 78.3
523.80005 7.0 74.828575
507.59998 7.0 72.51428
426.59998 7.0 60.942856
594.0 7.0 84.85714
541.35004 7.0 77.33572
475.19998 7.0 67.88571
562.95 8.0 70.36875
584.55 8.0 73.06875
587.25 8.0 73.40625
519.75 8.0 64.96875
494.1 8.0 61.7625
503.55 8.0 62.94375
484.65 8.0 60.58125
583.2 8.0 72.9
561.6 8.0 70.2
580.5 8.0 72.5625
531.9 8.0 66.4875
480.6 8.0 60.075
491.4 8.0 61.425
518.4 8.0 64.8
549.45 8.0 68.68125
554.85 8.0 69.35625
503.55 8.0 62.94375
499.5 8.0 62.4375
510.3 8.0 63.7875
502.2 8.0 62.775
492.75 8.0 61.59375
542.7 8.0 67.8375
538.65 8.0 67.33125
537.3 8.0 67.1625
499.5 8.0 62.4375
490.05 8.0 61.25625
515.7 8.0 64.4625
540.0 8.0 67.5
523.8 8.0 65.475
510.3 8.0 63.7875
527.85 8.0 65.98125
513.0 8.0 64.125
521.1 8.0 65.1375
585.9 8.0 73.2375
560.25 8.0 70.03125
573.75 8.0 71.71875
511.65 8.0 63.95625
490.05 8.0 61.25625
553.5 8.0 69.1875
550.8 8.0 68.85
569.7 8.0 71.2125
498.15 9.0 55.35
468.44998 9.0 52.05
508.94998 9.0 56.55
498.15 9.0 55.35
525.14996 9.0 58.35
488.69998 9.0 54.3
498.15 9.0 55.35
486.0 9.0 54.0
540.0 9.0 60.0
548.10004 9.0 60.9
535.95 9.0 59.55
514.35004 9.0 57.15
508.94998 9.0 56.55
526.5 9.0 58.5
529.2 9.0 58.8
481.94998 9.0 53.55
463.05002 9.0 51.45
538.64996 9.0 59.85
513.0 9.0 57.0
507.6 9.0 56.4
475.19998 9.0 52.8
514.35004 9.0 57.15
490.05002 9.0 54.45
456.30002 9.0 50.7
498.15 9.0 55.35
464.4 9.0 51.6
469.80002 9.0 52.2
491.4 9.0 54.6
483.30002 9.0 53.7
513.0 9.0 57.0
569.7 9.0 63.3
529.2 9.0 58.8
585.89996 9.0 65.1
564.3 9.0 62.7
572.39996 9.0 63.6
548.10004 9.0 60.9
535.95 9.0 59.55
499.5 9.0 55.5
535.95 9.0 59.55
495.44998 9.0 55.05
483.30002 9.0 53.7
446.85 10.0 44.685
514.35004 10.0 51.435
483.30002 10.0 48.33
460.35 10.0 46.035
517.05005 10.0 51.705
448.2 10.0 44.82
504.90002 10.0 50.49
550.80005 10.0 55.08
508.95 10.0 50.895
495.44998 10.0 49.545
426.6 10.0 42.66
530.55 10.0 53.055
496.8 10.0 49.68
537.3 10.0 53.73
498.15 10.0 49.815
498.15 10.0 49.815
531.89996 10.0 53.19
488.69998 10.0 48.87
542.7 10.0 54.27
544.05 10.0 54.405
480.6 10.0 48.06
564.3 10.0 56.43
434.7 10.0 43.47
511.65002 10.0 51.165
484.65 10.0 48.465
514.35004 10.0 51.435
519.75 10.0 51.975
554.85 10.0 55.485
477.90002 10.0 47.79
518.4 10.0 51.84
477.90002 10.0 47.79
515.7 10.0 51.57
517.05005 10.0 51.705
427.94998 10.0 42.795
495.44998 10.0 49.545
550.80005 10.0 55.08
487.35 10.0 48.735
504.90002 10.0 50.49
526.5 10.0 52.65
556.2 10.0 55.62
477.90002 10.0 47.79
452.25 11.0 41.113636
446.84998 11.0 40.622726
527.85 11.0 47.986362
490.05 11.0 44.55
581.85 11.0 52.895454
526.5 11.0 47.863636
527.85 11.0 47.986362
488.7 11.0 44.427273
491.4 11.0 44.672726
487.35 11.0 44.304546
477.9 11.0 43.445454
595.35 11.0 54.122726
515.7 11.0 46.881817
441.44998 11.0 40.131817
467.09998 11.0 42.463634
479.24997 11.0 43.56818
498.15002 11.0 45.286366
459.0 11.0 41.727272
504.90002 11.0 45.9
553.5 11.0 50.31818
535.95 11.0 48.72273
500.85 11.0 45.53182
503.55 11.0 45.77727
530.55 11.0 48.23182
508.94998 11.0 46.26818
492.75 11.0 44.795456
535.95 11.0 48.72273
572.4 11.0 52.036366
534.6 11.0 48.6
519.75 11.0 47.25
522.44995 11.0 47.495453
498.15002 11.0 45.286366
506.25 11.0 46.022728
514.35 11.0 46.75909
529.2 11.0 48.109093
545.4 11.0 49.581818
481.95 11.0 43.813637
529.2 11.0 48.109093
503.55 11.0 45.77727
510.3 11.0 46.390907
491.4 11.0 44.672726
472.5 12.0 39.375
472.5 12.0 39.375
510.30002 12.0 42.525
519.75 12.0 43.3125
519.75 12.0 43.3125
573.75 12.0 47.8125
554.85 12.0 46.2375
488.69998 12.0 40.725
486.0 12.0 40.5
476.55002 12.0 39.7125
535.94995 12.0 44.6625
467.09998 12.0 38.925
538.65 12.0 44.8875
506.25 12.0 42.1875
519.75 12.0 43.3125
498.15002 12.0 41.5125
495.44998 12.0 41.2875
495.44998 12.0 41.2875
545.4 12.0 45.45
481.94998 12.0 40.1625
461.69998 12.0 38.475
541.35 12.0 45.1125
517.05005 12.0 43.0875
488.69998 12.0 40.725
514.35 12.0 42.8625
508.94998 12.0 42.4125
504.90002 12.0 42.075
461.69998 12.0 38.475
426.59998 12.0 35.55
465.75 12.0 38.8125
518.4 12.0 43.2
495.44998 12.0 41.2875
580.5 12.0 48.375
499.5 12.0 41.625
576.44995 12.0 48.0375
556.19995 12.0 46.35
517.05005 12.0 43.0875
526.5 12.0 43.875
527.85 12.0 43.9875
579.15 12.0 48.2625
504.90002 12.0 42.075
460.34998 13.0 35.411537
472.5 13.0 36.346153
514.35 13.0 39.565384
541.35 13.0 41.642307
507.6 13.0 39.046154
533.25 13.0 41.01923
506.25 13.0 38.942307
426.59998 13.0 32.815384
465.75 13.0 35.826923
469.80002 13.0 36.138462
506.25 13.0 38.942307
530.55 13.0 40.81154
569.7 13.0 43.82308
495.44998 13.0 38.111538
513.0 13.0 39.46154
460.34998 13.0 35.411537
527.85004 13.0 40.603848
519.75 13.0 39.98077
500.85 13.0 38.526924
506.25 13.0 38.942307
506.25 13.0 38.942307
486.00003 13.0 37.384617
495.44998 13.0 38.111538
492.75 13.0 37.903847
481.95 13.0 37.07308
422.55 13.0 32.503845
464.4 13.0 35.723076
508.95 13.0 39.15
494.09998 13.0 38.00769
519.75 13.0 39.98077
450.90002 13.0 34.684616
503.55 13.0 38.734615
517.05 13.0 39.773075
471.15002 13.0 36.24231
465.75 13.0 35.826923
537.3 13.0 41.33077
525.14996 13.0 40.396152
476.55 13.0 36.657692
494.09998 13.0 38.00769
487.34998 13.0 37.48846
577.80005 13.0 44.446156
514.35 14.0 36.739285
533.25 14.0 38.089287
486.0 14.0 34.714287
515.69995 14.0 36.835712
460.34998 14.0 32.88214
510.30002 14.0 36.45
518.4 14.0 37.028572
522.44995 14.0 37.317856
545.39996 14.0 38.95714
461.7 14.0 32.978573
487.35 14.0 34.810715
527.85 14.0 37.70357
526.5 14.0 37.607143
506.25 14.0 36.160713
479.25 14.0 34.232143
449.55 14.0 32.110714
487.35 14.0 34.810715
472.5 14.0 33.75
508.95 14.0 36.353573
508.95 14.0 36.353573
473.84998 14.0 33.846428
529.2 14.0 37.8
510.30002 14.0 36.45
525.15 14.0 37.510715
553.5 14.0 39.535713
533.25 14.0 38.089287
503.55 14.0 35.967857
488.7 14.0 34.907143
517.05005 14.0 36.932144
407.7 14.0 29.12143
457.65 14.0 32.689285
469.80002 14.0 33.557144
480.6 14.0 34.32857
604.8 14.0 43.2
498.15 14.0 35.58214
471.15002 14.0 33.653572
504.9 14.0 36.064285
583.2 14.0 41.657143
533.25 14.0 38.089287
514.35 14.0 36.739285
491.39996 14.0 35.1
525.15 15.000001 35.01
499.50003 15.000001 33.3
488.70007 15.000001 32.58
425.25003 15.000001 28.35
491.4 15.000001 32.76
457.65002 15.000001 30.51
550.80005 15.000001 36.72
465.75003 15.000001 31.05
492.75 15.000001 32.85
527.85004 15.000001 35.19
481.95004 15.000001 32.13
495.45 15.000001 33.03
430.65002 15.000001 28.71
445.50003 15.000001 29.7
492.75 15.000001 32.85
491.4 15.000001 32.76
603.45 15.000001 40.23
444.15002 15.000001 29.61
486.00006 15.000001 32.4
444.15002 15.000001 29.61
446.85004 15.000001 29.79
514.35004 15.000001 34.29
533.25 15.000001 35.55
483.30005 15.000001 32.22
488.70007 15.000001 32.58
518.4 15.000001 34.56
519.75006 15.000001 34.65
535.95 15.000001 35.73
492.75 15.000001 32.85
477.90002 15.000001 31.86
467.1 15.000001 31.14
481.95004 15.000001 32.13
510.30005 15.000001 34.02
513.00006 15.000001 34.2
496.80002 15.000001 33.12
526.5 15.000001 35.1
487.35007 15.000001 32.49
507.60004 15.000001 33.84
479.25003 15.000001 31.95
530.55 15.000001 35.37
535.95 15.000001 35.73
530.55 16.0 33.159374
513.0 16.0 32.0625
448.2 16.0 28.0125
486.0 16.0 30.375
503.55 16.0 31.471874
477.9 16.0 29.86875
486.0 16.0 30.375
522.45 16.0 32.653126
438.75 16.0 27.421875
556.2 16.0 34.7625
479.25 16.0 29.953125
487.35 16.0 30.459375
453.6 16.0 28.35
475.2 16.0 29.7
498.15 16.0 31.134375
538.65 16.0 33.665627
477.9 16.0 29.86875
450.9 16.0 28.18125
481.95 16.0 30.121876
427.95 16.0 26.746876
498.15 16.0 31.134375
577.8 16.0 36.1125
471.15 16.0 29.446875
486.0 16.0 30.375
499.5 16.0 31.21875
503.55 16.0 31.471874
465.75 16.0 29.109375
544.05 16.0 34.003124
526.5 16.0 32.90625
495.45 16.0 30.965626
442.8 16.0 27.675
583.2 16.0 36.45
502.2 16.0 31.3875
461.7 16.0 28.85625
499.5 16.0 31.21875
486.0 16.0 30.375
453.6 16.0 28.35
411.75 16.0 25.734375
448.2 16.0 28.0125
461.7 16.0 28.85625
480.6 16.0 30.0375
457.65 17.0 26.920588
483.3 17.0 28.42941
468.44998 17.0 27.555882
479.25 17.0 28.191177
537.3 17.0 31.605883
448.2 17.0 26.364706
490.05002 17.0 28.826471
456.30002 17.0 26.841177
484.65 17.0 28.508823
425.25 17.0 25.014706
449.55002 17.0 26.444118
513.0 17.0 30.17647
488.7 17.0 28.747059
484.65 17.0 28.508823
432.0 17.0 25.411764
483.3 17.0 28.42941
502.19998 17.0 29.541176
526.5 17.0 30.970589
504.90002 17.0 29.7
549.44995 17.0 32.320587
508.95 17.0 29.938236
461.69998 17.0 27.158823
460.35 17.0 27.079412
468.44998 17.0 27.555882
486.0 17.0 28.588236
456.30002 17.0 26.841177
463.05 17.0 27.238235
483.3 17.0 28.42941
511.65 17.0 30.09706
480.6 17.0 28.270588
513.0 17.0 30.17647
506.25 17.0 29.779411
457.65 17.0 26.920588
487.34998 17.0 28.667646
486.0 17.0 28.588236
464.40002 17.0 27.317648
494.1 17.0 29.064707
415.80002 17.0 24.458824
499.5 17.0 29.382353
463.05 17.0 27.238235
467.1 17.0 27.47647
529.2 18.0 29.4
418.5 18.0 23.25
508.94998 18.0 28.275
440.1 18.0 24.45
481.94998 18.0 26.775
500.85 18.0 27.825
542.7 18.0 30.15
487.35 18.0 27.075
508.94998 18.0 28.275
459.0 18.0 25.5
517.05 18.0 28.725
531.89996 18.0 29.55
496.80002 18.0 27.6
448.19998 18.0 24.9
487.35 18.0 27.075
518.39996 18.0 28.8
444.15 18.0 24.675
518.39996 18.0 28.8
540.0 18.0 30.0
432.0 18.0 24.0
508.94998 18.0 28.275
448.19998 18.0 24.9
498.15 18.0 27.675
502.19998 18.0 27.9
461.69998 18.0 25.65
510.30002 18.0 28.35
540.0 18.0 30.0
406.35 18.0 22.575
518.39996 18.0 28.8
440.1 18.0 24.45
523.8 18.0 29.1
436.05002 18.0 24.225
500.85 18.0 27.825
468.44998 18.0 26.025
515.7 18.0 28.65
469.80002 18.0 26.1
464.4 18.0 25.8
546.75 18.0 30.375
463.05002 18.0 25.725
467.1 18.0 25.95
510.30002 18.0 28.35
492.75 19.0 25.93421
475.2 19.0 25.010527
479.25 19.0 25.223684
476.55002 19.0 25.08158
502.2 19.0 26.43158
481.95 19.0 25.36579
521.1 19.0 27.426315
542.7 19.0 28.563158
483.3 19.0 25.436842
499.5 19.0 26.289474
481.95 19.0 25.36579
413.1 19.0 21.742105
484.65 19.0 25.507895
437.40002 19.0 23.021053
494.09998 19.0 26.005262
492.75 19.0 25.93421
444.15 19.0 23.376316
518.4 19.0 27.28421
454.94998 19.0 23.944736
444.15 19.0 23.376316
496.8 19.0 26.147367
464.4 19.0 24.442104
546.75 19.0 28.776316
490.05 19.0 25.792105
533.25 19.0 28.06579
537.3 19.0 28.278948
488.69998 19.0 25.721052
518.4 19.0 27.28421
454.94998 19.0 23.944736
508.95 19.0 26.786842
496.8 19.0 26.147367
464.4 19.0 24.442104
498.15002 19.0 26.218422
490.05 19.0 25.792105
400.95 19.0 21.102633
446.85 19.0 23.518421
438.75 19.0 23.092106
452.25 19.0 23.802631
480.6 19.0 25.294737
469.80002 19.0 24.726316
511.65 19.0 26.928947
518.4 20.0 25.92
472.5 20.0 23.625
479.25 20.0 23.9625
442.8 20.0 22.14
460.35 20.0 23.0175
471.15002 20.0 23.5575
494.1 20.0 24.705
514.35004 20.0 25.7175
426.6 20.0 21.33
511.65002 20.0 25.5825
476.55 20.0 23.8275
511.65002 20.0 25.5825
483.30002 20.0 24.165
502.2 20.0 25.11
518.4 20.0 25.92
468.45 20.0 23.4225
506.25 20.0 25.3125
475.2 20.0 23.76
476.55 20.0 23.8275
530.55 20.0 26.5275
475.2 20.0 23.76
517.05005 20.0 25.8525
442.8 20.0 22.14
454.94998 20.0 22.7475
491.4 20.0 24.57
510.3 20.0 25.515
456.30002 20.0 22.815
488.69998 20.0 24.435
523.8 20.0 26.19
527.85 20.0 26.3925
432.0 20.0 21.6
448.2 20.0 22.41
463.05 20.0 23.1525
467.09998 20.0 23.355
450.9 20.0 22.545
468.45 20.0 23.4225
459.0 20.0 22.95
481.95 20.0 24.0975
472.5 20.0 23.625
508.95 20.0 25.4475
533.25 20.0 26.6625
495.45 21.0 23.592857
481.95 21.0 22.95
423.90002 21.0 20.185715
459.0 21.0 21.857143
483.30002 21.0 23.014286
507.6 21.0 24.171429
463.05 21.0 22.05
492.74997 21.0 23.464285
483.30002 21.0 23.014286
394.2 21.0 18.77143
444.15 21.0 21.15
481.95 21.0 22.95
461.69998 21.0 21.985714
513.0 21.0 24.428572
535.95 21.0 25.52143
514.35 21.0 24.492857
450.9 21.0 21.471428
446.85 21.0 21.278572
440.1 21.0 20.957144
496.8 21.0 23.657143
463.05 21.0 22.05
476.55002 21.0 22.692858
469.80002 21.0 22.37143
440.1 21.0 20.957144
467.1 21.0 22.242857
475.19998 21.0 22.62857
479.25 21.0 22.821428
430.65 21.0 20.507143
477.9 21.0 22.757143
456.3 21.0 21.72857
476.55002 21.0 22.692858
419.85 21.0 19.992857
481.95 21.0 22.95
463.05 21.0 22.05
526.5 21.0 25.071428
461.69998 21.0 21.985714
427.94998 21.0 20.37857
410.4 21.0 19.542856
440.1 21.0 20.957144
484.65 21.0 23.078571
434.7 21.0 20.7
498.15002 22.0 22.643183
473.85 22.0 21.538637
477.9 22.0 21.722727
457.65 22.0 20.802273
464.4 22.0 21.10909
472.5 22.0 21.477272
475.2 22.0 21.6
500.85 22.0 22.76591
511.65002 22.0 23.256819
454.95 22.0 20.679546
480.6 22.0 21.845455
495.45 22.0 22.520454
479.24997 22.0 21.78409
456.30002 22.0 20.74091
452.25 22.0 20.556818
457.65 22.0 20.802273
452.25 22.0 20.556818
441.44998 22.0 20.065908
417.15 22.0 18.961363
467.09998 22.0 21.231817
454.95 22.0 20.679546
476.55 22.0 21.661364
491.4 22.0 22.336363
499.5 22.0 22.704546
457.65 22.0 20.802273
415.8 22.0 18.9
468.45 22.0 21.293182
479.24997 22.0 21.78409
442.80002 22.0 20.127274
438.75 22.0 19.943182
529.2 22.0 24.054546
483.3 22.0 21.968182
406.35 22.0 18.470455
417.15 22.0 18.961363
530.55 22.0 24.11591
498.15002 22.0 22.643183
469.8 22.0 21.354546
480.6 22.0 21.845455
421.2 22.0 19.145454
468.45 22.0 21.293182
448.19998 22.0 20.372726
434.69998 23.0 18.9
464.40002 23.0 20.191305
522.45 23.0 22.715218
475.2 23.0 20.66087
465.75 23.0 20.25
444.15 23.0 19.31087
481.94998 23.0 20.954348
453.6 23.0 19.721739
473.85 23.0 20.602175
449.55002 23.0 19.545652
511.64996 23.0 22.245651
483.30002 23.0 21.013044
448.19998 23.0 19.486956
490.05002 23.0 21.306522
391.50003 23.0 17.02174
475.2 23.0 20.66087
459.0 23.0 19.956522
494.1 23.0 21.482609
433.35 23.0 18.841305
452.25 23.0 19.663044
469.8 23.0 20.426086
434.69998 23.0 18.9
471.15002 23.0 20.484783
483.30002 23.0 21.013044
460.34998 23.0 20.015217
511.64996 23.0 22.245651
383.4 23.0 16.669565
461.7 23.0 20.073914
433.35 23.0 18.841305
411.75 23.0 17.902174
445.50003 23.0 19.369566
444.15 23.0 19.31087
491.4 23.0 21.365217
479.25 23.0 20.836956
426.6 23.0 18.547827
426.6 23.0 18.547827
465.75 23.0 20.25
440.1 23.0 19.134783
415.8 23.0 18.07826
453.6 23.0 19.721739
476.55 23.0 20.719564
444.15002 24.0 18.50625
444.15002 24.0 18.50625
488.69998 24.0 20.3625
519.75 24.0 21.65625
454.94998 24.0 18.95625
454.94998 24.0 18.95625
468.44998 24.0 19.51875
421.19998 24.0 17.55
418.5 24.0 17.4375
469.80002 24.0 19.575
459.0 24.0 19.125
460.34998 24.0 19.18125
457.65002 24.0 19.06875
429.30002 24.0 17.8875
438.75 24.0 18.28125
429.30002 24.0 17.8875
429.30002 24.0 17.8875
426.59998 24.0 17.775
456.30002 24.0 19.0125
492.75 24.0 20.53125
481.94998 24.0 20.08125
444.15002 24.0 18.50625
427.94998 24.0 17.83125
442.80002 24.0 18.45
436.05002 24.0 18.16875
521.1 24.0 21.7125
440.09998 24.0 18.3375
492.75 24.0 20.53125
471.15002 24.0 19.63125
436.05002 24.0 18.16875
446.84998 24.0 18.61875
433.34998 24.0 18.05625
498.15002 24.0 20.75625
467.09998 24.0 19.4625
456.30002 24.0 19.0125
481.94998 24.0 20.08125
432.0 24.0 18.0
399.59998 24.0 16.65
460.34998 24.0 19.18125
473.84998 24.0 19.74375
460.34998 24.0 19.18125
456.30002 25.0 18.252
437.4 25.0 17.496
459.0 25.0 18.36
454.95 25.0 18.198
464.4 25.0 18.576
418.5 25.0 16.74
453.59998 25.0 18.144
434.7 25.0 17.388
479.25 25.0 19.17
453.59998 25.0 18.144
476.55002 25.0 19.062
400.95 25.0 16.038
429.30002 25.0 17.172
494.1 25.0 19.764
392.85 25.0 15.714
419.85 25.0 16.794
471.15002 25.0 18.846
403.65 25.0 16.146
481.95 25.0 19.278
464.4 25.0 18.576
450.9 25.0 18.036
352.35 25.0 14.094
433.34998 25.0 17.334
457.65 25.0 18.306
472.5 25.0 18.9
472.5 25.0 18.9
411.74997 25.0 16.47
417.15002 25.0 16.686
425.25 25.0 17.01
430.65 25.0 17.226
445.5 25.0 17.82
413.1 25.0 16.524
456.30002 25.0 18.252
519.75 25.0 20.79
427.95 25.0 17.118
492.74997 25.0 19.71
417.15002 25.0 16.686
496.8 25.0 19.872
456.30002 25.0 18.252
515.7 25.0 20.628
449.55002 25.0 17.982
460.34998 26.0 17.705769
421.2 26.0 16.2
465.75 26.0 17.913462
483.3 26.0 18.58846
454.95 26.0 17.498077
410.4 26.0 15.7846155
423.9 26.0 16.303846
460.34998 26.0 17.705769
403.65 26.0 15.525
476.55 26.0 18.328846
480.6 26.0 18.484615
477.90002 26.0 18.38077
460.34998 26.0 17.705769
446.85 26.0 17.186539
525.14996 26.0 20.198076
423.9 26.0 16.303846
454.95 26.0 17.498077
483.3 26.0 18.58846
433.34998 26.0 16.667307
419.85 26.0 16.148077
484.65 26.0 18.640385
480.6 26.0 18.484615
473.85 26.0 18.225
506.25 26.0 19.471153
425.25003 26.0 16.35577
456.3 26.0 17.55
504.90002 26.0 19.419231
453.6 26.0 17.446154
456.3 26.0 17.55
423.9 26.0 16.303846
453.6 26.0 17.446154
459.0 26.0 17.653847
468.44998 26.0 18.017307
479.24997 26.0 18.432692
440.1 26.0 16.926924
422.55 26.0 16.251923
464.4 26.0 17.861538
441.44998 26.0 16.978846
449.55 26.0 17.290384
432.0 26.0 16.615385
465.75 26.0 17.913462
405.00003 27.000002 15.0
403.65002 27.000002 14.95
457.65005 27.000002 16.95
384.75003 27.000002 14.25
454.95004 27.000002 16.85
459.00003 27.000002 17.0
480.6 27.000002 17.8
491.40005 27.000002 18.2
438.75003 27.000002 16.25
400.95004 27.000002 14.85
392.85004 27.000002 14.55
495.45004 27.000002 18.35
425.25003 27.000002 15.75
427.95004 27.000002 15.85
433.35 27.000002 16.05
456.30002 27.000002 16.9
473.85 27.000002 17.55
429.30002 27.000002 15.9
414.45004 27.000002 15.35
432.00003 27.000002 16.0
491.40005 27.000002 18.2
437.40005 27.000002 16.2
432.00003 27.000002 16.0
418.50003 27.000002 15.5
454.95004 27.000002 16.85
440.1 27.000002 16.3
394.20004 27.000002 14.6
475.20004 27.000002 17.6
426.60004 27.000002 15.8
473.85 27.000002 17.55
418.50003 27.000002 15.5
486.00003 27.000002 18.0
471.15005 27.000002 17.45
468.45004 27.000002 17.35
464.40005 27.000002 17.2
414.45004 27.000002 15.35
423.90002 27.000002 15.7
418.50003 27.000002 15.5
449.55002 27.000002 16.65
400.95004 27.000002 14.85
464.40005 27.000002 17.2
402.3 28.0 14.367857
530.55 28.0 18.948214
409.05 28.0 14.608929
430.65 28.0 15.380357
399.59998 28.0 14.271428
405.0 28.0 14.464286
476.55002 28.0 17.019644
454.95 28.0 16.248215
409.05 28.0 14.608929
438.75 28.0 15.669642
391.5 28.0 13.982142
426.59998 28.0 15.235714
488.7 28.0 17.453571
434.69998 28.0 15.525
444.15 28.0 15.8625
453.60004 28.0 16.2
438.75 28.0 15.669642
488.7 28.0 17.453571
413.1 28.0 14.7535715
427.95 28.0 15.283929
452.24997 28.0 16.151785
467.09998 28.0 16.682142
437.4 28.0 15.6214285
432.0 28.0 15.428572
396.9 28.0 14.175
436.05002 28.0 15.573215
436.05002 28.0 15.573215
448.2 28.0 16.007143
452.24997 28.0 16.151785
421.2 28.0 15.042857
429.3 28.0 15.332143
457.65 28.0 16.344643
410.4 28.0 14.657143
473.84998 28.0 16.923214
441.45 28.0 15.766071
445.5 28.0 15.910714
484.65002 28.0 17.30893
390.15 28.0 13.9339285
467.09998 28.0 16.682142
494.1 28.0 17.64643
399.59998 28.0 14.271428
429.30002 29.0 14.803449
452.25 29.0 15.594828
463.05 29.0 15.967241
450.9 29.0 15.548276
334.8 29.0 11.544827
438.75 29.0 15.129311
454.95 29.0 15.687931
441.45 29.0 15.222414
423.9 29.0 14.617241
418.5 29.0 14.431034
423.9 29.0 14.617241
475.2 29.0 16.386208
430.65002 29.0 14.85
423.9 29.0 14.617241
450.9 29.0 15.548276
437.4 29.0 15.082759
441.45 29.0 15.222414
461.7 29.0 15.92069
436.05002 29.0 15.036207
484.65 29.0 16.712069
419.84998 29.0 14.477586
414.44998 29.0 14.291379
430.65002 29.0 14.85
418.5 29.0 14.431034
479.25 29.0 16.525862
407.69998 29.0 14.05862
464.40002 29.0 16.013794
394.2 29.0 13.593103
454.95 29.0 15.687931
453.6 29.0 15.641379
411.75 29.0 14.198276
405.0 29.0 13.965517
446.85 29.0 15.408621
417.15 29.0 14.384482
477.90002 29.0 16.479311
414.44998 29.0 14.291379
410.4 29.0 14.151724
422.55 29.0 14.570689
422.55 29.0 14.570689
410.4 29.0 14.151724
388.8 29.0 13.406897
433.35 30.000002 14.445
422.55002 30.000002 14.085
400.95 30.000002 13.365
410.40002 30.000002 13.68
417.15002 30.000002 13.905
449.55002 30.000002 14.985
445.50003 30.000002 14.85
454.95004 30.000002 15.165
406.35004 30.000002 13.545
423.90002 30.000002 14.13
411.75003 30.000002 13.725
411.75003 30.000002 13.725
430.65002 30.000002 14.355
436.05002 30.000002 14.535
400.95 30.000002 13.365
417.15002 30.000002 13.905
459.00003 30.000002 15.3
463.05005 30.000002 15.435
410.40002 30.000002 13.68
453.60004 30.000002 15.12
411.75003 30.000002 13.725
396.90002 30.000002 13.23
387.45 30.000002 12.915
459.00003 30.000002 15.3
417.15002 30.000002 13.905
400.95 30.000002 13.365
448.2 30.000002 14.94
427.95004 30.000002 14.265
403.65002 30.000002 13.455
423.90002 30.000002 14.13
444.15002 30.000002 14.805
383.40002 30.000002 12.78
456.30002 30.000002 15.21
448.2 30.000002 14.94
444.15002 30.000002 14.805
334.80002 30.000002 11.16
407.70004 30.000002 13.59
432.00003 30.000002 14.4
375.30002 30.000002 12.51
438.75003 30.000002 14.625
452.25003 30.000002 15.075
469.8 31.0 15.154839
423.9 31.0 13.674193
394.2 31.0 12.716129
438.75 31.0 14.153226
427.95 31.0 13.804839
372.6 31.0 12.019355
479.25 31.0 15.459678
441.44998 31.0 14.240322
410.4 31.0 13.238709
436.05 31.0 14.066129
473.85 31.0 15.285484
417.15 31.0 13.456451
411.75 31.0 13.282258
427.95 31.0 13.804839
418.5 31.0 13.5
417.15 31.0 13.456451
434.7 31.0 14.022581
427.95 31.0 13.804839
463.05 31.0 14.937097
407.7 31.0 13.151613
460.35 31.0 14.85
387.45 31.0 12.498387
391.5 31.0 12.629032
448.19998 31.0 14.458064
434.7 31.0 14.022581
434.7 31.0 14.022581
344.25 31.0 11.104838
419.85 31.0 13.543549
448.19998 31.0 14.458064
432.0 31.0 13.935484
425.25 31.0 13.717742
394.2 31.0 12.716129
379.35 31.0 12.237097
413.1 31.0 13.325807
422.55 31.0 13.630645
409.05 31.0 13.195161
430.65 31.0 13.891935
454.94998 31.0 14.675806
425.25 31.0 13.717742
391.5 31.0 12.629032
405.0 31.0 13.064516
405.0 32.0 12.65625
422.55 32.0 13.204687
373.95 32.0 11.685938
405.0 32.0 12.65625
449.55 32.0 14.048437
405.0 32.0 12.65625
461.7 32.0 14.428125
410.4 32.0 12.825
405.0 32.0 12.65625
396.9 32.0 12.403125
409.05 32.0 12.782812
469.8 32.0 14.68125
415.8 32.0 12.99375
473.85 32.0 14.807813
419.85 32.0 13.120313
410.4 32.0 12.825
386.1 32.0 12.065625
409.05 32.0 12.782812
440.1 32.0 13.753125
419.85 32.0 13.120313
415.8 32.0 12.99375
413.1 32.0 12.909375
407.7 32.0 12.740625
421.2 32.0 13.1625
425.25 32.0 13.2890625
359.1 32.0 11.221875
405.0 32.0 12.65625
477.9 32.0 14.934375
419.85 32.0 13.120313
441.45 32.0 13.795313
415.8 32.0 12.99375
386.1 32.0 12.065625
352.35 32.0 11.010938
403.65 32.0 12.614062
436.05 32.0 13.626562
414.45 32.0 12.951563
387.45 32.0 12.107813
449.55 32.0 14.048437
438.75 32.0 13.7109375
448.2 32.0 14.00625
391.5 32.0 12.234375
388.80002 33.0 11.781818
418.5 33.0 12.681818
399.6 33.0 12.109091
384.75 33.0 11.659091
394.2 33.0 11.945455
422.55 33.0 12.804545
403.65 33.0 12.231818
395.55 33.0 11.986363
413.1 33.0 12.518182
415.80002 33.0 12.6
417.15 33.0 12.640909
407.7 33.0 12.354546
450.9 33.0 13.663636
463.05002 33.0 14.031818
448.2 33.0 13.581819
400.94998 33.0 12.15
430.65 33.0 13.05
384.75 33.0 11.659091
386.1 33.0 11.7
448.2 33.0 13.581819
387.44998 33.0 11.740909
418.5 33.0 12.681818
410.4 33.0 12.436363
415.80002 33.0 12.6
406.35 33.0 12.313637
380.7 33.0 11.536364
414.44998 33.0 12.559091
410.4 33.0 12.436363
427.94998 33.0 12.968182
387.44998 33.0 11.740909
426.6 33.0 12.927273
487.35 33.0 14.768182
409.05 33.0 12.395454
413.1 33.0 12.518182
426.6 33.0 12.927273
398.25 33.0 12.068182
438.75 33.0 13.295455
450.9 33.0 13.663636
430.65 33.0 13.05
403.65 33.0 12.231818
418.5 33.0 12.681818
423.9 34.0 12.467647
453.59998 34.0 13.341176
432.0 34.0 12.705882
446.84998 34.0 13.142647
456.30002 34.0 13.4205885
452.25 34.0 13.301471
471.15002 34.0 13.857353
449.55002 34.0 13.222059
432.0 34.0 12.705882
367.2 34.0 10.8
422.55002 34.0 12.427941
415.80002 34.0 12.229412
422.55002 34.0 12.427941
398.25 34.0 11.713235
391.5 34.0 11.514706
400.95 34.0 11.792647
399.6 34.0 11.752941
407.7 34.0 11.991177
378.0 34.0 11.117647
396.9 34.0 11.67353
429.3 34.0 12.626471
427.94998 34.0 12.586764
411.75 34.0 12.110294
423.9 34.0 12.467647
432.0 34.0 12.705882
396.9 34.0 11.67353
387.44998 34.0 11.395588
441.45 34.0 12.983824
440.1 34.0 12.944118
394.2 34.0 11.594118
429.3 34.0 12.626471
364.5 34.0 10.720589
446.84998 34.0 13.142647
405.0 34.0 11.911765
407.7 34.0 11.991177
392.85 34.0 11.554412
410.4 34.0 12.070588
434.7 34.0 12.785295
396.9 34.0 11.67353
452.25 34.0 13.301471
434.7 34.0 12.785295
379.35 35.0 10.838572
391.5 35.0 11.185715
409.05002 35.0 11.687143
378.0 35.0 10.8
400.95 35.0 11.455714
413.1 35.0 11.802857
386.1 35.0 11.031428
399.6 35.0 11.417143
436.05 35.0 12.458571
409.05002 35.0 11.687143
369.9 35.0 10.568571
373.95 35.0 10.684286
414.45 35.0 11.841429
444.15 35.0 12.69
392.85 35.0 11.224286
423.9 35.0 12.111428
376.65002 35.0 10.761429
391.5 35.0 11.185715
405.0 35.0 11.571428
394.2 35.0 11.262857
400.95 35.0 11.455714
380.7 35.0 10.877143
410.40002 35.0 11.725715
368.55 35.0 10.53
369.9 35.0 10.568571
387.44998 35.0 11.07
382.05 35.0 10.915714
432.0 35.0 12.342857
376.65002 35.0 10.761429
418.5 35.0 11.957143
432.0 35.0 12.342857
433.35 35.0 12.381429
411.75 35.0 11.764286
363.15 35.0 10.375714
407.69998 35.0 11.648571
392.85 35.0 11.224286
372.6 35.0 10.645715
433.35 35.0 12.381429
418.5 35.0 11.957143
387.44998 35.0 11.07
394.2 35.0 11.262857
373.94998 36.0 10.3875
382.05002 36.0 10.6125
433.35 36.0 12.0375
406.35 36.0 11.2875
415.80002 36.0 11.55
346.94998 36.0 9.6375
378.0 36.0 10.5
398.25 36.0 11.0625
391.5 36.0 10.875
373.94998 36.0 10.3875
405.0 36.0 11.25
407.69998 36.0 11.325
367.19998 36.0 10.2
396.9 36.0 11.025
436.05002 36.0 12.1125
413.1 36.0 11.475
391.5 36.0 10.875
440.1 36.0 12.225
367.19998 36.0 10.2
367.19998 36.0 10.2
438.75 36.0 12.1875
395.55002 36.0 10.9875
352.35 36.0 9.7875
384.75 36.0 10.6875
432.0 36.0 12.0
398.25 36.0 11.0625
414.44998 36.0 11.5125
394.19998 36.0 10.95
384.75 36.0 10.6875
391.5 36.0 10.875
394.19998 36.0 10.95
365.85 36.0 10.1625
477.9 36.0 13.275
409.05002 36.0 11.3625
415.80002 36.0 11.55
383.4 36.0 10.65
379.35 36.0 10.5375
417.15 36.0 11.5875
329.4 36.0 9.15
387.44998 36.0 10.7625
407.69998 36.0 11.325
426.6 37.0 11.52973
396.9 37.0 10.727027
344.25 37.0 9.304054
357.75 37.0 9.668919
346.94998 37.0 9.377027
399.6 37.0 10.8
409.05002 37.0 11.055406
409.05002 37.0 11.055406
340.19998 37.0 9.194594
406.35 37.0 10.982432
395.55 37.0 10.69054
427.95 37.0 11.566216
414.44998 37.0 11.201351
373.95 37.0 10.106757
387.44998 37.0 10.4716215
419.85 37.0 11.347298
357.75 37.0 9.668919
410.40002 37.0 11.091892
418.5 37.0 11.310811
372.6 37.0 10.070271
355.05002 37.0 9.595946
348.3 37.0 9.413513
351.0 37.0 9.486486
390.15 37.0 10.544595
391.5 37.0 10.581081
402.30002 37.0 10.872973
394.19998 37.0 10.654054
433.35 37.0 11.712162
395.55 37.0 10.69054
380.7 37.0 10.289189
383.40002 37.0 10.362163
388.8 37.0 10.508108
355.05002 37.0 9.595946
415.8 37.0 11.237838
380.7 37.0 10.289189
407.7 37.0 11.018919
399.6 37.0 10.8
452.25 37.0 12.222973
369.9 37.0 9.997297
417.15 37.0 11.274324
378.0 37.0 10.216216
441.45 38.0 11.6171055
409.05002 38.0 10.764474
402.30002 38.0 10.586843
372.6 38.0 9.8052635
372.6 38.0 9.8052635
390.15 38.0 10.267105
438.75 38.0 11.546053
380.7 38.0 10.018421
375.30002 38.0 9.876316
380.7 38.0 10.018421
383.4 38.0 10.089474
313.2 38.0 8.2421055
406.35 38.0 10.693421
391.5 38.0 10.302631
387.45 38.0 10.196053
380.7 38.0 10.018421
384.75 38.0 10.125
391.5 38.0 10.302631
388.8 38.0 10.231579
403.65002 38.0 10.622369
394.19998 38.0 10.373684
360.44998 38.0 9.485526
357.75 38.0 9.414474
380.7 38.0 10.018421
410.4 38.0 10.8
409.05002 38.0 10.764474
406.35 38.0 10.693421
382.05 38.0 10.053947
382.05 38.0 10.053947
351.0 38.0 9.236842
399.59998 38.0 10.515789
429.3 38.0 11.297368
407.7 38.0 10.728948
342.90002 38.0 9.0236845
392.84998 38.0 10.338158
400.95 38.0 10.551316
403.65002 38.0 10.622369
373.95 38.0 9.84079
375.30002 38.0 9.876316
388.8 38.0 10.231579
369.90002 38.0 9.734211
404.16815 39.0 10.363286
392.00256 39.0 10.051348
346.04367 39.0 8.872914
394.70602 39.0 10.120667
356.85748 39.0 9.150192
424.44415 39.0 10.8831835
414.98203 39.0 10.640565
363.61618 39.0 9.323492
389.2991 39.0 9.982028
390.65085 39.0 10.016688
371.72656 39.0 9.53145
371.72656 39.0 9.53145
393.3543 39.0 10.086008
362.26443 39.0 9.288832
390.65085 39.0 10.016688
402.81644 39.0 10.328627
374.43002 39.0 9.60077
392.00256 39.0 10.051348
377.13348 39.0 9.67009
381.18872 39.0 9.77407
381.18872 39.0 9.77407
390.65085 39.0 10.016688
378.48526 39.0 9.70475
379.83698 39.0 9.739409
383.89215 39.0 9.843389
370.37485 39.0 9.496791
392.00256 39.0 10.051348
344.6919 39.0 8.838254
306.84338 39.0 7.8677793
374.43002 39.0 9.60077
387.9474 39.0 9.947369
393.3543 39.0 10.086008
390.65085 39.0 10.016688
389.2991 39.0 9.982028
378.48526 39.0 9.70475
367.6714 39.0 9.427471
416.33374 39.0 10.675224
366.3196 39.0 9.392811
396.05777 39.0 10.155328
397.4095 39.0 10.189987
354.15402 39.0 9.080873
373.95 40.0 9.34875
345.6 40.0 8.64
442.8 40.0 11.07
348.30002 40.0 8.7075
341.55 40.0 8.53875
346.95 40.0 8.67375
430.65 40.0 10.76625
390.15 40.0 9.75375
387.44998 40.0 9.68625
387.44998 40.0 9.68625
360.44998 40.0 9.01125
371.25 40.0 9.28125
388.80002 40.0 9.72
360.44998 40.0 9.01125
392.85 40.0 9.82125
363.15 40.0 9.07875
361.8 40.0 9.045
364.5 40.0 9.1125
384.75 40.0 9.61875
382.05002 40.0 9.55125
360.44998 40.0 9.01125
333.45 40.0 8.33625
355.05002 40.0 8.87625
379.35 40.0 9.48375
371.25 40.0 9.28125
369.90002 40.0 9.2475
346.95 40.0 8.67375
419.85 40.0 10.49625
400.95 40.0 10.02375
365.84998 40.0 9.14625
382.05002 40.0 9.55125
392.85 40.0 9.82125
371.25 40.0 9.28125
365.84998 40.0 9.14625
394.19998 40.0 9.855
390.15 40.0 9.75375
418.5 40.0 10.4625
375.3 40.0 9.3825
400.95 40.0 10.02375
345.6 40.0 8.64
384.75 40.0 9.61875
353.69998 41.0 8.626829
356.40002 41.0 8.692683
394.2 41.0 9.6146345
380.7 41.0 9.285366
368.55 41.0 8.989024
353.69998 41.0 8.626829
365.85 41.0 8.923171
359.09998 41.0 8.758536
390.15002 41.0 9.515854
357.75 41.0 8.72561
379.35 41.0 9.2524395
369.90002 41.0 9.021952
360.45 41.0 8.791464
371.25 41.0 9.054878
391.5 41.0 9.54878
359.09998 41.0 8.758536
372.6 41.0 9.087805
352.35 41.0 8.593903
352.35 41.0 8.593903
376.65 41.0 9.186585
371.25 41.0 9.054878
375.30002 41.0 9.153659
387.44998 41.0 9.45
352.35 41.0 8.593903
360.45 41.0 8.791464
383.4 41.0 9.351219
352.35 41.0 8.593903
360.45 41.0 8.791464
341.55002 41.0 8.330488
395.55002 41.0 9.647561
386.1 41.0 9.417073
342.9 41.0 8.363415
388.8 41.0 9.482926
372.6 41.0 9.087805
363.15 41.0 8.857317
372.6 41.0 9.087805
407.69998 41.0 9.943902
332.1 41.0 8.1
356.40002 41.0 8.692683
328.05002 41.0 8.00122
337.5 41.0 8.231708
356.4 42.0 8.485714
360.45 42.0 8.582143
344.25 42.0 8.196428
367.19998 42.0 8.742857
350.99997 42.0 8.357142
361.8 42.0 8.614285
391.5 42.0 9.321428
367.19998 42.0 8.742857
345.6 42.0 8.228572
387.45 42.0 9.225
367.19998 42.0 8.742857
369.90002 42.0 8.807143
368.55 42.0 8.775
360.45 42.0 8.582143
355.05 42.0 8.453571
361.8 42.0 8.614285
383.4 42.0 9.1285715
375.30002 42.0 8.935715
386.09998 42.0 9.192857
407.7 42.0 9.707143
376.65002 42.0 8.967857
346.95 42.0 8.260715
326.7 42.0 7.7785716
387.45 42.0 9.225
360.45 42.0 8.582143
388.80002 42.0 9.257143
364.5 42.0 8.678572
396.9 42.0 9.45
332.09998 42.0 7.9071426
364.5 42.0 8.678572
326.7 42.0 7.7785716
395.55 42.0 9.417857
372.6 42.0 8.8714285
353.7 42.0 8.421429
375.30002 42.0 8.935715
372.6 42.0 8.8714285
396.9 42.0 9.45
400.95 42.0 9.546429
359.1 42.0 8.55
344.25 42.0 8.196428
353.7 42.0 8.421429
346.94998 43.0 8.068604
361.80002 43.0 8.413954
337.5 43.0 7.8488374
325.35 43.0 7.566279
380.69998 43.0 8.853488
337.5 43.0 7.8488374
363.15 43.0 8.445349
380.69998 43.0 8.853488
375.30002 43.0 8.727907
342.9 43.0 7.9744186
379.35 43.0 8.822093
373.94998 43.0 8.696511
349.65 43.0 8.131395
356.4 43.0 8.288372
330.75 43.0 7.6918607
350.99997 43.0 8.16279
360.44998 43.0 8.382558
364.50003 43.0 8.476745
388.80002 43.0 9.041861
359.1 43.0 8.351163
330.75 43.0 7.6918607
413.09998 43.0 9.6069765
378.00003 43.0 8.790698
405.0 43.0 9.418605
371.25003 43.0 8.633721
378.00003 43.0 8.790698
365.85 43.0 8.50814
369.9 43.0 8.602325
379.35 43.0 8.822093
337.5 43.0 7.8488374
386.1 43.0 8.97907
407.7 43.0 9.481396
357.74997 43.0 8.319767
361.80002 43.0 8.413954
313.2 43.0 7.283721
367.19998 43.0 8.539535
378.00003 43.0 8.790698
359.1 43.0 8.351163
344.25 43.0 8.005814
324.0 43.0 7.5348835
364.50003 43.0 8.476745
365.85 44.0 8.314773
375.30002 44.0 8.529546
324.0 44.0 7.3636365
367.19998 44.0 8.345454
360.44998 44.0 8.192045
384.75 44.0 8.744318
395.55 44.0 8.989773
318.6 44.0 7.240909
318.6 44.0 7.240909
337.5 44.0 7.6704545
342.9 44.0 7.793182
378.0 44.0 8.590909
398.25 44.0 9.051136
383.4 44.0 8.713636
310.5 44.0 7.056818
349.65 44.0 7.946591
344.25 44.0 7.8238635
352.35 44.0 8.007955
346.95 44.0 7.885227
368.55002 44.0 8.376137
349.65 44.0 7.946591
371.25 44.0 8.4375
298.34998 44.0 6.7806816
355.05 44.0 8.069318
373.94998 44.0 8.498863
356.40002 44.0 8.1
395.55 44.0 8.989773
357.75 44.0 8.130682
364.5 44.0 8.284091
360.44998 44.0 8.192045
346.95 44.0 7.885227
361.8 44.0 8.222727
305.1 44.0 6.934091
363.15002 44.0 8.253409
376.65 44.0 8.560227
361.8 44.0 8.222727
359.1 44.0 8.161364
314.55002 44.0 7.148864
353.69998 44.0 8.038636
356.40002 44.0 8.1
342.9 44.0 7.793182
377.99997 45.0 8.4
328.05 45.0 7.29
342.9 45.0 7.62
395.55 45.0 8.79
355.05 45.0 7.89
346.95 45.0 7.71
376.65 45.0 8.37
338.85 45.0 7.53
359.1 45.0 7.98
373.95 45.0 8.31
302.4 45.0 6.72
363.15 45.0 8.07
383.40002 45.0 8.52
345.6 45.0 7.68
342.9 45.0 7.62
383.40002 45.0 8.52
392.84998 45.0 8.73
344.25 45.0 7.65
367.19998 45.0 8.16
373.95 45.0 8.31
341.55002 45.0 7.59
351.0 45.0 7.8
348.3 45.0 7.74
342.9 45.0 7.62
361.8 45.0 8.04
349.65 45.0 7.77
317.25 45.0 7.05
330.75 45.0 7.35
310.5 45.0 6.9
390.15 45.0 8.67
341.55002 45.0 7.59
336.15 45.0 7.47
287.55 45.0 6.39
322.65 45.0 7.17
384.75 45.0 8.55
348.3 45.0 7.74
341.55002 45.0 7.59
375.30002 45.0 8.34
336.15 45.0 7.47
330.75 45.0 7.35
326.7 45.0 7.26
337.5 46.0 7.3369565
321.30002 46.0 6.9847827
348.3 46.0 7.571739
348.3 46.0 7.571739
344.25 46.0 7.4836955
342.9 46.0 7.4543476
336.15 46.0 7.3076086
355.05 46.0 7.718478
341.55002 46.0 7.425
302.4 46.0 6.573913
342.9 46.0 7.4543476
305.1 46.0 6.632609
348.3 46.0 7.571739
367.2 46.0 7.982609
344.25 46.0 7.4836955
330.75 46.0 7.1902175
345.6 46.0 7.5130434
379.35 46.0 8.246739
365.85 46.0 7.953261
375.3 46.0 8.158695
356.4 46.0 7.747826
353.69998 46.0 7.6891303
322.65 46.0 7.0141306
337.5 46.0 7.3369565
336.15 46.0 7.3076086
348.3 46.0 7.571739
322.65 46.0 7.0141306
356.4 46.0 7.747826
318.6 46.0 6.926087
333.44998 46.0 7.248913
332.1 46.0 7.2195654
340.2 46.0 7.3956523
309.15 46.0 6.720652
353.69998 46.0 7.6891303
336.15 46.0 7.3076086
372.6 46.0 8.1
341.55002 46.0 7.425
359.1 46.0 7.806522
384.74997 46.0 8.36413
334.8 46.0 7.2782607
337.5 46.0 7.3369565
309.15 47.0 6.5776596
340.2 47.0 7.238298
334.8 47.0 7.123404
352.35 47.0 7.4968085
309.15 47.0 6.5776596
329.4 47.0 7.0085106
338.85 47.0 7.2095747
348.3 47.0 7.4106383
329.4 47.0 7.0085106
380.7 47.0 8.1
334.8 47.0 7.123404
375.30002 47.0 7.9851065
315.9 47.0 6.7212768
333.45 47.0 7.094681
325.35 47.0 6.9223404
336.15 47.0 7.1521277
359.1 47.0 7.6404257
330.75 47.0 7.037234
333.45 47.0 7.094681
344.25 47.0 7.324468
344.25 47.0 7.324468
340.2 47.0 7.238298
332.1 47.0 7.0659575
341.55 47.0 7.267021
345.6 47.0 7.3531914
353.69998 47.0 7.525532
349.65 47.0 7.4393616
365.84998 47.0 7.7840424
360.45 47.0 7.669149
349.65 47.0 7.4393616
334.8 47.0 7.123404
322.65 47.0 6.8648934
344.25 47.0 7.324468
340.2 47.0 7.238298
334.8 47.0 7.123404
359.1 47.0 7.6404257
333.45 47.0 7.094681
355.05002 47.0 7.5542555
324.0 47.0 6.893617
338.85 47.0 7.2095747
330.75 47.0 7.037234
342.90002 48.0 7.14375
355.05 48.0 7.396875
378.0 48.0 7.875
307.8 48.0 6.4125
353.7 48.0 7.36875
351.0 48.0 7.3125
333.45 48.0 6.946875
349.65002 48.0 7.284375
314.55 48.0 6.553125
367.2 48.0 7.65
357.75 48.0 7.453125
311.84998 48.0 6.496875
349.65002 48.0 7.284375
332.09998 48.0 6.91875
346.95 48.0 7.228125
340.2 48.0 7.0875
265.95 48.0 5.540625
333.45 48.0 6.946875
294.3 48.0 6.13125
336.15002 48.0 7.003125
334.8 48.0 6.975
317.25 48.0 6.609375
317.25 48.0 6.609375
356.40002 48.0 7.425
305.09998 48.0 6.35625
349.65002 48.0 7.284375
338.84998 48.0 7.059375
340.2 48.0 7.0875
317.25 48.0 6.609375
330.75 48.0 6.890625
336.15002 48.0 7.003125
310.5 48.0 6.46875
326.7 48.0 6.80625
326.7 48.0 6.80625
359.09998 48.0 7.48125
310.5 48.0 6.46875
319.95 48.0 6.665625
334.8 48.0 6.975
326.7 48.0 6.80625
344.25 48.0 7.171875
355.05 48.0 7.396875
345.59998 49.0 7.053061
302.4 49.0 6.1714287
299.69998 49.0 6.1163263
329.4 49.0 6.722449
319.95 49.0 6.529592
313.19998 49.0 6.3918366
318.6 49.0 6.502041
302.4 49.0 6.1714287
276.75 49.0 5.647959
348.30002 49.0 7.1081634
297.0 49.0 6.0612245
302.4 49.0 6.1714287
321.3 49.0 6.5571427
307.8 49.0 6.2816324
301.05 49.0 6.1438775
356.4 49.0 7.2734694
329.4 49.0 6.722449
318.6 49.0 6.502041
340.2 49.0 6.9428573
334.8 49.0 6.832653
363.15 49.0 7.4112244
353.7 49.0 7.2183676
324.0 49.0 6.612245
292.95 49.0 5.9785714
333.44998 49.0 6.805102
338.85 49.0 6.915306
317.25 49.0 6.4744897
303.75 49.0 6.1989794
315.90002 49.0 6.446939
382.05002 49.0 7.796939
328.05002 49.0 6.694898
301.05 49.0 6.1438775
355.05 49.0 7.2459183
272.7 49.0 5.565306
322.65 49.0 6.584694
305.1 49.0 6.2265306
292.95 49.0 5.9785714
288.9 49.0 5.8959184
336.15 49.0 6.860204
330.75 49.0 6.75
311.85 49.0 6.364286
352.35 50.0 7.047
326.69998 50.0 6.534
318.6 50.0 6.372
303.75 50.0 6.075
290.25 50.0 5.805
306.45 50.0 6.129
336.15 50.0 6.723
367.19998 50.0 7.344
318.6 50.0 6.372
340.19998 50.0 6.804
342.9 50.0 6.858
324.0 50.0 6.48
286.2 50.0 5.724
328.05 50.0 6.561
342.9 50.0 6.858
295.65 50.0 5.913
303.75 50.0 6.075
314.55 50.0 6.291
346.95 50.0 6.939
290.25 50.0 5.805
303.75 50.0 6.075
303.75 50.0 6.075
349.65 50.0 6.993
334.80002 50.0 6.696
345.6 50.0 6.912
313.2 50.0 6.264
313.2 50.0 6.264
305.1 50.0 6.102
271.35 50.0 5.427
334.80002 50.0 6.696
310.5 50.0 6.21
309.15 50.0 6.183
299.7 50.0 5.994
326.69998 50.0 6.534
314.55 50.0 6.291
299.7 50.0 5.994
334.80002 50.0 6.696
307.80002 50.0 6.156
319.95 50.0 6.399
324.0 50.0 6.48
303.75 50.0 6.075
332.09998 51.0 6.5117645
351.0 51.0 6.882353
337.5 51.0 6.617647
305.09998 51.0 5.9823527
282.15 51.0 5.532353
303.75 51.0 5.9558825
321.30002 51.0 6.3
346.95 51.0 6.8029413
319.95 51.0 6.2735295
306.44998 51.0 6.0088234
287.55 51.0 5.638235
352.35 51.0 6.9088235
321.30002 51.0 6.3
294.30002 51.0 5.7705884
326.7 51.0 6.4058824
322.65 51.0 6.3264704
348.30002 51.0 6.829412
287.55 51.0 5.638235
317.25 51.0 6.220588
305.09998 51.0 5.9823527
346.95 51.0 6.8029413
321.30002 51.0 6.3
284.85 51.0 5.5852942
311.85 51.0 6.114706
306.44998 51.0 6.0088234
292.95 51.0 5.7441177
322.65 51.0 6.3264704
305.09998 51.0 5.9823527
315.9 51.0 6.1941175
330.75 51.0 6.4852943
301.05 51.0 5.902941
299.7 51.0 5.8764706
291.6 51.0 5.717647
297.0 51.0 5.8235292
303.75 51.0 5.9558825
336.15 51.0 6.5911765
294.30002 51.0 5.7705884
338.85 51.0 6.644118
302.4 51.0 5.929412
333.44998 51.0 6.538235
307.8 51.0 6.035294
344.25 52.0 6.6201925
299.7 52.0 5.7634616
292.94998 52.0 5.6336536
264.6 52.0 5.0884614
310.5 52.0 5.9711537
306.44998 52.0 5.893269
279.45 52.0 5.3740387
321.30002 52.0 6.1788464
336.15 52.0 6.464423
301.05 52.0 5.789423
311.85 52.0 5.9971156
297.0 52.0 5.7115383
280.80002 52.0 5.4
305.1 52.0 5.8673077
348.3 52.0 6.6980767
280.80002 52.0 5.4
288.90002 52.0 5.5557694
310.5 52.0 5.9711537
365.85 52.0 7.035577
310.5 52.0 5.9711537
286.2 52.0 5.503846
326.7 52.0 6.2826924
305.1 52.0 5.8673077
270.0 52.0 5.1923075
305.1 52.0 5.8673077
324.0 52.0 6.230769
290.25 52.0 5.581731
297.0 52.0 5.7115383
352.35 52.0 6.7759614
283.5 52.0 5.451923
324.0 52.0 6.230769
333.44998 52.0 6.4125
322.65 52.0 6.2048078
353.7 52.0 6.8019233
329.4 52.0 6.334615
311.85 52.0 5.9971156
302.4 52.0 5.8153844
299.7 52.0 5.7634616
311.85 52.0 5.9971156
324.0 52.0 6.230769
297.0 52.0 5.7115383
305.3881 52.999996 5.7620397
306.73935 52.999996 5.787535
304.0368 52.999996 5.736544
322.95465 52.999996 6.0934844
271.6062 52.999996 5.1246457
285.11896 52.999996 5.3796034
352.68268 52.999996 6.654391
313.49573 52.999996 5.9150143
282.4164 52.999996 5.328612
329.71103 52.999996 6.220963
294.57788 52.999996 5.5580735
302.68552 52.999996 5.711048
314.847 52.999996 5.94051
290.52405 52.999996 5.4815865
286.4702 52.999996 5.405099
327.00845 52.999996 6.1699715
298.6317 52.999996 5.634561
291.87534 52.999996 5.507082
324.30594 52.999996 6.1189804
305.3881 52.999996 5.7620397
302.68552 52.999996 5.711048
341.8725 52.999996 6.450425
312.14444 52.999996 5.8895183
282.4164 52.999996 5.328612
294.57788 52.999996 5.5580735
297.28043 52.999996 5.609065
271.6062 52.999996 5.1246457
308.09064 52.999996 5.813031
324.30594 52.999996 6.1189804
325.6572 52.999996 6.144476
318.90085 52.999996 6.0169973
302.68552 52.999996 5.711048
295.92917 52.999996 5.5835695
302.68552 52.999996 5.711048
313.49573 52.999996 5.9150143
285.11896 52.999996 5.3796034
294.57788 52.999996 5.5580735
341.8725 52.999996 6.450425
283.7677 52.999996 5.354108
318.90085 52.999996 6.0169973
287.8215 52.999996 5.430595
290.25003 54.000004 5.375
288.90002 54.000004 5.35
306.45004 54.000004 5.675
263.25003 54.000004 4.875
291.60004 54.000004 5.4
291.60004 54.000004 5.4
311.85004 54.000004 5.775
325.35004 54.000004 6.025
311.85004 54.000004 5.775
297.00003 54.000004 5.5
280.80002 54.000004 5.2
291.60004 54.000004 5.4
346.95004 54.000004 6.425
299.70004 54.000004 5.55
295.65002 54.000004 5.475
291.60004 54.000004 5.4
288.90002 54.000004 5.35
298.35004 54.000004 5.525
276.75003 54.000004 5.125
306.45004 54.000004 5.675
267.30002 54.000004 4.95
306.45004 54.000004 5.675
301.05002 54.000004 5.575
275.40002 54.000004 5.1
292.95004 54.000004 5.425
297.00003 54.000004 5.5
288.90002 54.000004 5.35
334.80002 54.000004 6.2
295.65002 54.000004 5.475
322.65002 54.000004 5.975
318.60004 54.000004 5.9
291.60004 54.000004 5.4
265.95004 54.000004 4.925
309.15002 54.000004 5.725
297.00003 54.000004 5.5
274.05002 54.000004 5.075
313.20004 54.000004 5.8
295.65002 54.000004 5.475
276.75003 54.000004 5.125
292.95004 54.000004 5.425
283.50003 54.000004 5.25
282.15 55.0 5.13
280.8 55.0 5.1054544
287.55 55.0 5.228182
284.85 55.0 5.179091
256.5 55.0 4.663636
279.45 55.0 5.0809093
284.85 55.0 5.179091
318.6 55.0 5.7927275
287.55 55.0 5.228182
311.85 55.0 5.67
333.45 55.0 6.0627275
267.30002 55.0 4.86
337.5 55.0 6.1363635
264.6 55.0 4.8109093
294.30002 55.0 5.350909
286.19998 55.0 5.203636
279.45 55.0 5.0809093
299.7 55.0 5.449091
284.85 55.0 5.179091
256.5 55.0 4.663636
333.45 55.0 6.0627275
291.6 55.0 5.3018184
297.0 55.0 5.4
259.19998 55.0 4.712727
322.65 55.0 5.8663635
251.09999 55.0 4.5654545
256.5 55.0 4.663636
313.19998 55.0 5.6945453
290.25 55.0 5.2772727
295.65 55.0 5.3754544
286.19998 55.0 5.203636
306.45 55.0 5.5718184
301.05 55.0 5.473636
314.55 55.0 5.719091
264.6 55.0 4.8109093
282.15 55.0 5.13
290.25 55.0 5.2772727
311.85 55.0 5.67
272.7 55.0 4.958182
272.7 55.0 4.958182
271.34998 55.0 4.933636
286.2 56.0 5.1107144
261.90002 56.0 4.676786
271.35 56.0 4.8455358
294.30002 56.0 5.2553573
283.5 56.0 5.0625
275.4 56.0 4.917857
271.35 56.0 4.8455358
252.45 56.0 4.5080357
298.35 56.0 5.3276787
265.95 56.0 4.7491074
225.45 56.0 4.0258927
303.75 56.0 5.424107
288.9 56.0 5.1589284
287.55 56.0 5.1348214
288.9 56.0 5.1589284
301.05 56.0 5.3758926
302.4 56.0 5.4
287.55 56.0 5.1348214
295.65 56.0 5.2794642
283.5 56.0 5.0625
255.15001 56.0 4.55625
325.35 56.0 5.8098216
287.55 56.0 5.1348214
290.25 56.0 5.183036
276.75 56.0 4.941964
280.8 56.0 5.0142856
286.2 56.0 5.1107144
287.55 56.0 5.1348214
307.8 56.0 5.4964285
265.95 56.0 4.7491074
288.9 56.0 5.1589284
257.84998 56.0 4.604464
268.65 56.0 4.7973213
307.8 56.0 5.4964285
249.74998 56.0 4.459821
248.4 56.0 4.4357142
295.65 56.0 5.2794642
280.8 56.0 5.0142856
288.9 56.0 5.1589284
286.2 56.0 5.1107144
287.55 56.0 5.1348214
280.8 57.0 4.926316
252.45001 57.0 4.4289474
284.85 57.0 4.9973683
286.2 57.0 5.021053
256.5 57.0 4.5
305.1 57.0 5.3526316
286.2 57.0 5.021053
310.5 57.0 5.4473686
274.05 57.0 4.8078947
303.75 57.0 5.3289475
295.65 57.0 5.186842
284.85 57.0 4.9973683
278.1 57.0 4.8789473
255.15001 57.0 4.476316
265.95 57.0 4.6657896
278.1 57.0 4.8789473
279.45 57.0 4.9026318
244.34999 57.0 4.286842
278.1 57.0 4.8789473
291.6 57.0 5.1157894
238.95 57.0 4.1921053
274.05 57.0 4.8078947
290.25 57.0 5.0921054
299.69998 57.0 5.2578945
279.45 57.0 4.9026318
295.65 57.0 5.186842
278.1 57.0 4.8789473
234.90001 57.0 4.1210527
272.7 57.0 4.7842107
279.45 57.0 4.9026318
270.0 57.0 4.736842
294.3 57.0 5.163158
268.65002 57.0 4.713158
275.4 57.0 4.8315787
288.9 57.0 5.068421
270.0 57.0 4.736842
297.0 57.0 5.2105265
268.65002 57.0 4.713158
295.65 57.0 5.186842
279.45 57.0 4.9026318
288.9 57.0 5.068421
275.4 58.0 4.7482758
222.75 58.0 3.8405173
265.95 58.0 4.585345
267.3 58.0 4.6086206
282.15 58.0 4.864655
255.15001 58.0 4.399138
276.75 58.0 4.7715516
260.55 58.0 4.4922414
297.0 58.0 5.12069
256.5 58.0 4.422414
252.45 58.0 4.3525863
248.40001 58.0 4.2827587
280.8 58.0 4.841379
264.6 58.0 4.562069
275.4 58.0 4.7482758
272.69998 58.0 4.701724
280.8 58.0 4.841379
294.30002 58.0 5.074138
302.40002 58.0 5.2137933
247.05 58.0 4.259483
271.35 58.0 4.678448
253.8 58.0 4.375862
257.85 58.0 4.4456897
264.6 58.0 4.562069
280.8 58.0 4.841379
276.75 58.0 4.7715516
267.3 58.0 4.6086206
280.8 58.0 4.841379
267.3 58.0 4.6086206
251.1 58.0 4.3293104
309.15 58.0 5.3301725
283.5 58.0 4.887931
280.8 58.0 4.841379
303.75 58.0 5.237069
297.0 58.0 5.12069
278.1 58.0 4.7948275
279.44998 58.0 4.8181033
292.94998 58.0 5.050862
276.75 58.0 4.7715516
261.9 58.0 4.515517
245.70001 58.0 4.236207
228.34349 58.999996 3.870229
258.0687 58.999996 4.374046
255.3664 58.999996 4.328244
266.17554 58.999996 4.5114503
291.8473 58.999996 4.9465647
252.6641 58.999996 4.2824426
275.63358 58.999996 4.671756
279.687 58.999996 4.740458
293.19846 58.999996 4.9694657
293.19846 58.999996 4.9694657
271.58014 58.999996 4.6030536
283.74045 58.999996 4.80916
270.22897 58.999996 4.5801525
241.85493 58.999996 4.0992365
249.96182 58.999996 4.2366414
233.74808 58.999996 3.961832
260.771 58.999996 4.4198475
312.11447 58.999996 5.2900763
233.74808 58.999996 3.961832
245.90837 58.999996 4.1679387
270.22897 58.999996 4.5801525
271.58014 58.999996 4.6030536
275.63358 58.999996 4.671756
264.8244 58.999996 4.4885497
260.771 58.999996 4.4198475
252.6641 58.999996 4.2824426
287.79385 58.999996 4.8778625
251.31296 58.999996 4.259542
270.22897 58.999996 4.5801525
293.19846 58.999996 4.9694657
290.49615 58.999996 4.923664
290.49615 58.999996 4.923664
272.93127 58.999996 4.625954
263.47327 58.999996 4.4656487
254.01526 58.999996 4.3053436
328.32822 58.999996 5.5648856
291.8473 58.999996 4.9465647
268.87784 58.999996 4.557252
266.17554 58.999996 4.5114503
264.8244 58.999996 4.4885497
274.2824 58.999996 4.6488547
267.30002 60.000004 4.455
268.65002 60.000004 4.4775
270.00003 60.000004 4.5
278.10004 60.000004 4.635
238.95001 60.000004 3.9825
252.45001 60.000004 4.2075
284.85 60.000004 4.7475
282.15002 60.000004 4.7025
236.25002 60.000004 3.9375
238.95001 60.000004 3.9825
275.40002 60.000004 4.59
284.85 60.000004 4.7475
260.55002 60.000004 4.3425
237.60002 60.000004 3.96
294.30002 60.000004 4.905
280.80002 60.000004 4.68
287.55002 60.000004 4.7925
275.40002 60.000004 4.59
275.40002 60.000004 4.59
272.7 60.000004 4.545
268.65002 60.000004 4.4775
252.45001 60.000004 4.2075
268.65002 60.000004 4.4775
260.55002 60.000004 4.3425
292.95004 60.000004 4.8825
244.35004 60.000004 4.0725
278.10004 60.000004 4.635
267.30002 60.000004 4.455
244.35004 60.000004 4.0725
263.25 60.000004 4.3875
275.40002 60.000004 4.59
256.50003 60.000004 4.275
252.45001 60.000004 4.2075
275.40002 60.000004 4.59
268.65002 60.000004 4.4775
247.05 60.000004 4.1175
286.2 60.000004 4.77
257.85004 60.000004 4.2975
252.45001 60.000004 4.2075
232.20001 60.000004 3.87
237.60002 60.000004 3.96
220.05 61.0 3.607377
252.45 61.0 4.1385245
249.74998 61.0 4.094262
253.80002 61.0 4.160656
274.05 61.0 4.492623
271.34998 61.0 4.4483604
252.45 61.0 4.1385245
270.0 61.0 4.4262295
267.3 61.0 4.381967
263.25 61.0 4.3155737
260.55 61.0 4.2713113
245.7 61.0 4.0278687
243.0 61.0 3.9836066
264.6 61.0 4.337705
270.0 61.0 4.4262295
287.55 61.0 4.7139344
248.4 61.0 4.072131
245.7 61.0 4.0278687
279.45 61.0 4.5811477
249.74998 61.0 4.094262
243.0 61.0 3.9836066
275.40002 61.0 4.5147543
238.95001 61.0 3.9172132
267.3 61.0 4.381967
251.1 61.0 4.1163936
263.25 61.0 4.3155737
236.25 61.0 3.8729508
230.85 61.0 3.7844262
222.75 61.0 3.6516395
222.75 61.0 3.6516395
255.15001 61.0 4.182787
256.5 61.0 4.204918
279.45 61.0 4.5811477
249.74998 61.0 4.094262
270.0 61.0 4.4262295
253.80002 61.0 4.160656
228.15001 61.0 3.740164
245.7 61.0 4.0278687
256.5 61.0 4.204918
257.85 61.0 4.2270494
276.75 61.0 4.5368853
267.3 62.0 4.3112903
268.65 62.0 4.3330646
237.59999 62.0 3.832258
244.34999 62.0 3.941129
284.84998 62.0 4.5943546
286.19998 62.0 4.616129
271.35 62.0 4.376613
259.19998 62.0 4.180645
253.79999 62.0 4.0935483
253.79999 62.0 4.0935483
263.25 62.0 4.245968
224.09999 62.0 3.614516
243.0 62.0 3.919355
241.65 62.0 3.8975806
248.4 62.0 4.0064516
232.2 62.0 3.7451613
237.59999 62.0 3.832258
257.85 62.0 4.158871
267.3 62.0 4.3112903
225.45 62.0 3.6362903
274.05 62.0 4.4201612
240.3 62.0 3.8758066
288.9 62.0 4.6596775
278.09998 62.0 4.4854836
280.8 62.0 4.529032
224.09999 62.0 3.614516
248.4 62.0 4.0064516
270.0 62.0 4.354839
256.5 62.0 4.137097
290.25 62.0 4.681452
230.84999 62.0 3.723387
255.15 62.0 4.1153226
271.35 62.0 4.376613
247.04999 62.0 3.9846773
259.19998 62.0 4.180645
232.2 62.0 3.7451613
233.55 62.0 3.7669356
270.0 62.0 4.354839
218.7 62.0 3.5274193
232.2 62.0 3.7451613
271.35 62.0 4.376613
237.6 63.0 3.7714286
252.45001 63.0 4.007143
263.25 63.0 4.178571
236.25 63.0 3.75
217.35 63.0 3.45
257.85 63.0 4.0928574
245.70001 63.0 3.9
238.95 63.0 3.7928572
244.35 63.0 3.8785715
257.85 63.0 4.0928574
228.15 63.0 3.6214285
240.3 63.0 3.8142858
241.65001 63.0 3.8357143
243.0 63.0 3.857143
238.95 63.0 3.7928572
221.40001 63.0 3.5142858
264.59998 63.0 4.2
201.15 63.0 3.192857
243.0 63.0 3.857143
234.9 63.0 3.7285714
225.45 63.0 3.5785713
272.69998 63.0 4.3285713
256.5 63.0 4.071429
241.65001 63.0 3.8357143
272.69998 63.0 4.3285713
222.75 63.0 3.5357144
222.75 63.0 3.5357144
229.5 63.0 3.642857
225.45 63.0 3.5785713
278.1 63.0 4.4142857
243.0 63.0 3.857143
260.55 63.0 4.135714
241.65001 63.0 3.8357143
224.1 63.0 3.557143
244.35 63.0 3.8785715
264.59998 63.0 4.2
252.45001 63.0 4.007143
222.75 63.0 3.5357144
234.9 63.0 3.7285714
255.15001 63.0 4.05
230.84999 63.0 3.6642857
255.15 64.0 3.9867187
237.6 64.0 3.7125
229.5 64.0 3.5859375
261.9 64.0 4.0921874
247.05 64.0 3.8601563
255.15 64.0 3.9867187
214.65 64.0 3.3539062
233.55 64.0 3.6492188
253.8 64.0 3.965625
245.7 64.0 3.8390625
211.95 64.0 3.3117187
225.45 64.0 3.5226562
259.2 64.0 4.05
237.6 64.0 3.7125
229.5 64.0 3.5859375
243.0 64.0 3.796875
207.9 64.0 3.2484374
260.55 64.0 4.0710936
240.3 64.0 3.7546875
237.6 64.0 3.7125
243.0 64.0 3.796875
237.6 64.0 3.7125
247.05 64.0 3.8601563
249.75 64.0 3.9023438
240.3 64.0 3.7546875
233.55 64.0 3.6492188
234.9 64.0 3.6703124
238.95 64.0 3.7335937
245.7 64.0 3.8390625
216.0 64.0 3.375
202.5 64.0 3.1640625
234.9 64.0 3.6703124
265.95 64.0 4.155469
243.0 64.0 3.796875
230.85 64.0 3.6070313
229.5 64.0 3.5859375
229.5 64.0 3.5859375
211.95 64.0 3.3117187
245.7 64.0 3.8390625
245.7 64.0 3.8390625
255.15 64.0 3.9867187
234.9 65.0 3.613846
233.55 65.0 3.593077
237.59999 65.0 3.6553845
226.8 65.0 3.4892309
232.2 65.0 3.5723076
228.15 65.0 3.51
230.85 65.0 3.5515385
232.2 65.0 3.5723076
207.9 65.0 3.1984615
217.34999 65.0 3.343846
206.55 65.0 3.1776924
230.85 65.0 3.5515385
236.25 65.0 3.6346154
249.75 65.0 3.8423078
237.59999 65.0 3.6553845
259.2 65.0 3.9876924
216.0 65.0 3.323077
255.15 65.0 3.9253845
233.55 65.0 3.593077
260.55 65.0 4.0084615
226.8 65.0 3.4892309
201.15001 65.0 3.0946155
253.8 65.0 3.9046154
220.05 65.0 3.3853846
197.09999 65.0 3.0323076
211.95 65.0 3.2607691
247.05 65.0 3.8007693
238.95 65.0 3.676154
203.85 65.0 3.136154
245.7 65.0 3.78
240.3 65.0 3.696923
243.0 65.0 3.7384615
238.95 65.0 3.676154
202.5 65.0 3.1153846
218.7 65.0 3.3646154
183.6 65.0 2.8246155
229.5 65.0 3.5307693
209.25 65.0 3.2192307
222.75 65.0 3.426923
226.8 65.0 3.4892309
226.8 65.0 3.4892309
213.3 66.0 3.2318182
209.25 66.0 3.1704545
243.0 66.0 3.6818182
221.4 66.0 3.3545454
252.45 66.0 3.825
232.2 66.0 3.5181818
232.2 66.0 3.5181818
198.45001 66.0 3.0068183
206.55 66.0 3.1295455
217.35 66.0 3.293182
229.5 66.0 3.4772727
224.1 66.0 3.3954546
226.8 66.0 3.4363637
228.15 66.0 3.456818
222.75 66.0 3.375
207.90001 66.0 3.15
203.85 66.0 3.0886364
230.84999 66.0 3.4977272
255.15 66.0 3.865909
253.79999 66.0 3.8454545
211.95 66.0 3.2113636
252.45 66.0 3.825
224.1 66.0 3.3954546
226.8 66.0 3.4363637
206.55 66.0 3.1295455
217.35 66.0 3.293182
245.7 66.0 3.7227273
217.35 66.0 3.293182
255.15 66.0 3.865909
241.65 66.0 3.6613636
234.9 66.0 3.5590909
190.35 66.0 2.884091
232.2 66.0 3.5181818
198.45001 66.0 3.0068183
233.55 66.0 3.5386364
222.75 66.0 3.375
249.75 66.0 3.784091
222.75 66.0 3.375
245.7 66.0 3.7227273
217.35 66.0 3.293182
211.95 66.0 3.2113636
205.20001 67.0 3.0626867
211.95 67.0 3.1634328
241.65 67.0 3.6067164
203.84999 67.0 3.0425372
236.25 67.0 3.5261195
201.15 67.0 3.0022388
205.20001 67.0 3.0626867
209.25 67.0 3.1231344
197.1 67.0 2.941791
228.15 67.0 3.4052238
236.25 67.0 3.5261195
210.6 67.0 3.1432836
237.6 67.0 3.5462687
232.2 67.0 3.4656715
221.40001 67.0 3.3044777
216.0 67.0 3.2238805
195.75 67.0 2.9216418
214.65 67.0 3.2037313
216.0 67.0 3.2238805
217.34999 67.0 3.2440298
237.6 67.0 3.5462687
198.45 67.0 2.9619403
209.25 67.0 3.1231344
202.5 67.0 3.022388
216.0 67.0 3.2238805
207.90001 67.0 3.1029851
214.65 67.0 3.2037313
207.90001 67.0 3.1029851
224.1 67.0 3.3447762
225.45 67.0 3.3649254
232.2 67.0 3.4656715
217.34999 67.0 3.2440298
226.8 67.0 3.3850746
191.70001 67.0 2.8611941
222.75 67.0 3.324627
213.3 67.0 3.183582
248.40001 67.0 3.7074628
198.45 67.0 2.9619403
222.75 67.0 3.324627
229.5 67.0 3.425373
199.8 67.0 2.9820895
213.3 68.0 3.1367648
210.59999 68.0 3.0970588
224.1 68.0 3.2955883
222.75 68.0 3.2757354
213.3 68.0 3.1367648
222.75 68.0 3.2757354
190.34999 68.0 2.7992647
202.5 68.0 2.9779413
216.0 68.0 3.1764705
241.65 68.0 3.5536764
220.05 68.0 3.2360294
224.1 68.0 3.2955883
222.75 68.0 3.2757354
210.59999 68.0 3.0970588
224.1 68.0 3.2955883
220.05 68.0 3.2360294
221.4 68.0 3.2558823
218.7 68.0 3.2161765
202.5 68.0 2.9779413
218.7 68.0 3.2161765
210.59999 68.0 3.0970588
230.84999 68.0 3.3948529
226.79999 68.0 3.335294
209.25 68.0 3.077206
193.05 68.0 2.8389707
220.05 68.0 3.2360294
207.90001 68.0 3.057353
210.59999 68.0 3.0970588
220.05 68.0 3.2360294
217.35 68.0 3.1963236
222.75 68.0 3.2757354
213.3 68.0 3.1367648
226.79999 68.0 3.335294
205.2 68.0 3.017647
213.3 68.0 3.1367648
209.25 68.0 3.077206
203.85 68.0 2.9977942
201.15 68.0 2.9580882
225.45 68.0 3.3154411
187.65001 68.0 2.759559
210.59999 68.0 3.0970588
216.0 69.0 3.1304348
183.6 69.0 2.6608696
207.9 69.0 3.0130434
203.85 69.0 2.9543478
229.5 69.0 3.326087
193.05 69.0 2.797826
222.74998 69.0 3.2282608
217.35 69.0 3.15
232.2 69.0 3.3652174
199.79999 69.0 2.895652
255.15001 69.0 3.6978261
210.59999 69.0 3.0521739
203.85 69.0 2.9543478
229.5 69.0 3.326087
225.45 69.0 3.2673912
222.74998 69.0 3.2282608
211.95001 69.0 3.0717392
209.25 69.0 3.0326087
216.0 69.0 3.1304348
218.7 69.0 3.1695652
221.4 69.0 3.2086957
198.45 69.0 2.876087
194.40001 69.0 2.8173914
198.45 69.0 2.876087
217.35 69.0 3.15
210.59999 69.0 3.0521739
183.6 69.0 2.6608696
213.3 69.0 3.0913043
178.2 69.0 2.5826087
189.0 69.0 2.7391305
201.15 69.0 2.9152174
210.59999 69.0 3.0521739
210.59999 69.0 3.0521739
210.59999 69.0 3.0521739
220.05 69.0 3.1891305
205.2 69.0 2.973913
201.15 69.0 2.9152174
195.75 69.0 2.8369565
190.34999 69.0 2.7586956
203.85 69.0 2.9543478
187.65 69.0 2.7195652
180.9 70.0 2.5842857
179.55 70.0 2.565
209.25 70.0 2.9892857
198.45 70.0 2.835
206.55 70.0 2.9507143
199.8 70.0 2.8542857
190.35 70.0 2.7192857
207.90001 70.0 2.97
186.3 70.0 2.6614287
220.05 70.0 3.1435714
210.59999 70.0 3.0085714
224.1 70.0 3.2014287
209.25 70.0 2.9892857
195.75 70.0 2.7964287
203.84999 70.0 2.9121428
190.35 70.0 2.7192857
183.59999 70.0 2.622857
211.95 70.0 3.027857
220.05 70.0 3.1435714
179.55 70.0 2.565
187.65001 70.0 2.6807144
198.45 70.0 2.835
202.5 70.0 2.892857
217.35 70.0 3.105
182.25 70.0 2.6035714
237.59999 70.0 3.3942857
207.90001 70.0 2.97
205.20001 70.0 2.9314287
210.59999 70.0 3.0085714
201.15 70.0 2.8735714
201.15 70.0 2.8735714
206.55 70.0 2.9507143
174.15 70.0 2.487857
203.84999 70.0 2.9121428
183.59999 70.0 2.622857
171.45 70.0 2.4492857
224.1 70.0 3.2014287
194.4 70.0 2.7771428
201.15 70.0 2.8735714
167.4 70.0 2.3914285
207.90001 70.0 2.97
198.45 71.0 2.7950704
186.29999 71.0 2.6239436
189.0 71.0 2.6619718
220.05 71.0 3.0992959
199.8 71.0 2.8140845
190.35 71.0 2.680986
210.6 71.0 2.9661973
209.25 71.0 2.9471831
214.65 71.0 3.0232394
213.29999 71.0 3.0042253
201.15001 71.0 2.8330986
190.35 71.0 2.680986
179.55 71.0 2.5288732
218.7 71.0 3.0802817
194.40001 71.0 2.7380283
184.95001 71.0 2.6049297
190.35 71.0 2.680986
182.25 71.0 2.5669014
199.8 71.0 2.8140845
190.35 71.0 2.680986
205.2 71.0 2.8901408
213.29999 71.0 3.0042253
207.9 71.0 2.928169
201.15001 71.0 2.8330986
198.45 71.0 2.7950704
220.05 71.0 3.0992959
222.75 71.0 3.1373239
194.40001 71.0 2.7380283
180.9 71.0 2.5478873
178.2 71.0 2.509859
201.15001 71.0 2.8330986
195.75 71.0 2.7570422
211.95001 71.0 2.9852114
178.2 71.0 2.509859
187.65 71.0 2.6429577
199.8 71.0 2.8140845
203.84999 71.0 2.8711267
198.45 71.0 2.7950704
213.29999 71.0 3.0042253
199.8 71.0 2.8140845
168.75 71.0 2.3767605
203.84999 72.0 2.83125
176.84999 72.0 2.45625
184.95 72.0 2.56875
214.65001 72.0 2.98125
194.40001 72.0 2.7
187.65001 72.0 2.60625
201.15001 72.0 2.79375
209.25 72.0 2.90625
157.95 72.0 2.19375
193.05 72.0 2.68125
194.40001 72.0 2.7
183.59999 72.0 2.55
198.45 72.0 2.75625
186.3 72.0 2.5875
216.0 72.0 3.0
182.25 72.0 2.53125
191.7 72.0 2.6625
198.45 72.0 2.75625
180.90001 72.0 2.5125
205.2 72.0 2.85
207.90001 72.0 2.8875
184.95 72.0 2.56875
184.95 72.0 2.56875
186.3 72.0 2.5875
218.7 72.0 3.0375
206.55 72.0 2.86875
183.59999 72.0 2.55
179.55 72.0 2.49375
191.7 72.0 2.6625
203.84999 72.0 2.83125
198.45 72.0 2.75625
170.09999 72.0 2.3625
194.40001 72.0 2.7
195.75 72.0 2.71875
206.55 72.0 2.86875
178.2 72.0 2.475
193.05 72.0 2.68125
210.59999 72.0 2.925
206.55 72.0 2.86875
190.34999 72.0 2.64375
206.55 72.0 2.86875
199.8 73.0 2.7369864
189.0 73.0 2.589041
162.00002 73.0 2.2191782
182.25 73.0 2.4965754
193.05 73.0 2.6445205
211.95001 73.0 2.9034247
197.1 73.0 2.7
186.3 73.0 2.552055
184.95001 73.0 2.5335617
195.75 73.0 2.6815069
210.6 73.0 2.8849316
201.15 73.0 2.7554793
160.65001 73.0 2.200685
203.84999 73.0 2.7924657
175.49998 73.0 2.4041095
193.05 73.0 2.6445205
163.34999 73.0 2.2376711
179.55 73.0 2.459589
197.1 73.0 2.7
182.25 73.0 2.4965754
198.45001 73.0 2.7184932
189.0 73.0 2.589041
198.45001 73.0 2.7184932
198.45001 73.0 2.7184932
205.2 73.0 2.8109589
187.65001 73.0 2.570548
197.1 73.0 2.7
182.25 73.0 2.4965754
157.95 73.0 2.1636987
186.3 73.0 2.552055
180.9 73.0 2.4780822
205.2 73.0 2.8109589
194.4 73.0 2.6630137
199.8 73.0 2.7369864
176.84999 73.0 2.4226027
170.1 73.0 2.330137
187.65001 73.0 2.570548
199.8 73.0 2.7369864
182.25 73.0 2.4965754
194.4 73.0 2.6630137
179.55 73.0 2.459589
166.05 74.0 2.243919
179.55 74.0 2.4263513
167.40001 74.0 2.2621622
175.5 74.0 2.3716216
179.55 74.0 2.4263513
193.04999 74.0 2.6087837
184.95 74.0 2.4993243
171.45 74.0 2.316892
163.35 74.0 2.2074325
171.45 74.0 2.316892
179.55 74.0 2.4263513
180.90001 74.0 2.4445946
171.45 74.0 2.316892
163.35 74.0 2.2074325
163.35 74.0 2.2074325
163.35 74.0 2.2074325
167.40001 74.0 2.2621622
171.45 74.0 2.316892
184.95 74.0 2.4993243
168.75002 74.0 2.2804055
180.90001 74.0 2.4445946
176.85 74.0 2.389865
186.3 74.0 2.5175676
175.5 74.0 2.3716216
160.65 74.0 2.170946
168.75002 74.0 2.2804055
172.8 74.0 2.3351352
180.90001 74.0 2.4445946
178.2 74.0 2.408108
194.4 74.0 2.627027
160.65 74.0 2.170946
199.8 74.0 2.7
214.65001 74.0 2.9006758
197.09999 74.0 2.6635134
211.95 74.0 2.8641891
164.7 74.0 2.2256756
160.65 74.0 2.170946
162.0 74.0 2.1891892
175.5 74.0 2.3716216
180.90001 74.0 2.4445946
171.45 74.0 2.316892
175.5 75.0 2.34
164.70001 75.0 2.196
179.55 75.0 2.394
162.0 75.0 2.16
160.65 75.0 2.142
157.95 75.0 2.106
168.75 75.0 2.25
182.25 75.0 2.43
152.54999 75.0 2.034
183.59999 75.0 2.448
176.85 75.0 2.358
163.34999 75.0 2.178
189.0 75.0 2.52
143.1 75.0 1.908
179.55 75.0 2.394
172.79999 75.0 2.304
184.95001 75.0 2.466
195.74998 75.0 2.61
168.75 75.0 2.25
163.34999 75.0 2.178
182.25 75.0 2.43
183.59999 75.0 2.448
174.15001 75.0 2.322
143.1 75.0 1.908
164.70001 75.0 2.196
179.55 75.0 2.394
159.3 75.0 2.124
178.2 75.0 2.376
179.55 75.0 2.394
174.15001 75.0 2.322
157.95 75.0 2.106
162.0 75.0 2.16
163.34999 75.0 2.178
191.7 75.0 2.556
174.15001 75.0 2.322
168.75 75.0 2.25
167.40001 75.0 2.232
168.75 75.0 2.25
167.40001 75.0 2.232
183.59999 75.0 2.448
172.79999 75.0 2.304
153.90001 76.0 2.025
171.45001 76.0 2.2559211
164.7 76.0 2.1671052
180.9 76.0 2.380263
176.85 76.0 2.3269737
157.95 76.0 2.0782895
167.4 76.0 2.2026315
184.95001 76.0 2.4335527
156.6 76.0 2.0605264
171.45001 76.0 2.2559211
164.7 76.0 2.1671052
179.55 76.0 2.3625
152.55 76.0 2.007237
182.25 76.0 2.3980262
164.7 76.0 2.1671052
184.95001 76.0 2.4335527
172.8 76.0 2.2736843
156.6 76.0 2.0605264
160.65 76.0 2.1138158
183.59999 76.0 2.4157894
157.95 76.0 2.0782895
174.15001 76.0 2.2914474
174.15001 76.0 2.2914474
184.95001 76.0 2.4335527
167.4 76.0 2.2026315
163.34999 76.0 2.149342
145.8 76.0 1.918421
183.59999 76.0 2.4157894
163.34999 76.0 2.149342
149.85 76.0 1.9717106
160.65 76.0 2.1138158
147.15 76.0 1.9361842
151.2 76.0 1.9894737
179.55 76.0 2.3625
153.90001 76.0 2.025
178.2 76.0 2.3447368
147.15 76.0 1.9361842
164.7 76.0 2.1671052
167.4 76.0 2.2026315
168.75002 76.0 2.2203948
164.7 76.0 2.1671052
168.75 77.0 2.1915584
157.95 77.0 2.0512986
182.25 77.0 2.366883
147.15001 77.0 1.911039
186.3 77.0 2.4194806
147.15001 77.0 1.911039
170.1 77.0 2.209091
153.90001 77.0 1.9987013
166.04999 77.0 2.1564934
162.0 77.0 2.1038961
155.25 77.0 2.0162337
147.15001 77.0 1.911039
164.7 77.0 2.138961
152.55 77.0 1.9811689
156.6 77.0 2.0337663
174.15 77.0 2.2616882
182.25 77.0 2.366883
160.65 77.0 2.0863636
162.0 77.0 2.1038961
160.65 77.0 2.0863636
147.15001 77.0 1.911039
149.85 77.0 1.9461039
125.55 77.0 1.6305195
166.04999 77.0 2.1564934
167.40001 77.0 2.174026
166.04999 77.0 2.1564934
171.45 77.0 2.2266233
164.7 77.0 2.138961
167.40001 77.0 2.174026
157.95 77.0 2.0512986
151.2 77.0 1.9636364
143.1 77.0 1.8584416
164.7 77.0 2.138961
156.6 77.0 2.0337663
157.95 77.0 2.0512986
182.25 77.0 2.366883
168.75 77.0 2.1915584
155.25 77.0 2.0162337
170.1 77.0 2.209091
155.25 77.0 2.0162337
153.90001 77.0 1.9987013
162.1039 78.0 2.0782552
133.73573 78.0 1.7145606
151.29698 78.0 1.9397049
144.54265 78.0 1.8531109
168.85825 78.0 2.1648493
132.38486 78.0 1.6972418
128.33228 78.0 1.6452855
160.75304 78.0 2.0609365
160.75304 78.0 2.0609365
158.05132 78.0 2.026299
151.29698 78.0 1.9397049
137.78833 78.0 1.766517
171.55997 78.0 2.1994867
168.85825 78.0 2.1648493
139.13919 78.0 1.7838358
149.94612 78.0 1.9223862
168.85825 78.0 2.1648493
136.43745 78.0 1.7491982
145.89352 78.0 1.8704298
168.85825 78.0 2.1648493
158.05132 78.0 2.026299
135.0866 78.0 1.7318794
166.15651 78.0 2.1302116
170.2091 78.0 2.182168
168.85825 78.0 2.1648493
152.64786 78.0 1.9570237
148.59525 78.0 1.9050673
152.64786 78.0 1.9570237
162.1039 78.0 2.0782552
151.29698 78.0 1.9397049
144.54265 78.0 1.8531109
144.54265 78.0 1.8531109
160.75304 78.0 2.0609365
172.91084 78.0 2.2168057
135.0866 78.0 1.7318794
145.89352 78.0 1.8704298
176.96344 78.0 2.268762
162.1039 78.0 2.0782552
147.24438 78.0 1.8877486
143.19179 78.0 1.8357922
162.1039 78.0 2.0782552
168.75 79.0 2.136076
160.65 79.0 2.0335443
152.55 79.0 1.9310126
147.15001 79.0 1.8626583
132.3 79.0 1.6746836
166.04999 79.0 2.1018987
159.3 79.0 2.0164557
151.2 79.0 1.9139241
140.40001 79.0 1.7772152
136.35 79.0 1.7259494
124.2 79.0 1.5721519
132.3 79.0 1.6746836
157.95 79.0 1.9993671
153.9 79.0 1.9481013
144.45 79.0 1.828481
145.8 79.0 1.8455696
139.05 79.0 1.7601266
145.8 79.0 1.8455696
143.1 79.0 1.8113924
116.1 79.0 1.4696202
139.05 79.0 1.7601266
125.55 79.0 1.5892406
152.55 79.0 1.9310126
155.25 79.0 1.9651898
153.9 79.0 1.9481013
176.85 79.0 2.2386076
132.3 79.0 1.6746836
144.45 79.0 1.828481
130.95 79.0 1.6575949
136.35 79.0 1.7259494
145.8 79.0 1.8455696
121.5 79.0 1.5379747
149.85 79.0 1.8968354
143.1 79.0 1.8113924
145.8 79.0 1.8455696
141.75 79.0 1.7943038
148.5 79.0 1.8797468
152.55 79.0 1.9310126
121.5 79.0 1.5379747
162.0 79.0 2.050633
147.15001 79.0 1.8626583
129.6 80.0 1.62
141.75 80.0 1.771875
144.45 80.0 1.805625
164.7 80.0 2.05875
153.90001 80.0 1.92375
110.7 80.0 1.38375
129.6 80.0 1.62
145.8 80.0 1.8225
144.45 80.0 1.805625
140.4 80.0 1.755
132.29999 80.0 1.65375
145.8 80.0 1.8225
135.0 80.0 1.6875
145.8 80.0 1.8225
144.45 80.0 1.805625
155.25 80.0 1.940625
145.8 80.0 1.8225
171.45001 80.0 2.143125
140.4 80.0 1.755
120.15 80.0 1.501875
155.25 80.0 1.940625
139.05 80.0 1.738125
137.70001 80.0 1.72125
145.8 80.0 1.8225
125.55 80.0 1.569375
136.35 80.0 1.704375
120.15 80.0 1.501875
153.90001 80.0 1.92375
149.84999 80.0 1.873125
141.75 80.0 1.771875
162.0 80.0 2.025
152.55 80.0 1.906875
116.1 80.0 1.45125
130.95 80.0 1.636875
128.25 80.0 1.603125
157.95 80.0 1.974375
135.0 80.0 1.6875
129.6 80.0 1.62
116.1 80.0 1.45125
153.90001 80.0 1.92375
143.1 80.0 1.78875
122.85 81.0 1.5166667
130.95 81.0 1.6166667
125.549995 81.0 1.55
151.2 81.0 1.8666667
143.1 81.0 1.7666667
148.5 81.0 1.8333334
116.1 81.0 1.4333333
126.9 81.0 1.5666667
128.25 81.0 1.5833334
136.34999 81.0 1.6833333
141.75 81.0 1.75
116.1 81.0 1.4333333
151.2 81.0 1.8666667
126.9 81.0 1.5666667
132.3 81.0 1.6333333
157.95 81.0 1.95
130.95 81.0 1.6166667
136.34999 81.0 1.6833333
124.2 81.0 1.5333333
99.9 81.0 1.2333333
155.25 81.0 1.9166666
149.85 81.0 1.85
139.05 81.0 1.7166667
136.34999 81.0 1.6833333
112.05 81.0 1.3833333
157.95 81.0 1.95
152.55 81.0 1.8833333
133.65 81.0 1.65
145.8 81.0 1.8
113.4 81.0 1.4
135.0 81.0 1.6666666
152.55 81.0 1.8833333
124.2 81.0 1.5333333
106.65 81.0 1.3166667
128.25 81.0 1.5833334
124.2 81.0 1.5333333
118.8 81.0 1.4666667
133.65 81.0 1.65
129.6 81.0 1.6
139.05 81.0 1.7166667
125.549995 81.0 1.55
116.1 82.0 1.4158536
118.8 82.0 1.4487805
149.85 82.0 1.8274391
120.15 82.0 1.4652439
122.85 82.0 1.4981707
135.0 82.0 1.6463414
132.3 82.0 1.6134146
135.0 82.0 1.6463414
129.6 82.0 1.5804878
132.3 82.0 1.6134146
133.65 82.0 1.629878
122.85 82.0 1.4981707
132.3 82.0 1.6134146
116.1 82.0 1.4158536
132.3 82.0 1.6134146
125.549995 82.0 1.5310975
109.350006 82.0 1.3335366
162.0 82.0 1.9756098
114.75 82.0 1.3993902
129.6 82.0 1.5804878
122.85 82.0 1.4981707
124.2 82.0 1.5146341
135.0 82.0 1.6463414
125.549995 82.0 1.5310975
117.45 82.0 1.432317
125.549995 82.0 1.5310975
120.15 82.0 1.4652439
151.2 82.0 1.8439025
133.65 82.0 1.629878
148.5 82.0 1.8109756
136.34999 82.0 1.6628048
129.6 82.0 1.5804878
105.299995 82.0 1.2841463
118.8 82.0 1.4487805
129.6 82.0 1.5804878
132.3 82.0 1.6134146
147.15 82.0 1.7945122
108.00001 82.0 1.3170732
135.0 82.0 1.6463414
112.05 82.0 1.3664634
141.75 82.0 1.7286586
130.95 83.0 1.5777109
110.700005 83.0 1.333735
124.200005 83.0 1.4963856
125.55 83.0 1.5126506
137.7 83.0 1.6590362
140.4 83.0 1.6915662
124.200005 83.0 1.4963856
109.35 83.0 1.3174698
135.0 83.0 1.626506
109.35 83.0 1.3174698
106.65 83.0 1.2849398
99.9 83.0 1.2036145
109.35 83.0 1.3174698
129.6 83.0 1.5614458
122.850006 83.0 1.4801205
117.450005 83.0 1.4150603
110.700005 83.0 1.333735
126.9 83.0 1.5289156
133.65 83.0 1.6102409
125.55 83.0 1.5126506
120.15 83.0 1.4475904
124.200005 83.0 1.4963856
130.95 83.0 1.5777109
136.35 83.0 1.6427711
130.95 83.0 1.5777109
129.6 83.0 1.5614458
135.0 83.0 1.626506
122.850006 83.0 1.4801205
144.45 83.0 1.7403615
124.200005 83.0 1.4963856
109.35 83.0 1.3174698
116.1 83.0 1.3987951
136.35 83.0 1.6427711
109.35 83.0 1.3174698
122.850006 83.0 1.4801205
120.15 83.0 1.4475904
112.05 83.0 1.35
120.15 83.0 1.4475904
133.65 83.0 1.6102409
120.15 83.0 1.4475904
126.9 83.0 1.5289156
135.0 84.0 1.6071428
116.100006 84.0 1.3821429
121.5 84.0 1.4464285
121.5 84.0 1.4464285
118.799995 84.0 1.4142857
129.6 84.0 1.5428572
128.25 84.0 1.5267857
110.7 84.0 1.3178571
113.4 84.0 1.35
97.200005 84.0 1.1571429
117.450005 84.0 1.3982143
112.05 84.0 1.3339286
122.85 84.0 1.4625
91.799995 84.0 1.0928571
108.0 84.0 1.2857143
102.6 84.0 1.2214285
108.0 84.0 1.2857143
98.55 84.0 1.1732143
121.5 84.0 1.4464285
101.25001 84.0 1.2053572
117.450005 84.0 1.3982143
126.9 84.0 1.5107143
121.5 84.0 1.4464285
125.55 84.0 1.4946429
114.75 84.0 1.3660715
97.200005 84.0 1.1571429
126.9 84.0 1.5107143
135.0 84.0 1.6071428
122.85 84.0 1.4625
93.15 84.0 1.1089286
121.5 84.0 1.4464285
103.95 84.0 1.2375
121.5 84.0 1.4464285
117.450005 84.0 1.3982143
109.35 84.0 1.3017857
108.0 84.0 1.2857143
112.05 84.0 1.3339286
124.2 84.0 1.4785714
114.75 84.0 1.3660715
122.85 84.0 1.4625
101.25001 84.0 1.2053572
109.35 85.0 1.2864705
126.899994 85.0 1.4929411
83.7 85.0 0.98470587
91.8 85.0 1.08
106.65 85.0 1.2547059
106.65 85.0 1.2547059
94.5 85.0 1.1117647
105.3 85.0 1.2388235
117.45 85.0 1.3817647
129.6 85.0 1.5247059
102.6 85.0 1.2070588
108.0 85.0 1.2705883
108.0 85.0 1.2705883
103.95 85.0 1.2229412
95.85 85.0 1.127647
94.5 85.0 1.1117647
118.799995 85.0 1.397647
97.2 85.0 1.1435294
83.7 85.0 0.98470587
122.85 85.0 1.4452941
109.35 85.0 1.2864705
108.0 85.0 1.2705883
109.35 85.0 1.2864705
105.3 85.0 1.2388235
108.0 85.0 1.2705883
108.0 85.0 1.2705883
112.049995 85.0 1.3182353
113.4 85.0 1.3341177
114.75 85.0 1.35
87.75 85.0 1.0323529
103.95 85.0 1.2229412
116.100006 85.0 1.3658824
91.8 85.0 1.08
102.6 85.0 1.2070588
121.5 85.0 1.4294118
118.799995 85.0 1.397647
113.4 85.0 1.3341177
117.45 85.0 1.3817647
99.9 85.0 1.1752942
114.75 85.0 1.35
110.7 85.0 1.3023529
114.75 86.0 1.3343023
117.45 86.0 1.3656976
95.85 86.0 1.1145349
89.1 86.0 1.0360465
109.350006 86.0 1.2715117
99.9 86.0 1.1616279
97.200005 86.0 1.1302326
98.55 86.0 1.1459303
109.350006 86.0 1.2715117
101.25 86.0 1.1773256
108.0 86.0 1.255814
93.15 86.0 1.0831395
106.649994 86.0 1.2401162
103.95 86.0 1.2087209
94.50001 86.0 1.0988373
114.75 86.0 1.3343023
106.649994 86.0 1.2401162
97.200005 86.0 1.1302326
99.9 86.0 1.1616279
97.200005 86.0 1.1302326
87.74999 86.0 1.0203488
103.95 86.0 1.2087209
103.95 86.0 1.2087209
101.25 86.0 1.1773256
110.7 86.0 1.2872093
99.9 86.0 1.1616279
112.05 86.0 1.302907
108.0 86.0 1.255814
98.55 86.0 1.1459303
93.15 86.0 1.0831395
110.7 86.0 1.2872093
105.3 86.0 1.2244186
112.05 86.0 1.302907
99.9 86.0 1.1616279
89.1 86.0 1.0360465
99.9 86.0 1.1616279
102.6 86.0 1.1930232
91.799995 86.0 1.0674418
109.350006 86.0 1.2715117
95.85 86.0 1.1145349
118.8 86.0 1.3813953
94.5 87.0 1.0862069
83.700005 87.0 0.962069
102.6 87.0 1.1793103
82.35 87.0 0.94655174
89.100006 87.0 1.024138
89.100006 87.0 1.024138
99.9 87.0 1.1482759
102.6 87.0 1.1793103
103.95 87.0 1.1948276
82.35 87.0 0.94655174
98.55 87.0 1.1327586
106.649994 87.0 1.225862
105.299995 87.0 1.2103448
103.95 87.0 1.1948276
94.5 87.0 1.0862069
94.5 87.0 1.0862069
112.05 87.0 1.2879311
86.4 87.0 0.99310344
70.200005 87.0 0.80689657
78.299995 87.0 0.9
105.299995 87.0 1.2103448
91.8 87.0 1.0551724
98.55 87.0 1.1327586
101.25 87.0 1.1637931
81.0 87.0 0.9310345
81.0 87.0 0.9310345
105.299995 87.0 1.2103448
101.25 87.0 1.1637931
86.4 87.0 0.99310344
95.85 87.0 1.1017241
93.15 87.0 1.0706897
81.0 87.0 0.9310345
87.75001 87.0 1.0086207
109.35 87.0 1.2568965
89.100006 87.0 1.024138
85.05 87.0 0.9775862
95.85 87.0 1.1017241
82.35 87.0 0.94655174
93.15 87.0 1.0706897
90.450005 87.0 1.0396552
86.4 87.0 0.99310344
95.85 88.0 1.0892045
103.95 88.0 1.18125
86.4 88.0 0.9818182
113.399994 88.0 1.2886363
86.4 88.0 0.9818182
86.4 88.0 0.9818182
79.65 88.0 0.90511364
93.149994 88.0 1.0585227
101.24999 88.0 1.1505681
75.6 88.0 0.8590909
93.149994 88.0 1.0585227
94.5 88.0 1.0738636
93.149994 88.0 1.0585227
79.65 88.0 0.90511364
99.9 88.0 1.1352273
68.85 88.0 0.78238636
86.4 88.0 0.9818182
94.5 88.0 1.0738636
97.200005 88.0 1.1045455
82.35 88.0 0.9357954
91.799995 88.0 1.0431818
86.4 88.0 0.9818182
83.7 88.0 0.95113635
87.75 88.0 0.99715906
79.65 88.0 0.90511364
83.7 88.0 0.95113635
85.05 88.0 0.9664773
87.75 88.0 0.99715906
85.05 88.0 0.9664773
98.55 88.0 1.1198864
102.6 88.0 1.165909
94.5 88.0 1.0738636
85.05 88.0 0.9664773
86.4 88.0 0.9818182
85.05 88.0 0.9664773
78.299995 88.0 0.8897727
112.049995 88.0 1.2732954
85.05 88.0 0.9664773
94.5 88.0 1.0738636
102.6 88.0 1.165909
83.7 88.0 0.95113635
68.85 89.0 0.7735955
75.6 89.0 0.8494382
71.55 89.0 0.8039326
74.25 89.0 0.83426964
93.15 89.0 1.0466292
66.15 89.0 0.7432584
75.6 89.0 0.8494382
86.4 89.0 0.9707865
75.6 89.0 0.8494382
81.0 89.0 0.9101124
78.3 89.0 0.8797753
82.350006 89.0 0.9252809
75.6 89.0 0.8494382
72.899994 89.0 0.8191011
83.7 89.0 0.9404494
76.95 89.0 0.86460674
94.5 89.0 1.0617977
87.75 89.0 0.98595506
90.45 89.0 1.0162921
86.4 89.0 0.9707865
76.95 89.0 0.86460674
78.3 89.0 0.8797753
90.45 89.0 1.0162921
74.25 89.0 0.83426964
78.3 89.0 0.8797753
90.45 89.0 1.0162921
79.65 89.0 0.89494383
87.75 89.0 0.98595506
62.100002 89.0 0.69775283
86.4 89.0 0.9707865
86.4 89.0 0.9707865
76.95 89.0 0.86460674
76.95 89.0 0.86460674
87.75 89.0 0.98595506
76.95 89.0 0.86460674
91.799995 89.0 1.0314606
67.5 89.0 0.75842696
81.0 89.0 0.9101124
87.75 89.0 0.98595506
91.799995 89.0 1.0314606
58.05 89.0 0.6522472
72.9 90.0 0.81
66.15 90.0 0.735
70.2 90.0 0.78
75.6 90.0 0.84
75.6 90.0 0.84
51.3 90.0 0.57
90.45 90.0 1.005
81.0 90.0 0.9
74.25 90.0 0.825
71.55 90.0 0.795
68.85 90.0 0.765
72.9 90.0 0.81
79.65 90.0 0.885
72.9 90.0 0.81
71.55 90.0 0.795
71.55 90.0 0.795
75.6 90.0 0.84
74.25 90.0 0.825
62.1 90.0 0.69
71.55 90.0 0.795
72.9 90.0 0.81
63.449997 90.0 0.705
60.75 90.0 0.675
81.0 90.0 0.9
82.35 90.0 0.915
78.3 90.0 0.87
79.65 90.0 0.885
83.7 90.0 0.93
79.65 90.0 0.885
81.0 90.0 0.9
83.7 90.0 0.93
64.8 90.0 0.72
74.25 90.0 0.825
68.85 90.0 0.765
72.9 90.0 0.81
91.799995 90.0 1.02
66.15 90.0 0.735
63.449997 90.0 0.705
78.3 90.0 0.87
82.35 90.0 0.915
70.2 90.0 0.78
