135.0 1.0 135.0
135.0 1.0 135.0
133.65 1.0 133.65
135.0 1.0 135.0
135.0 1.0 135.0
135.0 1.0 135.0
135.0 1.0 135.0
135.0 1.0 135.0
133.65 1.0 133.65
135.0 1.0 135.0
135.0 1.0 135.0
135.0 1.0 135.0
135.0 1.0 135.0
135.0 1.0 135.0
135.0 1.0 135.0
135.0 1.0 135.0
135.0 1.0 135.0
135.0 1.0 135.0
135.0 1.0 135.0
133.65 1.0 133.65
135.0 1.0 135.0
135.0 1.0 135.0
135.0 1.0 135.0
135.0 1.0 135.0
133.65 1.0 133.65
135.0 1.0 135.0
135.0 1.0 135.0
135.0 1.0 135.0
135.0 1.0 135.0
133.65 1.0 133.65
135.0 1.0 135.0
135.0 1.0 135.0
135.0 1.0 135.0
135.0 1.0 135.0
135.0 1.0 135.0
135.0 1.0 135.0
135.0 1.0 135.0
135.0 1.0 135.0
135.0 1.0 135.0
135.0 1.0 135.0
135.0 1.0 135.0
270.0 2.0 135.0
270.0 2.0 135.0
268.65 2.0 134.325
270.0 2.0 135.0
268.65 2.0 134.325
270.0 2.0 135.0
268.65 2.0 134.325
270.0 2.0 135.0
270.0 2.0 135.0
270.0 2.0 135.0
270.0 2.0 135.0
270.0 2.0 135.0
270.0 2.0 135.0
270.0 2.0 135.0
270.0 2.0 135.0
270.0 2.0 135.0
270.0 2.0 135.0
268.65 2.0 134.325
270.0 2.0 135.0
270.0 2.0 135.0
270.0 2.0 135.0
270.0 2.0 135.0
270.0 2.0 135.0
270.0 2.0 135.0
270.0 2.0 135.0
270.0 2.0 135.0
270.0 2.0 135.0
268.65 2.0 134.325
270.0 2.0 135.0
270.0 2.0 135.0
270.0 2.0 135.0
268.65 2.0 134.325
270.0 2.0 135.0
270.0 2.0 135.0
270.0 2.0 135.0
270.0 2.0 135.0
267.3 2.0 133.65
270.0 2.0 135.0
270.0 2.0 135.0
270.0 2.0 135.0
270.0 2.0 135.0
405.0 3.0 135.0
403.65002 3.0 134.55
405.0 3.0 135.0
405.0 3.0 135.0
405.0 3.0 135.0
405.0 3.0 135.0
403.65002 3.0 134.55
400.94998 3.0 133.65
405.0 3.0 135.0
405.0 3.0 135.0
403.65002 3.0 134.55
402.30002 3.0 134.1
403.65002 3.0 134.55
405.0 3.0 135.0
403.65002 3.0 134.55
403.65002 3.0 134.55
405.0 3.0 135.0
405.0 3.0 135.0
405.0 3.0 135.0
405.0 3.0 135.0
405.0 3.0 135.0
403.65002 3.0 134.55
403.65002 3.0 134.55
403.65002 3.0 134.55
405.0 3.0 135.0
405.0 3.0 135.0
405.0 3.0 135.0
402.30002 3.0 134.1
405.0 3.0 135.0
405.0 3.0 135.0
405.0 3.0 135.0
402.30002 3.0 134.1
402.30002 3.0 134.1
405.0 3.0 135.0
403.65002 3.0 134.55
405.0 3.0 135.0
405.0 3.0 135.0
402.30002 3.0 134.1
405.0 3.0 135.0
400.94998 3.0 133.65
405.0 3.0 135.0
538.65 4.0 134.6625
537.3 4.0 134.325
540.0 4.0 135.0
538.65 4.0 134.6625
538.65 4.0 134.6625
540.0 4.0 135.0
540.0 4.0 135.0
537.3 4.0 134.325
538.65 4.0 134.6625
538.65 4.0 134.6625
540.0 4.0 135.0
540.0 4.0 135.0
538.65 4.0 134.6625
540.0 4.0 135.0
538.65 4.0 134.6625
537.3 4.0 134.325
538.65 4.0 134.6625
540.0 4.0 135.0
540.0 4.0 135.0
540.0 4.0 135.0
538.65 4.0 134.6625
538.65 4.0 134.6625
537.3 4.0 134.325
538.65 4.0 134.6625
540.0 4.0 135.0
538.65 4.0 134.6625
538.65 4.0 134.6625
540.0 4.0 135.0
540.0 4.0 135.0
540.0 4.0 135.0
540.0 4.0 135.0
540.0 4.0 135.0
540.0 4.0 135.0
540.0 4.0 135.0
537.3 4.0 134.325
538.65 4.0 134.6625
538.65 4.0 134.6625
540.0 4.0 135.0
540.0 4.0 135.0
537.3 4.0 134.325
540.0 4.0 135.0
675.0 5.0 135.0
675.0 5.0 135.0
675.0 5.0 135.0
675.0 5.0 135.0
675.0 5.0 135.0
675.0 5.0 135.0
675.0 5.0 135.0
675.0 5.0 135.0
670.95 5.0 134.19
673.64996 5.0 134.73
675.0 5.0 135.0
673.64996 5.0 134.73
672.30005 5.0 134.46
673.64996 5.0 134.73
670.95 5.0 134.19
675.0 5.0 135.0
672.30005 5.0 134.46
673.64996 5.0 134.73
673.64996 5.0 134.73
675.0 5.0 135.0
672.30005 5.0 134.46
675.0 5.0 135.0
673.64996 5.0 134.73
675.0 5.0 135.0
673.64996 5.0 134.73
675.0 5.0 135.0
673.64996 5.0 134.73
670.95 5.0 134.19
675.0 5.0 135.0
675.0 5.0 135.0
675.0 5.0 135.0
670.95 5.0 134.19
673.64996 5.0 134.73
672.30005 5.0 134.46
672.30005 5.0 134.46
675.0 5.0 135.0
673.64996 5.0 134.73
672.30005 5.0 134.46
672.30005 5.0 134.46
675.0 5.0 135.0
673.64996 5.0 134.73
805.94995 6.0 134.325
810.0 6.0 135.0
807.30005 6.0 134.55
808.64996 6.0 134.775
810.0 6.0 135.0
804.60004 6.0 134.1
807.30005 6.0 134.55
804.60004 6.0 134.1
808.64996 6.0 134.775
808.64996 6.0 134.775
810.0 6.0 135.0
810.0 6.0 135.0
805.94995 6.0 134.325
808.64996 6.0 134.775
807.30005 6.0 134.55
810.0 6.0 135.0
807.30005 6.0 134.55
808.64996 6.0 134.775
810.0 6.0 135.0
807.30005 6.0 134.55
808.64996 6.0 134.775
808.64996 6.0 134.775
808.64996 6.0 134.775
807.30005 6.0 134.55
808.64996 6.0 134.775
808.64996 6.0 134.775
807.30005 6.0 134.55
803.25 6.0 133.875
808.64996 6.0 134.775
805.94995 6.0 134.325
808.64996 6.0 134.775
807.30005 6.0 134.55
810.0 6.0 135.0
808.64996 6.0 134.775
808.64996 6.0 134.775
810.0 6.0 135.0
807.30005 6.0 134.55
808.64996 6.0 134.775
810.0 6.0 135.0
810.0 6.0 135.0
810.0 6.0 135.0
945.0 7.0 135.0
945.0 7.0 135.0
943.65 7.0 134.80714
942.30005 7.0 134.61429
945.0 7.0 135.0
940.95 7.0 134.42143
943.65 7.0 134.80714
943.65 7.0 134.80714
942.30005 7.0 134.61429
945.0 7.0 135.0
942.30005 7.0 134.61429
943.65 7.0 134.80714
942.30005 7.0 134.61429
940.95 7.0 134.42143
943.65 7.0 134.80714
940.95 7.0 134.42143
945.0 7.0 135.0
945.0 7.0 135.0
943.65 7.0 134.80714
943.65 7.0 134.80714
942.30005 7.0 134.61429
943.65 7.0 134.80714
940.95 7.0 134.42143
943.65 7.0 134.80714
945.0 7.0 135.0
943.65 7.0 134.80714
942.30005 7.0 134.61429
942.30005 7.0 134.61429
942.30005 7.0 134.61429
943.65 7.0 134.80714
939.60004 7.0 134.22858
942.30005 7.0 134.61429
940.95 7.0 134.42143
942.30005 7.0 134.61429
940.95 7.0 134.42143
943.65 7.0 134.80714
942.30005 7.0 134.61429
942.30005 7.0 134.61429
940.95 7.0 134.42143
940.95 7.0 134.42143
945.0 7.0 135.0
1078.65 8.0 134.83125
1077.3 8.0 134.6625
1077.3 8.0 134.6625
1074.6 8.0 134.325
1078.65 8.0 134.83125
1077.3 8.0 134.6625
1075.95 8.0 134.49374
1075.95 8.0 134.49374
1077.3 8.0 134.6625
1077.3 8.0 134.6625
1078.65 8.0 134.83125
1077.3 8.0 134.6625
1077.3 8.0 134.6625
1078.65 8.0 134.83125
1077.3 8.0 134.6625
1078.65 8.0 134.83125
1080.0 8.0 135.0
1077.3 8.0 134.6625
1075.95 8.0 134.49374
1080.0 8.0 135.0
1078.65 8.0 134.83125
1078.65 8.0 134.83125
1077.3 8.0 134.6625
1077.3 8.0 134.6625
1080.0 8.0 135.0
1080.0 8.0 135.0
1077.3 8.0 134.6625
1074.6 8.0 134.325
1077.3 8.0 134.6625
1078.65 8.0 134.83125
1077.3 8.0 134.6625
1077.3 8.0 134.6625
1078.65 8.0 134.83125
1077.3 8.0 134.6625
1077.3 8.0 134.6625
1080.0 8.0 135.0
1078.65 8.0 134.83125
1077.3 8.0 134.6625
1080.0 8.0 135.0
1080.0 8.0 135.0
1080.0 8.0 135.0
1209.6 9.0 134.4
1215.0 9.0 135.0
1212.2999 9.0 134.7
1215.0 9.0 135.0
1209.6 9.0 134.4
1208.25 9.0 134.25
1212.2999 9.0 134.7
1212.2999 9.0 134.7
1212.2999 9.0 134.7
1210.9501 9.0 134.55
1213.65 9.0 134.85
1210.9501 9.0 134.55
1205.5499 9.0 133.95
1213.65 9.0 134.85
1215.0 9.0 135.0
1213.65 9.0 134.85
1212.2999 9.0 134.7
1212.2999 9.0 134.7
1212.2999 9.0 134.7
1213.65 9.0 134.85
1212.2999 9.0 134.7
1212.2999 9.0 134.7
1212.2999 9.0 134.7
1215.0 9.0 135.0
1212.2999 9.0 134.7
1213.65 9.0 134.85
1212.2999 9.0 134.7
1212.2999 9.0 134.7
1210.9501 9.0 134.55
1212.2999 9.0 134.7
1213.65 9.0 134.85
1213.65 9.0 134.85
1213.65 9.0 134.85
1213.65 9.0 134.85
1208.25 9.0 134.25
1210.9501 9.0 134.55
1213.65 9.0 134.85
1210.9501 9.0 134.55
1213.65 9.0 134.85
1209.6 9.0 134.4
1213.65 9.0 134.85
1348.65 10.0 134.865
1345.95 10.0 134.595
1343.25 10.0 134.325
1347.2999 10.0 134.73
1344.6001 10.0 134.46
1347.2999 10.0 134.73
1348.65 10.0 134.865
1348.65 10.0 134.865
1347.2999 10.0 134.73
1347.2999 10.0 134.73
1347.2999 10.0 134.73
1348.65 10.0 134.865
1347.2999 10.0 134.73
1347.2999 10.0 134.73
1344.6001 10.0 134.46
1347.2999 10.0 134.73
1345.95 10.0 134.595
1347.2999 10.0 134.73
1344.6001 10.0 134.46
1345.95 10.0 134.595
1345.95 10.0 134.595
1344.6001 10.0 134.46
1350.0 10.0 135.0
1339.2 10.0 133.92
1340.5499 10.0 134.055
1345.95 10.0 134.595
1340.5499 10.0 134.055
1350.0 10.0 135.0
1344.6001 10.0 134.46
1344.6001 10.0 134.46
1340.5499 10.0 134.055
1348.65 10.0 134.865
1347.2999 10.0 134.73
1341.9 10.0 134.19
1337.8501 10.0 133.785
1348.65 10.0 134.865
1340.5499 10.0 134.055
1348.65 10.0 134.865
1347.2999 10.0 134.73
1344.6001 10.0 134.46
1350.0 10.0 135.0
1482.3 11.0 134.75455
1478.25 11.0 134.38637
1476.9 11.0 134.26364
1478.25 11.0 134.38637
1483.65 11.0 134.87727
1480.9501 11.0 134.63182
1482.3 11.0 134.75455
1483.65 11.0 134.87727
1480.9501 11.0 134.63182
1482.3 11.0 134.75455
1479.6001 11.0 134.5091
1483.65 11.0 134.87727
1480.9501 11.0 134.63182
1479.6001 11.0 134.5091
1480.9501 11.0 134.63182
1479.6001 11.0 134.5091
1483.65 11.0 134.87727
1483.65 11.0 134.87727
1482.3 11.0 134.75455
1478.25 11.0 134.38637
1476.9 11.0 134.26364
1480.9501 11.0 134.63182
1482.3 11.0 134.75455
1480.9501 11.0 134.63182
1482.3 11.0 134.75455
1479.6001 11.0 134.5091
1482.3 11.0 134.75455
1480.9501 11.0 134.63182
1482.3 11.0 134.75455
1479.6001 11.0 134.5091
1483.65 11.0 134.87727
1483.65 11.0 134.87727
1478.25 11.0 134.38637
1483.65 11.0 134.87727
1480.9501 11.0 134.63182
1480.9501 11.0 134.63182
1479.6001 11.0 134.5091
1483.65 11.0 134.87727
1482.3 11.0 134.75455
1478.25 11.0 134.38637
1478.25 11.0 134.38637
1617.2999 12.0 134.775
1615.9501 12.0 134.6625
1618.6499 12.0 134.8875
1617.2999 12.0 134.775
1613.25 12.0 134.4375
1613.25 12.0 134.4375
1617.2999 12.0 134.775
1615.9501 12.0 134.6625
1615.9501 12.0 134.6625
1618.6499 12.0 134.8875
1614.6001 12.0 134.55
1615.9501 12.0 134.6625
1614.6001 12.0 134.55
1620.0 12.0 135.0
1617.2999 12.0 134.775
1617.2999 12.0 134.775
1611.8999 12.0 134.325
1615.9501 12.0 134.6625
1613.25 12.0 134.4375
1620.0 12.0 135.0
1614.6001 12.0 134.55
1611.8999 12.0 134.325
1613.25 12.0 134.4375
1613.25 12.0 134.4375
1617.2999 12.0 134.775
1614.6001 12.0 134.55
1613.25 12.0 134.4375
1614.6001 12.0 134.55
1613.25 12.0 134.4375
1618.6499 12.0 134.8875
1615.9501 12.0 134.6625
1613.25 12.0 134.4375
1614.6001 12.0 134.55
1615.9501 12.0 134.6625
1615.9501 12.0 134.6625
1614.6001 12.0 134.55
1617.2999 12.0 134.775
1615.9501 12.0 134.6625
1615.9501 12.0 134.6625
1613.25 12.0 134.4375
1615.9501 12.0 134.6625
1748.25 13.0 134.48077
1748.25 13.0 134.48077
1749.6 13.0 134.58461
1752.3 13.0 134.79231
1746.9 13.0 134.37692
1752.3 13.0 134.79231
1750.95 13.0 134.68846
1755.0 13.0 135.0
1742.85 13.0 134.06538
1744.2001 13.0 134.16924
1748.25 13.0 134.48077
1745.5499 13.0 134.27307
1746.9 13.0 134.37692
1750.95 13.0 134.68846
1749.6 13.0 134.58461
1742.85 13.0 134.06538
1750.95 13.0 134.68846
1752.3 13.0 134.79231
1750.95 13.0 134.68846
1749.6 13.0 134.58461
1750.95 13.0 134.68846
1746.9 13.0 134.37692
1749.6 13.0 134.58461
1748.25 13.0 134.48077
1750.95 13.0 134.68846
1744.2001 13.0 134.16924
1749.6 13.0 134.58461
1745.5499 13.0 134.27307
1745.5499 13.0 134.27307
1752.3 13.0 134.79231
1749.6 13.0 134.58461
1749.6 13.0 134.58461
1750.95 13.0 134.68846
1749.6 13.0 134.58461
1752.3 13.0 134.79231
1753.6499 13.0 134.89615
1752.3 13.0 134.79231
1745.5499 13.0 134.27307
1749.6 13.0 134.58461
1749.6 13.0 134.58461
1746.9 13.0 134.37692
1881.9 14.0 134.42143
1887.3 14.0 134.80714
1877.85 14.0 134.13214
1885.95 14.0 134.71071
1884.6001 14.0 134.61429
1885.95 14.0 134.71071
1885.95 14.0 134.71071
1887.3 14.0 134.80714
1881.9 14.0 134.42143
1880.5499 14.0 134.325
1884.6001 14.0 134.61429
1880.5499 14.0 134.325
1881.9 14.0 134.42143
1879.2001 14.0 134.22858
1884.6001 14.0 134.61429
1885.95 14.0 134.71071
1877.85 14.0 134.13214
1883.25 14.0 134.51785
1883.25 14.0 134.51785
1880.5499 14.0 134.325
1881.9 14.0 134.42143
1881.9 14.0 134.42143
1883.25 14.0 134.51785
1885.95 14.0 134.71071
1881.9 14.0 134.42143
1887.3 14.0 134.80714
1881.9 14.0 134.42143
1887.3 14.0 134.80714
1884.6001 14.0 134.61429
1885.95 14.0 134.71071
1881.9 14.0 134.42143
1884.6001 14.0 134.61429
1884.6001 14.0 134.61429
1880.5499 14.0 134.325
1883.25 14.0 134.51785
1881.9 14.0 134.42143
1879.2001 14.0 134.22858
1884.6001 14.0 134.61429
1875.15 14.0 133.93929
1880.5499 14.0 134.325
1881.9 14.0 134.42143
2016.9003 15.000001 134.46
2016.9003 15.000001 134.46
2015.55 15.000001 134.37
2020.9501 15.000001 134.73
2010.15 15.000001 134.01
2011.5002 15.000001 134.1
2010.15 15.000001 134.01
2011.5002 15.000001 134.1
2016.9003 15.000001 134.46
2006.1002 15.000001 133.74
2010.15 15.000001 134.01
2012.8502 15.000001 134.19
2011.5002 15.000001 134.1
2018.2501 15.000001 134.55
2012.8502 15.000001 134.19
2012.8502 15.000001 134.19
2015.55 15.000001 134.37
2018.2501 15.000001 134.55
2018.2501 15.000001 134.55
2019.6001 15.000001 134.64
2006.1002 15.000001 133.74
2019.6001 15.000001 134.64
2015.55 15.000001 134.37
2015.55 15.000001 134.37
2015.55 15.000001 134.37
2019.6001 15.000001 134.64
2016.9003 15.000001 134.46
2016.9003 15.000001 134.46
2016.9003 15.000001 134.46
2014.2001 15.000001 134.28
2011.5002 15.000001 134.1
2016.9003 15.000001 134.46
2016.9003 15.000001 134.46
2004.75 15.000001 133.65
2015.55 15.000001 134.37
2018.2501 15.000001 134.55
2019.6001 15.000001 134.64
2020.9501 15.000001 134.73
2016.9003 15.000001 134.46
2015.55 15.000001 134.37
2015.55 15.000001 134.37
2139.75 16.0 133.73438
2143.8 16.0 133.9875
2137.05 16.0 133.56563
2146.5 16.0 134.15625
2141.1 16.0 133.81876
2146.5 16.0 134.15625
2146.5 16.0 134.15625
2142.45 16.0 133.90312
2133.0 16.0 133.3125
2126.25 16.0 132.89062
2126.25 16.0 132.89062
2137.05 16.0 133.56563
2135.7 16.0 133.48125
2145.15 16.0 134.07187
2134.35 16.0 133.39688
2138.4 16.0 133.65
2134.35 16.0 133.39688
2139.75 16.0 133.73438
2139.75 16.0 133.73438
2137.05 16.0 133.56563
2142.45 16.0 133.90312
2145.15 16.0 134.07187
2135.7 16.0 133.48125
2141.1 16.0 133.81876
2145.15 16.0 134.07187
2135.7 16.0 133.48125
2142.45 16.0 133.90312
2141.1 16.0 133.81876
2137.05 16.0 133.56563
2139.75 16.0 133.73438
2139.75 16.0 133.73438
2134.35 16.0 133.39688
2130.3 16.0 133.14375
2131.65 16.0 133.22812
2135.7 16.0 133.48125
2126.25 16.0 132.89062
2134.35 16.0 133.39688
2135.7 16.0 133.48125
2138.4 16.0 133.65
2141.1 16.0 133.81876
2146.5 16.0 134.15625
2165.4001 17.0 127.37647
2180.25 17.0 128.25
2203.2002 17.0 129.6
2187.0 17.0 128.64706
2180.25 17.0 128.25
2162.7 17.0 127.21764
2182.9502 17.0 128.40883
2178.9001 17.0 128.1706
2201.8499 17.0 129.52058
2176.2 17.0 128.01176
2184.3 17.0 128.48824
2184.3 17.0 128.48824
2153.25 17.0 126.661766
2155.95 17.0 126.82059
2197.7998 17.0 129.28235
2184.3 17.0 128.48824
2199.1501 17.0 129.36177
2168.1 17.0 127.53529
2166.75 17.0 127.45588
2161.35 17.0 127.13824
2161.35 17.0 127.13824
2192.4 17.0 128.9647
2172.15 17.0 127.77353
2182.9502 17.0 128.40883
2192.4 17.0 128.9647
2182.9502 17.0 128.40883
2172.15 17.0 127.77353
2177.5498 17.0 128.09117
2174.8499 17.0 127.93235
2197.7998 17.0 129.28235
2181.5999 17.0 128.3294
2188.35 17.0 128.72647
2188.35 17.0 128.72647
2164.05 17.0 127.29706
2191.05 17.0 128.8853
2160.0 17.0 127.05882
2169.45 17.0 127.61471
2169.45 17.0 127.61471
2174.8499 17.0 127.93235
2187.0 17.0 128.64706
2160.0 17.0 127.05882
2162.7 18.0 120.15
2149.2 18.0 119.4
2173.5 18.0 120.75
2172.1501 18.0 120.675
2146.5 18.0 119.25
2151.9001 18.0 119.55
2138.4001 18.0 118.8
2150.55 18.0 119.475
2162.7 18.0 120.15
2170.8 18.0 120.6
2154.5999 18.0 119.7
2166.75 18.0 120.375
2155.95 18.0 119.775
2146.5 18.0 119.25
2147.8499 18.0 119.325
2138.4001 18.0 118.8
2150.55 18.0 119.475
2145.1501 18.0 119.175
2165.4001 18.0 120.3
2166.75 18.0 120.375
2157.3 18.0 119.85
2146.5 18.0 119.25
2134.3499 18.0 118.575
2119.5 18.0 117.75
2127.5999 18.0 118.2
2135.7 18.0 118.65
2128.95 18.0 118.275
2143.8 18.0 119.1
2145.1501 18.0 119.175
2126.25 18.0 118.125
2147.8499 18.0 119.325
2161.3499 18.0 120.075
2141.0999 18.0 118.95
2149.2 18.0 119.4
2174.8499 18.0 120.825
2174.8499 18.0 120.825
2172.1501 18.0 120.675
2131.6501 18.0 118.425
2131.6501 18.0 118.425
2153.25 18.0 119.625
2142.45 18.0 119.025
2127.6 19.0 111.97895
2147.85 19.0 113.04474
2143.8 19.0 112.83158
2155.95 19.0 113.471054
2133.0 19.0 112.26316
2142.45 19.0 112.76053
2137.05 19.0 112.47632
2124.9001 19.0 111.836845
2130.3 19.0 112.121056
2154.6 19.0 113.4
2146.5 19.0 112.97369
2130.3 19.0 112.121056
2145.1501 19.0 112.90263
2138.4001 19.0 112.54737
2124.9001 19.0 111.836845
2147.85 19.0 113.04474
2139.75 19.0 112.61842
2157.3 19.0 113.54211
2138.4001 19.0 112.54737
2157.3 19.0 113.54211
2126.25 19.0 111.9079
2137.05 19.0 112.47632
2119.5 19.0 111.552635
2120.85 19.0 111.62369
2097.9 19.0 110.41579
2138.4001 19.0 112.54737
2122.2 19.0 111.69474
2128.95 19.0 112.05
2119.5 19.0 111.552635
2134.35 19.0 112.33421
2128.95 19.0 112.05
2142.45 19.0 112.76053
2131.6501 19.0 112.19211
2126.25 19.0 111.9079
2108.7 19.0 110.98421
2134.35 19.0 112.33421
2149.2 19.0 113.11579
2130.3 19.0 112.121056
2100.5999 19.0 110.55789
2120.85 19.0 111.62369
2135.7 19.0 112.405266
2119.5 20.0 105.975
2114.1 20.0 105.705
2112.75 20.0 105.6375
2104.65 20.0 105.2325
2108.7 20.0 105.435
2111.4 20.0 105.57
2095.2 20.0 104.76
2110.05 20.0 105.5025
2100.6 20.0 105.03
2112.75 20.0 105.6375
2110.05 20.0 105.5025
2110.05 20.0 105.5025
2111.4 20.0 105.57
2091.1501 20.0 104.5575
2104.65 20.0 105.2325
2115.45 20.0 105.7725
2120.85 20.0 106.0425
2106.0 20.0 105.3
2107.35 20.0 105.3675
2108.7 20.0 105.435
2104.65 20.0 105.2325
2111.4 20.0 105.57
2128.95 20.0 106.4475
2099.25 20.0 104.9625
2112.75 20.0 105.6375
2083.0498 20.0 104.1525
2108.7 20.0 105.435
2112.75 20.0 105.6375
2103.3 20.0 105.165
2112.75 20.0 105.6375
2103.3 20.0 105.165
2120.85 20.0 106.0425
2095.2 20.0 104.76
2110.05 20.0 105.5025
2091.1501 20.0 104.5575
2122.2 20.0 106.11
2096.55 20.0 104.8275
2122.2 20.0 106.11
2089.8 20.0 104.49
2096.55 20.0 104.8275
2116.7998 20.0 105.84
2084.4 21.0 99.25714
2064.15 21.0 98.292854
2081.7 21.0 99.12857
2045.2501 21.0 97.39286
2077.65 21.0 98.935715
2076.3 21.0 98.87143
2085.75 21.0 99.32143
2084.4 21.0 99.25714
2080.35 21.0 99.064285
2074.95 21.0 98.807144
2081.7 21.0 99.12857
2093.85 21.0 99.707146
2096.55 21.0 99.83572
2095.2 21.0 99.77143
2080.35 21.0 99.064285
2079.0 21.0 99.0
2085.75 21.0 99.32143
2087.0999 21.0 99.38571
2073.6 21.0 98.74286
2088.45 21.0 99.45
2096.55 21.0 99.83572
2092.5 21.0 99.64286
2099.25 21.0 99.96429
2079.0 21.0 99.0
2089.7998 21.0 99.51428
2096.55 21.0 99.83572
2079.0 21.0 99.0
2076.3 21.0 98.87143
2100.6 21.0 100.02857
2089.7998 21.0 99.51428
2096.55 21.0 99.83572
2062.8 21.0 98.22857
2069.55 21.0 98.55
2066.8499 21.0 98.421425
2066.8499 21.0 98.421425
2096.55 21.0 99.83572
2091.1501 21.0 99.578575
2060.0999 21.0 98.1
2079.0 21.0 99.0
2079.0 21.0 99.0
2072.25 21.0 98.67857
2077.65 22.0 94.43864
2076.3 22.0 94.37727
2047.9501 22.0 93.08864
2060.0999 22.0 93.64091
2073.6 22.0 94.25455
2053.35 22.0 93.33409
2061.45 22.0 93.70227
2034.45 22.0 92.475
2046.6001 22.0 93.027275
2037.1499 22.0 92.597725
2065.5 22.0 93.88636
2043.9 22.0 92.90455
2053.35 22.0 93.33409
2034.45 22.0 92.475
2018.2501 22.0 91.73864
2057.4 22.0 93.51818
2043.9 22.0 92.90455
2076.3 22.0 94.37727
2041.2 22.0 92.781815
2074.95 22.0 94.31591
2060.0999 22.0 93.64091
2068.2002 22.0 94.009094
2031.75 22.0 92.35227
2041.2 22.0 92.781815
2057.4 22.0 93.51818
2064.15 22.0 93.825
2062.8 22.0 93.76363
2031.75 22.0 92.35227
2065.5 22.0 93.88636
2068.2002 22.0 94.009094
2058.75 22.0 93.579544
2060.0999 22.0 93.64091
2068.2002 22.0 94.009094
2052.0 22.0 93.27273
2064.15 22.0 93.825
2060.0999 22.0 93.64091
2037.1499 22.0 92.597725
2050.65 22.0 93.211365
2049.3 22.0 93.15
2061.45 22.0 93.70227
2056.05 22.0 93.45682
2038.5 23.0 88.63043
2014.2 23.0 87.57391
2034.45 23.0 88.454346
2037.15 23.0 88.57174
2016.9 23.0 87.69131
2029.05 23.0 88.21957
2023.6499 23.0 87.98478
2019.6 23.0 87.80869
2039.8501 23.0 88.68913
2039.8501 23.0 88.68913
2018.25 23.0 87.75
2037.15 23.0 88.57174
2047.9501 23.0 89.041306
2034.45 23.0 88.454346
2019.6 23.0 87.80869
2008.8 23.0 87.339134
2026.35 23.0 88.10217
2031.7501 23.0 88.33696
2038.5 23.0 88.63043
2030.3999 23.0 88.27826
2034.45 23.0 88.454346
2023.6499 23.0 87.98478
2030.3999 23.0 88.27826
1995.3 23.0 86.752174
2037.15 23.0 88.57174
2027.7 23.0 88.160866
2020.9501 23.0 87.86739
2037.15 23.0 88.57174
2049.3 23.0 89.1
2045.25 23.0 88.92391
2052.0 23.0 89.21739
2038.5 23.0 88.63043
2042.5499 23.0 88.80652
2038.5 23.0 88.63043
2037.15 23.0 88.57174
2037.15 23.0 88.57174
2026.35 23.0 88.10217
2038.5 23.0 88.63043
2029.05 23.0 88.21957
2038.5 23.0 88.63043
2010.15 23.0 87.39783
1996.6499 24.0 83.19375
2008.7999 24.0 83.7
2011.5 24.0 83.8125
2003.3999 24.0 83.475
2027.7001 24.0 84.4875
1998.0 24.0 83.25
2010.1499 24.0 83.75625
1999.3501 24.0 83.30625
1987.2001 24.0 82.8
1995.2999 24.0 83.1375
2011.5 24.0 83.8125
2014.2001 24.0 83.925
2003.3999 24.0 83.475
1998.0 24.0 83.25
2015.5499 24.0 83.98125
2018.25 24.0 84.09375
2022.2999 24.0 84.2625
1981.7999 24.0 82.575
1989.8999 24.0 82.9125
2011.5 24.0 83.8125
2000.7001 24.0 83.3625
1988.5499 24.0 82.85625
2012.8501 24.0 83.86875
2016.8999 24.0 84.0375
2002.0499 24.0 83.41875
2000.7001 24.0 83.3625
2018.25 24.0 84.09375
2007.4501 24.0 83.64375
2007.4501 24.0 83.64375
1993.9501 24.0 83.08125
1995.2999 24.0 83.1375
1996.6499 24.0 83.19375
2007.4501 24.0 83.64375
1993.9501 24.0 83.08125
2008.7999 24.0 83.7
2008.7999 24.0 83.7
2027.7001 24.0 84.4875
2026.3501 24.0 84.43125
2011.5 24.0 83.8125
2015.5499 24.0 83.98125
1984.5 24.0 82.6875
1987.2 25.0 79.488
1969.65 25.0 78.786
1957.5001 25.0 78.3
1969.65 25.0 78.786
1977.75 25.0 79.11
1973.7 25.0 78.948
1965.6 25.0 78.624
1995.2999 25.0 79.812
1970.9999 25.0 78.84
1962.9 25.0 78.516
1970.9999 25.0 78.84
1970.9999 25.0 78.84
1984.4999 25.0 79.38
1961.5499 25.0 78.462
1977.75 25.0 79.11
1992.6001 25.0 79.704
1970.9999 25.0 78.84
1995.2999 25.0 79.812
1989.9 25.0 79.596
1965.6 25.0 78.624
1976.4 25.0 79.056
1973.7 25.0 78.948
1995.2999 25.0 79.812
1991.25 25.0 79.65
1984.4999 25.0 79.38
1961.5499 25.0 78.462
1979.1001 25.0 79.164
1995.2999 25.0 79.812
1980.4501 25.0 79.218
1984.4999 25.0 79.38
1985.85 25.0 79.434
1981.8 25.0 79.272
1984.4999 25.0 79.38
1970.9999 25.0 78.84
1995.2999 25.0 79.812
1973.7 25.0 78.948
1976.4 25.0 79.056
1965.6 25.0 78.624
1985.85 25.0 79.434
1958.8499 25.0 78.354
1965.6 25.0 78.624
1961.5499 26.0 75.44423
1953.45 26.0 75.13269
1950.75 26.0 75.02885
1948.05 26.0 74.925
1965.6 26.0 75.6
1942.65 26.0 74.71731
1931.8501 26.0 74.301926
1952.1001 26.0 75.08077
1965.6 26.0 75.6
1953.45 26.0 75.13269
1948.05 26.0 74.925
1950.75 26.0 75.02885
1973.7 26.0 75.91154
1968.3 26.0 75.70385
1946.7 26.0 74.87308
1948.05 26.0 74.925
1968.3 26.0 75.70385
1961.5499 26.0 75.44423
1958.85 26.0 75.340385
1964.2501 26.0 75.54808
1944.0001 26.0 74.76923
1948.05 26.0 74.925
1960.2001 26.0 75.39231
1953.45 26.0 75.13269
1954.8 26.0 75.184616
1956.1501 26.0 75.23654
1961.5499 26.0 75.44423
1945.35 26.0 74.82115
1954.8 26.0 75.184616
1964.2501 26.0 75.54808
1958.85 26.0 75.340385
1952.1001 26.0 75.08077
1957.5 26.0 75.28846
1950.75 26.0 75.02885
1962.9 26.0 75.496155
1954.8 26.0 75.184616
1960.2001 26.0 75.39231
1948.05 26.0 74.925
1938.6 26.0 74.56154
1957.5 26.0 75.28846
1948.05 26.0 74.925
1934.5502 27.000002 71.65
1915.65 27.000002 70.95
1938.6002 27.000002 71.8
1922.4 27.000002 71.2
1918.3502 27.000002 71.05
1912.9501 27.000002 70.85
1918.3502 27.000002 71.05
1915.65 27.000002 70.95
1939.9501 27.000002 71.85
1950.7501 27.000002 72.25
1929.15 27.000002 71.45
1934.5502 27.000002 71.65
1919.7001 27.000002 71.1
1925.1002 27.000002 71.3
1935.9 27.000002 71.7
1935.9 27.000002 71.7
1933.2001 27.000002 71.6
1931.8502 27.000002 71.55
1937.2501 27.000002 71.75
1923.7501 27.000002 71.25
1934.5502 27.000002 71.65
1930.5001 27.000002 71.5
1944.0001 27.000002 72.0
1918.3502 27.000002 71.05
1930.5001 27.000002 71.5
1941.3002 27.000002 71.9
1929.15 27.000002 71.45
1914.3002 27.000002 70.9
1938.6002 27.000002 71.8
1925.1002 27.000002 71.3
1908.9 27.000002 70.7
1930.5001 27.000002 71.5
1911.6002 27.000002 70.8
1921.0502 27.000002 71.15
1922.4 27.000002 71.2
1937.2501 27.000002 71.75
1942.65 27.000002 71.95
1953.4501 27.000002 72.35
1918.3502 27.000002 71.05
1927.8002 27.000002 71.4
1925.1002 27.000002 71.3
1899.4501 28.0 67.8375
1899.4501 28.0 67.8375
1896.75 28.0 67.74107
1895.3999 28.0 67.692856
1910.25 28.0 68.22321
1892.7 28.0 67.59643
1927.7999 28.0 68.85
1919.7 28.0 68.560715
1894.05 28.0 67.644646
1895.3999 28.0 67.692856
1899.4501 28.0 67.8375
1918.3499 28.0 68.5125
1867.05 28.0 66.68036
1888.6499 28.0 67.45178
1871.0999 28.0 66.825
1898.1 28.0 67.78928
1898.1 28.0 67.78928
1917.0 28.0 68.46429
1880.5499 28.0 67.1625
1899.4501 28.0 67.8375
1908.9001 28.0 68.175
1895.3999 28.0 67.692856
1883.25 28.0 67.25893
1907.55 28.0 68.126785
1910.25 28.0 68.22321
1908.9001 28.0 68.175
1899.4501 28.0 67.8375
1904.85 28.0 68.03036
1898.1 28.0 67.78928
1890.0 28.0 67.5
1887.3 28.0 67.40357
1915.6499 28.0 68.41607
1911.6001 28.0 68.27143
1899.4501 28.0 67.8375
1883.25 28.0 67.25893
1907.55 28.0 68.126785
1906.2001 28.0 68.078575
1917.0 28.0 68.46429
1910.25 28.0 68.22321
1910.25 28.0 68.22321
1910.25 28.0 68.22321
1867.05 29.0 64.381035
1885.9501 29.0 65.03276
1881.9 29.0 64.893105
1879.2001 29.0 64.8
1868.4001 29.0 64.42759
1875.15 29.0 64.66035
1869.75 29.0 64.47414
1884.6 29.0 64.986206
1873.7999 29.0 64.61379
1875.15 29.0 64.66035
1890.0001 29.0 65.17242
1865.7 29.0 64.33448
1883.2499 29.0 64.93965
1888.65 29.0 65.12586
1860.3 29.0 64.14828
1867.05 29.0 64.381035
1864.3501 29.0 64.28793
1877.85 29.0 64.75345
1860.3 29.0 64.14828
1880.5499 29.0 64.84655
1884.6 29.0 64.986206
1873.7999 29.0 64.61379
1880.5499 29.0 64.84655
1891.35 29.0 65.21896
1876.4999 29.0 64.706894
1876.4999 29.0 64.706894
1863.0 29.0 64.24138
1881.9 29.0 64.893105
1869.75 29.0 64.47414
1872.45 29.0 64.56724
1848.1499 29.0 63.72931
1873.7999 29.0 64.61379
1883.2499 29.0 64.93965
1885.9501 29.0 65.03276
1873.7999 29.0 64.61379
1871.1001 29.0 64.52069
1880.5499 29.0 64.84655
1838.7001 29.0 63.40345
1869.75 29.0 64.47414
1869.75 29.0 64.47414
1854.9 29.0 63.96207
1865.7001 30.000002 62.19
1833.3002 30.000002 61.11
1872.4502 30.000002 62.415
1860.3 30.000002 62.01
1852.2002 30.000002 61.74
1854.9001 30.000002 61.83
1841.4001 30.000002 61.38
1850.8501 30.000002 61.695
1841.4001 30.000002 61.38
1861.6501 30.000002 62.055
1854.9001 30.000002 61.83
1861.6501 30.000002 62.055
1852.2002 30.000002 61.74
1856.2501 30.000002 61.875
1833.3002 30.000002 61.11
1858.9501 30.000002 61.965
1846.8002 30.000002 61.56
1854.9001 30.000002 61.83
1848.1501 30.000002 61.605
1858.9501 30.000002 61.965
1842.7501 30.000002 61.425
1845.4501 30.000002 61.515
1844.1001 30.000002 61.47
1850.8501 30.000002 61.695
1844.1001 30.000002 61.47
1852.2002 30.000002 61.74
1861.6501 30.000002 62.055
1869.7501 30.000002 62.325
1836.0001 30.000002 61.2
1845.4501 30.000002 61.515
1837.3501 30.000002 61.245
1837.3501 30.000002 61.245
1842.7501 30.000002 61.425
1844.1001 30.000002 61.47
1856.2501 30.000002 61.875
1844.1001 30.000002 61.47
1861.6501 30.000002 62.055
1864.3501 30.000002 62.145
1860.3 30.000002 62.01
1849.5001 30.000002 61.65
1834.65 30.000002 61.155
1818.45 31.0 58.659676
1803.6 31.0 58.180645
1806.3 31.0 58.267742
1826.5499 31.0 58.920967
1834.65 31.0 59.18226
1818.45 31.0 58.659676
1821.1499 31.0 58.746773
1813.05 31.0 58.485485
1837.35 31.0 59.269356
1825.2 31.0 58.87742
1802.25 31.0 58.137096
1815.75 31.0 58.572582
1837.35 31.0 59.269356
1819.7999 31.0 58.703224
1823.85 31.0 58.83387
1827.9 31.0 58.964516
1823.85 31.0 58.83387
1823.85 31.0 58.83387
1837.35 31.0 59.269356
1825.2 31.0 58.87742
1818.45 31.0 58.659676
1838.7001 31.0 59.312904
1825.2 31.0 58.87742
1830.6 31.0 59.051613
1806.3 31.0 58.267742
1833.3 31.0 59.13871
1831.95 31.0 59.09516
1834.65 31.0 59.18226
1827.9 31.0 58.964516
1810.35 31.0 58.398388
1822.5 31.0 58.79032
1813.05 31.0 58.485485
1829.25 31.0 59.008064
1822.5 31.0 58.79032
1827.9 31.0 58.964516
1821.1499 31.0 58.746773
1825.2 31.0 58.87742
1831.95 31.0 59.09516
1819.7999 31.0 58.703224
1813.05 31.0 58.485485
1831.95 31.0 59.09516
1795.5 32.0 56.109375
1815.75 32.0 56.742188
1790.1 32.0 55.940624
1787.4 32.0 55.85625
1803.6 32.0 56.3625
1806.3 32.0 56.446877
1810.35 32.0 56.573437
1804.95 32.0 56.404686
1811.7 32.0 56.615623
1792.8 32.0 56.025
1809.0 32.0 56.53125
1790.1 32.0 55.940624
1799.55 32.0 56.23594
1783.35 32.0 55.729687
1795.5 32.0 56.109375
1800.9 32.0 56.278126
1800.9 32.0 56.278126
1790.1 32.0 55.940624
1818.45 32.0 56.82656
1809.0 32.0 56.53125
1796.85 32.0 56.15156
1794.15 32.0 56.06719
1800.9 32.0 56.278126
1803.6 32.0 56.3625
1817.1 32.0 56.784374
1799.55 32.0 56.23594
1783.35 32.0 55.729687
1798.2 32.0 56.19375
1809.0 32.0 56.53125
1787.4 32.0 55.85625
1807.65 32.0 56.489063
1804.95 32.0 56.404686
1788.75 32.0 55.898438
1791.45 32.0 55.98281
1784.7 32.0 55.771873
1806.3 32.0 56.446877
1815.75 32.0 56.742188
1791.45 32.0 55.98281
1784.7 32.0 55.771873
1792.8 32.0 56.025
1804.95 32.0 56.404686
1764.45 33.0 53.46818
1782.0 33.0 54.0
1783.35 33.0 54.04091
1777.9501 33.0 53.877274
1746.9 33.0 52.936363
1775.25 33.0 53.795456
1786.0499 33.0 54.122726
1772.5499 33.0 53.713634
1784.7 33.0 54.081818
1775.25 33.0 53.795456
1772.5499 33.0 53.713634
1783.35 33.0 54.04091
1772.5499 33.0 53.713634
1753.6499 33.0 53.140907
1786.0499 33.0 54.122726
1757.7001 33.0 53.263638
1772.5499 33.0 53.713634
1779.3 33.0 53.918182
1775.25 33.0 53.795456
1786.0499 33.0 54.122726
1772.5499 33.0 53.713634
1777.9501 33.0 53.877274
1771.2 33.0 53.672726
1771.2 33.0 53.672726
1763.1 33.0 53.427273
1792.8 33.0 54.327274
1775.25 33.0 53.795456
1768.5 33.0 53.590908
1768.5 33.0 53.590908
1775.25 33.0 53.795456
1791.4501 33.0 54.286366
1761.75 33.0 53.386364
1769.85 33.0 53.631817
1777.9501 33.0 53.877274
1764.45 33.0 53.46818
1769.85 33.0 53.631817
1769.85 33.0 53.631817
1764.45 33.0 53.46818
1777.9501 33.0 53.877274
1767.15 33.0 53.55
1765.7999 33.0 53.50909
1734.75 34.0 51.02206
1741.5 34.0 51.22059
1753.65 34.0 51.57794
1745.55 34.0 51.339706
1750.95 34.0 51.498528
1744.2 34.0 51.3
1749.6 34.0 51.458824
1750.95 34.0 51.498528
1742.8501 34.0 51.260296
1744.2 34.0 51.3
1755.0 34.0 51.617645
1749.6 34.0 51.458824
1745.55 34.0 51.339706
1752.2999 34.0 51.538235
1748.25 34.0 51.419117
1734.75 34.0 51.02206
1722.6001 34.0 50.664707
1749.6 34.0 51.458824
1746.9 34.0 51.379414
1728.0 34.0 50.82353
1765.8 34.0 51.935295
1746.9 34.0 51.379414
1749.6 34.0 51.458824
1749.6 34.0 51.458824
1750.95 34.0 51.498528
1734.75 34.0 51.02206
1759.0499 34.0 51.736763
1744.2 34.0 51.3
1757.7001 34.0 51.69706
1748.25 34.0 51.419117
1749.6 34.0 51.458824
1749.6 34.0 51.458824
1745.55 34.0 51.339706
1748.25 34.0 51.419117
1750.95 34.0 51.498528
1750.95 34.0 51.498528
1753.65 34.0 51.57794
1753.65 34.0 51.57794
1733.4 34.0 50.982353
1763.1 34.0 51.85588
1745.55 34.0 51.339706
1718.55 35.0 49.10143
1721.25 35.0 49.17857
1728.0 35.0 49.37143
1715.85 35.0 49.024284
1723.95 35.0 49.255714
1729.35 35.0 49.41
1723.95 35.0 49.255714
1713.15 35.0 48.947144
1729.35 35.0 49.41
1733.4 35.0 49.525715
1710.45 35.0 48.87
1706.3999 35.0 48.754284
1729.35 35.0 49.41
1741.5 35.0 49.75714
1719.9 35.0 49.14
1706.3999 35.0 48.754284
1722.6001 35.0 49.217144
1719.9 35.0 49.14
1732.05 35.0 49.487144
1723.95 35.0 49.255714
1713.15 35.0 48.947144
1728.0 35.0 49.37143
1723.95 35.0 49.255714
1725.2999 35.0 49.294285
1711.8 35.0 48.908573
1719.9 35.0 49.14
1714.5 35.0 48.985714
1710.45 35.0 48.87
1713.15 35.0 48.947144
1714.5 35.0 48.985714
1744.2 35.0 49.834286
1736.1 35.0 49.602856
1726.65 35.0 49.33286
1709.1 35.0 48.83143
1726.65 35.0 49.33286
1721.25 35.0 49.17857
1713.15 35.0 48.947144
1718.55 35.0 49.10143
1733.4 35.0 49.525715
1721.25 35.0 49.17857
1717.2001 35.0 49.06286
1682.1 36.0 46.725
1690.2001 36.0 46.95
1688.85 36.0 46.9125
1702.35 36.0 47.2875
1698.2999 36.0 47.175
1672.65 36.0 46.4625
1683.4501 36.0 46.7625
1668.6 36.0 46.35
1709.1 36.0 47.475
1710.4501 36.0 47.5125
1702.35 36.0 47.2875
1709.1 36.0 47.475
1703.7001 36.0 47.325
1687.5 36.0 46.875
1691.5499 36.0 46.9875
1686.15 36.0 46.8375
1678.0499 36.0 46.6125
1687.5 36.0 46.875
1698.2999 36.0 47.175
1695.6 36.0 47.1
1698.2999 36.0 47.175
1690.2001 36.0 46.95
1692.9 36.0 47.025
1705.0499 36.0 47.3625
1694.25 36.0 47.0625
1686.15 36.0 46.8375
1699.65 36.0 47.2125
1695.6 36.0 47.1
1694.25 36.0 47.0625
1676.7001 36.0 46.575
1706.4 36.0 47.4
1691.5499 36.0 46.9875
1680.75 36.0 46.6875
1695.6 36.0 47.1
1707.75 36.0 47.4375
1699.65 36.0 47.2125
1675.35 36.0 46.5375
1694.25 36.0 47.0625
1692.9 36.0 47.025
1679.4 36.0 46.65
1696.9501 36.0 47.1375
1671.2999 37.0 45.17027
1668.6 37.0 45.097298
1661.85 37.0 44.914864
1672.65 37.0 45.206757
1669.9501 37.0 45.133785
1676.7 37.0 45.316216
1669.9501 37.0 45.133785
1661.85 37.0 44.914864
1672.65 37.0 45.206757
1656.45 37.0 44.768917
1668.6 37.0 45.097298
1672.65 37.0 45.206757
1679.4 37.0 45.38919
1659.15 37.0 44.841892
1644.3 37.0 44.44054
1663.2 37.0 44.95135
1665.8999 37.0 45.024323
1668.6 37.0 45.097298
1674.0 37.0 45.243244
1674.0 37.0 45.243244
1671.2999 37.0 45.17027
1669.9501 37.0 45.133785
1672.65 37.0 45.206757
1665.8999 37.0 45.024323
1657.7999 37.0 44.805405
1663.2 37.0 44.95135
1672.65 37.0 45.206757
1683.4501 37.0 45.49865
1660.5 37.0 44.87838
1664.55 37.0 44.98784
1660.5 37.0 44.87838
1672.65 37.0 45.206757
1667.25 37.0 45.06081
1672.65 37.0 45.206757
1663.2 37.0 44.95135
1672.65 37.0 45.206757
1678.05 37.0 45.352703
1672.65 37.0 45.206757
1661.85 37.0 44.914864
1665.8999 37.0 45.024323
1674.0 37.0 45.243244
1630.8 38.0 42.91579
1645.65 38.0 43.30658
1644.3 38.0 43.271053
1653.75 38.0 43.519737
1661.85 38.0 43.732895
1624.05 38.0 42.73816
1661.85 38.0 43.732895
1651.05 38.0 43.448685
1632.15 38.0 42.951317
1640.25 38.0 43.164474
1636.2001 38.0 43.057896
1647.0 38.0 43.342106
1659.15 38.0 43.661842
1628.1001 38.0 42.844738
1641.6 38.0 43.2
1651.05 38.0 43.448685
1624.05 38.0 42.73816
1637.55 38.0 43.093422
1651.05 38.0 43.448685
1645.65 38.0 43.30658
1634.8501 38.0 43.02237
1645.65 38.0 43.30658
1642.9501 38.0 43.235527
1645.65 38.0 43.30658
1629.4501 38.0 42.880264
1640.25 38.0 43.164474
1637.55 38.0 43.093422
1617.3 38.0 42.560528
1663.2 38.0 43.76842
1628.1001 38.0 42.844738
1626.75 38.0 42.80921
1637.55 38.0 43.093422
1638.9 38.0 43.12895
1642.9501 38.0 43.235527
1628.1001 38.0 42.844738
1644.3 38.0 43.271053
1634.8501 38.0 43.02237
1640.25 38.0 43.164474
1655.1 38.0 43.555264
1633.5 38.0 42.986843
1652.4 38.0 43.48421
1613.9692 39.0 41.383827
1627.4865 39.0 41.730423
1582.8794 39.0 40.58665
1620.7279 39.0 41.557125
1631.5417 39.0 41.834404
1609.9141 39.0 41.279846
1624.783 39.0 41.661102
1620.7279 39.0 41.557125
1599.1001 39.0 41.002567
1611.2657 39.0 41.314507
1586.9344 39.0 40.690628
1635.5969 39.0 41.93838
1618.0244 39.0 41.487804
1616.6726 39.0 41.453144
1613.9692 39.0 41.383827
1615.3209 39.0 41.418484
1624.783 39.0 41.661102
1601.8036 39.0 41.071888
1620.7279 39.0 41.557125
1603.1554 39.0 41.10655
1618.0244 39.0 41.487804
1605.8588 39.0 41.175865
1618.0244 39.0 41.487804
1630.19 39.0 41.799744
1616.6726 39.0 41.453144
1609.9141 39.0 41.279846
1626.1348 39.0 41.695763
1630.19 39.0 41.799744
1611.2657 39.0 41.314507
1619.3761 39.0 41.522465
1603.1554 39.0 41.10655
1628.8383 39.0 41.765083
1619.3761 39.0 41.522465
1595.0449 39.0 40.898586
1622.0796 39.0 41.591785
1612.6176 39.0 41.349167
1627.4865 39.0 41.730423
1627.4865 39.0 41.730423
1618.0244 39.0 41.487804
1608.5623 39.0 41.245186
1623.4314 39.0 41.626446
1590.3 40.0 39.7575
1574.1001 40.0 39.3525
1601.1 40.0 40.0275
1599.75 40.0 39.99375
1587.6 40.0 39.69
1594.35 40.0 39.85875
1595.7001 40.0 39.8925
1584.9 40.0 39.6225
1601.1 40.0 40.0275
1591.6499 40.0 39.79125
1586.25 40.0 39.65625
1580.8501 40.0 39.52125
1591.6499 40.0 39.79125
1601.1 40.0 40.0275
1593.0 40.0 39.825
1582.2 40.0 39.555
1578.15 40.0 39.45375
1580.8501 40.0 39.52125
1578.15 40.0 39.45375
1588.9501 40.0 39.72375
1575.45 40.0 39.38625
1597.05 40.0 39.92625
1594.35 40.0 39.85875
1594.35 40.0 39.85875
1590.3 40.0 39.7575
1582.2 40.0 39.555
1584.9 40.0 39.6225
1595.7001 40.0 39.8925
1571.4 40.0 39.285
1587.6 40.0 39.69
1587.6 40.0 39.69
1576.7999 40.0 39.42
1575.45 40.0 39.38625
1580.8501 40.0 39.52125
1586.25 40.0 39.65625
1587.6 40.0 39.69
1588.9501 40.0 39.72375
1586.25 40.0 39.65625
1593.0 40.0 39.825
1560.6 40.0 39.015
1587.6 40.0 39.69
1568.7 41.0 38.260975
1555.2 41.0 37.931705
1576.8 41.0 38.458538
1571.3999 41.0 38.326828
1574.1 41.0 38.39268
1534.95 41.0 37.437805
1567.3501 41.0 38.22805
1551.15 41.0 37.832928
1553.85 41.0 37.89878
1555.2 41.0 37.931705
1559.25 41.0 38.030487
1549.7999 41.0 37.8
1567.3501 41.0 38.22805
1553.85 41.0 37.89878
1564.6499 41.0 38.162193
1568.7 41.0 38.260975
1574.1 41.0 38.39268
1571.3999 41.0 38.326828
1566.0 41.0 38.19512
1566.0 41.0 38.19512
1578.15 41.0 38.491463
1556.55 41.0 37.964634
1552.5 41.0 37.865852
1567.3501 41.0 38.22805
1563.3 41.0 38.12927
1564.6499 41.0 38.162193
1567.3501 41.0 38.22805
1561.95 41.0 38.09634
1564.6499 41.0 38.162193
1560.6001 41.0 38.063416
1559.25 41.0 38.030487
1561.95 41.0 38.09634
1570.05 41.0 38.293903
1556.55 41.0 37.964634
1553.85 41.0 37.89878
1563.3 41.0 38.12927
1561.95 41.0 38.09634
1568.7 41.0 38.260975
1566.0 41.0 38.19512
1566.0 41.0 38.19512
1568.7 41.0 38.260975
1549.8 42.0 36.9
1536.3 42.0 36.57857
1540.35 42.0 36.675
1513.35 42.0 36.032143
1522.7999 42.0 36.25714
1553.8501 42.0 36.99643
1545.7499 42.0 36.80357
1541.7 42.0 36.70714
1533.6 42.0 36.514286
1541.7 42.0 36.70714
1556.55 42.0 37.060715
1530.9 42.0 36.45
1539.0 42.0 36.642857
1530.9 42.0 36.45
1553.8501 42.0 36.99643
1543.0499 42.0 36.739285
1540.35 42.0 36.675
1539.0 42.0 36.642857
1536.3 42.0 36.57857
1541.7 42.0 36.70714
1549.8 42.0 36.9
1541.7 42.0 36.70714
1547.1 42.0 36.835712
1537.65 42.0 36.610714
1544.3999 42.0 36.771427
1537.65 42.0 36.610714
1540.35 42.0 36.675
1532.25 42.0 36.482143
1544.3999 42.0 36.771427
1534.95 42.0 36.54643
1520.1 42.0 36.192856
1522.7999 42.0 36.25714
1543.0499 42.0 36.739285
1536.3 42.0 36.57857
1530.9 42.0 36.45
1530.9 42.0 36.45
1552.5 42.0 36.964287
1534.95 42.0 36.54643
1537.65 42.0 36.610714
1507.9501 42.0 35.903572
1536.3 42.0 36.57857
1518.75 43.0 35.319767
1499.8501 43.0 34.880234
1510.65 43.0 35.131397
1530.9 43.0 35.602325
1516.05 43.0 35.256977
1506.6 43.0 35.03721
1510.65 43.0 35.131397
1509.2999 43.0 35.1
1507.95 43.0 35.068604
1520.1 43.0 35.351162
1506.6 43.0 35.03721
1516.05 43.0 35.256977
1506.6 43.0 35.03721
1516.05 43.0 35.256977
1517.4 43.0 35.288372
1507.95 43.0 35.068604
1507.95 43.0 35.068604
1505.25 43.0 35.005814
1517.4 43.0 35.288372
1530.9 43.0 35.602325
1518.75 43.0 35.319767
1518.75 43.0 35.319767
1494.45 43.0 34.75465
1528.2001 43.0 35.539536
1499.8501 43.0 34.880234
1512.0001 43.0 35.162792
1520.1 43.0 35.351162
1505.25 43.0 35.005814
1499.8501 43.0 34.880234
1514.7001 43.0 35.225582
1503.9 43.0 34.97442
1506.6 43.0 35.03721
1524.15 43.0 35.44535
1525.5 43.0 35.476746
1506.6 43.0 35.03721
1502.55 43.0 34.943024
1509.2999 43.0 35.1
1514.7001 43.0 35.225582
1510.65 43.0 35.131397
1505.25 43.0 35.005814
1518.75 43.0 35.319767
1475.55 44.0 33.53523
1486.35 44.0 33.78068
1483.65 44.0 33.71932
1490.3999 44.0 33.872726
1486.35 44.0 33.78068
1490.3999 44.0 33.872726
1505.25 44.0 34.210228
1487.7 44.0 33.811363
1485.0 44.0 33.75
1470.1499 44.0 33.4125
1485.0 44.0 33.75
1486.35 44.0 33.78068
1485.0 44.0 33.75
1478.25 44.0 33.596592
1480.9501 44.0 33.657955
1479.6001 44.0 33.627274
1487.7 44.0 33.811363
1493.1 44.0 33.93409
1476.9 44.0 33.56591
1487.7 44.0 33.811363
1489.0499 44.0 33.842045
1482.3 44.0 33.688637
1475.55 44.0 33.53523
1493.1 44.0 33.93409
1474.2001 44.0 33.504547
1493.1 44.0 33.93409
1490.3999 44.0 33.872726
1493.1 44.0 33.93409
1495.7999 44.0 33.995453
1490.3999 44.0 33.872726
1474.2001 44.0 33.504547
1485.0 44.0 33.75
1491.75 44.0 33.903408
1479.6001 44.0 33.627274
1486.35 44.0 33.78068
1487.7 44.0 33.811363
1490.3999 44.0 33.872726
1476.9 44.0 33.56591
1470.1499 44.0 33.4125
1468.7999 44.0 33.381817
1483.65 44.0 33.71932
1460.7 45.0 32.46
1460.7 45.0 32.46
1445.8501 45.0 32.13
1456.6499 45.0 32.37
1467.4501 45.0 32.61
1470.1499 45.0 32.67
1441.8 45.0 32.04
1463.4 45.0 32.52
1470.1499 45.0 32.67
1458.0001 45.0 32.4
1467.4501 45.0 32.61
1460.7 45.0 32.46
1452.6 45.0 32.28
1462.05 45.0 32.49
1449.9 45.0 32.22
1458.0001 45.0 32.4
1448.5499 45.0 32.19
1462.05 45.0 32.49
1444.4999 45.0 32.1
1455.3 45.0 32.34
1449.9 45.0 32.22
1472.85 45.0 32.73
1474.2 45.0 32.76
1448.5499 45.0 32.19
1448.5499 45.0 32.19
1463.4 45.0 32.52
1468.7999 45.0 32.64
1462.05 45.0 32.49
1449.9 45.0 32.22
1456.6499 45.0 32.37
1459.35 45.0 32.43
1455.3 45.0 32.34
1460.7 45.0 32.46
1448.5499 45.0 32.19
1452.6 45.0 32.28
1462.05 45.0 32.49
1463.4 45.0 32.52
1440.45 45.0 32.01
1464.75 45.0 32.55
1467.4501 45.0 32.61
1459.35 45.0 32.43
1425.6 46.0 30.991304
1433.7 46.0 31.16739
1432.3501 46.0 31.138044
1426.9501 46.0 31.020653
1433.7 46.0 31.16739
1426.9501 46.0 31.020653
1436.4 46.0 31.226088
1421.55 46.0 30.903261
1436.4 46.0 31.226088
1428.2999 46.0 31.05
1418.85 46.0 30.844564
1425.6 46.0 30.991304
1426.9501 46.0 31.020653
1444.5 46.0 31.402174
1443.15 46.0 31.372826
1432.3501 46.0 31.138044
1421.55 46.0 30.903261
1448.55 46.0 31.490217
1436.4 46.0 31.226088
1425.6 46.0 30.991304
1418.85 46.0 30.844564
1429.65 46.0 31.079348
1432.3501 46.0 31.138044
1433.7 46.0 31.16739
1421.55 46.0 30.903261
1410.75 46.0 30.668478
1437.75 46.0 31.255434
1421.55 46.0 30.903261
1417.5 46.0 30.815218
1424.25 46.0 30.961956
1428.2999 46.0 31.05
1437.75 46.0 31.255434
1440.4501 46.0 31.31413
1433.7 46.0 31.16739
1426.9501 46.0 31.020653
1424.25 46.0 30.961956
1440.4501 46.0 31.31413
1437.75 46.0 31.255434
1436.4 46.0 31.226088
1440.4501 46.0 31.31413
1437.75 46.0 31.255434
1401.3 47.0 29.814894
1401.3 47.0 29.814894
1412.1 47.0 30.044682
1413.45 47.0 30.073404
1417.5 47.0 30.159575
1394.5499 47.0 29.671276
1416.15 47.0 30.130852
1406.7 47.0 29.929787
1402.65 47.0 29.843616
1406.7 47.0 29.929787
1402.65 47.0 29.843616
1397.25 47.0 29.728724
1409.4 47.0 29.987234
1410.75 47.0 30.015957
1404.0 47.0 29.872341
1398.6 47.0 29.757446
1402.65 47.0 29.843616
1405.35 47.0 29.901064
1406.7 47.0 29.929787
1401.3 47.0 29.814894
1386.45 47.0 29.498936
1399.9501 47.0 29.786171
1390.5 47.0 29.585106
1395.9 47.0 29.7
1410.75 47.0 30.015957
1413.45 47.0 30.073404
1391.8501 47.0 29.61383
1410.75 47.0 30.015957
1413.45 47.0 30.073404
1401.3 47.0 29.814894
1404.0 47.0 29.872341
1401.3 47.0 29.814894
1398.6 47.0 29.757446
1410.75 47.0 30.015957
1413.45 47.0 30.073404
1408.05 47.0 29.958511
1390.5 47.0 29.585106
1409.4 47.0 29.987234
1414.7999 47.0 30.102127
1398.6 47.0 29.757446
1405.35 47.0 29.901064
1381.05 48.0 28.771875
1387.8 48.0 28.9125
1389.1499 48.0 28.940624
1375.6499 48.0 28.659374
1381.05 48.0 28.771875
1370.25 48.0 28.546875
1374.3 48.0 28.63125
1385.1001 48.0 28.85625
1383.75 48.0 28.828125
1377.0 48.0 28.6875
1379.7 48.0 28.74375
1371.6001 48.0 28.575
1386.45 48.0 28.884375
1368.8999 48.0 28.51875
1379.7 48.0 28.74375
1385.1001 48.0 28.85625
1382.3999 48.0 28.8
1390.5 48.0 28.96875
1390.5 48.0 28.96875
1382.3999 48.0 28.8
1381.05 48.0 28.771875
1381.05 48.0 28.771875
1371.6001 48.0 28.575
1389.1499 48.0 28.940624
1366.2 48.0 28.4625
1377.0 48.0 28.6875
1379.7 48.0 28.74375
1378.3501 48.0 28.715626
1366.2 48.0 28.4625
1370.25 48.0 28.546875
1378.3501 48.0 28.715626
1382.3999 48.0 28.8
1377.0 48.0 28.6875
1394.55 48.0 29.053125
1377.0 48.0 28.6875
1386.45 48.0 28.884375
1385.1001 48.0 28.85625
1393.2 48.0 29.025
1358.1001 48.0 28.29375
1386.45 48.0 28.884375
1382.3999 48.0 28.8
1347.3 49.0 27.495918
1354.0499 49.0 27.633673
1351.35 49.0 27.578571
1354.0499 49.0 27.633673
1351.35 49.0 27.578571
1356.75 49.0 27.688776
1341.9 49.0 27.385714
1348.65 49.0 27.52347
1358.1 49.0 27.716326
1348.65 49.0 27.52347
1358.1 49.0 27.716326
1350.0 49.0 27.55102
1344.6 49.0 27.440817
1343.25 49.0 27.413265
1340.55 49.0 27.358164
1358.1 49.0 27.716326
1358.1 49.0 27.716326
1355.4 49.0 27.661224
1348.65 49.0 27.52347
1340.55 49.0 27.358164
1348.65 49.0 27.52347
1359.45 49.0 27.743877
1351.35 49.0 27.578571
1354.0499 49.0 27.633673
1355.4 49.0 27.661224
1352.7001 49.0 27.606123
1350.0 49.0 27.55102
1354.0499 49.0 27.633673
1359.45 49.0 27.743877
1358.1 49.0 27.716326
1358.1 49.0 27.716326
1347.3 49.0 27.495918
1360.8 49.0 27.77143
1347.3 49.0 27.495918
1371.6 49.0 27.991837
1356.75 49.0 27.688776
1362.1499 49.0 27.798979
1354.0499 49.0 27.633673
1355.4 49.0 27.661224
1362.1499 49.0 27.798979
1350.0 49.0 27.55102
1333.8 50.0 26.676
1329.75 50.0 26.595
1329.75 50.0 26.595
1328.4 50.0 26.568
1327.05 50.0 26.541
1324.35 50.0 26.487
1314.9 50.0 26.298
1320.3 50.0 26.406
1312.2 50.0 26.244
1308.15 50.0 26.163
1313.55 50.0 26.271
1333.8 50.0 26.676
1327.05 50.0 26.541
1335.1499 50.0 26.703
1325.7 50.0 26.514
1323.0 50.0 26.46
1327.05 50.0 26.541
1331.1 50.0 26.622
1331.1 50.0 26.622
1317.6 50.0 26.352
1317.6 50.0 26.352
1336.5 50.0 26.73
1323.0 50.0 26.46
1325.7 50.0 26.514
1325.7 50.0 26.514
1321.65 50.0 26.433
1309.5 50.0 26.19
1329.75 50.0 26.595
1332.45 50.0 26.649
1323.0 50.0 26.46
1323.0 50.0 26.46
1327.05 50.0 26.541
1306.7999 50.0 26.136
1331.1 50.0 26.622
1310.85 50.0 26.217
1329.75 50.0 26.595
1318.95 50.0 26.379
1329.75 50.0 26.595
1320.3 50.0 26.406
1312.2 50.0 26.244
1329.75 50.0 26.595
1301.4 51.0 25.517647
1291.9501 51.0 25.332354
1297.3501 51.0 25.438236
1304.1001 51.0 25.57059
1308.15 51.0 25.65
1296.0 51.0 25.411764
1298.7001 51.0 25.464706
1294.65 51.0 25.385294
1293.3 51.0 25.358824
1305.4501 51.0 25.59706
1300.05 51.0 25.491177
1289.25 51.0 25.279411
1302.75 51.0 25.544117
1309.5 51.0 25.67647
1296.0 51.0 25.411764
1298.7001 51.0 25.464706
1302.75 51.0 25.544117
1300.05 51.0 25.491177
1296.0 51.0 25.411764
1290.6 51.0 25.305882
1293.3 51.0 25.358824
1297.3501 51.0 25.438236
1301.4 51.0 25.517647
1300.05 51.0 25.491177
1302.75 51.0 25.544117
1294.65 51.0 25.385294
1289.25 51.0 25.279411
1301.4 51.0 25.517647
1293.3 51.0 25.358824
1286.55 51.0 25.22647
1289.25 51.0 25.279411
1294.65 51.0 25.385294
1302.75 51.0 25.544117
1309.5 51.0 25.67647
1291.9501 51.0 25.332354
1306.8 51.0 25.62353
1308.15 51.0 25.65
1306.8 51.0 25.62353
1301.4 51.0 25.517647
1301.4 51.0 25.517647
1296.0 51.0 25.411764
1270.35 52.0 24.429808
1262.25 52.0 24.274038
1267.6499 52.0 24.377884
1267.6499 52.0 24.377884
1264.9501 52.0 24.325962
1270.35 52.0 24.429808
1271.7 52.0 24.455769
1281.15 52.0 24.6375
1266.3 52.0 24.351923
1279.7999 52.0 24.611538
1277.1001 52.0 24.559616
1282.5 52.0 24.663462
1269.0 52.0 24.403847
1282.5 52.0 24.663462
1277.1001 52.0 24.559616
1277.1001 52.0 24.559616
1277.1001 52.0 24.559616
1264.9501 52.0 24.325962
1273.05 52.0 24.481731
1266.3 52.0 24.351923
1278.45 52.0 24.585577
1275.75 52.0 24.533653
1267.6499 52.0 24.377884
1271.7 52.0 24.455769
1273.05 52.0 24.481731
1289.25 52.0 24.79327
1278.45 52.0 24.585577
1270.35 52.0 24.429808
1273.05 52.0 24.481731
1275.75 52.0 24.533653
1279.7999 52.0 24.611538
1267.6499 52.0 24.377884
1266.3 52.0 24.351923
1256.85 52.0 24.170193
1275.75 52.0 24.533653
1282.5 52.0 24.663462
1282.5 52.0 24.663462
1277.1001 52.0 24.559616
1285.2001 52.0 24.715385
1282.5 52.0 24.663462
1279.7999 52.0 24.611538
1253.9829 52.999996 23.660057
1244.524 52.999996 23.481586
1253.9829 52.999996 23.660057
1245.8752 52.999996 23.507082
1243.1727 52.999996 23.45609
1249.9291 52.999996 23.583569
1244.524 52.999996 23.481586
1248.5778 52.999996 23.558073
1239.1189 52.999996 23.379604
1245.8752 52.999996 23.507082
1233.7137 52.999996 23.27762
1259.388 52.999996 23.76204
1249.9291 52.999996 23.583569
1241.8214 52.999996 23.430595
1243.1727 52.999996 23.45609
1252.6317 52.999996 23.634562
1247.2266 52.999996 23.532578
1249.9291 52.999996 23.583569
1256.6854 52.999996 23.711048
1241.8214 52.999996 23.430595
1260.7393 52.999996 23.787535
1236.4163 52.999996 23.328611
1245.8752 52.999996 23.507082
1251.2804 52.999996 23.609066
1247.2266 52.999996 23.532578
1253.9829 52.999996 23.660057
1253.9829 52.999996 23.660057
1252.6317 52.999996 23.634562
1256.6854 52.999996 23.711048
1241.8214 52.999996 23.430595
1247.2266 52.999996 23.532578
1253.9829 52.999996 23.660057
1240.4702 52.999996 23.4051
1240.4702 52.999996 23.4051
1244.524 52.999996 23.481586
1237.7676 52.999996 23.354107
1256.6854 52.999996 23.711048
1240.4702 52.999996 23.4051
1245.8752 52.999996 23.507082
1239.1189 52.999996 23.379604
1240.4702 52.999996 23.4051
1217.7001 54.000004 22.55
1215.0001 54.000004 22.5
1210.9501 54.000004 22.425
1213.6501 54.000004 22.475
1219.0502 54.000004 22.575
1215.0001 54.000004 22.5
1215.0001 54.000004 22.5
1228.5001 54.000004 22.75
1210.9501 54.000004 22.425
1220.4001 54.000004 22.6
1228.5001 54.000004 22.75
1212.3002 54.000004 22.45
1219.0502 54.000004 22.575
1213.6501 54.000004 22.475
1225.8002 54.000004 22.7
1229.8501 54.000004 22.775
1220.4001 54.000004 22.6
1223.1001 54.000004 22.65
1231.2001 54.000004 22.8
1221.7501 54.000004 22.625
1213.6501 54.000004 22.475
1224.4501 54.000004 22.675
1224.4501 54.000004 22.675
1223.1001 54.000004 22.65
1212.3002 54.000004 22.45
1227.1501 54.000004 22.725
1223.1001 54.000004 22.65
1221.7501 54.000004 22.625
1215.0001 54.000004 22.5
1216.3501 54.000004 22.525
1227.1501 54.000004 22.725
1217.7001 54.000004 22.55
1219.0502 54.000004 22.575
1217.7001 54.000004 22.55
1229.8501 54.000004 22.775
1228.5001 54.000004 22.75
1216.3501 54.000004 22.525
1225.8002 54.000004 22.7
1224.4501 54.000004 22.675
1217.7001 54.000004 22.55
1206.9001 54.000004 22.35
1196.1 55.0 21.747272
1192.0499 55.0 21.673635
1194.75 55.0 21.722727
1202.8501 55.0 21.87
1194.75 55.0 21.722727
1183.95 55.0 21.526363
1194.75 55.0 21.722727
1194.75 55.0 21.722727
1182.6 55.0 21.501818
1186.65 55.0 21.575455
1174.5 55.0 21.354546
1193.3999 55.0 21.698181
1189.35 55.0 21.624546
1192.0499 55.0 21.673635
1198.8 55.0 21.796364
1198.8 55.0 21.796364
1198.8 55.0 21.796364
1197.45 55.0 21.771818
1192.0499 55.0 21.673635
1198.8 55.0 21.796364
1201.5 55.0 21.845455
1188.0 55.0 21.6
1202.8501 55.0 21.87
1197.45 55.0 21.771818
1201.5 55.0 21.845455
1188.0 55.0 21.6
1198.8 55.0 21.796364
1190.7001 55.0 21.649092
1194.75 55.0 21.722727
1197.45 55.0 21.771818
1204.2 55.0 21.894545
1197.45 55.0 21.771818
1197.45 55.0 21.771818
1202.8501 55.0 21.87
1198.8 55.0 21.796364
1188.0 55.0 21.6
1196.1 55.0 21.747272
1192.0499 55.0 21.673635
1201.5 55.0 21.845455
1200.15 55.0 21.82091
1194.75 55.0 21.722727
1171.7999 56.0 20.925
1163.7 56.0 20.780357
1165.05 56.0 20.804464
1158.3 56.0 20.68393
1173.1499 56.0 20.949106
1170.45 56.0 20.900892
1171.7999 56.0 20.925
1174.5 56.0 20.973215
1163.7 56.0 20.780357
1170.45 56.0 20.900892
1169.1 56.0 20.876785
1167.75 56.0 20.852678
1174.5 56.0 20.973215
1159.65 56.0 20.708036
1179.9 56.0 21.069643
1161.0 56.0 20.732143
1171.7999 56.0 20.925
1165.05 56.0 20.804464
1174.5 56.0 20.973215
1162.35 56.0 20.75625
1167.75 56.0 20.852678
1167.75 56.0 20.852678
1163.7 56.0 20.780357
1170.45 56.0 20.900892
1159.65 56.0 20.708036
1167.75 56.0 20.852678
1174.5 56.0 20.973215
1161.0 56.0 20.732143
1169.1 56.0 20.876785
1166.4 56.0 20.828571
1171.7999 56.0 20.925
1165.05 56.0 20.804464
1175.8501 56.0 20.997322
1159.65 56.0 20.708036
1170.45 56.0 20.900892
1177.2001 56.0 21.02143
1167.75 56.0 20.852678
1167.75 56.0 20.852678
1175.8501 56.0 20.997322
1167.75 56.0 20.852678
1159.65 56.0 20.708036
1135.35 57.0 19.91842
1146.15 57.0 20.107895
1135.35 57.0 19.91842
1143.45 57.0 20.060526
1125.9 57.0 19.752632
1138.05 57.0 19.96579
1152.9 57.0 20.226316
1135.35 57.0 19.91842
1146.15 57.0 20.107895
1140.75 57.0 20.013159
1140.75 57.0 20.013159
1143.45 57.0 20.060526
1136.7 57.0 19.942104
1143.45 57.0 20.060526
1140.75 57.0 20.013159
1136.7 57.0 19.942104
1142.1 57.0 20.036842
1135.35 57.0 19.91842
1144.8 57.0 20.084211
1143.45 57.0 20.060526
1152.9 57.0 20.226316
1129.9501 57.0 19.823685
1138.05 57.0 19.96579
1134.0 57.0 19.894737
1142.1 57.0 20.036842
1146.15 57.0 20.107895
1151.5499 57.0 20.202631
1140.75 57.0 20.013159
1136.7 57.0 19.942104
1146.15 57.0 20.107895
1144.8 57.0 20.084211
1139.4 57.0 19.989473
1154.25 57.0 20.25
1143.45 57.0 20.060526
1152.9 57.0 20.226316
1144.8 57.0 20.084211
1134.0 57.0 19.894737
1144.8 57.0 20.084211
1146.15 57.0 20.107895
1144.8 57.0 20.084211
1135.35 57.0 19.91842
1104.3 58.0 19.039656
1115.1 58.0 19.225863
1116.45 58.0 19.249138
1112.4 58.0 19.17931
1121.85 58.0 19.342241
1115.1 58.0 19.225863
1125.9 58.0 19.41207
1111.05 58.0 19.156034
1108.35 58.0 19.109482
1109.7001 58.0 19.13276
1112.4 58.0 19.17931
1117.7999 58.0 19.272413
1117.7999 58.0 19.272413
1104.3 58.0 19.039656
1113.75 58.0 19.202587
1105.65 58.0 19.062931
1119.15 58.0 19.29569
1115.1 58.0 19.225863
1120.5 58.0 19.318966
1109.7001 58.0 19.13276
1125.9 58.0 19.41207
1101.6 58.0 18.993103
1107.0 58.0 19.086206
1119.15 58.0 19.29569
1117.7999 58.0 19.272413
1115.1 58.0 19.225863
1120.5 58.0 19.318966
1120.5 58.0 19.318966
1104.3 58.0 19.039656
1115.1 58.0 19.225863
1104.3 58.0 19.039656
1115.1 58.0 19.225863
1117.7999 58.0 19.272413
1096.2 58.0 18.9
1111.05 58.0 19.156034
1117.7999 58.0 19.272413
1109.7001 58.0 19.13276
1101.6 58.0 18.993103
1113.75 58.0 19.202587
1117.7999 58.0 19.272413
1116.45 58.0 19.249138
1095.7786 58.999996 18.57252
1087.6716 58.999996 18.435114
1089.0228 58.999996 18.458015
1083.6183 58.999996 18.366413
1098.4808 58.999996 18.61832
1102.5343 58.999996 18.687023
1089.0228 58.999996 18.458015
1083.6183 58.999996 18.366413
1084.9694 58.999996 18.389313
1084.9694 58.999996 18.389313
1102.5343 58.999996 18.687023
1086.3206 58.999996 18.412214
1078.2136 58.999996 18.274809
1102.5343 58.999996 18.687023
1078.2136 58.999996 18.274809
1089.0228 58.999996 18.458015
1090.374 58.999996 18.480917
1097.1296 58.999996 18.595419
1089.0228 58.999996 18.458015
1099.832 58.999996 18.641222
1091.7251 58.999996 18.503817
1093.0763 58.999996 18.526718
1086.3206 58.999996 18.412214
1091.7251 58.999996 18.503817
1089.0228 58.999996 18.458015
1087.6716 58.999996 18.435114
1091.7251 58.999996 18.503817
1093.0763 58.999996 18.526718
1094.4274 58.999996 18.549618
1089.0228 58.999996 18.458015
1084.9694 58.999996 18.389313
1091.7251 58.999996 18.503817
1099.832 58.999996 18.641222
1087.6716 58.999996 18.435114
1091.7251 58.999996 18.503817
1097.1296 58.999996 18.595419
1084.9694 58.999996 18.389313
1083.6183 58.999996 18.366413
1089.0228 58.999996 18.458015
1090.374 58.999996 18.480917
1098.4808 58.999996 18.61832
1063.8 60.000004 17.73
1063.8 60.000004 17.73
1062.4501 60.000004 17.7075
1062.4501 60.000004 17.7075
1063.8 60.000004 17.73
1057.05 60.000004 17.6175
1062.4501 60.000004 17.7075
1058.4 60.000004 17.64
1069.2001 60.000004 17.82
1062.4501 60.000004 17.7075
1065.1501 60.000004 17.7525
1062.4501 60.000004 17.7075
1063.8 60.000004 17.73
1063.8 60.000004 17.73
1058.4 60.000004 17.64
1075.9501 60.000004 17.9325
1065.1501 60.000004 17.7525
1062.4501 60.000004 17.7075
1062.4501 60.000004 17.7075
1071.9 60.000004 17.865
1058.4 60.000004 17.64
1073.2501 60.000004 17.8875
1065.1501 60.000004 17.7525
1061.1 60.000004 17.685
1050.3 60.000004 17.505
1059.7501 60.000004 17.6625
1070.55 60.000004 17.8425
1058.4 60.000004 17.64
1067.8501 60.000004 17.7975
1067.8501 60.000004 17.7975
1058.4 60.000004 17.64
1066.5 60.000004 17.775
1058.4 60.000004 17.64
1057.05 60.000004 17.6175
1066.5 60.000004 17.775
1057.05 60.000004 17.6175
1061.1 60.000004 17.685
1069.2001 60.000004 17.82
1059.7501 60.000004 17.6625
1058.4 60.000004 17.64
1057.05 60.000004 17.6175
1042.2 61.0 17.085245
1032.75 61.0 16.930328
1031.4 61.0 16.908197
1027.35 61.0 16.841803
1035.45 61.0 16.97459
1031.4 61.0 16.908197
1036.8 61.0 16.996721
1017.9 61.0 16.686886
1042.2 61.0 17.085245
1030.05 61.0 16.886066
1042.2 61.0 17.085245
1035.45 61.0 16.97459
1032.75 61.0 16.930328
1034.1 61.0 16.95246
1032.75 61.0 16.930328
1040.85 61.0 17.063114
1028.7 61.0 16.863934
1040.85 61.0 17.063114
1034.1 61.0 16.95246
1032.75 61.0 16.930328
1036.8 61.0 16.996721
1036.8 61.0 16.996721
1043.5499 61.0 17.107376
1034.1 61.0 16.95246
1032.75 61.0 16.930328
1032.75 61.0 16.930328
1030.05 61.0 16.886066
1039.5 61.0 17.040983
1038.15 61.0 17.018852
1036.8 61.0 16.996721
1035.45 61.0 16.97459
1032.75 61.0 16.930328
1031.4 61.0 16.908197
1036.8 61.0 16.996721
1031.4 61.0 16.908197
1034.1 61.0 16.95246
1039.5 61.0 17.040983
1043.5499 61.0 17.107376
1035.45 61.0 16.97459
1047.6 61.0 17.17377
1038.15 61.0 17.018852
1005.75006 62.0 16.221775
1005.75006 62.0 16.221775
1013.85 62.0 16.352419
1017.89996 62.0 16.417742
1019.25 62.0 16.439516
1009.7999 62.0 16.287096
1013.85 62.0 16.352419
1009.7999 62.0 16.287096
1016.55 62.0 16.395967
1013.85 62.0 16.352419
1012.49994 62.0 16.330645
1017.89996 62.0 16.417742
1007.0999 62.0 16.243547
1005.75006 62.0 16.221775
1012.49994 62.0 16.330645
1003.05005 62.0 16.178226
1008.44995 62.0 16.265322
1005.75006 62.0 16.221775
999.0 62.0 16.112904
1008.44995 62.0 16.265322
1009.7999 62.0 16.287096
1009.7999 62.0 16.287096
1009.7999 62.0 16.287096
1008.44995 62.0 16.265322
1012.49994 62.0 16.330645
1009.7999 62.0 16.287096
1008.44995 62.0 16.265322
1012.49994 62.0 16.330645
1011.14996 62.0 16.30887
1007.0999 62.0 16.243547
1005.75006 62.0 16.221775
1016.55 62.0 16.395967
1004.4 62.0 16.2
1008.44995 62.0 16.265322
993.6 62.0 16.025806
1011.14996 62.0 16.30887
1009.7999 62.0 16.287096
1008.44995 62.0 16.265322
1016.55 62.0 16.395967
1004.4 62.0 16.2
1008.44995 62.0 16.265322
982.80005 63.0 15.6
973.35 63.0 15.45
981.45 63.0 15.578571
990.9 63.0 15.728572
985.5 63.0 15.642858
982.80005 63.0 15.6
986.85 63.0 15.664286
986.85 63.0 15.664286
984.15 63.0 15.6214285
996.3 63.0 15.814285
990.9 63.0 15.728572
988.2 63.0 15.685715
978.75 63.0 15.535714
992.25 63.0 15.75
984.15 63.0 15.6214285
990.9 63.0 15.728572
986.85 63.0 15.664286
988.2 63.0 15.685715
976.05 63.0 15.492857
980.10004 63.0 15.557143
985.5 63.0 15.642858
963.9 63.0 15.3
988.2 63.0 15.685715
973.35 63.0 15.45
982.80005 63.0 15.6
988.2 63.0 15.685715
988.2 63.0 15.685715
990.9 63.0 15.728572
986.85 63.0 15.664286
970.64996 63.0 15.407143
981.45 63.0 15.578571
988.2 63.0 15.685715
988.2 63.0 15.685715
985.5 63.0 15.642858
985.5 63.0 15.642858
986.85 63.0 15.664286
966.60004 63.0 15.342857
992.25 63.0 15.75
981.45 63.0 15.578571
985.5 63.0 15.642858
981.45 63.0 15.578571
946.35 64.0 14.786718
957.15 64.0 14.955469
951.75 64.0 14.871094
967.95 64.0 15.124219
946.35 64.0 14.786718
955.8 64.0 14.934375
946.35 64.0 14.786718
954.45 64.0 14.913281
953.1 64.0 14.892187
955.8 64.0 14.934375
958.5 64.0 14.9765625
963.9 64.0 15.060938
955.8 64.0 14.934375
954.45 64.0 14.913281
965.25 64.0 15.082031
961.2 64.0 15.01875
947.7 64.0 14.807813
961.2 64.0 15.01875
958.5 64.0 14.9765625
961.2 64.0 15.01875
965.25 64.0 15.082031
958.5 64.0 14.9765625
959.85 64.0 14.997656
961.2 64.0 15.01875
961.2 64.0 15.01875
957.15 64.0 14.955469
962.55 64.0 15.039844
965.25 64.0 15.082031
961.2 64.0 15.01875
962.55 64.0 15.039844
951.75 64.0 14.871094
950.4 64.0 14.85
959.85 64.0 14.997656
957.15 64.0 14.955469
951.75 64.0 14.871094
962.55 64.0 15.039844
958.5 64.0 14.9765625
955.8 64.0 14.934375
947.7 64.0 14.807813
946.35 64.0 14.786718
957.15 64.0 14.955469
924.75 65.0 14.226923
930.15 65.0 14.31
930.15 65.0 14.31
934.2 65.0 14.372308
936.89996 65.0 14.413846
924.75 65.0 14.226923
916.64996 65.0 14.102307
924.75 65.0 14.226923
918.0 65.0 14.123077
931.5 65.0 14.33077
924.75 65.0 14.226923
920.7 65.0 14.164616
934.2 65.0 14.372308
930.15 65.0 14.31
936.89996 65.0 14.413846
935.55 65.0 14.393077
926.1 65.0 14.247692
930.15 65.0 14.31
934.2 65.0 14.372308
928.8 65.0 14.28923
930.15 65.0 14.31
927.44995 65.0 14.268461
934.2 65.0 14.372308
928.8 65.0 14.28923
930.15 65.0 14.31
926.1 65.0 14.247692
927.44995 65.0 14.268461
930.15 65.0 14.31
935.55 65.0 14.393077
928.8 65.0 14.28923
935.55 65.0 14.393077
931.5 65.0 14.33077
928.8 65.0 14.28923
927.44995 65.0 14.268461
919.35004 65.0 14.1438465
928.8 65.0 14.28923
932.85004 65.0 14.351539
936.89996 65.0 14.413846
936.89996 65.0 14.413846
927.44995 65.0 14.268461
932.85004 65.0 14.351539
908.55 66.0 13.765909
907.2 66.0 13.745455
900.45 66.0 13.643182
899.10004 66.0 13.622727
904.5 66.0 13.704545
900.45 66.0 13.643182
903.14996 66.0 13.684091
901.8 66.0 13.663636
908.55 66.0 13.765909
912.6 66.0 13.827272
899.10004 66.0 13.622727
905.85004 66.0 13.725
909.9 66.0 13.786364
900.45 66.0 13.643182
907.2 66.0 13.745455
905.85004 66.0 13.725
896.4 66.0 13.581819
897.75 66.0 13.602273
897.75 66.0 13.602273
893.69995 66.0 13.540909
908.55 66.0 13.765909
908.55 66.0 13.765909
903.14996 66.0 13.684091
904.5 66.0 13.704545
905.85004 66.0 13.725
904.5 66.0 13.704545
905.85004 66.0 13.725
905.85004 66.0 13.725
909.9 66.0 13.786364
907.2 66.0 13.745455
899.10004 66.0 13.622727
911.25 66.0 13.806818
912.6 66.0 13.827272
899.10004 66.0 13.622727
899.10004 66.0 13.622727
905.85004 66.0 13.725
893.69995 66.0 13.540909
901.8 66.0 13.663636
905.85004 66.0 13.725
900.45 66.0 13.643182
899.10004 66.0 13.622727
876.14996 67.0 13.076865
865.35 67.0 12.915671
884.25 67.0 13.197762
881.55005 67.0 13.157463
880.2 67.0 13.137314
878.85004 67.0 13.117165
876.14996 67.0 13.076865
877.5 67.0 13.097015
877.5 67.0 13.097015
880.2 67.0 13.137314
884.25 67.0 13.197762
880.2 67.0 13.137314
872.1 67.0 13.0164175
868.05 67.0 12.95597
880.2 67.0 13.137314
878.85004 67.0 13.117165
872.1 67.0 13.0164175
877.5 67.0 13.097015
877.5 67.0 13.097015
878.85004 67.0 13.117165
874.8 67.0 13.056716
870.75 67.0 12.996268
885.60004 67.0 13.217911
874.8 67.0 13.056716
870.75 67.0 12.996268
873.44995 67.0 13.036567
881.55005 67.0 13.157463
877.5 67.0 13.097015
880.2 67.0 13.137314
885.60004 67.0 13.217911
876.14996 67.0 13.076865
880.2 67.0 13.137314
880.2 67.0 13.137314
873.44995 67.0 13.036567
878.85004 67.0 13.117165
877.5 67.0 13.097015
881.55005 67.0 13.157463
884.25 67.0 13.197762
881.55005 67.0 13.157463
876.14996 67.0 13.076865
880.2 67.0 13.137314
850.5 68.0 12.507353
847.8 68.0 12.467647
850.5 68.0 12.507353
855.89996 68.0 12.586764
853.2 68.0 12.547059
839.7 68.0 12.34853
854.55 68.0 12.566912
855.89996 68.0 12.586764
846.45 68.0 12.447794
857.25 68.0 12.606618
854.55 68.0 12.566912
847.8 68.0 12.467647
850.5 68.0 12.507353
854.55 68.0 12.566912
853.2 68.0 12.547059
853.2 68.0 12.547059
854.55 68.0 12.566912
847.8 68.0 12.467647
850.5 68.0 12.507353
845.10004 68.0 12.427941
846.45 68.0 12.447794
847.8 68.0 12.467647
853.2 68.0 12.547059
849.15 68.0 12.4875
855.89996 68.0 12.586764
846.45 68.0 12.447794
855.89996 68.0 12.586764
851.85 68.0 12.527205
855.89996 68.0 12.586764
849.15 68.0 12.4875
851.85 68.0 12.527205
858.6 68.0 12.626471
855.89996 68.0 12.586764
849.15 68.0 12.4875
850.5 68.0 12.507353
846.45 68.0 12.447794
857.25 68.0 12.606618
851.85 68.0 12.527205
850.5 68.0 12.507353
855.89996 68.0 12.586764
858.6 68.0 12.626471
818.1 69.0 11.856522
824.85 69.0 11.954348
830.25 69.0 12.032609
823.5 69.0 11.934783
827.55 69.0 11.993478
820.8 69.0 11.895652
827.55 69.0 11.993478
818.1 69.0 11.856522
823.5 69.0 11.934783
824.85 69.0 11.954348
816.75006 69.0 11.836957
823.5 69.0 11.934783
832.95 69.0 12.071739
823.5 69.0 11.934783
830.25 69.0 12.032609
819.45 69.0 11.876087
815.4 69.0 11.817391
824.85 69.0 11.954348
823.5 69.0 11.934783
828.9 69.0 12.013043
822.15 69.0 11.915217
812.7 69.0 11.778261
827.55 69.0 11.993478
826.2 69.0 11.973913
827.55 69.0 11.993478
824.85 69.0 11.954348
832.95 69.0 12.071739
818.1 69.0 11.856522
831.6 69.0 12.052174
826.2 69.0 11.973913
827.55 69.0 11.993478
824.85 69.0 11.954348
826.2 69.0 11.973913
832.95 69.0 12.071739
814.05 69.0 11.797826
826.2 69.0 11.973913
826.2 69.0 11.973913
824.85 69.0 11.954348
830.25 69.0 12.032609
826.2 69.0 11.973913
827.55 69.0 11.993478
797.85 70.0 11.397857
787.05 70.0 11.243571
801.9 70.0 11.455714
800.55005 70.0 11.436429
801.9 70.0 11.455714
801.9 70.0 11.455714
803.25 70.0 11.475
801.9 70.0 11.455714
800.55005 70.0 11.436429
796.5 70.0 11.3785715
799.2 70.0 11.417143
797.85 70.0 11.397857
800.55005 70.0 11.436429
799.2 70.0 11.417143
799.2 70.0 11.417143
799.2 70.0 11.417143
800.55005 70.0 11.436429
793.8 70.0 11.34
796.5 70.0 11.3785715
799.2 70.0 11.417143
800.55005 70.0 11.436429
797.85 70.0 11.397857
796.5 70.0 11.3785715
805.95 70.0 11.513572
792.44995 70.0 11.320714
789.75 70.0 11.282143
804.6 70.0 11.494286
799.2 70.0 11.417143
801.9 70.0 11.455714
800.55005 70.0 11.436429
799.2 70.0 11.417143
800.55005 70.0 11.436429
803.25 70.0 11.475
793.8 70.0 11.34
800.55005 70.0 11.436429
793.8 70.0 11.34
792.44995 70.0 11.320714
793.8 70.0 11.34
800.55005 70.0 11.436429
800.55005 70.0 11.436429
800.55005 70.0 11.436429
764.1 71.0 10.761971
768.15 71.0 10.819015
773.55 71.0 10.89507
772.2 71.0 10.876057
774.9 71.0 10.914084
772.2 71.0 10.876057
768.15 71.0 10.819015
770.85 71.0 10.857042
773.55 71.0 10.89507
776.25 71.0 10.933099
773.55 71.0 10.89507
772.2 71.0 10.876057
774.9 71.0 10.914084
776.25 71.0 10.933099
766.8 71.0 10.8
777.60004 71.0 10.952113
778.95 71.0 10.971127
770.85 71.0 10.857042
772.2 71.0 10.876057
776.25 71.0 10.933099
777.60004 71.0 10.952113
772.2 71.0 10.876057
769.5 71.0 10.838028
773.55 71.0 10.89507
770.85 71.0 10.857042
772.2 71.0 10.876057
772.2 71.0 10.876057
772.2 71.0 10.876057
776.25 71.0 10.933099
768.15 71.0 10.819015
770.85 71.0 10.857042
777.60004 71.0 10.952113
772.2 71.0 10.876057
778.95 71.0 10.971127
770.85 71.0 10.857042
772.2 71.0 10.876057
768.15 71.0 10.819015
780.3 71.0 10.990141
773.55 71.0 10.89507
764.1 71.0 10.761971
769.5 71.0 10.838028
746.55 72.0 10.36875
742.5 72.0 10.3125
751.95 72.0 10.44375
746.55 72.0 10.36875
747.89996 72.0 10.3875
747.89996 72.0 10.3875
746.55 72.0 10.36875
747.89996 72.0 10.3875
735.75 72.0 10.21875
745.2 72.0 10.35
747.89996 72.0 10.3875
745.2 72.0 10.35
746.55 72.0 10.36875
745.2 72.0 10.35
746.55 72.0 10.36875
739.8 72.0 10.275
742.5 72.0 10.3125
742.5 72.0 10.3125
747.89996 72.0 10.3875
750.60004 72.0 10.425
746.55 72.0 10.36875
742.5 72.0 10.3125
749.25 72.0 10.40625
749.25 72.0 10.40625
737.10004 72.0 10.2375
739.8 72.0 10.275
727.64996 72.0 10.10625
750.60004 72.0 10.425
738.45 72.0 10.25625
741.14996 72.0 10.29375
746.55 72.0 10.36875
750.60004 72.0 10.425
746.55 72.0 10.36875
739.8 72.0 10.275
749.25 72.0 10.40625
742.5 72.0 10.3125
738.45 72.0 10.25625
746.55 72.0 10.36875
749.25 72.0 10.40625
743.85004 72.0 10.33125
747.89996 72.0 10.3875
722.25 73.0 9.893836
718.2 73.0 9.838356
722.25 73.0 9.893836
724.95 73.0 9.930822
722.25 73.0 9.893836
720.89996 73.0 9.875342
722.25 73.0 9.893836
720.89996 73.0 9.875342
715.5 73.0 9.80137
723.6 73.0 9.912329
720.89996 73.0 9.875342
723.6 73.0 9.912329
714.15 73.0 9.782877
718.2 73.0 9.838356
720.89996 73.0 9.875342
722.25 73.0 9.893836
724.95 73.0 9.930822
719.55005 73.0 9.85685
714.15 73.0 9.782877
718.2 73.0 9.838356
722.25 73.0 9.893836
719.55005 73.0 9.85685
727.64996 73.0 9.967808
716.85004 73.0 9.819863
718.2 73.0 9.838356
724.95 73.0 9.930822
719.55005 73.0 9.85685
718.2 73.0 9.838356
716.85004 73.0 9.819863
720.89996 73.0 9.875342
723.6 73.0 9.912329
726.3 73.0 9.949315
719.55005 73.0 9.85685
724.95 73.0 9.930822
719.55005 73.0 9.85685
712.8 73.0 9.764383
723.6 73.0 9.912329
723.6 73.0 9.912329
722.25 73.0 9.893836
727.64996 73.0 9.967808
723.6 73.0 9.912329
691.2 74.0 9.340541
695.25 74.0 9.39527
689.85 74.0 9.322297
696.6 74.0 9.413513
691.2 74.0 9.340541
696.6 74.0 9.413513
696.6 74.0 9.413513
699.3 74.0 9.45
700.65 74.0 9.468244
693.89996 74.0 9.377027
693.89996 74.0 9.377027
696.6 74.0 9.413513
689.85 74.0 9.322297
697.95 74.0 9.431757
695.25 74.0 9.39527
685.8 74.0 9.267568
689.85 74.0 9.322297
695.25 74.0 9.39527
693.89996 74.0 9.377027
689.85 74.0 9.322297
688.5 74.0 9.304054
696.6 74.0 9.413513
693.89996 74.0 9.377027
687.14996 74.0 9.28581
691.2 74.0 9.340541
692.55 74.0 9.358784
693.89996 74.0 9.377027
692.55 74.0 9.358784
695.25 74.0 9.39527
691.2 74.0 9.340541
691.2 74.0 9.340541
696.6 74.0 9.413513
692.55 74.0 9.358784
692.55 74.0 9.358784
691.2 74.0 9.340541
696.6 74.0 9.413513
692.55 74.0 9.358784
692.55 74.0 9.358784
693.89996 74.0 9.377027
689.85 74.0 9.322297
687.14996 74.0 9.28581
666.9 75.0 8.892
666.9 75.0 8.892
665.55 75.0 8.874
664.2 75.0 8.856
666.9 75.0 8.892
664.2 75.0 8.856
666.9 75.0 8.892
668.25 75.0 8.91
664.2 75.0 8.856
665.55 75.0 8.874
666.9 75.0 8.892
665.55 75.0 8.874
662.85004 75.0 8.838
665.55 75.0 8.874
670.95 75.0 8.946
661.5 75.0 8.82
669.60004 75.0 8.928
662.85004 75.0 8.838
665.55 75.0 8.874
662.85004 75.0 8.838
661.5 75.0 8.82
672.3 75.0 8.964
664.2 75.0 8.856
662.85004 75.0 8.838
660.15 75.0 8.802
669.60004 75.0 8.928
669.60004 75.0 8.928
666.9 75.0 8.892
669.60004 75.0 8.928
666.9 75.0 8.892
665.55 75.0 8.874
668.25 75.0 8.91
665.55 75.0 8.874
669.60004 75.0 8.928
660.15 75.0 8.802
669.60004 75.0 8.928
669.60004 75.0 8.928
660.15 75.0 8.802
670.95 75.0 8.946
669.60004 75.0 8.928
666.9 75.0 8.892
641.25 76.0 8.4375
637.2 76.0 8.384211
641.25 76.0 8.4375
637.2 76.0 8.384211
631.8 76.0 8.313158
635.85 76.0 8.366447
645.3 76.0 8.490789
645.3 76.0 8.490789
638.55 76.0 8.401974
643.95 76.0 8.473026
639.9 76.0 8.419737
642.6 76.0 8.455263
637.2 76.0 8.384211
634.5 76.0 8.348684
633.15 76.0 8.330921
639.9 76.0 8.419737
641.25 76.0 8.4375
645.3 76.0 8.490789
643.95 76.0 8.473026
641.25 76.0 8.4375
643.95 76.0 8.473026
637.2 76.0 8.384211
637.2 76.0 8.384211
641.25 76.0 8.4375
635.85 76.0 8.366447
645.3 76.0 8.490789
635.85 76.0 8.366447
634.5 76.0 8.348684
639.9 76.0 8.419737
639.9 76.0 8.419737
639.9 76.0 8.419737
638.55 76.0 8.401974
635.85 76.0 8.366447
642.6 76.0 8.455263
634.5 76.0 8.348684
637.2 76.0 8.384211
641.25 76.0 8.4375
634.5 76.0 8.348684
643.95 76.0 8.473026
645.3 76.0 8.490789
637.2 76.0 8.384211
615.60004 77.0 7.9948053
612.89996 77.0 7.95974
615.60004 77.0 7.9948053
614.25 77.0 7.9772725
614.25 77.0 7.9772725
611.55 77.0 7.942208
615.60004 77.0 7.9948053
608.85 77.0 7.9071426
612.89996 77.0 7.95974
603.45 77.0 7.837013
611.55 77.0 7.942208
619.64996 77.0 8.047402
615.60004 77.0 7.9948053
614.25 77.0 7.9772725
615.60004 77.0 7.9948053
616.95 77.0 8.012338
615.60004 77.0 7.9948053
614.25 77.0 7.9772725
603.45 77.0 7.837013
608.85 77.0 7.9071426
612.89996 77.0 7.95974
612.89996 77.0 7.95974
608.85 77.0 7.9071426
615.60004 77.0 7.9948053
610.2 77.0 7.9246755
611.55 77.0 7.942208
608.85 77.0 7.9071426
606.15 77.0 7.872078
610.2 77.0 7.9246755
614.25 77.0 7.9772725
604.8 77.0 7.8545456
610.2 77.0 7.9246755
610.2 77.0 7.9246755
603.45 77.0 7.837013
611.55 77.0 7.942208
610.2 77.0 7.9246755
614.25 77.0 7.9772725
612.89996 77.0 7.95974
611.55 77.0 7.942208
607.5 77.0 7.8896103
612.89996 77.0 7.95974
588.97754 78.0 7.5509944
587.6267 78.0 7.5336757
588.97754 78.0 7.5509944
588.97754 78.0 7.5509944
591.67926 78.0 7.585632
587.6267 78.0 7.5336757
586.2758 78.0 7.5163565
579.5215 78.0 7.429763
586.2758 78.0 7.5163565
584.9249 78.0 7.4990377
587.6267 78.0 7.5336757
588.97754 78.0 7.5509944
587.6267 78.0 7.5336757
588.97754 78.0 7.5509944
587.6267 78.0 7.5336757
587.6267 78.0 7.5336757
588.97754 78.0 7.5509944
584.9249 78.0 7.4990377
587.6267 78.0 7.5336757
587.6267 78.0 7.5336757
582.2232 78.0 7.4644003
587.6267 78.0 7.5336757
588.97754 78.0 7.5509944
586.2758 78.0 7.5163565
586.2758 78.0 7.5163565
586.2758 78.0 7.5163565
584.9249 78.0 7.4990377
590.3284 78.0 7.568313
587.6267 78.0 7.5336757
590.3284 78.0 7.568313
584.9249 78.0 7.4990377
591.67926 78.0 7.585632
590.3284 78.0 7.568313
593.03015 78.0 7.6029506
587.6267 78.0 7.5336757
583.5741 78.0 7.481719
594.381 78.0 7.6202693
587.6267 78.0 7.5336757
588.97754 78.0 7.5509944
591.67926 78.0 7.585632
590.3284 78.0 7.568313
561.60004 79.0 7.108861
562.95 79.0 7.1259494
565.65 79.0 7.1601267
558.9 79.0 7.0746837
552.15 79.0 6.9892406
553.5 79.0 7.006329
556.2 79.0 7.0405064
556.2 79.0 7.0405064
560.25 79.0 7.091772
561.60004 79.0 7.108861
560.25 79.0 7.091772
562.95 79.0 7.1259494
550.8 79.0 6.9721518
556.2 79.0 7.0405064
553.5 79.0 7.006329
562.95 79.0 7.1259494
561.60004 79.0 7.108861
562.95 79.0 7.1259494
561.60004 79.0 7.108861
546.75 79.0 6.920886
556.2 79.0 7.0405064
560.25 79.0 7.091772
556.2 79.0 7.0405064
553.5 79.0 7.006329
557.55 79.0 7.057595
558.9 79.0 7.0746837
560.25 79.0 7.091772
565.65 79.0 7.1601267
564.3 79.0 7.143038
557.55 79.0 7.057595
561.60004 79.0 7.108861
554.85004 79.0 7.023418
554.85004 79.0 7.023418
561.60004 79.0 7.108861
562.95 79.0 7.1259494
564.3 79.0 7.143038
558.9 79.0 7.0746837
556.2 79.0 7.0405064
564.3 79.0 7.143038
560.25 79.0 7.091772
561.60004 79.0 7.108861
529.19995 80.0 6.615
529.19995 80.0 6.615
534.6 80.0 6.6825
534.6 80.0 6.6825
534.6 80.0 6.6825
531.89996 80.0 6.64875
531.89996 80.0 6.64875
534.6 80.0 6.6825
534.6 80.0 6.6825
533.25 80.0 6.665625
530.55 80.0 6.631875
535.95 80.0 6.699375
531.89996 80.0 6.64875
521.1 80.0 6.51375
533.25 80.0 6.665625
538.65 80.0 6.733125
534.6 80.0 6.6825
533.25 80.0 6.665625
533.25 80.0 6.665625
538.65 80.0 6.733125
538.65 80.0 6.733125
525.15 80.0 6.564375
530.55 80.0 6.631875
531.89996 80.0 6.64875
529.19995 80.0 6.615
529.19995 80.0 6.615
535.95 80.0 6.699375
534.6 80.0 6.6825
533.25 80.0 6.665625
533.25 80.0 6.665625
535.95 80.0 6.699375
527.85 80.0 6.598125
529.19995 80.0 6.615
533.25 80.0 6.665625
533.25 80.0 6.665625
530.55 80.0 6.631875
530.55 80.0 6.631875
531.89996 80.0 6.64875
534.6 80.0 6.6825
534.6 80.0 6.6825
534.6 80.0 6.6825
511.65 81.0 6.3166666
503.55 81.0 6.2166667
503.55 81.0 6.2166667
506.25 81.0 6.25
507.6 81.0 6.266667
510.30002 81.0 6.3
506.25 81.0 6.25
508.95 81.0 6.2833333
513.0 81.0 6.3333335
511.65 81.0 6.3166666
503.55 81.0 6.2166667
504.9 81.0 6.233333
507.6 81.0 6.266667
502.19998 81.0 6.2
500.85 81.0 6.1833334
510.30002 81.0 6.3
503.55 81.0 6.2166667
503.55 81.0 6.2166667
507.6 81.0 6.266667
503.55 81.0 6.2166667
507.6 81.0 6.266667
510.30002 81.0 6.3
508.95 81.0 6.2833333
510.30002 81.0 6.3
506.25 81.0 6.25
503.55 81.0 6.2166667
508.95 81.0 6.2833333
507.6 81.0 6.266667
511.65 81.0 6.3166666
513.0 81.0 6.3333335
508.95 81.0 6.2833333
508.95 81.0 6.2833333
507.6 81.0 6.266667
508.95 81.0 6.2833333
507.6 81.0 6.266667
507.6 81.0 6.266667
507.6 81.0 6.266667
503.55 81.0 6.2166667
511.65 81.0 6.3166666
500.85 81.0 6.1833334
506.25 81.0 6.25
477.9 82.0 5.8280487
483.3 82.0 5.8939023
479.24997 82.0 5.844512
476.55002 82.0 5.8115854
475.2 82.0 5.795122
479.24997 82.0 5.844512
481.95 82.0 5.877439
481.95 82.0 5.877439
481.95 82.0 5.877439
481.95 82.0 5.877439
477.9 82.0 5.8280487
479.24997 82.0 5.844512
472.5 82.0 5.762195
477.9 82.0 5.8280487
480.6 82.0 5.8609757
480.6 82.0 5.8609757
477.9 82.0 5.8280487
481.95 82.0 5.877439
479.24997 82.0 5.844512
484.65002 82.0 5.910366
476.55002 82.0 5.8115854
481.95 82.0 5.877439
475.2 82.0 5.795122
479.24997 82.0 5.844512
476.55002 82.0 5.8115854
479.24997 82.0 5.844512
479.24997 82.0 5.844512
480.6 82.0 5.8609757
477.9 82.0 5.8280487
483.3 82.0 5.8939023
481.95 82.0 5.877439
486.0 82.0 5.9268293
475.2 82.0 5.795122
481.95 82.0 5.877439
484.65002 82.0 5.910366
479.24997 82.0 5.844512
483.3 82.0 5.8939023
481.95 82.0 5.877439
481.95 82.0 5.877439
480.6 82.0 5.8609757
476.55002 82.0 5.8115854
449.55 83.0 5.416265
456.30002 83.0 5.4975905
454.94998 83.0 5.481325
456.30002 83.0 5.4975905
450.9 83.0 5.43253
454.94998 83.0 5.481325
457.65 83.0 5.5138555
453.6 83.0 5.46506
452.25 83.0 5.4487953
452.25 83.0 5.4487953
450.9 83.0 5.43253
454.94998 83.0 5.481325
454.94998 83.0 5.481325
449.55 83.0 5.416265
449.55 83.0 5.416265
452.25 83.0 5.4487953
454.94998 83.0 5.481325
456.30002 83.0 5.4975905
450.9 83.0 5.43253
456.30002 83.0 5.4975905
452.25 83.0 5.4487953
457.65 83.0 5.5138555
452.25 83.0 5.4487953
453.6 83.0 5.46506
450.9 83.0 5.43253
446.84998 83.0 5.3837347
448.2 83.0 5.4
454.94998 83.0 5.481325
456.30002 83.0 5.4975905
450.9 83.0 5.43253
456.30002 83.0 5.4975905
457.65 83.0 5.5138555
448.2 83.0 5.4
454.94998 83.0 5.481325
453.6 83.0 5.46506
452.25 83.0 5.4487953
450.9 83.0 5.43253
453.6 83.0 5.46506
453.6 83.0 5.46506
449.55 83.0 5.416265
456.30002 83.0 5.4975905
425.25 84.0 5.0625
426.59998 84.0 5.0785713
429.30002 84.0 5.1107144
429.30002 84.0 5.1107144
430.65 84.0 5.1267858
427.94998 84.0 5.0946426
423.90002 84.0 5.0464287
429.30002 84.0 5.1107144
426.59998 84.0 5.0785713
423.90002 84.0 5.0464287
429.30002 84.0 5.1107144
427.94998 84.0 5.0946426
423.90002 84.0 5.0464287
419.85 84.0 4.9982142
425.25 84.0 5.0625
427.94998 84.0 5.0946426
427.94998 84.0 5.0946426
425.25 84.0 5.0625
423.90002 84.0 5.0464287
422.55002 84.0 5.0303574
425.25 84.0 5.0625
429.30002 84.0 5.1107144
421.19998 84.0 5.0142856
427.94998 84.0 5.0946426
426.59998 84.0 5.0785713
427.94998 84.0 5.0946426
429.30002 84.0 5.1107144
426.59998 84.0 5.0785713
423.90002 84.0 5.0464287
426.59998 84.0 5.0785713
427.94998 84.0 5.0946426
430.65 84.0 5.1267858
427.94998 84.0 5.0946426
423.90002 84.0 5.0464287
429.30002 84.0 5.1107144
430.65 84.0 5.1267858
422.55002 84.0 5.0303574
430.65 84.0 5.1267858
427.94998 84.0 5.0946426
427.94998 84.0 5.0946426
425.25 84.0 5.0625
400.94998 85.0 4.7170587
402.3 85.0 4.732941
399.6 85.0 4.7011766
399.6 85.0 4.7011766
398.25 85.0 4.685294
404.99997 85.0 4.7647057
400.94998 85.0 4.7170587
399.6 85.0 4.7011766
398.25 85.0 4.685294
398.25 85.0 4.685294
400.94998 85.0 4.7170587
398.25 85.0 4.685294
400.94998 85.0 4.7170587
404.99997 85.0 4.7647057
402.3 85.0 4.732941
400.94998 85.0 4.7170587
398.25 85.0 4.685294
395.55002 85.0 4.6535296
399.6 85.0 4.7011766
402.3 85.0 4.732941
398.25 85.0 4.685294
396.9 85.0 4.6694117
403.65002 85.0 4.7488236
403.65002 85.0 4.7488236
396.9 85.0 4.6694117
400.94998 85.0 4.7170587
394.2 85.0 4.637647
402.3 85.0 4.732941
400.94998 85.0 4.7170587
396.9 85.0 4.6694117
396.9 85.0 4.6694117
395.55002 85.0 4.6535296
396.9 85.0 4.6694117
400.94998 85.0 4.7170587
402.3 85.0 4.732941
400.94998 85.0 4.7170587
402.3 85.0 4.732941
398.25 85.0 4.685294
399.6 85.0 4.7011766
399.6 85.0 4.7011766
395.55002 85.0 4.6535296
371.25003 86.0 4.3168607
376.65 86.0 4.379651
371.25003 86.0 4.3168607
372.6 86.0 4.332558
375.30002 86.0 4.3639536
373.94998 86.0 4.3482556
369.9 86.0 4.3011627
368.55002 86.0 4.2854652
373.94998 86.0 4.3482556
373.94998 86.0 4.3482556
372.6 86.0 4.332558
373.94998 86.0 4.3482556
373.94998 86.0 4.3482556
376.65 86.0 4.379651
373.94998 86.0 4.3482556
378.00003 86.0 4.395349
373.94998 86.0 4.3482556
375.30002 86.0 4.3639536
371.25003 86.0 4.3168607
375.30002 86.0 4.3639536
372.6 86.0 4.332558
372.6 86.0 4.332558
375.30002 86.0 4.3639536
375.30002 86.0 4.3639536
372.6 86.0 4.332558
372.6 86.0 4.332558
372.6 86.0 4.332558
372.6 86.0 4.332558
375.30002 86.0 4.3639536
373.94998 86.0 4.3482556
371.25003 86.0 4.3168607
372.6 86.0 4.332558
371.25003 86.0 4.3168607
371.25003 86.0 4.3168607
375.30002 86.0 4.3639536
375.30002 86.0 4.3639536
372.6 86.0 4.332558
372.6 86.0 4.332558
375.30002 86.0 4.3639536
373.94998 86.0 4.3482556
375.30002 86.0 4.3639536
345.6 87.0 3.9724138
341.55 87.0 3.925862
342.9 87.0 3.9413793
349.65002 87.0 4.0189657
346.95 87.0 3.987931
348.30002 87.0 4.0034485
344.25 87.0 3.9568965
345.6 87.0 3.9724138
345.6 87.0 3.9724138
348.30002 87.0 4.0034485
346.95 87.0 3.987931
344.25 87.0 3.9568965
348.30002 87.0 4.0034485
351.00003 87.0 4.034483
346.95 87.0 3.987931
344.25 87.0 3.9568965
349.65002 87.0 4.0189657
346.95 87.0 3.987931
346.95 87.0 3.987931
344.25 87.0 3.9568965
346.95 87.0 3.987931
346.95 87.0 3.987931
344.25 87.0 3.9568965
348.30002 87.0 4.0034485
346.95 87.0 3.987931
349.65002 87.0 4.0189657
345.6 87.0 3.9724138
346.95 87.0 3.987931
346.95 87.0 3.987931
345.6 87.0 3.9724138
349.65002 87.0 4.0189657
349.65002 87.0 4.0189657
346.95 87.0 3.987931
346.95 87.0 3.987931
348.30002 87.0 4.0034485
341.55 87.0 3.925862
344.25 87.0 3.9568965
346.95 87.0 3.987931
348.30002 87.0 4.0034485
346.95 87.0 3.987931
342.9 87.0 3.9413793
321.3 88.0 3.6511364
321.3 88.0 3.6511364
322.65 88.0 3.6664772
318.6 88.0 3.6204545
321.3 88.0 3.6511364
318.6 88.0 3.6204545
321.3 88.0 3.6511364
318.6 88.0 3.6204545
321.3 88.0 3.6511364
318.6 88.0 3.6204545
318.6 88.0 3.6204545
321.3 88.0 3.6511364
324.0 88.0 3.6818182
322.65 88.0 3.6664772
322.65 88.0 3.6664772
322.65 88.0 3.6664772
322.65 88.0 3.6664772
317.25 88.0 3.6051137
318.6 88.0 3.6204545
317.25 88.0 3.6051137
321.3 88.0 3.6511364
322.65 88.0 3.6664772
318.6 88.0 3.6204545
322.65 88.0 3.6664772
319.94998 88.0 3.6357954
322.65 88.0 3.6664772
318.6 88.0 3.6204545
321.3 88.0 3.6511364
318.6 88.0 3.6204545
321.3 88.0 3.6511364
322.65 88.0 3.6664772
321.3 88.0 3.6511364
318.6 88.0 3.6204545
322.65 88.0 3.6664772
321.3 88.0 3.6511364
317.25 88.0 3.6051137
319.94998 88.0 3.6357954
321.3 88.0 3.6511364
318.6 88.0 3.6204545
324.0 88.0 3.6818182
322.65 88.0 3.6664772
288.90002 89.0 3.2460675
292.95 89.0 3.291573
295.65 89.0 3.3219101
295.65 89.0 3.3219101
292.95 89.0 3.291573
292.95 89.0 3.291573
294.3 89.0 3.3067415
292.95 89.0 3.291573
287.55 89.0 3.2308989
295.65 89.0 3.3219101
292.95 89.0 3.291573
292.95 89.0 3.291573
294.3 89.0 3.3067415
297.0 89.0 3.3370786
294.3 89.0 3.3067415
294.3 89.0 3.3067415
294.3 89.0 3.3067415
297.0 89.0 3.3370786
292.95 89.0 3.291573
290.25 89.0 3.261236
291.59998 89.0 3.2764044
294.3 89.0 3.3067415
292.95 89.0 3.291573
291.59998 89.0 3.2764044
294.3 89.0 3.3067415
294.3 89.0 3.3067415
297.0 89.0 3.3370786
294.3 89.0 3.3067415
294.3 89.0 3.3067415
292.95 89.0 3.291573
295.65 89.0 3.3219101
294.3 89.0 3.3067415
292.95 89.0 3.291573
292.95 89.0 3.291573
291.59998 89.0 3.2764044
295.65 89.0 3.3219101
295.65 89.0 3.3219101
292.95 89.0 3.291573
294.3 89.0 3.3067415
292.95 89.0 3.291573
292.95 89.0 3.291573
268.65 90.0 2.985
264.6 90.0 2.94
268.65 90.0 2.985
265.94998 90.0 2.955
268.65 90.0 2.985
265.94998 90.0 2.955
267.3 90.0 2.97
268.65 90.0 2.985
267.3 90.0 2.97
265.94998 90.0 2.955
268.65 90.0 2.985
265.94998 90.0 2.955
268.65 90.0 2.985
270.0 90.0 3.0
268.65 90.0 2.985
270.0 90.0 3.0
268.65 90.0 2.985
267.3 90.0 2.97
268.65 90.0 2.985
267.3 90.0 2.97
264.6 90.0 2.94
268.65 90.0 2.985
268.65 90.0 2.985
265.94998 90.0 2.955
267.3 90.0 2.97
265.94998 90.0 2.955
267.3 90.0 2.97
270.0 90.0 3.0
265.94998 90.0 2.955
268.65 90.0 2.985
267.3 90.0 2.97
270.0 90.0 3.0
268.65 90.0 2.985
268.65 90.0 2.985
264.6 90.0 2.94
265.94998 90.0 2.955
263.25 90.0 2.925
268.65 90.0 2.985
267.3 90.0 2.97
268.65 90.0 2.985
265.94998 90.0 2.955
