1112.4 29.0 38.35862
1081.35 29.0 37.28793
1138.05 29.0 39.243103
1069.2 29.0 36.868965
1057.05 29.0 36.45
1051.65 29.0 36.263794
1063.8 29.0 36.68276
1071.9 29.0 36.96207
1085.4 29.0 37.427586
1121.85 29.0 38.684483
1111.05 29.0 38.31207
1129.9501 29.0 38.963795
1054.35 29.0 36.356895
1074.6 29.0 37.055172
1158.3 29.0 39.94138
1055.7001 29.0 36.40345
1042.2 29.0 35.93793
1081.35 29.0 37.28793
1096.2 29.0 37.8
999.0 29.0 34.448277
1127.25 29.0 38.87069
1081.35 29.0 37.28793
1078.65 29.0 37.194828
1046.25 29.0 36.077587
1017.89996 29.0 35.1
1051.65 29.0 36.263794
1062.4501 29.0 36.636208
1038.15 29.0 35.798275
1086.75 29.0 37.474136
1020.60004 29.0 35.193104
1080.0 29.0 37.24138
1109.7001 29.0 38.26552
1061.1001 29.0 36.589657
1075.95 29.0 37.101723
1094.85 29.0 37.75345
1084.05 29.0 37.381035
1058.4 29.0 36.49655
1058.4 29.0 36.49655
1042.2 29.0 35.93793
1036.8 29.0 35.751724
1142.1 29.0 39.38276
1063.8 30.000002 35.46
951.75006 30.000002 31.725
997.6501 30.000002 33.255
1127.2501 30.000002 37.575
1065.1501 30.000002 35.505
1065.1501 30.000002 35.505
1009.80005 30.000002 33.66
1027.35 30.000002 34.245
1023.3001 30.000002 34.11
1081.35 30.000002 36.045
1088.1001 30.000002 36.27
999.00006 30.000002 33.3
1031.4001 30.000002 34.38
1125.9 30.000002 37.53
1069.2001 30.000002 35.64
1078.6501 30.000002 35.955
1031.4001 30.000002 34.38
1104.3002 30.000002 36.81
1036.8 30.000002 34.56
1101.6001 30.000002 36.72
1077.3 30.000002 35.91
1093.5001 30.000002 36.45
1088.1001 30.000002 36.27
1063.8 30.000002 35.46
1012.50006 30.000002 33.75
1078.6501 30.000002 35.955
1005.7501 30.000002 33.525
1046.2501 30.000002 34.875
1027.35 30.000002 34.245
1005.7501 30.000002 33.525
1021.95 30.000002 34.065
1019.25 30.000002 33.975
1093.5001 30.000002 36.45
1138.0502 30.000002 37.935
1116.4501 30.000002 37.215
1020.6001 30.000002 34.02
1063.8 30.000002 35.46
1105.65 30.000002 36.855
1043.55 30.000002 34.785
1129.9501 30.000002 37.665
1096.2001 30.000002 36.54
1048.95 31.0 33.837097
1112.3999 31.0 35.88387
1046.25 31.0 33.75
996.3 31.0 32.13871
1030.05 31.0 33.22742
1057.05 31.0 34.09839
1048.95 31.0 33.837097
1034.1 31.0 33.358063
1027.35 31.0 33.140324
1067.85 31.0 34.446774
1096.2 31.0 35.36129
1011.14996 31.0 32.61774
1047.6 31.0 33.79355
1073.25 31.0 34.620968
999.0 31.0 32.225807
996.3 31.0 32.13871
1069.2 31.0 34.490322
1043.55 31.0 33.662903
1086.75 31.0 35.05645
1069.2 31.0 34.490322
1115.1 31.0 35.970966
1015.19995 31.0 32.748386
977.39996 31.0 31.529032
1084.05 31.0 34.969357
1021.95 31.0 32.96613
1015.19995 31.0 32.748386
1046.25 31.0 33.75
1021.95 31.0 32.96613
1069.2 31.0 34.490322
1084.05 31.0 34.969357
1094.85 31.0 35.31774
1024.65 31.0 33.053226
1086.75 31.0 35.05645
1053.0 31.0 33.967743
1069.2 31.0 34.490322
1026.0 31.0 33.096775
1034.1 31.0 33.358063
1040.85 31.0 33.575806
969.3 31.0 31.267742
1040.85 31.0 33.575806
985.5 31.0 31.790323
976.05 32.0 30.501562
1073.25 32.0 33.539062
1063.8 32.0 33.24375
1069.2 32.0 33.4125
1032.75 32.0 32.273438
1008.45 32.0 31.514063
1008.45 32.0 31.514063
1098.9 32.0 34.340626
1019.25 32.0 31.851562
1058.4 32.0 33.075
1089.45 32.0 34.04531
1042.2 32.0 32.56875
1015.2 32.0 31.725
1059.75 32.0 33.117188
1026.0 32.0 32.0625
1062.45 32.0 33.20156
1094.85 32.0 34.21406
1013.85 32.0 31.682812
1039.5 32.0 32.484375
1020.6 32.0 31.89375
1030.05 32.0 32.189064
972.0 32.0 30.375
1046.25 32.0 32.695312
1053.0 32.0 32.90625
1009.8 32.0 31.55625
1001.7 32.0 31.303125
1057.05 32.0 33.032814
1013.85 32.0 31.682812
1036.8 32.0 32.4
1028.7 32.0 32.146873
1038.15 32.0 32.44219
1026.0 32.0 32.0625
1015.2 32.0 31.725
977.4 32.0 30.54375
1031.4 32.0 32.23125
1035.45 32.0 32.35781
1088.1 32.0 34.003124
1100.25 32.0 34.382812
1003.05 32.0 31.345312
1026.0 32.0 32.0625
1007.1 32.0 31.471874
