
135,00   5,00   675,00
134,95   5,00   674,73
135,00   5,00   675,00
134,89   5,00   674,46
134,78   5,00   673,92
134,73   5,00   673,65
134,95   5,00   674,73
135,00   5,00   675,00
134,62   5,00   673,11
134,51   5,00   672,57
134,95   5,00   674,73
134,46   5,00   672,30
134,73   5,00   673,65
134,78   5,00   673,92
134,57   5,00   672,84
134,95   5,00   674,73
134,73   5,00   673,65
134,51   5,00   672,57
134,73   5,00   673,65
134,73   5,00   673,65
134,51   5,00   672,57
135,00   5,00   675,00
134,73   5,00   673,65
135,00   5,00   675,00
135,00   5,00   675,00
134,57   5,00   672,84
135,00   5,00   675,00
135,00   5,00   675,00
135,00   5,00   675,00
134,41   5,00   672,03
134,57   5,00   672,84
134,51   5,00   672,57
134,89   5,00   674,46
134,78   5,00   673,92
134,57   5,00   672,84
134,73   5,00   673,65
134,73   5,00   673,65
135,00   5,00   675,00
134,51   5,00   672,57
134,46   5,00   672,30
134,73   5,00   673,65
134,73   6,00   808,38
134,86   6,00   809,19
134,77   6,00   808,65
134,91   6,00   809,46
134,10   6,00   804,60
134,95   6,00   809,73
134,55   6,00   807,30
134,77   6,00   808,65
134,55   6,00   807,30
134,77   6,00   808,65
134,95   6,00   809,73
134,37   6,00   806,22
135,00   6,00   810,00
134,55   6,00   807,30
134,73   6,00   808,38
135,00   6,00   810,00
134,77   6,00   808,65
135,00   6,00   810,00
134,77   6,00   808,65
135,00   6,00   810,00
135,00   6,00   810,00
134,91   6,00   809,46
134,68   6,00   808,11
134,73   6,00   808,38
134,77   6,00   808,65
135,00   6,00   810,00
135,00   6,00   810,00
134,55   6,00   807,30
134,37   6,00   806,22
134,28   6,00   805,68
134,14   6,00   804,87
135,00   6,00   810,00
134,77   6,00   808,65
134,95   6,00   809,73
134,91   6,00   809,46
134,86   6,00   809,19
134,77   6,00   808,65
134,32   6,00   805,95
135,00   6,00   810,00
134,77   6,00   808,65
134,77   6,00   808,65
134,88   7,00   944,19
134,65   7,00   942,57
134,61   7,00   942,30
135,00   7,00   945,00
135,00   7,00   945,00
134,50   7,00   941,49
134,58   7,00   942,03
134,81   7,00   943,65
134,31   7,00   940,14
134,61   7,00   942,30
134,69   7,00   942,84
134,65   7,00   942,57
134,42   7,00   940,95
134,77   7,00   943,38
134,19   7,00   939,33
134,65   7,00   942,57
134,85   7,00   943,92
134,85   7,00   943,92
135,00   7,00   945,00
134,81   7,00   943,65
134,77   7,00   943,38
134,96   7,00   944,73
135,00   7,00   945,00
134,61   7,00   942,30
134,54   7,00   941,76
134,69   7,00   942,84
135,00   7,00   945,00
134,81   7,00   943,65
134,81   7,00   943,65
134,31   7,00   940,14
135,00   7,00   945,00
134,65   7,00   942,57
134,27   7,00   939,87
134,61   7,00   942,30
134,61   7,00   942,30
134,81   7,00   943,65
134,96   7,00   944,73
135,00   7,00   945,00
134,65   7,00   942,57
134,81   7,00   943,65
134,85   7,00   943,92
134,53   8,00  1076,22
134,93   8,00  1079,46
134,73   8,00  1077,84
134,36   8,00  1074,87
134,63   8,00  1077,03
135,00   8,00  1080,00
134,66   8,00  1077,30
134,86   8,00  1078,92
134,56   8,00  1076,49
135,00   8,00  1080,00
134,97   8,00  1079,73
134,73   8,00  1077,84
134,56   8,00  1076,49
134,70   8,00  1077,57
134,86   8,00  1078,92
134,86   8,00  1078,92
134,70   8,00  1077,57
134,83   8,00  1078,65
134,56   8,00  1076,49
134,46   8,00  1075,68
134,53   8,00  1076,22
134,49   8,00  1075,95
134,56   8,00  1076,49
134,53   8,00  1076,22
134,80   8,00  1078,38
134,56   8,00  1076,49
134,83   8,00  1078,65
134,73   8,00  1077,84
134,80   8,00  1078,38
134,46   8,00  1075,68
135,00   8,00  1080,00
134,49   8,00  1075,95
134,36   8,00  1074,87
134,83   8,00  1078,65
134,59   8,00  1076,76
134,83   8,00  1078,65
134,70   8,00  1077,57
134,49   8,00  1075,95
134,70   8,00  1077,57
134,70   8,00  1077,57
134,59   8,00  1076,76
134,85   9,00  1213,65
134,73   9,00  1212,57
134,97   9,00  1214,73
134,64   9,00  1211,76
134,88   9,00  1213,92
134,19   9,00  1207,71
134,91   9,00  1214,19
134,70   9,00  1212,30
134,82   9,00  1213,38
134,28   9,00  1208,52
134,43   9,00  1209,87
134,64   9,00  1211,76
134,88   9,00  1213,92
134,85   9,00  1213,65
134,25   9,00  1208,25
134,85   9,00  1213,65
134,73   9,00  1212,57
134,43   9,00  1209,87
134,43   9,00  1209,87
134,73   9,00  1212,57
134,85   9,00  1213,65
134,52   9,00  1210,68
134,85   9,00  1213,65
134,76   9,00  1212,84
134,61   9,00  1211,49
134,07   9,00  1206,63
134,25   9,00  1208,25
134,61   9,00  1211,49
134,49   9,00  1210,41
134,85   9,00  1213,65
135,00   9,00  1215,00
134,85   9,00  1213,65
134,52   9,00  1210,68
134,40   9,00  1209,60
134,97   9,00  1214,73
134,82   9,00  1213,38
134,94   9,00  1214,46
134,40   9,00  1209,60
134,28   9,00  1208,52
134,52   9,00  1210,68
134,52   9,00  1210,68
134,51  10,00  1345,14
134,84  10,00  1348,38
134,46  10,00  1344,60
134,78  10,00  1347,84
134,78  10,00  1347,84
134,68  10,00  1346,76
134,76  10,00  1347,57
134,24  10,00  1342,44
134,86  10,00  1348,65
134,19  10,00  1341,90
134,68  10,00  1346,76
134,84  10,00  1348,38
134,78  10,00  1347,84
134,59  10,00  1345,95
134,70  10,00  1347,03
134,86  10,00  1348,65
134,65  10,00  1346,49
134,73  10,00  1347,30
134,86  10,00  1348,65
134,65  10,00  1346,49
134,89  10,00  1348,92
134,86  10,00  1348,65
134,49  10,00  1344,87
134,70  10,00  1347,03
134,86  10,00  1348,65
134,76  10,00  1347,57
134,89  10,00  1348,92
134,70  10,00  1347,03
134,30  10,00  1342,98
134,32  10,00  1343,25
134,73  10,00  1347,30
134,81  10,00  1348,11
134,73  10,00  1347,30
134,59  10,00  1345,95
134,70  10,00  1347,03
134,70  10,00  1347,03
134,86  10,00  1348,65
134,81  10,00  1348,11
134,84  10,00  1348,38
134,78  10,00  1347,84
134,35  10,00  1343,52
134,51  11,00  1479,60
134,83  11,00  1483,11
134,63  11,00  1480,95
134,46  11,00  1479,06
134,39  11,00  1478,25
134,75  11,00  1482,30
134,53  11,00  1479,87
134,88  11,00  1483,65
134,80  11,00  1482,84
134,58  11,00  1480,41
134,75  11,00  1482,30
134,98  11,00  1484,73
134,02  11,00  1474,20
134,90  11,00  1483,92
134,98  11,00  1484,73
134,56  11,00  1480,14
134,61  11,00  1480,68
134,83  11,00  1483,11
135,00  11,00  1485,00
134,73  11,00  1482,03
134,51  11,00  1479,60
134,56  11,00  1480,14
134,46  11,00  1479,06
134,68  11,00  1481,49
134,66  11,00  1481,22
134,71  11,00  1481,76
134,75  11,00  1482,30
134,63  11,00  1480,95
134,61  11,00  1480,68
134,66  11,00  1481,22
134,75  11,00  1482,30
134,88  11,00  1483,65
134,68  11,00  1481,49
134,48  11,00  1479,33
134,88  11,00  1483,65
134,61  11,00  1480,68
134,41  11,00  1478,52
134,61  11,00  1480,68
134,39  11,00  1478,25
134,29  11,00  1477,17
134,78  11,00  1482,57
134,55  12,00  1614,60
134,86  12,00  1618,38
134,75  12,00  1617,03
134,89  12,00  1618,65
134,48  12,00  1613,79
134,48  12,00  1613,79
134,62  12,00  1615,41
134,91  12,00  1618,92
134,66  12,00  1615,95
134,53  12,00  1614,33
134,77  12,00  1617,30
134,75  12,00  1617,03
134,77  12,00  1617,30
134,71  12,00  1616,49
134,77  12,00  1617,30
134,77  12,00  1617,30
134,73  12,00  1616,76
134,44  12,00  1613,25
134,37  12,00  1612,44
134,21  12,00  1610,55
134,53  12,00  1614,33
134,39  12,00  1612,71
134,77  12,00  1617,30
134,71  12,00  1616,49
134,57  12,00  1614,87
134,39  12,00  1612,71
134,62  12,00  1615,41
134,12  12,00  1609,47
134,64  12,00  1615,68
134,32  12,00  1611,90
134,55  12,00  1614,60
134,66  12,00  1615,95
134,08  12,00  1608,93
134,55  12,00  1614,60
134,50  12,00  1614,06
134,62  12,00  1615,41
134,19  12,00  1610,28
134,17  12,00  1610,01
134,48  12,00  1613,79
134,66  12,00  1615,95
134,62  12,00  1615,41
134,52  13,00  1748,79
134,42  13,00  1747,44
134,92  13,00  1753,92
134,34  13,00  1746,36
134,63  13,00  1750,14
134,83  13,00  1752,84
134,56  13,00  1749,33
134,65  13,00  1750,41
134,19  13,00  1744,47
134,52  13,00  1748,79
134,77  13,00  1752,03
134,73  13,00  1751,49
134,42  13,00  1747,44
134,50  13,00  1748,52
134,36  13,00  1746,63
134,75  13,00  1751,76
134,40  13,00  1747,17
134,13  13,00  1743,66
134,79  13,00  1752,30
134,38  13,00  1746,90
134,44  13,00  1747,71
134,85  13,00  1753,11
134,38  13,00  1746,90
134,71  13,00  1751,22
134,54  13,00  1749,06
134,73  13,00  1751,49
134,77  13,00  1752,03
134,40  13,00  1747,17
134,77  13,00  1752,03
134,69  13,00  1750,95
134,48  13,00  1748,25
134,69  13,00  1750,95
134,58  13,00  1749,60
134,38  13,00  1746,90
134,79  13,00  1752,30
134,69  13,00  1750,95
134,40  13,00  1747,17
134,67  13,00  1750,68
134,79  13,00  1752,30
134,90  13,00  1753,65
134,42  13,00  1747,44
134,15  14,00  1878,12
134,40  14,00  1881,63
134,58  14,00  1884,06
134,63  14,00  1884,87
134,63  14,00  1884,87
134,09  14,00  1877,31
134,42  14,00  1881,90
134,71  14,00  1885,95
134,29  14,00  1880,01
134,61  14,00  1884,60
134,65  14,00  1885,14
134,71  14,00  1885,95
134,52  14,00  1883,25
134,61  14,00  1884,60
134,65  14,00  1885,14
134,46  14,00  1882,44
134,50  14,00  1882,98
134,65  14,00  1885,14
134,04  14,00  1876,50
134,73  14,00  1886,22
134,90  14,00  1888,65
134,38  14,00  1881,36
134,71  14,00  1885,95
134,67  14,00  1885,41
134,42  14,00  1881,90
134,73  14,00  1886,22
133,92  14,00  1874,88
134,73  14,00  1886,22
134,71  14,00  1885,95
134,59  14,00  1884,33
134,40  14,00  1881,63
134,52  14,00  1883,25
134,44  14,00  1882,17
134,54  14,00  1883,52
134,36  14,00  1881,09
134,54  14,00  1883,52
134,29  14,00  1880,01
134,54  14,00  1883,52
134,48  14,00  1882,71
134,15  14,00  1878,12
134,73  14,00  1886,22
134,42  15,00  2016,36
134,28  15,00  2014,20
134,35  15,00  2015,28
134,53  15,00  2017,98
133,99  15,00  2009,88
134,26  15,00  2013,93
134,35  15,00  2015,28
134,41  15,00  2016,09
134,35  15,00  2015,28
134,57  15,00  2018,52
134,80  15,00  2022,03
134,03  15,00  2010,42
134,10  15,00  2011,50
134,44  15,00  2016,63
134,26  15,00  2013,93
134,14  15,00  2012,04
134,48  15,00  2017,17
134,60  15,00  2019,06
134,17  15,00  2012,58
133,81  15,00  2007,18
134,57  15,00  2018,52
134,15  15,00  2012,31
134,26  15,00  2013,93
134,05  15,00  2010,69
134,06  15,00  2010,96
133,88  15,00  2008,26
134,78  15,00  2021,76
134,35  15,00  2015,28
134,21  15,00  2013,12
134,41  15,00  2016,09
133,92  15,00  2008,80
134,19  15,00  2012,85
134,64  15,00  2019,60
133,96  15,00  2009,34
133,96  15,00  2009,34
134,05  15,00  2010,69
134,10  15,00  2011,50
134,19  15,00  2012,85
134,08  15,00  2011,23
134,23  15,00  2013,39
134,41  15,00  2016,09
133,53  16,00  2136,51
133,36  16,00  2133,81
133,68  16,00  2138,94
133,75  16,00  2140,02
132,79  16,00  2124,63
133,16  16,00  2130,57
133,65  16,00  2138,40
134,04  16,00  2144,61
132,96  16,00  2127,33
133,72  16,00  2139,48
134,26  16,00  2148,12
133,41  16,00  2134,62
133,97  16,00  2143,53
133,40  16,00  2134,35
133,14  16,00  2130,30
133,11  16,00  2129,76
133,26  16,00  2132,19
133,89  16,00  2142,18
133,67  16,00  2138,67
132,99  16,00  2127,87
133,84  16,00  2141,37
133,58  16,00  2137,32
134,22  16,00  2147,58
133,65  16,00  2138,40
133,31  16,00  2133,00
133,53  16,00  2136,51
133,14  16,00  2130,30
133,97  16,00  2143,53
133,51  16,00  2136,24
133,31  16,00  2133,00
133,38  16,00  2134,08
133,48  16,00  2135,70
133,62  16,00  2137,86
133,21  16,00  2131,38
133,87  16,00  2141,91
132,72  16,00  2123,55
133,33  16,00  2133,27
133,50  16,00  2135,97
132,62  16,00  2121,93
133,62  16,00  2137,86
133,87  16,00  2141,91
124,64  17,00  2118,96
125,34  17,00  2130,84
125,53  17,00  2134,08
125,14  17,00  2127,33
125,41  17,00  2131,92
126,50  17,00  2150,55
127,42  17,00  2166,21
127,12  17,00  2161,08
126,84  17,00  2156,22
127,65  17,00  2169,99
125,95  17,00  2141,10
126,49  17,00  2150,28
126,07  17,00  2143,26
126,11  17,00  2143,80
127,50  17,00  2167,56
127,42  17,00  2166,21
126,69  17,00  2153,79
126,84  17,00  2156,22
126,55  17,00  2151,36
126,58  17,00  2151,90
126,69  17,00  2153,79
126,39  17,00  2148,66
126,80  17,00  2155,68
126,92  17,00  2157,57
126,30  17,00  2147,04
125,74  17,00  2137,59
124,60  17,00  2118,15
124,39  17,00  2114,64
125,36  17,00  2131,11
125,11  17,00  2126,79
126,09  17,00  2143,53
125,90  17,00  2140,29
126,25  17,00  2146,23
126,23  17,00  2145,96
126,60  17,00  2152,17
126,82  17,00  2155,95
124,58  17,00  2117,88
125,60  17,00  2135,16
125,82  17,00  2138,94
126,95  17,00  2158,11
125,52  17,00  2133,81
119,53  18,00  2151,63
116,85  18,00  2103,30
117,48  18,00  2114,64
116,35  18,00  2094,39
117,63  18,00  2117,34
118,09  18,00  2125,71
118,95  18,00  2141,10
116,46  18,00  2096,28
118,08  18,00  2125,44
118,44  18,00  2131,92
118,15  18,00  2126,79
118,17  18,00  2127,06
118,80  18,00  2138,40
118,63  18,00  2135,43
119,22  18,00  2145,96
119,22  18,00  2145,96
118,53  18,00  2133,54
118,81  18,00  2138,67
118,32  18,00  2129,76
118,78  18,00  2138,13
118,23  18,00  2128,14
117,09  18,00  2107,62
117,84  18,00  2121,12
117,67  18,00  2118,15
118,89  18,00  2140,02
117,33  18,00  2111,94
118,50  18,00  2133,00
119,05  18,00  2142,99
118,11  18,00  2125,98
118,26  18,00  2128,68
117,06  18,00  2107,08
116,82  18,00  2102,76
119,32  18,00  2147,85
118,42  18,00  2131,65
118,68  18,00  2136,24
119,07  18,00  2143,26
118,17  18,00  2127,06
119,02  18,00  2142,45
118,09  18,00  2125,71
118,36  18,00  2130,57
118,02  18,00  2124,36
110,40  19,00  2097,63
110,09  19,00  2091,69
110,26  19,00  2094,93
110,54  19,00  2100,33
109,69  19,00  2084,13
110,67  19,00  2102,76
110,80  19,00  2105,19
109,83  19,00  2086,83
110,46  19,00  2098,71
109,44  19,00  2079,27
111,14  19,00  2111,67
111,77  19,00  2123,55
111,44  19,00  2117,34
109,58  19,00  2081,97
108,37  19,00  2059,02
109,95  19,00  2088,99
111,79  19,00  2124,09
110,63  19,00  2101,95
109,75  19,00  2085,21
111,06  19,00  2110,05
111,10  19,00  2110,86
111,20  19,00  2112,75
111,17  19,00  2112,21
110,64  19,00  2102,22
109,62  19,00  2082,78
111,28  19,00  2114,37
111,10  19,00  2110,86
110,25  19,00  2094,66
110,97  19,00  2108,43
111,79  19,00  2124,09
110,94  19,00  2107,89
109,55  19,00  2081,43
109,65  19,00  2083,32
110,10  19,00  2091,96
109,51  19,00  2080,62
110,27  19,00  2095,20
109,95  19,00  2088,99
109,14  19,00  2073,60
109,80  19,00  2086,29
109,76  19,00  2085,48
109,92  19,00  2088,45
102,53  20,00  2050,65
104,65  20,00  2093,04
102,79  20,00  2055,78
104,62  20,00  2092,50
103,80  20,00  2076,03
105,07  20,00  2101,41
104,73  20,00  2094,66
103,03  20,00  2060,64
103,19  20,00  2063,88
103,38  20,00  2067,66
101,92  20,00  2038,50
104,33  20,00  2086,56
102,34  20,00  2046,87
103,96  20,00  2079,27
103,05  20,00  2060,91
104,54  20,00  2090,88
103,98  20,00  2079,54
102,56  20,00  2051,19
102,79  20,00  2055,78
104,96  20,00  2099,25
103,05  20,00  2060,91
103,14  20,00  2062,80
103,42  20,00  2068,47
102,86  20,00  2057,13
103,37  20,00  2067,39
104,10  20,00  2081,97
103,36  20,00  2067,12
105,06  20,00  2101,14
103,34  20,00  2066,85
103,48  20,00  2069,55
103,72  20,00  2074,41
102,99  20,00  2059,83
104,73  20,00  2094,66
102,17  20,00  2043,36
102,51  20,00  2050,11
102,75  20,00  2054,97
104,08  20,00  2081,70
103,81  20,00  2076,30
105,00  20,00  2100,06
104,22  20,00  2084,40
103,96  20,00  2079,27
 97,83  21,00  2054,43
 98,51  21,00  2068,74
 97,52  21,00  2047,95
 95,41  21,00  2003,67
 97,97  21,00  2057,40
 97,32  21,00  2043,63
 97,01  21,00  2037,15
 96,94  21,00  2035,80
 97,93  21,00  2056,59
 98,15  21,00  2061,18
 98,02  21,00  2058,48
 97,24  21,00  2042,01
 98,01  21,00  2058,21
 97,55  21,00  2048,49
 97,96  21,00  2057,13
 96,49  21,00  2026,35
 97,95  21,00  2056,86
 98,81  21,00  2074,95
 98,33  21,00  2064,96
 96,61  21,00  2028,78
 97,34  21,00  2044,17
 98,05  21,00  2059,02
 97,89  21,00  2055,78
 97,60  21,00  2049,57
 97,79  21,00  2053,62
 98,94  21,00  2077,65
 97,87  21,00  2055,24
 97,78  21,00  2053,35
 98,28  21,00  2063,88
 97,69  21,00  2051,46
 96,58  21,00  2028,24
 97,69  21,00  2051,46
 96,88  21,00  2034,45
 97,87  21,00  2055,24
 97,79  21,00  2053,62
 97,69  21,00  2051,46
 97,32  21,00  2043,63
 98,09  21,00  2059,83
 97,51  21,00  2047,68
 97,38  21,00  2044,98
 97,15  21,00  2040,12
 91,20  22,00  2006,37
 91,73  22,00  2017,98
 91,57  22,00  2014,47
 92,08  22,00  2025,81
 92,55  22,00  2036,07
 92,29  22,00  2030,40
 91,36  22,00  2009,88
 92,05  22,00  2025,00
 93,05  22,00  2047,14
 91,54  22,00  2013,93
 92,81  22,00  2041,74
 92,20  22,00  2028,51
 91,76  22,00  2018,79
 91,90  22,00  2021,76
 91,65  22,00  2016,36
 91,81  22,00  2019,87
 92,16  22,00  2027,43
 92,27  22,00  2029,86
 91,33  22,00  2009,34
 92,32  22,00  2030,94
 92,28  22,00  2030,13
 92,39  22,00  2032,56
 91,52  22,00  2013,39
 90,58  22,00  1992,87
 91,75  22,00  2018,52
 92,52  22,00  2035,53
 92,92  22,00  2044,17
 91,64  22,00  2016,09
 90,46  22,00  1990,17
 92,17  22,00  2027,70
 91,17  22,00  2005,83
 92,62  22,00  2037,69
 93,08  22,00  2047,68
 92,83  22,00  2042,28
 91,84  22,00  2020,41
 91,20  22,00  2006,37
 92,14  22,00  2027,16
 91,59  22,00  2015,01
 91,57  22,00  2014,47
 92,07  22,00  2025,54
 91,44  22,00  2011,77
 87,06  23,00  2002,32
 87,16  23,00  2004,75
 86,93  23,00  1999,35
 87,63  23,00  2015,55
 87,44  23,00  2011,23
 87,47  23,00  2011,77
 86,63  23,00  1992,60
 86,66  23,00  1993,14
 88,08  23,00  2025,81
 87,32  23,00  2008,26
 86,88  23,00  1998,27
 86,68  23,00  1993,68
 86,80  23,00  1996,38
 86,44  23,00  1988,01
 87,66  23,00  2016,09
 87,49  23,00  2012,31
 86,94  23,00  1999,62
 86,36  23,00  1986,39
 86,18  23,00  1982,07
 87,96  23,00  2023,11
 87,50  23,00  2012,58
 86,85  23,00  1997,46
 86,96  23,00  2000,16
 86,61  23,00  1992,06
 87,50  23,00  2012,58
 86,81  23,00  1996,65
 87,01  23,00  2001,24
 87,17  23,00  2005,02
 87,55  23,00  2013,66
 86,69  23,00  1993,95
 86,78  23,00  1995,84
 86,08  23,00  1979,91
 88,08  23,00  2025,81
 87,55  23,00  2013,66
 87,15  23,00  2004,48
 87,07  23,00  2002,59
 87,14  23,00  2004,21
 87,52  23,00  2012,85
 86,69  23,00  1993,95
 86,05  23,00  1979,10
 86,79  23,00  1996,11
 83,11  24,00  1994,76
 80,85  24,00  1940,49
 81,84  24,00  1964,25
 82,77  24,00  1986,39
 82,18  24,00  1972,35
 81,18  24,00  1948,32
 82,27  24,00  1974,51
 82,70  24,00  1984,77
 82,56  24,00  1981,53
 82,03  24,00  1968,84
 82,35  24,00  1976,40
 82,15  24,00  1971,54
 82,38  24,00  1977,21
 82,86  24,00  1988,55
 81,91  24,00  1965,87
 83,09  24,00  1994,22
 82,19  24,00  1972,62
 82,62  24,00  1982,88
 82,37  24,00  1976,94
 82,73  24,00  1985,58
 81,99  24,00  1967,76
 82,74  24,00  1985,85
 81,46  24,00  1955,07
 82,61  24,00  1982,61
 81,40  24,00  1953,72
 81,78  24,00  1962,63
 82,03  24,00  1968,84
 82,37  24,00  1976,94
 83,06  24,00  1993,41
 82,43  24,00  1978,29
 81,20  24,00  1948,86
 80,07  24,00  1921,59
 80,98  24,00  1943,46
 81,61  24,00  1958,58
 81,71  24,00  1961,01
 83,07  24,00  1993,68
 80,59  24,00  1934,28
 81,99  24,00  1967,76
 82,33  24,00  1975,86
 81,76  24,00  1962,36
 81,97  24,00  1967,22
 78,89  25,00  1972,35
 77,94  25,00  1948,59
 78,92  25,00  1972,89
 78,18  25,00  1954,53
 78,26  25,00  1956,42
 77,31  25,00  1932,66
 78,48  25,00  1962,09
 78,51  25,00  1962,63
 78,35  25,00  1958,85
 77,53  25,00  1938,33
 79,19  25,00  1979,64
 77,71  25,00  1942,65
 78,42  25,00  1960,47
 78,28  25,00  1956,96
 78,42  25,00  1960,47
 78,70  25,00  1967,49
 77,97  25,00  1949,13
 78,35  25,00  1958,85
 78,29  25,00  1957,23
 77,82  25,00  1945,62
 78,28  25,00  1956,96
 78,51  25,00  1962,63
 77,36  25,00  1934,01
 77,97  25,00  1949,13
 78,18  25,00  1954,53
 77,06  25,00  1926,45
 78,44  25,00  1961,01
 78,32  25,00  1958,04
 77,45  25,00  1936,17
 78,25  25,00  1956,15
 77,05  25,00  1926,18
 78,57  25,00  1964,25
 78,26  25,00  1956,42
 77,92  25,00  1948,05
 77,43  25,00  1935,63
 77,26  25,00  1931,58
 78,17  25,00  1954,26
 77,81  25,00  1945,35
 79,16  25,00  1979,10
 77,73  25,00  1943,19
 77,01  25,00  1925,37
 74,40  26,00  1934,28
 74,78  26,00  1944,27
 73,19  26,00  1902,96
 73,67  26,00  1915,38
 74,29  26,00  1931,58
 74,44  26,00  1935,36
 74,42  26,00  1934,82
 74,50  26,00  1936,98
 73,95  26,00  1922,67
 73,01  26,00  1898,37
 74,24  26,00  1930,23
 74,71  26,00  1942,38
 74,47  26,00  1936,17
 73,49  26,00  1910,79
 73,20  26,00  1903,23
 74,08  26,00  1926,18
 73,92  26,00  1921,86
 73,45  26,00  1909,71
 74,20  26,00  1929,15
 73,12  26,00  1901,07
 74,60  26,00  1939,68
 73,97  26,00  1923,21
 74,13  26,00  1927,26
 74,27  26,00  1931,04
 73,83  26,00  1919,70
 73,91  26,00  1921,59
 74,19  26,00  1928,88
 75,14  26,00  1953,72
 73,77  26,00  1918,08
 73,84  26,00  1919,97
 73,46  26,00  1909,98
 73,82  26,00  1919,43
 74,45  26,00  1935,63
 73,99  26,00  1923,75
 74,28  26,00  1931,31
 75,09  26,00  1952,37
 74,18  26,00  1928,61
 73,74  26,00  1917,27
 74,47  26,00  1936,17
 74,21  26,00  1929,42
 74,49  26,00  1936,71
 70,44  27,00  1901,88
 69,84  27,00  1885,68
 69,66  27,00  1880,82
 70,33  27,00  1898,91
 70,89  27,00  1914,03
 70,45  27,00  1902,15
 70,50  27,00  1903,50
 70,44  27,00  1901,88
 70,49  27,00  1903,23
 69,87  27,00  1886,49
 70,48  27,00  1902,96
 70,91  27,00  1914,57
 69,92  27,00  1887,84
 70,80  27,00  1911,60
 70,57  27,00  1905,39
 71,04  27,00  1918,08
 69,76  27,00  1883,52
 70,68  27,00  1908,36
 70,30  27,00  1898,10
 68,97  27,00  1862,19
 71,77  27,00  1937,79
 70,59  27,00  1905,93
 69,48  27,00  1875,96
 70,99  27,00  1916,73
 71,07  27,00  1918,89
 69,98  27,00  1889,46
 70,77  27,00  1910,79
 70,28  27,00  1897,56
 70,87  27,00  1913,49
 70,44  27,00  1901,88
 70,42  27,00  1901,34
 69,90  27,00  1887,30
 70,16  27,00  1894,32
 70,94  27,00  1915,38
 70,57  27,00  1905,39
 70,04  27,00  1891,08
 69,68  27,00  1881,36
 70,67  27,00  1908,09
 70,39  27,00  1900,53
 70,86  27,00  1913,22
 70,26  27,00  1897,02
 66,79  28,00  1870,02
 67,28  28,00  1883,79
 67,40  28,00  1887,30
 67,08  28,00  1878,12
 66,29  28,00  1856,25
 66,71  28,00  1867,86
 66,55  28,00  1863,54
 67,37  28,00  1886,49
 66,59  28,00  1864,62
 67,02  28,00  1876,50
 66,65  28,00  1866,24
 66,99  28,00  1875,69
 67,21  28,00  1881,90
 66,63  28,00  1865,70
 67,34  28,00  1885,41
 67,65  28,00  1894,32
 68,10  28,00  1906,74
 67,15  28,00  1880,28
 66,62  28,00  1865,43
 66,83  28,00  1871,37
 67,58  28,00  1892,16
 66,68  28,00  1867,05
 66,46  28,00  1860,84
 67,11  28,00  1879,20
 67,02  28,00  1876,50
 67,33  28,00  1885,14
 66,53  28,00  1862,73
 66,21  28,00  1853,82
 67,09  28,00  1878,39
 66,77  28,00  1869,48
 66,49  28,00  1861,65
 67,38  28,00  1886,76
 67,37  28,00  1886,49
 66,95  28,00  1874,61
 66,14  28,00  1851,93
 67,58  28,00  1892,16
 67,03  28,00  1876,77
 66,27  28,00  1855,44
 66,82  28,00  1870,83
 66,32  28,00  1857,06
 67,12  28,00  1879,47
 63,99  29,00  1855,71
 64,23  29,00  1862,73
 63,69  29,00  1847,07
 62,62  29,00  1816,02
 64,06  29,00  1857,87
 63,89  29,00  1852,74
 63,37  29,00  1837,62
 63,75  29,00  1848,69
 63,15  29,00  1831,41
 63,63  29,00  1845,18
 63,41  29,00  1838,97
 63,18  29,00  1832,22
 63,43  29,00  1839,51
 64,31  29,00  1864,89
 63,92  29,00  1853,82
 63,29  29,00  1835,46
 63,85  29,00  1851,66
 63,74  29,00  1848,42
 63,52  29,00  1841,94
 64,04  29,00  1857,06
 64,18  29,00  1861,11
 64,06  29,00  1857,60
 64,20  29,00  1861,92
 64,48  29,00  1870,02
 63,38  29,00  1837,89
 63,97  29,00  1855,17
 63,99  29,00  1855,71
 62,62  29,00  1816,02
 63,57  29,00  1843,56
 63,92  29,00  1853,82
 63,93  29,00  1854,09
 63,64  29,00  1845,45
 64,09  29,00  1858,68
 62,84  29,00  1822,23
 63,26  29,00  1834,65
 63,81  29,00  1850,58
 63,89  29,00  1852,74
 63,43  29,00  1839,51
 62,64  29,00  1816,56
 63,53  29,00  1842,48
 64,00  29,00  1855,98
 60,89  30,00  1826,82
 60,42  30,00  1812,51
 60,97  30,00  1828,98
 60,88  30,00  1826,55
 60,55  30,00  1816,56
 60,50  30,00  1814,94
 61,10  30,00  1833,03
 60,46  30,00  1813,86
 61,15  30,00  1834,65
 60,24  30,00  1807,11
 61,17  30,00  1835,19
 60,78  30,00  1823,31
 60,05  30,00  1801,44
 60,40  30,00  1811,97
 60,71  30,00  1821,42
 60,47  30,00  1814,13
 60,61  30,00  1818,18
 60,56  30,00  1816,83
 61,27  30,00  1838,16
 60,94  30,00  1828,17
 60,07  30,00  1802,25
 60,64  30,00  1819,26
 60,84  30,00  1825,20
 60,96  30,00  1828,71
 60,70  30,00  1820,88
 60,85  30,00  1825,47
 60,84  30,00  1825,20
 61,09  30,00  1832,76
 60,97  30,00  1829,25
 60,68  30,00  1820,34
 60,25  30,00  1807,65
 60,23  30,00  1806,84
 61,14  30,00  1834,11
 60,64  30,00  1819,26
 60,68  30,00  1820,34
 60,99  30,00  1829,79
 61,35  30,00  1840,59
 59,78  30,00  1793,34
 61,03  30,00  1830,87
 60,52  30,00  1815,75
 60,74  30,00  1822,23
 58,62  31,00  1817,10
 57,91  31,00  1795,23
 57,66  31,00  1787,40
 56,79  31,00  1760,40
 58,24  31,00  1805,49
 58,38  31,00  1809,81
 58,35  31,00  1808,73
 57,34  31,00  1777,41
 57,90  31,00  1794,96
 58,29  31,00  1806,84
 57,68  31,00  1788,21
 58,37  31,00  1809,54
 57,54  31,00  1783,62
 58,14  31,00  1802,25
 57,57  31,00  1784,70
 57,87  31,00  1793,88
 57,31  31,00  1776,60
 58,15  31,00  1802,52
 58,66  31,00  1818,45
 58,42  31,00  1810,89
 58,22  31,00  1804,95
 58,23  31,00  1805,22
 58,31  31,00  1807,65
 58,33  31,00  1808,19
 58,04  31,00  1799,28
 58,08  31,00  1800,63
 57,96  31,00  1796,85
 57,79  31,00  1791,45
 57,55  31,00  1784,16
 57,48  31,00  1782,00
 58,42  31,00  1810,89
 57,45  31,00  1780,92
 58,04  31,00  1799,28
 58,13  31,00  1801,98
 58,45  31,00  1811,97
 57,26  31,00  1774,98
 58,34  31,00  1808,46
 58,01  31,00  1798,20
 58,08  31,00  1800,36
 58,43  31,00  1811,43
 57,79  31,00  1791,45
 55,41  32,00  1773,09
 55,54  32,00  1777,41
 55,38  32,00  1772,28
 55,10  32,00  1763,10
 55,78  32,00  1784,97
 55,31  32,00  1769,85
 55,01  32,00  1760,40
 55,35  32,00  1771,20
 55,36  32,00  1771,47
 55,54  32,00  1777,41
 55,23  32,00  1767,42
 55,38  32,00  1772,01
 54,85  32,00  1755,27
 55,22  32,00  1767,15
 55,88  32,00  1788,21
 55,17  32,00  1765,53
 54,39  32,00  1740,42
 55,51  32,00  1776,33
 55,64  32,00  1780,38
 55,98  32,00  1791,45
 55,35  32,00  1771,20
 55,70  32,00  1782,54
 55,10  32,00  1763,10
 55,49  32,00  1775,79
 55,65  32,00  1780,92
 56,45  32,00  1806,30
 54,80  32,00  1753,65
 55,66  32,00  1781,19
 55,72  32,00  1783,08
 55,48  32,00  1775,25
 56,01  32,00  1792,26
 55,93  32,00  1789,83
 55,28  32,00  1769,04
 54,83  32,00  1754,46
 55,36  32,00  1771,47
 55,80  32,00  1785,51
 55,16  32,00  1764,99
 55,31  32,00  1769,85
 55,22  32,00  1767,15
 55,95  32,00  1790,37
 55,59  32,00  1778,76
 53,19  33,00  1755,27
 52,54  33,00  1733,94
 52,91  33,00  1746,09
 52,73  33,00  1740,15
 52,69  33,00  1738,80
 53,02  33,00  1749,60
 53,10  33,00  1752,30
 53,41  33,00  1762,56
 52,26  33,00  1724,49
 52,46  33,00  1731,24
 52,80  33,00  1742,31
 53,07  33,00  1751,22
 53,03  33,00  1750,14
 52,67  33,00  1737,99
 52,34  33,00  1727,19
 53,28  33,00  1758,24
 53,23  33,00  1756,62
 52,34  33,00  1727,19
 52,87  33,00  1744,74
 52,82  33,00  1743,12
 52,48  33,00  1731,78
 52,87  33,00  1744,74
 53,06  33,00  1750,95
 53,01  33,00  1749,33
 52,33  33,00  1726,92
 53,13  33,00  1753,38
 52,62  33,00  1736,37
 53,06  33,00  1750,95
 52,27  33,00  1724,76
 52,50  33,00  1732,59
 52,79  33,00  1742,04
 53,00  33,00  1749,06
 53,34  33,00  1760,13
 53,45  33,00  1763,91
 53,09  33,00  1752,03
 53,19  33,00  1755,27
 52,58  33,00  1735,02
 52,67  33,00  1737,99
 52,90  33,00  1745,55
 53,19  33,00  1755,27
 53,64  33,00  1770,12
 51,31  34,00  1744,47
 50,59  34,00  1719,90
 51,21  34,00  1741,23
 50,88  34,00  1729,89
 50,64  34,00  1721,79
 51,06  34,00  1736,10
 50,82  34,00  1728,00
 50,13  34,00  1704,51
 50,51  34,00  1717,47
 50,41  34,00  1713,96
 50,27  34,00  1709,10
 50,17  34,00  1705,86
 50,15  34,00  1705,05
 50,45  34,00  1715,31
 50,47  34,00  1715,85
 50,86  34,00  1729,35
 50,47  34,00  1716,12
 50,78  34,00  1726,38
 50,89  34,00  1730,16
 50,46  34,00  1715,58
 49,58  34,00  1685,88
 50,53  34,00  1718,01
 50,67  34,00  1722,87
 50,26  34,00  1708,83
 50,87  34,00  1729,62
 50,47  34,00  1715,85
 50,59  34,00  1719,90
 50,68  34,00  1723,14
 50,30  34,00  1710,18
 50,93  34,00  1731,78
 50,43  34,00  1714,50
 50,67  34,00  1722,87
 50,97  34,00  1732,86
 51,15  34,00  1739,07
 50,58  34,00  1719,63
 50,66  34,00  1722,33
 50,11  34,00  1703,70
 51,29  34,00  1743,93
 50,15  34,00  1705,05
 50,41  34,00  1713,96
 50,77  34,00  1726,11
 48,21  35,00  1687,50
 48,27  35,00  1689,39
 48,35  35,00  1692,09
 48,71  35,00  1704,78
 47,95  35,00  1678,32
 48,45  35,00  1695,60
 48,73  35,00  1705,59
 48,38  35,00  1693,17
 48,20  35,00  1686,96
 48,48  35,00  1696,68
 49,09  35,00  1718,01
 48,45  35,00  1695,60
 48,56  35,00  1699,65
 48,69  35,00  1704,24
 48,78  35,00  1707,21
 48,35  35,00  1692,36
 48,53  35,00  1698,57
 47,87  35,00  1675,62
 48,44  35,00  1695,33
 48,15  35,00  1685,34
 47,98  35,00  1679,13
 48,33  35,00  1691,55
 48,63  35,00  1702,08
 48,06  35,00  1682,10
 48,68  35,00  1703,97
 48,75  35,00  1706,40
 48,01  35,00  1680,48
 48,75  35,00  1706,13
 48,34  35,00  1691,82
 48,51  35,00  1697,76
 48,47  35,00  1696,41
 48,97  35,00  1713,96
 48,85  35,00  1709,91
 48,08  35,00  1682,64
 48,88  35,00  1710,72
 48,67  35,00  1703,43
 48,37  35,00  1692,90
 48,83  35,00  1709,10
 48,70  35,00  1704,51
 48,56  35,00  1699,65
 48,38  35,00  1693,44
 46,33  36,00  1668,06
 46,50  36,00  1674,00
 46,11  36,00  1659,96
 46,26  36,00  1665,36
 45,79  36,00  1648,35
 46,07  36,00  1658,61
 46,30  36,00  1666,71
 46,77  36,00  1683,72
 46,73  36,00  1682,37
 46,63  36,00  1678,86
 46,56  36,00  1676,16
 46,24  36,00  1664,82
 46,52  36,00  1674,81
 46,14  36,00  1661,04
 46,19  36,00  1662,93
 46,36  36,00  1668,87
 46,36  36,00  1668,87
 46,51  36,00  1674,54
 46,78  36,00  1684,26
 46,72  36,00  1682,10
 46,94  36,00  1689,93
 46,91  36,00  1688,85
 46,28  36,00  1666,17
 46,20  36,00  1663,20
 46,72  36,00  1681,83
 46,42  36,00  1671,03
 46,55  36,00  1675,89
 46,30  36,00  1666,98
 46,33  36,00  1668,06
 46,52  36,00  1674,81
 46,47  36,00  1672,92
 46,72  36,00  1681,83
 46,30  36,00  1666,98
 46,25  36,00  1665,09
 46,84  36,00  1686,15
 46,15  36,00  1661,31
 46,76  36,00  1683,45
 46,51  36,00  1674,54
 46,09  36,00  1659,42
 46,30  36,00  1666,71
 46,37  36,00  1669,41
 44,21  37,00  1635,66
 44,32  37,00  1639,98
 44,62  37,00  1650,78
 44,67  37,00  1652,94
 44,03  37,00  1629,18
 44,75  37,00  1655,91
 43,98  37,00  1627,29
 44,47  37,00  1645,38
 44,30  37,00  1639,17
 44,91  37,00  1661,85
 44,19  37,00  1634,85
 44,21  37,00  1635,66
 44,76  37,00  1656,18
 44,42  37,00  1643,49
 44,28  37,00  1638,36
 44,24  37,00  1636,74
 43,70  37,00  1616,76
 44,22  37,00  1636,20
 44,43  37,00  1643,76
 44,44  37,00  1644,30
 44,04  37,00  1629,45
 44,62  37,00  1650,78
 44,69  37,00  1653,48
 44,86  37,00  1659,69
 44,54  37,00  1648,08
 44,53  37,00  1647,54
 44,58  37,00  1649,43
 44,45  37,00  1644,57
 44,35  37,00  1641,06
 44,27  37,00  1637,82
 44,20  37,00  1635,39
 44,21  37,00  1635,93
 44,83  37,00  1658,88
 44,82  37,00  1658,34
 44,54  37,00  1648,08
 44,99  37,00  1664,55
 44,40  37,00  1642,68
 44,41  37,00  1643,22
 44,13  37,00  1632,96
 44,90  37,00  1661,31
 44,18  37,00  1634,58
 42,50  38,00  1615,14
 42,50  38,00  1615,14
 42,65  38,00  1620,54
 42,52  38,00  1615,68
 42,46  38,00  1613,52
 42,93  38,00  1631,34
 42,45  38,00  1613,25
 42,55  38,00  1617,03
 43,00  38,00  1634,04
 42,67  38,00  1621,62
 42,99  38,00  1633,50
 42,48  38,00  1614,06
 42,36  38,00  1609,74
 42,48  38,00  1614,06
 42,31  38,00  1607,85
 43,14  38,00  1639,44
 42,42  38,00  1611,90
 42,65  38,00  1620,81
 42,37  38,00  1610,01
 42,85  38,00  1628,37
 42,19  38,00  1603,26
 42,70  38,00  1622,70
 42,57  38,00  1617,84
 42,10  38,00  1599,75
 42,40  38,00  1611,36
 42,35  38,00  1609,20
 43,24  38,00  1643,22
 42,63  38,00  1620,00
 42,74  38,00  1624,05
 42,81  38,00  1626,75
 42,49  38,00  1614,60
 42,79  38,00  1626,21
 42,78  38,00  1625,67
 42,59  38,00  1618,38
 41,89  38,00  1591,65
 43,07  38,00  1636,74
 42,52  38,00  1615,95
 42,16  38,00  1602,18
 42,77  38,00  1625,13
 42,82  38,00  1627,29
 42,40  38,00  1611,09
 40,49  39,00  1579,23
 40,60  39,00  1583,28
 40,89  39,00  1594,89
 40,96  39,00  1597,59
 40,94  39,00  1596,51
 41,10  39,00  1602,99
 41,01  39,00  1599,48
 41,07  39,00  1601,64
 41,01  39,00  1599,48
 41,38  39,00  1613,79
 40,87  39,00  1594,08
 40,67  39,00  1586,25
 40,58  39,00  1582,74
 41,14  39,00  1604,61
 40,76  39,00  1589,49
 40,94  39,00  1596,78
 41,30  39,00  1610,82
 40,86  39,00  1593,54
 41,12  39,00  1603,53
 41,03  39,00  1600,29
 41,28  39,00  1610,01
 41,04  39,00  1600,56
 40,73  39,00  1588,41
 40,90  39,00  1595,16
 41,09  39,00  1602,45
 40,75  39,00  1589,22
 41,25  39,00  1608,93
 40,82  39,00  1591,92
 41,07  39,00  1601,91
 41,21  39,00  1607,04
 41,05  39,00  1601,10
 41,06  39,00  1601,37
 41,03  39,00  1600,29
 40,89  39,00  1594,62
 41,32  39,00  1611,36
 41,24  39,00  1608,39
 40,85  39,00  1593,00
 41,12  39,00  1603,53
 40,71  39,00  1587,60
 41,10  39,00  1602,99
 41,30  39,00  1610,82
 39,31  40,00  1572,21
 39,28  40,00  1571,13
 39,32  40,00  1572,75
 39,44  40,00  1577,61
 39,15  40,00  1566,00
 39,58  40,00  1583,01
 39,06  40,00  1562,22
 39,18  40,00  1567,35
 39,26  40,00  1570,32
 38,62  40,00  1544,67
 39,03  40,00  1561,14
 38,77  40,00  1550,61
 39,56  40,00  1582,47
 39,01  40,00  1560,60
 39,09  40,00  1563,57
 39,16  40,00  1566,54
 39,22  40,00  1568,70
 39,38  40,00  1575,18
 39,12  40,00  1564,65
 39,17  40,00  1566,81
 39,16  40,00  1566,27
 39,20  40,00  1567,89
 39,24  40,00  1569,51
 39,41  40,00  1576,26
 38,62  40,00  1544,94
 39,56  40,00  1582,47
 39,04  40,00  1561,68
 38,88  40,00  1555,20
 38,96  40,00  1558,44
 39,20  40,00  1568,16
 39,51  40,00  1580,31
 38,95  40,00  1558,17
 39,18  40,00  1567,35
 38,80  40,00  1551,96
 38,96  40,00  1558,44
 39,30  40,00  1571,94
 39,44  40,00  1577,61
 39,43  40,00  1577,07
 39,37  40,00  1574,64
 39,29  40,00  1571,67
 38,70  40,00  1547,91
 37,51  41,00  1537,92
 37,22  41,00  1526,04
 37,61  41,00  1541,97
 37,85  41,00  1551,96
 37,40  41,00  1533,33
 37,70  41,00  1545,75
 37,85  41,00  1551,69
 37,71  41,00  1546,29
 37,81  41,00  1550,34
 37,55  41,00  1539,54
 37,94  41,00  1555,47
 37,78  41,00  1548,99
 37,17  41,00  1523,88
 37,19  41,00  1524,96
 37,77  41,00  1548,45
 37,66  41,00  1543,86
 37,47  41,00  1536,30
 38,02  41,00  1558,98
 37,43  41,00  1534,68
 37,56  41,00  1539,81
 37,60  41,00  1541,43
 37,11  41,00  1521,45
 37,94  41,00  1555,74
 38,27  41,00  1568,97
 37,83  41,00  1550,88
 37,33  41,00  1530,63
 37,74  41,00  1547,37
 37,94  41,00  1555,47
 37,12  41,00  1521,72
 37,10  41,00  1520,91
 37,67  41,00  1544,67
 37,73  41,00  1547,10
 37,72  41,00  1546,56
 37,59  41,00  1541,16
 37,74  41,00  1547,37
 37,54  41,00  1539,27
 37,66  41,00  1543,86
 37,23  41,00  1526,31
 37,23  41,00  1526,58
 37,75  41,00  1547,64
 38,06  41,00  1560,33
 36,10  42,00  1516,32
 36,08  42,00  1515,24
 36,26  42,00  1523,07
 36,04  42,00  1513,89
 35,85  42,00  1505,52
 36,03  42,00  1513,08
 35,95  42,00  1509,84
 36,30  42,00  1524,69
 36,22  42,00  1521,18
 35,92  42,00  1508,76
 36,26  42,00  1523,07
 36,18  42,00  1519,56
 35,85  42,00  1505,52
 35,97  42,00  1510,92
 36,22  42,00  1521,18
 36,44  42,00  1530,63
 36,16  42,00  1518,75
 36,49  42,00  1532,52
 36,58  42,00  1536,57
 35,90  42,00  1507,95
 36,19  42,00  1520,10
 36,08  42,00  1515,24
 36,07  42,00  1514,97
 35,77  42,00  1502,55
 35,99  42,00  1511,73
 36,47  42,00  1531,71
 36,26  42,00  1523,07
 36,10  42,00  1516,05
 36,17  42,00  1519,29
 36,06  42,00  1514,43
 36,04  42,00  1513,62
 36,32  42,00  1525,50
 35,88  42,00  1507,14
 35,56  42,00  1493,64
 36,46  42,00  1531,17
 36,26  42,00  1522,80
 36,01  42,00  1512,54
 35,92  42,00  1508,76
 35,79  42,00  1503,09
 36,37  42,00  1527,39
 36,24  42,00  1522,26
 34,22  43,00  1471,50
 34,89  43,00  1500,39
 34,69  43,00  1491,75
 34,58  43,00  1486,89
 34,52  43,00  1484,19
 34,48  43,00  1482,57
 34,57  43,00  1486,35
 35,07  43,00  1508,22
 34,94  43,00  1502,55
 35,01  43,00  1505,52
 34,87  43,00  1499,31
 34,90  43,00  1500,66
 34,75  43,00  1494,45
 34,37  43,00  1477,98
 34,75  43,00  1494,18
 34,88  43,00  1499,85
 34,74  43,00  1493,64
 34,57  43,00  1486,62
 34,61  43,00  1488,24
 34,87  43,00  1499,58
 34,70  43,00  1492,02
 34,85  43,00  1498,50
 34,99  43,00  1504,71
 34,42  43,00  1479,87
 34,77  43,00  1494,99
 34,30  43,00  1474,74
 34,69  43,00  1491,75
 34,47  43,00  1482,03
 34,99  43,00  1504,44
 34,80  43,00  1496,61
 34,84  43,00  1497,96
 34,80  43,00  1496,61
 34,54  43,00  1485,27
 34,79  43,00  1496,07
 34,75  43,00  1494,45
 34,42  43,00  1480,14
 34,99  43,00  1504,44
 34,77  43,00  1494,99
 34,64  43,00  1489,59
 34,56  43,00  1486,08
 34,87  43,00  1499,31
 33,24  44,00  1462,59
 33,35  44,00  1467,45
 33,27  44,00  1463,67
 33,26  44,00  1463,40
 33,49  44,00  1473,39
 33,50  44,00  1474,20
 33,01  44,00  1452,33
 33,17  44,00  1459,35
 32,92  44,00  1448,55
 33,42  44,00  1470,69
 33,44  44,00  1471,50
 33,26  44,00  1463,40
 33,20  44,00  1460,70
 33,28  44,00  1464,21
 33,39  44,00  1469,34
 33,30  44,00  1465,02
 33,69  44,00  1482,57
 33,23  44,00  1462,32
 33,71  44,00  1483,38
 33,43  44,00  1470,96
 33,45  44,00  1471,77
 33,27  44,00  1463,67
 33,56  44,00  1476,63
 33,06  44,00  1454,76
 33,19  44,00  1460,16
 33,57  44,00  1476,90
 33,50  44,00  1473,93
 33,27  44,00  1463,94
 32,69  44,00  1438,29
 33,41  44,00  1469,88
 33,44  44,00  1471,23
 33,48  44,00  1473,12
 33,44  44,00  1471,23
 33,16  44,00  1459,08
 33,31  44,00  1465,56
 33,07  44,00  1455,03
 33,48  44,00  1473,12
 32,88  44,00  1446,93
 33,20  44,00  1460,97
 33,26  44,00  1463,40
 33,22  44,00  1461,78
 32,11  45,00  1444,77
 32,00  45,00  1439,91
 31,85  45,00  1433,16
 31,78  45,00  1430,19
 31,94  45,00  1437,21
 32,00  45,00  1439,91
 32,26  45,00  1451,79
 32,31  45,00  1453,95
 32,16  45,00  1447,20
 31,74  45,00  1428,30
 31,94  45,00  1437,21
 31,93  45,00  1436,67
 32,17  45,00  1447,47
 31,92  45,00  1436,40
 31,64  45,00  1423,71
 32,23  45,00  1450,44
 32,01  45,00  1440,45
 32,05  45,00  1442,07
 31,93  45,00  1436,67
 31,99  45,00  1439,64
 32,23  45,00  1450,44
 32,39  45,00  1457,46
 31,87  45,00  1434,24
 32,05  45,00  1442,34
 32,23  45,00  1450,17
 32,17  45,00  1447,47
 32,11  45,00  1445,04
 32,01  45,00  1440,45
 32,15  45,00  1446,93
 32,01  45,00  1440,45
 32,23  45,00  1450,17
 32,03  45,00  1441,26
 31,90  45,00  1435,32
 32,03  45,00  1441,53
 32,06  45,00  1442,61
 31,97  45,00  1438,83
 32,11  45,00  1445,04
 32,28  45,00  1452,60
 31,88  45,00  1434,51
 32,25  45,00  1451,25
 32,23  45,00  1450,17
 30,55  46,00  1405,35
 30,99  46,00  1425,33
 30,64  46,00  1409,40
 31,18  46,00  1434,24
 30,65  46,00  1409,94
 30,53  46,00  1404,54
 30,91  46,00  1422,09
 30,64  46,00  1409,40
 30,81  46,00  1417,23
 30,65  46,00  1409,94
 31,04  46,00  1428,03
 30,38  46,00  1397,52
 30,54  46,00  1404,81
 30,97  46,00  1424,52
 30,93  46,00  1422,63
 30,70  46,00  1412,37
 30,82  46,00  1417,77
 30,70  46,00  1412,37
 30,63  46,00  1409,13
 30,59  46,00  1407,24
 30,54  46,00  1404,81
 30,25  46,00  1391,58
 30,86  46,00  1419,39
 31,21  46,00  1435,86
 30,94  46,00  1423,17
 31,07  46,00  1429,38
 30,68  46,00  1411,29
 30,87  46,00  1420,20
 30,49  46,00  1402,38
 30,62  46,00  1408,32
 30,61  46,00  1408,05
 30,54  46,00  1404,81
 31,01  46,00  1426,41
 30,40  46,00  1398,60
 30,82  46,00  1417,50
 30,84  46,00  1418,85
 30,86  46,00  1419,66
 30,96  46,00  1424,25
 30,82  46,00  1417,50
 30,71  46,00  1412,64
 30,55  46,00  1405,35
 29,32  47,00  1378,08
 29,69  47,00  1395,36
 29,42  47,00  1382,94
 29,48  47,00  1385,37
 29,41  47,00  1382,40
 29,52  47,00  1387,26
 29,39  47,00  1381,32
 29,45  47,00  1384,29
 29,39  47,00  1381,32
 29,56  47,00  1389,15
 29,40  47,00  1381,59
 29,56  47,00  1389,42
 29,52  47,00  1387,26
 29,29  47,00  1376,73
 29,71  47,00  1396,44
 29,30  47,00  1377,00
 29,38  47,00  1380,78
 29,60  47,00  1391,04
 29,25  47,00  1374,84
 29,22  47,00  1373,22
 29,41  47,00  1382,13
 29,29  47,00  1376,46
 29,48  47,00  1385,37
 29,61  47,00  1391,58
 29,76  47,00  1398,60
 29,55  47,00  1388,88
 29,47  47,00  1385,10
 29,41  47,00  1382,13
 29,43  47,00  1383,21
 29,40  47,00  1381,59
 29,63  47,00  1392,66
 29,47  47,00  1385,10
 29,82  47,00  1401,57
 29,78  47,00  1399,68
 29,46  47,00  1384,83
 29,55  47,00  1388,88
 29,55  47,00  1388,88
 29,37  47,00  1380,51
 29,73  47,00  1397,52
 29,68  47,00  1394,82
 29,60  47,00  1391,04
 28,64  48,00  1374,57
 28,52  48,00  1369,17
 28,57  48,00  1371,33
 28,42  48,00  1364,31
 28,42  48,00  1364,31
 28,63  48,00  1374,30
 28,28  48,00  1357,29
 28,42  48,00  1364,04
 28,41  48,00  1363,50
 28,61  48,00  1373,22
 28,66  48,00  1375,92
 28,05  48,00  1346,49
 28,39  48,00  1362,69
 28,39  48,00  1362,69
 28,51  48,00  1368,63
 28,60  48,00  1372,95
 28,64  48,00  1374,57
 28,37  48,00  1361,61
 28,33  48,00  1359,72
 28,10  48,00  1348,65
 28,47  48,00  1366,47
 28,23  48,00  1355,13
 28,33  48,00  1359,72
 28,51  48,00  1368,63
 28,55  48,00  1370,52
 28,68  48,00  1376,73
 28,63  48,00  1374,30
 28,50  48,00  1368,09
 28,28  48,00  1357,29
 28,49  48,00  1367,55
 28,14  48,00  1350,81
 28,46  48,00  1365,93
 28,72  48,00  1378,35
 28,28  48,00  1357,29
 28,37  48,00  1361,61
 28,48  48,00  1367,01
 28,55  48,00  1370,52
 28,59  48,00  1372,41
 28,50  48,00  1367,82
 28,38  48,00  1362,42
 28,29  48,00  1358,10
 27,47  49,00  1346,22
 27,40  49,00  1342,44
 26,97  49,00  1321,38
 27,47  49,00  1346,22
 27,03  49,00  1324,62
 27,49  49,00  1347,03
 27,10  49,00  1327,86
 27,35  49,00  1340,01
 27,41  49,00  1343,25
 27,21  49,00  1333,26
 27,39  49,00  1341,90
 27,24  49,00  1334,61
 27,43  49,00  1344,06
 27,21  49,00  1333,26
 27,33  49,00  1338,93
 27,12  49,00  1328,67
 26,87  49,00  1316,79
 27,38  49,00  1341,63
 27,20  49,00  1332,99
 27,45  49,00  1345,14
 27,30  49,00  1337,58
 27,17  49,00  1331,37
 27,42  49,00  1343,79
 27,12  49,00  1328,94
 27,10  49,00  1327,86
 27,17  49,00  1331,37
 27,06  49,00  1325,70
 27,40  49,00  1342,71
 27,23  49,00  1334,34
 27,12  49,00  1328,67
 27,44  49,00  1344,60
 27,26  49,00  1335,96
 27,35  49,00  1340,28
 27,42  49,00  1343,52
 27,21  49,00  1333,26
 27,50  49,00  1347,57
 27,09  49,00  1327,32
 27,18  49,00  1331,91
 27,54  49,00  1349,46
 27,23  49,00  1334,34
 27,31  49,00  1338,39
 26,34  50,00  1317,06
 26,05  50,00  1302,75
 26,14  50,00  1306,80
 26,32  50,00  1315,98
 26,25  50,00  1312,47
 25,89  50,00  1294,38
 26,34  50,00  1317,06
 26,26  50,00  1313,01
 26,50  50,00  1324,89
 26,13  50,00  1306,26
 26,32  50,00  1315,98
 26,34  50,00  1317,06
 26,43  50,00  1321,38
 26,28  50,00  1314,09
 26,23  50,00  1311,39
 26,24  50,00  1311,93
 26,57  50,00  1328,67
 26,14  50,00  1307,07
 26,23  50,00  1311,66
 26,07  50,00  1303,29
 26,28  50,00  1313,82
 26,02  50,00  1301,13
 26,30  50,00  1314,90
 26,09  50,00  1304,37
 26,38  50,00  1319,22
 26,19  50,00  1309,50
 26,17  50,00  1308,42
 26,18  50,00  1308,96
 26,16  50,00  1308,15
 26,05  50,00  1302,48
 26,18  50,00  1309,23
 26,15  50,00  1307,34
 26,23  50,00  1311,66
 26,15  50,00  1307,34
 26,42  50,00  1320,84
 26,57  50,00  1328,67
 26,21  50,00  1310,31
 26,24  50,00  1312,20
 26,15  50,00  1307,61
 26,24  50,00  1312,20
 26,24  50,00  1311,93
 25,34  51,00  1292,49
 25,21  51,00  1285,74
 25,31  51,00  1290,87
 25,34  51,00  1292,49
 25,25  51,00  1287,90
 25,36  51,00  1293,30
 25,04  51,00  1276,83
 25,26  51,00  1288,44
 25,09  51,00  1279,53
 25,10  51,00  1280,07
 25,18  51,00  1284,12
 25,05  51,00  1277,37
 25,12  51,00  1280,88
 25,45  51,00  1298,16
 25,07  51,00  1278,45
 25,32  51,00  1291,14
 25,17  51,00  1283,85
 25,24  51,00  1287,36
 25,04  51,00  1277,10
 25,43  51,00  1297,08
 25,19  51,00  1284,66
 25,42  51,00  1296,27
 25,10  51,00  1280,34
 25,36  51,00  1293,30
 24,88  51,00  1268,73
 25,10  51,00  1280,07
 25,26  51,00  1288,17
 25,13  51,00  1281,42
 25,28  51,00  1289,25
 25,05  51,00  1277,37
 24,88  51,00  1268,73
 25,25  51,00  1287,63
 25,07  51,00  1278,72
 25,46  51,00  1298,43
 25,25  51,00  1287,90
 25,11  51,00  1280,61
 25,43  51,00  1296,81
 25,15  51,00  1282,77
 25,22  51,00  1286,28
 25,52  51,00  1301,40
 25,08  51,00  1279,26
 24,16  52,00  1256,31
 24,18  52,00  1257,39
 24,27  52,00  1262,25
 24,24  52,00  1260,36
 24,23  52,00  1259,82
 24,33  52,00  1265,22
 24,27  52,00  1262,25
 24,21  52,00  1258,74
 24,37  52,00  1267,38
 24,22  52,00  1259,55
 24,34  52,00  1265,49
 24,26  52,00  1261,44
 24,04  52,00  1250,10
 24,29  52,00  1263,33
 24,14  52,00  1255,23
 24,16  52,00  1256,31
 24,18  52,00  1257,39
 24,14  52,00  1255,50
 24,42  52,00  1270,08
 24,39  52,00  1268,46
 24,31  52,00  1264,14
 24,16  52,00  1256,58
 24,31  52,00  1264,14
 24,31  52,00  1263,87
 24,37  52,00  1267,11
 24,21  52,00  1259,01
 24,54  52,00  1276,02
 24,23  52,00  1260,09
 24,19  52,00  1257,93
 24,22  52,00  1259,28
 24,11  52,00  1253,88
 24,02  52,00  1249,02
 24,12  52,00  1254,15
 24,31  52,00  1263,87
 24,19  52,00  1257,93
 24,41  52,00  1269,54
 24,27  52,00  1262,25
 23,98  52,00  1246,86
 24,24  52,00  1260,36
 24,29  52,00  1263,33
 24,11  52,00  1253,88
 23,42  53,00  1241,19
 23,38  53,00  1239,30
 23,21  53,00  1230,39
 23,39  53,00  1239,84
 23,45  53,00  1242,81
 23,33  53,00  1236,33
 23,17  53,00  1228,23
 23,48  53,00  1244,43
 23,32  53,00  1235,79
 23,33  53,00  1236,33
 23,06  53,00  1222,29
 23,23  53,00  1231,20
 23,22  53,00  1230,66
 23,28  53,00  1233,63
 23,23  53,00  1230,93
 23,11  53,00  1224,99
 22,90  53,00  1213,92
 22,84  53,00  1210,41
 23,23  53,00  1231,20
 23,40  53,00  1240,38
 23,17  53,00  1227,96
 23,09  53,00  1223,64
 23,40  53,00  1240,38
 23,35  53,00  1237,68
 23,58  53,00  1249,56
 23,13  53,00  1226,07
 23,55  53,00  1248,21
 23,34  53,00  1237,14
 23,19  53,00  1229,04
 23,46  53,00  1243,62
 23,31  53,00  1235,52
 23,22  53,00  1230,66
 23,26  53,00  1232,55
 23,32  53,00  1236,06
 23,23  53,00  1230,93
 23,14  53,00  1226,61
 23,24  53,00  1231,74
 23,19  53,00  1229,04
 23,45  53,00  1243,08
 23,29  53,00  1234,17
 23,24  53,00  1231,74
 22,39  54,00  1209,33
 22,11  54,00  1194,21
 22,35  54,00  1206,90
 22,07  54,00  1191,78
 22,43  54,00  1211,22
 22,42  54,00  1210,95
 22,33  54,00  1205,82
 22,48  54,00  1213,92
 22,21  54,00  1199,61
 22,43  54,00  1211,49
 22,55  54,00  1217,70
 22,47  54,00  1213,65
 22,59  54,00  1219,86
 22,57  54,00  1219,05
 22,29  54,00  1203,93
 22,22  54,00  1200,15
 22,53  54,00  1216,62
 22,28  54,00  1203,39
 22,30  54,00  1204,20
 22,31  54,00  1205,01
 22,53  54,00  1216,62
 22,48  54,00  1214,19
 22,36  54,00  1207,44
 22,30  54,00  1204,47
 22,47  54,00  1213,38
 22,22  54,00  1199,88
 22,37  54,00  1208,25
 22,38  54,00  1208,52
 22,13  54,00  1195,29
 22,53  54,00  1216,89
 22,33  54,00  1206,09
 22,37  54,00  1207,98
 22,44  54,00  1212,03
 22,45  54,00  1212,30
 22,39  54,00  1209,33
 22,38  54,00  1208,52
 22,47  54,00  1213,65
 22,46  54,00  1213,11
 22,39  54,00  1209,33
 22,44  54,00  1211,76
 22,49  54,00  1214,46
 21,66  55,00  1191,51
 21,48  55,00  1181,25
 21,42  55,00  1178,28
 21,58  55,00  1186,65
 21,48  55,00  1181,25
 21,65  55,00  1190,97
 21,62  55,00  1189,35
 21,47  55,00  1180,71
 21,43  55,00  1178,82
 21,61  55,00  1188,81
 21,50  55,00  1182,60
 21,56  55,00  1185,57
 21,65  55,00  1190,70
 21,53  55,00  1184,22
 21,68  55,00  1192,32
 21,31  55,00  1172,07
 21,35  55,00  1174,50
 21,44  55,00  1179,09
 21,46  55,00  1180,44
 21,73  55,00  1195,02
 21,51  55,00  1183,14
 21,33  55,00  1173,42
 21,44  55,00  1179,36
 21,49  55,00  1181,79
 21,48  55,00  1181,25
 21,72  55,00  1194,75
 21,63  55,00  1189,62
 21,56  55,00  1185,57
 21,57  55,00  1186,11
 21,44  55,00  1179,09
 21,55  55,00  1185,03
 21,48  55,00  1181,25
 21,59  55,00  1187,19
 21,26  55,00  1169,10
 21,55  55,00  1185,30
 21,51  55,00  1183,14
 21,53  55,00  1183,95
 21,36  55,00  1174,77
 21,48  55,00  1181,52
 21,41  55,00  1177,47
 21,47  55,00  1180,98
 20,66  56,00  1157,22
 20,73  56,00  1160,73
 20,67  56,00  1157,76
 20,93  56,00  1172,07
 20,51  56,00  1148,31
 20,32  56,00  1138,05
 20,67  56,00  1157,76
 20,66  56,00  1156,95
 20,65  56,00  1156,68
 20,68  56,00  1158,03
 20,69  56,00  1158,57
 20,54  56,00  1150,20
 20,44  56,00  1144,53
 20,62  56,00  1154,79
 20,55  56,00  1150,74
 20,82  56,00  1166,13
 20,65  56,00  1156,14
 20,66  56,00  1157,22
 20,27  56,00  1135,35
 20,52  56,00  1148,85
 20,76  56,00  1162,35
 20,65  56,00  1156,41
 20,69  56,00  1158,84
 20,72  56,00  1160,19
 20,57  56,00  1151,82
 20,85  56,00  1167,75
 20,70  56,00  1159,11
 20,95  56,00  1173,15
 20,70  56,00  1159,11
 20,66  56,00  1157,22
 20,60  56,00  1153,44
 20,62  56,00  1154,79
 20,62  56,00  1154,79
 20,77  56,00  1163,16
 20,54  56,00  1150,20
 20,76  56,00  1162,62
 20,81  56,00  1165,32
 20,58  56,00  1152,36
 20,51  56,00  1148,58
 20,77  56,00  1163,16
 20,71  56,00  1159,65
 19,54  57,00  1114,02
 19,83  57,00  1130,22
 19,79  57,00  1127,79
 19,72  57,00  1124,01
 19,62  57,00  1118,07
 19,76  57,00  1126,44
 19,91  57,00  1135,08
 19,84  57,00  1131,03
 19,75  57,00  1125,63
 19,83  57,00  1130,49
 19,77  57,00  1126,71
 19,70  57,00  1122,66
 19,88  57,00  1132,92
 19,78  57,00  1127,52
 19,92  57,00  1135,62
 19,68  57,00  1121,58
 19,85  57,00  1131,57
 19,74  57,00  1125,09
 19,81  57,00  1129,14
 20,03  57,00  1141,83
 19,54  57,00  1113,75
 19,80  57,00  1128,87
 19,69  57,00  1122,39
 19,84  57,00  1130,76
 19,67  57,00  1121,31
 19,65  57,00  1119,96
 19,46  57,00  1109,16
 19,90  57,00  1134,27
 19,89  57,00  1133,73
 19,87  57,00  1132,65
 19,84  57,00  1130,76
 19,70  57,00  1122,93
 19,80  57,00  1128,87
 19,83  57,00  1130,49
 19,86  57,00  1132,11
 19,82  57,00  1129,68
 19,77  57,00  1126,98
 19,65  57,00  1119,96
 19,66  57,00  1120,50
 19,93  57,00  1135,89
 19,69  57,00  1122,12
 19,16  58,00  1111,32
 19,04  58,00  1104,57
 19,02  58,00  1102,95
 19,08  58,00  1106,46
 19,02  58,00  1103,22
 19,17  58,00  1112,13
 19,07  58,00  1105,92
 19,15  58,00  1110,51
 19,13  58,00  1109,70
 19,01  58,00  1102,68
 19,16  58,00  1111,32
 19,00  58,00  1102,14
 18,99  58,00  1101,33
 18,82  58,00  1091,61
 19,13  58,00  1109,43
 19,18  58,00  1112,67
 18,91  58,00  1096,74
 19,18  58,00  1112,67
 18,99  58,00  1101,60
 18,98  58,00  1101,06
 18,85  58,00  1093,23
 19,11  58,00  1108,35
 18,89  58,00  1095,66
 19,23  58,00  1115,10
 19,02  58,00  1102,95
 19,11  58,00  1108,62
 19,11  58,00  1108,35
 19,10  58,00  1107,54
 19,09  58,00  1107,00
 19,22  58,00  1114,56
 19,22  58,00  1114,56
 19,30  58,00  1119,42
 19,15  58,00  1110,51
 18,94  58,00  1098,63
 18,95  58,00  1099,17
 18,95  58,00  1098,90
 19,16  58,00  1111,32
 19,09  58,00  1107,27
 19,07  58,00  1106,19
 18,98  58,00  1101,06
 19,01  58,00  1102,41
 18,34  59,00  1082,16
 18,30  59,00  1079,46
 17,92  59,00  1057,32
 18,43  59,00  1087,29
 18,13  59,00  1069,47
 18,34  59,00  1081,89
 18,15  59,00  1070,82
 18,23  59,00  1075,68
 18,09  59,00  1067,58
 18,32  59,00  1080,81
 18,28  59,00  1078,38
 18,20  59,00  1074,06
 18,36  59,00  1082,97
 18,29  59,00  1078,92
 18,33  59,00  1081,62
 18,37  59,00  1084,05
 18,17  59,00  1072,17
 18,21  59,00  1074,60
 18,26  59,00  1077,30
 18,14  59,00  1070,01
 18,30  59,00  1079,73
 18,48  59,00  1090,26
 18,18  59,00  1072,71
 18,35  59,00  1082,70
 18,38  59,00  1084,59
 18,32  59,00  1080,81
 18,04  59,00  1064,07
 18,17  59,00  1072,17
 18,35  59,00  1082,43
 18,21  59,00  1074,33
 18,19  59,00  1072,98
 18,36  59,00  1082,97
 18,36  59,00  1083,24
 18,37  59,00  1084,05
 18,03  59,00  1063,80
 18,21  59,00  1074,33
 18,23  59,00  1075,41
 18,37  59,00  1083,78
 18,00  59,00  1062,18
 18,25  59,00  1077,03
 18,24  59,00  1075,95
 17,53  60,00  1051,65
 17,56  60,00  1053,54
 17,58  60,00  1054,62
 17,60  60,00  1055,97
 17,45  60,00  1047,06
 17,55  60,00  1053,27
 17,56  60,00  1053,54
 17,69  60,00  1061,37
 17,60  60,00  1056,24
 17,59  60,00  1055,43
 17,61  60,00  1056,51
 17,67  60,00  1060,02
 17,66  60,00  1059,48
 17,62  60,00  1057,05
 17,45  60,00  1046,79
 17,46  60,00  1047,60
 17,53  60,00  1051,65
 17,58  60,00  1054,62
 17,57  60,00  1054,08
 17,58  60,00  1054,62
 17,55  60,00  1052,73
 17,55  60,00  1052,73
 17,57  60,00  1054,08
 17,48  60,00  1048,68
 17,60  60,00  1055,97
 17,52  60,00  1051,38
 17,46  60,00  1047,60
 17,53  60,00  1051,65
 17,58  60,00  1054,62
 17,41  60,00  1044,63
 17,46  60,00  1047,33
 17,56  60,00  1053,81
 17,46  60,00  1047,60
 17,40  60,00  1043,82
 17,60  60,00  1055,97
 17,50  60,00  1050,30
 17,47  60,00  1048,41
 17,42  60,00  1045,44
 17,59  60,00  1055,70
 17,70  60,00  1062,18
 17,37  60,00  1042,47
 16,78  61,00  1023,30
 16,97  61,00  1035,45
 16,94  61,00  1033,56
 16,83  61,00  1026,54
 16,88  61,00  1029,51
 16,72  61,00  1019,79
 16,77  61,00  1022,76
 16,87  61,00  1029,24
 16,75  61,00  1021,95
 16,93  61,00  1032,75
 16,86  61,00  1028,16
 16,91  61,00  1031,67
 17,00  61,00  1036,80
 16,97  61,00  1035,18
 16,75  61,00  1021,95
 16,81  61,00  1025,19
 16,83  61,00  1026,54
 16,86  61,00  1028,43
 16,88  61,00  1029,51
 16,80  61,00  1024,92
 16,88  61,00  1029,78
 16,70  61,00  1018,98
 16,76  61,00  1022,49
 16,74  61,00  1020,87
 16,97  61,00  1034,91
 16,82  61,00  1025,73
 16,82  61,00  1026,00
 16,80  61,00  1024,65
 16,73  61,00  1020,33
 16,85  61,00  1027,89
 16,79  61,00  1024,11
 16,87  61,00  1029,24
 16,92  61,00  1031,94
 16,82  61,00  1026,00
 16,80  61,00  1024,65
 16,89  61,00  1030,32
 16,80  61,00  1024,65
 16,83  61,00  1026,81
 16,82  61,00  1026,00
 16,80  61,00  1024,92
 16,47  61,00  1004,94
 16,19  62,00  1003,59
 16,05  62,00   995,22
 16,14  62,00  1000,62
 16,17  62,00  1002,78
 16,20  62,00  1004,67
 16,01  62,00   992,52
 16,12  62,00   999,27
 16,09  62,00   997,65
 16,16  62,00  1001,70
 16,15  62,00  1001,16
 16,24  62,00  1006,83
 16,13  62,00  1000,35
 16,14  62,00  1000,62
 16,16  62,00  1001,70
 16,11  62,00   999,00
 16,24  62,00  1007,10
 16,22  62,00  1005,48
 16,07  62,00   996,30
 16,02  62,00   993,06
 16,19  62,00  1003,59
 16,10  62,00   998,19
 16,23  62,00  1006,56
 16,02  62,00   993,33
 16,13  62,00  1000,35
 16,14  62,00  1000,62
 16,02  62,00   993,06
 16,20  62,00  1004,13
 16,20  62,00  1004,40
 16,31  62,00  1011,15
 16,20  62,00  1004,40
 16,20  62,00  1004,13
 16,18  62,00  1003,05
 16,20  62,00  1004,40
 16,14  62,00  1000,89
 15,97  62,00   990,36
 16,01  62,00   992,52
 16,16  62,00  1001,70
 16,07  62,00   996,30
 16,16  62,00  1001,97
 16,02  62,00   993,06
 16,17  62,00  1002,78
 15,47  63,00   974,70
 15,51  63,00   976,86
 15,56  63,00   980,10
 15,48  63,00   974,97
 15,43  63,00   972,00
 15,44  63,00   972,54
 15,57  63,00   980,64
 15,48  63,00   975,51
 15,32  63,00   965,25
 15,53  63,00   978,21
 15,50  63,00   976,59
 15,39  63,00   969,57
 15,46  63,00   974,16
 15,36  63,00   967,68
 15,47  63,00   974,70
 15,60  63,00   982,80
 15,44  63,00   972,54
 15,49  63,00   975,78
 15,63  63,00   984,42
 15,21  63,00   958,50
 15,39  63,00   969,30
 15,48  63,00   975,24
 15,49  63,00   976,05
 15,34  63,00   966,33
 15,27  63,00   962,28
 15,57  63,00   981,18
 15,31  63,00   964,44
 15,40  63,00   970,38
 15,61  63,00   983,34
 15,33  63,00   966,06
 15,54  63,00   979,29
 15,22  63,00   959,04
 15,26  63,00   961,20
 15,56  63,00   980,10
 15,56  63,00   980,10
 15,46  63,00   974,16
 15,38  63,00   968,76
 15,52  63,00   977,67
 15,34  63,00   966,60
 15,45  63,00   973,35
 15,53  63,00   978,48
 14,81  64,00   947,97
 14,93  64,00   955,53
 14,80  64,00   947,43
 14,76  64,00   944,46
 14,93  64,00   955,26
 14,80  64,00   946,89
 14,75  64,00   943,92
 14,88  64,00   952,56
 14,85  64,00   950,67
 14,81  64,00   947,70
 14,66  64,00   938,52
 14,87  64,00   951,48
 14,58  64,00   932,85
 14,80  64,00   947,16
 14,78  64,00   945,81
 14,81  64,00   947,97
 14,76  64,00   944,46
 14,88  64,00   952,29
 14,88  64,00   952,29
 14,80  64,00   947,43
 14,97  64,00   958,23
 14,56  64,00   931,77
 14,89  64,00   952,83
 14,87  64,00   951,48
 14,79  64,00   946,35
 14,89  64,00   952,83
 14,95  64,00   956,61
 14,84  64,00   949,59
 14,84  64,00   949,59
 14,80  64,00   947,43
 14,71  64,00   941,49
 14,82  64,00   948,78
 14,79  64,00   946,62
 14,82  64,00   948,24
 14,62  64,00   935,55
 14,86  64,00   950,94
 14,82  64,00   948,51
 14,84  64,00   949,86
 14,80  64,00   946,89
 14,72  64,00   942,30
 14,80  64,00   946,89
 14,16  65,00   920,16
 14,14  65,00   918,81
 14,24  65,00   925,56
 14,27  65,00   927,45
 14,17  65,00   921,24
 14,36  65,00   933,12
 14,16  65,00   920,43
 14,15  65,00   919,62
 14,29  65,00   928,53
 14,02  65,00   911,52
 14,14  65,00   918,81
 14,11  65,00   916,92
 14,24  65,00   925,29
 14,27  65,00   927,72
 14,10  65,00   916,38
 14,18  65,00   921,51
 14,20  65,00   922,86
 14,22  65,00   924,48
 14,24  65,00   925,29
 14,21  65,00   923,40
 14,11  65,00   916,92
 13,98  65,00   908,82
 14,13  65,00   918,54
 14,29  65,00   928,80
 14,07  65,00   914,76
 14,25  65,00   926,37
 14,13  65,00   918,54
 14,25  65,00   926,37
 14,23  65,00   925,02
 14,14  65,00   918,81
 14,21  65,00   923,40
 14,19  65,00   922,59
 14,28  65,00   927,99
 14,25  65,00   926,37
 14,27  65,00   927,72
 14,16  65,00   920,43
 14,25  65,00   926,10
 14,11  65,00   917,19
 14,20  65,00   922,86
 14,22  65,00   924,21
 14,13  65,00   918,27
 13,65  66,00   900,72
 13,48  66,00   889,38
 13,55  66,00   894,24
 13,40  66,00   884,52
 13,54  66,00   893,97
 13,62  66,00   899,10
 13,48  66,00   889,65
 13,60  66,00   897,48
 13,65  66,00   900,72
 13,58  66,00   896,40
 13,54  66,00   893,97
 13,66  66,00   901,26
 13,46  66,00   888,57
 13,46  66,00   888,57
 13,67  66,00   902,07
 13,61  66,00   898,56
 13,66  66,00   901,53
 13,57  66,00   895,32
 13,66  66,00   901,80
 13,59  66,00   897,21
 13,63  66,00   899,64
 13,54  66,00   893,70
 13,56  66,00   894,78
 13,67  66,00   902,07
 13,58  66,00   896,13
 13,56  66,00   894,78
 13,57  66,00   895,86
 13,55  66,00   894,24
 13,52  66,00   892,62
 13,61  66,00   898,02
 13,43  66,00   886,41
 13,61  66,00   898,02
 13,60  66,00   897,75
 13,61  66,00   898,02
 13,59  66,00   897,21
 13,73  66,00   906,39
 13,45  66,00   887,49
 13,48  66,00   889,65
 13,65  66,00   900,72
 13,52  66,00   892,08
 13,70  66,00   904,50
 13,06  67,00   875,07
 13,07  67,00   875,61
 12,85  67,00   861,03
 12,99  67,00   870,48
 13,06  67,00   875,34
 12,81  67,00   858,06
 12,96  67,00   868,32
 13,05  67,00   874,53
 13,02  67,00   872,64
 13,02  67,00   872,64
 13,02  67,00   872,10
 13,08  67,00   876,42
 13,05  67,00   874,53
 13,03  67,00   872,91
 13,01  67,00   871,56
 12,90  67,00   864,54
 13,07  67,00   875,88
 12,87  67,00   862,11
 13,06  67,00   875,34
 13,00  67,00   871,29
 13,07  67,00   875,61
 13,05  67,00   874,53
 12,93  67,00   866,16
 13,00  67,00   871,29
 12,98  67,00   869,40
 13,04  67,00   873,99
 13,07  67,00   875,61
 12,86  67,00   861,57
 12,94  67,00   867,24
 12,93  67,00   866,43
 12,94  67,00   866,70
 12,93  67,00   866,43
 13,00  67,00   870,75
 12,94  67,00   867,24
 12,80  67,00   857,79
 12,89  67,00   863,73
 13,09  67,00   877,23
 12,87  67,00   862,11
 12,96  67,00   868,59
 12,98  67,00   869,40
 12,99  67,00   870,21
 12,36  68,00   840,78
 12,41  68,00   844,02
 12,44  68,00   846,18
 12,51  68,00   850,50
 12,37  68,00   841,32
 12,39  68,00   842,40
 12,48  68,00   848,34
 12,23  68,00   831,87
 12,40  68,00   842,94
 12,52  68,00   851,58
 12,41  68,00   843,75
 12,36  68,00   840,78
 12,41  68,00   843,75
 12,44  68,00   845,91
 12,34  68,00   839,43
 12,46  68,00   847,26
 12,50  68,00   849,69
 12,52  68,00   851,31
 12,52  68,00   851,58
 12,48  68,00   848,61
 12,52  68,00   851,58
 12,36  68,00   840,51
 12,37  68,00   841,32
 12,42  68,00   844,83
 12,51  68,00   850,50
 12,47  68,00   847,80
 12,40  68,00   842,94
 12,47  68,00   847,80
 12,32  68,00   837,54
 12,52  68,00   851,31
 12,42  68,00   844,83
 12,47  68,00   848,07
 12,43  68,00   845,37
 12,44  68,00   846,18
 12,50  68,00   849,69
 12,42  68,00   844,29
 12,27  68,00   834,57
 12,48  68,00   848,88
 12,34  68,00   838,89
 12,41  68,00   844,02
 12,50  68,00   850,23
 11,85  69,00   817,83
 11,93  69,00   823,23
 11,89  69,00   820,26
 11,97  69,00   826,20
 11,86  69,00   818,64
 11,86  69,00   818,10
 11,93  69,00   823,50
 11,85  69,00   817,56
 11,88  69,00   819,72
 11,90  69,00   821,34
 11,75  69,00   810,81
 11,75  69,00   811,08
 11,82  69,00   815,40
 11,89  69,00   820,53
 11,75  69,00   810,81
 11,87  69,00   819,18
 11,86  69,00   818,10
 11,90  69,00   821,34
 11,78  69,00   812,97
 11,88  69,00   819,72
 11,82  69,00   815,67
 11,83  69,00   816,21
 11,93  69,00   822,96
 11,87  69,00   819,18
 11,90  69,00   820,80
 11,78  69,00   812,70
 11,92  69,00   822,15
 11,90  69,00   820,80
 11,82  69,00   815,67
 11,86  69,00   818,64
 11,91  69,00   821,61
 11,97  69,00   826,20
 11,94  69,00   823,77
 11,91  69,00   821,61
 11,93  69,00   822,96
 11,95  69,00   824,85
 11,79  69,00   813,78
 11,92  69,00   822,42
 11,76  69,00   811,62
 11,83  69,00   816,21
 11,78  69,00   812,97
 11,24  70,00   786,51
 11,29  70,00   790,02
 11,23  70,00   786,24
 11,38  70,00   796,50
 11,41  70,00   798,39
 11,35  70,00   794,61
 11,35  70,00   794,61
 11,27  70,00   788,94
 11,29  70,00   790,56
 11,33  70,00   792,99
 11,32  70,00   792,72
 11,31  70,00   791,91
 11,32  70,00   792,18
 11,26  70,00   787,86
 11,14  70,00   779,76
 11,30  70,00   790,83
 11,31  70,00   791,64
 11,34  70,00   793,53
 11,44  70,00   800,55
 11,28  70,00   789,75
 11,33  70,00   793,26
 11,32  70,00   792,72
 11,29  70,00   790,56
 11,33  70,00   793,26
 11,22  70,00   785,16
 11,30  70,00   790,83
 11,36  70,00   795,42
 11,36  70,00   795,15
 11,34  70,00   793,53
 11,33  70,00   793,26
 11,38  70,00   796,77
 11,27  70,00   788,67
 11,23  70,00   786,24
 11,44  70,00   800,82
 11,28  70,00   789,75
 11,30  70,00   791,10
 11,38  70,00   796,50
 11,25  70,00   787,32
 11,30  70,00   791,10
 11,36  70,00   795,42
 11,31  70,00   791,64
 10,77  71,00   764,91
 10,82  71,00   768,42
 10,85  71,00   770,04
 10,75  71,00   763,56
 10,78  71,00   765,18
 10,80  71,00   766,80
 10,82  71,00   768,42
 10,74  71,00   762,75
 10,83  71,00   768,96
 10,78  71,00   765,72
 10,75  71,00   763,29
 10,78  71,00   765,72
 10,78  71,00   765,45
 10,81  71,00   767,61
 10,70  71,00   760,05
 10,74  71,00   762,75
 10,80  71,00   766,53
 10,69  71,00   758,70
 10,79  71,00   765,99
 10,74  71,00   762,48
 10,76  71,00   764,10
 10,72  71,00   761,13
 10,81  71,00   767,61
 10,79  71,00   765,99
 10,83  71,00   768,96
 10,78  71,00   765,72
 10,71  71,00   760,59
 10,83  71,00   768,69
 10,87  71,00   771,66
 10,77  71,00   764,37
 10,83  71,00   768,96
 10,81  71,00   767,34
 10,78  71,00   765,45
 10,80  71,00   766,53
 10,73  71,00   761,67
 10,89  71,00   773,28
 10,76  71,00   763,83
 10,85  71,00   770,04
 10,82  71,00   768,42
 10,87  71,00   771,93
 10,80  71,00   766,80
 10,11  72,00   727,65
 10,23  72,00   736,29
 10,26  72,00   738,45
 10,05  72,00   723,60
 10,24  72,00   737,64
 10,17  72,00   732,24
 10,25  72,00   737,91
 10,21  72,00   735,21
 10,11  72,00   727,65
 10,18  72,00   732,78
 10,25  72,00   737,91
 10,39  72,00   747,90
 10,21  72,00   735,21
 10,22  72,00   735,75
 10,30  72,00   741,69
 10,27  72,00   739,53
 10,24  72,00   737,64
 10,27  72,00   739,53
 10,11  72,00   728,19
 10,28  72,00   740,07
 10,24  72,00   737,64
 10,32  72,00   743,31
 10,35  72,00   745,20
 10,29  72,00   740,88
 10,29  72,00   740,88
 10,29  72,00   740,61
 10,17  72,00   732,24
 10,16  72,00   731,43
 10,19  72,00   733,59
 10,26  72,00   738,99
 10,24  72,00   737,37
 10,19  72,00   733,59
 10,16  72,00   731,70
 10,30  72,00   741,96
 10,37  72,00   746,82
 10,25  72,00   738,18
 10,10  72,00   727,11
 10,16  72,00   731,43
 10,24  72,00   737,37
 10,29  72,00   740,61
 10,34  72,00   744,39
  9,82  73,00   716,58
  9,68  73,00   706,59
  9,73  73,00   710,64
  9,79  73,00   714,96
  9,84  73,00   718,20
  9,72  73,00   709,83
  9,80  73,00   715,23
  9,80  73,00   715,50
  9,72  73,00   709,56
  9,74  73,00   711,18
  9,72  73,00   709,29
  9,76  73,00   712,80
  9,79  73,00   714,69
  9,73  73,00   710,10
  9,83  73,00   717,66
  9,79  73,00   714,42
  9,78  73,00   713,61
  9,80  73,00   715,50
  9,82  73,00   716,58
  9,70  73,00   707,94
  9,73  73,00   710,64
  9,76  73,00   712,53
  9,83  73,00   717,93
  9,71  73,00   708,75
  9,70  73,00   707,94
  9,71  73,00   708,48
  9,61  73,00   701,19
  9,78  73,00   714,15
  9,80  73,00   715,23
  9,66  73,00   704,97
  9,81  73,00   716,31
  9,87  73,00   720,63
  9,77  73,00   713,34
  9,76  73,00   712,80
  9,76  73,00   712,26
  9,74  73,00   711,18
  9,78  73,00   713,88
  9,82  73,00   717,12
  9,80  73,00   715,50
  9,77  73,00   713,34
  9,85  73,00   719,28
  9,23  74,00   682,83
  9,33  74,00   690,66
  9,10  74,00   673,11
  9,35  74,00   691,74
  9,33  74,00   690,12
  9,25  74,00   684,18
  9,37  74,00   693,63
  9,36  74,00   692,55
  9,10  74,00   673,65
  9,28  74,00   686,88
  9,25  74,00   684,18
  9,26  74,00   684,99
  9,21  74,00   681,21
  9,09  74,00   672,30
  9,17  74,00   678,51
  9,35  74,00   691,74
  9,30  74,00   688,23
  9,17  74,00   678,24
  9,30  74,00   688,23
  9,29  74,00   687,69
  9,22  74,00   682,29
  9,29  74,00   687,15
  9,30  74,00   688,23
  9,20  74,00   680,67
  9,32  74,00   689,85
  9,24  74,00   683,91
  9,27  74,00   685,80
  9,41  74,00   696,33
  9,25  74,00   684,72
  9,29  74,00   687,15
  9,07  74,00   671,49
  9,27  74,00   686,34
  9,25  74,00   684,72
  9,19  74,00   680,13
  9,19  74,00   680,13
  9,31  74,00   689,31
  9,31  74,00   689,04
  9,25  74,00   684,72
  9,19  74,00   679,86
  9,22  74,00   682,29
  9,23  74,00   682,83
  8,86  75,00   664,74
  8,86  75,00   664,74
  8,86  75,00   664,20
  8,66  75,00   649,35
  8,69  75,00   651,78
  8,77  75,00   657,45
  8,83  75,00   662,31
  8,86  75,00   664,47
  8,78  75,00   658,80
  8,80  75,00   660,15
  8,66  75,00   649,62
  8,76  75,00   656,91
  8,82  75,00   661,77
  8,78  75,00   658,53
  8,82  75,00   661,77
  8,81  75,00   660,42
  8,87  75,00   665,01
  8,77  75,00   657,99
  8,81  75,00   660,42
  8,84  75,00   662,85
  8,83  75,00   662,58
  8,76  75,00   656,64
  8,84  75,00   662,85
  8,91  75,00   668,52
  8,81  75,00   660,69
  8,90  75,00   667,71
  8,72  75,00   653,67
  8,78  75,00   658,26
  8,79  75,00   659,61
  8,79  75,00   659,34
  8,80  75,00   659,88
  8,74  75,00   655,56
  8,72  75,00   654,21
  8,79  75,00   659,07
  8,75  75,00   656,10
  8,88  75,00   665,82
  8,77  75,00   657,99
  8,79  75,00   659,61
  8,82  75,00   661,77
  8,79  75,00   659,34
  8,72  75,00   653,67
  8,39  76,00   637,74
  8,20  76,00   623,43
  8,32  76,00   632,07
  8,38  76,00   636,66
  8,32  76,00   632,07
  8,35  76,00   634,77
  8,32  76,00   632,34
  8,33  76,00   633,42
  8,36  76,00   635,04
  8,35  76,00   634,77
  8,26  76,00   628,02
  8,39  76,00   637,74
  8,31  76,00   631,80
  8,36  76,00   635,31
  8,21  76,00   623,70
  8,44  76,00   641,25
  8,34  76,00   633,96
  8,32  76,00   632,61
  8,32  76,00   632,61
  8,38  76,00   636,93
  8,30  76,00   630,72
  8,28  76,00   629,10
  8,42  76,00   640,17
  8,40  76,00   638,55
  8,31  76,00   631,80
  8,35  76,00   634,23
  8,41  76,00   639,09
  8,28  76,00   629,37
  8,38  76,00   636,93
  8,37  76,00   636,12
  8,36  76,00   635,58
  8,22  76,00   625,05
  8,23  76,00   625,86
  8,41  76,00   639,36
  8,35  76,00   634,23
  8,31  76,00   631,26
  8,32  76,00   632,61
  8,43  76,00   640,98
  8,41  76,00   638,82
  8,42  76,00   639,63
  8,37  76,00   636,39
  7,85  77,00   604,53
  7,91  77,00   609,12
  7,94  77,00   611,01
  7,93  77,00   610,74
  7,83  77,00   603,18
  7,82  77,00   602,10
  7,92  77,00   609,66
  7,86  77,00   605,34
  7,88  77,00   606,69
  7,89  77,00   607,77
  7,93  77,00   610,47
  7,98  77,00   614,25
  7,87  77,00   605,88
  7,91  77,00   609,12
  7,93  77,00   610,47
  7,90  77,00   608,04
  7,82  77,00   602,37
  7,90  77,00   608,04
  7,83  77,00   602,64
  7,90  77,00   608,31
  7,78  77,00   598,86
  7,87  77,00   605,88
  7,91  77,00   609,39
  7,89  77,00   607,50
  7,90  77,00   608,31
  7,88  77,00   606,96
  7,97  77,00   613,98
  7,84  77,00   603,72
  7,89  77,00   607,50
  7,85  77,00   604,26
  7,93  77,00   610,74
  7,85  77,00   604,80
  8,01  77,00   616,95
  7,91  77,00   609,39
  7,93  77,00   610,47
  7,90  77,00   608,31
  7,90  77,00   608,58
  7,89  77,00   607,50
  7,96  77,00   612,63
  7,88  77,00   606,42
  7,88  77,00   606,69
  7,47  78,00   582,93
  7,47  78,00   582,93
  7,46  78,00   582,12
  7,45  78,00   581,31
  7,48  78,00   583,20
  7,45  78,00   581,31
  7,45  78,00   581,31
  7,49  78,00   584,55
  7,41  78,00   578,07
  7,49  78,00   584,55
  7,45  78,00   581,31
  7,47  78,00   582,93
  7,51  78,00   586,17
  7,54  78,00   588,33
  7,53  78,00   587,25
  7,41  78,00   577,80
  7,48  78,00   583,74
  7,49  78,00   584,01
  7,37  78,00   574,83
  7,46  78,00   582,12
  7,46  78,00   581,58
  7,51  78,00   586,17
  7,35  78,00   573,21
  7,50  78,00   585,09
  7,48  78,00   583,74
  7,46  78,00   581,58
  7,46  78,00   582,12
  7,50  78,00   585,09
  7,41  78,00   578,34
  7,48  78,00   583,47
  7,43  78,00   579,42
  7,49  78,00   584,01
  7,47  78,00   582,93
  7,36  78,00   574,29
  7,50  78,00   585,09
  7,45  78,00   581,04
  7,44  78,00   580,23
  7,45  78,00   581,04
  7,41  78,00   577,80
  7,48  78,00   583,20
  7,46  78,00   581,58
  7,05  79,00   557,28
  7,02  79,00   554,85
  7,06  79,00   558,09
  7,05  79,00   557,01
  7,06  79,00   557,82
  7,00  79,00   553,23
  6,99  79,00   551,88
  7,04  79,00   556,20
  7,08  79,00   559,17
  6,99  79,00   552,42
  6,96  79,00   549,72
  7,08  79,00   559,44
  7,01  79,00   553,50
  7,01  79,00   554,04
  7,04  79,00   556,20
  7,07  79,00   558,63
  7,10  79,00   560,52
  6,98  79,00   551,61
  7,07  79,00   558,63
  7,00  79,00   552,69
  6,97  79,00   550,26
  7,03  79,00   555,66
  7,05  79,00   557,28
  7,06  79,00   557,82
  7,04  79,00   556,47
  6,98  79,00   551,07
  6,95  79,00   548,91
  7,09  79,00   559,98
  7,08  79,00   559,71
  6,99  79,00   552,15
  7,02  79,00   554,85
  7,05  79,00   557,01
  7,11  79,00   561,33
  7,03  79,00   555,66
  7,07  79,00   558,36
  7,00  79,00   553,23
  7,03  79,00   555,12
  7,03  79,00   555,39
  7,09  79,00   559,98
  7,06  79,00   558,09
  7,07  79,00   558,63
  6,53  80,00   522,72
  6,61  80,00   529,20
  6,63  80,00   530,01
  6,66  80,00   532,71
  6,62  80,00   529,47
  6,61  80,00   528,66
  6,61  80,00   529,20
  6,66  80,00   532,71
  6,67  80,00   533,52
  6,61  80,00   529,20
  6,63  80,00   530,01
  6,59  80,00   527,58
  6,64  80,00   531,09
  6,60  80,00   528,12
  6,56  80,00   525,15
  6,54  80,00   523,26
  6,65  80,00   531,63
  6,67  80,00   533,79
  6,60  80,00   528,12
  6,62  80,00   529,74
  6,54  80,00   523,26
  6,68  80,00   534,60
  6,62  80,00   529,47
  6,63  80,00   530,28
  6,61  80,00   528,93
  6,63  80,00   530,55
  6,64  80,00   531,36
  6,64  80,00   531,09
  6,65  80,00   532,17
  6,66  80,00   532,44
  6,61  80,00   528,66
  6,63  80,00   530,28
  6,61  80,00   529,20
  6,52  80,00   521,91
  6,69  80,00   534,87
  6,62  80,00   529,47
  6,66  80,00   532,71
  6,66  80,00   532,71
  6,68  80,00   534,06
  6,65  80,00   531,63
  6,65  80,00   531,63
  6,21  81,00   503,28
  6,25  81,00   506,52
  6,16  81,00   499,23
  6,26  81,00   506,79
  6,21  81,00   503,28
  6,21  81,00   503,28
  6,19  81,00   501,39
  6,20  81,00   502,20
  6,20  81,00   501,93
  6,24  81,00   505,71
  6,26  81,00   507,33
  6,19  81,00   501,39
  6,24  81,00   505,71
  6,23  81,00   504,36
  6,17  81,00   500,04
  6,18  81,00   500,58
  6,16  81,00   499,23
  6,11  81,00   494,64
  6,21  81,00   502,74
  6,20  81,00   502,47
  6,26  81,00   506,79
  6,19  81,00   501,66
  6,22  81,00   503,55
  6,26  81,00   507,33
  6,26  81,00   507,33
  6,27  81,00   507,60
  6,27  81,00   507,87
  6,25  81,00   505,98
  6,21  81,00   503,28
  6,20  81,00   502,20
  6,24  81,00   505,17
  6,17  81,00   500,04
  6,26  81,00   507,06
  6,25  81,00   506,25
  6,25  81,00   505,98
  6,24  81,00   505,17
  6,16  81,00   499,23
  6,15  81,00   498,42
  6,26  81,00   506,79
  6,23  81,00   504,63
  6,20  81,00   502,20
  5,82  82,00   477,09
  5,85  82,00   479,79
  5,83  82,00   477,90
  5,82  82,00   477,36
  5,88  82,00   481,95
  5,80  82,00   475,20
  5,82  82,00   477,36
  5,86  82,00   480,33
  5,80  82,00   475,47
  5,83  82,00   478,17
  5,76  82,00   472,23
  5,83  82,00   477,90
  5,79  82,00   474,93
  5,88  82,00   481,95
  5,85  82,00   479,79
  5,79  82,00   474,66
  5,80  82,00   475,47
  5,83  82,00   478,17
  5,80  82,00   475,20
  5,89  82,00   483,03
  5,84  82,00   478,71
  5,77  82,00   472,77
  5,80  82,00   475,20
  5,78  82,00   474,12
  5,83  82,00   477,90
  5,74  82,00   470,34
  5,85  82,00   479,52
  5,86  82,00   480,60
  5,84  82,00   478,98
  5,86  82,00   480,33
  5,82  82,00   477,63
  5,87  82,00   481,41
  5,79  82,00   474,66
  5,86  82,00   480,33
  5,85  82,00   480,06
  5,80  82,00   475,74
  5,80  82,00   475,20
  5,81  82,00   476,55
  5,86  82,00   480,33
  5,81  82,00   476,82
  5,79  82,00   474,66
  5,43  83,00   450,63
  5,48  83,00   454,95
  5,49  83,00   455,49
  5,45  83,00   451,98
  5,43  83,00   450,63
  5,45  83,00   452,25
  5,45  83,00   452,25
  5,49  83,00   455,76
  5,45  83,00   452,52
  5,42  83,00   449,55
  5,43  83,00   450,36
  5,49  83,00   455,76
  5,48  83,00   454,95
  5,43  83,00   450,90
  5,45  83,00   452,25
  5,42  83,00   449,82
  5,46  83,00   453,06
  5,44  83,00   451,44
  5,45  83,00   451,98
  5,45  83,00   451,98
  5,48  83,00   454,95
  5,45  83,00   452,52
  5,44  83,00   451,71
  5,48  83,00   454,95
  5,50  83,00   456,57
  5,45  83,00   452,52
  5,49  83,00   455,76
  5,45  83,00   452,52
  5,42  83,00   450,09
  5,45  83,00   452,25
  5,45  83,00   451,98
  5,35  83,00   444,15
  5,42  83,00   450,09
  5,47  83,00   453,87
  5,34  83,00   443,34
  5,44  83,00   451,17
  5,44  83,00   451,17
  5,43  83,00   450,36
  5,40  83,00   447,93
  5,39  83,00   447,66
  5,46  83,00   452,79
  5,01  84,00   420,66
  4,93  84,00   414,45
  5,05  84,00   424,44
  4,98  84,00   418,23
  4,98  84,00   417,96
  5,09  84,00   427,68
  4,95  84,00   416,07
  4,99  84,00   418,77
  5,10  84,00   428,49
  5,00  84,00   420,39
  4,97  84,00   417,15
  5,04  84,00   423,09
  5,00  84,00   419,85
  4,99  84,00   419,31
  5,03  84,00   422,28
  5,06  84,00   425,25
  4,96  84,00   416,34
  5,04  84,00   423,36
  5,01  84,00   420,93
  4,94  84,00   414,99
  4,99  84,00   419,31
  5,01  84,00   421,20
  5,02  84,00   422,01
  4,98  84,00   418,50
  4,92  84,00   413,37
  5,04  84,00   423,09
  5,01  84,00   421,20
  5,03  84,00   422,28
  4,86  84,00   408,24
  5,04  84,00   423,36
  5,01  84,00   421,20
  5,01  84,00   420,66
  4,94  84,00   415,26
  5,08  84,00   426,33
  5,05  84,00   424,17
  4,97  84,00   417,42
  4,97  84,00   417,42
  4,99  84,00   419,31
  5,02  84,00   421,47
  5,00  84,00   419,85
  5,08  84,00   426,60
  4,67  85,00   397,17
  4,60  85,00   391,23
  4,60  85,00   390,69
  4,56  85,00   387,72
  4,53  85,00   384,75
  4,63  85,00   393,39
  4,65  85,00   395,55
  4,55  85,00   386,91
  4,64  85,00   394,74
  4,63  85,00   393,39
  4,74  85,00   402,57
  4,70  85,00   399,33
  4,66  85,00   396,09
  4,68  85,00   397,44
  4,65  85,00   395,28
  4,64  85,00   394,74
  4,60  85,00   390,69
  4,67  85,00   396,63
  4,49  85,00   381,78
  4,68  85,00   397,98
  4,57  85,00   388,26
  4,68  85,00   397,98
  4,50  85,00   382,59
  4,59  85,00   390,42
  4,59  85,00   389,88
  4,60  85,00   390,96
  4,68  85,00   397,71
  4,65  85,00   395,55
  4,62  85,00   392,85
  4,74  85,00   402,84
  4,56  85,00   387,72
  4,66  85,00   396,09
  4,67  85,00   396,63
  4,59  85,00   390,42
  4,60  85,00   390,96
  4,62  85,00   392,85
  4,63  85,00   393,39
  4,69  85,00   398,25
  4,53  85,00   385,02
  4,54  85,00   386,10
  4,43  85,00   376,65
  4,23  86,00   363,96
  4,29  86,00   368,55
  4,32  86,00   371,52
  4,27  86,00   367,20
  4,29  86,00   368,82
  4,27  86,00   366,93
  4,29  86,00   369,09
  4,23  86,00   363,96
  4,27  86,00   367,47
  4,24  86,00   365,04
  4,32  86,00   371,79
  4,24  86,00   365,04
  4,29  86,00   369,36
  4,31  86,00   370,98
  4,28  86,00   368,01
  4,29  86,00   369,36
  4,35  86,00   374,22
  4,26  86,00   366,39
  4,24  86,00   364,50
  4,31  86,00   370,98
  4,33  86,00   372,33
  4,34  86,00   373,41
  4,24  86,00   364,50
  4,25  86,00   365,85
  4,30  86,00   370,17
  4,32  86,00   371,79
  4,32  86,00   371,25
  4,25  86,00   365,31
  4,27  86,00   367,47
  4,28  86,00   368,01
  4,21  86,00   361,80
  4,24  86,00   364,50
  4,20  86,00   361,53
  4,34  86,00   372,87
  4,36  86,00   375,03
  4,36  86,00   374,76
  4,23  86,00   363,96
  4,29  86,00   369,36
  4,23  86,00   363,42
  4,12  86,00   354,24
  4,21  86,00   362,34
  3,94  87,00   343,17
  3,91  87,00   340,20
  3,96  87,00   344,25
  3,81  87,00   331,29
  3,98  87,00   346,41
  3,94  87,00   342,90
  4,00  87,00   347,76
  3,97  87,00   345,33
  3,96  87,00   344,52
  3,96  87,00   344,79
  3,90  87,00   339,39
  3,93  87,00   341,55
  3,93  87,00   341,82
  3,89  87,00   338,04
  3,87  87,00   336,96
  4,01  87,00   348,57
  3,92  87,00   341,01
  3,94  87,00   343,17
  3,92  87,00   340,74
  3,82  87,00   332,10
  3,92  87,00   341,28
  3,96  87,00   344,52
  3,91  87,00   340,47
  3,98  87,00   346,14
  3,94  87,00   343,17
  3,90  87,00   339,66
  3,93  87,00   341,82
  3,93  87,00   342,09
  3,89  87,00   338,85
  3,94  87,00   342,90
  3,98  87,00   346,41
  3,92  87,00   341,01
  3,91  87,00   339,93
  3,89  87,00   338,04
  3,96  87,00   344,52
  3,95  87,00   343,44
  3,86  87,00   335,61
  3,85  87,00   335,34
  3,93  87,00   342,09
  3,95  87,00   343,44
  3,97  87,00   345,06
  3,59  88,00   316,17
  3,53  88,00   310,50
  3,58  88,00   314,82
  3,61  88,00   317,52
  3,56  88,00   313,20
  3,50  88,00   308,07
  3,61  88,00   317,79
  3,63  88,00   319,68
  3,53  88,00   310,50
  3,55  88,00   312,39
  3,57  88,00   314,01
  3,63  88,00   319,14
  3,61  88,00   318,06
  3,49  88,00   306,99
  3,60  88,00   316,44
  3,60  88,00   316,44
  3,61  88,00   317,79
  3,49  88,00   307,26
  3,43  88,00   302,13
  3,55  88,00   312,39
  3,65  88,00   321,30
  3,63  88,00   319,41
  3,53  88,00   310,23
  3,64  88,00   319,95
  3,52  88,00   309,69
  3,60  88,00   316,71
  3,53  88,00   310,77
  3,59  88,00   316,17
  3,59  88,00   315,90
  3,57  88,00   313,74
  3,45  88,00   303,48
  3,62  88,00   318,33
  3,52  88,00   309,42
  3,64  88,00   319,95
  3,65  88,00   321,03
  3,53  88,00   310,50
  3,61  88,00   317,25
  3,55  88,00   312,12
  3,61  88,00   317,79
  3,59  88,00   315,63
  3,56  88,00   313,20
  3,29  89,00   292,68
  3,26  89,00   289,98
  3,26  89,00   289,71
  3,30  89,00   293,76
  3,27  89,00   291,33
  3,20  89,00   284,85
  3,17  89,00   282,15
  3,29  89,00   292,68
  3,31  89,00   294,57
  3,27  89,00   291,33
  3,30  89,00   293,49
  3,32  89,00   295,65
  3,19  89,00   283,50
  3,20  89,00   285,12
  3,27  89,00   291,33
  3,20  89,00   284,58
  3,25  89,00   288,90
  3,14  89,00   279,72
  3,28  89,00   291,87
  3,21  89,00   285,39
  3,24  89,00   288,36
  3,26  89,00   289,71
  3,28  89,00   292,14
  3,20  89,00   284,85
  3,26  89,00   290,52
  3,28  89,00   292,14
  3,28  89,00   291,60
  3,24  89,00   288,63
  3,24  89,00   288,09
  3,26  89,00   290,25
  3,24  89,00   288,09
  3,26  89,00   289,98
  3,20  89,00   284,85
  3,24  89,00   288,63
  3,22  89,00   286,20
  3,24  89,00   288,63
  3,21  89,00   285,93
  3,31  89,00   294,57
  3,26  89,00   290,52
  3,24  89,00   288,09
  3,24  89,00   288,09
  2,92  90,00   263,25
  2,97  90,00   267,57
  2,95  90,00   265,14
  2,94  90,00   264,33
  2,98  90,00   268,65
  2,92  90,00   262,44
  2,94  90,00   264,87
  2,93  90,00   263,79
  2,94  90,00   264,33
  2,88  90,00   259,47
  2,95  90,00   265,68
  2,93  90,00   263,79
  2,87  90,00   258,66
  2,95  90,00   265,68
  2,93  90,00   263,79
  2,92  90,00   263,25
  2,89  90,00   260,28
  2,86  90,00   257,58
  2,86  90,00   257,58
  2,95  90,00   265,14
  2,92  90,00   262,98
  2,93  90,00   263,79
  2,82  90,00   254,07
  2,90  90,00   260,82
  2,97  90,00   267,30
  2,88  90,00   259,47
  2,94  90,00   264,87
  2,97  90,00   267,03
  2,92  90,00   262,71
  2,82  90,00   253,80
  2,95  90,00   265,95
  2,90  90,00   261,09
  2,91  90,00   262,17
  2,92  90,00   262,44
  2,92  90,00   263,25
  2,90  90,00   261,09
  2,97  90,00   267,30
  2,92  90,00   262,98
  2,92  90,00   262,44
  2,88  90,00   258,93
  2,90  90,00   261,36
