
132,08   5,00   660,42
129,55   5,00   647,73
132,46   5,00   662,31
132,62   5,00   663,12
130,52   5,00   652,59
132,62   5,00   663,12
131,33   5,00   656,64
132,68   5,00   663,39
133,22   5,00   666,09
132,30   5,00   661,50
133,49   5,00   667,44
130,90   5,00   654,48
133,38   5,00   666,90
132,25   5,00   661,23
132,35   5,00   661,77
133,06   5,00   665,28
132,25   5,00   661,23
132,35   5,00   661,77
133,00   5,00   665,01
131,71   5,00   658,53
132,52   5,00   662,58
131,33   5,00   656,64
132,08   5,00   660,42
133,06   5,00   665,28
132,03   5,00   660,15
131,98   5,00   659,88
133,11   5,00   665,55
130,68   5,00   653,40
132,57   5,00   662,85
131,87   5,00   659,34
132,46   5,00   662,31
132,73   5,00   663,66
132,19   5,00   660,96
132,68   5,00   663,39
132,03   5,00   660,15
132,25   5,00   661,23
131,54   5,00   657,72
132,19   5,00   660,96
130,68   5,00   653,40
132,25   5,00   661,23
132,25   5,00   661,23
132,07   6,00   792,45
133,78   6,00   802,71
131,71   6,00   790,29
132,48   6,00   794,88
134,10   6,00   804,60
132,97   6,00   797,85
132,21   6,00   793,26
133,60   6,00   801,63
132,52   6,00   795,15
132,34   6,00   794,07
131,94   6,00   791,64
133,06   6,00   798,39
131,98   6,00   791,91
131,80   6,00   790,83
131,31   6,00   787,86
132,93   6,00   797,58
132,07   6,00   792,45
132,39   6,00   794,34
131,98   6,00   791,91
132,61   6,00   795,69
132,52   6,00   795,15
132,30   6,00   793,80
132,70   6,00   796,23
132,88   6,00   797,31
132,25   6,00   793,53
131,49   6,00   788,94
132,93   6,00   797,58
132,39   6,00   794,34
132,07   6,00   792,45
131,94   6,00   791,64
130,36   6,00   782,19
133,87   6,00   803,25
131,80   6,00   790,83
133,29   6,00   799,74
132,48   6,00   794,88
131,44   6,00   788,67
132,75   6,00   796,50
133,51   6,00   801,09
132,97   6,00   797,85
132,07   6,00   792,45
131,62   6,00   789,75
131,95   7,00   923,67
131,64   7,00   921,51
131,80   7,00   922,59
132,61   7,00   928,26
131,49   7,00   920,43
131,84   7,00   922,86
131,72   7,00   922,05
132,61   7,00   928,26
132,30   7,00   926,10
132,61   7,00   928,26
132,57   7,00   927,99
131,84   7,00   922,86
133,07   7,00   931,50
132,30   7,00   926,10
133,15   7,00   932,04
130,99   7,00   916,92
131,91   7,00   923,40
132,15   7,00   925,02
132,69   7,00   928,80
131,72   7,00   922,05
133,30   7,00   933,12
131,91   7,00   923,40
131,26   7,00   918,81
131,91   7,00   923,40
132,30   7,00   926,10
132,49   7,00   927,45
132,45   7,00   927,18
132,15   7,00   925,02
131,88   7,00   923,13
131,80   7,00   922,59
132,45   7,00   927,18
131,80   7,00   922,59
132,57   7,00   927,99
132,57   7,00   927,99
131,49   7,00   920,43
133,19   7,00   932,31
131,14   7,00   918,00
131,30   7,00   919,08
132,80   7,00   929,61
132,69   7,00   928,80
132,07   7,00   924,48
131,35   8,00  1050,84
132,47   8,00  1059,75
133,01   8,00  1064,07
131,86   8,00  1054,89
131,35   8,00  1050,84
132,33   8,00  1058,67
131,76   8,00  1054,08
132,84   8,00  1062,72
131,49   8,00  1051,92
131,86   8,00  1054,89
131,79   8,00  1054,35
131,35   8,00  1050,84
133,11   8,00  1064,88
131,56   8,00  1052,46
130,34   8,00  1042,74
130,88   8,00  1047,06
132,06   8,00  1056,51
131,69   8,00  1053,54
131,56   8,00  1052,46
131,42   8,00  1051,38
132,50   8,00  1060,02
131,46   8,00  1051,65
133,21   8,00  1065,69
132,91   8,00  1063,26
132,20   8,00  1057,59
132,20   8,00  1057,59
130,88   8,00  1047,06
131,35   8,00  1050,84
132,37   8,00  1058,94
131,25   8,00  1050,03
131,42   8,00  1051,38
131,56   8,00  1052,46
131,73   8,00  1053,81
132,37   8,00  1058,94
132,37   8,00  1058,94
132,13   8,00  1057,05
131,22   8,00  1049,76
131,93   8,00  1055,43
131,79   8,00  1054,35
131,15   8,00  1049,22
132,50   8,00  1060,02
132,21   9,00  1189,89
131,55   9,00  1183,95
132,06   9,00  1188,54
131,70   9,00  1185,30
132,42   9,00  1191,78
130,89   9,00  1178,01
131,22   9,00  1180,98
132,39   9,00  1191,51
132,78   9,00  1195,02
131,70   9,00  1185,30
132,33   9,00  1190,97
132,36   9,00  1191,24
132,66   9,00  1193,94
131,85   9,00  1186,65
132,60   9,00  1193,40
132,33   9,00  1190,97
132,63   9,00  1193,67
132,60   9,00  1193,40
132,99   9,00  1196,91
131,85   9,00  1186,65
131,70   9,00  1185,30
132,15   9,00  1189,35
131,88   9,00  1186,92
131,01   9,00  1179,09
130,80   9,00  1177,20
131,76   9,00  1185,84
131,31   9,00  1181,79
131,31   9,00  1181,79
132,87   9,00  1195,83
131,04   9,00  1179,36
131,34   9,00  1182,06
132,00   9,00  1188,00
132,54   9,00  1192,86
131,85   9,00  1186,65
131,79   9,00  1186,11
132,63   9,00  1193,67
132,09   9,00  1188,81
131,19   9,00  1180,71
132,33   9,00  1190,97
131,25   9,00  1181,25
131,52   9,00  1183,68
131,65  10,00  1316,52
132,03  10,00  1320,30
132,11  10,00  1321,11
131,98  10,00  1319,76
130,65  10,00  1306,53
132,87  10,00  1328,67
132,08  10,00  1320,84
131,76  10,00  1317,60
131,98  10,00  1319,76
130,65  10,00  1306,53
132,35  10,00  1323,54
132,06  10,00  1320,57
131,92  10,00  1319,22
131,41  10,00  1314,09
131,79  10,00  1317,87
132,68  10,00  1326,78
132,81  10,00  1328,13
131,60  10,00  1315,98
131,35  10,00  1313,55
132,25  10,00  1322,46
132,03  10,00  1320,30
131,49  10,00  1314,90
131,92  10,00  1319,22
130,95  10,00  1309,50
131,30  10,00  1313,01
131,89  10,00  1318,95
132,49  10,00  1324,89
132,19  10,00  1321,92
131,57  10,00  1315,71
130,57  10,00  1305,72
132,16  10,00  1321,65
131,33  10,00  1313,28
131,87  10,00  1318,68
131,33  10,00  1313,28
131,41  10,00  1314,09
130,98  10,00  1309,77
131,76  10,00  1317,60
131,95  10,00  1319,49
130,60  10,00  1305,99
132,49  10,00  1324,89
131,41  10,00  1314,09
131,96  11,00  1451,52
130,75  11,00  1438,29
130,70  11,00  1437,75
133,01  11,00  1463,13
132,64  11,00  1459,08
132,25  11,00  1454,76
130,80  11,00  1438,83
130,73  11,00  1438,02
131,59  11,00  1447,47
131,78  11,00  1449,63
131,76  11,00  1449,36
132,42  11,00  1456,65
131,74  11,00  1449,09
131,15  11,00  1442,61
131,34  11,00  1444,77
130,48  11,00  1435,32
131,66  11,00  1448,28
131,39  11,00  1445,31
131,61  11,00  1447,74
130,16  11,00  1431,81
131,91  11,00  1450,98
130,95  11,00  1440,45
132,37  11,00  1456,11
131,32  11,00  1444,50
132,91  11,00  1462,05
131,27  11,00  1443,96
131,12  11,00  1442,34
131,20  11,00  1443,15
132,23  11,00  1454,49
130,70  11,00  1437,75
130,14  11,00  1431,54
131,32  11,00  1444,50
131,64  11,00  1448,01
131,32  11,00  1444,50
130,95  11,00  1440,45
130,95  11,00  1440,45
131,24  11,00  1443,69
130,51  11,00  1435,59
132,52  11,00  1457,73
131,74  11,00  1449,09
131,98  11,00  1451,79
130,95  12,00  1571,40
129,46  12,00  1553,58
131,33  12,00  1575,99
130,68  12,00  1568,16
131,58  12,00  1578,96
130,52  12,00  1566,27
130,97  12,00  1571,67
131,17  12,00  1574,10
131,53  12,00  1578,42
132,16  12,00  1585,98
130,84  12,00  1570,05
132,12  12,00  1585,44
131,47  12,00  1577,61
130,77  12,00  1569,24
130,23  12,00  1562,76
130,97  12,00  1571,67
131,65  12,00  1579,77
131,58  12,00  1578,96
131,89  12,00  1582,74
130,23  12,00  1562,76
130,34  12,00  1564,11
131,80  12,00  1581,66
131,49  12,00  1577,88
131,15  12,00  1573,83
131,71  12,00  1580,58
130,68  12,00  1568,16
130,81  12,00  1569,78
131,96  12,00  1583,55
131,24  12,00  1574,91
130,27  12,00  1563,30
131,40  12,00  1576,80
131,15  12,00  1573,83
131,58  12,00  1578,96
131,40  12,00  1576,80
130,95  12,00  1571,40
132,03  12,00  1584,36
130,99  12,00  1571,94
131,80  12,00  1581,66
131,02  12,00  1572,21
131,02  12,00  1572,21
131,38  12,00  1576,53
130,45  13,00  1695,87
130,66  13,00  1698,57
130,58  13,00  1697,49
130,80  13,00  1700,46
130,95  13,00  1702,35
129,54  13,00  1683,99
129,79  13,00  1687,23
130,72  13,00  1699,38
130,51  13,00  1696,68
129,21  13,00  1679,67
131,78  13,00  1713,15
131,74  13,00  1712,61
130,97  13,00  1702,62
130,74  13,00  1699,65
132,32  13,00  1720,17
131,43  13,00  1708,56
131,66  13,00  1711,53
131,05  13,00  1703,70
131,01  13,00  1703,16
131,20  13,00  1705,59
130,45  13,00  1695,87
131,88  13,00  1714,50
130,45  13,00  1695,87
129,79  13,00  1687,23
131,12  13,00  1704,51
130,58  13,00  1697,49
128,98  13,00  1676,70
130,68  13,00  1698,84
130,49  13,00  1696,41
130,49  13,00  1696,41
131,28  13,00  1706,67
132,03  13,00  1716,39
131,26  13,00  1706,40
129,27  13,00  1680,48
130,70  13,00  1699,11
129,83  13,00  1687,77
130,39  13,00  1695,06
130,95  13,00  1702,35
130,29  13,00  1693,71
130,87  13,00  1701,27
130,70  13,00  1699,11
129,00  14,00  1806,03
128,73  14,00  1802,25
129,37  14,00  1811,16
128,25  14,00  1795,50
126,71  14,00  1773,90
125,51  14,00  1757,16
125,34  14,00  1754,73
127,79  14,00  1789,02
128,89  14,00  1804,41
130,47  14,00  1826,55
127,86  14,00  1790,10
125,99  14,00  1763,91
127,54  14,00  1785,51
126,86  14,00  1776,06
128,06  14,00  1792,80
128,17  14,00  1794,42
122,23  14,00  1711,26
125,57  14,00  1757,97
125,32  14,00  1754,46
123,54  14,00  1729,62
128,25  14,00  1795,50
128,92  14,00  1804,95
128,56  14,00  1799,82
127,17  14,00  1780,38
125,86  14,00  1762,02
128,08  14,00  1793,07
127,25  14,00  1781,46
127,69  14,00  1787,67
129,35  14,00  1810,89
127,63  14,00  1786,86
127,84  14,00  1789,83
130,04  14,00  1820,61
130,41  14,00  1825,74
128,83  14,00  1803,60
129,10  14,00  1807,38
128,98  14,00  1805,76
127,56  14,00  1785,78
126,26  14,00  1767,69
128,27  14,00  1795,77
127,73  14,00  1788,21
130,43  14,00  1826,01
118,33  15,00  1774,98
119,20  15,00  1787,94
119,48  15,00  1792,26
118,89  15,00  1783,35
118,69  15,00  1780,38
117,38  15,00  1760,67
118,49  15,00  1777,41
114,64  15,00  1719,63
118,94  15,00  1784,16
117,74  15,00  1766,07
117,43  15,00  1761,48
118,08  15,00  1771,20
116,06  15,00  1740,96
115,04  15,00  1725,57
118,22  15,00  1773,36
117,36  15,00  1760,40
118,87  15,00  1783,08
116,17  15,00  1742,58
119,00  15,00  1784,97
116,64  15,00  1749,60
121,50  15,00  1822,50
122,44  15,00  1836,54
120,74  15,00  1811,16
121,82  15,00  1827,36
118,39  15,00  1775,79
116,10  15,00  1741,50
117,29  15,00  1759,32
121,21  15,00  1818,18
116,44  15,00  1746,63
117,00  15,00  1755,00
116,26  15,00  1743,93
118,53  15,00  1777,95
113,67  15,00  1705,05
119,74  15,00  1796,04
118,85  15,00  1782,81
117,63  15,00  1764,45
117,00  15,00  1755,00
120,40  15,00  1806,03
119,23  15,00  1788,48
119,70  15,00  1795,50
118,62  15,00  1779,30
106,18  16,00  1698,84
111,19  16,00  1779,03
109,28  16,00  1748,52
111,04  16,00  1776,60
111,27  16,00  1780,38
109,65  16,00  1754,46
113,30  16,00  1812,78
112,93  16,00  1806,84
112,98  16,00  1807,65
113,86  16,00  1821,69
112,20  16,00  1795,23
109,97  16,00  1759,59
110,26  16,00  1764,18
108,10  16,00  1729,62
108,88  16,00  1742,04
109,69  16,00  1755,00
110,19  16,00  1763,10
113,43  16,00  1814,94
107,39  16,00  1718,28
108,64  16,00  1738,26
107,98  16,00  1727,73
107,44  16,00  1719,09
109,57  16,00  1753,11
110,92  16,00  1774,71
108,56  16,00  1736,91
112,20  16,00  1795,23
110,63  16,00  1770,12
109,08  16,00  1745,28
114,01  16,00  1824,12
106,67  16,00  1706,67
106,87  16,00  1709,91
111,31  16,00  1780,92
109,50  16,00  1752,03
111,17  16,00  1778,76
110,40  16,00  1766,34
105,27  16,00  1684,26
106,89  16,00  1710,18
111,76  16,00  1788,21
113,70  16,00  1819,26
109,37  16,00  1749,87
106,01  16,00  1696,14
103,31  17,00  1756,35
104,36  17,00  1774,17
100,69  17,00  1711,80
101,96  17,00  1733,40
103,33  17,00  1756,62
104,73  17,00  1780,38
102,92  17,00  1749,60
102,06  17,00  1735,02
102,54  17,00  1743,12
100,22  17,00  1703,70
102,52  17,00  1742,85
100,84  17,00  1714,23
 99,88  17,00  1698,03
 99,55  17,00  1692,36
 99,73  17,00  1695,33
102,70  17,00  1745,82
 99,85  17,00  1697,49
100,38  17,00  1706,40
101,93  17,00  1732,86
 99,58  17,00  1692,90
102,11  17,00  1735,83
105,13  17,00  1787,13
100,90  17,00  1715,31
103,54  17,00  1760,13
100,27  17,00  1704,51
102,23  17,00  1737,99
 99,47  17,00  1691,01
102,06  17,00  1735,02
104,86  17,00  1782,54
 99,31  17,00  1688,31
101,95  17,00  1733,13
101,22  17,00  1720,71
101,20  17,00  1720,44
103,17  17,00  1753,92
102,87  17,00  1748,79
101,60  17,00  1727,19
101,35  17,00  1722,87
101,96  17,00  1733,40
101,93  17,00  1732,86
104,24  17,00  1772,01
102,19  17,00  1737,18
 98,47  18,00  1772,55
 96,72  18,00  1740,96
 91,35  18,00  1644,30
 95,71  18,00  1722,87
 98,34  18,00  1770,12
 95,10  18,00  1711,80
 91,44  18,00  1645,92
 92,65  18,00  1667,79
 96,51  18,00  1737,18
 95,16  18,00  1712,88
 94,18  18,00  1695,33
 97,05  18,00  1746,90
 92,86  18,00  1671,57
 93,19  18,00  1677,51
 95,11  18,00  1712,07
 95,20  18,00  1713,69
 93,13  18,00  1676,43
 95,64  18,00  1721,52
 95,50  18,00  1719,09
 97,50  18,00  1755,00
 92,37  18,00  1662,66
 94,09  18,00  1693,71
 97,84  18,00  1761,21
 95,64  18,00  1721,52
 97,18  18,00  1749,33
 96,43  18,00  1735,83
 95,10  18,00  1711,80
 95,14  18,00  1712,61
 95,77  18,00  1723,95
 97,83  18,00  1760,94
 93,85  18,00  1689,39
 97,54  18,00  1755,81
 95,43  18,00  1717,74
 96,25  18,00  1732,59
 96,43  18,00  1735,83
 97,30  18,00  1751,49
 90,67  18,00  1632,15
 95,46  18,00  1718,28
 92,55  18,00  1665,90
 98,74  18,00  1777,41
 97,27  18,00  1750,95
 90,18  19,00  1713,42
 90,89  19,00  1726,92
 90,09  19,00  1711,80
 89,24  19,00  1695,60
 91,02  19,00  1729,35
 87,75  19,00  1667,25
 91,00  19,00  1729,08
 91,83  19,00  1744,74
 87,11  19,00  1655,10
 90,11  19,00  1712,07
 88,40  19,00  1679,67
 89,94  19,00  1708,83
 88,93  19,00  1689,66
 88,67  19,00  1684,80
 89,88  19,00  1707,75
 88,02  19,00  1672,38
 91,69  19,00  1742,04
 90,31  19,00  1715,85
 93,06  19,00  1768,23
 90,15  19,00  1712,88
 86,64  19,00  1646,19
 89,78  19,00  1705,86
 92,24  19,00  1752,57
 90,69  19,00  1723,14
 91,42  19,00  1736,91
 92,06  19,00  1749,06
 86,95  19,00  1652,13
 89,28  19,00  1696,41
 91,91  19,00  1746,36
 91,79  19,00  1743,93
 89,53  19,00  1701,00
 90,07  19,00  1711,26
 89,82  19,00  1706,67
 93,68  19,00  1779,84
 90,69  19,00  1723,14
 88,74  19,00  1686,15
 85,99  19,00  1633,77
 88,90  19,00  1689,12
 89,36  19,00  1697,76
 91,59  19,00  1740,15
 89,10  19,00  1692,90
 86,04  20,00  1720,71
 86,86  20,00  1737,18
 87,25  20,00  1745,01
 83,79  20,00  1675,89
 84,77  20,00  1695,33
 82,34  20,00  1646,73
 83,43  20,00  1668,60
 84,33  20,00  1686,69
 86,04  20,00  1720,71
 83,97  20,00  1679,40
 83,69  20,00  1673,73
 83,38  20,00  1667,52
 83,24  20,00  1664,82
 81,04  20,00  1620,81
 84,17  20,00  1683,45
 84,85  20,00  1696,95
 86,04  20,00  1720,71
 83,63  20,00  1672,65
 84,73  20,00  1694,52
 84,48  20,00  1689,66
 83,77  20,00  1675,35
 85,28  20,00  1705,59
 84,51  20,00  1690,20
 85,82  20,00  1716,39
 84,20  20,00  1683,99
 83,54  20,00  1670,76
 84,37  20,00  1687,50
 84,79  20,00  1695,87
 84,09  20,00  1681,83
 82,48  20,00  1649,70
 84,63  20,00  1692,63
 83,48  20,00  1669,68
 85,72  20,00  1714,50
 86,74  20,00  1734,75
 86,82  20,00  1736,37
 87,07  20,00  1741,50
 83,78  20,00  1675,62
 83,63  20,00  1672,65
 83,89  20,00  1677,78
 83,42  20,00  1668,33
 83,82  20,00  1676,43
 76,55  21,00  1607,58
 78,16  21,00  1641,33
 80,88  21,00  1698,57
 78,69  21,00  1652,40
 80,19  21,00  1683,99
 80,41  21,00  1688,58
 79,92  21,00  1678,32
 78,18  21,00  1641,87
 78,94  21,00  1657,80
 82,94  21,00  1741,77
 80,72  21,00  1695,06
 80,36  21,00  1687,50
 79,50  21,00  1669,41
 78,78  21,00  1654,29
 79,73  21,00  1674,27
 79,10  21,00  1661,04
 79,41  21,00  1667,52
 79,68  21,00  1673,19
 80,24  21,00  1685,07
 78,81  21,00  1655,10
 77,32  21,00  1623,78
 78,90  21,00  1656,99
 76,15  21,00  1599,21
 80,31  21,00  1686,42
 79,51  21,00  1669,68
 81,31  21,00  1707,48
 80,96  21,00  1700,19
 80,19  21,00  1683,99
 79,05  21,00  1659,96
 78,43  21,00  1647,00
 79,42  21,00  1667,79
 80,36  21,00  1687,50
 80,09  21,00  1681,83
 80,23  21,00  1684,80
 80,59  21,00  1692,36
 81,32  21,00  1707,75
 78,57  21,00  1649,97
 79,74  21,00  1674,54
 79,08  21,00  1660,77
 79,28  21,00  1664,82
 79,95  21,00  1678,86
 74,65  22,00  1642,41
 73,70  22,00  1621,35
 75,22  22,00  1654,83
 72,48  22,00  1594,62
 76,07  22,00  1673,46
 70,53  22,00  1551,69
 75,05  22,00  1651,05
 76,42  22,00  1681,29
 74,54  22,00  1639,98
 75,86  22,00  1668,87
 74,58  22,00  1640,79
 74,65  22,00  1642,41
 75,18  22,00  1654,02
 74,38  22,00  1636,47
 75,02  22,00  1650,51
 74,27  22,00  1634,04
 75,34  22,00  1657,53
 77,26  22,00  1699,65
 75,51  22,00  1661,31
 76,42  22,00  1681,29
 76,07  22,00  1673,46
 75,88  22,00  1669,41
 76,91  22,00  1692,09
 73,00  22,00  1605,96
 74,42  22,00  1637,28
 72,92  22,00  1604,34
 74,97  22,00  1649,43
 75,78  22,00  1667,25
 76,51  22,00  1683,18
 74,85  22,00  1646,73
 75,37  22,00  1658,07
 74,45  22,00  1637,82
 73,88  22,00  1625,40
 76,78  22,00  1689,12
 74,58  22,00  1640,79
 74,99  22,00  1649,70
 76,26  22,00  1677,78
 75,10  22,00  1652,13
 75,87  22,00  1669,14
 76,32  22,00  1679,13
 74,45  22,00  1637,82
 69,91  23,00  1607,85
 70,46  23,00  1620,54
 71,08  23,00  1634,85
 71,26  23,00  1638,90
 69,28  23,00  1593,54
 73,85  23,00  1698,57
 71,68  23,00  1648,62
 68,58  23,00  1577,34
 69,46  23,00  1597,59
 70,68  23,00  1625,67
 69,58  23,00  1600,29
 70,59  23,00  1623,51
 71,47  23,00  1643,76
 71,83  23,00  1652,13
 72,02  23,00  1656,45
 72,51  23,00  1667,79
 71,48  23,00  1644,03
 71,95  23,00  1654,83
 71,00  23,00  1632,96
 70,80  23,00  1628,37
 72,11  23,00  1658,61
 68,08  23,00  1565,73
 70,55  23,00  1622,70
 71,76  23,00  1650,51
 69,23  23,00  1592,19
 70,25  23,00  1615,68
 69,79  23,00  1605,15
 70,36  23,00  1618,38
 70,31  23,00  1617,03
 70,97  23,00  1632,42
 70,14  23,00  1613,25
 68,93  23,00  1585,44
 70,80  23,00  1628,37
 72,56  23,00  1668,87
 69,67  23,00  1602,45
 72,44  23,00  1666,17
 69,75  23,00  1604,34
 68,74  23,00  1581,12
 70,35  23,00  1618,11
 70,82  23,00  1628,91
 72,37  23,00  1664,55
 68,21  24,00  1637,01
 66,63  24,00  1599,21
 66,55  24,00  1597,32
 65,44  24,00  1570,59
 64,60  24,00  1550,34
 68,32  24,00  1639,71
 70,02  24,00  1680,48
 67,00  24,00  1608,12
 67,87  24,00  1628,91
 65,54  24,00  1573,02
 71,55  24,00  1717,20
 67,48  24,00  1619,46
 67,65  24,00  1623,51
 67,35  24,00  1616,49
 68,15  24,00  1635,66
 67,89  24,00  1629,45
 66,59  24,00  1598,13
 68,13  24,00  1635,12
 66,85  24,00  1604,34
 69,93  24,00  1678,32
 67,45  24,00  1618,92
 64,39  24,00  1545,48
 66,94  24,00  1606,50
 66,17  24,00  1588,14
 68,16  24,00  1635,93
 66,66  24,00  1599,75
 68,41  24,00  1641,87
 67,60  24,00  1622,43
 65,28  24,00  1566,81
 67,39  24,00  1617,30
 66,61  24,00  1598,67
 68,80  24,00  1651,32
 66,93  24,00  1606,23
 64,06  24,00  1537,38
 67,66  24,00  1623,78
 67,31  24,00  1615,41
 66,52  24,00  1596,51
 68,59  24,00  1646,19
 67,23  24,00  1613,52
 67,34  24,00  1616,22
 62,49  24,00  1499,85
 62,52  25,00  1563,03
 65,25  25,00  1631,34
 64,81  25,00  1620,27
 65,36  25,00  1634,04
 64,45  25,00  1611,36
 63,64  25,00  1591,11
 64,71  25,00  1617,84
 64,01  25,00  1600,29
 65,79  25,00  1644,84
 61,67  25,00  1541,70
 66,31  25,00  1657,80
 63,02  25,00  1575,45
 65,23  25,00  1630,80
 62,82  25,00  1570,59
 63,85  25,00  1596,24
 63,68  25,00  1591,92
 65,52  25,00  1638,09
 62,83  25,00  1570,86
 64,58  25,00  1614,60
 66,05  25,00  1651,32
 61,15  25,00  1528,74
 62,41  25,00  1560,33
 63,59  25,00  1589,76
 64,34  25,00  1608,39
 65,63  25,00  1640,79
 65,13  25,00  1628,37
 64,89  25,00  1622,16
 63,93  25,00  1598,13
 64,15  25,00  1603,80
 62,05  25,00  1551,15
 65,17  25,00  1629,18
 64,80  25,00  1620,00
 65,20  25,00  1629,99
 64,07  25,00  1601,64
 63,81  25,00  1595,16
 63,26  25,00  1581,39
 62,22  25,00  1555,47
 64,71  25,00  1617,84
 64,05  25,00  1601,37
 64,91  25,00  1622,70
 63,26  25,00  1581,39
 59,39  26,00  1544,13
 58,56  26,00  1522,53
 61,71  26,00  1604,34
 63,18  26,00  1642,68
 61,05  26,00  1587,33
 60,33  26,00  1568,70
 60,30  26,00  1567,89
 60,46  26,00  1571,94
 59,12  26,00  1537,11
 58,94  26,00  1532,52
 62,36  26,00  1621,35
 61,81  26,00  1607,04
 59,65  26,00  1550,88
 59,82  26,00  1555,20
 60,28  26,00  1567,35
 60,20  26,00  1565,19
 60,84  26,00  1581,93
 59,80  26,00  1554,93
 62,16  26,00  1616,22
 58,53  26,00  1521,72
 61,74  26,00  1605,15
 61,24  26,00  1592,19
 59,34  26,00  1542,78
 60,28  26,00  1567,35
 62,23  26,00  1618,11
 60,22  26,00  1565,73
 61,59  26,00  1601,37
 59,94  26,00  1558,44
 59,99  26,00  1559,79
 62,60  26,00  1627,56
 60,73  26,00  1578,96
 61,86  26,00  1608,39
 59,43  26,00  1545,21
 60,65  26,00  1576,80
 60,47  26,00  1572,21
 61,20  26,00  1591,11
 63,00  26,00  1638,09
 61,99  26,00  1611,63
 60,64  26,00  1576,53
 62,20  26,00  1617,30
 62,30  26,00  1619,73
 58,43  27,00  1577,61
 58,20  27,00  1571,40
 57,52  27,00  1553,04
 55,50  27,00  1498,50
 57,93  27,00  1564,11
 57,55  27,00  1553,85
 58,59  27,00  1581,93
 57,96  27,00  1564,92
 58,27  27,00  1573,29
 57,86  27,00  1562,22
 58,34  27,00  1575,18
 58,91  27,00  1590,57
 58,75  27,00  1586,25
 56,60  27,00  1528,20
 58,69  27,00  1584,63
 58,58  27,00  1581,66
 56,85  27,00  1534,95
 57,46  27,00  1551,42
 57,08  27,00  1541,16
 57,77  27,00  1559,79
 55,95  27,00  1510,65
 58,32  27,00  1574,64
 58,49  27,00  1579,23
 59,09  27,00  1595,43
 58,20  27,00  1571,40
 57,38  27,00  1549,26
 57,22  27,00  1544,94
 59,81  27,00  1614,87
 58,15  27,00  1570,05
 56,65  27,00  1529,55
 56,67  27,00  1530,09
 57,42  27,00  1550,34
 58,07  27,00  1567,89
 57,74  27,00  1558,98
 59,35  27,00  1602,45
 59,92  27,00  1617,84
 58,01  27,00  1566,27
 59,61  27,00  1609,47
 57,90  27,00  1563,30
 59,82  27,00  1615,14
 58,35  27,00  1575,45
 57,44  28,00  1608,39
 57,30  28,00  1604,34
 54,37  28,00  1522,26
 54,96  28,00  1539,00
 53,82  28,00  1506,87
 56,38  28,00  1578,69
 55,20  28,00  1545,48
 55,93  28,00  1566,00
 56,26  28,00  1575,18
 55,38  28,00  1550,61
 52,28  28,00  1463,94
 53,22  28,00  1490,13
 56,08  28,00  1570,32
 52,76  28,00  1477,17
 55,60  28,00  1556,82
 57,51  28,00  1610,28
 56,97  28,00  1595,16
 55,28  28,00  1547,91
 53,49  28,00  1497,69
 55,73  28,00  1560,33
 55,09  28,00  1542,51
 55,92  28,00  1565,73
 55,42  28,00  1551,69
 56,25  28,00  1574,91
 54,30  28,00  1520,37
 54,96  28,00  1539,00
 54,13  28,00  1515,51
 54,33  28,00  1521,18
 54,08  28,00  1514,16
 56,56  28,00  1583,55
 55,68  28,00  1558,98
 55,98  28,00  1567,35
 55,57  28,00  1556,01
 53,09  28,00  1486,62
 54,19  28,00  1517,40
 55,94  28,00  1566,27
 55,86  28,00  1564,11
 55,64  28,00  1557,90
 54,79  28,00  1534,14
 54,94  28,00  1538,46
 56,72  28,00  1588,14
 52,67  29,00  1527,39
 51,44  29,00  1491,75
 54,92  29,00  1592,73
 52,10  29,00  1510,92
 54,37  29,00  1576,80
 52,49  29,00  1522,26
 52,20  29,00  1513,89
 53,39  29,00  1548,45
 54,11  29,00  1569,24
 51,10  29,00  1481,76
 52,13  29,00  1511,73
 51,48  29,00  1492,83
 51,77  29,00  1501,20
 53,03  29,00  1537,92
 50,88  29,00  1475,55
 53,15  29,00  1541,43
 52,78  29,00  1530,63
 52,83  29,00  1531,98
 51,46  29,00  1492,29
 53,96  29,00  1564,92
 53,75  29,00  1558,71
 51,68  29,00  1498,77
 53,16  29,00  1541,70
 53,93  29,00  1563,84
 51,37  29,00  1489,86
 52,29  29,00  1516,32
 53,80  29,00  1560,33
 51,94  29,00  1506,33
 52,31  29,00  1517,13
 53,05  29,00  1538,46
 51,78  29,00  1501,74
 51,48  29,00  1492,83
 51,59  29,00  1496,07
 52,64  29,00  1526,58
 53,79  29,00  1559,79
 53,26  29,00  1544,40
 52,05  29,00  1509,57
 52,35  29,00  1518,21
 52,04  29,00  1509,30
 50,74  29,00  1471,50
 54,82  29,00  1589,76
 49,76  30,00  1492,83
 51,52  30,00  1545,48
 49,89  30,00  1496,61
 50,79  30,00  1523,61
 49,36  30,00  1480,95
 50,51  30,00  1515,24
 49,85  30,00  1495,53
 50,65  30,00  1519,56
 50,25  30,00  1507,41
 48,76  30,00  1462,86
 50,05  30,00  1501,47
 49,08  30,00  1472,31
 51,36  30,00  1540,89
 51,60  30,00  1547,91
 49,86  30,00  1495,80
 50,23  30,00  1506,87
 50,53  30,00  1515,78
 49,05  30,00  1471,50
 52,01  30,00  1560,33
 50,98  30,00  1529,28
 49,94  30,00  1498,23
 48,96  30,00  1468,80
 48,65  30,00  1459,62
 50,51  30,00  1515,24
 50,98  30,00  1529,28
 49,98  30,00  1499,31
 47,56  30,00  1426,95
 49,60  30,00  1487,97
 50,61  30,00  1518,21
 48,40  30,00  1452,06
 51,44  30,00  1543,32
 49,99  30,00  1499,58
 50,73  30,00  1521,99
 49,96  30,00  1498,77
 52,06  30,00  1561,68
 50,11  30,00  1503,36
 50,62  30,00  1518,48
 51,39  30,00  1541,70
 50,63  30,00  1519,02
 48,84  30,00  1465,29
 48,22  30,00  1446,66
 47,31  31,00  1466,64
 47,36  31,00  1468,26
 47,22  31,00  1463,67
 47,55  31,00  1473,93
 47,62  31,00  1476,09
 47,37  31,00  1468,53
 49,04  31,00  1520,37
 48,44  31,00  1501,74
 48,33  31,00  1498,23
 47,48  31,00  1471,77
 48,81  31,00  1513,08
 47,69  31,00  1478,25
 48,73  31,00  1510,65
 48,20  31,00  1494,18
 47,14  31,00  1461,24
 48,53  31,00  1504,44
 47,25  31,00  1464,75
 49,13  31,00  1523,07
 47,49  31,00  1472,04
 46,16  31,00  1431,00
 48,46  31,00  1502,28
 46,85  31,00  1452,33
 47,71  31,00  1479,06
 47,49  31,00  1472,31
 48,57  31,00  1505,79
 47,87  31,00  1483,92
 46,85  31,00  1452,33
 48,71  31,00  1510,11
 48,22  31,00  1494,72
 48,33  31,00  1498,23
 49,01  31,00  1519,29
 49,34  31,00  1529,55
 47,85  31,00  1483,38
 49,84  31,00  1544,94
 48,85  31,00  1514,43
 48,43  31,00  1501,47
 47,46  31,00  1471,23
 47,88  31,00  1484,19
 47,38  31,00  1468,80
 46,80  31,00  1450,71
 49,26  31,00  1527,12
 45,82  32,00  1466,37
 45,88  32,00  1468,26
 46,08  32,00  1474,47
 45,46  32,00  1454,76
 47,11  32,00  1507,68
 45,84  32,00  1466,91
 46,52  32,00  1488,78
 46,14  32,00  1476,63
 45,90  32,00  1468,80
 46,74  32,00  1495,80
 46,63  32,00  1492,02
 48,03  32,00  1537,11
 44,95  32,00  1438,29
 44,46  32,00  1422,63
 45,78  32,00  1465,02
 46,02  32,00  1472,58
 46,31  32,00  1482,03
 46,15  32,00  1476,90
 46,09  32,00  1475,01
 45,39  32,00  1452,60
 45,69  32,00  1462,05
 45,43  32,00  1453,68
 45,09  32,00  1442,88
 45,87  32,00  1467,72
 44,89  32,00  1436,40
 46,03  32,00  1473,12
 46,38  32,00  1484,19
 46,04  32,00  1473,39
 45,41  32,00  1453,14
 46,73  32,00  1495,26
 44,63  32,00  1428,03
 45,06  32,00  1441,80
 46,65  32,00  1492,83
 47,24  32,00  1511,73
 44,59  32,00  1426,95
 44,63  32,00  1428,03
 45,93  32,00  1469,88
 46,74  32,00  1495,80
 46,31  32,00  1482,03
 45,24  32,00  1447,74
 44,82  32,00  1434,24
 44,80  33,00  1478,52
 46,46  33,00  1533,33
 44,39  33,00  1464,75
 44,53  33,00  1469,61
 44,35  33,00  1463,67
 43,32  33,00  1429,65
 44,89  33,00  1481,49
 42,73  33,00  1409,94
 44,68  33,00  1474,47
 41,67  33,00  1375,11
 44,54  33,00  1469,88
 43,60  33,00  1438,83
 43,69  33,00  1441,80
 43,58  33,00  1438,02
 45,92  33,00  1515,24
 44,38  33,00  1464,48
 44,08  33,00  1454,49
 43,81  33,00  1445,58
 43,99  33,00  1451,52
 43,53  33,00  1436,40
 44,64  33,00  1473,12
 44,53  33,00  1469,34
 44,20  33,00  1458,54
 43,71  33,00  1442,34
 44,27  33,00  1460,97
 43,61  33,00  1439,10
 43,63  33,00  1439,64
 44,59  33,00  1471,50
 44,23  33,00  1459,62
 44,75  33,00  1476,90
 44,39  33,00  1464,75
 42,72  33,00  1409,67
 44,15  33,00  1456,92
 44,12  33,00  1455,84
 45,01  33,00  1485,27
 43,73  33,00  1443,15
 43,94  33,00  1449,90
 45,33  33,00  1495,80
 44,53  33,00  1469,34
 45,61  33,00  1504,98
 42,83  33,00  1413,45
 41,72  34,00  1418,58
 42,37  34,00  1440,72
 42,52  34,00  1445,58
 42,97  34,00  1460,97
 42,60  34,00  1448,28
 42,27  34,00  1437,21
 42,49  34,00  1444,50
 40,81  34,00  1387,53
 41,64  34,00  1415,61
 42,98  34,00  1461,24
 42,08  34,00  1430,73
 41,74  34,00  1419,12
 42,08  34,00  1430,73
 41,40  34,00  1407,51
 43,82  34,00  1489,86
 41,21  34,00  1401,30
 41,74  34,00  1419,12
 42,56  34,00  1447,20
 42,87  34,00  1457,46
 41,37  34,00  1406,70
 41,29  34,00  1403,73
 41,10  34,00  1397,52
 43,19  34,00  1468,53
 41,52  34,00  1411,56
 42,87  34,00  1457,73
 42,07  34,00  1430,46
 41,25  34,00  1402,38
 42,37  34,00  1440,45
 43,01  34,00  1462,32
 41,63  34,00  1415,34
 41,65  34,00  1416,15
 41,71  34,00  1418,04
 42,03  34,00  1429,11
 42,33  34,00  1439,10
 41,83  34,00  1422,09
 41,39  34,00  1407,24
 41,77  34,00  1420,20
 42,86  34,00  1457,19
 41,66  34,00  1416,42
 41,68  34,00  1417,23
 41,91  34,00  1425,06
 41,23  35,00  1443,15
 40,29  35,00  1410,21
 39,76  35,00  1391,58
 40,08  35,00  1402,65
 39,18  35,00  1371,33
 38,96  35,00  1363,77
 40,56  35,00  1419,66
 40,71  35,00  1424,79
 41,00  35,00  1435,05
 40,99  35,00  1434,51
 39,99  35,00  1399,68
 39,77  35,00  1391,85
 41,29  35,00  1445,31
 40,10  35,00  1403,46
 41,05  35,00  1436,67
 40,42  35,00  1414,53
 40,29  35,00  1410,21
 40,52  35,00  1418,04
 39,81  35,00  1393,20
 41,14  35,00  1439,91
 39,36  35,00  1377,54
 40,65  35,00  1422,63
 42,34  35,00  1482,03
 41,14  35,00  1439,91
 41,36  35,00  1447,74
 40,12  35,00  1404,27
 40,48  35,00  1416,96
 39,73  35,00  1390,50
 39,88  35,00  1395,90
 39,74  35,00  1390,77
 40,50  35,00  1417,50
 41,36  35,00  1447,74
 40,69  35,00  1423,98
 40,01  35,00  1400,49
 40,41  35,00  1414,26
 40,52  35,00  1418,31
 39,88  35,00  1395,90
 39,82  35,00  1393,74
 38,97  35,00  1364,04
 39,23  35,00  1372,95
 40,71  35,00  1424,79
 38,68  36,00  1392,66
 38,47  36,00  1384,83
 37,91  36,00  1364,85
 37,54  36,00  1351,35
 38,11  36,00  1372,14
 38,32  36,00  1379,43
 38,35  36,00  1380,51
 37,87  36,00  1363,23
 39,22  36,00  1411,83
 38,64  36,00  1391,04
 38,54  36,00  1387,53
 40,12  36,00  1444,50
 38,59  36,00  1389,42
 39,93  36,00  1437,48
 38,61  36,00  1389,96
 37,66  36,00  1355,94
 38,12  36,00  1372,41
 39,83  36,00  1433,97
 38,62  36,00  1390,23
 38,77  36,00  1395,63
 38,07  36,00  1370,52
 39,27  36,00  1413,72
 37,82  36,00  1361,61
 38,04  36,00  1369,44
 38,33  36,00  1379,97
 37,35  36,00  1344,60
 38,22  36,00  1375,92
 37,71  36,00  1357,56
 37,54  36,00  1351,62
 37,48  36,00  1349,19
 37,88  36,00  1363,77
 38,42  36,00  1383,21
 38,96  36,00  1402,65
 37,63  36,00  1354,59
 39,44  36,00  1419,93
 38,89  36,00  1399,95
 39,88  36,00  1435,86
 37,75  36,00  1358,91
 37,99  36,00  1367,82
 39,41  36,00  1418,85
 39,08  36,00  1406,97
 37,65  37,00  1393,20
 37,62  37,00  1392,12
 37,90  37,00  1402,38
 37,66  37,00  1393,47
 38,06  37,00  1408,32
 38,49  37,00  1424,25
 37,48  37,00  1386,72
 38,82  37,00  1436,40
 38,31  37,00  1417,50
 37,72  37,00  1395,63
 37,59  37,00  1390,77
 37,45  37,00  1385,64
 36,76  37,00  1360,26
 35,98  37,00  1331,10
 37,37  37,00  1382,67
 38,30  37,00  1417,23
 37,79  37,00  1398,06
 36,22  37,00  1340,01
 37,03  37,00  1370,25
 37,65  37,00  1392,93
 37,36  37,00  1382,40
 37,68  37,00  1394,28
 38,30  37,00  1416,96
 38,00  37,00  1405,89
 38,92  37,00  1439,91
 37,54  37,00  1388,88
 37,44  37,00  1385,10
 37,65  37,00  1392,93
 37,44  37,00  1385,10
 36,90  37,00  1365,39
 35,83  37,00  1325,70
 36,08  37,00  1334,88
 36,84  37,00  1362,96
 38,10  37,00  1409,67
 36,76  37,00  1360,26
 37,15  37,00  1374,57
 36,30  37,00  1342,98
 34,59  37,00  1279,80
 36,96  37,00  1367,55
 37,92  37,00  1403,19
 37,73  37,00  1396,17
 36,34  38,00  1381,05
 36,57  38,00  1389,69
 35,93  38,00  1365,39
 36,24  38,00  1377,27
 35,46  38,00  1347,57
 34,93  38,00  1327,32
 35,59  38,00  1352,43
 35,75  38,00  1358,37
 36,83  38,00  1399,41
 35,66  38,00  1355,13
 33,86  38,00  1286,82
 35,18  38,00  1336,77
 35,70  38,00  1356,48
 36,07  38,00  1370,52
 36,24  38,00  1377,00
 35,14  38,00  1335,15
 34,81  38,00  1322,73
 35,95  38,00  1366,20
 36,23  38,00  1376,73
 35,39  38,00  1344,87
 36,16  38,00  1374,03
 36,30  38,00  1379,43
 36,37  38,00  1382,13
 35,99  38,00  1367,55
 35,85  38,00  1362,42
 35,79  38,00  1359,99
 35,71  38,00  1357,02
 35,38  38,00  1344,33
 35,72  38,00  1357,29
 35,24  38,00  1339,20
 36,61  38,00  1391,31
 36,00  38,00  1367,82
 36,00  38,00  1367,82
 36,36  38,00  1381,59
 34,87  38,00  1324,89
 35,48  38,00  1348,11
 36,14  38,00  1373,49
 35,38  38,00  1344,33
 35,39  38,00  1344,87
 35,20  38,00  1337,58
 34,46  38,00  1309,50
 33,80  39,00  1318,14
 34,75  39,00  1355,40
 33,25  39,00  1296,81
 33,94  39,00  1323,54
 33,94  39,00  1323,54
 33,28  39,00  1297,89
 35,02  39,00  1365,66
 33,58  39,00  1309,50
 33,96  39,00  1324,35
 34,57  39,00  1348,11
 34,87  39,00  1359,99
 33,02  39,00  1287,90
 33,13  39,00  1291,95
 33,95  39,00  1324,08
 33,97  39,00  1324,89
 33,31  39,00  1299,24
 34,11  39,00  1330,29
 34,42  39,00  1342,44
 33,04  39,00  1288,44
 34,12  39,00  1330,56
 33,18  39,00  1294,11
 35,05  39,00  1367,01
 33,23  39,00  1296,00
 34,26  39,00  1335,96
 33,52  39,00  1307,34
 32,83  39,00  1280,34
 34,26  39,00  1336,23
 35,16  39,00  1371,33
 35,15  39,00  1370,79
 34,64  39,00  1350,81
 34,46  39,00  1343,79
 33,99  39,00  1325,70
 33,93  39,00  1323,27
 32,30  39,00  1259,55
 34,10  39,00  1330,02
 34,06  39,00  1328,40
 32,18  39,00  1254,96
 33,78  39,00  1317,33
 33,67  39,00  1313,28
 34,94  39,00  1362,69
 33,81  39,00  1318,68
 32,69  40,00  1307,61
 33,89  40,00  1355,67
 33,16  40,00  1326,51
 32,57  40,00  1302,75
 32,54  40,00  1301,67
 32,91  40,00  1316,52
 33,26  40,00  1330,56
 32,24  40,00  1289,79
 33,25  40,00  1330,02
 33,26  40,00  1330,56
 31,62  40,00  1264,68
 33,32  40,00  1332,72
 32,63  40,00  1305,18
 33,54  40,00  1341,63
 32,96  40,00  1318,41
 33,34  40,00  1333,80
 33,84  40,00  1353,51
 34,01  40,00  1360,26
 33,00  40,00  1320,03
 32,83  40,00  1313,01
 32,49  40,00  1299,51
 33,97  40,00  1358,64
 33,39  40,00  1335,69
 32,23  40,00  1289,25
 32,80  40,00  1311,93
 32,01  40,00  1280,34
 32,10  40,00  1283,85
 33,18  40,00  1327,05
 32,63  40,00  1305,18
 32,16  40,00  1286,55
 33,62  40,00  1344,87
 32,64  40,00  1305,45
 33,69  40,00  1347,57
 32,45  40,00  1298,16
 32,97  40,00  1318,68
 33,39  40,00  1335,42
 31,81  40,00  1272,24
 32,99  40,00  1319,49
 33,30  40,00  1331,91
 31,07  40,00  1242,81
 33,10  40,00  1323,81
 31,58  41,00  1294,92
 31,61  41,00  1296,00
 31,23  41,00  1280,34
 31,78  41,00  1303,02
 30,41  41,00  1246,86
 31,12  41,00  1276,02
 29,99  41,00  1229,58
 31,97  41,00  1310,58
 31,50  41,00  1291,41
 31,37  41,00  1286,28
 30,86  41,00  1265,22
 31,95  41,00  1310,04
 31,19  41,00  1278,72
 31,26  41,00  1281,69
 32,60  41,00  1336,77
 32,02  41,00  1312,74
 31,43  41,00  1288,44
 31,84  41,00  1305,45
 30,78  41,00  1261,98
 30,89  41,00  1266,57
 31,38  41,00  1286,55
 31,79  41,00  1303,29
 31,64  41,00  1297,08
 31,98  41,00  1311,12
 30,84  41,00  1264,41
 31,89  41,00  1307,34
 31,27  41,00  1281,96
 31,75  41,00  1301,67
 31,91  41,00  1308,15
 31,94  41,00  1309,50
 31,79  41,00  1303,29
 31,90  41,00  1307,88
 31,94  41,00  1309,50
 31,78  41,00  1303,02
 32,14  41,00  1317,60
 32,07  41,00  1314,90
 31,10  41,00  1275,21
 31,19  41,00  1278,99
 32,02  41,00  1313,01
 31,51  41,00  1291,95
 31,15  41,00  1277,10
 30,25  42,00  1270,62
 29,83  42,00  1253,07
 29,72  42,00  1248,21
 30,34  42,00  1274,40
 30,44  42,00  1278,45
 29,29  42,00  1230,12
 30,01  42,00  1260,63
 30,09  42,00  1263,87
 30,39  42,00  1276,29
 30,72  42,00  1290,33
 30,72  42,00  1290,33
 30,39  42,00  1276,56
 30,75  42,00  1291,68
 30,61  42,00  1285,74
 30,60  42,00  1285,20
 30,68  42,00  1288,44
 29,37  42,00  1233,63
 30,24  42,00  1270,08
 30,14  42,00  1265,76
 30,44  42,00  1278,45
 29,22  42,00  1227,15
 29,08  42,00  1221,48
 30,22  42,00  1269,27
 30,25  42,00  1270,35
 30,02  42,00  1260,90
 30,10  42,00  1264,41
 31,09  42,00  1305,72
 30,67  42,00  1288,17
 30,77  42,00  1292,22
 30,24  42,00  1270,08
 30,52  42,00  1281,96
 30,02  42,00  1260,90
 30,14  42,00  1266,03
 30,90  42,00  1297,62
 30,03  42,00  1261,17
 30,34  42,00  1274,40
 30,45  42,00  1278,99
 30,54  42,00  1282,77
 30,52  42,00  1281,96
 29,67  42,00  1246,32
 30,01  42,00  1260,36
 29,92  43,00  1286,55
 28,80  43,00  1238,49
 29,82  43,00  1282,23
 29,75  43,00  1279,26
 29,35  43,00  1261,98
 28,86  43,00  1240,92
 29,50  43,00  1268,46
 29,49  43,00  1268,19
 29,87  43,00  1284,39
 29,29  43,00  1259,55
 28,32  43,00  1217,70
 29,35  43,00  1262,25
 30,04  43,00  1291,68
 28,07  43,00  1207,17
 28,80  43,00  1238,49
 30,16  43,00  1297,08
 29,28  43,00  1259,01
 28,98  43,00  1246,05
 29,42  43,00  1265,22
 29,13  43,00  1252,80
 30,15  43,00  1296,27
 28,78  43,00  1237,68
 28,72  43,00  1234,98
 28,65  43,00  1231,74
 28,75  43,00  1236,06
 29,35  43,00  1262,25
 29,35  43,00  1262,25
 29,63  43,00  1274,13
 28,09  43,00  1207,98
 28,72  43,00  1234,98
 29,17  43,00  1254,42
 29,91  43,00  1286,28
 29,19  43,00  1254,96
 28,98  43,00  1246,05
 29,17  43,00  1254,15
 29,13  43,00  1252,53
 28,73  43,00  1235,52
 29,08  43,00  1250,37
 29,00  43,00  1247,13
 28,81  43,00  1239,03
 29,76  43,00  1279,53
 28,20  44,00  1240,92
 28,31  44,00  1245,78
 27,32  44,00  1202,04
 27,47  44,00  1208,52
 28,03  44,00  1233,36
 29,10  44,00  1280,34
 27,78  44,00  1222,29
 28,44  44,00  1251,45
 26,99  44,00  1187,46
 27,67  44,00  1217,43
 27,50  44,00  1210,14
 27,20  44,00  1196,64
 27,88  44,00  1226,61
 27,87  44,00  1226,34
 27,91  44,00  1228,23
 27,52  44,00  1210,95
 27,84  44,00  1224,99
 28,20  44,00  1240,92
 28,12  44,00  1237,41
 28,10  44,00  1236,33
 27,40  44,00  1205,82
 27,72  44,00  1219,86
 28,18  44,00  1239,84
 27,93  44,00  1229,04
 27,70  44,00  1218,78
 27,02  44,00  1189,08
 28,20  44,00  1240,65
 28,39  44,00  1249,02
 27,85  44,00  1225,26
 28,24  44,00  1242,54
 27,32  44,00  1202,04
 27,20  44,00  1196,64
 28,09  44,00  1236,06
 28,09  44,00  1236,06
 28,96  44,00  1274,13
 28,72  44,00  1263,60
 29,38  44,00  1292,76
 28,52  44,00  1254,69
 27,80  44,00  1223,10
 28,18  44,00  1239,84
 27,69  44,00  1218,51
 27,31  45,00  1228,77
 26,82  45,00  1206,90
 26,88  45,00  1209,60
 26,39  45,00  1187,73
 27,11  45,00  1219,86
 27,95  45,00  1257,66
 26,54  45,00  1194,48
 26,75  45,00  1203,93
 27,44  45,00  1234,98
 26,53  45,00  1193,67
 26,23  45,00  1180,17
 27,19  45,00  1223,64
 26,33  45,00  1184,76
 26,62  45,00  1197,72
 26,57  45,00  1195,83
 26,68  45,00  1200,42
 26,31  45,00  1183,95
 27,33  45,00  1229,85
 26,77  45,00  1204,47
 26,46  45,00  1190,70
 27,28  45,00  1227,42
 27,60  45,00  1242,00
 26,26  45,00  1181,52
 26,50  45,00  1192,59
 27,19  45,00  1223,64
 26,60  45,00  1197,18
 26,91  45,00  1210,95
 26,61  45,00  1197,45
 25,81  45,00  1161,27
 26,18  45,00  1178,28
 26,68  45,00  1200,42
 27,19  45,00  1223,64
 27,55  45,00  1239,57
 27,31  45,00  1229,04
 27,82  45,00  1251,99
 26,68  45,00  1200,42
 26,83  45,00  1207,17
 27,00  45,00  1215,00
 27,12  45,00  1220,40
 26,30  45,00  1183,41
 27,05  45,00  1217,43
 25,80  46,00  1186,92
 25,86  46,00  1189,62
 25,51  46,00  1173,69
 26,59  46,00  1223,10
 26,23  46,00  1206,63
 25,90  46,00  1191,51
 25,68  46,00  1181,25
 25,96  46,00  1194,21
 25,92  46,00  1192,32
 26,01  46,00  1196,64
 25,58  46,00  1176,66
 25,31  46,00  1164,24
 26,34  46,00  1211,49
 25,67  46,00  1180,98
 26,21  46,00  1205,82
 26,18  46,00  1204,47
 25,61  46,00  1178,01
 26,01  46,00  1196,37
 26,82  46,00  1233,63
 25,90  46,00  1191,51
 25,94  46,00  1193,40
 25,18  46,00  1158,30
 25,67  46,00  1180,98
 25,51  46,00  1173,69
 26,27  46,00  1208,52
 26,55  46,00  1221,21
 25,56  46,00  1175,85
 26,41  46,00  1214,73
 26,13  46,00  1201,77
 26,83  46,00  1234,17
 26,44  46,00  1216,35
 26,34  46,00  1211,49
 25,76  46,00  1184,76
 24,91  46,00  1145,88
 25,50  46,00  1172,88
 25,71  46,00  1182,60
 25,26  46,00  1162,08
 25,84  46,00  1188,81
 26,65  46,00  1226,07
 25,07  46,00  1153,17
 26,01  46,00  1196,37
 25,13  47,00  1181,25
 25,08  47,00  1178,55
 25,25  47,00  1186,92
 24,56  47,00  1154,52
 25,00  47,00  1174,77
 24,50  47,00  1151,28
 24,49  47,00  1151,01
 25,60  47,00  1203,12
 25,30  47,00  1189,08
 24,73  47,00  1162,35
 25,17  47,00  1183,14
 24,50  47,00  1151,28
 25,51  47,00  1198,80
 24,50  47,00  1151,28
 25,88  47,00  1216,35
 23,73  47,00  1115,10
 25,10  47,00  1179,63
 25,28  47,00  1188,27
 25,41  47,00  1194,48
 24,42  47,00  1147,77
 24,59  47,00  1155,60
 24,25  47,00  1139,67
 25,33  47,00  1190,43
 25,22  47,00  1185,57
 24,87  47,00  1168,83
 24,94  47,00  1172,07
 25,58  47,00  1202,31
 25,09  47,00  1179,36
 23,90  47,00  1123,20
 25,02  47,00  1176,12
 24,28  47,00  1141,29
 24,93  47,00  1171,80
 26,15  47,00  1229,04
 24,94  47,00  1172,34
 25,33  47,00  1190,43
 25,17  47,00  1183,14
 25,17  47,00  1183,14
 25,06  47,00  1178,01
 25,27  47,00  1187,46
 24,43  47,00  1148,31
 25,05  47,00  1177,47
 23,87  48,00  1145,88
 23,82  48,00  1143,45
 23,91  48,00  1147,77
 24,20  48,00  1161,54
 24,24  48,00  1163,43
 23,86  48,00  1145,34
 24,09  48,00  1156,14
 23,84  48,00  1144,53
 24,14  48,00  1158,84
 23,33  48,00  1119,96
 24,04  48,00  1153,71
 24,53  48,00  1177,47
 24,42  48,00  1172,34
 24,34  48,00  1168,56
 24,43  48,00  1172,61
 24,08  48,00  1155,87
 22,98  48,00  1103,22
 24,28  48,00  1165,59
 24,19  48,00  1161,00
 23,62  48,00  1133,73
 23,84  48,00  1144,26
 23,87  48,00  1145,88
 23,62  48,00  1134,00
 23,04  48,00  1105,92
 24,21  48,00  1162,08
 24,23  48,00  1162,89
 24,42  48,00  1172,34
 24,49  48,00  1175,58
 24,41  48,00  1171,53
 24,00  48,00  1152,09
 23,64  48,00  1134,81
 23,91  48,00  1147,50
 24,24  48,00  1163,43
 24,43  48,00  1172,88
 23,57  48,00  1131,30
 24,14  48,00  1158,84
 23,79  48,00  1142,10
 24,14  48,00  1158,57
 24,34  48,00  1168,56
 23,67  48,00  1136,16
 22,98  48,00  1102,95
 23,37  49,00  1145,34
 22,95  49,00  1124,55
 23,03  49,00  1128,60
 23,02  49,00  1127,79
 22,65  49,00  1109,70
 22,64  49,00  1109,43
 23,74  49,00  1163,16
 23,07  49,00  1130,22
 23,41  49,00  1147,23
 23,59  49,00  1155,87
 23,18  49,00  1135,62
 22,57  49,00  1105,92
 23,03  49,00  1128,33
 23,07  49,00  1130,22
 22,88  49,00  1121,04
 23,61  49,00  1156,95
 23,29  49,00  1141,29
 23,19  49,00  1136,16
 22,92  49,00  1122,93
 23,05  49,00  1129,68
 22,90  49,00  1122,12
 23,14  49,00  1133,73
 23,23  49,00  1138,05
 23,53  49,00  1153,17
 22,07  49,00  1081,62
 22,58  49,00  1106,46
 23,20  49,00  1136,70
 22,33  49,00  1094,31
 22,62  49,00  1108,35
 23,26  49,00  1139,67
 23,43  49,00  1148,04
 23,15  49,00  1134,54
 23,05  49,00  1129,41
 23,39  49,00  1145,88
 23,51  49,00  1152,09
 22,93  49,00  1123,74
 23,07  49,00  1130,49
 23,15  49,00  1134,27
 23,61  49,00  1156,95
 23,78  49,00  1165,05
 22,93  49,00  1123,74
 22,71  50,00  1135,62
 22,17  50,00  1108,62
 22,26  50,00  1112,94
 21,98  50,00  1098,90
 22,37  50,00  1118,34
 23,07  50,00  1153,44
 22,47  50,00  1123,74
 23,16  50,00  1158,03
 21,59  50,00  1079,73
 22,29  50,00  1114,29
 21,89  50,00  1094,58
 22,26  50,00  1112,94
 21,49  50,00  1074,60
 22,64  50,00  1132,11
 22,30  50,00  1114,83
 21,95  50,00  1097,55
 22,03  50,00  1101,33
 21,81  50,00  1090,53
 22,16  50,00  1107,81
 22,11  50,00  1105,65
 21,74  50,00  1087,02
 22,05  50,00  1102,41
 22,00  50,00  1100,25
 22,17  50,00  1108,35
 22,40  50,00  1120,23
 22,42  50,00  1121,04
 22,00  50,00  1099,98
 22,07  50,00  1103,49
 22,34  50,00  1116,99
 21,76  50,00  1087,83
 22,23  50,00  1111,32
 22,65  50,00  1132,38
 21,79  50,00  1089,72
 22,06  50,00  1102,95
 21,58  50,00  1079,19
 22,49  50,00  1124,55
 21,93  50,00  1096,74
 22,09  50,00  1104,30
 22,57  50,00  1128,33
 22,32  50,00  1116,18
 22,40  50,00  1120,23
 21,47  51,00  1094,85
 21,60  51,00  1101,60
 21,66  51,00  1104,57
 21,16  51,00  1078,92
 21,61  51,00  1102,14
 21,40  51,00  1091,34
 21,46  51,00  1094,58
 20,89  51,00  1065,15
 21,53  51,00  1097,82
 21,22  51,00  1082,16
 21,32  51,00  1087,56
 21,38  51,00  1090,53
 20,90  51,00  1065,96
 22,04  51,00  1124,28
 21,06  51,00  1074,06
 21,34  51,00  1088,10
 20,86  51,00  1064,07
 21,33  51,00  1087,83
 21,29  51,00  1085,67
 21,15  51,00  1078,65
 21,19  51,00  1080,81
 21,05  51,00  1073,79
 21,77  51,00  1110,24
 20,82  51,00  1061,91
 20,95  51,00  1068,39
 21,27  51,00  1084,59
 21,17  51,00  1079,73
 21,41  51,00  1092,15
 21,39  51,00  1091,07
 21,28  51,00  1085,40
 21,36  51,00  1089,18
 21,26  51,00  1084,05
 21,48  51,00  1095,39
 21,76  51,00  1109,70
 21,07  51,00  1074,33
 20,49  51,00  1045,17
 21,43  51,00  1092,69
 21,25  51,00  1083,78
 21,52  51,00  1097,28
 21,50  51,00  1096,47
 21,08  51,00  1074,87
 20,68  52,00  1075,41
 20,38  52,00  1060,02
 21,34  52,00  1109,70
 20,39  52,00  1060,29
 20,86  52,00  1084,59
 20,32  52,00  1056,51
 20,90  52,00  1086,75
 19,83  52,00  1031,40
 20,29  52,00  1054,89
 20,55  52,00  1068,39
 20,42  52,00  1061,91
 20,95  52,00  1089,18
 19,71  52,00  1024,92
 20,64  52,00  1073,25
 20,34  52,00  1057,86
 19,67  52,00  1023,03
 21,12  52,00  1098,36
 20,78  52,00  1080,54
 20,53  52,00  1067,58
 20,60  52,00  1071,36
 21,05  52,00  1094,58
 20,53  52,00  1067,58
 20,22  52,00  1051,38
 20,38  52,00  1060,02
 20,90  52,00  1087,02
 21,04  52,00  1094,31
 20,88  52,00  1085,67
 20,96  52,00  1089,72
 20,49  52,00  1065,42
 20,37  52,00  1059,48
 20,63  52,00  1072,98
 20,59  52,00  1070,55
 20,39  52,00  1060,29
 20,08  52,00  1044,36
 20,16  52,00  1048,14
 20,65  52,00  1073,79
 20,09  52,00  1044,90
 20,75  52,00  1079,19
 20,68  52,00  1075,41
 20,81  52,00  1081,89
 20,37  52,00  1059,48
 19,64  53,00  1040,85
 19,64  53,00  1041,12
 19,99  53,00  1059,21
 20,09  53,00  1064,88
 20,36  53,00  1078,92
 19,94  53,00  1057,05
 19,45  53,00  1030,59
 19,92  53,00  1055,70
 19,93  53,00  1056,24
 20,21  53,00  1071,36
 19,59  53,00  1038,15
 20,05  53,00  1062,72
 19,97  53,00  1058,67
 20,03  53,00  1061,37
 19,64  53,00  1041,12
 20,19  53,00  1070,01
 19,76  53,00  1047,06
 19,69  53,00  1043,55
 19,85  53,00  1051,92
 19,74  53,00  1046,25
 20,02  53,00  1060,83
 19,73  53,00  1045,71
 19,29  53,00  1022,22
 20,35  53,00  1078,65
 19,81  53,00  1050,03
 19,20  53,00  1017,36
 20,22  53,00  1071,63
 19,50  53,00  1033,56
 19,91  53,00  1055,43
 19,30  53,00  1023,03
 20,24  53,00  1072,98
 19,69  53,00  1043,82
 19,69  53,00  1043,82
 19,67  53,00  1042,74
 19,60  53,00  1038,69
 20,28  53,00  1074,60
 19,95  53,00  1057,32
 19,66  53,00  1041,93
 19,38  53,00  1027,35
 20,01  53,00  1060,56
 19,66  53,00  1042,20
 18,72  54,00  1011,15
 19,68  54,00  1062,72
 19,43  54,00  1049,49
 18,92  54,00  1021,95
 19,22  54,00  1038,15
 19,19  54,00  1036,26
 18,94  54,00  1023,03
 18,80  54,00  1015,20
 19,06  54,00  1029,51
 19,11  54,00  1031,94
 19,00  54,00  1026,27
 18,32  54,00   989,55
 19,02  54,00  1027,35
 19,26  54,00  1040,04
 19,43  54,00  1049,22
 19,13  54,00  1033,29
 18,99  54,00  1025,46
 18,73  54,00  1011,69
 19,41  54,00  1048,14
 19,27  54,00  1040,58
 19,24  54,00  1038,96
 19,51  54,00  1053,81
 18,70  54,00  1009,80
 19,23  54,00  1038,42
 19,01  54,00  1026,81
 19,03  54,00  1027,62
 19,27  54,00  1040,58
 19,15  54,00  1034,10
 18,62  54,00  1005,75
 18,52  54,00  1000,08
 19,63  54,00  1060,02
 19,42  54,00  1048,68
 19,08  54,00  1030,32
 19,33  54,00  1044,09
 18,78  54,00  1014,12
 19,13  54,00  1033,29
 18,25  54,00   985,50
 19,26  54,00  1040,04
 18,86  54,00  1018,44
 18,97  54,00  1024,38
 19,19  54,00  1036,53
 18,55  55,00  1020,33
 18,45  55,00  1014,93
 18,40  55,00  1012,23
 18,20  55,00  1001,16
 18,19  55,00  1000,62
 18,25  55,00  1003,86
 18,25  55,00  1003,86
 18,30  55,00  1006,56
 18,56  55,00  1020,60
 18,32  55,00  1007,64
 18,78  55,00  1032,75
 18,69  55,00  1028,16
 18,30  55,00  1006,56
 18,28  55,00  1005,21
 18,23  55,00  1002,78
 18,18  55,00  1000,08
 18,29  55,00  1006,02
 18,13  55,00   997,38
 18,51  55,00  1018,17
 18,43  55,00  1013,85
 18,40  55,00  1011,96
 18,20  55,00  1001,16
 18,11  55,00   996,30
 18,08  55,00   994,14
 18,49  55,00  1017,09
 18,00  55,00   990,09
 18,50  55,00  1017,36
 18,53  55,00  1019,25
 18,56  55,00  1020,87
 18,90  55,00  1039,50
 18,09  55,00   994,68
 17,99  55,00   989,28
 18,31  55,00  1007,10
 18,29  55,00  1006,02
 17,67  55,00   972,00
 18,59  55,00  1022,49
 18,29  55,00  1006,02
 18,45  55,00  1014,66
 18,68  55,00  1027,35
 17,90  55,00   984,42
 18,36  55,00  1009,53
 17,77  56,00   995,22
 17,50  56,00   979,83
 17,37  56,00   972,81
 17,59  56,00   985,23
 17,77  56,00   994,95
 17,61  56,00   986,31
 17,88  56,00  1001,43
 17,30  56,00   968,76
 17,38  56,00   973,08
 17,61  56,00   986,04
 17,49  56,00   979,29
 17,46  56,00   977,67
 17,56  56,00   983,34
 17,68  56,00   990,09
 16,89  56,00   946,08
 17,82  56,00   997,65
 18,15  56,00  1016,55
 17,76  56,00   994,41
 17,58  56,00   984,42
 17,62  56,00   986,85
 17,99  56,00  1007,64
 17,82  56,00   998,19
 17,60  56,00   985,77
 17,67  56,00   989,28
 17,85  56,00   999,54
 17,57  56,00   983,88
 17,62  56,00   986,85
 17,74  56,00   993,60
 17,71  56,00   991,98
 17,89  56,00  1001,97
 17,55  56,00   983,07
 17,55  56,00   982,53
 17,32  56,00   969,84
 17,80  56,00   996,84
 17,66  56,00   988,74
 17,82  56,00   997,92
 18,34  56,00  1026,81
 17,96  56,00  1005,75
 18,09  56,00  1013,04
 17,69  56,00   990,63
 17,26  56,00   966,60
 16,91  57,00   963,90
 16,77  57,00   956,07
 16,88  57,00   962,01
 17,18  57,00   979,02
 17,21  57,00   980,91
 17,07  57,00   972,81
 16,96  57,00   966,87
 17,24  57,00   982,80
 16,60  57,00   946,08
 16,92  57,00   964,71
 17,10  57,00   974,43
 16,59  57,00   945,54
 17,08  57,00   973,35
 16,98  57,00   967,68
 17,00  57,00   969,03
 17,19  57,00   979,56
 16,71  57,00   952,56
 16,96  57,00   966,60
 16,56  57,00   944,19
 17,20  57,00   980,64
 16,58  57,00   945,27
 16,86  57,00   960,93
 16,58  57,00   945,27
 16,88  57,00   962,01
 17,26  57,00   983,61
 17,09  57,00   973,89
 16,83  57,00   959,04
 16,95  57,00   966,33
 16,92  57,00   964,71
 17,12  57,00   975,78
 17,01  57,00   969,84
 17,05  57,00   972,00
 16,93  57,00   965,25
 17,15  57,00   977,67
 16,87  57,00   961,74
 17,02  57,00   970,38
 16,94  57,00   965,52
 17,00  57,00   968,76
 16,56  57,00   944,19
 16,37  57,00   933,12
 17,18  57,00   979,02
 15,80  58,00   916,38
 16,12  58,00   934,74
 16,26  58,00   943,11
 16,14  58,00   936,36
 16,19  58,00   939,06
 16,34  58,00   947,70
 16,03  58,00   929,61
 16,17  58,00   937,98
 16,49  58,00   956,61
 16,22  58,00   940,68
 16,59  58,00   962,01
 16,39  58,00   950,40
 16,07  58,00   932,04
 15,86  58,00   919,62
 16,41  58,00   952,02
 16,64  58,00   965,25
 16,63  58,00   964,71
 16,22  58,00   940,68
 16,58  58,00   961,74
 16,43  58,00   952,83
 16,42  58,00   952,56
 16,66  58,00   966,33
 16,25  58,00   942,30
 16,35  58,00   948,51
 15,93  58,00   923,94
 15,63  58,00   906,66
 16,42  58,00   952,29
 16,14  58,00   936,09
 16,40  58,00   950,94
 16,44  58,00   953,37
 16,42  58,00   952,29
 16,66  58,00   966,06
 16,26  58,00   943,11
 16,08  58,00   932,58
 16,47  58,00   955,26
 16,56  58,00   960,39
 16,02  58,00   929,07
 16,42  58,00   952,56
 15,98  58,00   926,64
 16,77  58,00   972,81
 16,19  58,00   939,06
 15,79  59,00   931,50
 15,04  59,00   887,22
 15,73  59,00   928,26
 15,48  59,00   913,14
 15,73  59,00   927,99
 15,90  59,00   938,25
 15,46  59,00   912,33
 15,40  59,00   908,55
 15,73  59,00   927,99
 15,87  59,00   936,09
 15,65  59,00   923,13
 15,74  59,00   928,53
 16,03  59,00   945,54
 14,96  59,00   882,90
 15,91  59,00   938,52
 15,46  59,00   912,06
 15,96  59,00   941,76
 15,27  59,00   900,99
 15,25  59,00   899,64
 15,14  59,00   893,43
 15,70  59,00   926,10
 14,90  59,00   879,12
 15,64  59,00   922,59
 16,21  59,00   956,61
 15,67  59,00   924,75
 16,46  59,00   971,19
 15,84  59,00   934,74
 15,75  59,00   929,07
 15,85  59,00   935,28
 15,79  59,00   931,50
 15,79  59,00   931,77
 15,73  59,00   927,99
 15,60  59,00   920,16
 15,46  59,00   912,33
 15,14  59,00   893,43
 15,70  59,00   926,37
 15,43  59,00   910,44
 15,05  59,00   888,03
 15,57  59,00   918,54
 15,68  59,00   925,02
 15,64  59,00   922,86
 15,14  60,00   908,55
 14,91  60,00   894,78
 14,95  60,00   897,21
 14,85  60,00   890,73
 15,44  60,00   926,37
 14,94  60,00   896,13
 14,98  60,00   898,56
 14,95  60,00   896,94
 15,21  60,00   912,87
 14,99  60,00   899,64
 15,05  60,00   903,15
 14,67  60,00   880,47
 15,21  60,00   912,60
 14,90  60,00   893,97
 14,35  60,00   861,30
 14,96  60,00   897,48
 15,34  60,00   920,43
 14,66  60,00   879,39
 14,97  60,00   898,29
 15,12  60,00   907,20
 15,07  60,00   904,23
 14,97  60,00   898,02
 15,03  60,00   901,53
 15,52  60,00   931,50
 15,32  60,00   919,08
 15,23  60,00   913,95
 14,60  60,00   875,88
 15,61  60,00   936,90
 15,20  60,00   912,06
 14,88  60,00   892,62
 15,32  60,00   919,08
 14,62  60,00   877,23
 15,34  60,00   920,70
 15,10  60,00   906,12
 14,87  60,00   892,08
 15,22  60,00   913,41
 15,05  60,00   902,88
 14,85  60,00   891,27
 14,50  60,00   870,21
 14,69  60,00   881,55
 14,85  60,00   891,27
 14,37  61,00   876,69
 14,65  61,00   893,70
 14,46  61,00   882,09
 14,61  61,00   891,27
 14,41  61,00   879,12
 14,97  61,00   913,41
 14,37  61,00   876,69
 14,93  61,00   910,44
 14,41  61,00   879,12
 14,37  61,00   876,69
 14,99  61,00   914,49
 14,52  61,00   885,87
 14,51  61,00   885,33
 14,39  61,00   878,04
 14,85  61,00   906,12
 14,45  61,00   881,55
 14,32  61,00   873,72
 14,31  61,00   872,64
 14,62  61,00   891,81
 14,11  61,00   860,76
 14,77  61,00   901,26
 14,41  61,00   879,12
 14,10  61,00   859,95
 14,02  61,00   855,36
 14,09  61,00   859,68
 14,21  61,00   866,70
 14,29  61,00   871,83
 14,85  61,00   905,85
 14,51  61,00   885,33
 14,22  61,00   867,24
 14,66  61,00   893,97
 14,51  61,00   885,33
 14,54  61,00   887,22
 14,14  61,00   862,65
 14,89  61,00   908,28
 14,43  61,00   880,20
 14,23  61,00   868,05
 14,07  61,00   858,06
 14,39  61,00   877,50
 13,99  61,00   853,20
 14,77  61,00   900,72
 13,74  62,00   851,85
 13,76  62,00   853,20
 13,84  62,00   858,06
 13,85  62,00   858,60
 13,54  62,00   839,70
 14,47  62,00   897,21
 13,47  62,00   835,38
 13,60  62,00   843,48
 14,12  62,00   875,34
 14,05  62,00   871,02
 13,84  62,00   857,79
 14,34  62,00   888,84
 13,99  62,00   867,24
 13,91  62,00   862,65
 13,97  62,00   865,89
 13,72  62,00   850,50
 13,73  62,00   851,31
 14,33  62,00   888,57
 14,11  62,00   874,80
 13,92  62,00   862,92
 14,41  62,00   893,16
 13,86  62,00   859,41
 14,16  62,00   878,04
 14,09  62,00   873,72
 13,96  62,00   865,35
 13,84  62,00   857,79
 13,81  62,00   856,44
 13,90  62,00   861,57
 14,20  62,00   880,47
 13,97  62,00   865,89
 13,94  62,00   864,54
 13,79  62,00   854,82
 14,01  62,00   868,86
 13,44  62,00   833,22
 13,83  62,00   857,52
 13,49  62,00   836,46
 13,71  62,00   849,96
 13,80  62,00   855,90
 13,80  62,00   855,36
 13,94  62,00   864,54
 14,36  62,00   890,46
 13,25  63,00   834,84
 13,45  63,00   847,26
 13,03  63,00   821,07
 13,59  63,00   856,44
 13,63  63,00   858,60
 13,43  63,00   846,18
 13,19  63,00   830,79
 13,20  63,00   831,33
 13,00  63,00   819,18
 13,55  63,00   853,74
 13,32  63,00   838,89
 13,50  63,00   850,50
 13,47  63,00   848,61
 13,00  63,00   819,18
 13,39  63,00   843,75
 13,07  63,00   823,50
 13,41  63,00   844,83
 12,86  63,00   810,00
 13,20  63,00   831,33
 13,36  63,00   841,59
 13,12  63,00   826,74
 13,33  63,00   839,70
 13,51  63,00   851,04
 13,50  63,00   850,50
 13,54  63,00   852,93
 13,06  63,00   822,69
 13,03  63,00   821,07
 13,37  63,00   842,13
 12,93  63,00   814,86
 13,14  63,00   827,82
 13,31  63,00   838,62
 13,31  63,00   838,62
 13,35  63,00   841,05
 13,18  63,00   830,25
 13,05  63,00   822,42
 13,56  63,00   854,28
 13,46  63,00   847,80
 13,17  63,00   829,44
 12,87  63,00   810,81
 13,11  63,00   826,20
 13,24  63,00   834,30
 12,74  64,00   815,40
 12,91  64,00   826,47
 12,43  64,00   795,42
 12,87  64,00   823,77
 12,65  64,00   809,46
 12,47  64,00   797,85
 12,53  64,00   801,90
 12,72  64,00   813,78
 12,92  64,00   827,01
 12,55  64,00   803,25
 12,59  64,00   805,68
 13,00  64,00   831,87
 12,74  64,00   815,67
 12,86  64,00   822,96
 12,49  64,00   799,20
 12,91  64,00   826,20
 12,39  64,00   792,99
 13,02  64,00   833,49
 13,30  64,00   851,31
 12,90  64,00   825,66
 12,93  64,00   827,55
 12,52  64,00   801,09
 12,52  64,00   801,09
 12,79  64,00   818,37
 12,49  64,00   799,47
 12,84  64,00   821,88
 12,64  64,00   808,65
 12,53  64,00   801,90
 12,60  64,00   806,49
 12,33  64,00   788,94
 12,50  64,00   800,28
 12,61  64,00   807,30
 12,67  64,00   810,81
 13,06  64,00   835,92
 12,56  64,00   804,06
 12,99  64,00   831,06
 12,73  64,00   814,86
 12,60  64,00   806,22
 12,55  64,00   803,25
 12,42  64,00   794,61
 12,54  64,00   802,71
 12,08  65,00   785,16
 12,42  65,00   807,03
 12,06  65,00   784,08
 11,97  65,00   778,14
 12,54  65,00   814,86
 12,58  65,00   817,56
 12,13  65,00   788,13
 11,83  65,00   768,96
 12,08  65,00   785,43
 12,28  65,00   798,39
 12,41  65,00   806,49
 12,17  65,00   790,83
 12,00  65,00   779,76
 12,52  65,00   813,51
 12,47  65,00   810,54
 12,20  65,00   792,99
 12,43  65,00   808,11
 12,27  65,00   797,31
 12,36  65,00   803,25
 11,99  65,00   779,49
 12,35  65,00   802,44
 12,26  65,00   797,04
 12,48  65,00   811,08
 12,16  65,00   790,29
 11,93  65,00   775,44
 12,28  65,00   798,12
 12,00  65,00   779,76
 12,44  65,00   808,92
 12,26  65,00   796,77
 12,30  65,00   799,74
 12,24  65,00   795,42
 11,85  65,00   770,04
 12,22  65,00   794,34
 12,18  65,00   791,64
 12,04  65,00   782,73
 11,94  65,00   776,25
 12,02  65,00   781,11
 12,14  65,00   788,94
 12,08  65,00   784,89
 12,13  65,00   788,13
 12,56  65,00   816,48
 11,63  66,00   767,34
 11,37  66,00   750,60
 11,58  66,00   764,37
 11,54  66,00   761,67
 11,25  66,00   742,50
 11,80  66,00   778,68
 11,25  66,00   742,77
 11,34  66,00   748,44
 11,72  66,00   773,28
 11,52  66,00   760,59
 11,57  66,00   763,56
 11,70  66,00   772,20
 11,61  66,00   765,99
 11,00  66,00   725,76
 11,83  66,00   780,84
 11,58  66,00   764,37
 11,69  66,00   771,66
 11,61  66,00   766,26
 11,83  66,00   781,11
 11,67  66,00   770,31
 11,72  66,00   773,28
 11,55  66,00   762,48
 11,74  66,00   774,63
 11,80  66,00   778,68
 11,62  66,00   766,80
 11,50  66,00   758,70
 11,41  66,00   753,03
 11,79  66,00   777,87
 11,78  66,00   777,33
 11,64  66,00   768,42
 11,77  66,00   776,79
 11,73  66,00   774,09
 11,73  66,00   774,36
 11,71  66,00   773,01
 11,49  66,00   758,43
 11,70  66,00   772,20
 11,47  66,00   757,08
 11,82  66,00   780,03
 11,76  66,00   775,98
 11,74  66,00   775,17
 11,58  66,00   764,37
 11,14  67,00   746,55
 11,43  67,00   765,72
 11,22  67,00   751,68
 11,29  67,00   756,54
 11,00  67,00   736,83
 11,22  67,00   751,68
 11,30  67,00   756,81
 11,31  67,00   757,62
 11,17  67,00   748,44
 11,13  67,00   746,01
 11,31  67,00   757,89
 11,20  67,00   750,60
 11,48  67,00   769,23
 11,34  67,00   759,78
 11,35  67,00   760,59
 11,32  67,00   758,16
 11,34  67,00   759,51
 11,30  67,00   756,81
 11,34  67,00   759,51
 11,09  67,00   743,31
 11,07  67,00   741,42
 11,30  67,00   756,81
 10,87  67,00   728,46
 11,29  67,00   756,27
 10,91  67,00   731,16
 11,26  67,00   754,11
 11,17  67,00   748,17
 11,15  67,00   746,82
 11,12  67,00   745,20
 11,08  67,00   742,23
 11,49  67,00   769,50
 11,24  67,00   753,30
 11,23  67,00   752,49
 11,03  67,00   738,72
 11,19  67,00   750,06
 11,55  67,00   774,09
 10,95  67,00   733,32
 10,93  67,00   732,24
 11,13  67,00   745,74
 11,09  67,00   742,77
 10,90  67,00   730,08
 10,82  68,00   735,48
 10,80  68,00   734,13
 10,27  68,00   698,49
 10,90  68,00   741,42
 10,88  68,00   739,53
 10,78  68,00   733,32
 10,51  68,00   714,69
 10,81  68,00   734,94
 10,82  68,00   736,02
 10,47  68,00   712,26
 10,96  68,00   745,47
 10,92  68,00   742,77
 10,62  68,00   722,25
 10,39  68,00   706,32
 10,95  68,00   744,39
 10,63  68,00   723,06
 10,53  68,00   715,77
 10,65  68,00   724,14
 10,97  68,00   746,01
 10,59  68,00   720,36
 10,55  68,00   717,39
 10,82  68,00   736,02
 10,87  68,00   739,26
 10,76  68,00   731,43
 10,86  68,00   738,18
 10,89  68,00   740,34
 10,52  68,00   715,50
 10,58  68,00   719,28
 10,96  68,00   745,20
 10,86  68,00   738,72
 10,71  68,00   728,46
 10,88  68,00   739,80
 10,78  68,00   733,32
 10,77  68,00   732,51
 10,97  68,00   746,28
 11,11  68,00   755,46
 10,91  68,00   741,96
 10,86  68,00   738,45
 10,76  68,00   731,97
 11,10  68,00   754,92
 10,54  68,00   716,85
 10,37  69,00   715,77
 10,12  69,00   698,22
 10,39  69,00   717,12
 10,39  69,00   716,85
 10,53  69,00   726,57
 10,19  69,00   702,81
 10,44  69,00   720,09
 10,28  69,00   709,56
 10,38  69,00   716,31
 10,24  69,00   706,32
 10,40  69,00   717,66
  9,87  69,00   681,21
 10,47  69,00   722,25
 10,60  69,00   731,70
 10,40  69,00   717,66
 10,59  69,00   730,62
 10,26  69,00   707,94
 10,35  69,00   714,42
 10,42  69,00   718,74
 10,02  69,00   691,47
 10,32  69,00   711,99
 10,31  69,00   711,45
 10,32  69,00   711,99
  9,92  69,00   684,45
 10,48  69,00   722,79
 10,05  69,00   693,63
 10,39  69,00   717,12
 10,25  69,00   707,40
 10,32  69,00   712,26
 10,44  69,00   720,09
 10,21  69,00   704,70
 10,28  69,00   709,02
 10,22  69,00   704,97
 10,32  69,00   711,99
 10,21  69,00   704,16
 10,17  69,00   702,00
 10,37  69,00   715,50
 10,48  69,00   723,33
 10,33  69,00   712,80
 10,20  69,00   703,89
 10,02  69,00   691,20
  9,63  70,00   674,19
  9,71  70,00   679,59
  9,79  70,00   684,99
  9,67  70,00   676,89
  9,77  70,00   683,64
  9,55  70,00   668,79
  9,83  70,00   688,23
  9,91  70,00   693,36
  9,84  70,00   688,77
 10,02  70,00   701,73
  9,83  70,00   687,96
  9,96  70,00   697,41
  9,78  70,00   684,45
  9,86  70,00   690,39
  9,81  70,00   686,61
  9,91  70,00   693,63
  9,86  70,00   690,12
 10,14  70,00   709,56
  9,78  70,00   684,72
  9,72  70,00   680,67
  9,74  70,00   682,02
  9,99  70,00   699,30
  9,93  70,00   694,98
  9,71  70,00   679,59
  9,83  70,00   687,96
  9,87  70,00   690,93
  9,93  70,00   695,25
  9,67  70,00   676,89
 10,09  70,00   706,05
  9,95  70,00   696,33
  9,81  70,00   686,88
  9,72  70,00   680,13
  9,80  70,00   686,07
  9,70  70,00   679,32
  9,77  70,00   684,18
  9,77  70,00   684,18
  9,74  70,00   682,02
 10,01  70,00   700,65
  9,73  70,00   681,21
  9,73  70,00   680,94
  9,54  70,00   667,71
  9,37  71,00   665,28
  9,45  71,00   671,22
  9,44  71,00   670,14
  9,23  71,00   655,29
  9,51  71,00   675,27
  9,13  71,00   648,27
  9,42  71,00   668,52
  9,25  71,00   656,64
  9,35  71,00   664,20
  9,41  71,00   668,25
  9,35  71,00   663,66
  9,64  71,00   684,18
  9,28  71,00   659,07
  9,43  71,00   669,87
  9,29  71,00   659,61
  9,50  71,00   674,46
  9,32  71,00   661,50
  9,39  71,00   666,36
  9,47  71,00   672,03
  9,12  71,00   647,19
  9,46  71,00   671,76
  9,21  71,00   653,67
  9,39  71,00   666,90
  9,42  71,00   668,79
  9,56  71,00   679,05
  9,44  71,00   670,14
  9,43  71,00   669,87
  9,23  71,00   655,56
  9,10  71,00   646,11
  9,38  71,00   665,82
  9,37  71,00   665,55
  9,24  71,00   656,37
  9,38  71,00   666,09
  9,48  71,00   673,11
  9,39  71,00   666,90
  9,58  71,00   680,40
  9,41  71,00   668,25
  9,58  71,00   680,13
  9,36  71,00   664,47
  9,56  71,00   678,51
  9,55  71,00   678,24
  8,95  72,00   644,22
  9,06  72,00   652,32
  8,77  72,00   631,80
  8,71  72,00   627,48
  9,06  72,00   652,59
  8,79  72,00   632,88
  8,82  72,00   634,77
  8,97  72,00   645,57
  8,91  72,00   641,25
  8,54  72,00   614,79
  8,56  72,00   616,68
  8,87  72,00   638,82
  9,30  72,00   669,33
  9,07  72,00   652,86
  9,19  72,00   661,77
  8,92  72,00   642,60
  8,89  72,00   640,44
  8,90  72,00   640,98
  8,95  72,00   644,49
  8,91  72,00   641,25
  8,55  72,00   615,87
  8,81  72,00   634,23
  9,06  72,00   652,05
  9,04  72,00   650,97
  8,88  72,00   639,09
  8,83  72,00   635,85
  8,89  72,00   640,17
  8,84  72,00   636,66
  9,07  72,00   653,13
  9,14  72,00   658,26
  8,88  72,00   639,36
  8,86  72,00   638,28
  9,07  72,00   652,86
  8,92  72,00   642,06
  8,81  72,00   634,50
  9,03  72,00   649,89
  8,43  72,00   606,69
  8,90  72,00   640,98
  8,72  72,00   627,75
  8,98  72,00   646,92
  8,73  72,00   628,29
  8,45  73,00   616,68
  8,57  73,00   625,59
  8,16  73,00   595,62
  8,43  73,00   615,06
  8,14  73,00   594,54
  8,40  73,00   613,17
  8,32  73,00   607,50
  8,57  73,00   625,59
  8,60  73,00   627,48
  8,37  73,00   610,74
  8,37  73,00   611,01
  8,54  73,00   623,43
  8,33  73,00   607,77
  8,17  73,00   596,16
  8,26  73,00   602,64
  8,52  73,00   622,08
  8,46  73,00   617,22
  8,31  73,00   606,96
  8,38  73,00   611,82
  8,79  73,00   641,52
  8,36  73,00   610,20
  8,58  73,00   626,67
  8,61  73,00   628,56
  8,54  73,00   623,43
  8,46  73,00   617,49
  8,42  73,00   614,79
  8,53  73,00   622,89
  8,51  73,00   621,54
  8,26  73,00   603,18
  8,55  73,00   624,24
  8,06  73,00   588,60
  8,56  73,00   624,78
  8,59  73,00   626,94
  8,34  73,00   608,85
  8,57  73,00   625,86
  8,50  73,00   620,46
  8,45  73,00   616,68
  8,82  73,00   643,95
  8,46  73,00   617,22
  8,38  73,00   611,55
  8,74  73,00   637,74
  8,19  74,00   605,88
  8,26  74,00   611,01
  8,16  74,00   603,99
  8,15  74,00   603,45
  8,07  74,00   596,97
  8,33  74,00   616,41
  8,01  74,00   592,92
  8,03  74,00   594,54
  7,93  74,00   586,71
  8,09  74,00   598,86
  7,87  74,00   582,66
  7,84  74,00   580,23
  7,89  74,00   584,01
  7,98  74,00   590,76
  8,11  74,00   600,48
  8,00  74,00   592,11
  8,09  74,00   598,86
  7,85  74,00   581,04
  7,99  74,00   591,30
  8,01  74,00   592,65
  8,05  74,00   595,62
  7,70  74,00   569,97
  8,16  74,00   603,72
  7,98  74,00   590,76
  8,07  74,00   597,51
  8,05  74,00   595,89
  8,23  74,00   609,12
  8,03  74,00   594,54
  8,17  74,00   604,26
  7,72  74,00   571,32
  8,10  74,00   599,40
  7,80  74,00   577,53
  7,98  74,00   590,22
  8,22  74,00   608,58
  7,91  74,00   585,36
  8,13  74,00   601,83
  8,25  74,00   610,47
  7,96  74,00   588,87
  8,03  74,00   594,00
  7,98  74,00   590,22
  7,97  74,00   589,68
  7,67  75,00   575,37
  7,69  75,00   576,72
  7,61  75,00   570,51
  7,65  75,00   573,48
  7,46  75,00   559,71
  7,86  75,00   589,41
  7,89  75,00   591,84
  7,73  75,00   579,69
  7,65  75,00   573,48
  7,57  75,00   568,08
  7,63  75,00   572,40
  7,77  75,00   582,93
  7,93  75,00   594,54
  7,72  75,00   579,15
  7,62  75,00   571,59
  7,83  75,00   587,52
  7,64  75,00   572,94
  7,60  75,00   570,24
  7,62  75,00   571,32
  7,58  75,00   568,35
  7,57  75,00   567,81
  7,56  75,00   567,00
  7,65  75,00   573,75
  7,59  75,00   569,16
  7,56  75,00   567,00
  7,52  75,00   564,03
  7,80  75,00   584,82
  7,76  75,00   581,85
  7,69  75,00   576,72
  7,74  75,00   580,77
  7,75  75,00   581,58
  7,55  75,00   566,19
  7,78  75,00   583,47
  7,70  75,00   577,80
  7,78  75,00   583,74
  7,73  75,00   579,42
  7,61  75,00   570,78
  7,67  75,00   575,10
  7,61  75,00   570,78
  7,78  75,00   583,47
  7,55  75,00   565,92
  7,34  76,00   557,82
  7,45  76,00   566,46
  7,27  76,00   552,69
  7,62  76,00   578,88
  7,32  76,00   556,47
  7,37  76,00   559,98
  7,45  76,00   565,92
  7,12  76,00   541,08
  7,27  76,00   552,15
  7,34  76,00   557,82
  7,31  76,00   555,66
  7,44  76,00   565,38
  7,27  76,00   552,15
  7,09  76,00   539,19
  7,19  76,00   546,75
  7,42  76,00   563,76
  7,44  76,00   565,11
  7,30  76,00   554,85
  7,28  76,00   552,96
  7,37  76,00   560,25
  7,39  76,00   561,60
  7,12  76,00   540,81
  7,36  76,00   559,44
  7,30  76,00   554,85
  7,21  76,00   547,83
  7,33  76,00   556,74
  7,19  76,00   546,48
  7,29  76,00   554,31
  7,20  76,00   547,29
  7,33  76,00   557,28
  7,11  76,00   540,27
  7,23  76,00   549,18
  7,31  76,00   555,66
  7,17  76,00   544,86
  7,36  76,00   559,71
  7,47  76,00   567,54
  7,44  76,00   565,38
  7,19  76,00   546,48
  7,14  76,00   542,43
  7,17  76,00   544,59
  7,28  76,00   553,23
  6,80  77,00   523,26
  6,97  77,00   537,03
  7,01  77,00   539,73
  7,05  77,00   542,70
  6,95  77,00   535,41
  6,78  77,00   522,18
  6,92  77,00   532,98
  6,83  77,00   525,69
  6,79  77,00   522,45
  6,93  77,00   533,52
  7,04  77,00   542,43
  6,88  77,00   530,01
  6,82  77,00   524,88
  7,04  77,00   542,16
  6,90  77,00   531,36
  6,99  77,00   538,11
  6,96  77,00   536,22
  7,03  77,00   541,08
  6,81  77,00   524,61
  6,86  77,00   528,12
  6,87  77,00   528,66
  7,06  77,00   543,78
  6,94  77,00   534,06
  6,74  77,00   519,21
  6,93  77,00   533,25
  6,70  77,00   515,70
  6,80  77,00   523,26
  7,02  77,00   540,81
  6,92  77,00   532,98
  7,09  77,00   546,21
  6,85  77,00   527,31
  6,74  77,00   518,67
  6,90  77,00   531,09
  7,04  77,00   542,43
  6,97  77,00   537,03
  7,04  77,00   541,89
  6,95  77,00   535,41
  6,89  77,00   530,55
  6,82  77,00   524,88
  6,90  77,00   531,63
  6,86  77,00   528,12
  6,55  78,00   510,84
  6,64  78,00   518,13
  6,49  78,00   505,98
  6,61  78,00   515,43
  6,51  78,00   507,87
  6,65  78,00   518,67
  6,51  78,00   507,60
  6,57  78,00   512,19
  6,46  78,00   503,55
  6,65  78,00   518,40
  6,47  78,00   504,36
  6,44  78,00   502,47
  6,52  78,00   508,68
  6,51  78,00   507,87
  6,59  78,00   514,08
  6,58  78,00   513,54
  6,73  78,00   524,88
  6,42  78,00   501,12
  6,50  78,00   506,79
  6,43  78,00   501,93
  6,49  78,00   506,52
  6,44  78,00   502,47
  6,60  78,00   514,89
  6,69  78,00   522,18
  6,51  78,00   507,87
  6,37  78,00   496,80
  6,46  78,00   503,82
  6,54  78,00   510,03
  6,41  78,00   500,04
  6,49  78,00   505,98
  6,60  78,00   514,89
  6,52  78,00   508,95
  6,33  78,00   494,10
  6,46  78,00   504,09
  6,54  78,00   510,30
  6,63  78,00   516,78
  6,38  78,00   497,88
  6,41  78,00   500,04
  6,76  78,00   527,04
  6,40  78,00   499,50
  6,68  78,00   521,37
  6,25  79,00   493,56
  6,09  79,00   480,87
  6,32  79,00   498,96
  6,30  79,00   497,34
  6,07  79,00   479,79
  6,02  79,00   475,47
  6,54  79,00   516,78
  6,20  79,00   489,51
  6,12  79,00   483,30
  6,21  79,00   490,86
  6,04  79,00   476,82
  6,22  79,00   491,40
  6,18  79,00   488,16
  6,29  79,00   496,53
  6,10  79,00   481,68
  6,30  79,00   497,61
  6,02  79,00   475,47
  6,04  79,00   477,36
  6,21  79,00   490,59
  6,21  79,00   490,86
  6,24  79,00   492,75
  6,02  79,00   475,20
  6,14  79,00   485,19
  6,15  79,00   485,46
  6,08  79,00   480,33
  6,09  79,00   481,41
  6,15  79,00   485,73
  5,95  79,00   470,07
  6,15  79,00   486,00
  6,13  79,00   484,11
  6,12  79,00   483,84
  6,23  79,00   491,94
  6,13  79,00   484,65
  6,23  79,00   492,48
  5,98  79,00   472,50
  6,04  79,00   477,09
  6,26  79,00   494,91
  6,00  79,00   474,12
  6,18  79,00   487,89
  6,33  79,00   500,31
  5,98  79,00   472,23
  5,96  80,00   477,09
  5,71  80,00   457,11
  5,73  80,00   458,46
  5,75  80,00   460,35
  5,76  80,00   460,89
  5,92  80,00   473,58
  5,89  80,00   471,42
  5,77  80,00   461,97
  5,67  80,00   453,87
  5,75  80,00   460,08
  5,56  80,00   444,96
  5,71  80,00   456,84
  5,91  80,00   472,77
  5,71  80,00   457,11
  5,81  80,00   464,94
  5,83  80,00   466,02
  5,87  80,00   469,80
  5,66  80,00   453,06
  5,78  80,00   462,78
  5,65  80,00   451,98
  5,90  80,00   472,23
  5,84  80,00   467,37
  5,87  80,00   469,80
  6,00  80,00   479,79
  5,92  80,00   473,58
  5,69  80,00   455,22
  5,57  80,00   445,77
  5,90  80,00   471,69
  5,53  80,00   442,26
  5,76  80,00   461,16
  5,80  80,00   463,86
  5,77  80,00   461,97
  5,99  80,00   478,98
  5,86  80,00   468,72
  5,83  80,00   466,56
  5,77  80,00   461,97
  5,80  80,00   463,86
  5,82  80,00   465,48
  5,86  80,00   468,99
  5,93  80,00   474,12
  5,78  80,00   462,24
  5,53  81,00   447,93
  5,48  81,00   443,88
  5,51  81,00   446,58
  5,52  81,00   447,39
  5,55  81,00   449,55
  5,51  81,00   446,31
  5,27  81,00   426,87
  5,51  81,00   446,04
  5,52  81,00   447,39
  5,35  81,00   433,62
  5,52  81,00   447,12
  5,49  81,00   444,96
  5,55  81,00   449,28
  5,55  81,00   449,28
  5,25  81,00   424,98
  5,28  81,00   427,41
  5,53  81,00   447,93
  5,45  81,00   441,18
  5,59  81,00   452,79
  5,44  81,00   440,37
  5,42  81,00   439,02
  5,48  81,00   443,61
  5,41  81,00   438,21
  5,58  81,00   452,25
  5,49  81,00   444,42
  5,42  81,00   438,75
  5,55  81,00   449,28
  5,50  81,00   445,50
  5,62  81,00   455,22
  5,49  81,00   444,42
  5,61  81,00   454,14
  5,45  81,00   441,18
  5,43  81,00   439,56
  5,38  81,00   436,05
  5,40  81,00   437,13
  5,35  81,00   433,35
  5,53  81,00   448,20
  5,48  81,00   444,15
  5,38  81,00   435,78
  5,44  81,00   440,91
  5,44  81,00   440,64
  5,04  82,00   413,37
  5,30  82,00   434,43
  4,92  82,00   403,11
  5,17  82,00   423,90
  5,13  82,00   420,93
  5,05  82,00   414,18
  5,08  82,00   416,88
  5,07  82,00   415,53
  5,09  82,00   417,42
  5,22  82,00   428,22
  5,14  82,00   421,74
  5,17  82,00   424,17
  5,23  82,00   428,76
  5,26  82,00   431,46
  5,12  82,00   420,12
  5,11  82,00   419,31
  5,14  82,00   421,20
  5,09  82,00   417,69
  5,09  82,00   417,69
  5,14  82,00   421,74
  4,99  82,00   409,05
  5,02  82,00   411,48
  5,13  82,00   420,39
  5,27  82,00   432,00
  5,09  82,00   417,69
  5,20  82,00   426,33
  5,15  82,00   422,28
  5,09  82,00   417,69
  5,16  82,00   423,09
  5,19  82,00   425,79
  4,98  82,00   408,24
  5,14  82,00   421,20
  5,18  82,00   424,71
  5,19  82,00   425,52
  5,10  82,00   418,23
  5,12  82,00   419,85
  5,25  82,00   430,11
  5,13  82,00   420,93
  5,15  82,00   422,55
  5,12  82,00   419,85
  5,10  82,00   418,23
  4,91  83,00   407,16
  4,81  83,00   399,60
  4,76  83,00   395,28
  4,78  83,00   396,90
  4,66  83,00   386,64
  4,88  83,00   405,00
  4,84  83,00   401,76
  4,69  83,00   389,61
  4,81  83,00   399,06
  4,80  83,00   398,79
  4,94  83,00   410,13
  4,93  83,00   408,78
  4,75  83,00   394,47
  5,02  83,00   416,34
  4,88  83,00   405,00
  4,85  83,00   402,30
  4,86  83,00   403,38
  4,76  83,00   395,01
  4,79  83,00   397,71
  4,85  83,00   402,30
  4,91  83,00   407,43
  4,63  83,00   384,48
  4,76  83,00   395,28
  4,80  83,00   398,79
  4,78  83,00   396,63
  4,79  83,00   397,98
  4,72  83,00   391,77
  4,82  83,00   400,14
  4,70  83,00   389,88
  4,91  83,00   407,70
  4,92  83,00   407,97
  4,89  83,00   406,08
  4,81  83,00   399,33
  4,85  83,00   402,57
  4,79  83,00   397,17
  4,83  83,00   400,95
  4,83  83,00   400,68
  4,76  83,00   394,74
  4,89  83,00   405,81
  4,84  83,00   401,49
  4,75  83,00   393,93
  4,39  84,00   368,55
  4,15  84,00   348,57
  4,22  84,00   354,51
  4,53  84,00   380,70
  4,51  84,00   379,08
  4,33  84,00   363,69
  4,33  84,00   363,42
  4,28  84,00   359,91
  4,55  84,00   382,59
  4,30  84,00   361,26
  4,41  84,00   370,71
  4,25  84,00   357,21
  4,39  84,00   368,82
  4,29  84,00   360,18
  4,30  84,00   361,53
  4,37  84,00   367,47
  4,37  84,00   366,93
  4,46  84,00   375,03
  4,45  84,00   373,68
  4,55  84,00   382,32
  4,48  84,00   376,11
  4,50  84,00   378,00
  4,29  84,00   360,72
  4,36  84,00   366,12
  4,27  84,00   358,29
  4,38  84,00   367,74
  4,40  84,00   369,36
  4,45  84,00   373,68
  4,18  84,00   350,73
  4,30  84,00   361,53
  4,45  84,00   374,22
  4,37  84,00   367,47
  4,40  84,00   369,90
  4,27  84,00   359,10
  4,54  84,00   381,51
  4,40  84,00   369,63
  4,54  84,00   381,51
  4,59  84,00   385,29
  4,53  84,00   380,43
  4,41  84,00   370,17
  4,44  84,00   373,14
  3,95  85,00   335,61
  3,87  85,00   328,59
  4,03  85,00   342,63
  3,87  85,00   328,59
  3,95  85,00   336,15
  4,07  85,00   345,87
  4,18  85,00   355,32
  4,07  85,00   345,60
  4,05  85,00   344,25
  4,15  85,00   352,62
  3,91  85,00   332,10
  3,97  85,00   337,50
  4,07  85,00   345,60
  4,22  85,00   359,10
  4,02  85,00   341,55
  4,00  85,00   339,93
  3,88  85,00   329,94
  3,92  85,00   333,18
  3,74  85,00   318,06
  3,99  85,00   338,85
  3,91  85,00   332,10
  4,08  85,00   346,41
  4,15  85,00   352,89
  4,03  85,00   342,36
  4,03  85,00   342,63
  3,89  85,00   331,02
  4,09  85,00   347,76
  4,21  85,00   358,02
  4,02  85,00   341,82
  4,08  85,00   346,95
  4,28  85,00   363,42
  4,09  85,00   347,76
  4,17  85,00   354,24
  4,16  85,00   353,70
  4,08  85,00   346,41
  3,98  85,00   338,58
  3,87  85,00   329,13
  4,03  85,00   342,63
  4,17  85,00   354,24
  4,04  85,00   343,71
  4,28  85,00   363,42
  3,91  86,00   336,69
  3,81  86,00   327,78
  3,55  86,00   305,64
  3,83  86,00   329,67
  3,73  86,00   320,76
  3,83  86,00   329,13
  3,74  86,00   321,57
  3,70  86,00   318,60
  3,80  86,00   326,97
  3,63  86,00   312,39
  3,64  86,00   312,66
  3,68  86,00   316,71
  3,75  86,00   322,65
  3,78  86,00   325,08
  3,78  86,00   324,81
  3,65  86,00   313,74
  3,78  86,00   324,81
  3,78  86,00   324,81
  3,87  86,00   332,91
  3,80  86,00   326,70
  3,78  86,00   325,35
  3,70  86,00   318,06
  3,77  86,00   324,54
  3,79  86,00   325,62
  3,84  86,00   329,94
  3,80  86,00   326,43
  3,64  86,00   313,20
  3,65  86,00   314,01
  3,79  86,00   325,89
  3,71  86,00   318,87
  3,78  86,00   325,35
  3,84  86,00   330,21
  3,74  86,00   321,30
  3,75  86,00   322,11
  3,76  86,00   323,19
  3,89  86,00   334,26
  3,61  86,00   310,50
  3,74  86,00   321,30
  3,70  86,00   318,06
  3,82  86,00   328,86
  3,74  86,00   321,57
  3,36  87,00   292,14
  3,45  87,00   299,97
  3,52  87,00   305,91
  3,36  87,00   292,68
  3,46  87,00   301,05
  3,46  87,00   301,05
  3,42  87,00   297,54
  3,50  87,00   304,83
  3,55  87,00   308,88
  3,38  87,00   294,30
  3,39  87,00   295,11
  3,48  87,00   302,67
  3,41  87,00   296,46
  3,48  87,00   302,40
  3,51  87,00   305,64
  3,49  87,00   303,48
  3,52  87,00   306,18
  3,51  87,00   305,10
  3,37  87,00   293,49
  3,37  87,00   293,49
  3,37  87,00   293,49
  3,50  87,00   304,56
  3,47  87,00   302,13
  3,47  87,00   302,13
  3,54  87,00   308,34
  3,54  87,00   308,07
  3,41  87,00   297,00
  3,45  87,00   300,51
  3,57  87,00   310,77
  3,52  87,00   306,45
  3,23  87,00   281,34
  3,45  87,00   300,24
  3,46  87,00   301,32
  3,44  87,00   299,43
  3,49  87,00   303,75
  3,58  87,00   311,58
  3,42  87,00   297,54
  3,44  87,00   299,43
  3,44  87,00   299,70
  3,38  87,00   293,76
  3,54  87,00   308,34
  3,16  88,00   278,37
  3,23  88,00   284,58
  3,25  88,00   285,93
  3,10  88,00   272,70
  3,27  88,00   288,09
  3,21  88,00   282,69
  3,24  88,00   285,39
  3,14  88,00   275,94
  3,12  88,00   274,86
  3,23  88,00   284,04
  3,02  88,00   265,95
  3,15  88,00   277,56
  3,21  88,00   282,69
  3,12  88,00   274,86
  3,14  88,00   276,75
  3,14  88,00   276,75
  3,14  88,00   276,75
  3,11  88,00   273,78
  2,98  88,00   261,90
  3,14  88,00   276,21
  3,03  88,00   267,03
  3,21  88,00   282,69
  3,17  88,00   278,91
  3,14  88,00   276,21
  3,18  88,00   280,26
  3,25  88,00   285,66
  3,18  88,00   280,26
  3,14  88,00   276,75
  3,24  88,00   285,12
  3,16  88,00   278,37
  3,04  88,00   267,30
  3,22  88,00   282,96
  3,24  88,00   285,12
  3,15  88,00   277,56
  3,05  88,00   268,65
  3,19  88,00   280,53
  3,11  88,00   274,05
  3,00  88,00   264,33
  3,10  88,00   272,43
  3,27  88,00   288,09
  3,25  88,00   285,66
  2,89  89,00   256,77
  2,93  89,00   260,55
  2,71  89,00   241,38
  2,81  89,00   249,75
  2,82  89,00   251,10
  2,88  89,00   256,50
  2,94  89,00   261,63
  2,82  89,00   250,83
  2,82  89,00   250,83
  2,84  89,00   252,72
  2,83  89,00   251,91
  2,86  89,00   254,61
  2,91  89,00   258,66
  2,94  89,00   261,36
  2,97  89,00   264,60
  2,92  89,00   260,28
  2,95  89,00   262,71
  2,93  89,00   260,55
  2,86  89,00   254,61
  2,76  89,00   245,43
  2,79  89,00   248,40
  2,80  89,00   248,94
  2,91  89,00   258,93
  2,87  89,00   255,69
  2,91  89,00   259,20
  2,86  89,00   254,34
  2,87  89,00   255,69
  2,86  89,00   254,34
  2,92  89,00   259,74
  2,84  89,00   252,72
  2,97  89,00   264,06
  2,87  89,00   255,15
  2,92  89,00   260,01
  2,77  89,00   246,51
  2,99  89,00   265,68
  2,92  89,00   259,74
  2,86  89,00   254,34
  2,66  89,00   237,06
  2,87  89,00   255,69
  2,89  89,00   257,31
  2,76  89,00   245,70
  2,46  90,00   221,13
  2,53  90,00   227,34
  2,66  90,00   239,49
  2,60  90,00   234,09
  2,65  90,00   238,95
  2,67  90,00   240,57
  2,59  90,00   233,01
  2,60  90,00   234,09
  2,57  90,00   231,39
  2,61  90,00   235,17
  2,54  90,00   228,69
  2,58  90,00   232,20
  2,61  90,00   234,90
  2,58  90,00   232,47
  2,65  90,00   238,95
  2,60  90,00   233,82
  2,57  90,00   231,66
  2,57  90,00   231,39
  2,63  90,00   237,06
  2,55  90,00   229,77
  2,58  90,00   232,47
  2,53  90,00   227,34
  2,55  90,00   229,50
  2,56  90,00   230,58
  2,55  90,00   229,23
  2,53  90,00   227,88
  2,67  90,00   240,57
  2,62  90,00   235,44
  2,56  90,00   230,85
  2,59  90,00   233,01
  2,62  90,00   235,44
  2,61  90,00   234,90
  2,60  90,00   234,09
  2,59  90,00   233,55
  2,68  90,00   240,84
  2,57  90,00   231,39
  2,66  90,00   239,22
  2,62  90,00   236,25
  2,41  90,00   216,81
  2,56  90,00   230,85
  2,57  90,00   231,12
