
126,47   5,00   632,34
125,17   5,00   625,86
124,42   5,00   622,08
125,17   5,00   625,86
126,36   5,00   631,80
125,28   5,00   626,40
125,17   5,00   625,86
128,20   5,00   640,98
127,28   5,00   636,39
128,84   5,00   644,22
126,36   5,00   631,80
127,66   5,00   638,28
126,31   5,00   631,53
127,17   5,00   635,85
126,58   5,00   632,88
126,79   5,00   633,96
124,69   5,00   623,43
125,93   5,00   629,64
127,06   5,00   635,31
125,87   5,00   629,37
125,44   5,00   627,21
126,25   5,00   631,26
126,47   5,00   632,34
126,74   5,00   633,69
127,39   5,00   636,93
125,23   5,00   626,13
127,39   5,00   636,93
126,20   5,00   630,99
127,71   5,00   638,55
128,52   5,00   642,60
126,63   5,00   633,15
127,60   5,00   638,01
129,38   5,00   646,92
126,04   5,00   630,18
125,87   5,00   629,37
127,55   5,00   637,74
126,20   5,00   630,99
125,82   5,00   629,10
126,90   5,00   634,50
126,52   5,00   632,61
126,90   5,00   634,50
126,81   6,00   760,86
125,19   6,00   751,14
126,36   6,00   758,16
126,45   6,00   758,70
125,23   6,00   751,41
128,74   6,00   772,47
125,19   6,00   751,14
127,44   6,00   764,64
125,55   6,00   753,30
123,75   6,00   742,50
126,18   6,00   757,08
127,39   6,00   764,37
127,66   6,00   765,99
126,85   6,00   761,13
125,28   6,00   751,68
125,86   6,00   755,19
125,14   6,00   750,87
126,22   6,00   757,35
124,87   6,00   749,25
127,26   6,00   763,56
126,36   6,00   758,16
126,54   6,00   759,24
128,79   6,00   772,74
127,93   6,00   767,61
125,19   6,00   751,14
126,00   6,00   756,00
124,51   6,00   747,09
126,36   6,00   758,16
125,77   6,00   754,65
126,94   6,00   761,67
126,90   6,00   761,40
125,64   6,00   753,84
124,06   6,00   744,39
127,08   6,00   762,48
125,59   6,00   753,57
125,23   6,00   751,41
126,85   6,00   761,13
126,54   6,00   759,24
128,65   6,00   771,93
126,63   6,00   759,78
128,02   6,00   768,15
125,63   7,00   879,39
126,90   7,00   888,30
124,01   7,00   868,05
127,13   7,00   889,92
125,63   7,00   879,39
126,32   7,00   884,25
125,09   7,00   875,61
127,59   7,00   893,16
125,82   7,00   880,74
124,86   7,00   873,99
126,21   7,00   883,44
127,67   7,00   893,70
127,36   7,00   891,54
126,40   7,00   884,79
126,63   7,00   886,41
126,86   7,00   888,03
128,10   7,00   896,67
126,82   7,00   887,76
126,48   7,00   885,33
125,55   7,00   878,85
125,70   7,00   879,93
124,82   7,00   873,72
124,97   7,00   874,80
125,74   7,00   880,20
125,97   7,00   881,82
127,17   7,00   890,19
127,40   7,00   891,81
127,40   7,00   891,81
125,67   7,00   879,66
126,67   7,00   886,68
125,59   7,00   879,12
126,71   7,00   886,95
126,24   7,00   883,71
125,09   7,00   875,61
126,13   7,00   882,90
126,40   7,00   884,79
125,94   7,00   881,55
127,21   7,00   890,46
126,86   7,00   888,03
127,29   7,00   891,00
126,21   7,00   883,44
125,72   8,00  1005,75
126,83   8,00  1014,66
125,82   8,00  1006,56
124,60   8,00   996,84
126,80   8,00  1014,39
125,68   8,00  1005,48
127,00   8,00  1016,01
126,43   8,00  1011,42
124,64   8,00   997,11
126,43   8,00  1011,42
126,36   8,00  1010,88
124,71   8,00   997,65
123,66   8,00   989,28
126,66   8,00  1013,31
126,60   8,00  1012,77
126,33   8,00  1010,61
126,06   8,00  1008,45
124,06   8,00   992,52
125,04   8,00  1000,35
125,31   8,00  1002,51
125,25   8,00  1001,97
126,26   8,00  1010,07
123,63   8,00   989,01
126,60   8,00  1012,77
124,71   8,00   997,65
126,29   8,00  1010,34
125,45   8,00  1003,59
127,24   8,00  1017,90
126,90   8,00  1015,20
125,85   8,00  1006,83
125,65   8,00  1005,21
125,08   8,00  1000,62
125,48   8,00  1003,86
127,44   8,00  1019,52
124,03   8,00   992,25
125,99   8,00  1007,91
124,74   8,00   997,92
126,02   8,00  1008,18
125,79   8,00  1006,29
125,68   8,00  1005,48
125,99   8,00  1007,91
124,50   9,00  1120,50
126,24   9,00  1136,16
124,17   9,00  1117,53
125,73   9,00  1131,57
127,11   9,00  1143,99
126,06   9,00  1134,54
124,02   9,00  1116,18
126,39   9,00  1137,51
125,28   9,00  1127,52
126,45   9,00  1138,05
127,26   9,00  1145,34
126,33   9,00  1136,97
125,76   9,00  1131,84
125,10   9,00  1125,90
123,18   9,00  1108,62
128,16   9,00  1153,44
125,52   9,00  1129,68
126,99   9,00  1142,91
126,63   9,00  1139,67
124,68   9,00  1122,12
127,11   9,00  1143,99
125,64   9,00  1130,76
127,38   9,00  1146,42
126,33   9,00  1136,97
124,26   9,00  1118,34
124,80   9,00  1123,20
125,49   9,00  1129,41
127,02   9,00  1143,18
125,82   9,00  1132,38
125,91   9,00  1133,19
126,69   9,00  1140,21
127,77   9,00  1149,93
125,85   9,00  1132,65
125,52   9,00  1129,68
126,27   9,00  1136,43
126,12   9,00  1135,08
127,59   9,00  1148,31
125,91   9,00  1133,19
127,32   9,00  1145,88
125,55   9,00  1129,95
124,26   9,00  1118,34
120,26  10,00  1202,58
123,98  10,00  1239,84
123,39  10,00  1233,90
122,77  10,00  1227,69
125,77  10,00  1257,66
123,34  10,00  1233,36
126,06  10,00  1260,63
123,42  10,00  1234,17
121,12  10,00  1211,22
120,31  10,00  1203,12
122,09  10,00  1220,94
126,22  10,00  1262,25
125,52  10,00  1255,23
125,06  10,00  1250,64
125,87  10,00  1258,74
125,04  10,00  1250,37
126,47  10,00  1264,68
124,60  10,00  1246,05
125,06  10,00  1250,64
126,31  10,00  1263,06
124,52  10,00  1245,24
125,60  10,00  1256,04
125,85  10,00  1258,47
120,42  10,00  1204,20
123,17  10,00  1231,74
126,68  10,00  1266,84
125,17  10,00  1251,72
124,42  10,00  1244,16
125,23  10,00  1252,26
124,66  10,00  1246,59
125,52  10,00  1255,23
124,82  10,00  1248,21
123,55  10,00  1235,52
124,90  10,00  1249,02
123,42  10,00  1234,17
125,74  10,00  1257,39
125,14  10,00  1251,45
125,17  10,00  1251,72
125,82  10,00  1258,20
124,96  10,00  1249,56
123,77  10,00  1237,68
112,52  11,00  1237,68
108,66  11,00  1195,29
113,47  11,00  1248,21
110,85  11,00  1219,32
110,04  11,00  1210,41
114,33  11,00  1257,66
114,46  11,00  1259,01
114,63  11,00  1260,90
110,77  11,00  1218,51
113,28  11,00  1246,05
112,86  11,00  1241,46
116,86  11,00  1285,47
116,42  11,00  1280,61
116,08  11,00  1276,83
113,01  11,00  1243,08
110,85  11,00  1219,32
113,52  11,00  1248,75
118,38  11,00  1302,21
121,11  11,00  1332,18
112,10  11,00  1233,09
115,56  11,00  1271,16
111,41  11,00  1225,53
109,64  11,00  1206,09
109,01  11,00  1199,07
109,47  11,00  1204,20
112,34  11,00  1235,79
112,76  11,00  1240,38
105,08  11,00  1155,87
105,03  11,00  1155,33
109,35  11,00  1202,85
112,03  11,00  1232,28
114,80  11,00  1262,79
116,35  11,00  1279,80
111,90  11,00  1230,93
113,92  11,00  1253,07
113,35  11,00  1246,86
109,77  11,00  1207,44
104,56  11,00  1150,20
106,77  11,00  1174,50
113,62  11,00  1249,83
121,48  11,00  1336,23
107,98  12,00  1295,73
107,23  12,00  1286,82
 96,79  12,00  1161,54
100,71  12,00  1208,52
103,88  12,00  1246,59
104,89  12,00  1258,74
106,40  12,00  1276,83
107,21  12,00  1286,55
100,69  12,00  1208,25
102,31  12,00  1227,69
101,90  12,00  1222,83
 99,99  12,00  1199,88
 96,86  12,00  1162,35
104,74  12,00  1256,85
104,02  12,00  1248,21
110,97  12,00  1331,64
103,77  12,00  1245,24
103,70  12,00  1244,43
103,77  12,00  1245,24
108,94  12,00  1307,34
106,04  12,00  1272,51
102,49  12,00  1229,85
105,59  12,00  1267,11
102,89  12,00  1234,71
105,55  12,00  1266,57
110,47  12,00  1325,70
106,29  12,00  1275,48
106,18  12,00  1274,13
104,94  12,00  1259,28
107,19  12,00  1286,28
105,59  12,00  1267,11
109,35  12,00  1312,20
105,34  12,00  1264,14
102,55  12,00  1230,66
105,61  12,00  1267,38
102,60  12,00  1231,20
106,54  12,00  1278,45
100,66  12,00  1207,98
102,46  12,00  1229,58
108,58  12,00  1303,02
 98,14  12,00  1177,74
 93,52  13,00  1215,81
 91,14  13,00  1184,76
 91,63  13,00  1191,24
 94,65  13,00  1230,39
 90,82  13,00  1180,71
 94,62  13,00  1230,12
 99,75  13,00  1296,81
 97,57  13,00  1268,46
 92,19  13,00  1198,53
 96,37  13,00  1252,80
 97,91  13,00  1272,78
 97,41  13,00  1266,30
 96,64  13,00  1256,31
 91,65  13,00  1191,51
 92,92  13,00  1207,98
 99,03  13,00  1287,36
 97,05  13,00  1261,71
 99,13  13,00  1288,71
 98,67  13,00  1282,77
 97,35  13,00  1265,49
 92,26  13,00  1199,34
 95,50  13,00  1241,46
 93,54  13,00  1216,08
100,75  13,00  1309,77
 95,12  13,00  1236,60
 97,86  13,00  1272,24
 98,67  13,00  1282,77
 97,28  13,00  1264,68
 93,67  13,00  1217,70
100,96  13,00  1312,47
 95,39  13,00  1240,11
 96,37  13,00  1252,80
 95,14  13,00  1236,87
 93,61  13,00  1216,89
 98,26  13,00  1277,37
 98,30  13,00  1277,91
 96,74  13,00  1257,66
 96,12  13,00  1249,56
 96,47  13,00  1254,15
 89,66  13,00  1165,59
 98,59  13,00  1281,69
 87,67  14,00  1227,42
 85,22  14,00  1193,13
 84,30  14,00  1180,17
 79,98  14,00  1119,69
 83,39  14,00  1167,48
 89,83  14,00  1257,66
 84,45  14,00  1182,33
 85,84  14,00  1201,77
 88,35  14,00  1236,87
 89,99  14,00  1259,82
 85,42  14,00  1195,83
 86,55  14,00  1211,76
 82,08  14,00  1149,12
 87,87  14,00  1230,12
 84,59  14,00  1184,22
 84,88  14,00  1188,27
 81,75  14,00  1144,53
 80,23  14,00  1123,20
 84,55  14,00  1183,68
 85,80  14,00  1201,23
 81,50  14,00  1141,02
 89,56  14,00  1253,88
 89,85  14,00  1257,93
 85,86  14,00  1202,04
 88,10  14,00  1233,36
 91,22  14,00  1277,10
 91,30  14,00  1278,18
 88,54  14,00  1239,57
 87,07  14,00  1219,05
 88,98  14,00  1245,78
 92,96  14,00  1301,40
 89,68  14,00  1255,50
 91,22  14,00  1277,10
 86,21  14,00  1206,90
 83,41  14,00  1167,75
 91,93  14,00  1287,09
 87,85  14,00  1229,85
 85,86  14,00  1202,04
 83,26  14,00  1165,59
 86,71  14,00  1213,92
 93,52  14,00  1309,23
 83,23  15,00  1248,48
 83,03  15,00  1245,51
 79,79  15,00  1196,91
 84,08  15,00  1261,17
 86,04  15,00  1290,60
 74,48  15,00  1117,26
 80,51  15,00  1207,71
 81,77  15,00  1226,61
 80,39  15,00  1205,82
 86,53  15,00  1297,89
 81,20  15,00  1217,97
 83,70  15,00  1255,50
 80,42  15,00  1206,36
 82,13  15,00  1232,01
 80,77  15,00  1211,49
 85,59  15,00  1283,85
 89,26  15,00  1338,93
 84,37  15,00  1265,49
 83,16  15,00  1247,40
 75,04  15,00  1125,63
 81,45  15,00  1221,75
 84,33  15,00  1264,95
 82,93  15,00  1243,89
 80,44  15,00  1206,63
 85,81  15,00  1287,09
 78,46  15,00  1176,93
 81,61  15,00  1224,18
 76,75  15,00  1151,28
 81,36  15,00  1220,40
 79,38  15,00  1190,70
 84,04  15,00  1260,63
 79,85  15,00  1197,72
 82,33  15,00  1234,98
 77,99  15,00  1169,91
 80,86  15,00  1212,84
 82,84  15,00  1242,54
 85,39  15,00  1280,88
 83,68  15,00  1255,23
 77,29  15,00  1159,38
 80,80  15,00  1212,03
 78,59  15,00  1178,82
 81,32  16,00  1301,13
 74,52  16,00  1192,32
 75,92  16,00  1214,73
 76,07  16,00  1217,16
 73,79  16,00  1180,71
 74,81  16,00  1196,91
 80,09  16,00  1281,42
 75,14  16,00  1202,31
 70,66  16,00  1130,49
 75,25  16,00  1203,93
 76,26  16,00  1220,13
 78,11  16,00  1249,83
 70,15  16,00  1122,39
 75,48  16,00  1207,71
 78,01  16,00  1248,21
 76,02  16,00  1216,35
 72,46  16,00  1159,38
 78,92  16,00  1262,79
 73,63  16,00  1178,01
 73,56  16,00  1176,93
 74,65  16,00  1194,48
 76,66  16,00  1226,61
 78,57  16,00  1257,12
 75,25  16,00  1203,93
 75,77  16,00  1212,30
 73,54  16,00  1176,66
 77,32  16,00  1237,14
 75,70  16,00  1211,22
 75,06  16,00  1200,96
 73,57  16,00  1177,20
 78,42  16,00  1254,69
 74,52  16,00  1192,32
 77,47  16,00  1239,57
 75,14  16,00  1202,31
 76,41  16,00  1222,56
 75,65  16,00  1210,41
 78,99  16,00  1263,87
 77,39  16,00  1238,22
 71,94  16,00  1151,01
 77,57  16,00  1241,19
 74,11  16,00  1185,84
 69,39  17,00  1179,63
 71,11  17,00  1208,79
 70,15  17,00  1192,59
 66,28  17,00  1126,71
 71,50  17,00  1215,54
 71,88  17,00  1222,02
 67,94  17,00  1155,06
 68,29  17,00  1161,00
 68,33  17,00  1161,54
 66,58  17,00  1131,84
 73,84  17,00  1255,23
 70,53  17,00  1199,07
 74,50  17,00  1266,57
 68,69  17,00  1167,75
 73,34  17,00  1246,86
 72,11  17,00  1225,80
 67,42  17,00  1146,15
 69,88  17,00  1188,00
 73,31  17,00  1246,32
 66,45  17,00  1129,68
 72,58  17,00  1233,90
 70,95  17,00  1206,09
 66,13  17,00  1124,28
 72,39  17,00  1230,66
 69,31  17,00  1178,28
 70,01  17,00  1190,16
 67,60  17,00  1149,12
 72,14  17,00  1226,34
 68,69  17,00  1167,75
 70,77  17,00  1203,12
 68,44  17,00  1163,43
 70,52  17,00  1198,80
 69,31  17,00  1178,28
 72,68  17,00  1235,52
 73,22  17,00  1244,70
 71,95  17,00  1223,10
 70,22  17,00  1193,67
 73,60  17,00  1251,18
 69,26  17,00  1177,47
 67,40  17,00  1145,88
 71,01  17,00  1207,17
 67,74  18,00  1219,32
 68,53  18,00  1233,63
 67,66  18,00  1217,97
 68,80  18,00  1238,49
 62,56  18,00  1126,17
 69,36  18,00  1248,48
 64,53  18,00  1161,54
 65,67  18,00  1182,06
 65,64  18,00  1181,52
 61,39  18,00  1105,11
 66,88  18,00  1203,93
 67,17  18,00  1209,06
 66,03  18,00  1188,54
 66,27  18,00  1192,86
 67,80  18,00  1220,40
 65,49  18,00  1178,82
 60,61  18,00  1091,07
 63,18  18,00  1137,24
 65,77  18,00  1183,95
 62,67  18,00  1128,06
 65,38  18,00  1176,93
 65,83  18,00  1185,03
 62,47  18,00  1124,55
 67,23  18,00  1210,14
 68,11  18,00  1226,07
 64,18  18,00  1155,33
 65,92  18,00  1186,65
 65,20  18,00  1173,69
 62,50  18,00  1125,09
 68,56  18,00  1234,17
 61,09  18,00  1099,71
 63,55  18,00  1143,99
 65,23  18,00  1174,23
 63,58  18,00  1144,53
 66,63  18,00  1199,34
 65,91  18,00  1186,38
 65,89  18,00  1186,11
 62,44  18,00  1124,01
 66,28  18,00  1193,13
 64,65  18,00  1163,70
 66,72  18,00  1200,96
 62,31  19,00  1183,95
 62,80  19,00  1193,13
 59,54  19,00  1131,30
 66,66  19,00  1266,57
 63,79  19,00  1212,03
 65,43  19,00  1243,08
 62,92  19,00  1195,56
 64,90  19,00  1233,09
 62,16  19,00  1180,98
 59,09  19,00  1122,66
 63,95  19,00  1215,00
 62,40  19,00  1185,57
 65,00  19,00  1234,98
 59,30  19,00  1126,71
 61,01  19,00  1159,11
 62,61  19,00  1189,62
 65,21  19,00  1239,03
 62,19  19,00  1181,52
 62,00  19,00  1178,01
 58,39  19,00  1109,43
 57,82  19,00  1098,63
 60,75  19,00  1154,25
 61,18  19,00  1162,35
 64,15  19,00  1218,78
 61,94  19,00  1176,93
 59,12  19,00  1123,20
 63,76  19,00  1211,49
 59,70  19,00  1134,27
 61,66  19,00  1171,53
 62,13  19,00  1180,44
 61,36  19,00  1165,86
 61,50  19,00  1168,56
 61,26  19,00  1163,97
 62,55  19,00  1188,54
 63,24  19,00  1201,50
 64,19  19,00  1219,59
 61,62  19,00  1170,72
 61,38  19,00  1166,13
 64,69  19,00  1229,04
 65,31  19,00  1240,92
 62,91  19,00  1195,29
 62,11  20,00  1242,27
 57,78  20,00  1155,60
 58,10  20,00  1162,08
 60,98  20,00  1219,59
 59,02  20,00  1180,44
 54,59  20,00  1091,88
 58,18  20,00  1163,70
 59,45  20,00  1189,08
 57,36  20,00  1147,23
 56,23  20,00  1124,55
 63,14  20,00  1262,79
 56,43  20,00  1128,60
 59,64  20,00  1192,86
 59,63  20,00  1192,59
 58,82  20,00  1176,39
 59,21  20,00  1184,22
 57,81  20,00  1156,14
 61,82  20,00  1236,33
 57,17  20,00  1143,45
 61,61  20,00  1232,28
 58,02  20,00  1160,46
 57,29  20,00  1145,88
 59,45  20,00  1189,08
 56,54  20,00  1130,76
 57,10  20,00  1142,10
 55,46  20,00  1109,16
 57,82  20,00  1156,41
 55,98  20,00  1119,69
 61,79  20,00  1235,79
 59,21  20,00  1184,22
 61,96  20,00  1239,30
 59,75  20,00  1195,02
 58,13  20,00  1162,62
 56,15  20,00  1122,93
 63,58  20,00  1271,70
 54,39  20,00  1087,83
 57,74  20,00  1154,79
 55,48  20,00  1109,70
 55,55  20,00  1111,05
 56,75  20,00  1135,08
 57,40  20,00  1148,04
 56,91  21,00  1195,02
 54,13  21,00  1136,70
 57,60  21,00  1209,60
 55,36  21,00  1162,62
 50,75  21,00  1065,69
 52,83  21,00  1109,43
 55,23  21,00  1159,92
 54,77  21,00  1150,20
 54,01  21,00  1134,27
 54,80  21,00  1150,74
 51,58  21,00  1083,24
 56,01  21,00  1176,12
 53,07  21,00  1114,56
 50,34  21,00  1057,05
 55,63  21,00  1168,29
 55,75  21,00  1170,72
 57,75  21,00  1212,84
 55,18  21,00  1158,84
 57,24  21,00  1202,04
 58,27  21,00  1223,64
 53,02  21,00  1113,48
 55,63  21,00  1168,29
 55,35  21,00  1162,35
 53,90  21,00  1131,84
 56,39  21,00  1184,22
 54,06  21,00  1135,35
 54,00  21,00  1134,00
 52,51  21,00  1102,68
 53,37  21,00  1120,77
 56,94  21,00  1195,83
 53,42  21,00  1121,85
 56,25  21,00  1181,25
 57,29  21,00  1203,12
 53,24  21,00  1118,07
 53,47  21,00  1122,93
 55,40  21,00  1163,43
 54,54  21,00  1145,34
 55,53  21,00  1166,13
 56,78  21,00  1192,32
 56,66  21,00  1189,89
 52,87  21,00  1110,24
 51,53  22,00  1133,73
 51,13  22,00  1124,82
 49,75  22,00  1094,58
 52,58  22,00  1156,68
 55,48  22,00  1220,67
 55,50  22,00  1220,94
 52,40  22,00  1152,90
 51,82  22,00  1139,94
 53,08  22,00  1167,75
 50,64  22,00  1114,02
 48,53  22,00  1067,58
 49,53  22,00  1089,72
 52,58  22,00  1156,68
 54,13  22,00  1190,97
 51,20  22,00  1126,44
 51,34  22,00  1129,41
 52,10  22,00  1146,15
 52,70  22,00  1159,38
 53,41  22,00  1175,04
 49,00  22,00  1078,11
 53,88  22,00  1185,30
 48,32  22,00  1062,99
 50,43  22,00  1109,43
 54,96  22,00  1209,06
 53,20  22,00  1170,45
 52,34  22,00  1151,55
 56,99  22,00  1253,88
 50,15  22,00  1103,22
 53,62  22,00  1179,63
 52,04  22,00  1144,80
 52,45  22,00  1153,98
 51,69  22,00  1137,24
 53,62  22,00  1179,63
 52,13  22,00  1146,96
 54,91  22,00  1207,98
 53,89  22,00  1185,57
 52,31  22,00  1150,74
 51,99  22,00  1143,72
 51,34  22,00  1129,41
 52,70  22,00  1159,38
 49,63  22,00  1091,88
 51,91  23,00  1193,94
 47,17  23,00  1084,86
 49,54  23,00  1139,40
 47,27  23,00  1087,29
 47,47  23,00  1091,88
 48,95  23,00  1125,90
 50,35  23,00  1158,03
 47,68  23,00  1096,74
 47,74  23,00  1098,09
 50,51  23,00  1161,81
 48,74  23,00  1121,04
 48,85  23,00  1123,47
 49,36  23,00  1135,35
 46,86  23,00  1077,84
 51,46  23,00  1183,68
 47,67  23,00  1096,47
 49,26  23,00  1132,92
 45,97  23,00  1057,32
 48,71  23,00  1120,23
 47,36  23,00  1089,18
 50,65  23,00  1165,05
 48,64  23,00  1118,61
 47,19  23,00  1085,40
 46,65  23,00  1072,98
 52,54  23,00  1208,52
 49,29  23,00  1133,73
 47,75  23,00  1098,36
 50,28  23,00  1156,41
 47,14  23,00  1084,32
 52,32  23,00  1203,39
 47,61  23,00  1095,12
 50,57  23,00  1163,16
 47,92  23,00  1102,14
 48,17  23,00  1107,81
 50,53  23,00  1162,08
 49,20  23,00  1131,57
 47,95  23,00  1102,95
 49,18  23,00  1131,03
 48,91  23,00  1124,82
 49,46  23,00  1137,51
 50,02  23,00  1150,47
 44,93  24,00  1078,38
 45,83  24,00  1099,98
 48,23  24,00  1157,49
 45,02  24,00  1080,54
 48,15  24,00  1155,60
 48,26  24,00  1158,30
 46,91  24,00  1125,90
 44,63  24,00  1071,09
 46,69  24,00  1120,50
 48,37  24,00  1161,00
 48,16  24,00  1155,87
 43,69  24,00  1048,68
 47,56  24,00  1141,56
 47,06  24,00  1129,41
 45,48  24,00  1091,61
 47,40  24,00  1137,51
 49,13  24,00  1179,09
 46,87  24,00  1124,82
 45,46  24,00  1091,07
 49,68  24,00  1192,32
 47,07  24,00  1129,68
 48,62  24,00  1166,94
 48,10  24,00  1154,52
 45,55  24,00  1093,23
 45,61  24,00  1094,58
 47,91  24,00  1149,93
 48,69  24,00  1168,56
 49,26  24,00  1182,33
 48,04  24,00  1152,90
 48,68  24,00  1168,29
 45,79  24,00  1098,90
 46,70  24,00  1120,77
 44,38  24,00  1065,15
 45,48  24,00  1091,61
 44,36  24,00  1064,61
 48,93  24,00  1174,23
 45,72  24,00  1097,28
 47,29  24,00  1135,08
 45,45  24,00  1090,80
 46,41  24,00  1113,75
 47,11  24,00  1130,76
 45,33  25,00  1133,19
 43,83  25,00  1095,66
 43,77  25,00  1094,31
 45,48  25,00  1136,97
 48,16  25,00  1203,93
 42,65  25,00  1066,23
 43,70  25,00  1092,42
 43,18  25,00  1079,46
 44,25  25,00  1106,19
 43,19  25,00  1079,73
 45,76  25,00  1143,99
 47,24  25,00  1180,98
 43,31  25,00  1082,70
 45,12  25,00  1128,06
 43,63  25,00  1090,80
 44,14  25,00  1103,49
 43,93  25,00  1098,36
 45,36  25,00  1134,00
 44,29  25,00  1107,27
 40,52  25,00  1013,04
 42,72  25,00  1068,12
 46,45  25,00  1161,27
 45,95  25,00  1148,85
 45,23  25,00  1130,76
 44,36  25,00  1108,89
 42,83  25,00  1070,82
 44,82  25,00  1120,50
 45,86  25,00  1146,42
 46,83  25,00  1170,72
 43,34  25,00  1083,51
 43,57  25,00  1089,18
 43,62  25,00  1090,53
 43,33  25,00  1083,24
 47,77  25,00  1194,21
 44,90  25,00  1122,39
 44,00  25,00  1099,98
 43,84  25,00  1095,93
 43,84  25,00  1095,93
 43,63  25,00  1090,80
 45,64  25,00  1141,02
 45,07  25,00  1126,71
 41,20  26,00  1071,09
 40,56  26,00  1054,62
 43,24  26,00  1124,28
 42,87  26,00  1114,56
 44,54  26,00  1158,03
 41,03  26,00  1066,77
 43,68  26,00  1135,62
 42,20  26,00  1097,28
 42,09  26,00  1094,31
 40,89  26,00  1063,26
 43,68  26,00  1135,62
 44,81  26,00  1165,05
 41,86  26,00  1088,37
 41,51  26,00  1079,19
 42,58  26,00  1107,00
 41,84  26,00  1087,83
 39,55  26,00  1028,43
 41,10  26,00  1068,66
 41,40  26,00  1076,49
 41,81  26,00  1087,02
 41,24  26,00  1072,17
 40,16  26,00  1044,09
 43,20  26,00  1123,20
 43,19  26,00  1122,93
 44,14  26,00  1147,77
 40,07  26,00  1041,93
 43,45  26,00  1129,68
 41,25  26,00  1072,44
 42,24  26,00  1098,36
 43,56  26,00  1132,65
 46,15  26,00  1199,88
 41,56  26,00  1080,54
 40,82  26,00  1061,37
 41,10  26,00  1068,66
 39,88  26,00  1036,80
 41,03  26,00  1066,77
 42,48  26,00  1104,57
 41,26  26,00  1072,71
 41,51  26,00  1079,19
 39,73  26,00  1033,02
 42,86  26,00  1114,29
 41,73  27,00  1126,71
 38,59  27,00  1041,93
 41,78  27,00  1128,06
 39,91  27,00  1077,57
 41,53  27,00  1121,31
 42,45  27,00  1146,15
 41,61  27,00  1123,47
 39,51  27,00  1066,77
 39,03  27,00  1053,81
 39,43  27,00  1064,61
 40,22  27,00  1085,94
 39,54  27,00  1067,58
 40,70  27,00  1098,90
 39,60  27,00  1069,20
 40,93  27,00  1105,11
 40,55  27,00  1094,85
 41,25  27,00  1113,75
 40,74  27,00  1099,98
 41,60  27,00  1123,20
 38,54  27,00  1040,58
 40,06  27,00  1081,62
 40,31  27,00  1088,37
 39,17  27,00  1057,59
 42,65  27,00  1151,55
 39,20  27,00  1058,40
 40,01  27,00  1080,27
 41,42  27,00  1118,34
 39,31  27,00  1061,37
 39,37  27,00  1062,99
 41,45  27,00  1119,15
 41,19  27,00  1112,13
 37,93  27,00  1024,11
 39,71  27,00  1072,17
 39,95  27,00  1078,65
 38,53  27,00  1040,31
 39,15  27,00  1057,05
 39,99  27,00  1079,73
 39,31  27,00  1061,37
 39,64  27,00  1070,28
 43,39  27,00  1171,53
 39,71  27,00  1072,17
 39,66  28,00  1110,51
 36,74  28,00  1028,70
 37,93  28,00  1061,91
 39,82  28,00  1114,83
 40,70  28,00  1139,67
 38,89  28,00  1088,91
 38,57  28,00  1080,00
 37,31  28,00  1044,63
 37,65  28,00  1054,08
 36,80  28,00  1030,32
 38,02  28,00  1064,61
 38,78  28,00  1085,94
 38,50  28,00  1078,11
 36,78  28,00  1029,78
 38,85  28,00  1087,83
 36,57  28,00  1023,84
 37,90  28,00  1061,10
 35,78  28,00  1001,97
 36,17  28,00  1012,77
 36,98  28,00  1035,45
 39,25  28,00  1098,90
 38,25  28,00  1071,09
 37,23  28,00  1042,47
 39,64  28,00  1109,97
 39,95  28,00  1118,61
 38,51  28,00  1078,38
 39,14  28,00  1095,93
 39,89  28,00  1116,99
 38,78  28,00  1085,94
 40,24  28,00  1126,71
 40,58  28,00  1136,16
 38,96  28,00  1090,80
 39,21  28,00  1097,82
 37,20  28,00  1041,66
 36,93  28,00  1034,10
 37,48  28,00  1049,49
 37,14  28,00  1040,04
 37,51  28,00  1050,30
 38,97  28,00  1091,07
 40,38  28,00  1130,76
 38,73  28,00  1084,32
 37,78  29,00  1095,66
 36,20  29,00  1049,76
 36,07  29,00  1045,98
 37,37  29,00  1083,78
 36,03  29,00  1044,90
 36,21  29,00  1050,03
 36,84  29,00  1068,39
 38,45  29,00  1115,10
 37,98  29,00  1101,33
 34,25  29,00   993,33
 35,72  29,00  1035,99
 35,60  29,00  1032,48
 36,31  29,00  1053,00
 35,68  29,00  1034,64
 36,85  29,00  1068,66
 35,92  29,00  1041,66
 37,11  29,00  1076,22
 36,11  29,00  1047,33
 36,10  29,00  1046,79
 35,09  29,00  1017,63
 36,60  29,00  1061,37
 35,20  29,00  1020,87
 35,98  29,00  1043,55
 37,37  29,00  1083,78
 36,74  29,00  1065,42
 35,33  29,00  1024,65
 36,94  29,00  1071,36
 36,92  29,00  1070,82
 36,72  29,00  1064,88
 38,68  29,00  1121,58
 35,05  29,00  1016,55
 37,07  29,00  1075,14
 38,30  29,00  1110,78
 34,84  29,00  1010,34
 35,27  29,00  1022,76
 35,30  29,00  1023,57
 34,79  29,00  1008,99
 36,11  29,00  1047,33
 36,91  29,00  1070,28
 36,35  29,00  1054,08
 35,42  29,00  1027,08
 36,83  30,00  1104,84
 35,68  30,00  1070,28
 34,01  30,00  1020,33
 35,14  30,00  1054,35
 35,67  30,00  1070,01
 35,13  30,00  1053,81
 34,36  30,00  1030,86
 34,86  30,00  1045,71
 34,98  30,00  1049,49
 35,28  30,00  1058,40
 35,39  30,00  1061,64
 34,88  30,00  1046,52
 34,58  30,00  1037,34
 34,85  30,00  1045,44
 35,83  30,00  1074,87
 35,75  30,00  1072,44
 35,10  30,00  1053,00
 34,19  30,00  1025,73
 35,61  30,00  1068,39
 34,47  30,00  1034,10
 36,11  30,00  1083,24
 33,35  30,00  1000,62
 35,85  30,00  1075,41
 36,84  30,00  1105,11
 36,10  30,00  1082,97
 34,17  30,00  1025,19
 35,33  30,00  1060,02
 32,98  30,00   989,55
 35,55  30,00  1066,50
 34,58  30,00  1037,34
 34,69  30,00  1040,58
 33,08  30,00   992,52
 32,95  30,00   988,47
 33,69  30,00  1010,61
 35,77  30,00  1072,98
 35,16  30,00  1054,89
 35,23  30,00  1056,78
 35,19  30,00  1055,70
 35,14  30,00  1054,35
 34,78  30,00  1043,28
 35,82  30,00  1074,60
 33,07  31,00  1025,19
 33,75  31,00  1046,25
 34,47  31,00  1068,66
 33,24  31,00  1030,32
 31,93  31,00   989,82
 34,89  31,00  1081,62
 32,33  31,00  1002,24
 33,33  31,00  1033,29
 33,88  31,00  1050,30
 33,92  31,00  1051,65
 32,69  31,00  1013,31
 34,05  31,00  1055,70
 35,09  31,00  1087,83
 35,07  31,00  1087,02
 34,23  31,00  1061,10
 32,41  31,00  1004,67
 34,58  31,00  1071,90
 32,91  31,00  1020,06
 34,14  31,00  1058,40
 34,56  31,00  1071,36
 34,30  31,00  1063,26
 33,77  31,00  1046,79
 34,53  31,00  1070,28
 33,74  31,00  1045,98
 33,68  31,00  1044,09
 33,60  31,00  1041,66
 33,57  31,00  1040,58
 32,04  31,00   993,33
 35,60  31,00  1103,49
 32,84  31,00  1018,17
 33,88  31,00  1050,30
 35,00  31,00  1085,13
 34,70  31,00  1075,68
 33,80  31,00  1047,87
 32,84  31,00  1018,17
 32,92  31,00  1020,60
 34,59  31,00  1072,44
 34,24  31,00  1061,37
 34,72  31,00  1076,22
 34,32  31,00  1064,07
 33,45  31,00  1037,07
 31,64  32,00  1012,50
 33,04  32,00  1057,32
 32,68  32,00  1045,71
 31,32  32,00  1002,24
 33,38  32,00  1068,12
 31,35  32,00  1003,05
 32,30  32,00  1033,56
 33,81  32,00  1081,89
 32,21  32,00  1030,59
 33,22  32,00  1062,99
 31,58  32,00  1010,61
 31,67  32,00  1013,31
 32,90  32,00  1052,73
 33,83  32,00  1082,70
 32,14  32,00  1028,43
 32,04  32,00  1025,19
 31,59  32,00  1010,88
 32,60  32,00  1043,28
 32,43  32,00  1037,61
 30,87  32,00   987,93
 33,85  32,00  1083,24
 30,65  32,00   980,91
 33,33  32,00  1066,50
 31,16  32,00   997,11
 31,85  32,00  1019,25
 31,86  32,00  1019,52
 31,96  32,00  1022,76
 34,07  32,00  1090,26
 31,80  32,00  1017,63
 31,97  32,00  1023,03
 30,72  32,00   983,07
 33,21  32,00  1062,72
 32,10  32,00  1027,35
 32,15  32,00  1028,70
 31,18  32,00   997,92
 32,90  32,00  1052,73
 30,93  32,00   989,82
 33,59  32,00  1074,87
 32,12  32,00  1027,89
 32,97  32,00  1054,89
 34,11  32,00  1091,61
 30,48  33,00  1005,75
 32,42  33,00  1069,74
 31,70  33,00  1046,25
 29,48  33,00   972,81
 30,22  33,00   997,11
 30,49  33,00  1006,29
 31,21  33,00  1030,05
 31,52  33,00  1040,31
 28,82  33,00   951,21
 30,58  33,00  1008,99
 29,12  33,00   960,93
 30,52  33,00  1007,10
 29,86  33,00   985,23
 30,43  33,00  1004,13
 31,29  33,00  1032,48
 29,81  33,00   983,88
 31,93  33,00  1053,81
 30,52  33,00  1007,10
 30,43  33,00  1004,13
 32,02  33,00  1056,51
 30,76  33,00  1015,20
 30,85  33,00  1017,90
 29,97  33,00   989,01
 30,05  33,00   991,71
 31,35  33,00  1034,64
 30,27  33,00   999,00
 31,48  33,00  1038,69
 31,00  33,00  1023,03
 29,90  33,00   986,85
 30,53  33,00  1007,37
 31,82  33,00  1050,03
 29,89  33,00   986,31
 29,45  33,00   971,73
 29,95  33,00   988,47
 31,52  33,00  1040,04
 28,37  33,00   936,36
 31,93  33,00  1053,54
 30,99  33,00  1022,76
 29,20  33,00   963,63
 32,42  33,00  1070,01
 31,60  33,00  1042,74
 31,45  34,00  1069,47
 30,30  34,00  1030,32
 29,74  34,00  1011,15
 30,16  34,00  1025,46
 30,14  34,00  1024,92
 29,26  34,00   994,68
 28,80  34,00   979,29
 29,20  34,00   992,79
 30,33  34,00  1031,13
 30,95  34,00  1052,19
 30,40  34,00  1033,56
 28,53  34,00   970,11
 28,06  34,00   954,18
 30,96  34,00  1052,73
 29,15  34,00   991,17
 29,56  34,00  1004,94
 28,68  34,00   974,97
 29,45  34,00  1001,43
 28,73  34,00   976,86
 30,22  34,00  1027,35
 30,73  34,00  1044,90
 27,80  34,00   945,27
 30,37  34,00  1032,48
 29,31  34,00   996,57
 27,59  34,00   937,98
 30,10  34,00  1023,57
 28,75  34,00   977,67
 29,85  34,00  1014,93
 29,93  34,00  1017,63
 29,55  34,00  1004,67
 29,16  34,00   991,44
 30,26  34,00  1028,97
 30,24  34,00  1028,16
 28,07  34,00   954,45
 29,95  34,00  1018,44
 29,22  34,00   993,33
 29,63  34,00  1007,37
 29,59  34,00  1006,02
 28,82  34,00   979,83
 31,57  34,00  1073,52
 31,33  34,00  1065,15
 29,09  35,00  1018,17
 28,90  35,00  1011,42
 29,13  35,00  1019,52
 29,36  35,00  1027,62
 28,48  35,00   996,84
 28,36  35,00   992,52
 28,55  35,00   999,27
 28,94  35,00  1013,04
 28,84  35,00  1009,26
 29,92  35,00  1047,06
 28,62  35,00  1001,70
 28,57  35,00   999,81
 28,14  35,00   984,96
 28,36  35,00   992,52
 27,59  35,00   965,52
 28,32  35,00   991,17
 29,35  35,00  1027,08
 27,70  35,00   969,57
 28,19  35,00   986,58
 29,55  35,00  1034,37
 29,55  35,00  1034,37
 27,04  35,00   946,35
 28,20  35,00   987,12
 29,05  35,00  1016,82
 29,10  35,00  1018,44
 29,78  35,00  1042,20
 28,88  35,00  1010,88
 27,70  35,00   969,57
 28,13  35,00   984,42
 29,73  35,00  1040,58
 28,70  35,00  1004,40
 28,14  35,00   984,96
 28,04  35,00   981,45
 28,66  35,00  1003,05
 28,03  35,00   980,91
 29,62  35,00  1036,53
 27,21  35,00   952,29
 28,22  35,00   987,66
 29,64  35,00  1037,34
 27,86  35,00   974,97
 28,60  35,00  1001,16
 26,13  36,00   940,68
 26,52  36,00   954,72
 28,37  36,00  1021,41
 27,24  36,00   980,64
 27,49  36,00   989,55
 27,00  36,00   972,00
 27,38  36,00   985,77
 26,85  36,00   966,60
 27,00  36,00   972,00
 24,91  36,00   896,94
 27,31  36,00   983,07
 27,97  36,00  1006,83
 27,52  36,00   990,63
 27,84  36,00  1002,24
 26,87  36,00   967,41
 26,41  36,00   950,67
 27,70  36,00   997,11
 27,53  36,00   991,17
 26,10  36,00   939,60
 26,03  36,00   937,17
 27,44  36,00   987,93
 28,39  36,00  1022,22
 27,30  36,00   982,80
 27,37  36,00   985,50
 27,20  36,00   979,29
 27,18  36,00   978,48
 25,60  36,00   921,78
 25,78  36,00   927,99
 27,23  36,00   980,37
 26,15  36,00   941,49
 27,25  36,00   980,91
 29,31  36,00  1055,16
 28,24  36,00  1016,82
 27,79  36,00  1000,62
 25,97  36,00   935,01
 28,24  36,00  1016,55
 26,29  36,00   946,35
 26,80  36,00   964,98
 25,63  36,00   922,86
 27,48  36,00   989,28
 26,88  36,00   967,68
 25,93  37,00   959,58
 25,83  37,00   955,53
 26,37  37,00   975,78
 28,05  37,00  1037,88
 26,01  37,00   962,28
 24,56  37,00   908,82
 27,12  37,00  1003,59
 25,72  37,00   951,75
 25,41  37,00   940,14
 25,87  37,00   957,15
 25,31  37,00   936,63
 26,04  37,00   963,36
 26,02  37,00   962,82
 25,13  37,00   929,88
 27,25  37,00  1008,18
 27,36  37,00  1012,23
 26,42  37,00   977,67
 25,71  37,00   951,21
 26,45  37,00   978,48
 26,74  37,00   989,28
 24,95  37,00   923,13
 25,93  37,00   959,58
 27,82  37,00  1029,51
 26,16  37,00   967,95
 27,97  37,00  1034,91
 25,58  37,00   946,62
 25,42  37,00   940,41
 25,23  37,00   933,66
 25,10  37,00   928,53
 27,08  37,00  1001,97
 25,53  37,00   944,46
 26,07  37,00   964,71
 26,15  37,00   967,68
 24,74  37,00   915,30
 25,10  37,00   928,53
 26,71  37,00   988,20
 26,50  37,00   980,64
 25,43  37,00   940,95
 25,42  37,00   940,68
 27,28  37,00  1009,53
 24,62  37,00   910,98
 24,72  38,00   939,33
 24,99  38,00   949,59
 25,95  38,00   986,04
 26,70  38,00  1014,66
 25,60  38,00   972,81
 24,68  38,00   937,98
 24,68  38,00   937,98
 25,98  38,00   987,39
 25,63  38,00   973,89
 25,39  38,00   964,98
 24,73  38,00   939,60
 23,95  38,00   910,17
 24,65  38,00   936,63
 24,17  38,00   918,54
 24,41  38,00   927,72
 24,95  38,00   947,97
 25,14  38,00   955,26
 24,57  38,00   933,66
 24,69  38,00   938,25
 23,99  38,00   911,52
 24,72  38,00   939,33
 23,78  38,00   903,69
 25,58  38,00   972,00
 26,20  38,00   995,49
 27,24  38,00  1035,18
 24,88  38,00   945,54
 26,21  38,00   996,03
 24,97  38,00   948,78
 25,07  38,00   952,56
 25,83  38,00   981,45
 24,09  38,00   915,57
 25,83  38,00   981,45
 26,19  38,00   995,22
 24,97  38,00   949,05
 25,01  38,00   950,40
 24,32  38,00   924,21
 24,28  38,00   922,59
 25,12  38,00   954,45
 25,96  38,00   986,58
 25,20  38,00   957,42
 25,29  38,00   960,93
 23,52  39,00   917,19
 23,03  39,00   898,29
 24,63  39,00   960,66
 24,99  39,00   974,70
 24,53  39,00   956,61
 23,27  39,00   907,47
 23,22  39,00   905,58
 23,82  39,00   929,07
 26,16  39,00  1020,06
 23,44  39,00   914,22
 22,87  39,00   892,08
 24,44  39,00   953,10
 24,04  39,00   937,71
 24,65  39,00   961,47
 25,14  39,00   980,37
 23,10  39,00   900,72
 24,17  39,00   942,57
 24,38  39,00   950,94
 24,86  39,00   969,57
 22,98  39,00   896,13
 23,88  39,00   931,23
 23,03  39,00   898,29
 25,01  39,00   975,24
 23,74  39,00   925,83
 22,89  39,00   892,62
 24,21  39,00   944,19
 25,62  39,00   999,00
 24,25  39,00   945,81
 24,47  39,00   954,18
 23,66  39,00   922,86
 25,66  39,00  1000,89
 24,18  39,00   942,84
 22,72  39,00   886,14
 24,02  39,00   936,63
 23,19  39,00   904,50
 24,36  39,00   950,13
 23,38  39,00   911,79
 24,57  39,00   958,23
 24,35  39,00   949,59
 24,92  39,00   972,00
 24,94  39,00   972,54
 23,44  40,00   937,44
 23,62  40,00   945,00
 23,57  40,00   942,84
 24,08  40,00   963,36
 23,14  40,00   925,56
 23,87  40,00   954,99
 23,37  40,00   934,74
 22,55  40,00   902,07
 23,02  40,00   920,97
 22,92  40,00   916,65
 22,71  40,00   908,28
 21,75  40,00   869,94
 23,72  40,00   948,78
 24,03  40,00   961,20
 23,48  40,00   939,06
 23,19  40,00   927,72
 23,92  40,00   956,88
 24,72  40,00   988,74
 23,97  40,00   958,77
 22,60  40,00   903,96
 23,36  40,00   934,47
 23,13  40,00   925,02
 22,17  40,00   886,95
 22,24  40,00   889,65
 22,40  40,00   896,13
 24,29  40,00   971,46
 23,60  40,00   943,92
 22,67  40,00   906,66
 23,77  40,00   950,94
 24,75  40,00   990,09
 23,18  40,00   927,18
 22,27  40,00   890,73
 24,04  40,00   961,47
 23,11  40,00   924,48
 24,37  40,00   974,97
 23,00  40,00   920,16
 22,91  40,00   916,38
 24,57  40,00   982,80
 24,12  40,00   964,98
 23,64  40,00   945,54
 21,53  40,00   861,30
 22,34  41,00   915,84
 21,15  41,00   866,97
 21,59  41,00   885,33
 22,12  41,00   906,93
 22,94  41,00   940,41
 22,40  41,00   918,27
 22,34  41,00   915,84
 21,47  41,00   880,47
 22,11  41,00   906,39
 23,05  41,00   945,00
 22,46  41,00   920,97
 21,63  41,00   886,68
 23,40  41,00   959,58
 20,98  41,00   860,22
 21,38  41,00   876,42
 21,73  41,00   891,00
 23,09  41,00   946,89
 23,09  41,00   946,89
 22,18  41,00   909,36
 22,97  41,00   941,76
 21,38  41,00   876,42
 20,68  41,00   848,07
 23,15  41,00   949,05
 22,76  41,00   933,12
 23,98  41,00   983,07
 23,04  41,00   944,73
 22,21  41,00   910,44
 21,90  41,00   898,02
 22,65  41,00   928,53
 22,92  41,00   939,60
 22,72  41,00   931,50
 21,59  41,00   885,33
 22,12  41,00   906,93
 21,90  41,00   898,02
 22,67  41,00   929,61
 22,31  41,00   914,76
 21,41  41,00   877,77
 23,14  41,00   948,78
 21,90  41,00   898,02
 21,40  41,00   877,50
 22,77  41,00   933,66
 20,51  42,00   861,30
 20,57  42,00   864,00
 20,78  42,00   872,91
 21,26  42,00   892,89
 22,27  42,00   935,55
 19,53  42,00   820,26
 20,29  42,00   852,39
 21,16  42,00   888,84
 21,53  42,00   904,23
 21,37  42,00   897,75
 21,14  42,00   887,76
 20,90  42,00   877,77
 21,52  42,00   903,96
 21,33  42,00   895,86
 21,78  42,00   914,76
 21,48  42,00   902,34
 22,00  42,00   924,21
 19,86  42,00   834,03
 22,01  42,00   924,48
 22,36  42,00   939,33
 22,47  42,00   943,65
 22,27  42,00   935,28
 21,23  42,00   891,81
 22,06  42,00   926,64
 21,12  42,00   887,22
 21,77  42,00   914,49
 22,06  42,00   926,37
 21,46  42,00   901,26
 22,69  42,00   953,10
 22,18  42,00   931,77
 21,58  42,00   906,39
 21,02  42,00   882,90
 21,63  42,00   908,55
 21,49  42,00   902,61
 21,46  42,00   901,53
 21,36  42,00   896,94
 20,66  42,00   867,78
 21,91  42,00   920,43
 23,13  42,00   971,46
 20,06  42,00   842,40
 20,88  42,00   876,96
 20,53  43,00   882,90
 21,52  43,00   925,56
 20,49  43,00   881,28
 19,84  43,00   852,93
 20,11  43,00   864,81
 19,55  43,00   840,78
 20,54  43,00   883,17
 20,01  43,00   860,49
 20,21  43,00   868,86
 21,52  43,00   925,29
 20,85  43,00   896,40
 20,49  43,00   881,01
 19,23  43,00   827,01
 20,65  43,00   887,76
 20,17  43,00   867,24
 21,02  43,00   903,96
 20,13  43,00   865,62
 20,01  43,00   860,49
 19,64  43,00   844,56
 20,04  43,00   861,57
 21,46  43,00   922,86
 20,16  43,00   866,70
 20,53  43,00   882,90
 20,20  43,00   868,59
 20,36  43,00   875,34
 20,34  43,00   874,80
 20,77  43,00   893,16
 20,55  43,00   883,44
 19,77  43,00   850,23
 19,39  43,00   833,76
 21,17  43,00   910,17
 20,35  43,00   875,07
 21,26  43,00   914,22
 19,57  43,00   841,32
 20,34  43,00   874,53
 21,37  43,00   919,08
 21,38  43,00   919,35
 20,46  43,00   879,66
 20,32  43,00   873,72
 20,17  43,00   867,51
 20,22  43,00   869,67
 19,32  44,00   850,23
 20,61  44,00   906,66
 19,96  44,00   878,04
 19,70  44,00   866,70
 19,14  44,00   842,13
 20,38  44,00   896,67
 19,03  44,00   837,54
 19,91  44,00   875,88
 19,23  44,00   845,91
 20,34  44,00   894,78
 19,77  44,00   869,67
 20,05  44,00   882,09
 19,15  44,00   842,40
 21,00  44,00   924,21
 20,12  44,00   885,33
 20,09  44,00   883,98
 20,21  44,00   889,11
 20,38  44,00   896,94
 19,68  44,00   865,89
 19,77  44,00   869,94
 21,29  44,00   936,63
 20,58  44,00   905,58
 19,22  44,00   845,64
 20,28  44,00   892,35
 19,97  44,00   878,58
 20,69  44,00   910,44
 19,19  44,00   844,29
 20,79  44,00   914,76
 19,37  44,00   852,12
 19,39  44,00   853,20
 19,57  44,00   861,03
 19,83  44,00   872,64
 20,73  44,00   912,06
 19,77  44,00   869,67
 20,38  44,00   896,67
 19,12  44,00   841,32
 19,57  44,00   861,03
 19,53  44,00   859,41
 19,35  44,00   851,31
 18,90  44,00   831,60
 19,19  44,00   844,56
 20,03  45,00   901,26
 18,86  45,00   848,88
 19,25  45,00   866,16
 19,59  45,00   881,55
 19,29  45,00   868,05
 18,77  45,00   844,83
 19,10  45,00   859,41
 18,60  45,00   837,00
 18,73  45,00   842,67
 18,87  45,00   849,15
 19,12  45,00   860,49
 19,74  45,00   888,30
 19,16  45,00   862,38
 18,26  45,00   821,88
 19,06  45,00   857,52
 19,61  45,00   882,63
 19,23  45,00   865,35
 19,66  45,00   884,52
 18,95  45,00   852,93
 19,51  45,00   877,77
 19,37  45,00   871,56
 18,85  45,00   848,07
 18,62  45,00   837,81
 18,65  45,00   839,43
 19,59  45,00   881,55
 19,15  45,00   861,84
 19,52  45,00   878,58
 19,60  45,00   881,82
 19,19  45,00   863,46
 18,77  45,00   844,56
 20,33  45,00   915,03
 19,04  45,00   856,71
 19,48  45,00   876,69
 18,47  45,00   831,06
 19,02  45,00   855,90
 19,48  45,00   876,42
 18,48  45,00   831,60
 19,08  45,00   858,60
 18,66  45,00   839,70
 19,16  45,00   862,38
 18,71  45,00   842,13
 18,24  46,00   838,89
 19,25  46,00   885,60
 17,86  46,00   821,61
 19,11  46,00   878,85
 17,84  46,00   820,80
 18,81  46,00   865,35
 18,27  46,00   840,24
 18,68  46,00   859,14
 17,86  46,00   821,61
 18,04  46,00   829,98
 18,38  46,00   845,37
 18,11  46,00   832,95
 18,21  46,00   837,54
 19,23  46,00   884,79
 17,91  46,00   824,04
 17,90  46,00   823,23
 18,46  46,00   849,15
 18,13  46,00   834,03
 17,43  46,00   801,63
 18,37  46,00   844,83
 18,61  46,00   856,17
 18,58  46,00   854,55
 18,46  46,00   849,15
 17,88  46,00   822,69
 18,71  46,00   860,76
 18,21  46,00   837,54
 18,91  46,00   869,94
 17,66  46,00   812,16
 18,85  46,00   867,24
 18,55  46,00   853,20
 18,25  46,00   839,43
 17,53  46,00   806,49
 18,31  46,00   842,40
 17,99  46,00   827,55
 18,55  46,00   853,47
 17,47  46,00   803,79
 18,16  46,00   835,38
 18,35  46,00   844,29
 18,22  46,00   838,35
 17,86  46,00   821,34
 17,90  46,00   823,23
 18,06  47,00   848,61
 17,48  47,00   821,34
 17,49  47,00   822,15
 17,85  47,00   839,16
 17,44  47,00   819,45
 17,68  47,00   830,79
 17,71  47,00   832,14
 17,89  47,00   840,78
 17,35  47,00   815,40
 18,00  47,00   846,18
 17,98  47,00   845,10
 18,42  47,00   865,62
 17,62  47,00   828,09
 18,27  47,00   858,87
 17,03  47,00   800,28
 17,75  47,00   834,30
 17,32  47,00   814,05
 17,60  47,00   827,28
 17,98  47,00   844,83
 17,63  47,00   828,63
 17,30  47,00   813,24
 17,02  47,00   799,74
 17,02  47,00   799,74
 16,63  47,00   781,65
 17,27  47,00   811,62
 18,13  47,00   852,12
 17,95  47,00   843,48
 17,65  47,00   829,44
 17,71  47,00   832,41
 16,88  47,00   793,26
 18,03  47,00   847,26
 18,45  47,00   866,97
 16,64  47,00   782,19
 18,04  47,00   847,80
 17,90  47,00   841,32
 17,43  47,00   819,18
 17,88  47,00   840,24
 17,42  47,00   818,64
 17,65  47,00   829,71
 16,88  47,00   793,26
 16,93  47,00   795,69
 17,27  48,00   829,17
 15,80  48,00   758,43
 16,23  48,00   778,95
 17,77  48,00   852,93
 17,16  48,00   823,50
 17,31  48,00   830,79
 17,29  48,00   829,71
 17,45  48,00   837,81
 17,42  48,00   836,19
 16,50  48,00   791,91
 17,31  48,00   831,06
 16,60  48,00   797,04
 17,04  48,00   817,83
 16,53  48,00   793,26
 17,54  48,00   841,86
 17,56  48,00   842,67
 16,96  48,00   814,32
 17,59  48,00   844,56
 17,92  48,00   859,95
 17,38  48,00   834,03
 16,84  48,00   808,11
 16,36  48,00   785,16
 15,40  48,00   739,26
 17,40  48,00   835,38
 17,93  48,00   860,76
 17,79  48,00   854,01
 17,11  48,00   821,07
 17,23  48,00   827,01
 17,12  48,00   821,88
 16,52  48,00   792,99
 17,89  48,00   858,60
 17,16  48,00   823,77
 16,74  48,00   803,52
 16,84  48,00   808,38
 16,61  48,00   797,31
 16,04  48,00   770,04
 17,56  48,00   842,67
 16,25  48,00   780,03
 16,40  48,00   787,32
 18,03  48,00   865,35
 17,86  48,00   857,52
 16,00  49,00   784,08
 16,98  49,00   832,14
 16,58  49,00   812,43
 16,52  49,00   809,46
 16,18  49,00   792,72
 15,96  49,00   781,92
 16,64  49,00   815,40
 17,12  49,00   838,89
 16,94  49,00   829,98
 16,40  49,00   803,52
 16,12  49,00   790,02
 16,71  49,00   818,91
 15,94  49,00   780,84
 16,51  49,00   808,92
 16,39  49,00   802,98
 16,51  49,00   808,92
 17,25  49,00   845,37
 15,47  49,00   757,89
 16,66  49,00   816,21
 16,70  49,00   818,10
 16,71  49,00   818,91
 16,04  49,00   785,97
 16,45  49,00   805,95
 16,69  49,00   817,83
 15,98  49,00   783,00
 16,64  49,00   815,40
 16,75  49,00   820,80
 17,29  49,00   846,99
 16,24  49,00   795,69
 17,81  49,00   872,91
 17,40  49,00   852,39
 15,68  49,00   768,42
 16,81  49,00   823,77
 16,52  49,00   809,46
 16,65  49,00   815,94
 16,97  49,00   831,33
 15,88  49,00   778,14
 16,86  49,00   825,93
 16,30  49,00   798,93
 17,46  49,00   855,63
 15,43  49,00   756,00
 15,64  50,00   782,19
 15,28  50,00   763,83
 16,17  50,00   808,38
 14,97  50,00   748,71
 15,42  50,00   771,12
 16,03  50,00   801,63
 15,75  50,00   787,59
 15,75  50,00   787,59
 15,38  50,00   769,23
 15,11  50,00   755,73
 15,54  50,00   776,79
 16,53  50,00   826,74
 16,60  50,00   829,98
 16,18  50,00   808,92
 15,29  50,00   764,64
 15,69  50,00   784,62
 16,23  50,00   811,62
 15,95  50,00   797,31
 15,45  50,00   772,47
 15,67  50,00   783,54
 15,55  50,00   777,60
 15,40  50,00   770,04
 15,99  50,00   799,47
 15,42  50,00   770,85
 14,80  50,00   740,07
 16,34  50,00   817,02
 15,24  50,00   762,21
 15,27  50,00   763,56
 16,15  50,00   807,30
 15,60  50,00   780,03
 15,75  50,00   787,59
 15,72  50,00   785,97
 15,93  50,00   796,50
 16,24  50,00   811,89
 16,35  50,00   817,56
 15,19  50,00   759,51
 16,43  50,00   821,34
 15,76  50,00   788,13
 15,99  50,00   799,47
 15,60  50,00   780,03
 16,83  50,00   841,32
 15,50  51,00   790,29
 14,77  51,00   753,30
 14,97  51,00   763,29
 15,54  51,00   792,45
 15,16  51,00   773,28
 15,99  51,00   815,40
 15,65  51,00   798,12
 14,74  51,00   751,68
 15,31  51,00   780,57
 15,32  51,00   781,11
 15,60  51,00   795,69
 15,20  51,00   775,44
 14,84  51,00   756,81
 15,06  51,00   768,15
 15,18  51,00   774,36
 14,82  51,00   756,00
 15,06  51,00   768,15
 15,69  51,00   800,01
 15,24  51,00   777,33
 15,89  51,00   810,27
 15,70  51,00   800,55
 15,02  51,00   766,26
 15,33  51,00   781,65
 14,82  51,00   755,73
 15,47  51,00   789,21
 14,51  51,00   740,07
 14,91  51,00   760,32
 15,17  51,00   773,82
 15,07  51,00   768,69
 14,39  51,00   733,86
 14,24  51,00   726,30
 15,49  51,00   789,75
 14,84  51,00   757,08
 15,91  51,00   811,62
 15,68  51,00   799,47
 15,42  51,00   786,51
 14,48  51,00   738,72
 14,85  51,00   757,35
 15,15  51,00   772,47
 15,76  51,00   803,52
 15,31  51,00   780,57
 14,21  52,00   738,72
 13,86  52,00   720,63
 14,05  52,00   730,62
 15,02  52,00   780,84
 15,20  52,00   790,29
 14,44  52,00   751,14
 14,18  52,00   737,37
 15,09  52,00   784,89
 14,63  52,00   760,86
 14,73  52,00   765,72
 14,95  52,00   777,33
 13,88  52,00   721,71
 14,36  52,00   746,55
 15,27  52,00   794,07
 14,51  52,00   754,65
 14,09  52,00   732,78
 14,07  52,00   731,70
 14,73  52,00   765,72
 14,82  52,00   770,85
 14,13  52,00   734,67
 14,65  52,00   761,94
 14,26  52,00   741,69
 14,37  52,00   747,36
 14,68  52,00   763,29
 13,42  52,00   697,95
 15,20  52,00   790,29
 14,40  52,00   748,71
 14,42  52,00   750,06
 14,92  52,00   775,98
 14,71  52,00   765,18
 15,19  52,00   789,75
 14,23  52,00   740,07
 14,78  52,00   768,69
 14,30  52,00   743,85
 15,22  52,00   791,37
 14,67  52,00   763,02
 14,31  52,00   744,12
 14,83  52,00   771,39
 14,59  52,00   758,43
 15,33  52,00   797,31
 13,65  52,00   709,83
 14,20  53,00   752,76
 13,93  53,00   738,18
 14,45  53,00   765,72
 13,84  53,00   733,32
 13,25  53,00   702,27
 14,14  53,00   749,52
 13,51  53,00   715,77
 14,49  53,00   767,88
 14,16  53,00   750,60
 13,63  53,00   722,52
 14,05  53,00   744,39
 14,48  53,00   767,61
 13,79  53,00   730,89
 14,65  53,00   776,25
 13,23  53,00   701,19
 14,19  53,00   751,95
 13,87  53,00   735,21
 14,29  53,00   757,35
 14,12  53,00   748,17
 14,58  53,00   772,74
 13,11  53,00   694,71
 14,46  53,00   766,26
 13,71  53,00   726,57
 14,31  53,00   758,43
 14,49  53,00   767,88
 14,24  53,00   754,92
 13,38  53,00   709,29
 14,33  53,00   759,24
 14,94  53,00   791,64
 14,20  53,00   752,49
 14,30  53,00   757,89
 14,61  53,00   774,36
 14,14  53,00   749,25
 13,87  53,00   735,21
 14,23  53,00   754,38
 13,92  53,00   737,91
 13,74  53,00   728,19
 13,39  53,00   709,56
 13,92  53,00   737,64
 13,92  53,00   737,64
 14,63  53,00   775,44
 13,88  54,00   749,52
 13,74  54,00   742,23
 12,85  54,00   693,90
 13,25  54,00   715,50
 14,08  54,00   760,32
 13,42  54,00   724,68
 13,50  54,00   729,00
 13,91  54,00   751,41
 12,99  54,00   701,73
 13,57  54,00   733,05
 12,90  54,00   696,87
 13,70  54,00   739,80
 14,13  54,00   763,02
 13,85  54,00   747,90
 13,60  54,00   734,40
 14,08  54,00   760,32
 13,53  54,00   730,62
 13,39  54,00   723,06
 13,44  54,00   726,03
 13,61  54,00   735,21
 14,34  54,00   774,36
 13,67  54,00   738,18
 12,96  54,00   700,11
 13,58  54,00   733,59
 13,43  54,00   725,22
 13,79  54,00   744,66
 13,44  54,00   725,76
 13,72  54,00   741,15
 13,44  54,00   726,03
 13,02  54,00   703,35
 13,16  54,00   710,91
 13,79  54,00   744,93
 13,21  54,00   713,61
 14,57  54,00   787,05
 13,91  54,00   751,14
 13,46  54,00   726,84
 13,81  54,00   745,74
 13,88  54,00   749,52
 12,86  54,00   694,44
 13,73  54,00   741,42
 14,10  54,00   761,40
 13,77  55,00   757,35
 13,13  55,00   722,25
 13,25  55,00   728,73
 12,98  55,00   713,88
 13,06  55,00   718,47
 13,73  55,00   754,92
 12,57  55,00   691,20
 12,55  55,00   690,39
 12,03  55,00   661,50
 14,09  55,00   775,17
 12,39  55,00   681,21
 13,53  55,00   744,12
 12,97  55,00   713,61
 12,87  55,00   707,67
 13,40  55,00   736,83
 13,38  55,00   736,02
 12,83  55,00   705,78
 13,47  55,00   740,88
 12,98  55,00   713,88
 12,65  55,00   695,52
 12,70  55,00   698,76
 13,62  55,00   749,25
 12,86  55,00   707,13
 12,42  55,00   682,83
 13,48  55,00   741,42
 12,92  55,00   710,64
 13,18  55,00   724,95
 13,46  55,00   740,34
 12,93  55,00   710,91
 13,01  55,00   715,50
 12,88  55,00   708,48
 13,41  55,00   737,64
 13,12  55,00   721,44
 13,22  55,00   727,11
 13,63  55,00   749,79
 13,31  55,00   732,24
 13,42  55,00   737,91
 12,75  55,00   701,46
 13,56  55,00   746,01
 12,69  55,00   697,68
 13,42  55,00   737,91
 12,49  56,00   699,30
 12,58  56,00   704,70
 12,30  56,00   688,77
 12,84  56,00   719,01
 12,82  56,00   717,93
 12,77  56,00   715,23
 12,34  56,00   690,93
 11,81  56,00   661,50
 11,83  56,00   662,31
 12,63  56,00   707,13
 12,34  56,00   690,93
 12,81  56,00   717,12
 12,53  56,00   701,46
 12,23  56,00   684,99
 13,06  56,00   731,43
 12,13  56,00   679,05
 12,95  56,00   724,95
 12,38  56,00   693,36
 12,92  56,00   723,33
 12,28  56,00   687,42
 12,59  56,00   705,24
 12,75  56,00   713,88
 12,28  56,00   687,96
 12,63  56,00   707,40
 12,77  56,00   715,23
 12,41  56,00   694,71
 12,94  56,00   724,68
 12,40  56,00   694,44
 12,60  56,00   705,51
 12,67  56,00   709,56
 12,46  56,00   697,95
 12,25  56,00   685,80
 12,52  56,00   701,19
 12,44  56,00   696,60
 12,25  56,00   686,07
 12,82  56,00   717,93
 12,05  56,00   675,00
 12,46  56,00   697,68
 12,23  56,00   684,72
 12,83  56,00   718,74
 12,44  56,00   696,87
 12,69  57,00   723,06
 12,07  57,00   688,23
 12,60  57,00   718,20
 12,49  57,00   711,99
 12,59  57,00   717,66
 11,98  57,00   682,83
 12,65  57,00   720,90
 12,32  57,00   702,00
 11,92  57,00   679,32
 11,65  57,00   664,20
 12,39  57,00   706,05
 11,95  57,00   680,94
 12,24  57,00   697,95
 12,48  57,00   711,45
 11,74  57,00   669,33
 12,59  57,00   717,39
 12,08  57,00   688,77
 12,85  57,00   732,51
 12,55  57,00   715,50
 11,44  57,00   652,32
 11,83  57,00   674,19
 11,80  57,00   672,57
 12,47  57,00   710,91
 11,97  57,00   682,02
 12,15  57,00   692,28
 12,28  57,00   699,84
 11,59  57,00   660,69
 12,10  57,00   689,58
 12,12  57,00   690,66
 11,48  57,00   654,48
 12,24  57,00   697,68
 12,22  57,00   696,60
 12,28  57,00   699,84
 12,47  57,00   710,64
 12,89  57,00   734,94
 12,48  57,00   711,18
 11,27  57,00   642,33
 11,42  57,00   650,70
 12,54  57,00   714,96
 11,81  57,00   673,38
 12,29  57,00   700,38
 10,93  58,00   634,23
 11,28  58,00   654,48
 11,38  58,00   659,88
 11,39  58,00   660,69
 11,44  58,00   663,66
 11,23  58,00   651,24
 11,18  58,00   648,54
 11,81  58,00   684,99
 12,55  58,00   727,92
 11,96  58,00   693,63
 12,23  58,00   709,29
 11,36  58,00   658,80
 11,78  58,00   683,10
 11,30  58,00   655,29
 11,71  58,00   679,32
 12,25  58,00   710,64
 11,69  58,00   678,24
 12,20  58,00   707,67
 11,47  58,00   665,28
 11,47  58,00   665,55
 11,88  58,00   688,77
 11,31  58,00   655,83
 11,74  58,00   681,21
 10,84  58,00   628,56
 11,92  58,00   691,20
 11,67  58,00   676,62
 11,71  58,00   679,32
 11,60  58,00   672,57
 11,44  58,00   663,39
 11,99  58,00   695,52
 11,68  58,00   677,16
 12,27  58,00   711,72
 11,53  58,00   668,52
 11,63  58,00   674,46
 11,97  58,00   694,17
 11,69  58,00   678,24
 11,89  58,00   689,85
 12,17  58,00   706,05
 12,27  58,00   711,45
 11,38  58,00   660,15
 11,54  58,00   669,06
 11,68  59,00   689,04
 11,18  59,00   659,88
 11,56  59,00   682,29
 11,77  59,00   694,17
 11,44  59,00   675,00
 11,38  59,00   671,22
 11,47  59,00   676,62
 11,10  59,00   654,75
 11,82  59,00   697,41
 10,76  59,00   635,04
 11,12  59,00   656,37
 11,69  59,00   689,85
 10,92  59,00   644,22
 11,36  59,00   670,41
 11,80  59,00   696,33
 11,10  59,00   655,02
 11,18  59,00   659,61
 11,06  59,00   652,32
 11,37  59,00   670,68
 11,12  59,00   655,83
 10,74  59,00   633,69
 11,13  59,00   656,91
 11,14  59,00   657,45
 11,20  59,00   660,96
 11,67  59,00   688,50
 11,68  59,00   689,04
 11,28  59,00   665,55
 11,03  59,00   650,97
 11,89  59,00   701,73
 11,93  59,00   703,89
 10,91  59,00   643,41
 11,38  59,00   671,49
 11,07  59,00   653,40
 11,12  59,00   655,83
 11,18  59,00   659,61
 11,77  59,00   694,17
 11,03  59,00   650,97
 10,89  59,00   642,60
 11,33  59,00   668,52
 11,98  59,00   706,86
 11,80  59,00   696,06
 10,46  60,00   627,75
 10,62  60,00   637,20
 11,33  60,00   679,59
 10,34  60,00   620,19
 10,92  60,00   655,29
 10,60  60,00   636,12
 10,80  60,00   648,00
 10,91  60,00   654,75
 11,09  60,00   665,55
 10,84  60,00   650,43
 11,09  60,00   665,55
 11,16  60,00   669,33
 10,64  60,00   638,28
 10,89  60,00   653,67
 10,77  60,00   646,38
 10,68  60,00   640,71
 10,06  60,00   603,45
 10,78  60,00   646,65
 10,93  60,00   655,83
 10,84  60,00   650,16
 11,01  60,00   660,42
 10,39  60,00   623,16
 10,62  60,00   637,20
 10,71  60,00   642,87
 10,63  60,00   637,74
 10,88  60,00   652,86
 11,07  60,00   663,93
 10,85  60,00   650,97
 10,62  60,00   637,20
 11,07  60,00   664,20
 11,12  60,00   667,44
 11,05  60,00   662,85
 10,62  60,00   637,20
 11,08  60,00   665,01
 11,10  60,00   666,09
 10,49  60,00   629,37
 11,10  60,00   665,82
 10,74  60,00   644,49
 10,45  60,00   627,21
 10,59  60,00   635,58
 10,41  60,00   624,78
 10,58  61,00   645,57
 10,44  61,00   636,66
 10,00  61,00   609,93
 10,17  61,00   620,46
 10,26  61,00   625,59
 10,26  61,00   625,59
 10,43  61,00   636,39
 10,27  61,00   626,67
 10,58  61,00   645,30
 10,40  61,00   634,50
 10,44  61,00   636,93
 10,30  61,00   628,29
 10,07  61,00   614,52
 10,18  61,00   621,27
 10,23  61,00   623,97
 10,96  61,00   668,79
 10,37  61,00   632,61
 10,21  61,00   622,89
 10,20  61,00   622,35
 10,54  61,00   643,14
 10,29  61,00   627,48
 10,68  61,00   651,51
 10,21  61,00   622,89
 10,58  61,00   645,57
 10,98  61,00   669,60
 11,06  61,00   674,73
 10,64  61,00   648,81
 10,33  61,00   630,18
 10,60  61,00   646,38
  9,92  61,00   605,34
 10,87  61,00   662,85
 10,68  61,00   651,51
 10,68  61,00   651,51
 10,68  61,00   651,78
 11,07  61,00   675,54
 11,17  61,00   681,21
 10,35  61,00   631,53
 10,52  61,00   641,79
 10,54  61,00   643,14
 10,53  61,00   642,06
 10,41  61,00   635,31
 10,30  62,00   638,55
 10,18  62,00   631,26
 10,57  62,00   655,29
 10,34  62,00   641,25
 10,01  62,00   620,46
 10,11  62,00   626,67
 10,18  62,00   631,26
 10,29  62,00   637,74
 10,26  62,00   636,39
 10,22  62,00   633,69
 10,50  62,00   650,97
  9,31  62,00   577,53
  9,88  62,00   612,63
  9,71  62,00   601,83
 10,27  62,00   636,93
  9,88  62,00   612,63
  9,79  62,00   607,23
  9,90  62,00   613,98
 10,33  62,00   640,44
  9,98  62,00   618,84
 10,13  62,00   628,29
 10,08  62,00   625,05
 10,22  62,00   633,69
 10,33  62,00   640,17
 10,36  62,00   642,06
 10,08  62,00   625,05
 10,11  62,00   626,94
  9,82  62,00   608,58
 10,44  62,00   647,19
 10,10  62,00   626,13
  9,48  62,00   588,06
  9,87  62,00   611,82
  9,67  62,00   599,40
 10,07  62,00   624,24
  9,98  62,00   618,57
 10,01  62,00   620,46
  9,37  62,00   581,04
 10,46  62,00   648,81
  9,80  62,00   607,50
  9,96  62,00   617,76
  9,89  62,00   613,44
  9,65  63,00   608,04
  9,48  63,00   597,51
  9,98  63,00   628,83
  9,60  63,00   605,07
  9,42  63,00   593,73
  9,46  63,00   595,89
  9,57  63,00   603,18
  9,63  63,00   606,42
 10,22  63,00   643,68
  9,47  63,00   596,43
  9,54  63,00   600,75
  9,45  63,00   595,35
  9,33  63,00   588,06
  9,83  63,00   619,11
  9,42  63,00   593,19
  9,89  63,00   623,16
 10,01  63,00   630,45
  9,25  63,00   582,66
  9,66  63,00   608,58
  8,80  63,00   554,58
  9,48  63,00   597,51
  9,72  63,00   612,63
  9,61  63,00   605,34
  9,93  63,00   625,32
  9,48  63,00   596,97
 10,01  63,00   630,72
  9,63  63,00   606,69
 10,00  63,00   630,18
  9,84  63,00   620,19
  9,47  63,00   596,70
  9,42  63,00   593,19
  9,45  63,00   595,35
  9,94  63,00   626,13
  9,34  63,00   588,33
  9,24  63,00   582,12
 10,09  63,00   635,58
  9,73  63,00   613,17
  9,53  63,00   600,48
  9,54  63,00   601,02
 10,32  63,00   649,89
  9,62  63,00   605,88
  9,04  64,00   578,61
  9,69  64,00   619,92
  9,40  64,00   601,83
  9,14  64,00   584,82
  9,67  64,00   618,57
  9,73  64,00   622,89
  9,13  64,00   584,01
  9,56  64,00   612,09
  8,88  64,00   568,08
  9,06  64,00   579,69
  9,55  64,00   611,28
  9,24  64,00   591,57
  9,39  64,00   600,75
  9,09  64,00   581,58
  8,81  64,00   563,76
  8,96  64,00   573,21
  9,40  64,00   601,29
  8,76  64,00   560,52
  9,04  64,00   578,34
  9,38  64,00   600,48
  9,45  64,00   605,07
  9,18  64,00   587,25
  9,56  64,00   611,55
  9,23  64,00   590,49
  9,24  64,00   591,30
  9,16  64,00   586,44
  9,34  64,00   597,78
  8,83  64,00   565,38
  8,75  64,00   559,71
  9,09  64,00   581,58
  9,45  64,00   605,07
  9,23  64,00   590,76
  9,17  64,00   586,98
  9,07  64,00   580,77
  9,31  64,00   595,62
  9,12  64,00   583,74
  9,64  64,00   617,22
  9,20  64,00   588,60
  9,36  64,00   599,13
  9,45  64,00   604,53
  9,22  64,00   590,22
  9,13  65,00   593,46
  8,70  65,00   565,65
  8,85  65,00   575,37
  8,73  65,00   567,27
  9,04  65,00   587,52
  9,27  65,00   602,64
  8,88  65,00   577,26
  8,98  65,00   583,74
  8,57  65,00   556,74
  8,69  65,00   565,11
  8,59  65,00   558,09
  8,63  65,00   560,79
  9,03  65,00   587,25
  8,41  65,00   546,48
  9,06  65,00   588,60
  9,23  65,00   599,67
  8,73  65,00   567,54
  8,24  65,00   535,68
  8,67  65,00   563,49
  8,65  65,00   562,14
  8,72  65,00   567,00
  8,99  65,00   584,28
  9,25  65,00   601,56
  9,12  65,00   592,65
  8,51  65,00   552,96
  8,82  65,00   573,21
  8,71  65,00   566,46
  8,46  65,00   549,72
  8,87  65,00   576,45
  8,98  65,00   584,01
  8,96  65,00   582,66
  8,99  65,00   584,55
  8,37  65,00   544,05
  9,05  65,00   588,33
  9,11  65,00   591,84
  8,70  65,00   565,65
  9,13  65,00   593,19
  9,23  65,00   600,21
  9,27  65,00   602,64
  8,55  65,00   555,66
  8,81  65,00   572,94
  8,22  66,00   542,70
  8,58  66,00   566,19
  8,51  66,00   561,60
  8,02  66,00   529,47
  8,29  66,00   547,02
  8,50  66,00   560,79
  8,58  66,00   566,19
  8,76  66,00   578,07
  8,95  66,00   590,49
  8,80  66,00   580,77
  8,70  66,00   574,29
  8,30  66,00   547,56
  8,50  66,00   561,06
  8,44  66,00   556,74
  8,29  66,00   547,02
  8,39  66,00   553,50
  8,45  66,00   557,55
  8,68  66,00   572,94
  8,74  66,00   576,99
  8,77  66,00   579,15
  8,70  66,00   574,29
  8,40  66,00   554,58
  8,17  66,00   539,46
  8,63  66,00   569,70
  8,64  66,00   569,97
  8,32  66,00   548,91
  8,26  66,00   545,13
  8,59  66,00   567,27
  8,29  66,00   547,02
  8,36  66,00   551,88
  8,42  66,00   555,66
  8,81  66,00   581,58
  8,74  66,00   576,99
  8,30  66,00   548,10
  8,75  66,00   577,53
  8,25  66,00   544,32
  8,28  66,00   546,21
  8,84  66,00   583,74
  8,52  66,00   562,14
  8,42  66,00   555,66
  8,57  66,00   565,92
  8,43  67,00   564,84
  7,95  67,00   532,44
  8,15  67,00   546,21
  7,92  67,00   530,55
  8,43  67,00   564,84
  8,40  67,00   562,95
  8,31  67,00   556,47
  7,92  67,00   530,55
  8,30  67,00   556,20
  8,36  67,00   559,98
  8,08  67,00   541,08
  8,40  67,00   562,68
  8,08  67,00   541,62
  8,29  67,00   555,12
  7,67  67,00   514,08
  8,18  67,00   548,37
  7,41  67,00   496,80
  8,41  67,00   563,76
  8,32  67,00   557,28
  8,25  67,00   552,96
  8,04  67,00   538,38
  7,67  67,00   513,81
  8,41  67,00   563,22
  7,95  67,00   532,98
  8,10  67,00   542,97
  8,14  67,00   545,13
  8,50  67,00   569,43
  7,97  67,00   534,06
  8,17  67,00   547,29
  7,71  67,00   516,24
  7,91  67,00   530,28
  8,41  67,00   563,76
  8,06  67,00   540,27
  8,18  67,00   548,37
  8,11  67,00   543,24
  8,32  67,00   557,55
  8,27  67,00   553,77
  7,63  67,00   511,38
  7,99  67,00   535,14
  8,15  67,00   546,21
  8,27  67,00   554,31
  7,86  68,00   534,33
  7,84  68,00   532,98
  7,80  68,00   530,28
  7,89  68,00   536,49
  7,68  68,00   522,18
  8,23  68,00   559,98
  7,78  68,00   528,93
  8,08  68,00   549,18
  7,93  68,00   539,46
  7,55  68,00   513,27
  7,55  68,00   513,27
  7,65  68,00   520,02
  7,80  68,00   530,55
  7,47  68,00   508,14
  7,69  68,00   522,72
  7,91  68,00   537,57
  8,39  68,00   570,24
  7,69  68,00   522,72
  7,72  68,00   524,88
  7,69  68,00   522,72
  7,77  68,00   528,66
  8,39  68,00   570,51
  7,83  68,00   532,71
  7,68  68,00   521,91
  8,11  68,00   551,34
  7,68  68,00   522,18
  7,66  68,00   521,10
  7,71  68,00   524,34
  7,57  68,00   514,89
  7,25  68,00   493,29
  7,98  68,00   542,43
  7,83  68,00   532,44
  7,62  68,00   518,13
  7,52  68,00   511,11
  7,89  68,00   536,49
  8,23  68,00   559,71
  7,67  68,00   521,37
  7,91  68,00   537,84
  7,90  68,00   537,03
  7,79  68,00   529,47
  7,41  68,00   503,82
  7,64  69,00   527,04
  7,68  69,00   530,01
  7,63  69,00   526,77
  7,44  69,00   513,54
  7,80  69,00   538,11
  7,65  69,00   528,12
  7,67  69,00   529,47
  6,68  69,00   460,89
  7,10  69,00   489,78
  7,25  69,00   500,04
  7,40  69,00   510,30
  7,58  69,00   522,72
  7,37  69,00   508,41
  7,46  69,00   514,62
  7,68  69,00   529,74
  7,55  69,00   521,10
  7,45  69,00   513,81
  7,56  69,00   521,37
  7,72  69,00   532,98
  7,48  69,00   516,24
  7,27  69,00   501,39
  7,51  69,00   517,86
  7,73  69,00   533,52
  7,63  69,00   526,23
  7,82  69,00   539,73
  7,47  69,00   515,43
  7,60  69,00   524,34
  7,54  69,00   520,56
  7,33  69,00   505,44
  7,87  69,00   543,24
  8,06  69,00   556,47
  7,38  69,00   509,49
  7,37  69,00   508,68
  7,38  69,00   509,22
  7,22  69,00   497,88
  7,20  69,00   496,53
  7,36  69,00   507,87
  7,31  69,00   504,36
  7,59  69,00   523,80
  7,51  69,00   518,13
  7,49  69,00   516,78
  6,97  70,00   487,89
  6,99  70,00   489,51
  7,17  70,00   501,66
  7,08  70,00   495,45
  7,10  70,00   497,34
  7,24  70,00   506,79
  6,94  70,00   485,73
  6,67  70,00   467,10
  7,14  70,00   499,77
  7,27  70,00   509,22
  6,90  70,00   483,03
  6,98  70,00   488,70
  6,95  70,00   486,81
  7,26  70,00   508,41
  7,03  70,00   492,21
  7,20  70,00   504,09
  7,04  70,00   492,75
  7,20  70,00   504,09
  7,13  70,00   498,96
  7,35  70,00   514,62
  7,31  70,00   511,65
  7,12  70,00   498,69
  7,36  70,00   515,43
  7,61  70,00   532,71
  6,92  70,00   484,65
  7,13  70,00   499,23
  7,28  70,00   509,49
  7,42  70,00   519,75
  7,49  70,00   524,61
  7,12  70,00   498,42
  7,12  70,00   498,69
  7,08  70,00   495,72
  7,02  70,00   491,40
  7,14  70,00   499,77
  7,07  70,00   494,91
  7,17  70,00   501,66
  7,34  70,00   513,54
  7,14  70,00   500,04
  7,36  70,00   515,43
  7,12  70,00   498,42
  7,67  70,00   537,03
  6,83  71,00   484,65
  6,81  71,00   483,30
  6,70  71,00   475,74
  7,19  71,00   510,84
  7,14  71,00   507,06
  6,83  71,00   484,65
  6,72  71,00   477,36
  6,92  71,00   491,13
  6,90  71,00   490,05
  6,70  71,00   475,74
  6,34  71,00   450,36
  7,22  71,00   512,46
  6,53  71,00   463,32
  6,58  71,00   467,37
  6,99  71,00   496,26
  6,79  71,00   482,22
  6,72  71,00   477,36
  6,99  71,00   496,53
  6,92  71,00   491,67
  6,51  71,00   462,24
  7,19  71,00   510,57
  6,77  71,00   480,87
  6,90  71,00   489,78
  6,95  71,00   493,29
  6,59  71,00   467,64
  6,95  71,00   493,56
  7,05  71,00   500,31
  6,57  71,00   466,29
  6,66  71,00   473,04
  7,02  71,00   498,42
  6,80  71,00   483,03
  6,70  71,00   475,47
  6,37  71,00   452,25
  6,61  71,00   469,53
  6,75  71,00   479,25
  7,11  71,00   504,90
  6,69  71,00   475,20
  6,48  71,00   460,08
  6,69  71,00   475,20
  6,80  71,00   482,76
  7,26  71,00   515,43
  6,36  72,00   457,65
  6,45  72,00   464,40
  6,40  72,00   460,62
  6,43  72,00   462,78
  6,18  72,00   444,96
  6,30  72,00   453,87
  6,51  72,00   468,72
  6,37  72,00   458,46
  6,66  72,00   479,25
  6,46  72,00   464,94
  6,46  72,00   465,21
  6,35  72,00   457,11
  6,07  72,00   436,86
  6,68  72,00   481,14
  6,54  72,00   470,61
  6,79  72,00   489,24
  6,49  72,00   467,37
  6,21  72,00   447,12
  6,59  72,00   474,66
  6,27  72,00   451,17
  6,79  72,00   488,97
  6,75  72,00   486,27
  6,51  72,00   468,99
  6,52  72,00   469,53
  6,35  72,00   457,11
  6,19  72,00   446,04
  6,69  72,00   481,41
  6,37  72,00   458,46
  6,40  72,00   461,16
  6,43  72,00   463,05
  6,23  72,00   448,74
  6,42  72,00   461,97
  6,52  72,00   469,53
  6,17  72,00   444,15
  6,49  72,00   467,10
  6,11  72,00   439,83
  6,50  72,00   467,91
  6,49  72,00   467,64
  6,64  72,00   478,17
  6,12  72,00   440,37
  6,10  72,00   439,56
  5,80  73,00   423,09
  6,38  73,00   465,48
  6,18  73,00   451,17
  6,10  73,00   445,50
  6,21  73,00   453,33
  6,37  73,00   464,67
  6,04  73,00   440,91
  6,42  73,00   468,72
  6,26  73,00   457,11
  6,46  73,00   471,69
  5,99  73,00   437,40
  5,86  73,00   427,68
  6,13  73,00   447,66
  5,88  73,00   429,03
  6,28  73,00   458,19
  6,35  73,00   463,86
  6,62  73,00   483,57
  5,71  73,00   416,88
  6,44  73,00   470,07
  5,86  73,00   427,95
  6,37  73,00   464,67
  6,31  73,00   460,62
  6,27  73,00   457,92
  6,35  73,00   463,86
  6,33  73,00   462,24
  6,10  73,00   445,50
  6,20  73,00   452,79
  6,18  73,00   450,90
  6,32  73,00   461,70
  6,06  73,00   442,26
  6,16  73,00   449,55
  6,18  73,00   451,44
  5,91  73,00   431,46
  6,16  73,00   449,55
  6,20  73,00   452,52
  6,14  73,00   447,93
  6,00  73,00   437,94
  6,28  73,00   458,19
  6,21  73,00   453,06
  6,52  73,00   475,74
  5,99  73,00   437,40
  5,94  74,00   439,29
  5,99  74,00   443,07
  5,69  74,00   420,93
  5,68  74,00   420,12
  6,01  74,00   444,96
  5,82  74,00   430,65
  5,96  74,00   440,91
  6,10  74,00   451,71
  5,92  74,00   437,94
  5,83  74,00   431,73
  5,64  74,00   417,69
  5,59  74,00   413,64
  5,67  74,00   419,58
  5,95  74,00   440,37
  6,02  74,00   445,77
  5,70  74,00   421,47
  5,85  74,00   432,81
  5,80  74,00   429,30
  5,93  74,00   438,75
  5,97  74,00   441,45
  5,86  74,00   433,35
  5,98  74,00   442,80
  5,89  74,00   436,05
  6,14  74,00   454,14
  5,84  74,00   432,27
  5,75  74,00   425,52
  5,74  74,00   424,98
  6,10  74,00   451,71
  5,54  74,00   410,13
  5,66  74,00   419,04
  5,80  74,00   429,30
  5,56  74,00   411,48
  5,93  74,00   438,48
  6,34  74,00   468,99
  5,83  74,00   431,46
  5,87  74,00   434,16
  6,09  74,00   450,90
  5,88  74,00   434,97
  6,06  74,00   448,74
  6,03  74,00   446,04
  6,12  74,00   452,52
  6,01  75,00   450,63
  5,82  75,00   436,86
  5,98  75,00   448,47
  5,75  75,00   431,46
  5,36  75,00   401,76
  5,66  75,00   424,17
  5,65  75,00   423,63
  5,65  75,00   423,63
  5,33  75,00   399,60
  5,68  75,00   425,79
  5,45  75,00   408,51
  5,42  75,00   406,35
  5,43  75,00   406,89
  5,55  75,00   416,61
  5,45  75,00   408,51
  5,68  75,00   426,06
  5,59  75,00   419,31
  5,52  75,00   414,18
  5,63  75,00   422,55
  5,76  75,00   432,00
  5,43  75,00   407,43
  5,69  75,00   426,87
  5,59  75,00   419,58
  5,59  75,00   419,04
  5,53  75,00   414,72
  5,58  75,00   418,50
  5,66  75,00   424,44
  5,35  75,00   401,49
  5,48  75,00   410,67
  5,52  75,00   413,91
  5,86  75,00   439,56
  5,59  75,00   419,04
  5,53  75,00   414,99
  5,55  75,00   416,07
  5,49  75,00   411,75
  5,55  75,00   416,34
  5,40  75,00   404,73
  5,58  75,00   418,77
  5,52  75,00   414,18
  5,56  75,00   416,88
  5,58  75,00   418,23
  5,23  76,00   397,71
  5,54  76,00   421,20
  5,50  76,00   418,23
  5,19  76,00   394,47
  5,23  76,00   397,17
  5,31  76,00   403,38
  5,14  76,00   390,69
  5,44  76,00   413,37
  5,26  76,00   399,60
  5,40  76,00   410,40
  5,23  76,00   397,44
  5,39  76,00   409,59
  5,27  76,00   400,68
  5,44  76,00   413,64
  5,38  76,00   409,05
  5,27  76,00   400,68
  5,38  76,00   408,78
  5,42  76,00   411,75
  5,36  76,00   407,43
  5,07  76,00   385,29
  5,38  76,00   408,78
  5,37  76,00   408,24
  5,23  76,00   397,44
  5,61  76,00   426,60
  5,33  76,00   405,00
  5,44  76,00   413,64
  5,22  76,00   396,63
  5,32  76,00   404,46
  5,43  76,00   412,56
  5,39  76,00   409,59
  5,18  76,00   393,66
  4,95  76,00   375,84
  5,49  76,00   416,88
  5,22  76,00   396,63
  5,71  76,00   433,62
  5,45  76,00   413,91
  5,12  76,00   389,07
  5,13  76,00   389,61
  5,33  76,00   404,73
  5,11  76,00   387,99
  5,35  76,00   406,35
  5,45  77,00   419,85
  4,98  77,00   383,40
  5,00  77,00   385,02
  5,05  77,00   389,07
  5,18  77,00   398,52
  5,34  77,00   411,21
  5,21  77,00   400,95
  4,77  77,00   367,47
  5,01  77,00   386,10
  4,82  77,00   370,98
  5,06  77,00   389,88
  4,99  77,00   383,94
  5,37  77,00   413,64
  4,98  77,00   383,40
  5,18  77,00   398,52
  4,96  77,00   381,78
  4,89  77,00   376,38
  5,10  77,00   392,58
  5,07  77,00   390,15
  4,87  77,00   375,30
  5,04  77,00   387,99
  4,99  77,00   383,94
  5,00  77,00   385,02
  4,98  77,00   383,40
  5,30  77,00   408,24
  5,27  77,00   406,08
  4,76  77,00   366,39
  5,56  77,00   427,95
  5,15  77,00   396,90
  4,99  77,00   383,94
  5,07  77,00   390,15
  5,21  77,00   400,95
  4,80  77,00   369,63
  5,02  77,00   386,64
  5,23  77,00   402,57
  4,82  77,00   371,25
  4,94  77,00   380,43
  5,08  77,00   390,96
  5,04  77,00   388,26
  5,31  77,00   409,05
  5,04  77,00   387,72
  4,68  78,00   365,04
  4,90  78,00   382,05
  4,68  78,00   365,04
  4,77  78,00   372,33
  4,97  78,00   387,99
  5,03  78,00   392,04
  4,79  78,00   373,68
  4,90  78,00   382,59
  4,90  78,00   382,32
  4,87  78,00   379,89
  4,78  78,00   372,87
  4,75  78,00   370,71
  4,85  78,00   378,00
  4,66  78,00   363,15
  4,85  78,00   378,27
  4,83  78,00   376,92
  5,07  78,00   395,82
  4,79  78,00   373,41
  4,80  78,00   374,76
  4,92  78,00   383,67
  4,80  78,00   374,49
  4,69  78,00   365,58
  4,77  78,00   372,06
  4,72  78,00   368,28
  4,66  78,00   363,15
  4,83  78,00   376,92
  4,92  78,00   383,67
  4,64  78,00   362,07
  4,88  78,00   380,70
  4,76  78,00   371,52
  4,88  78,00   380,97
  4,86  78,00   378,81
  4,66  78,00   363,15
  4,76  78,00   371,25
  4,89  78,00   381,24
  4,93  78,00   384,75
  4,94  78,00   385,29
  4,81  78,00   375,57
  4,66  78,00   363,69
  4,78  78,00   372,87
  4,66  78,00   363,69
  4,52  79,00   356,94
  4,59  79,00   362,34
  4,64  79,00   366,93
  4,57  79,00   360,99
  4,43  79,00   349,65
  4,58  79,00   361,53
  4,43  79,00   350,19
  4,78  79,00   377,73
  4,67  79,00   368,55
  4,68  79,00   369,36
  4,63  79,00   366,12
  4,64  79,00   366,39
  4,60  79,00   363,69
  4,66  79,00   368,01
  4,47  79,00   353,43
  4,80  79,00   378,81
  4,81  79,00   379,89
  4,51  79,00   356,13
  4,32  79,00   341,28
  4,67  79,00   368,55
  4,74  79,00   374,22
  4,27  79,00   337,50
  4,63  79,00   365,58
  4,51  79,00   356,13
  4,60  79,00   363,42
  4,62  79,00   365,31
  4,58  79,00   361,80
  4,64  79,00   366,93
  4,64  79,00   366,66
  4,26  79,00   336,42
  4,62  79,00   365,04
  4,16  79,00   328,86
  4,65  79,00   367,20
  4,54  79,00   358,56
  4,61  79,00   363,96
  4,56  79,00   360,45
  4,46  79,00   352,62
  4,62  79,00   364,77
  4,37  79,00   345,33
  4,47  79,00   353,43
  4,54  79,00   358,29
  4,26  80,00   341,01
  4,09  80,00   327,51
  4,25  80,00   340,20
  4,17  80,00   333,99
  4,35  80,00   348,03
  4,31  80,00   345,06
  4,43  80,00   354,78
  4,26  80,00   341,01
  4,39  80,00   351,54
  4,33  80,00   346,41
  4,21  80,00   336,42
  4,42  80,00   353,70
  4,24  80,00   339,39
  4,22  80,00   337,50
  4,27  80,00   341,28
  4,24  80,00   339,39
  4,36  80,00   349,11
  4,49  80,00   358,83
  4,16  80,00   333,18
  4,26  80,00   340,74
  4,48  80,00   358,02
  4,40  80,00   351,81
  4,16  80,00   332,91
  4,16  80,00   333,18
  4,32  80,00   345,87
  4,29  80,00   343,44
  4,30  80,00   343,98
  4,24  80,00   339,39
  4,18  80,00   334,80
  4,34  80,00   346,95
  4,31  80,00   345,06
  4,39  80,00   351,54
  4,32  80,00   345,60
  4,25  80,00   340,20
  3,86  80,00   308,61
  3,90  80,00   312,39
  4,28  80,00   342,09
  4,31  80,00   345,06
  4,34  80,00   347,22
  4,24  80,00   339,39
  4,16  80,00   333,18
  4,08  81,00   330,48
  3,90  81,00   315,63
  3,87  81,00   313,47
  3,91  81,00   316,71
  4,26  81,00   345,06
  4,07  81,00   329,40
  4,12  81,00   333,99
  4,19  81,00   339,12
  3,99  81,00   323,46
  4,13  81,00   334,80
  4,00  81,00   324,00
  4,05  81,00   328,32
  3,97  81,00   321,30
  3,92  81,00   317,25
  4,05  81,00   327,78
  4,01  81,00   324,54
  3,77  81,00   305,10
  4,35  81,00   352,08
  3,98  81,00   322,38
  3,89  81,00   314,82
  4,06  81,00   328,59
  3,92  81,00   317,79
  4,09  81,00   331,29
  4,06  81,00   328,59
  3,95  81,00   319,95
  4,30  81,00   348,03
  3,83  81,00   310,23
  4,19  81,00   339,39
  4,08  81,00   330,48
  4,05  81,00   328,32
  4,04  81,00   327,24
  3,91  81,00   316,98
  4,13  81,00   334,53
  4,23  81,00   342,90
  3,96  81,00   320,76
  4,06  81,00   328,59
  3,77  81,00   305,64
  3,76  81,00   304,29
  4,02  81,00   325,35
  4,07  81,00   329,67
  3,71  81,00   300,24
  4,03  82,00   330,48
  3,80  82,00   311,58
  3,84  82,00   315,09
  3,89  82,00   319,14
  4,10  82,00   335,88
  3,78  82,00   310,23
  3,95  82,00   324,00
  3,80  82,00   311,85
  3,59  82,00   294,57
  3,74  82,00   306,45
  3,91  82,00   321,03
  3,78  82,00   310,23
  3,76  82,00   308,07
  3,70  82,00   303,75
  3,67  82,00   301,32
  3,98  82,00   326,16
  3,80  82,00   311,58
  3,82  82,00   312,93
  3,83  82,00   313,74
  3,84  82,00   314,82
  4,06  82,00   332,91
  3,92  82,00   321,84
  3,95  82,00   324,27
  3,63  82,00   297,81
  3,74  82,00   306,45
  3,57  82,00   292,95
  3,67  82,00   301,32
  3,74  82,00   306,99
  3,95  82,00   324,27
  3,77  82,00   309,15
  3,67  82,00   301,32
  3,69  82,00   302,40
  3,74  82,00   306,45
  3,68  82,00   301,86
  3,79  82,00   311,04
  3,72  82,00   305,10
  3,74  82,00   306,99
  3,50  82,00   286,74
  3,95  82,00   324,00
  3,93  82,00   322,38
  4,04  82,00   331,29
  3,71  83,00   308,07
  3,69  83,00   306,18
  3,62  83,00   300,24
  3,25  83,00   270,00
  3,38  83,00   280,80
  3,50  83,00   290,52
  3,58  83,00   297,54
  3,65  83,00   303,21
  3,46  83,00   287,01
  3,41  83,00   283,23
  3,58  83,00   297,00
  3,47  83,00   287,82
  3,47  83,00   288,36
  3,56  83,00   295,65
  3,34  83,00   277,29
  3,51  83,00   291,33
  3,39  83,00   281,07
  3,53  83,00   293,22
  3,42  83,00   283,77
  3,56  83,00   295,11
  3,57  83,00   296,19
  3,45  83,00   286,74
  3,49  83,00   289,44
  3,65  83,00   303,21
  3,43  83,00   284,31
  3,60  83,00   298,89
  3,56  83,00   295,65
  3,59  83,00   297,81
  3,72  83,00   309,15
  3,61  83,00   299,70
  3,61  83,00   299,43
  3,48  83,00   288,90
  3,58  83,00   296,73
  3,69  83,00   305,91
  3,54  83,00   294,03
  3,90  83,00   323,46
  3,73  83,00   309,42
  3,62  83,00   300,24
  3,73  83,00   309,69
  3,58  83,00   297,00
  3,64  83,00   302,40
  3,18  84,00   267,30
  3,52  84,00   295,65
  3,28  84,00   275,40
  3,35  84,00   281,34
  3,32  84,00   278,91
  3,09  84,00   259,20
  3,08  84,00   258,93
  3,48  84,00   292,41
  3,29  84,00   276,75
  3,26  84,00   274,05
  3,28  84,00   275,94
  3,21  84,00   270,00
  2,97  84,00   249,21
  3,23  84,00   271,62
  3,52  84,00   295,92
  3,38  84,00   284,04
  3,12  84,00   262,17
  3,38  84,00   284,31
  3,02  84,00   254,07
  3,30  84,00   277,29
  3,37  84,00   283,23
  3,25  84,00   272,70
  3,36  84,00   281,88
  3,15  84,00   264,87
  3,30  84,00   277,29
  3,19  84,00   268,38
  3,21  84,00   270,00
  3,36  84,00   282,42
  3,25  84,00   272,70
  3,45  84,00   289,44
  3,56  84,00   298,89
  3,14  84,00   263,79
  3,10  84,00   260,01
  3,17  84,00   265,95
  3,29  84,00   276,75
  3,31  84,00   278,37
  3,18  84,00   267,30
  3,30  84,00   277,56
  3,38  84,00   283,77
  3,47  84,00   291,87
  3,51  84,00   294,84
  2,98  85,00   252,99
  2,93  85,00   248,94
  3,00  85,00   255,15
  2,84  85,00   241,65
  3,13  85,00   265,68
  2,96  85,00   251,64
  2,94  85,00   250,02
  2,95  85,00   250,83
  3,05  85,00   259,47
  2,87  85,00   244,35
  2,96  85,00   251,91
  2,88  85,00   245,16
  3,00  85,00   255,42
  2,99  85,00   253,80
  3,10  85,00   263,25
  2,93  85,00   248,94
  3,07  85,00   261,09
  3,25  85,00   275,94
  2,95  85,00   251,10
  2,98  85,00   252,99
  3,02  85,00   256,77
  2,97  85,00   252,45
  2,81  85,00   238,95
  3,18  85,00   270,00
  2,73  85,00   232,47
  2,99  85,00   254,07
  2,98  85,00   252,99
  3,21  85,00   272,70
  2,84  85,00   241,65
  3,03  85,00   257,58
  2,95  85,00   250,56
  2,95  85,00   250,83
  2,99  85,00   254,34
  3,05  85,00   258,93
  3,01  85,00   255,69
  3,11  85,00   264,60
  3,00  85,00   255,15
  3,06  85,00   260,28
  3,01  85,00   255,96
  3,22  85,00   274,05
  3,11  85,00   264,60
  2,97  86,00   255,15
  2,63  86,00   226,53
  2,88  86,00   247,59
  2,74  86,00   235,71
  2,92  86,00   251,10
  2,77  86,00   237,87
  2,78  86,00   238,95
  2,72  86,00   233,55
  3,05  86,00   261,90
  2,85  86,00   244,89
  2,62  86,00   225,45
  2,95  86,00   253,53
  2,77  86,00   238,14
  2,58  86,00   221,94
  2,89  86,00   248,94
  2,86  86,00   245,97
  2,76  86,00   237,60
  2,83  86,00   243,54
  2,62  86,00   225,45
  2,68  86,00   230,58
  3,05  86,00   262,44
  2,93  86,00   251,64
  2,60  86,00   223,56
  2,90  86,00   249,48
  2,83  86,00   243,27
  2,72  86,00   234,09
  2,85  86,00   245,16
  2,86  86,00   245,97
  2,63  86,00   226,53
  2,74  86,00   235,71
  3,05  86,00   262,17
  2,94  86,00   252,45
  2,86  86,00   245,97
  2,90  86,00   249,21
  3,05  86,00   262,44
  2,69  86,00   231,39
  2,93  86,00   252,18
  3,02  86,00   259,74
  2,81  86,00   241,38
  2,70  86,00   232,47
  2,78  86,00   239,49
  2,63  87,00   228,69
  2,74  87,00   238,68
  2,53  87,00   220,32
  2,63  87,00   228,69
  2,50  87,00   217,89
  2,52  87,00   219,24
  2,59  87,00   224,91
  2,44  87,00   212,22
  2,70  87,00   234,63
  2,50  87,00   217,62
  2,45  87,00   213,57
  2,43  87,00   211,14
  2,69  87,00   234,09
  2,71  87,00   235,44
  2,51  87,00   218,70
  2,72  87,00   236,79
  2,60  87,00   226,53
  2,59  87,00   225,45
  2,60  87,00   226,26
  2,70  87,00   235,17
  2,82  87,00   245,70
  2,61  87,00   227,34
  2,64  87,00   229,50
  2,57  87,00   223,83
  2,66  87,00   231,12
  2,59  87,00   225,18
  2,49  87,00   216,54
  2,52  87,00   219,51
  2,58  87,00   224,64
  2,74  87,00   238,41
  2,66  87,00   231,66
  2,58  87,00   224,10
  2,54  87,00   220,59
  2,47  87,00   214,92
  2,45  87,00   213,03
  2,49  87,00   216,54
  2,66  87,00   231,39
  2,63  87,00   228,42
  2,50  87,00   217,08
  2,74  87,00   238,14
  2,52  87,00   219,24
  2,60  88,00   228,96
  2,49  88,00   219,24
  2,50  88,00   220,05
  2,35  88,00   206,55
  2,48  88,00   217,89
  2,38  88,00   209,79
  2,44  88,00   214,38
  2,48  88,00   218,43
  2,34  88,00   206,01
  2,27  88,00   199,80
  2,44  88,00   214,92
  2,54  88,00   223,29
  2,39  88,00   210,33
  2,37  88,00   208,44
  2,33  88,00   205,20
  2,23  88,00   196,29
  2,51  88,00   220,59
  2,38  88,00   209,79
  2,38  88,00   209,79
  2,45  88,00   215,46
  2,29  88,00   201,69
  2,43  88,00   213,84
  2,33  88,00   204,66
  2,36  88,00   207,90
  2,39  88,00   210,06
  2,44  88,00   214,65
  2,35  88,00   206,82
  2,43  88,00   213,57
  2,28  88,00   200,61
  2,38  88,00   209,25
  2,42  88,00   212,76
  2,30  88,00   202,23
  2,22  88,00   194,94
  2,36  88,00   207,63
  2,33  88,00   204,66
  2,37  88,00   208,17
  2,28  88,00   200,88
  2,38  88,00   209,79
  2,41  88,00   212,22
  2,41  88,00   211,95
  2,38  88,00   209,52
  2,11  89,00   187,92
  2,09  89,00   186,30
  2,19  89,00   194,67
  2,21  89,00   197,10
  2,17  89,00   193,32
  2,08  89,00   184,68
  2,19  89,00   195,21
  2,19  89,00   195,21
  2,10  89,00   186,84
  2,11  89,00   187,65
  2,12  89,00   189,00
  2,32  89,00   206,55
  2,16  89,00   191,97
  2,29  89,00   203,58
  2,10  89,00   187,11
  2,15  89,00   191,70
  2,20  89,00   195,75
  2,26  89,00   200,88
  2,18  89,00   194,13
  2,11  89,00   187,65
  2,15  89,00   191,43
  2,22  89,00   197,37
  2,07  89,00   183,87
  2,19  89,00   194,94
  2,19  89,00   194,94
  2,08  89,00   185,49
  2,25  89,00   200,34
  2,10  89,00   186,57
  2,15  89,00   191,43
  2,22  89,00   197,64
  2,31  89,00   205,74
  2,08  89,00   185,22
  2,03  89,00   180,63
  2,20  89,00   195,48
  2,32  89,00   206,82
  2,21  89,00   197,10
  2,11  89,00   188,19
  2,23  89,00   198,72
  2,17  89,00   193,32
  2,16  89,00   192,51
  2,17  89,00   193,32
  2,03  90,00   182,52
  1,90  90,00   171,45
  2,06  90,00   185,76
  1,91  90,00   171,72
  1,89  90,00   170,37
  1,79  90,00   161,46
  1,95  90,00   175,23
  1,81  90,00   163,35
  1,98  90,00   177,93
  1,74  90,00   156,33
  2,04  90,00   183,60
  1,92  90,00   172,80
  1,94  90,00   174,42
  1,94  90,00   174,69
  1,94  90,00   174,96
  2,02  90,00   181,71
  2,17  90,00   195,75
  1,90  90,00   171,45
  1,97  90,00   177,66
  1,90  90,00   170,64
  2,03  90,00   182,52
  1,84  90,00   165,78
  1,88  90,00   169,56
  1,92  90,00   173,07
  2,10  90,00   189,00
  2,08  90,00   187,11
  2,13  90,00   191,70
  2,08  90,00   187,38
  1,98  90,00   178,20
  1,90  90,00   171,18
  1,97  90,00   177,39
  1,90  90,00   170,64
  1,96  90,00   176,31
  1,95  90,00   175,23
  1,87  90,00   168,21
  1,99  90,00   178,74
  1,95  90,00   175,77
  1,87  90,00   168,21
  2,02  90,00   181,98
  1,99  90,00   179,55
  1,99  90,00   179,01
