
134,84   5,00   674,19
134,78   5,00   673,92
134,68   5,00   673,38
134,95   5,00   674,73
134,62   5,00   673,11
134,78   5,00   673,92
134,95   5,00   674,73
135,00   5,00   675,00
134,84   5,00   674,19
134,78   5,00   673,92
134,73   5,00   673,65
135,00   5,00   675,00
134,95   5,00   674,73
134,78   5,00   673,92
134,78   5,00   673,92
135,00   5,00   675,00
135,00   5,00   675,00
134,62   5,00   673,11
135,00   5,00   675,00
135,00   5,00   675,00
134,89   5,00   674,46
134,35   5,00   671,76
134,78   5,00   673,92
134,78   5,00   673,92
134,51   5,00   672,57
134,84   5,00   674,19
135,00   5,00   675,00
134,95   5,00   674,73
134,57   5,00   672,84
134,73   5,00   673,65
134,95   5,00   674,73
134,84   5,00   674,19
134,89   5,00   674,46
135,00   5,00   675,00
135,00   5,00   675,00
134,84   5,00   674,19
134,73   5,00   673,65
134,30   5,00   671,49
134,57   5,00   672,84
134,84   5,00   674,19
134,84   5,00   674,19
134,64   6,00   807,84
134,68   6,00   808,11
134,68   6,00   808,11
134,50   6,00   807,03
134,77   6,00   808,65
134,41   6,00   806,49
134,82   6,00   808,92
134,55   6,00   807,30
134,68   6,00   808,11
134,86   6,00   809,19
134,95   6,00   809,73
135,00   6,00   810,00
134,86   6,00   809,19
134,41   6,00   806,49
134,68   6,00   808,11
134,82   6,00   808,92
135,00   6,00   810,00
134,68   6,00   808,11
134,77   6,00   808,65
134,64   6,00   807,84
134,64   6,00   807,84
134,73   6,00   808,38
134,82   6,00   808,92
134,86   6,00   809,19
135,00   6,00   810,00
134,46   6,00   806,76
134,73   6,00   808,38
134,86   6,00   809,19
135,00   6,00   810,00
135,00   6,00   810,00
134,86   6,00   809,19
134,73   6,00   808,38
135,00   6,00   810,00
135,00   6,00   810,00
134,64   6,00   807,84
135,00   6,00   810,00
134,23   6,00   805,41
134,73   6,00   808,38
134,82   6,00   808,92
134,59   6,00   807,57
134,73   6,00   808,38
134,34   7,00   940,41
135,00   7,00   945,00
135,00   7,00   945,00
134,77   7,00   943,38
134,88   7,00   944,19
135,00   7,00   945,00
134,73   7,00   943,11
134,54   7,00   941,76
135,00   7,00   945,00
134,73   7,00   943,11
135,00   7,00   945,00
135,00   7,00   945,00
134,88   7,00   944,19
135,00   7,00   945,00
134,81   7,00   943,65
134,69   7,00   942,84
134,46   7,00   941,22
134,46   7,00   941,22
134,69   7,00   942,84
134,77   7,00   943,38
134,69   7,00   942,84
134,77   7,00   943,38
134,77   7,00   943,38
134,85   7,00   943,92
134,50   7,00   941,49
134,65   7,00   942,57
134,42   7,00   940,95
135,00   7,00   945,00
134,92   7,00   944,46
134,81   7,00   943,65
134,58   7,00   942,03
134,46   7,00   941,22
134,92   7,00   944,46
134,65   7,00   942,57
134,85   7,00   943,92
134,46   7,00   941,22
134,73   7,00   943,11
134,96   7,00   944,73
134,69   7,00   942,84
134,42   7,00   940,95
135,00   7,00   945,00
135,00   8,00  1080,00
134,86   8,00  1078,92
134,83   8,00  1078,65
134,73   8,00  1077,84
134,80   8,00  1078,38
134,83   8,00  1078,65
134,80   8,00  1078,38
134,90   8,00  1079,19
134,97   8,00  1079,73
134,63   8,00  1077,03
134,83   8,00  1078,65
134,59   8,00  1076,76
134,83   8,00  1078,65
134,90   8,00  1079,19
134,90   8,00  1079,19
134,46   8,00  1075,68
134,97   8,00  1079,73
134,93   8,00  1079,46
134,97   8,00  1079,73
134,70   8,00  1077,57
134,59   8,00  1076,76
134,93   8,00  1079,46
134,97   8,00  1079,73
134,73   8,00  1077,84
134,83   8,00  1078,65
134,76   8,00  1078,11
134,90   8,00  1079,19
134,83   8,00  1078,65
134,80   8,00  1078,38
134,83   8,00  1078,65
134,86   8,00  1078,92
134,66   8,00  1077,30
134,66   8,00  1077,30
134,93   8,00  1079,46
134,73   8,00  1077,84
135,00   8,00  1080,00
134,49   8,00  1075,95
134,83   8,00  1078,65
134,73   8,00  1077,84
134,63   8,00  1077,03
134,53   8,00  1076,22
134,28   9,00  1208,52
134,52   9,00  1210,68
134,73   9,00  1212,57
134,76   9,00  1212,84
134,79   9,00  1213,11
134,85   9,00  1213,65
134,85   9,00  1213,65
134,67   9,00  1212,03
134,85   9,00  1213,65
134,73   9,00  1212,57
135,00   9,00  1215,00
134,88   9,00  1213,92
134,76   9,00  1212,84
134,64   9,00  1211,76
134,79   9,00  1213,11
134,97   9,00  1214,73
134,85   9,00  1213,65
134,79   9,00  1213,11
134,73   9,00  1212,57
134,76   9,00  1212,84
134,73   9,00  1212,57
134,64   9,00  1211,76
134,79   9,00  1213,11
134,79   9,00  1213,11
134,52   9,00  1210,68
134,76   9,00  1212,84
134,97   9,00  1214,73
135,00   9,00  1215,00
134,91   9,00  1214,19
135,00   9,00  1215,00
134,94   9,00  1214,46
134,67   9,00  1212,03
134,73   9,00  1212,57
134,88   9,00  1213,92
134,82   9,00  1213,38
134,88   9,00  1213,92
134,97   9,00  1214,73
134,70   9,00  1212,30
134,94   9,00  1214,46
134,64   9,00  1211,76
134,79   9,00  1213,11
134,59  10,00  1345,95
134,95  10,00  1349,46
134,68  10,00  1346,76
135,00  10,00  1350,00
134,70  10,00  1347,03
135,00  10,00  1350,00
134,76  10,00  1347,57
134,84  10,00  1348,38
134,73  10,00  1347,30
134,92  10,00  1349,19
134,70  10,00  1347,03
134,95  10,00  1349,46
134,97  10,00  1349,73
134,86  10,00  1348,65
134,81  10,00  1348,11
134,70  10,00  1347,03
134,97  10,00  1349,73
134,76  10,00  1347,57
134,95  10,00  1349,46
134,65  10,00  1346,49
134,68  10,00  1346,76
134,89  10,00  1348,92
134,70  10,00  1347,03
134,89  10,00  1348,92
134,73  10,00  1347,30
134,89  10,00  1348,92
134,62  10,00  1346,22
134,54  10,00  1345,41
134,86  10,00  1348,65
134,92  10,00  1349,19
134,59  10,00  1345,95
135,00  10,00  1350,00
134,81  10,00  1348,11
134,89  10,00  1348,92
134,84  10,00  1348,38
134,62  10,00  1346,22
134,86  10,00  1348,65
134,65  10,00  1346,49
134,89  10,00  1348,92
134,70  10,00  1347,03
134,73  10,00  1347,30
134,48  11,00  1479,33
134,85  11,00  1483,38
134,73  11,00  1482,03
134,53  11,00  1479,87
134,83  11,00  1483,11
134,51  11,00  1479,60
134,26  11,00  1476,90
134,71  11,00  1481,76
134,71  11,00  1481,76
134,66  11,00  1481,22
134,90  11,00  1483,92
134,83  11,00  1483,11
134,31  11,00  1477,44
134,75  11,00  1482,30
134,61  11,00  1480,68
134,61  11,00  1480,68
134,71  11,00  1481,76
134,85  11,00  1483,38
134,75  11,00  1482,30
134,75  11,00  1482,30
134,88  11,00  1483,65
134,83  11,00  1483,11
134,88  11,00  1483,65
134,66  11,00  1481,22
134,68  11,00  1481,49
134,83  11,00  1483,11
134,93  11,00  1484,19
134,83  11,00  1483,11
134,63  11,00  1480,95
134,71  11,00  1481,76
134,66  11,00  1481,22
134,85  11,00  1483,38
134,73  11,00  1482,03
134,58  11,00  1480,41
134,39  11,00  1478,25
134,73  11,00  1482,03
135,00  11,00  1485,00
134,85  11,00  1483,38
134,66  11,00  1481,22
134,80  11,00  1482,84
134,98  11,00  1484,73
134,75  12,00  1617,03
134,98  12,00  1619,73
134,19  12,00  1610,28
134,55  12,00  1614,60
134,46  12,00  1613,52
134,80  12,00  1617,57
134,73  12,00  1616,76
134,82  12,00  1617,84
134,53  12,00  1614,33
134,48  12,00  1613,79
134,86  12,00  1618,38
134,73  12,00  1616,76
134,80  12,00  1617,57
134,68  12,00  1616,22
134,55  12,00  1614,60
134,84  12,00  1618,11
134,73  12,00  1616,76
134,71  12,00  1616,49
134,55  12,00  1614,60
134,86  12,00  1618,38
134,77  12,00  1617,30
134,55  12,00  1614,60
134,71  12,00  1616,49
134,71  12,00  1616,49
134,95  12,00  1619,46
134,68  12,00  1616,22
134,50  12,00  1614,06
134,80  12,00  1617,57
134,64  12,00  1615,68
134,57  12,00  1614,87
134,73  12,00  1616,76
134,71  12,00  1616,49
134,93  12,00  1619,19
134,75  12,00  1617,03
134,71  12,00  1616,49
134,46  12,00  1613,52
134,82  12,00  1617,84
134,98  12,00  1619,73
134,64  12,00  1615,68
134,84  12,00  1618,11
134,75  12,00  1617,03
134,40  13,00  1747,17
134,46  13,00  1747,98
134,85  13,00  1753,11
134,88  13,00  1753,38
134,67  13,00  1750,68
134,73  13,00  1751,49
134,50  13,00  1748,52
134,65  13,00  1750,41
134,85  13,00  1753,11
134,85  13,00  1753,11
134,92  13,00  1753,92
134,56  13,00  1749,33
134,81  13,00  1752,57
134,52  13,00  1748,79
134,65  13,00  1750,41
134,83  13,00  1752,84
134,52  13,00  1748,79
134,61  13,00  1749,87
134,81  13,00  1752,57
134,31  13,00  1746,09
134,65  13,00  1750,41
134,36  13,00  1746,63
134,44  13,00  1747,71
134,79  13,00  1752,30
134,65  13,00  1750,41
134,65  13,00  1750,41
134,38  13,00  1746,90
134,75  13,00  1751,76
134,83  13,00  1752,84
134,38  13,00  1746,90
134,63  13,00  1750,14
134,65  13,00  1750,41
134,63  13,00  1750,14
134,83  13,00  1752,84
134,61  13,00  1749,87
134,40  13,00  1747,17
134,69  13,00  1750,95
134,40  13,00  1747,17
134,69  13,00  1750,95
134,61  13,00  1749,87
134,71  13,00  1751,22
134,77  14,00  1886,76
134,75  14,00  1886,49
134,77  14,00  1886,76
134,58  14,00  1884,06
134,65  14,00  1885,14
134,73  14,00  1886,22
134,73  14,00  1886,22
134,56  14,00  1883,79
134,29  14,00  1880,01
134,67  14,00  1885,41
134,56  14,00  1883,79
134,65  14,00  1885,14
134,81  14,00  1887,30
134,63  14,00  1884,87
134,86  14,00  1888,11
134,85  14,00  1887,84
134,86  14,00  1888,11
134,59  14,00  1884,33
134,81  14,00  1887,30
134,38  14,00  1881,36
134,54  14,00  1883,52
134,85  14,00  1887,84
134,59  14,00  1884,33
134,25  14,00  1879,47
134,81  14,00  1887,30
134,67  14,00  1885,41
134,79  14,00  1887,03
134,77  14,00  1886,76
134,71  14,00  1885,95
134,31  14,00  1880,28
134,73  14,00  1886,22
134,58  14,00  1884,06
134,75  14,00  1886,49
134,29  14,00  1880,01
134,88  14,00  1888,38
134,46  14,00  1882,44
134,50  14,00  1882,98
134,71  14,00  1885,95
134,73  14,00  1886,22
134,63  14,00  1884,87
134,88  14,00  1888,38
134,48  15,00  2017,17
134,66  15,00  2019,87
134,48  15,00  2017,17
134,48  15,00  2017,17
134,14  15,00  2012,04
134,66  15,00  2019,87
134,51  15,00  2017,71
134,28  15,00  2014,20
134,82  15,00  2022,30
134,71  15,00  2020,68
134,78  15,00  2021,76
134,68  15,00  2020,14
134,69  15,00  2020,41
133,83  15,00  2007,45
134,62  15,00  2019,33
134,55  15,00  2018,25
134,55  15,00  2018,25
134,44  15,00  2016,63
134,26  15,00  2013,93
134,55  15,00  2018,25
134,73  15,00  2020,95
134,55  15,00  2018,25
134,15  15,00  2012,31
134,57  15,00  2018,52
134,69  15,00  2020,41
134,32  15,00  2014,74
134,32  15,00  2014,74
134,30  15,00  2014,47
134,15  15,00  2012,31
134,30  15,00  2014,47
134,44  15,00  2016,63
134,55  15,00  2018,25
134,48  15,00  2017,17
134,21  15,00  2013,12
134,60  15,00  2019,06
134,59  15,00  2018,79
134,10  15,00  2011,50
134,71  15,00  2020,68
134,68  15,00  2020,14
134,44  15,00  2016,63
134,69  15,00  2020,41
133,36  16,00  2133,81
133,68  16,00  2138,94
134,09  16,00  2145,42
133,97  16,00  2143,53
134,39  16,00  2150,28
134,34  16,00  2149,47
134,26  16,00  2148,12
133,38  16,00  2134,08
134,09  16,00  2145,42
134,53  16,00  2152,44
134,41  16,00  2150,55
133,78  16,00  2140,56
133,60  16,00  2137,59
133,92  16,00  2142,72
134,56  16,00  2152,98
133,62  16,00  2137,86
134,04  16,00  2144,61
134,02  16,00  2144,34
133,63  16,00  2138,13
133,97  16,00  2143,53
133,48  16,00  2135,70
133,78  16,00  2140,56
133,14  16,00  2130,30
133,68  16,00  2138,94
133,90  16,00  2142,45
134,19  16,00  2147,04
133,63  16,00  2138,13
133,78  16,00  2140,56
133,40  16,00  2134,35
134,02  16,00  2144,34
133,87  16,00  2141,91
133,55  16,00  2136,78
133,94  16,00  2142,99
134,14  16,00  2146,23
134,26  16,00  2148,12
133,97  16,00  2143,53
134,02  16,00  2144,34
133,77  16,00  2140,29
133,87  16,00  2141,91
134,19  16,00  2147,04
134,16  16,00  2146,50
125,44  17,00  2132,46
126,09  17,00  2143,53
125,18  17,00  2128,14
124,37  17,00  2114,37
124,64  17,00  2118,96
125,26  17,00  2129,49
124,64  17,00  2118,96
123,17  17,00  2093,85
124,49  17,00  2116,26
125,15  17,00  2127,60
125,72  17,00  2137,32
125,80  17,00  2138,67
124,95  17,00  2124,09
124,63  17,00  2118,69
124,42  17,00  2115,18
124,91  17,00  2123,55
125,20  17,00  2128,41
125,92  17,00  2140,56
126,55  17,00  2151,36
125,38  17,00  2131,38
126,23  17,00  2145,96
123,34  17,00  2096,82
122,55  17,00  2083,32
123,74  17,00  2103,57
124,99  17,00  2124,90
126,49  17,00  2150,28
126,26  17,00  2146,50
125,15  17,00  2127,60
124,84  17,00  2122,20
124,22  17,00  2111,67
124,25  17,00  2112,21
125,06  17,00  2125,98
125,60  17,00  2135,16
125,66  17,00  2136,24
125,76  17,00  2137,86
124,17  17,00  2110,86
126,41  17,00  2148,93
126,41  17,00  2148,93
126,12  17,00  2144,07
124,61  17,00  2118,42
124,07  17,00  2109,24
115,57  18,00  2080,35
117,60  18,00  2116,80
116,74  18,00  2101,41
116,80  18,00  2102,49
115,95  18,00  2087,10
116,07  18,00  2089,26
116,02  18,00  2088,45
116,85  18,00  2103,30
118,23  18,00  2128,14
118,33  18,00  2130,03
117,66  18,00  2117,88
117,18  18,00  2109,24
116,40  18,00  2095,20
116,44  18,00  2096,01
118,08  18,00  2125,44
118,81  18,00  2138,67
117,03  18,00  2106,54
117,40  18,00  2113,29
116,89  18,00  2104,11
116,95  18,00  2105,19
117,51  18,00  2115,18
116,50  18,00  2097,09
117,90  18,00  2122,20
117,36  18,00  2112,48
117,78  18,00  2120,04
117,97  18,00  2123,55
116,83  18,00  2103,03
117,12  18,00  2108,16
117,45  18,00  2114,10
116,08  18,00  2089,53
116,35  18,00  2094,39
117,45  18,00  2114,10
118,75  18,00  2137,59
118,29  18,00  2129,22
117,46  18,00  2114,37
116,38  18,00  2094,93
117,54  18,00  2115,72
117,12  18,00  2108,16
118,32  18,00  2129,76
117,49  18,00  2114,91
116,53  18,00  2097,63
109,69  19,00  2084,13
111,20  19,00  2112,75
111,44  19,00  2117,34
110,63  19,00  2101,95
110,60  19,00  2101,41
110,23  19,00  2094,39
108,71  19,00  2065,50
108,60  19,00  2063,34
108,37  19,00  2059,02
109,02  19,00  2071,44
110,74  19,00  2104,11
109,68  19,00  2083,86
108,65  19,00  2064,42
109,55  19,00  2081,43
109,80  19,00  2086,29
109,36  19,00  2077,92
108,74  19,00  2066,04
108,95  19,00  2070,09
108,90  19,00  2069,01
108,70  19,00  2065,23
109,29  19,00  2076,57
109,04  19,00  2071,71
109,53  19,00  2081,16
110,56  19,00  2100,60
110,07  19,00  2091,42
110,60  19,00  2101,41
110,63  19,00  2101,95
111,20  19,00  2112,75
110,40  19,00  2097,63
109,99  19,00  2089,80
109,48  19,00  2080,08
109,44  19,00  2079,27
110,22  19,00  2094,12
110,30  19,00  2095,74
110,36  19,00  2096,82
110,66  19,00  2102,49
110,60  19,00  2101,41
110,73  19,00  2103,84
111,30  19,00  2114,64
109,39  19,00  2078,46
108,94  19,00  2069,82
103,27  20,00  2065,50
104,03  20,00  2080,62
102,33  20,00  2046,60
102,65  20,00  2053,08
103,38  20,00  2067,66
102,72  20,00  2054,43
103,81  20,00  2076,30
103,33  20,00  2066,58
104,65  20,00  2093,04
102,36  20,00  2047,14
105,18  20,00  2103,57
103,76  20,00  2075,22
103,61  20,00  2072,25
103,00  20,00  2060,10
103,52  20,00  2070,36
103,36  20,00  2067,12
103,86  20,00  2077,11
104,44  20,00  2088,72
103,60  20,00  2071,98
103,60  20,00  2071,98
103,34  20,00  2066,85
102,69  20,00  2053,89
102,17  20,00  2043,36
102,11  20,00  2042,28
103,02  20,00  2060,37
102,80  20,00  2056,05
101,90  20,00  2037,96
103,46  20,00  2069,28
103,72  20,00  2074,41
102,64  20,00  2052,81
101,88  20,00  2037,69
102,68  20,00  2053,62
102,14  20,00  2042,82
103,21  20,00  2064,15
104,23  20,00  2084,67
103,37  20,00  2067,39
102,99  20,00  2059,83
102,17  20,00  2043,36
101,82  20,00  2036,34
103,54  20,00  2070,90
102,75  20,00  2054,97
 97,69  21,00  2051,46
 97,34  21,00  2044,17
 97,87  21,00  2055,24
 96,96  21,00  2036,07
 97,82  21,00  2054,16
 94,95  21,00  1993,95
 95,90  21,00  2013,93
 97,06  21,00  2038,23
 96,09  21,00  2017,98
 97,82  21,00  2054,16
 96,43  21,00  2025,00
 96,16  21,00  2019,33
 96,61  21,00  2028,78
 96,29  21,00  2022,03
 96,80  21,00  2032,83
 96,09  21,00  2017,98
 96,29  21,00  2022,03
 96,39  21,00  2024,19
 95,98  21,00  2015,55
 96,49  21,00  2026,35
 97,08  21,00  2038,77
 96,60  21,00  2028,51
 97,02  21,00  2037,42
 95,62  21,00  2007,99
 97,46  21,00  2046,60
 96,71  21,00  2030,94
 97,01  21,00  2037,15
 95,61  21,00  2007,72
 97,38  21,00  2044,98
 97,56  21,00  2048,76
 97,25  21,00  2042,28
 97,53  21,00  2048,22
 97,42  21,00  2045,79
 97,88  21,00  2055,51
 97,78  21,00  2053,35
 97,55  21,00  2048,49
 97,30  21,00  2043,36
 96,70  21,00  2030,67
 97,60  21,00  2049,57
 95,25  21,00  2000,16
 96,42  21,00  2024,73
 90,67  22,00  1994,76
 89,96  22,00  1979,10
 91,11  22,00  2004,48
 90,89  22,00  1999,62
 91,15  22,00  2005,29
 91,20  22,00  2006,37
 90,13  22,00  1982,88
 90,11  22,00  1982,34
 91,93  22,00  2022,57
 90,74  22,00  1996,38
 91,35  22,00  2009,61
 91,12  22,00  2004,75
 90,45  22,00  1989,90
 91,19  22,00  2006,10
 90,27  22,00  1985,85
 92,17  22,00  2027,70
 91,70  22,00  2017,44
 91,12  22,00  2004,75
 91,81  22,00  2019,87
 91,47  22,00  2012,31
 92,22  22,00  2028,78
 91,31  22,00  2008,80
 91,33  22,00  2009,34
 91,37  22,00  2010,15
 91,63  22,00  2015,82
 87,71  22,00  1929,69
 89,60  22,00  1971,27
 89,46  22,00  1968,03
 91,79  22,00  2019,33
 91,59  22,00  2015,01
 89,49  22,00  1968,84
 90,73  22,00  1996,11
 92,55  22,00  2036,07
 91,19  22,00  2006,10
 91,42  22,00  2011,23
 92,24  22,00  2029,32
 91,92  22,00  2022,30
 91,85  22,00  2020,68
 90,68  22,00  1995,03
 90,88  22,00  1999,35
 92,76  22,00  2040,66
 86,40  23,00  1987,20
 86,29  23,00  1984,77
 85,30  23,00  1961,82
 85,66  23,00  1970,19
 86,11  23,00  1980,45
 83,34  23,00  1916,73
 87,57  23,00  2014,20
 83,85  23,00  1928,61
 86,85  23,00  1997,46
 86,21  23,00  1982,88
 86,27  23,00  1984,23
 85,82  23,00  1973,97
 85,66  23,00  1970,19
 85,57  23,00  1968,03
 86,51  23,00  1989,63
 86,83  23,00  1997,19
 86,61  23,00  1992,06
 85,10  23,00  1957,23
 84,06  23,00  1933,47
 86,99  23,00  2000,70
 86,73  23,00  1994,76
 87,90  23,00  2021,76
 85,50  23,00  1966,41
 86,69  23,00  1993,95
 87,02  23,00  2001,51
 86,88  23,00  1998,27
 85,50  23,00  1966,41
 87,41  23,00  2010,42
 85,61  23,00  1969,11
 85,58  23,00  1968,30
 86,52  23,00  1989,90
 85,17  23,00  1958,85
 86,25  23,00  1983,69
 86,58  23,00  1991,25
 86,07  23,00  1979,64
 85,66  23,00  1970,19
 85,27  23,00  1961,28
 85,53  23,00  1967,22
 87,17  23,00  2005,02
 86,83  23,00  1997,19
 87,08  23,00  2002,86
 81,56  24,00  1957,50
 80,26  24,00  1926,18
 80,61  24,00  1934,55
 82,10  24,00  1970,46
 81,37  24,00  1952,91
 81,70  24,00  1960,74
 80,80  24,00  1939,14
 82,59  24,00  1982,07
 81,38  24,00  1953,18
 82,51  24,00  1980,18
 81,65  24,00  1959,66
 82,03  24,00  1968,84
 82,09  24,00  1970,19
 81,29  24,00  1951,02
 81,51  24,00  1956,15
 81,75  24,00  1962,09
 82,32  24,00  1975,59
 82,35  24,00  1976,40
 80,17  24,00  1924,02
 81,69  24,00  1960,47
 82,06  24,00  1969,38
 80,07  24,00  1921,59
 82,51  24,00  1980,18
 82,72  24,00  1985,31
 81,70  24,00  1960,74
 81,51  24,00  1956,15
 82,17  24,00  1972,08
 80,89  24,00  1941,30
 80,47  24,00  1931,31
 82,19  24,00  1972,62
 82,50  24,00  1979,91
 80,29  24,00  1926,99
 82,38  24,00  1977,21
 80,83  24,00  1939,95
 81,81  24,00  1963,44
 82,33  24,00  1975,86
 81,85  24,00  1964,52
 83,18  24,00  1996,38
 81,67  24,00  1960,20
 81,44  24,00  1954,53
 81,96  24,00  1966,95
 77,20  25,00  1929,96
 78,40  25,00  1959,93
 77,60  25,00  1939,95
 77,76  25,00  1944,00
 77,28  25,00  1932,12
 76,89  25,00  1922,13
 77,68  25,00  1942,11
 77,22  25,00  1930,50
 77,91  25,00  1947,78
 77,30  25,00  1932,39
 77,59  25,00  1939,68
 76,47  25,00  1911,87
 75,50  25,00  1887,57
 76,87  25,00  1921,86
 76,68  25,00  1917,00
 78,11  25,00  1952,64
 76,90  25,00  1922,40
 77,26  25,00  1931,58
 77,65  25,00  1941,30
 77,60  25,00  1939,95
 76,95  25,00  1923,75
 77,61  25,00  1940,22
 76,86  25,00  1921,59
 77,64  25,00  1941,03
 77,24  25,00  1931,04
 78,33  25,00  1958,31
 77,97  25,00  1949,13
 76,39  25,00  1909,71
 77,00  25,00  1925,10
 77,84  25,00  1945,89
 77,55  25,00  1938,87
 79,09  25,00  1977,21
 77,41  25,00  1935,36
 78,07  25,00  1951,83
 77,22  25,00  1930,50
 74,97  25,00  1874,34
 77,81  25,00  1945,35
 78,43  25,00  1960,74
 77,75  25,00  1943,73
 78,45  25,00  1961,28
 76,11  25,00  1902,69
 73,74  26,00  1917,27
 72,73  26,00  1891,08
 73,19  26,00  1902,96
 71,67  26,00  1863,54
 73,33  26,00  1906,47
 74,16  26,00  1928,07
 73,53  26,00  1911,87
 73,05  26,00  1899,18
 74,24  26,00  1930,23
 73,11  26,00  1900,80
 73,17  26,00  1902,42
 73,69  26,00  1915,92
 73,43  26,00  1909,17
 73,90  26,00  1921,32
 73,97  26,00  1923,21
 72,21  26,00  1877,58
 72,40  26,00  1882,44
 73,25  26,00  1904,58
 72,85  26,00  1894,05
 73,09  26,00  1900,26
 73,81  26,00  1919,16
 73,02  26,00  1898,64
 73,15  26,00  1901,88
 73,71  26,00  1916,46
 73,45  26,00  1909,71
 73,90  26,00  1921,32
 74,71  26,00  1942,38
 72,72  26,00  1890,81
 72,83  26,00  1893,51
 73,38  26,00  1907,82
 72,49  26,00  1884,87
 73,12  26,00  1901,07
 73,13  26,00  1901,34
 73,72  26,00  1916,73
 73,50  26,00  1911,06
 72,71  26,00  1890,54
 73,06  26,00  1899,45
 73,94  26,00  1922,40
 73,56  26,00  1912,68
 73,77  26,00  1918,08
 71,20  26,00  1851,12
 70,01  27,00  1890,27
 69,47  27,00  1875,69
 69,68  27,00  1881,36
 69,99  27,00  1889,73
 69,33  27,00  1871,91
 69,91  27,00  1887,57
 70,77  27,00  1910,79
 68,28  27,00  1843,56
 70,69  27,00  1908,63
 69,48  27,00  1875,96
 69,60  27,00  1879,20
 70,34  27,00  1899,18
 70,04  27,00  1891,08
 69,45  27,00  1875,15
 68,64  27,00  1853,28
 69,76  27,00  1883,52
 70,01  27,00  1890,27
 70,71  27,00  1909,17
 69,37  27,00  1872,99
 70,06  27,00  1891,62
 68,87  27,00  1859,49
 69,59  27,00  1878,93
 69,89  27,00  1887,03
 69,24  27,00  1869,48
 70,44  27,00  1901,88
 70,30  27,00  1898,10
 69,37  27,00  1872,99
 69,93  27,00  1888,11
 69,70  27,00  1881,90
 69,15  27,00  1867,05
 70,09  27,00  1892,43
 70,47  27,00  1902,69
 69,89  27,00  1887,03
 69,78  27,00  1884,06
 70,48  27,00  1902,96
 69,01  27,00  1863,27
 70,47  27,00  1902,69
 68,08  27,00  1838,16
 68,17  27,00  1840,59
 70,20  27,00  1895,40
 70,34  27,00  1899,18
 65,86  28,00  1844,10
 66,44  28,00  1860,30
 67,55  28,00  1891,35
 66,53  28,00  1862,73
 67,25  28,00  1882,98
 66,74  28,00  1868,67
 66,39  28,00  1858,95
 66,06  28,00  1849,77
 64,87  28,00  1816,29
 66,24  28,00  1854,63
 66,77  28,00  1869,48
 65,54  28,00  1835,19
 66,53  28,00  1862,73
 66,70  28,00  1867,59
 65,60  28,00  1836,81
 66,77  28,00  1869,48
 65,72  28,00  1840,05
 66,22  28,00  1854,09
 66,64  28,00  1865,97
 66,28  28,00  1855,71
 66,17  28,00  1852,74
 66,69  28,00  1867,32
 66,28  28,00  1855,98
 65,88  28,00  1844,64
 65,53  28,00  1834,92
 66,19  28,00  1853,28
 67,62  28,00  1893,24
 67,34  28,00  1885,41
 66,55  28,00  1863,54
 65,99  28,00  1847,61
 66,64  28,00  1865,97
 66,91  28,00  1873,53
 65,88  28,00  1844,64
 66,24  28,00  1854,63
 66,16  28,00  1852,47
 66,41  28,00  1859,49
 66,81  28,00  1870,56
 67,77  28,00  1897,56
 67,35  28,00  1885,68
 64,10  28,00  1794,69
 67,11  28,00  1879,20
 63,38  29,00  1838,16
 62,97  29,00  1826,01
 63,54  29,00  1842,75
 62,86  29,00  1823,04
 63,66  29,00  1846,26
 63,79  29,00  1850,04
 64,38  29,00  1867,05
 62,27  29,00  1805,76
 63,20  29,00  1832,76
 63,21  29,00  1833,03
 63,60  29,00  1844,37
 62,47  29,00  1811,70
 61,64  29,00  1787,67
 62,61  29,00  1815,75
 63,29  29,00  1835,46
 63,52  29,00  1841,94
 63,66  29,00  1846,26
 62,23  29,00  1804,68
 63,16  29,00  1831,68
 63,72  29,00  1847,88
 63,79  29,00  1850,04
 62,34  29,00  1807,92
 64,09  29,00  1858,68
 61,96  29,00  1796,85
 63,36  29,00  1837,35
 63,85  29,00  1851,66
 63,40  29,00  1838,70
 64,41  29,00  1867,86
 63,68  29,00  1846,80
 63,51  29,00  1841,67
 62,27  29,00  1805,76
 62,54  29,00  1813,59
 63,71  29,00  1847,61
 63,21  29,00  1833,03
 63,47  29,00  1840,59
 63,31  29,00  1836,00
 62,47  29,00  1811,70
 62,98  29,00  1826,28
 63,87  29,00  1852,20
 63,33  29,00  1836,54
 63,24  29,00  1833,84
 60,67  30,00  1820,07
 60,33  30,00  1809,81
 60,85  30,00  1825,47
 60,39  30,00  1811,70
 60,71  30,00  1821,42
 60,83  30,00  1824,93
 60,43  30,00  1812,78
 60,49  30,00  1814,67
 60,63  30,00  1818,99
 60,30  30,00  1809,00
 59,82  30,00  1794,69
 60,19  30,00  1805,76
 60,52  30,00  1815,75
 60,87  30,00  1826,01
 60,16  30,00  1804,68
 59,68  30,00  1790,37
 60,52  30,00  1815,48
 60,18  30,00  1805,49
 60,67  30,00  1820,07
 61,00  30,00  1830,06
 60,80  30,00  1824,12
 60,88  30,00  1826,55
 60,19  30,00  1805,76
 60,12  30,00  1803,60
 60,82  30,00  1824,66
 60,07  30,00  1801,98
 59,93  30,00  1797,93
 60,07  30,00  1801,98
 59,35  30,00  1780,38
 60,48  30,00  1814,40
 59,62  30,00  1788,48
 59,63  30,00  1789,02
 59,54  30,00  1786,32
 60,13  30,00  1803,87
 60,14  30,00  1804,14
 60,48  30,00  1814,40
 61,13  30,00  1833,84
 60,25  30,00  1807,38
 60,90  30,00  1827,09
 60,43  30,00  1812,78
 60,17  30,00  1805,22
 57,60  31,00  1785,51
 58,02  31,00  1798,74
 58,05  31,00  1799,55
 58,27  31,00  1806,30
 57,13  31,00  1770,93
 57,36  31,00  1778,22
 57,23  31,00  1774,17
 57,14  31,00  1771,47
 57,69  31,00  1788,48
 57,69  31,00  1788,48
 57,86  31,00  1793,61
 57,07  31,00  1769,31
 57,75  31,00  1790,10
 57,31  31,00  1776,60
 57,74  31,00  1789,83
 57,07  31,00  1769,04
 57,05  31,00  1768,50
 57,95  31,00  1796,31
 57,54  31,00  1783,62
 57,75  31,00  1790,10
 57,15  31,00  1771,74
 58,01  31,00  1798,20
 57,49  31,00  1782,27
 57,07  31,00  1769,31
 57,68  31,00  1788,21
 57,56  31,00  1784,43
 57,58  31,00  1784,97
 57,39  31,00  1779,03
 57,56  31,00  1784,43
 57,39  31,00  1779,03
 56,55  31,00  1753,11
 57,74  31,00  1789,83
 57,15  31,00  1771,74
 57,56  31,00  1784,43
 57,75  31,00  1790,37
 57,55  31,00  1784,16
 57,08  31,00  1769,58
 57,63  31,00  1786,59
 57,74  31,00  1789,83
 57,41  31,00  1779,84
 58,04  31,00  1799,28
 54,34  32,00  1738,80
 54,46  32,00  1742,58
 55,00  32,00  1759,86
 55,38  32,00  1772,01
 55,18  32,00  1765,80
 55,21  32,00  1766,61
 54,51  32,00  1744,47
 54,94  32,00  1758,24
 55,32  32,00  1770,39
 54,78  32,00  1753,11
 54,73  32,00  1751,49
 54,76  32,00  1752,30
 54,53  32,00  1745,01
 54,73  32,00  1751,22
 54,77  32,00  1752,57
 54,91  32,00  1757,16
 54,62  32,00  1747,98
 55,21  32,00  1766,61
 55,10  32,00  1763,10
 54,67  32,00  1749,60
 55,27  32,00  1768,77
 55,56  32,00  1777,95
 55,32  32,00  1770,39
 54,57  32,00  1746,36
 55,59  32,00  1778,76
 55,48  32,00  1775,25
 55,23  32,00  1767,42
 55,16  32,00  1765,26
 55,01  32,00  1760,40
 55,01  32,00  1760,40
 55,28  32,00  1769,04
 55,21  32,00  1766,88
 55,82  32,00  1786,32
 54,82  32,00  1754,19
 54,22  32,00  1735,02
 53,70  32,00  1718,55
 55,45  32,00  1774,44
 54,58  32,00  1746,63
 54,60  32,00  1747,17
 54,59  32,00  1746,90
 55,16  32,00  1765,26
 52,70  33,00  1739,07
 52,02  33,00  1716,66
 53,30  33,00  1758,78
 53,03  33,00  1749,87
 52,05  33,00  1717,74
 52,82  33,00  1743,12
 52,08  33,00  1718,55
 52,29  33,00  1725,57
 52,63  33,00  1736,64
 52,74  33,00  1740,42
 52,76  33,00  1741,23
 52,80  33,00  1742,31
 53,41  33,00  1762,56
 52,79  33,00  1742,04
 52,29  33,00  1725,57
 52,46  33,00  1731,24
 51,82  33,00  1710,18
 52,65  33,00  1737,45
 51,59  33,00  1702,35
 52,72  33,00  1739,88
 52,85  33,00  1743,93
 52,44  33,00  1730,43
 52,82  33,00  1743,12
 52,02  33,00  1716,66
 52,26  33,00  1724,49
 52,34  33,00  1727,19
 51,89  33,00  1712,34
 52,38  33,00  1728,54
 52,59  33,00  1735,56
 52,49  33,00  1732,05
 52,77  33,00  1741,50
 52,45  33,00  1730,97
 52,93  33,00  1746,63
 52,74  33,00  1740,42
 52,66  33,00  1737,72
 52,14  33,00  1720,71
 52,34  33,00  1727,19
 52,45  33,00  1730,97
 52,55  33,00  1734,21
 52,43  33,00  1730,16
 51,59  33,00  1702,62
 49,81  34,00  1693,71
 49,79  34,00  1692,90
 50,78  34,00  1726,65
 50,19  34,00  1706,40
 50,43  34,00  1714,77
 49,94  34,00  1698,03
 50,82  34,00  1727,73
 50,49  34,00  1716,66
 49,21  34,00  1673,19
 50,79  34,00  1726,92
 50,28  34,00  1709,37
 49,45  34,00  1681,29
 50,24  34,00  1708,29
 50,08  34,00  1702,89
 50,85  34,00  1728,81
 49,82  34,00  1693,98
 49,59  34,00  1686,15
 50,36  34,00  1712,34
 50,24  34,00  1708,29
 49,48  34,00  1682,37
 49,90  34,00  1696,68
 50,36  34,00  1712,34
 50,29  34,00  1709,91
 50,32  34,00  1710,99
 50,10  34,00  1703,43
 49,24  34,00  1674,27
 50,07  34,00  1702,35
 49,57  34,00  1685,34
 49,98  34,00  1699,38
 49,98  34,00  1699,38
 50,21  34,00  1707,21
 49,94  34,00  1698,03
 50,51  34,00  1717,47
 51,07  34,00  1736,37
 49,81  34,00  1693,71
 50,89  34,00  1730,43
 50,27  34,00  1709,10
 49,70  34,00  1689,93
 50,14  34,00  1704,78
 50,83  34,00  1728,27
 50,28  34,00  1709,37
 47,70  35,00  1669,41
 47,82  35,00  1673,73
 48,11  35,00  1683,72
 48,15  35,00  1685,34
 47,62  35,00  1666,71
 47,74  35,00  1671,03
 48,47  35,00  1696,41
 48,29  35,00  1690,20
 48,40  35,00  1693,98
 48,34  35,00  1691,82
 48,66  35,00  1703,16
 48,11  35,00  1683,99
 48,41  35,00  1694,52
 47,87  35,00  1675,35
 48,22  35,00  1687,77
 48,43  35,00  1695,06
 48,04  35,00  1681,29
 48,36  35,00  1692,63
 47,74  35,00  1670,76
 47,94  35,00  1677,78
 48,18  35,00  1686,15
 47,57  35,00  1665,09
 48,32  35,00  1691,28
 48,81  35,00  1708,29
 48,08  35,00  1682,91
 48,38  35,00  1693,44
 47,64  35,00  1667,52
 48,72  35,00  1705,05
 48,46  35,00  1696,14
 47,92  35,00  1677,24
 48,25  35,00  1688,58
 48,15  35,00  1685,34
 48,34  35,00  1691,82
 48,34  35,00  1691,82
 47,91  35,00  1676,97
 47,54  35,00  1664,01
 47,47  35,00  1661,31
 48,14  35,00  1685,07
 48,09  35,00  1683,18
 48,53  35,00  1698,57
 48,36  35,00  1692,63
 45,97  36,00  1655,10
 45,99  36,00  1655,64
 46,53  36,00  1675,08
 45,98  36,00  1655,37
 46,00  36,00  1655,91
 45,91  36,00  1652,67
 46,15  36,00  1661,58
 46,54  36,00  1675,62
 45,58  36,00  1640,79
 46,38  36,00  1669,68
 45,97  36,00  1654,83
 45,88  36,00  1651,86
 46,21  36,00  1663,74
 45,80  36,00  1648,89
 46,69  36,00  1680,75
 46,11  36,00  1659,96
 46,08  36,00  1658,88
 45,74  36,00  1646,73
 46,29  36,00  1666,44
 45,99  36,00  1655,64
 46,19  36,00  1662,93
 45,61  36,00  1642,14
 46,03  36,00  1656,99
 45,92  36,00  1653,21
 45,31  36,00  1631,34
 45,80  36,00  1648,89
 45,98  36,00  1655,37
 46,00  36,00  1656,18
 46,06  36,00  1658,07
 45,93  36,00  1653,48
 46,27  36,00  1665,63
 46,21  36,00  1663,47
 45,95  36,00  1654,29
 45,74  36,00  1646,73
 46,40  36,00  1670,49
 45,11  36,00  1624,05
 45,58  36,00  1641,06
 45,90  36,00  1652,40
 46,17  36,00  1662,12
 46,21  36,00  1663,47
 45,22  36,00  1628,10
 43,52  37,00  1610,28
 43,38  37,00  1605,15
 43,47  37,00  1608,39
 44,20  37,00  1635,39
 44,22  37,00  1636,20
 44,60  37,00  1650,24
 43,77  37,00  1619,46
 43,48  37,00  1608,66
 43,92  37,00  1625,13
 44,15  37,00  1633,50
 44,16  37,00  1634,04
 44,75  37,00  1655,91
 44,20  37,00  1635,39
 44,60  37,00  1650,24
 43,93  37,00  1625,40
 44,14  37,00  1633,23
 44,39  37,00  1642,41
 44,37  37,00  1641,87
 44,18  37,00  1634,58
 44,19  37,00  1635,12
 44,36  37,00  1641,33
 44,26  37,00  1637,55
 43,99  37,00  1627,56
 44,03  37,00  1629,18
 44,60  37,00  1650,24
 43,89  37,00  1623,78
 43,92  37,00  1624,86
 44,09  37,00  1631,34
 44,12  37,00  1632,42
 43,82  37,00  1621,35
 44,46  37,00  1644,84
 43,82  37,00  1621,35
 44,13  37,00  1632,69
 43,83  37,00  1621,62
 44,18  37,00  1634,58
 44,29  37,00  1638,90
 44,20  37,00  1635,39
 44,51  37,00  1646,73
 43,48  37,00  1608,93
 43,94  37,00  1625,94
 43,85  37,00  1622,43
 41,77  38,00  1587,33
 42,11  38,00  1600,29
 42,33  38,00  1608,66
 42,25  38,00  1605,42
 42,96  38,00  1632,42
 41,93  38,00  1593,27
 42,15  38,00  1601,64
 42,49  38,00  1614,60
 42,42  38,00  1611,90
 42,13  38,00  1600,83
 42,38  38,00  1610,55
 42,06  38,00  1598,40
 42,55  38,00  1617,03
 42,00  38,00  1595,97
 42,21  38,00  1604,07
 42,64  38,00  1620,27
 42,50  38,00  1615,14
 41,46  38,00  1575,45
 42,79  38,00  1625,94
 42,32  38,00  1608,12
 41,93  38,00  1593,27
 41,68  38,00  1583,82
 41,82  38,00  1589,22
 42,03  38,00  1597,05
 41,94  38,00  1593,54
 42,03  38,00  1597,32
 42,40  38,00  1611,36
 42,77  38,00  1625,13
 42,28  38,00  1606,77
 41,76  38,00  1586,79
 42,27  38,00  1606,23
 41,98  38,00  1595,43
 42,09  38,00  1599,48
 42,23  38,00  1604,88
 42,31  38,00  1607,85
 42,23  38,00  1604,61
 41,98  38,00  1595,16
 41,86  38,00  1590,57
 42,23  38,00  1604,88
 42,86  38,00  1628,64
 41,86  38,00  1590,57
 40,64  39,00  1584,90
 40,47  39,00  1578,42
 40,49  39,00  1578,96
 41,15  39,00  1604,88
 40,22  39,00  1568,70
 40,77  39,00  1590,03
 40,15  39,00  1565,73
 40,43  39,00  1576,80
 40,69  39,00  1586,79
 40,80  39,00  1591,38
 40,74  39,00  1588,95
 39,99  39,00  1559,79
 40,39  39,00  1575,18
 40,51  39,00  1580,04
 40,49  39,00  1579,23
 40,65  39,00  1585,17
 40,70  39,00  1587,33
 40,47  39,00  1578,15
 40,41  39,00  1575,99
 40,26  39,00  1570,05
 40,17  39,00  1566,81
 40,32  39,00  1572,48
 40,16  39,00  1566,27
 40,74  39,00  1588,95
 40,58  39,00  1582,47
 40,87  39,00  1593,81
 40,79  39,00  1590,84
 40,29  39,00  1571,13
 40,91  39,00  1595,43
 40,34  39,00  1573,29
 40,19  39,00  1567,35
 40,80  39,00  1591,11
 39,70  39,00  1548,18
 40,60  39,00  1583,55
 40,61  39,00  1583,82
 41,13  39,00  1604,07
 40,67  39,00  1585,98
 40,90  39,00  1595,16
 40,85  39,00  1593,27
 39,34  39,00  1534,14
 40,29  39,00  1571,13
 39,12  40,00  1564,92
 38,55  40,00  1541,97
 38,46  40,00  1538,46
 39,26  40,00  1570,59
 38,88  40,00  1555,20
 38,80  40,00  1551,96
 38,93  40,00  1557,09
 38,59  40,00  1543,59
 39,04  40,00  1561,41
 38,93  40,00  1557,36
 38,61  40,00  1544,40
 38,74  40,00  1549,53
 38,58  40,00  1543,05
 39,45  40,00  1578,15
 38,67  40,00  1546,83
 38,45  40,00  1537,92
 39,12  40,00  1564,92
 39,20  40,00  1567,89
 38,68  40,00  1547,10
 38,72  40,00  1548,99
 38,77  40,00  1550,88
 39,15  40,00  1566,00
 39,36  40,00  1574,37
 38,54  40,00  1541,70
 38,54  40,00  1541,70
 38,93  40,00  1557,36
 39,22  40,00  1568,97
 38,14  40,00  1525,77
 39,18  40,00  1567,35
 38,72  40,00  1548,72
 39,20  40,00  1568,16
 38,81  40,00  1552,50
 39,16  40,00  1566,54
 38,80  40,00  1551,96
 39,66  40,00  1586,25
 38,85  40,00  1553,85
 39,16  40,00  1566,54
 39,06  40,00  1562,49
 38,41  40,00  1536,57
 38,99  40,00  1559,79
 38,94  40,00  1557,63
 37,38  41,00  1532,52
 37,27  41,00  1528,20
 37,39  41,00  1532,79
 37,43  41,00  1534,68
 37,54  41,00  1539,00
 37,78  41,00  1548,99
 37,18  41,00  1524,42
 37,37  41,00  1531,98
 37,33  41,00  1530,63
 37,50  41,00  1537,38
 37,20  41,00  1525,23
 37,12  41,00  1521,99
 36,80  41,00  1508,76
 37,47  41,00  1536,30
 37,41  41,00  1533,87
 37,88  41,00  1553,04
 37,35  41,00  1531,44
 36,87  41,00  1511,73
 37,21  41,00  1525,77
 37,71  41,00  1546,29
 37,46  41,00  1535,76
 37,40  41,00  1533,60
 37,47  41,00  1536,30
 36,41  41,00  1492,83
 37,32  41,00  1530,09
 37,15  41,00  1523,07
 37,54  41,00  1539,00
 37,43  41,00  1534,68
 37,49  41,00  1537,11
 37,48  41,00  1536,84
 37,80  41,00  1549,80
 37,55  41,00  1539,54
 37,41  41,00  1533,87
 37,19  41,00  1524,69
 37,50  41,00  1537,38
 37,73  41,00  1547,10
 36,75  41,00  1506,87
 37,69  41,00  1545,21
 37,12  41,00  1521,99
 36,77  41,00  1507,41
 37,82  41,00  1550,61
 35,63  42,00  1496,34
 35,97  42,00  1510,65
 35,34  42,00  1484,46
 35,70  42,00  1499,31
 35,86  42,00  1506,33
 35,95  42,00  1509,84
 35,74  42,00  1500,93
 35,95  42,00  1510,11
 35,92  42,00  1508,76
 35,88  42,00  1507,14
 36,03  42,00  1513,35
 35,00  42,00  1470,15
 35,38  42,00  1485,81
 35,45  42,00  1489,05
 35,90  42,00  1507,95
 35,77  42,00  1502,28
 36,06  42,00  1514,70
 35,74  42,00  1500,93
 35,91  42,00  1508,22
 35,25  42,00  1480,68
 35,74  42,00  1500,93
 36,20  42,00  1520,37
 35,82  42,00  1504,44
 36,26  42,00  1523,07
 35,71  42,00  1499,85
 36,12  42,00  1517,13
 35,72  42,00  1500,12
 35,99  42,00  1511,46
 35,70  42,00  1499,31
 35,85  42,00  1505,79
 35,79  42,00  1503,09
 35,79  42,00  1503,09
 35,88  42,00  1507,14
 35,70  42,00  1499,58
 36,18  42,00  1519,56
 36,43  42,00  1530,09
 36,19  42,00  1520,10
 35,95  42,00  1509,84
 35,41  42,00  1487,16
 36,24  42,00  1522,26
 35,85  42,00  1505,52
 34,28  43,00  1473,93
 34,03  43,00  1463,13
 34,46  43,00  1481,76
 34,18  43,00  1469,61
 34,30  43,00  1474,74
 34,43  43,00  1480,41
 34,62  43,00  1488,78
 34,70  43,00  1492,29
 34,34  43,00  1476,63
 34,27  43,00  1473,66
 34,53  43,00  1485,00
 34,06  43,00  1464,48
 34,06  43,00  1464,48
 34,33  43,00  1476,09
 34,74  43,00  1493,91
 34,47  43,00  1482,03
 34,32  43,00  1475,82
 34,60  43,00  1487,97
 34,15  43,00  1468,53
 34,21  43,00  1471,23
 34,87  43,00  1499,31
 34,28  43,00  1474,20
 34,51  43,00  1483,92
 34,29  43,00  1474,47
 33,91  43,00  1458,00
 34,41  43,00  1479,60
 34,06  43,00  1464,48
 34,19  43,00  1470,15
 34,52  43,00  1484,46
 34,06  43,00  1464,75
 34,75  43,00  1494,45
 34,40  43,00  1479,33
 34,20  43,00  1470,69
 34,77  43,00  1495,26
 34,34  43,00  1476,63
 33,94  43,00  1459,62
 34,50  43,00  1483,38
 34,06  43,00  1464,48
 34,09  43,00  1465,83
 34,67  43,00  1490,67
 34,71  43,00  1492,56
 32,96  44,00  1450,17
 32,80  44,00  1443,42
 32,93  44,00  1448,82
 33,42  44,00  1470,42
 33,36  44,00  1467,72
 33,11  44,00  1456,92
 33,19  44,00  1460,43
 32,95  44,00  1449,63
 33,14  44,00  1458,00
 32,71  44,00  1439,10
 33,14  44,00  1458,27
 33,23  44,00  1462,32
 32,90  44,00  1447,47
 32,77  44,00  1441,80
 33,05  44,00  1454,22
 33,33  44,00  1466,37
 32,87  44,00  1446,12
 32,68  44,00  1437,75
 33,41  44,00  1469,88
 32,90  44,00  1447,74
 32,68  44,00  1437,75
 33,03  44,00  1453,14
 33,27  44,00  1463,94
 33,15  44,00  1458,81
 32,98  44,00  1451,25
 32,98  44,00  1450,98
 32,87  44,00  1446,12
 32,48  44,00  1429,11
 33,09  44,00  1455,84
 32,90  44,00  1447,74
 33,17  44,00  1459,62
 33,28  44,00  1464,21
 32,52  44,00  1430,73
 33,14  44,00  1458,00
 32,89  44,00  1447,20
 33,11  44,00  1456,92
 33,04  44,00  1453,68
 33,07  44,00  1455,30
 32,84  44,00  1444,77
 32,93  44,00  1448,82
 33,17  44,00  1459,35
 32,02  45,00  1440,99
 31,89  45,00  1435,05
 31,78  45,00  1430,19
 32,19  45,00  1448,55
 31,63  45,00  1423,44
 31,68  45,00  1425,60
 32,13  45,00  1445,85
 31,79  45,00  1430,46
 31,96  45,00  1438,29
 31,69  45,00  1425,87
 31,97  45,00  1438,56
 31,79  45,00  1430,46
 32,06  45,00  1442,88
 31,68  45,00  1425,60
 31,90  45,00  1435,59
 31,66  45,00  1424,79
 31,72  45,00  1427,22
 32,03  45,00  1441,53
 31,88  45,00  1434,78
 31,93  45,00  1436,94
 31,52  45,00  1418,31
 31,64  45,00  1423,71
 31,64  45,00  1423,71
 31,77  45,00  1429,65
 31,87  45,00  1433,97
 31,66  45,00  1424,79
 31,61  45,00  1422,63
 31,96  45,00  1438,02
 31,84  45,00  1432,89
 31,91  45,00  1436,13
 31,73  45,00  1428,03
 31,51  45,00  1417,77
 31,54  45,00  1419,12
 32,09  45,00  1443,96
 31,72  45,00  1427,49
 32,03  45,00  1441,26
 31,65  45,00  1424,25
 31,87  45,00  1433,97
 31,52  45,00  1418,31
 32,06  45,00  1442,88
 32,26  45,00  1451,79
 30,40  46,00  1398,33
 30,30  46,00  1393,74
 30,47  46,00  1401,57
 30,70  46,00  1412,10
 30,28  46,00  1392,93
 30,55  46,00  1405,35
 30,32  46,00  1394,82
 30,41  46,00  1398,87
 30,51  46,00  1403,46
 30,56  46,00  1405,89
 30,93  46,00  1422,63
 30,38  46,00  1397,52
 30,21  46,00  1389,69
 30,35  46,00  1396,17
 30,53  46,00  1404,54
 30,39  46,00  1398,06
 30,52  46,00  1403,73
 30,63  46,00  1408,86
 30,66  46,00  1410,48
 30,77  46,00  1415,61
 30,19  46,00  1388,61
 30,72  46,00  1413,18
 30,53  46,00  1404,54
 30,79  46,00  1416,42
 30,39  46,00  1397,79
 30,67  46,00  1410,75
 30,70  46,00  1412,37
 30,57  46,00  1406,43
 30,58  46,00  1406,70
 30,52  46,00  1403,73
 30,66  46,00  1410,21
 30,72  46,00  1413,18
 30,28  46,00  1392,66
 30,49  46,00  1402,38
 30,52  46,00  1404,00
 30,69  46,00  1411,83
 30,30  46,00  1394,01
 30,87  46,00  1420,20
 30,66  46,00  1410,48
 30,95  46,00  1423,71
 30,50  46,00  1403,19
 29,18  47,00  1371,33
 29,53  47,00  1387,80
 29,50  47,00  1386,72
 29,38  47,00  1380,78
 29,45  47,00  1384,02
 29,13  47,00  1368,90
 29,33  47,00  1378,62
 29,22  47,00  1373,22
 29,49  47,00  1385,91
 29,42  47,00  1382,94
 29,14  47,00  1369,44
 29,23  47,00  1373,76
 29,55  47,00  1388,88
 29,44  47,00  1383,48
 29,41  47,00  1382,40
 29,64  47,00  1392,93
 29,30  47,00  1377,00
 29,33  47,00  1378,62
 29,22  47,00  1373,49
 29,27  47,00  1375,92
 29,42  47,00  1382,67
 29,44  47,00  1383,48
 29,55  47,00  1388,88
 29,17  47,00  1370,79
 29,59  47,00  1390,77
 29,38  47,00  1380,78
 29,11  47,00  1368,09
 29,69  47,00  1395,36
 29,16  47,00  1370,52
 29,65  47,00  1393,47
 29,03  47,00  1364,31
 29,42  47,00  1382,94
 29,27  47,00  1375,65
 29,04  47,00  1364,85
 29,10  47,00  1367,82
 29,30  47,00  1377,27
 29,22  47,00  1373,49
 29,40  47,00  1381,86
 29,04  47,00  1364,85
 29,42  47,00  1382,94
 29,46  47,00  1384,83
 28,07  48,00  1347,57
 28,31  48,00  1358,91
 28,01  48,00  1344,33
 28,38  48,00  1362,42
 28,24  48,00  1355,40
 28,29  48,00  1358,10
 28,21  48,00  1354,32
 28,39  48,00  1362,69
 28,23  48,00  1355,13
 28,05  48,00  1346,22
 28,16  48,00  1351,89
 28,12  48,00  1349,73
 28,37  48,00  1361,88
 28,12  48,00  1349,73
 28,20  48,00  1353,78
 28,43  48,00  1364,58
 27,89  48,00  1338,66
 28,22  48,00  1354,59
 28,33  48,00  1359,72
 28,09  48,00  1348,38
 28,39  48,00  1362,96
 28,10  48,00  1348,92
 28,15  48,00  1351,35
 27,99  48,00  1343,52
 28,17  48,00  1352,16
 28,20  48,00  1353,51
 28,13  48,00  1350,27
 28,57  48,00  1371,60
 28,18  48,00  1352,70
 28,42  48,00  1364,31
 28,34  48,00  1360,26
 28,14  48,00  1350,54
 28,19  48,00  1352,97
 28,40  48,00  1363,23
 28,55  48,00  1370,52
 28,27  48,00  1356,75
 28,03  48,00  1345,41
 28,26  48,00  1356,48
 27,87  48,00  1337,58
 28,23  48,00  1355,13
 28,25  48,00  1355,94
 26,78  49,00  1312,20
 27,17  49,00  1331,37
 27,21  49,00  1333,53
 26,85  49,00  1315,71
 27,13  49,00  1329,48
 27,28  49,00  1336,77
 26,99  49,00  1322,73
 27,30  49,00  1337,58
 27,20  49,00  1332,99
 26,99  49,00  1322,46
 27,19  49,00  1332,45
 27,24  49,00  1334,61
 27,07  49,00  1326,24
 27,34  49,00  1339,74
 27,39  49,00  1341,90
 27,06  49,00  1325,70
 26,88  49,00  1317,33
 27,22  49,00  1333,80
 27,29  49,00  1337,04
 27,30  49,00  1337,85
 27,06  49,00  1325,97
 27,08  49,00  1326,78
 27,43  49,00  1344,06
 27,14  49,00  1329,75
 27,33  49,00  1339,20
 27,12  49,00  1328,94
 27,15  49,00  1330,56
 27,10  49,00  1328,13
 27,28  49,00  1336,50
 27,21  49,00  1333,53
 27,20  49,00  1332,99
 27,21  49,00  1333,26
 27,21  49,00  1333,53
 26,97  49,00  1321,38
 27,13  49,00  1329,48
 27,08  49,00  1327,05
 27,30  49,00  1337,58
 27,33  49,00  1339,20
 27,19  49,00  1332,18
 27,09  49,00  1327,32
 27,02  49,00  1323,81
 26,31  50,00  1315,44
 25,84  50,00  1292,22
 25,71  50,00  1285,47
 25,89  50,00  1294,65
 26,20  50,00  1309,77
 25,93  50,00  1296,54
 25,99  50,00  1299,51
 25,92  50,00  1296,00
 26,10  50,00  1305,18
 25,99  50,00  1299,51
 26,34  50,00  1317,06
 25,97  50,00  1298,43
 26,09  50,00  1304,64
 25,93  50,00  1296,27
 26,11  50,00  1305,72
 26,11  50,00  1305,72
 26,10  50,00  1304,91
 26,11  50,00  1305,72
 26,18  50,00  1309,23
 26,30  50,00  1315,17
 26,02  50,00  1300,86
 25,92  50,00  1296,00
 26,20  50,00  1309,77
 25,92  50,00  1296,00
 25,75  50,00  1287,63
 26,14  50,00  1307,07
 26,31  50,00  1315,71
 25,97  50,00  1298,70
 25,97  50,00  1298,43
 25,80  50,00  1289,79
 26,13  50,00  1306,26
 26,10  50,00  1305,18
 26,15  50,00  1307,61
 25,96  50,00  1298,16
 25,86  50,00  1292,76
 26,28  50,00  1313,82
 26,06  50,00  1303,02
 26,02  50,00  1301,13
 26,10  50,00  1304,91
 26,03  50,00  1301,67
 26,01  50,00  1300,32
 25,12  51,00  1280,88
 25,26  51,00  1288,17
 25,20  51,00  1285,20
 25,16  51,00  1283,31
 25,07  51,00  1278,72
 25,40  51,00  1295,19
 24,82  51,00  1265,76
 25,24  51,00  1287,09
 25,13  51,00  1281,42
 24,98  51,00  1273,86
 25,18  51,00  1284,12
 25,31  51,00  1290,87
 24,76  51,00  1262,52
 25,16  51,00  1283,04
 25,08  51,00  1279,26
 24,86  51,00  1267,65
 24,90  51,00  1269,81
 25,23  51,00  1286,55
 25,11  51,00  1280,61
 24,88  51,00  1268,73
 25,07  51,00  1278,45
 24,76  51,00  1262,79
 24,86  51,00  1267,65
 24,76  51,00  1262,52
 24,96  51,00  1272,78
 25,06  51,00  1278,18
 25,04  51,00  1277,10
 25,02  51,00  1276,02
 24,95  51,00  1272,24
 25,09  51,00  1279,53
 25,06  51,00  1277,91
 24,91  51,00  1270,62
 24,78  51,00  1263,87
 25,08  51,00  1279,26
 25,37  51,00  1294,11
 25,14  51,00  1281,96
 24,97  51,00  1273,59
 25,21  51,00  1285,47
 25,08  51,00  1279,26
 24,95  51,00  1272,24
 25,05  51,00  1277,64
 24,23  52,00  1259,82
 24,28  52,00  1262,52
 24,07  52,00  1251,45
 24,10  52,00  1253,07
 23,97  52,00  1246,32
 23,89  52,00  1242,54
 24,12  52,00  1254,42
 24,33  52,00  1264,95
 24,09  52,00  1252,80
 23,96  52,00  1245,78
 23,88  52,00  1242,00
 23,84  52,00  1239,57
 24,16  52,00  1256,31
 24,12  52,00  1254,15
 24,29  52,00  1263,33
 24,18  52,00  1257,12
 24,28  52,00  1262,79
 23,92  52,00  1243,62
 23,90  52,00  1242,81
 24,33  52,00  1264,95
 24,18  52,00  1257,39
 23,88  52,00  1242,00
 23,84  52,00  1239,57
 24,26  52,00  1261,44
 24,07  52,00  1251,45
 23,92  52,00  1243,89
 24,12  52,00  1254,42
 24,24  52,00  1260,36
 24,04  52,00  1250,10
 23,82  52,00  1238,49
 24,23  52,00  1259,82
 24,12  52,00  1254,42
 24,20  52,00  1258,47
 24,20  52,00  1258,20
 23,97  52,00  1246,32
 23,96  52,00  1245,78
 23,91  52,00  1243,08
 24,11  52,00  1253,88
 24,20  52,00  1258,20
 24,24  52,00  1260,36
 24,02  52,00  1249,02
 23,17  53,00  1227,96
 23,08  53,00  1223,10
 23,24  53,00  1231,47
 23,12  53,00  1225,26
 23,17  53,00  1228,23
 23,23  53,00  1231,20
 23,03  53,00  1220,40
 23,20  53,00  1229,85
 22,81  53,00  1208,79
 22,98  53,00  1217,97
 23,06  53,00  1222,02
 23,13  53,00  1225,80
 23,21  53,00  1230,12
 23,29  53,00  1234,17
 23,17  53,00  1227,96
 22,97  53,00  1217,16
 23,19  53,00  1229,04
 22,84  53,00  1210,68
 23,30  53,00  1234,71
 23,28  53,00  1233,63
 23,32  53,00  1236,06
 23,39  53,00  1239,84
 23,14  53,00  1226,61
 23,11  53,00  1224,99
 23,06  53,00  1222,29
 23,20  53,00  1229,58
 22,99  53,00  1218,51
 22,87  53,00  1212,30
 23,02  53,00  1219,86
 23,07  53,00  1222,56
 23,04  53,00  1221,21
 23,20  53,00  1229,85
 23,06  53,00  1222,02
 22,96  53,00  1216,62
 23,12  53,00  1225,53
 23,27  53,00  1233,36
 23,17  53,00  1228,23
 23,14  53,00  1226,61
 23,13  53,00  1226,07
 22,68  53,00  1202,04
 23,38  53,00  1239,03
 22,17  54,00  1197,45
 22,28  54,00  1203,12
 22,26  54,00  1202,31
 22,36  54,00  1207,71
 22,44  54,00  1212,03
 22,31  54,00  1204,74
 22,33  54,00  1206,09
 22,26  54,00  1202,31
 22,04  54,00  1190,43
 22,17  54,00  1197,45
 22,41  54,00  1210,41
 22,11  54,00  1194,21
 22,28  54,00  1203,39
 22,00  54,00  1188,27
 21,96  54,00  1186,11
 21,95  54,00  1185,30
 22,19  54,00  1198,53
 22,29  54,00  1203,66
 22,04  54,00  1190,16
 22,49  54,00  1214,46
 22,25  54,00  1201,77
 22,42  54,00  1210,95
 22,35  54,00  1207,17
 22,28  54,00  1203,39
 22,36  54,00  1207,44
 22,07  54,00  1191,78
 22,36  54,00  1207,44
 22,34  54,00  1206,63
 22,25  54,00  1201,77
 22,30  54,00  1204,20
 22,26  54,00  1202,31
 22,10  54,00  1193,40
 22,34  54,00  1206,63
 22,41  54,00  1210,14
 22,13  54,00  1195,02
 22,49  54,00  1214,46
 22,31  54,00  1204,74
 22,14  54,00  1195,83
 22,34  54,00  1206,36
 22,38  54,00  1208,52
 22,29  54,00  1203,66
 21,32  55,00  1172,61
 21,41  55,00  1177,74
 21,46  55,00  1180,17
 21,53  55,00  1183,95
 21,36  55,00  1175,04
 21,42  55,00  1178,01
 21,68  55,00  1192,59
 21,49  55,00  1181,79
 21,51  55,00  1182,87
 21,32  55,00  1172,34
 21,31  55,00  1171,80
 21,26  55,00  1169,37
 21,33  55,00  1172,88
 21,51  55,00  1182,87
 21,39  55,00  1176,39
 21,24  55,00  1168,29
 21,36  55,00  1174,77
 21,51  55,00  1182,87
 21,24  55,00  1168,29
 21,39  55,00  1176,66
 21,48  55,00  1181,25
 21,34  55,00  1173,69
 21,58  55,00  1186,92
 21,49  55,00  1181,79
 21,40  55,00  1177,20
 21,42  55,00  1178,01
 21,18  55,00  1165,05
 21,46  55,00  1180,17
 21,30  55,00  1171,53
 21,48  55,00  1181,25
 21,23  55,00  1167,75
 21,24  55,00  1168,02
 21,17  55,00  1164,24
 21,33  55,00  1173,42
 21,39  55,00  1176,39
 21,33  55,00  1173,42
 21,43  55,00  1178,55
 21,40  55,00  1177,20
 21,30  55,00  1171,26
 21,38  55,00  1175,85
 21,43  55,00  1178,55
 20,62  56,00  1154,79
 20,37  56,00  1140,48
 20,59  56,00  1152,90
 20,05  56,00  1122,93
 20,42  56,00  1143,72
 20,43  56,00  1144,26
 20,47  56,00  1146,15
 20,64  56,00  1155,60
 20,65  56,00  1156,41
 20,70  56,00  1159,38
 20,28  56,00  1135,89
 20,63  56,00  1155,06
 20,61  56,00  1154,25
 20,45  56,00  1145,34
 20,53  56,00  1149,66
 20,53  56,00  1149,93
 20,45  56,00  1145,34
 20,43  56,00  1144,26
 20,76  56,00  1162,35
 20,30  56,00  1136,97
 20,64  56,00  1155,87
 20,52  56,00  1149,12
 20,52  56,00  1149,39
 20,24  56,00  1133,19
 20,50  56,00  1147,77
 20,22  56,00  1132,11
 20,63  56,00  1155,06
 20,61  56,00  1154,25
 20,42  56,00  1143,45
 20,40  56,00  1142,37
 20,41  56,00  1142,91
 20,69  56,00  1158,57
 20,54  56,00  1150,20
 20,20  56,00  1131,03
 20,21  56,00  1131,84
 20,49  56,00  1147,23
 20,60  56,00  1153,71
 20,40  56,00  1142,64
 20,31  56,00  1137,51
 20,49  56,00  1147,50
 20,59  56,00  1152,90
 19,62  57,00  1118,34
 19,83  57,00  1130,49
 19,44  57,00  1108,35
 19,69  57,00  1122,12
 19,67  57,00  1121,04
 19,62  57,00  1118,61
 19,55  57,00  1114,29
 19,85  57,00  1131,57
 19,72  57,00  1124,28
 19,64  57,00  1119,69
 19,61  57,00  1117,53
 19,75  57,00  1125,90
 19,70  57,00  1122,93
 19,82  57,00  1129,95
 19,52  57,00  1112,40
 19,75  57,00  1125,63
 19,60  57,00  1116,99
 19,73  57,00  1124,82
 19,66  57,00  1120,50
 19,97  57,00  1138,05
 19,56  57,00  1115,10
 19,69  57,00  1122,39
 19,53  57,00  1112,94
 19,60  57,00  1117,26
 19,62  57,00  1118,34
 19,78  57,00  1127,52
 19,84  57,00  1130,76
 19,58  57,00  1116,18
 19,64  57,00  1119,42
 19,72  57,00  1124,28
 19,80  57,00  1128,87
 19,86  57,00  1132,11
 19,63  57,00  1118,88
 19,93  57,00  1136,16
 19,64  57,00  1119,69
 19,83  57,00  1130,22
 19,46  57,00  1109,16
 19,80  57,00  1128,60
 19,87  57,00  1132,65
 19,59  57,00  1116,45
 19,69  57,00  1122,12
 18,87  58,00  1094,31
 18,98  58,00  1101,06
 18,70  58,00  1084,32
 18,87  58,00  1094,58
 18,90  58,00  1096,47
 19,12  58,00  1109,16
 18,91  58,00  1097,01
 18,74  58,00  1086,75
 18,85  58,00  1093,50
 19,18  58,00  1112,67
 18,98  58,00  1100,79
 19,05  58,00  1104,84
 19,01  58,00  1102,68
 18,92  58,00  1097,28
 18,93  58,00  1098,09
 18,88  58,00  1095,12
 18,71  58,00  1085,13
 18,85  58,00  1093,50
 19,16  58,00  1111,32
 18,96  58,00  1099,71
 19,00  58,00  1102,14
 18,87  58,00  1094,58
 19,00  58,00  1102,14
 18,93  58,00  1097,82
 18,91  58,00  1096,74
 18,82  58,00  1091,61
 18,88  58,00  1094,85
 18,67  58,00  1082,97
 18,89  58,00  1095,66
 18,90  58,00  1095,93
 19,07  58,00  1106,19
 18,94  58,00  1098,63
 18,71  58,00  1085,13
 18,93  58,00  1097,82
 19,03  58,00  1103,49
 18,92  58,00  1097,28
 19,07  58,00  1106,19
 19,08  58,00  1106,46
 18,93  58,00  1097,82
 18,94  58,00  1098,63
 18,83  58,00  1091,88
 18,20  59,00  1073,52
 18,30  59,00  1079,46
 18,03  59,00  1063,53
 18,38  59,00  1084,59
 18,03  59,00  1063,53
 18,40  59,00  1085,40
 18,38  59,00  1084,59
 18,29  59,00  1079,19
 18,32  59,00  1080,81
 18,01  59,00  1062,45
 18,32  59,00  1081,08
 18,31  59,00  1080,00
 18,12  59,00  1068,93
 18,04  59,00  1064,34
 18,26  59,00  1077,57
 18,19  59,00  1072,98
 18,07  59,00  1065,96
 18,13  59,00  1069,47
 18,14  59,00  1070,01
 18,08  59,00  1066,77
 18,18  59,00  1072,71
 18,21  59,00  1074,33
 18,09  59,00  1067,58
 18,00  59,00  1061,91
 18,07  59,00  1066,23
 18,14  59,00  1070,01
 17,92  59,00  1057,32
 18,14  59,00  1070,28
 17,99  59,00  1061,64
 17,92  59,00  1057,05
 18,07  59,00  1066,23
 18,26  59,00  1077,30
 18,14  59,00  1070,01
 18,25  59,00  1076,76
 18,14  59,00  1070,28
 18,04  59,00  1064,07
 18,13  59,00  1069,47
 18,31  59,00  1080,27
 18,20  59,00  1073,79
 18,04  59,00  1064,34
 18,17  59,00  1071,90
 17,37  60,00  1042,20
 17,42  60,00  1045,17
 17,32  60,00  1039,23
 17,50  60,00  1050,30
 17,55  60,00  1053,00
 17,61  60,00  1056,51
 17,46  60,00  1047,60
 17,30  60,00  1037,88
 17,45  60,00  1047,06
 17,41  60,00  1044,63
 17,46  60,00  1047,33
 17,47  60,00  1048,41
 17,28  60,00  1036,80
 17,61  60,00  1056,51
 17,52  60,00  1051,38
 17,39  60,00  1043,55
 17,30  60,00  1038,15
 17,50  60,00  1050,30
 17,40  60,00  1043,82
 17,50  60,00  1049,76
 17,33  60,00  1040,04
 17,46  60,00  1047,60
 17,36  60,00  1041,39
 17,32  60,00  1039,23
 17,35  60,00  1040,85
 17,55  60,00  1052,73
 17,51  60,00  1050,84
 17,43  60,00  1045,98
 17,45  60,00  1046,79
 17,35  60,00  1040,85
 17,50  60,00  1050,30
 17,40  60,00  1043,82
 17,19  60,00  1031,67
 17,57  60,00  1054,08
 17,52  60,00  1051,11
 17,38  60,00  1042,74
 17,41  60,00  1044,36
 17,37  60,00  1042,20
 17,36  60,00  1041,66
 17,47  60,00  1048,14
 17,50  60,00  1050,03
 16,92  61,00  1031,94
 16,77  61,00  1022,76
 16,55  61,00  1009,53
 16,79  61,00  1024,11
 16,75  61,00  1021,95
 16,74  61,00  1020,87
 16,92  61,00  1032,21
 16,63  61,00  1014,66
 16,48  61,00  1005,21
 16,72  61,00  1019,79
 16,80  61,00  1024,92
 16,81  61,00  1025,46
 16,92  61,00  1031,94
 16,79  61,00  1024,38
 16,60  61,00  1012,77
 16,71  61,00  1019,25
 16,78  61,00  1023,57
 16,79  61,00  1024,11
 16,52  61,00  1007,91
 16,68  61,00  1017,63
 16,59  61,00  1012,23
 16,72  61,00  1019,79
 16,54  61,00  1008,72
 16,74  61,00  1021,41
 16,64  61,00  1015,20
 16,68  61,00  1017,36
 16,60  61,00  1012,50
 16,80  61,00  1024,65
 16,87  61,00  1029,24
 16,65  61,00  1015,47
 16,85  61,00  1027,62
 16,70  61,00  1018,98
 16,73  61,00  1020,60
 16,59  61,00  1012,23
 16,82  61,00  1026,27
 16,73  61,00  1020,60
 16,88  61,00  1029,78
 16,68  61,00  1017,63
 16,80  61,00  1024,65
 16,70  61,00  1018,98
 16,63  61,00  1014,39
 16,00  62,00   992,25
 16,20  62,00  1004,40
 16,15  62,00  1001,16
 16,19  62,00  1003,86
 16,06  62,00   995,49
 16,00  62,00   992,25
 16,08  62,00   997,11
 15,96  62,00   989,28
 16,05  62,00   994,95
 16,11  62,00   998,73
 16,11  62,00   999,00
 16,21  62,00  1005,21
 16,14  62,00  1000,62
 15,94  62,00   988,20
 16,13  62,00  1000,35
 15,99  62,00   991,17
 15,96  62,00   989,82
 16,12  62,00   999,54
 16,07  62,00   996,30
 16,18  62,00  1003,05
 16,12  62,00   999,54
 16,10  62,00   998,19
 15,87  62,00   984,15
 16,23  62,00  1006,56
 16,09  62,00   997,65
 15,98  62,00   990,90
 16,20  62,00  1004,67
 16,02  62,00   993,06
 16,12  62,00   999,54
 16,01  62,00   992,52
 16,08  62,00   997,11
 16,02  62,00   993,33
 16,01  62,00   992,52
 16,10  62,00   997,92
 16,10  62,00   997,92
 16,03  62,00   993,60
 16,02  62,00   993,06
 16,21  62,00  1005,21
 15,97  62,00   990,09
 16,03  62,00   994,14
 16,01  62,00   992,79
 15,34  63,00   966,60
 15,42  63,00   971,46
 15,39  63,00   969,84
 15,48  63,00   974,97
 15,37  63,00   968,49
 15,27  63,00   961,74
 15,00  63,00   945,27
 15,45  63,00   973,08
 15,18  63,00   956,61
 15,27  63,00   962,01
 15,43  63,00   972,27
 15,38  63,00   968,76
 15,25  63,00   960,93
 15,38  63,00   968,76
 15,51  63,00   977,13
 15,37  63,00   968,22
 15,30  63,00   963,63
 15,47  63,00   974,43
 15,12  63,00   952,29
 15,35  63,00   966,87
 15,42  63,00   971,19
 15,46  63,00   974,16
 15,37  63,00   968,49
 15,34  63,00   966,33
 15,30  63,00   964,17
 15,37  63,00   968,22
 15,36  63,00   967,41
 15,29  63,00   963,36
 15,35  63,00   967,14
 15,35  63,00   967,14
 15,24  63,00   960,39
 15,20  63,00   957,42
 15,17  63,00   955,80
 15,41  63,00   970,65
 15,33  63,00   965,52
 15,22  63,00   958,77
 15,48  63,00   974,97
 15,45  63,00   973,35
 15,55  63,00   979,56
 15,37  63,00   968,22
 15,56  63,00   980,37
 14,47  64,00   926,37
 14,69  64,00   940,41
 14,85  64,00   950,67
 14,59  64,00   933,66
 14,75  64,00   944,19
 14,67  64,00   938,79
 14,75  64,00   944,19
 14,85  64,00   950,13
 14,75  64,00   944,19
 14,86  64,00   951,21
 14,75  64,00   944,19
 14,75  64,00   943,92
 14,73  64,00   942,84
 14,75  64,00   943,92
 14,68  64,00   939,33
 14,69  64,00   939,87
 14,55  64,00   931,50
 14,60  64,00   934,47
 14,93  64,00   955,26
 14,67  64,00   939,06
 14,63  64,00   936,09
 14,70  64,00   940,68
 14,77  64,00   945,27
 14,70  64,00   940,68
 14,63  64,00   936,63
 14,76  64,00   944,46
 14,64  64,00   937,17
 14,58  64,00   933,12
 14,50  64,00   927,99
 14,67  64,00   939,06
 14,85  64,00   950,13
 14,77  64,00   945,54
 14,79  64,00   946,35
 14,76  64,00   944,73
 14,78  64,00   946,08
 14,66  64,00   938,52
 14,76  64,00   944,73
 14,71  64,00   941,76
 14,87  64,00   951,48
 14,66  64,00   938,52
 14,79  64,00   946,62
 14,24  65,00   925,56
 14,08  65,00   915,30
 13,97  65,00   908,28
 14,03  65,00   912,06
 14,08  65,00   915,03
 14,17  65,00   921,24
 14,18  65,00   921,51
 14,11  65,00   917,46
 14,13  65,00   918,27
 14,09  65,00   916,11
 14,03  65,00   912,06
 14,09  65,00   915,84
 14,26  65,00   926,91
 13,97  65,00   908,28
 14,16  65,00   920,70
 14,04  65,00   912,60
 14,20  65,00   923,13
 14,00  65,00   910,17
 14,04  65,00   912,33
 14,11  65,00   917,46
 14,00  65,00   910,17
 14,06  65,00   914,22
 14,12  65,00   917,73
 13,91  65,00   904,23
 14,20  65,00   922,86
 14,19  65,00   922,32
 14,14  65,00   918,81
 14,03  65,00   912,06
 13,99  65,00   909,09
 14,15  65,00   919,89
 14,21  65,00   923,67
 14,16  65,00   920,16
 14,21  65,00   923,40
 14,09  65,00   915,84
 14,20  65,00   923,13
 14,06  65,00   914,22
 14,12  65,00   918,00
 14,26  65,00   926,91
 14,09  65,00   916,11
 14,22  65,00   924,48
 14,12  65,00   917,73
 13,44  66,00   887,22
 13,65  66,00   900,99
 13,53  66,00   892,89
 13,48  66,00   889,92
 13,50  66,00   891,27
 13,34  66,00   880,47
 13,51  66,00   891,81
 13,54  66,00   893,43
 13,54  66,00   893,70
 13,57  66,00   895,32
 13,58  66,00   896,40
 13,43  66,00   886,41
 13,55  66,00   894,24
 13,37  66,00   882,63
 13,48  66,00   889,65
 13,34  66,00   880,20
 13,66  66,00   901,80
 13,58  66,00   896,40
 13,53  66,00   893,16
 13,49  66,00   890,46
 13,52  66,00   892,08
 13,61  66,00   898,29
 13,52  66,00   892,08
 13,51  66,00   891,54
 13,49  66,00   890,19
 13,54  66,00   893,70
 13,45  66,00   887,76
 13,65  66,00   900,99
 13,50  66,00   891,00
 13,55  66,00   894,51
 13,42  66,00   885,87
 13,50  66,00   891,27
 13,50  66,00   890,73
 13,41  66,00   885,33
 13,34  66,00   880,47
 13,43  66,00   886,14
 13,46  66,00   888,57
 13,38  66,00   883,17
 13,53  66,00   893,16
 13,56  66,00   894,78
 13,48  66,00   889,38
 12,81  67,00   858,60
 12,98  67,00   869,40
 12,85  67,00   860,76
 12,86  67,00   861,84
 12,79  67,00   856,98
 12,81  67,00   858,60
 12,78  67,00   856,44
 12,74  67,00   853,74
 12,73  67,00   852,93
 12,91  67,00   864,81
 12,92  67,00   865,35
 12,78  67,00   856,17
 12,93  67,00   866,43
 12,95  67,00   867,51
 12,82  67,00   858,87
 12,97  67,00   868,86
 12,96  67,00   868,59
 13,02  67,00   872,64
 12,96  67,00   868,32
 13,00  67,00   871,29
 12,75  67,00   854,01
 12,91  67,00   864,81
 12,94  67,00   866,70
 12,88  67,00   862,65
 12,93  67,00   866,16
 12,99  67,00   870,48
 12,90  67,00   864,00
 12,77  67,00   855,63
 12,74  67,00   853,74
 12,90  67,00   864,27
 12,86  67,00   861,84
 12,96  67,00   868,59
 12,85  67,00   860,76
 12,84  67,00   860,49
 12,83  67,00   859,68
 12,79  67,00   857,25
 12,85  67,00   860,76
 12,83  67,00   859,41
 12,96  67,00   868,05
 12,82  67,00   859,14
 12,96  67,00   868,59
 12,52  68,00   851,31
 12,38  68,00   841,59
 12,40  68,00   843,48
 12,27  68,00   834,57
 12,37  68,00   841,32
 12,44  68,00   846,18
 12,35  68,00   839,97
 12,40  68,00   843,21
 12,42  68,00   844,56
 12,32  68,00   838,08
 12,43  68,00   845,37
 12,44  68,00   845,64
 12,26  68,00   833,76
 12,39  68,00   842,67
 12,26  68,00   833,76
 12,39  68,00   842,67
 12,46  68,00   847,26
 12,34  68,00   839,16
 12,38  68,00   841,86
 12,36  68,00   840,24
 12,32  68,00   838,08
 12,31  68,00   837,27
 12,41  68,00   844,02
 12,15  68,00   826,47
 12,38  68,00   842,13
 12,26  68,00   833,76
 12,44  68,00   846,18
 12,38  68,00   841,86
 12,28  68,00   835,11
 12,34  68,00   839,16
 12,42  68,00   844,83
 12,38  68,00   841,86
 12,26  68,00   833,76
 12,28  68,00   835,11
 12,32  68,00   838,08
 12,27  68,00   834,57
 12,28  68,00   834,84
 12,34  68,00   839,43
 12,41  68,00   844,02
 12,34  68,00   839,43
 12,32  68,00   838,08
 11,84  69,00   816,75
 11,70  69,00   807,57
 11,67  69,00   805,41
 11,81  69,00   814,59
 11,76  69,00   811,62
 11,73  69,00   809,46
 11,80  69,00   814,32
 11,68  69,00   805,95
 11,68  69,00   805,68
 11,88  69,00   819,45
 11,69  69,00   806,76
 11,82  69,00   815,67
 11,88  69,00   819,99
 11,88  69,00   819,45
 11,88  69,00   819,99
 11,79  69,00   813,78
 11,79  69,00   813,24
 11,78  69,00   812,97
 11,82  69,00   815,40
 11,73  69,00   809,46
 11,77  69,00   812,43
 11,73  69,00   809,19
 11,88  69,00   819,99
 11,74  69,00   809,73
 11,93  69,00   822,96
 11,84  69,00   817,02
 11,73  69,00   809,46
 11,82  69,00   815,40
 11,75  69,00   811,08
 11,71  69,00   807,84
 11,88  69,00   819,45
 11,77  69,00   812,16
 11,86  69,00   818,64
 11,76  69,00   811,35
 11,86  69,00   818,37
 11,69  69,00   806,49
 11,85  69,00   817,56
 11,76  69,00   811,35
 11,79  69,00   813,24
 11,89  69,00   820,53
 11,77  69,00   812,16
 11,26  70,00   788,40
 11,25  70,00   787,59
 11,27  70,00   788,67
 11,22  70,00   785,16
 11,20  70,00   784,35
 11,22  70,00   785,70
 11,22  70,00   785,16
 11,33  70,00   793,26
 11,13  70,00   778,95
 11,17  70,00   782,19
 11,33  70,00   792,99
 11,32  70,00   792,45
 11,27  70,00   789,21
 11,19  70,00   783,00
 11,26  70,00   788,40
 11,28  70,00   789,75
 11,31  70,00   791,37
 11,34  70,00   793,80
 11,28  70,00   789,48
 11,24  70,00   786,51
 11,25  70,00   787,59
 11,27  70,00   788,67
 11,34  70,00   793,53
 11,26  70,00   788,13
 11,27  70,00   789,21
 11,28  70,00   789,48
 11,31  70,00   791,91
 11,26  70,00   787,86
 11,27  70,00   789,21
 11,28  70,00   789,48
 11,28  70,00   789,48
 11,26  70,00   788,40
 11,07  70,00   774,63
 11,28  70,00   789,48
 11,30  70,00   791,10
 11,26  70,00   788,13
 11,19  70,00   783,54
 11,25  70,00   787,32
 11,26  70,00   788,13
 11,20  70,00   784,35
 11,31  70,00   791,91
 10,77  71,00   764,37
 10,79  71,00   766,26
 10,72  71,00   761,13
 10,72  71,00   761,13
 10,72  71,00   761,13
 10,72  71,00   761,13
 10,76  71,00   764,10
 10,73  71,00   761,67
 10,80  71,00   766,80
 10,82  71,00   767,88
 10,73  71,00   761,67
 10,77  71,00   764,64
 10,78  71,00   765,45
 10,84  71,00   769,50
 10,71  71,00   760,59
 10,80  71,00   767,07
 10,73  71,00   761,94
 10,83  71,00   768,96
 10,77  71,00   764,91
 10,73  71,00   761,67
 10,78  71,00   765,72
 10,74  71,00   762,75
 10,72  71,00   761,40
 10,64  71,00   755,19
 10,75  71,00   763,29
 10,75  71,00   763,02
 10,74  71,00   762,48
 10,74  71,00   762,75
 10,72  71,00   761,13
 10,68  71,00   758,16
 10,78  71,00   765,18
 10,74  71,00   762,48
 10,69  71,00   758,97
 10,70  71,00   759,51
 10,72  71,00   761,40
 10,77  71,00   764,64
 10,71  71,00   760,32
 10,77  71,00   764,64
 10,80  71,00   766,80
 10,74  71,00   762,75
 10,85  71,00   770,58
 10,08  72,00   725,76
 10,25  72,00   738,18
 10,23  72,00   736,29
 10,00  72,00   719,82
 10,26  72,00   738,99
 10,14  72,00   730,08
 10,29  72,00   740,61
 10,23  72,00   736,56
 10,04  72,00   723,06
 10,18  72,00   733,32
 10,27  72,00   739,80
 10,09  72,00   726,30
 10,15  72,00   731,16
 10,26  72,00   738,99
 10,20  72,00   734,40
 10,24  72,00   737,10
 10,03  72,00   722,25
 10,14  72,00   730,35
 10,20  72,00   734,13
 10,22  72,00   735,75
 10,27  72,00   739,53
 10,22  72,00   735,75
 10,22  72,00   736,02
 10,29  72,00   741,15
 10,13  72,00   729,27
  9,90  72,00   713,07
 10,29  72,00   741,15
 10,29  72,00   740,88
  9,97  72,00   717,66
 10,29  72,00   740,88
 10,13  72,00   729,54
 10,11  72,00   728,19
 10,15  72,00   730,89
 10,03  72,00   721,98
 10,25  72,00   738,18
 10,11  72,00   728,19
 10,26  72,00   738,45
 10,14  72,00   730,08
 10,04  72,00   723,06
 10,13  72,00   729,27
 10,26  72,00   738,72
  9,72  73,00   709,83
  9,68  73,00   706,32
  9,74  73,00   710,91
  9,69  73,00   707,40
  9,53  73,00   695,79
  9,73  73,00   710,37
  9,69  73,00   707,13
  9,85  73,00   718,74
  9,63  73,00   703,08
  9,76  73,00   712,80
  9,70  73,00   708,21
  9,75  73,00   711,45
  9,68  73,00   706,86
  9,69  73,00   707,40
  9,73  73,00   710,64
  9,73  73,00   710,37
  9,74  73,00   711,18
  9,70  73,00   708,21
  9,79  73,00   714,69
  9,70  73,00   708,21
  9,78  73,00   714,15
  9,77  73,00   713,34
  9,65  73,00   704,43
  9,68  73,00   706,86
  9,65  73,00   704,70
  9,65  73,00   704,43
  9,74  73,00   710,91
  9,75  73,00   711,99
  9,74  73,00   711,18
  9,71  73,00   709,02
  9,74  73,00   710,91
  9,53  73,00   695,52
  9,68  73,00   706,32
  9,56  73,00   697,68
  9,69  73,00   707,67
  9,52  73,00   695,25
  9,78  73,00   713,61
  9,61  73,00   701,46
  9,74  73,00   710,91
  9,69  73,00   707,67
  9,56  73,00   698,22
  9,24  74,00   683,64
  9,22  74,00   682,56
  9,17  74,00   678,78
  9,26  74,00   685,53
  9,29  74,00   687,15
  9,29  74,00   687,15
  9,27  74,00   686,07
  9,09  74,00   672,57
  9,28  74,00   686,61
  9,14  74,00   676,35
  9,21  74,00   681,21
  9,28  74,00   686,88
  9,20  74,00   680,67
  9,17  74,00   678,78
  9,27  74,00   685,80
  9,20  74,00   680,67
  9,17  74,00   678,24
  9,23  74,00   682,83
  9,25  74,00   684,18
  9,21  74,00   681,48
  9,25  74,00   684,72
  9,25  74,00   684,45
  9,17  74,00   678,24
  9,05  74,00   669,60
  9,17  74,00   678,78
  9,25  74,00   684,45
  9,21  74,00   681,21
  9,16  74,00   677,70
  9,03  74,00   668,25
  9,27  74,00   686,34
  9,30  74,00   688,50
  9,26  74,00   685,26
  9,01  74,00   666,90
  9,26  74,00   685,53
  9,23  74,00   683,37
  9,22  74,00   682,02
  9,20  74,00   680,67
  9,20  74,00   680,67
  9,20  74,00   680,94
  9,31  74,00   688,77
  9,22  74,00   682,29
  8,71  75,00   653,13
  8,80  75,00   659,88
  8,67  75,00   650,43
  8,78  75,00   658,53
  8,76  75,00   657,18
  8,66  75,00   649,62
  8,69  75,00   651,51
  8,77  75,00   657,72
  8,86  75,00   664,47
  8,73  75,00   655,02
  8,78  75,00   658,26
  8,70  75,00   652,32
  8,73  75,00   654,75
  8,78  75,00   658,80
  8,67  75,00   650,16
  8,75  75,00   656,10
  8,75  75,00   656,10
  8,62  75,00   646,65
  8,64  75,00   647,73
  8,80  75,00   659,88
  8,73  75,00   654,48
  8,85  75,00   663,66
  8,65  75,00   649,08
  8,70  75,00   652,86
  8,56  75,00   641,79
  8,67  75,00   649,89
  8,77  75,00   657,72
  8,76  75,00   656,91
  8,80  75,00   659,88
  8,72  75,00   653,94
  8,78  75,00   658,26
  8,71  75,00   653,40
  8,73  75,00   655,02
  8,75  75,00   656,37
  8,75  75,00   656,10
  8,68  75,00   650,97
  8,67  75,00   649,89
  8,74  75,00   655,83
  8,83  75,00   662,31
  8,85  75,00   663,66
  8,73  75,00   654,75
  8,28  76,00   629,10
  8,28  76,00   629,10
  8,31  76,00   631,26
  8,40  76,00   638,28
  8,30  76,00   630,72
  8,32  76,00   632,34
  8,27  76,00   628,83
  8,32  76,00   632,61
  8,41  76,00   639,09
  8,37  76,00   635,85
  8,31  76,00   631,80
  8,32  76,00   632,07
  8,31  76,00   631,80
  8,28  76,00   629,10
  8,37  76,00   636,39
  8,14  76,00   618,84
  8,29  76,00   630,18
  8,28  76,00   629,64
  8,34  76,00   633,69
  8,27  76,00   628,83
  8,25  76,00   627,21
  8,26  76,00   627,75
  8,36  76,00   635,58
  8,39  76,00   637,47
  8,33  76,00   632,88
  8,36  76,00   635,58
  8,26  76,00   627,48
  8,31  76,00   631,53
  8,26  76,00   627,48
  8,31  76,00   631,53
  8,35  76,00   634,23
  8,28  76,00   629,37
  8,17  76,00   621,00
  8,22  76,00   625,05
  8,32  76,00   632,61
  8,39  76,00   637,74
  8,36  76,00   635,58
  8,19  76,00   622,35
  8,33  76,00   633,42
  8,18  76,00   621,81
  8,31  76,00   631,80
  7,89  77,00   607,77
  7,87  77,00   605,88
  7,80  77,00   600,75
  7,82  77,00   602,10
  7,82  77,00   602,37
  7,83  77,00   603,18
  7,90  77,00   608,58
  7,82  77,00   602,10
  7,90  77,00   608,04
  7,96  77,00   612,63
  7,77  77,00   598,32
  7,80  77,00   600,48
  7,88  77,00   606,96
  7,96  77,00   612,90
  7,94  77,00   611,01
  7,88  77,00   606,42
  7,92  77,00   609,93
  7,77  77,00   598,05
  7,88  77,00   606,96
  7,85  77,00   604,53
  7,75  77,00   596,70
  7,90  77,00   608,31
  7,94  77,00   611,01
  7,89  77,00   607,23
  7,88  77,00   606,96
  7,89  77,00   607,77
  7,82  77,00   601,83
  7,88  77,00   606,96
  7,89  77,00   607,50
  7,81  77,00   601,29
  7,82  77,00   602,10
  7,81  77,00   601,29
  7,80  77,00   600,75
  7,88  77,00   606,42
  7,84  77,00   603,99
  7,90  77,00   608,04
  7,88  77,00   606,42
  7,89  77,00   607,77
  7,80  77,00   600,48
  7,86  77,00   605,07
  7,89  77,00   607,77
  7,45  78,00   580,77
  7,41  78,00   578,34
  7,44  78,00   580,23
  7,43  78,00   579,42
  7,41  78,00   578,34
  7,43  78,00   579,42
  7,35  78,00   573,48
  7,48  78,00   583,74
  7,43  78,00   579,42
  7,35  78,00   572,94
  7,40  78,00   577,53
  7,46  78,00   582,12
  7,50  78,00   585,09
  7,47  78,00   582,39
  7,37  78,00   574,56
  7,46  78,00   581,85
  7,39  78,00   576,72
  7,42  78,00   578,61
  7,46  78,00   581,85
  7,45  78,00   581,04
  7,44  78,00   579,96
  7,45  78,00   581,31
  7,32  78,00   571,32
  7,42  78,00   578,61
  7,43  78,00   579,69
  7,33  78,00   572,13
  7,50  78,00   584,82
  7,46  78,00   582,12
  7,39  78,00   576,18
  7,45  78,00   581,04
  7,45  78,00   580,77
  7,45  78,00   581,31
  7,38  78,00   575,37
  7,44  78,00   579,96
  7,47  78,00   582,39
  7,45  78,00   580,77
  7,42  78,00   578,88
  7,41  78,00   578,34
  7,39  78,00   576,18
  7,35  78,00   573,48
  7,41  78,00   577,80
  6,96  79,00   549,72
  6,93  79,00   547,83
  7,10  79,00   560,52
  7,02  79,00   554,58
  7,02  79,00   554,85
  6,98  79,00   551,61
  7,05  79,00   557,01
  7,00  79,00   552,69
  6,99  79,00   552,42
  7,05  79,00   557,28
  7,00  79,00   552,96
  7,00  79,00   552,69
  6,98  79,00   551,34
  6,99  79,00   551,88
  7,01  79,00   554,04
  6,98  79,00   551,34
  7,01  79,00   553,50
  7,03  79,00   555,66
  6,99  79,00   552,15
  7,05  79,00   556,74
  7,02  79,00   554,85
  7,00  79,00   552,69
  7,00  79,00   553,23
  7,06  79,00   557,82
  7,00  79,00   552,69
  6,98  79,00   551,61
  7,07  79,00   558,90
  7,02  79,00   554,85
  7,04  79,00   556,20
  7,06  79,00   558,09
  6,98  79,00   551,61
  6,99  79,00   551,88
  7,02  79,00   554,31
  7,03  79,00   555,12
  7,06  79,00   557,82
  6,96  79,00   549,99
  7,01  79,00   553,77
  7,03  79,00   555,66
  6,96  79,00   549,72
  6,91  79,00   545,67
  6,97  79,00   550,53
  6,59  80,00   527,04
  6,58  80,00   526,23
  6,59  80,00   527,04
  6,58  80,00   526,23
  6,60  80,00   528,12
  6,59  80,00   527,31
  6,61  80,00   528,66
  6,63  80,00   530,01
  6,58  80,00   526,23
  6,55  80,00   524,34
  6,63  80,00   530,01
  6,52  80,00   521,37
  6,61  80,00   528,66
  6,67  80,00   533,25
  6,58  80,00   526,23
  6,61  80,00   529,20
  6,58  80,00   526,77
  6,66  80,00   532,44
  6,64  80,00   531,09
  6,64  80,00   530,82
  6,60  80,00   527,85
  6,64  80,00   531,36
  6,53  80,00   522,72
  6,64  80,00   530,82
  6,62  80,00   529,74
  6,63  80,00   530,28
  6,55  80,00   524,34
  6,63  80,00   530,28
  6,62  80,00   529,74
  6,60  80,00   528,12
  6,58  80,00   526,23
  6,59  80,00   527,04
  6,65  80,00   532,17
  6,59  80,00   527,58
  6,62  80,00   529,74
  6,59  80,00   527,04
  6,58  80,00   526,50
  6,60  80,00   528,39
  6,61  80,00   529,20
  6,58  80,00   526,50
  6,59  80,00   527,58
  6,15  81,00   498,15
  6,26  81,00   506,79
  6,23  81,00   504,90
  6,18  81,00   500,31
  6,19  81,00   501,39
  6,22  81,00   504,09
  6,18  81,00   500,31
  6,20  81,00   502,47
  6,14  81,00   497,07
  6,21  81,00   503,28
  6,23  81,00   504,90
  6,21  81,00   503,01
  6,11  81,00   494,91
  6,16  81,00   499,23
  6,19  81,00   501,39
  6,16  81,00   498,69
  6,24  81,00   505,17
  6,25  81,00   505,98
  6,19  81,00   501,12
  6,09  81,00   493,29
  6,19  81,00   501,12
  6,21  81,00   503,28
  6,14  81,00   497,07
  6,21  81,00   503,01
  6,17  81,00   500,04
  6,20  81,00   501,93
  6,21  81,00   502,74
  6,15  81,00   497,88
  6,21  81,00   503,28
  6,18  81,00   500,58
  6,24  81,00   505,71
  6,23  81,00   504,63
  6,19  81,00   501,12
  6,25  81,00   505,98
  6,15  81,00   497,88
  6,18  81,00   500,85
  6,26  81,00   507,33
  6,23  81,00   504,90
  6,18  81,00   500,58
  6,20  81,00   502,47
  6,15  81,00   498,42
  5,74  82,00   470,88
  5,83  82,00   478,44
  5,77  82,00   472,77
  5,75  82,00   471,69
  5,80  82,00   475,47
  5,78  82,00   474,12
  5,80  82,00   475,20
  5,80  82,00   476,01
  5,76  82,00   472,23
  5,79  82,00   474,66
  5,79  82,00   474,39
  5,80  82,00   475,20
  5,75  82,00   471,15
  5,84  82,00   478,71
  5,82  82,00   477,36
  5,80  82,00   475,74
  5,81  82,00   476,82
  5,79  82,00   474,66
  5,76  82,00   472,50
  5,74  82,00   470,61
  5,80  82,00   475,20
  5,79  82,00   474,66
  5,82  82,00   477,09
  5,80  82,00   475,74
  5,80  82,00   475,47
  5,80  82,00   475,74
  5,85  82,00   479,52
  5,73  82,00   469,53
  5,85  82,00   479,52
  5,84  82,00   478,71
  5,81  82,00   476,55
  5,89  82,00   483,30
  5,80  82,00   475,20
  5,84  82,00   479,25
  5,82  82,00   477,63
  5,81  82,00   476,82
  5,79  82,00   474,39
  5,84  82,00   478,71
  5,84  82,00   478,98
  5,82  82,00   477,63
  5,81  82,00   476,55
  5,43  83,00   450,36
  5,41  83,00   448,74
  5,41  83,00   448,74
  5,44  83,00   451,44
  5,43  83,00   450,90
  5,44  83,00   451,17
  5,44  83,00   451,44
  5,40  83,00   447,93
  5,42  83,00   449,82
  5,41  83,00   449,28
  5,39  83,00   447,12
  5,42  83,00   449,55
  5,47  83,00   454,14
  5,41  83,00   448,74
  5,42  83,00   450,09
  5,43  83,00   450,36
  5,42  83,00   449,55
  5,43  83,00   450,63
  5,45  83,00   452,25
  5,40  83,00   448,47
  5,45  83,00   452,25
  5,41  83,00   449,28
  5,40  83,00   447,93
  5,44  83,00   451,71
  5,39  83,00   447,12
  5,41  83,00   448,74
  5,40  83,00   448,47
  5,45  83,00   452,52
  5,40  83,00   447,93
  5,40  83,00   448,20
  5,42  83,00   450,09
  5,42  83,00   449,55
  5,45  83,00   452,52
  5,42  83,00   449,55
  5,41  83,00   449,28
  5,40  83,00   447,93
  5,33  83,00   442,26
  5,43  83,00   450,90
  5,47  83,00   453,60
  5,36  83,00   444,96
  5,42  83,00   450,09
  4,92  84,00   413,64
  5,05  84,00   424,44
  4,93  84,00   413,91
  4,88  84,00   410,13
  4,96  84,00   416,88
  5,05  84,00   424,17
  5,02  84,00   421,74
  5,04  84,00   423,63
  4,97  84,00   417,69
  4,83  84,00   405,81
  4,93  84,00   414,18
  5,01  84,00   420,93
  5,01  84,00   420,66
  5,03  84,00   422,28
  5,08  84,00   426,60
  4,99  84,00   419,04
  4,90  84,00   411,21
  4,84  84,00   406,35
  5,02  84,00   421,47
  5,04  84,00   423,36
  5,01  84,00   421,20
  5,00  84,00   420,39
  4,96  84,00   416,88
  4,84  84,00   406,62
  4,80  84,00   402,84
  4,98  84,00   418,23
  5,06  84,00   425,25
  4,95  84,00   415,80
  4,89  84,00   410,40
  4,99  84,00   419,04
  4,92  84,00   413,10
  4,99  84,00   419,31
  5,00  84,00   420,39
  5,00  84,00   420,12
  4,92  84,00   413,64
  5,06  84,00   424,71
  4,95  84,00   416,07
  5,04  84,00   423,63
  4,94  84,00   415,26
  4,96  84,00   416,34
  4,99  84,00   418,77
  4,50  85,00   382,32
  4,60  85,00   390,69
  4,64  85,00   394,74
  4,69  85,00   398,52
  4,51  85,00   383,40
  4,68  85,00   397,71
  4,62  85,00   393,12
  4,59  85,00   390,42
  4,65  85,00   395,55
  4,61  85,00   391,77
  4,55  85,00   386,64
  4,60  85,00   390,96
  4,67  85,00   396,63
  4,61  85,00   392,04
  4,60  85,00   390,96
  4,58  85,00   389,07
  4,62  85,00   392,58
  4,60  85,00   390,69
  4,58  85,00   389,07
  4,65  85,00   395,55
  4,60  85,00   390,69
  4,59  85,00   390,42
  4,65  85,00   395,55
  4,56  85,00   387,72
  4,51  85,00   383,40
  4,64  85,00   394,20
  4,61  85,00   391,50
  4,60  85,00   390,96
  4,57  85,00   388,26
  4,66  85,00   395,82
  4,64  85,00   394,47
  4,60  85,00   391,23
  4,64  85,00   394,20
  4,63  85,00   393,66
  4,63  85,00   393,66
  4,60  85,00   391,23
  4,57  85,00   388,26
  4,69  85,00   398,52
  4,64  85,00   394,74
  4,59  85,00   390,42
  4,66  85,00   396,09
  4,29  86,00   369,36
  4,29  86,00   368,82
  4,18  86,00   359,37
  4,18  86,00   359,10
  4,25  86,00   365,85
  4,31  86,00   370,98
  4,23  86,00   363,42
  4,26  86,00   366,66
  4,12  86,00   353,97
  4,18  86,00   359,10
  4,23  86,00   363,69
  4,25  86,00   365,85
  4,29  86,00   369,09
  4,26  86,00   366,66
  4,28  86,00   368,01
  4,25  86,00   365,85
  4,32  86,00   371,52
  4,28  86,00   368,01
  4,25  86,00   365,85
  4,21  86,00   362,07
  4,29  86,00   368,55
  4,23  86,00   363,69
  4,18  86,00   359,10
  4,27  86,00   366,93
  4,23  86,00   363,96
  4,28  86,00   368,28
  4,29  86,00   368,82
  4,31  86,00   370,44
  4,28  86,00   368,28
  4,29  86,00   369,36
  4,14  86,00   356,13
  4,20  86,00   361,26
  4,25  86,00   365,31
  4,21  86,00   361,80
  4,24  86,00   364,23
  4,27  86,00   367,20
  4,28  86,00   368,01
  4,28  86,00   368,28
  4,27  86,00   367,20
  4,25  86,00   365,31
  4,27  86,00   367,20
  3,92  87,00   340,74
  3,85  87,00   335,34
  3,90  87,00   339,12
  3,82  87,00   332,10
  3,84  87,00   333,72
  3,91  87,00   339,93
  3,91  87,00   339,93
  3,85  87,00   334,80
  3,93  87,00   342,09
  3,97  87,00   345,06
  3,89  87,00   338,58
  4,00  87,00   348,03
  3,98  87,00   346,14
  3,89  87,00   338,58
  3,84  87,00   333,72
  3,81  87,00   331,83
  3,93  87,00   341,55
  3,93  87,00   341,55
  3,95  87,00   343,44
  3,89  87,00   338,58
  3,79  87,00   329,94
  3,91  87,00   340,20
  3,95  87,00   343,98
  3,93  87,00   341,55
  3,93  87,00   341,55
  3,97  87,00   345,33
  3,94  87,00   343,17
  3,89  87,00   338,58
  3,89  87,00   338,31
  3,88  87,00   337,50
  3,96  87,00   344,79
  3,76  87,00   327,24
  3,86  87,00   336,15
  3,95  87,00   343,44
  3,92  87,00   341,28
  3,94  87,00   342,36
  3,95  87,00   343,71
  3,84  87,00   334,26
  3,98  87,00   346,14
  3,94  87,00   343,17
  3,96  87,00   344,52
  3,64  88,00   319,95
  3,58  88,00   315,36
  3,57  88,00   314,28
  3,62  88,00   318,33
  3,47  88,00   305,37
  3,61  88,00   317,25
  3,58  88,00   315,09
  3,58  88,00   314,82
  3,51  88,00   309,15
  3,52  88,00   309,96
  3,57  88,00   314,01
  3,62  88,00   318,60
  3,56  88,00   313,47
  3,60  88,00   316,98
  3,61  88,00   317,25
  3,56  88,00   313,20
  3,61  88,00   317,25
  3,57  88,00   314,28
  3,59  88,00   315,90
  3,56  88,00   312,93
  3,51  88,00   309,15
  3,57  88,00   313,74
  3,62  88,00   318,33
  3,49  88,00   307,53
  3,57  88,00   314,55
  3,54  88,00   311,85
  3,56  88,00   312,93
  3,58  88,00   315,36
  3,57  88,00   314,01
  3,61  88,00   318,06
  3,56  88,00   312,93
  3,61  88,00   317,79
  3,50  88,00   308,07
  3,63  88,00   319,41
  3,53  88,00   310,77
  3,54  88,00   311,85
  3,60  88,00   316,98
  3,57  88,00   314,55
  3,52  88,00   309,96
  3,58  88,00   315,09
  3,49  88,00   306,99
  3,24  89,00   288,36
  3,27  89,00   290,79
  3,21  89,00   285,93
  3,23  89,00   287,82
  3,20  89,00   284,58
  3,15  89,00   280,26
  3,22  89,00   287,01
  3,19  89,00   283,77
  3,22  89,00   286,20
  3,24  89,00   288,63
  3,29  89,00   292,68
  3,26  89,00   290,52
  3,25  89,00   289,44
  3,27  89,00   290,79
  3,27  89,00   291,06
  3,20  89,00   284,85
  3,26  89,00   289,71
  3,22  89,00   286,47
  3,19  89,00   284,31
  3,22  89,00   286,47
  3,16  89,00   281,34
  3,19  89,00   283,77
  3,29  89,00   292,95
  3,28  89,00   292,14
  3,21  89,00   285,93
  3,17  89,00   282,42
  3,25  89,00   289,44
  3,23  89,00   287,82
  3,24  89,00   288,09
  3,30  89,00   293,49
  3,22  89,00   286,74
  3,22  89,00   287,01
  3,25  89,00   289,17
  3,23  89,00   287,55
  3,19  89,00   284,04
  3,29  89,00   292,68
  3,24  89,00   288,63
  3,24  89,00   288,36
  3,22  89,00   286,47
  3,20  89,00   284,85
  3,27  89,00   291,33
  2,89  90,00   260,55
  2,94  90,00   264,87
  2,92  90,00   263,25
  2,89  90,00   260,01
  2,89  90,00   260,28
  2,84  90,00   255,96
  2,88  90,00   259,47
  2,93  90,00   263,52
  2,95  90,00   265,41
  2,92  90,00   262,98
  2,85  90,00   256,50
  2,93  90,00   263,79
  2,88  90,00   259,47
  2,97  90,00   267,57
  2,80  90,00   252,18
  2,92  90,00   262,98
  2,92  90,00   262,71
  2,91  90,00   262,17
  2,96  90,00   266,22
  2,86  90,00   257,58
  2,92  90,00   262,71
  2,89  90,00   259,74
  2,87  90,00   258,12
  2,91  90,00   261,90
  2,89  90,00   259,74
  2,88  90,00   259,47
  2,91  90,00   261,90
  2,94  90,00   264,60
  2,88  90,00   259,47
  2,83  90,00   254,34
  2,90  90,00   261,36
  2,93  90,00   263,52
  2,92  90,00   263,25
  2,92  90,00   263,25
  2,89  90,00   260,55
  2,91  90,00   262,17
  2,87  90,00   258,39
  2,95  90,00   265,14
  2,94  90,00   264,60
  2,89  90,00   259,74
  2,96  90,00   266,22
