
133,60   5,00   667,98
133,87   5,00   669,33
133,97   5,00   669,87
133,97   5,00   669,87
133,65   5,00   668,25
134,14   5,00   670,68
133,92   5,00   669,60
133,54   5,00   667,71
134,03   5,00   670,14
133,76   5,00   668,79
133,76   5,00   668,79
133,97   5,00   669,87
134,03   5,00   670,14
133,33   5,00   666,63
134,14   5,00   670,68
133,87   5,00   669,33
134,35   5,00   671,76
133,97   5,00   669,87
133,92   5,00   669,60
133,70   5,00   668,52
133,97   5,00   669,87
133,81   5,00   669,06
133,81   5,00   669,06
133,49   5,00   667,44
133,60   5,00   667,98
133,92   5,00   669,60
133,70   5,00   668,52
134,19   5,00   670,95
133,97   5,00   669,87
133,49   5,00   667,44
134,14   5,00   670,68
133,33   5,00   666,63
133,76   5,00   668,79
134,14   5,00   670,68
133,22   5,00   666,09
134,08   5,00   670,41
134,19   5,00   670,95
133,70   5,00   668,52
133,43   5,00   667,17
133,54   5,00   667,71
134,30   5,00   671,49
134,28   6,00   805,68
133,83   6,00   802,98
133,83   6,00   802,98
133,78   6,00   802,71
134,32   6,00   805,95
134,10   6,00   804,60
134,05   6,00   804,33
133,51   6,00   801,09
133,96   6,00   803,79
134,01   6,00   804,06
132,84   6,00   797,04
134,01   6,00   804,06
133,74   6,00   802,44
134,05   6,00   804,33
134,14   6,00   804,87
132,97   6,00   797,85
133,24   6,00   799,47
133,69   6,00   802,17
133,60   6,00   801,63
134,01   6,00   804,06
134,19   6,00   805,14
134,10   6,00   804,60
133,83   6,00   802,98
134,55   6,00   807,30
133,74   6,00   802,44
133,92   6,00   803,52
134,05   6,00   804,33
133,69   6,00   802,17
133,96   6,00   803,79
133,51   6,00   801,09
134,01   6,00   804,06
133,96   6,00   803,79
133,69   6,00   802,17
133,69   6,00   802,17
134,10   6,00   804,60
133,56   6,00   801,36
133,42   6,00   800,55
133,69   6,00   802,17
134,46   6,00   806,76
133,96   6,00   803,79
134,19   6,00   805,14
133,92   7,00   937,44
134,00   7,00   937,98
133,38   7,00   933,66
133,73   7,00   936,09
134,31   7,00   940,14
133,53   7,00   934,74
133,38   7,00   933,66
134,15   7,00   939,06
133,88   7,00   937,17
133,57   7,00   935,01
133,61   7,00   935,28
133,92   7,00   937,44
134,34   7,00   940,41
134,11   7,00   938,79
133,80   7,00   936,63
134,04   7,00   938,25
134,31   7,00   940,14
133,80   7,00   936,63
133,46   7,00   934,20
133,61   7,00   935,28
133,77   7,00   936,36
133,88   7,00   937,17
134,34   7,00   940,41
133,38   7,00   933,66
133,77   7,00   936,36
133,42   7,00   933,93
133,80   7,00   936,63
134,00   7,00   937,98
133,69   7,00   935,82
133,77   7,00   936,36
133,88   7,00   937,17
134,04   7,00   938,25
134,07   7,00   938,52
133,65   7,00   935,55
133,57   7,00   935,01
132,99   7,00   930,96
134,04   7,00   938,25
134,23   7,00   939,60
133,88   7,00   937,17
133,53   7,00   934,74
133,73   7,00   936,09
134,26   8,00  1074,06
133,62   8,00  1068,93
133,65   8,00  1069,20
133,45   8,00  1067,58
133,85   8,00  1070,82
134,05   8,00  1072,44
133,89   8,00  1071,09
133,18   8,00  1065,42
134,09   8,00  1072,71
133,65   8,00  1069,20
133,72   8,00  1069,74
133,89   8,00  1071,09
134,32   8,00  1074,60
133,89   8,00  1071,09
134,16   8,00  1073,25
133,89   8,00  1071,09
133,68   8,00  1069,47
133,24   8,00  1065,96
133,31   8,00  1066,50
133,55   8,00  1068,39
134,09   8,00  1072,71
133,38   8,00  1067,04
133,51   8,00  1068,12
133,72   8,00  1069,74
134,05   8,00  1072,44
133,58   8,00  1068,66
133,78   8,00  1070,28
133,65   8,00  1069,20
133,78   8,00  1070,28
133,75   8,00  1070,01
134,09   8,00  1072,71
134,53   8,00  1076,22
133,31   8,00  1066,50
134,12   8,00  1072,98
133,51   8,00  1068,12
133,78   8,00  1070,28
133,72   8,00  1069,74
133,99   8,00  1071,90
133,75   8,00  1070,01
133,95   8,00  1071,63
134,09   8,00  1072,71
134,04   9,00  1206,36
133,80   9,00  1204,20
133,68   9,00  1203,12
133,38   9,00  1200,42
133,89   9,00  1205,01
133,50   9,00  1201,50
133,65   9,00  1202,85
133,83   9,00  1204,47
133,80   9,00  1204,20
133,68   9,00  1203,12
133,74   9,00  1203,66
134,04   9,00  1206,36
133,56   9,00  1202,04
133,68   9,00  1203,12
133,41   9,00  1200,69
134,07   9,00  1206,63
133,59   9,00  1202,31
134,04   9,00  1206,36
133,83   9,00  1204,47
133,65   9,00  1202,85
133,68   9,00  1203,12
133,56   9,00  1202,04
133,62   9,00  1202,58
133,83   9,00  1204,47
133,29   9,00  1199,61
133,86   9,00  1204,74
133,59   9,00  1202,31
134,19   9,00  1207,71
133,95   9,00  1205,55
133,98   9,00  1205,82
133,62   9,00  1202,58
133,89   9,00  1205,01
133,77   9,00  1203,93
133,98   9,00  1205,82
133,68   9,00  1203,12
133,89   9,00  1205,01
133,74   9,00  1203,66
133,95   9,00  1205,55
133,65   9,00  1202,85
133,23   9,00  1199,07
133,29   9,00  1199,61
133,73  10,00  1337,31
133,95  10,00  1339,47
133,78  10,00  1337,85
133,87  10,00  1338,66
134,03  10,00  1340,28
133,89  10,00  1338,93
133,70  10,00  1337,04
133,41  10,00  1334,07
133,68  10,00  1336,77
133,49  10,00  1334,88
133,27  10,00  1332,72
133,22  10,00  1332,18
133,65  10,00  1336,50
134,22  10,00  1342,17
133,57  10,00  1335,69
133,92  10,00  1339,20
133,11  10,00  1331,10
133,57  10,00  1335,69
133,60  10,00  1335,96
133,81  10,00  1338,12
133,33  10,00  1333,26
133,92  10,00  1339,20
133,87  10,00  1338,66
133,60  10,00  1335,96
133,51  10,00  1335,15
133,81  10,00  1338,12
133,78  10,00  1337,85
133,46  10,00  1334,61
133,97  10,00  1339,74
133,92  10,00  1339,20
133,73  10,00  1337,31
133,60  10,00  1335,96
133,84  10,00  1338,39
133,84  10,00  1338,39
133,76  10,00  1337,58
133,38  10,00  1333,80
133,38  10,00  1333,80
133,92  10,00  1339,20
133,43  10,00  1334,34
133,97  10,00  1339,74
134,00  10,00  1340,01
133,33  11,00  1466,64
133,63  11,00  1469,88
133,80  11,00  1471,77
133,43  11,00  1467,72
133,75  11,00  1471,23
133,48  11,00  1468,26
133,85  11,00  1472,31
133,31  11,00  1466,37
133,31  11,00  1466,37
133,60  11,00  1469,61
133,90  11,00  1472,85
133,48  11,00  1468,26
133,58  11,00  1469,34
133,63  11,00  1469,88
133,43  11,00  1467,72
133,55  11,00  1469,07
133,75  11,00  1471,23
133,13  11,00  1464,48
133,87  11,00  1472,58
133,60  11,00  1469,61
133,45  11,00  1467,99
133,55  11,00  1469,07
133,80  11,00  1471,77
133,65  11,00  1470,15
133,33  11,00  1466,64
133,48  11,00  1468,26
133,58  11,00  1469,34
133,36  11,00  1466,91
133,09  11,00  1463,94
133,43  11,00  1467,72
133,55  11,00  1469,07
133,82  11,00  1472,04
133,55  11,00  1469,07
133,58  11,00  1469,34
133,40  11,00  1467,45
133,80  11,00  1471,77
133,63  11,00  1469,88
133,75  11,00  1471,23
133,50  11,00  1468,53
133,63  11,00  1469,88
133,45  11,00  1467,99
133,60  12,00  1603,26
132,77  12,00  1593,27
133,60  12,00  1603,26
133,40  12,00  1600,83
133,51  12,00  1602,18
133,58  12,00  1602,99
133,47  12,00  1601,64
133,67  12,00  1604,07
133,31  12,00  1599,75
133,45  12,00  1601,37
133,67  12,00  1604,07
133,09  12,00  1597,05
133,69  12,00  1604,34
133,60  12,00  1603,26
133,47  12,00  1601,64
133,69  12,00  1604,34
133,69  12,00  1604,34
133,85  12,00  1606,23
133,56  12,00  1602,72
133,60  12,00  1603,26
133,33  12,00  1600,02
133,38  12,00  1600,56
133,81  12,00  1605,69
133,60  12,00  1603,26
133,49  12,00  1601,91
133,58  12,00  1602,99
133,31  12,00  1599,75
133,49  12,00  1601,91
133,63  12,00  1603,53
133,60  12,00  1603,26
133,72  12,00  1604,61
133,54  12,00  1602,45
133,90  12,00  1606,77
133,56  12,00  1602,72
133,72  12,00  1604,61
133,60  12,00  1603,26
133,20  12,00  1598,40
133,47  12,00  1601,64
133,78  12,00  1605,42
133,83  12,00  1605,96
133,47  12,00  1601,64
116,60  13,00  1515,78
116,68  13,00  1516,86
109,91  13,00  1428,84
115,39  13,00  1500,12
111,66  13,00  1451,52
118,28  13,00  1537,65
123,58  13,00  1606,50
123,18  13,00  1601,37
119,69  13,00  1556,01
111,78  13,00  1453,14
112,96  13,00  1468,53
115,48  13,00  1501,20
119,71  13,00  1556,28
121,73  13,00  1582,47
115,60  13,00  1502,82
109,10  13,00  1418,31
103,80  13,00  1349,46
105,47  13,00  1371,06
111,63  13,00  1451,25
116,49  13,00  1514,43
118,57  13,00  1541,43
115,58  13,00  1502,55
113,28  13,00  1472,58
107,94  13,00  1403,19
112,76  13,00  1465,83
106,59  13,00  1385,64
109,27  13,00  1420,47
107,02  13,00  1391,31
109,02  13,00  1417,23
112,51  13,00  1462,59
112,17  13,00  1458,27
111,80  13,00  1453,41
115,98  13,00  1507,68
118,72  13,00  1543,32
119,42  13,00  1552,50
116,41  13,00  1513,35
113,42  13,00  1474,47
116,00  13,00  1507,95
115,56  13,00  1502,28
115,33  13,00  1499,31
118,97  13,00  1546,56
108,79  14,00  1523,07
110,80  14,00  1551,15
109,37  14,00  1531,17
109,85  14,00  1537,92
 99,96  14,00  1399,41
100,59  14,00  1408,32
102,54  14,00  1435,59
109,68  14,00  1535,49
105,74  14,00  1480,41
105,22  14,00  1473,12
106,71  14,00  1493,91
107,73  14,00  1508,22
101,96  14,00  1427,49
105,59  14,00  1478,25
102,83  14,00  1439,64
102,60  14,00  1436,40
101,83  14,00  1425,60
104,59  14,00  1464,21
107,38  14,00  1503,36
112,57  14,00  1575,99
107,48  14,00  1504,71
101,81  14,00  1425,33
 97,82  14,00  1369,44
101,44  14,00  1420,20
100,38  14,00  1405,35
100,86  14,00  1412,10
106,67  14,00  1493,37
109,23  14,00  1529,28
103,95  14,00  1455,30
 99,49  14,00  1392,93
104,10  14,00  1457,46
107,05  14,00  1498,77
106,51  14,00  1491,21
105,49  14,00  1476,90
104,76  14,00  1466,64
103,97  14,00  1455,57
107,07  14,00  1499,04
108,33  14,00  1516,59
108,54  14,00  1519,56
101,04  14,00  1414,53
103,04  14,00  1442,61
 94,03  15,00  1410,48
 96,07  15,00  1440,99
 87,39  15,00  1310,85
 93,53  15,00  1402,92
 99,72  15,00  1495,80
 99,81  15,00  1497,15
 99,63  15,00  1494,45
102,80  15,00  1541,97
 95,51  15,00  1432,62
 92,27  15,00  1384,02
 95,45  15,00  1431,81
 96,66  15,00  1449,90
101,14  15,00  1517,13
 98,66  15,00  1479,87
 97,15  15,00  1457,19
101,16  15,00  1517,40
102,80  15,00  1541,97
 97,18  15,00  1457,73
 98,37  15,00  1475,55
 95,96  15,00  1439,37
 92,30  15,00  1384,56
 93,37  15,00  1400,49
 94,95  15,00  1424,25
 95,35  15,00  1430,19
 95,78  15,00  1436,67
 96,82  15,00  1452,33
 91,40  15,00  1371,06
 87,82  15,00  1317,33
 89,21  15,00  1338,12
 90,11  15,00  1351,62
 89,05  15,00  1335,69
 93,87  15,00  1408,05
 95,35  15,00  1430,19
101,81  15,00  1527,12
105,17  15,00  1577,61
 99,58  15,00  1493,64
100,15  15,00  1502,28
 99,65  15,00  1494,72
 95,56  15,00  1433,43
 97,02  15,00  1455,30
 95,69  15,00  1435,32
 88,75  16,00  1419,93
 87,82  16,00  1405,08
 89,66  16,00  1434,51
 93,82  16,00  1501,20
 97,32  16,00  1557,09
 94,67  16,00  1514,70
 99,61  16,00  1593,81
 97,12  16,00  1553,85
 93,10  16,00  1489,59
 89,00  16,00  1423,98
 84,73  16,00  1355,67
 87,19  16,00  1395,09
 85,44  16,00  1367,01
 88,98  16,00  1423,71
 91,36  16,00  1461,78
 95,56  16,00  1529,01
 89,84  16,00  1437,48
 83,80  16,00  1340,82
 86,23  16,00  1379,70
 86,80  16,00  1388,88
 86,13  16,00  1378,08
 88,56  16,00  1416,96
 86,77  16,00  1388,34
 88,66  16,00  1418,58
 87,06  16,00  1392,93
 83,95  16,00  1343,25
 82,64  16,00  1322,19
 86,10  16,00  1377,54
 87,26  16,00  1396,17
 87,68  16,00  1402,92
 84,26  16,00  1348,11
 82,40  16,00  1318,41
 86,94  16,00  1391,04
 89,79  16,00  1436,67
 93,45  16,00  1495,26
 91,87  16,00  1469,88
 89,45  16,00  1431,27
 88,27  16,00  1412,37
 88,34  16,00  1413,45
 88,46  16,00  1415,34
 90,80  16,00  1452,87
 79,92  17,00  1358,64
 78,20  17,00  1329,48
 80,73  17,00  1372,41
 89,07  17,00  1514,16
 87,34  17,00  1484,73
 81,00  17,00  1377,00
 80,83  17,00  1374,03
 82,62  17,00  1404,54
 85,37  17,00  1451,25
 86,73  17,00  1474,47
 87,65  17,00  1490,13
 82,76  17,00  1406,97
 82,68  17,00  1405,62
 80,75  17,00  1372,68
 82,65  17,00  1405,08
 85,53  17,00  1453,95
 84,56  17,00  1437,48
 84,75  17,00  1440,72
 84,11  17,00  1429,92
 83,81  17,00  1424,79
 78,14  17,00  1328,40
 84,88  17,00  1442,88
 86,57  17,00  1471,77
 84,67  17,00  1439,37
 81,00  17,00  1377,00
 80,70  17,00  1371,87
 80,38  17,00  1366,47
 84,61  17,00  1438,29
 85,34  17,00  1450,71
 82,89  17,00  1409,13
 81,41  17,00  1384,02
 81,19  17,00  1380,24
 79,86  17,00  1357,56
 85,92  17,00  1460,70
 86,48  17,00  1470,15
 83,18  17,00  1413,99
 83,11  17,00  1412,91
 79,24  17,00  1347,03
 79,44  17,00  1350,54
 81,17  17,00  1379,97
 87,45  17,00  1486,62
 81,72  18,00  1470,96
 73,17  18,00  1317,06
 78,58  18,00  1414,53
 80,14  18,00  1442,61
 81,69  18,00  1470,42
 73,89  18,00  1330,02
 74,86  18,00  1347,57
 77,55  18,00  1395,90
 74,59  18,00  1342,71
 78,12  18,00  1406,16
 79,47  18,00  1430,46
 77,70  18,00  1398,60
 76,77  18,00  1381,86
 81,87  18,00  1473,66
 81,75  18,00  1471,50
 79,30  18,00  1427,49
 77,25  18,00  1390,50
 75,70  18,00  1362,69
 72,70  18,00  1308,69
 73,74  18,00  1327,32
 76,32  18,00  1373,76
 79,57  18,00  1432,35
 78,09  18,00  1405,62
 78,06  18,00  1405,08
 80,35  18,00  1446,39
 76,57  18,00  1378,35
 77,62  18,00  1397,25
 75,76  18,00  1363,77
 74,22  18,00  1335,96
 80,13  18,00  1442,34
 76,00  18,00  1368,09
 76,66  18,00  1379,97
 72,00  18,00  1296,00
 75,69  18,00  1362,42
 82,36  18,00  1482,57
 82,95  18,00  1493,10
 76,53  18,00  1377,54
 74,64  18,00  1343,52
 80,05  18,00  1440,99
 78,72  18,00  1416,96
 74,11  18,00  1334,07
 72,36  19,00  1374,84
 74,61  19,00  1417,50
 73,55  19,00  1397,52
 75,19  19,00  1428,57
 77,05  19,00  1463,94
 72,35  19,00  1374,57
 74,72  19,00  1419,66
 72,19  19,00  1371,60
 68,74  19,00  1305,99
 69,87  19,00  1327,59
 69,63  19,00  1323,00
 75,50  19,00  1434,51
 72,74  19,00  1382,13
 73,27  19,00  1392,12
 70,53  19,00  1340,01
 78,12  19,00  1484,19
 75,69  19,00  1438,02
 70,04  19,00  1330,83
 78,87  19,00  1498,50
 79,71  19,00  1514,43
 73,20  19,00  1390,77
 72,64  19,00  1380,24
 69,79  19,00  1325,97
 70,33  19,00  1336,23
 70,29  19,00  1335,42
 71,65  19,00  1361,34
 78,70  19,00  1495,26
 71,81  19,00  1364,31
 69,97  19,00  1329,48
 74,31  19,00  1411,83
 71,75  19,00  1363,23
 69,38  19,00  1318,14
 69,46  19,00  1319,76
 74,02  19,00  1406,43
 76,72  19,00  1457,73
 77,56  19,00  1473,66
 72,52  19,00  1377,81
 73,98  19,00  1405,62
 73,65  19,00  1399,41
 72,53  19,00  1378,08
 71,01  19,00  1349,19
 66,10  20,00  1321,92
 69,58  20,00  1391,58
 72,52  20,00  1450,44
 70,32  20,00  1406,43
 67,24  20,00  1344,87
 64,21  20,00  1284,12
 68,23  20,00  1364,58
 68,05  20,00  1361,07
 69,52  20,00  1390,50
 66,82  20,00  1336,50
 69,81  20,00  1396,17
 73,44  20,00  1468,80
 68,08  20,00  1361,61
 67,88  20,00  1357,56
 67,01  20,00  1340,28
 68,66  20,00  1373,22
 73,24  20,00  1464,75
 69,97  20,00  1399,41
 67,50  20,00  1350,00
 67,19  20,00  1343,79
 69,97  20,00  1399,41
 70,09  20,00  1401,84
 68,80  20,00  1375,92
 67,05  20,00  1341,09
 68,15  20,00  1362,96
 65,12  20,00  1302,48
 67,35  20,00  1347,03
 69,23  20,00  1384,56
 68,92  20,00  1378,35
 69,77  20,00  1395,36
 69,07  20,00  1381,32
 68,47  20,00  1369,44
 72,37  20,00  1447,47
 68,55  20,00  1371,06
 66,80  20,00  1335,96
 66,27  20,00  1325,43
 69,11  20,00  1382,13
 70,58  20,00  1411,56
 69,77  20,00  1395,36
 67,62  20,00  1352,43
 66,74  20,00  1334,88
 62,87  21,00  1320,30
 64,52  21,00  1354,86
 69,35  21,00  1456,38
 68,99  21,00  1448,82
 66,30  21,00  1392,39
 64,09  21,00  1345,95
 64,61  21,00  1356,75
 65,26  21,00  1370,52
 64,23  21,00  1348,92
 66,09  21,00  1387,80
 66,39  21,00  1394,28
 63,48  21,00  1332,99
 61,96  21,00  1301,13
 62,04  21,00  1302,75
 69,08  21,00  1450,71
 63,00  21,00  1323,00
 62,22  21,00  1306,53
 66,12  21,00  1388,61
 66,12  21,00  1388,61
 65,98  21,00  1385,64
 63,66  21,00  1336,77
 63,72  21,00  1338,12
 59,77  21,00  1255,23
 65,67  21,00  1379,16
 65,76  21,00  1381,05
 65,03  21,00  1365,66
 64,61  21,00  1356,75
 63,57  21,00  1334,88
 62,68  21,00  1316,25
 66,24  21,00  1391,04
 66,65  21,00  1399,68
 61,07  21,00  1282,50
 65,47  21,00  1374,84
 67,08  21,00  1408,59
 65,82  21,00  1382,13
 62,82  21,00  1319,22
 61,53  21,00  1292,22
 61,07  21,00  1282,50
 63,69  21,00  1337,58
 63,37  21,00  1330,83
 63,77  21,00  1339,20
 59,25  22,00  1303,56
 63,73  22,00  1402,11
 59,73  22,00  1314,09
 62,70  22,00  1379,43
 62,60  22,00  1377,27
 59,77  22,00  1314,90
 61,95  22,00  1362,96
 63,17  22,00  1389,69
 58,18  22,00  1280,07
 63,71  22,00  1401,57
 61,14  22,00  1345,14
 62,05  22,00  1365,12
 61,00  22,00  1341,90
 65,23  22,00  1435,05
 62,47  22,00  1374,30
 60,87  22,00  1339,20
 63,30  22,00  1392,66
 58,75  22,00  1292,49
 57,45  22,00  1263,87
 60,96  22,00  1341,09
 60,47  22,00  1330,29
 61,85  22,00  1360,80
 62,16  22,00  1367,55
 58,11  22,00  1278,45
 59,07  22,00  1299,51
 60,37  22,00  1328,13
 62,76  22,00  1380,78
 60,31  22,00  1326,78
 61,09  22,00  1344,06
 63,01  22,00  1386,18
 59,62  22,00  1311,66
 60,00  22,00  1320,03
 57,47  22,00  1264,41
 62,22  22,00  1368,90
 59,38  22,00  1306,26
 60,34  22,00  1327,59
 60,39  22,00  1328,67
 61,62  22,00  1355,67
 59,46  22,00  1308,15
 61,11  22,00  1344,33
 58,43  22,00  1285,47
 60,66  23,00  1395,09
 55,63  23,00  1279,53
 57,16  23,00  1314,63
 57,69  23,00  1326,78
 57,43  23,00  1320,84
 56,66  23,00  1303,29
 58,31  23,00  1341,09
 59,45  23,00  1367,28
 59,78  23,00  1374,84
 56,20  23,00  1292,49
 58,71  23,00  1350,27
 57,80  23,00  1329,48
 57,55  23,00  1323,54
 58,03  23,00  1334,61
 55,76  23,00  1282,50
 60,16  23,00  1383,75
 57,20  23,00  1315,71
 58,92  23,00  1355,13
 60,26  23,00  1385,91
 57,10  23,00  1313,28
 57,86  23,00  1330,83
 58,04  23,00  1334,88
 56,88  23,00  1308,15
 55,91  23,00  1286,01
 57,92  23,00  1332,18
 60,35  23,00  1388,07
 57,99  23,00  1333,80
 59,44  23,00  1367,01
 54,92  23,00  1263,06
 56,57  23,00  1301,13
 58,31  23,00  1341,09
 56,93  23,00  1309,50
 61,63  23,00  1417,50
 61,09  23,00  1405,08
 54,27  23,00  1248,21
 56,62  23,00  1302,21
 58,84  23,00  1353,24
 56,81  23,00  1306,53
 58,90  23,00  1354,59
 60,37  23,00  1388,61
 57,28  23,00  1317,33
 54,54  24,00  1308,96
 56,14  24,00  1347,30
 53,34  24,00  1280,07
 54,55  24,00  1309,23
 56,13  24,00  1347,03
 55,97  24,00  1343,25
 53,31  24,00  1279,53
 56,91  24,00  1365,93
 54,37  24,00  1304,91
 54,24  24,00  1301,67
 59,21  24,00  1421,01
 56,61  24,00  1358,64
 55,90  24,00  1341,63
 52,98  24,00  1271,43
 56,64  24,00  1359,45
 56,34  24,00  1352,16
 53,45  24,00  1282,77
 55,72  24,00  1337,31
 54,08  24,00  1297,89
 53,58  24,00  1286,01
 54,98  24,00  1319,49
 53,37  24,00  1280,88
 54,44  24,00  1306,53
 52,48  24,00  1259,55
 52,56  24,00  1261,44
 50,17  24,00  1204,20
 52,81  24,00  1267,38
 54,58  24,00  1310,04
 54,43  24,00  1306,26
 58,58  24,00  1405,89
 56,26  24,00  1350,27
 54,06  24,00  1297,35
 53,84  24,00  1292,22
 53,92  24,00  1294,11
 52,51  24,00  1260,36
 56,69  24,00  1360,53
 54,90  24,00  1317,60
 54,66  24,00  1311,93
 52,09  24,00  1250,10
 52,40  24,00  1257,66
 56,59  24,00  1358,10
 51,05  25,00  1276,29
 49,65  25,00  1241,19
 50,03  25,00  1250,64
 49,92  25,00  1247,94
 50,40  25,00  1260,09
 52,29  25,00  1307,34
 50,08  25,00  1251,99
 55,48  25,00  1386,99
 52,76  25,00  1318,95
 50,57  25,00  1264,14
 50,82  25,00  1270,62
 53,91  25,00  1347,84
 54,50  25,00  1362,42
 52,54  25,00  1313,55
 54,54  25,00  1363,50
 50,18  25,00  1254,42
 50,22  25,00  1255,50
 51,33  25,00  1283,31
 53,36  25,00  1334,07
 52,56  25,00  1314,09
 54,09  25,00  1352,16
 51,67  25,00  1291,68
 51,15  25,00  1278,72
 51,05  25,00  1276,29
 53,44  25,00  1335,96
 50,94  25,00  1273,59
 51,39  25,00  1284,66
 51,04  25,00  1276,02
 51,98  25,00  1299,51
 52,53  25,00  1313,28
 50,76  25,00  1269,00
 52,83  25,00  1320,84
 52,83  25,00  1320,84
 50,95  25,00  1273,86
 53,41  25,00  1335,15
 52,13  25,00  1303,29
 49,38  25,00  1234,44
 50,98  25,00  1274,40
 52,48  25,00  1311,93
 53,14  25,00  1328,40
 52,87  25,00  1321,65
 49,77  26,00  1294,11
 51,21  26,00  1331,37
 48,10  26,00  1250,64
 52,35  26,00  1361,07
 51,11  26,00  1328,94
 48,41  26,00  1258,74
 49,48  26,00  1286,55
 46,83  26,00  1217,70
 49,31  26,00  1281,96
 50,76  26,00  1319,76
 49,40  26,00  1284,39
 48,82  26,00  1269,27
 48,60  26,00  1263,60
 50,28  26,00  1307,34
 48,60  26,00  1263,60
 48,79  26,00  1268,46
 51,07  26,00  1327,86
 51,46  26,00  1337,85
 48,53  26,00  1261,71
 47,36  26,00  1231,47
 51,13  26,00  1329,48
 47,85  26,00  1244,16
 48,84  26,00  1269,81
 48,68  26,00  1265,76
 49,07  26,00  1275,75
 51,86  26,00  1348,38
 50,40  26,00  1310,31
 49,17  26,00  1278,45
 51,62  26,00  1342,17
 51,38  26,00  1335,96
 49,60  26,00  1289,52
 48,92  26,00  1271,97
 48,12  26,00  1251,18
 49,76  26,00  1293,84
 48,09  26,00  1250,37
 50,64  26,00  1316,52
 50,02  26,00  1300,59
 49,37  26,00  1283,58
 49,30  26,00  1281,69
 50,05  26,00  1301,40
 48,38  26,00  1257,93
 48,83  27,00  1318,41
 48,37  27,00  1305,99
 44,58  27,00  1203,66
 50,65  27,00  1367,55
 48,33  27,00  1304,91
 45,58  27,00  1230,66
 47,42  27,00  1280,34
 47,88  27,00  1292,76
 47,56  27,00  1284,12
 47,42  27,00  1280,34
 47,63  27,00  1286,01
 48,81  27,00  1317,87
 45,71  27,00  1234,17
 47,88  27,00  1292,76
 44,32  27,00  1196,64
 48,11  27,00  1298,97
 45,94  27,00  1240,38
 47,40  27,00  1279,80
 48,38  27,00  1306,26
 48,60  27,00  1312,20
 46,86  27,00  1265,22
 49,14  27,00  1326,78
 47,29  27,00  1276,83
 44,63  27,00  1205,01
 47,24  27,00  1275,48
 48,62  27,00  1312,74
 47,02  27,00  1269,54
 42,94  27,00  1159,38
 47,02  27,00  1269,54
 48,78  27,00  1317,06
 46,03  27,00  1242,81
 46,07  27,00  1243,89
 47,19  27,00  1274,13
 47,61  27,00  1285,47
 46,23  27,00  1248,21
 45,60  27,00  1231,20
 46,24  27,00  1248,48
 45,62  27,00  1231,74
 48,62  27,00  1312,74
 46,91  27,00  1266,57
 46,99  27,00  1268,73
 43,64  28,00  1222,02
 45,28  28,00  1267,92
 44,88  28,00  1256,58
 45,52  28,00  1274,67
 44,31  28,00  1240,65
 45,38  28,00  1270,62
 44,63  28,00  1249,56
 44,57  28,00  1247,94
 45,32  28,00  1269,00
 46,22  28,00  1294,11
 47,08  28,00  1318,14
 43,29  28,00  1212,03
 44,10  28,00  1234,71
 46,06  28,00  1289,79
 44,00  28,00  1232,01
 44,82  28,00  1254,96
 44,90  28,00  1257,12
 43,47  28,00  1217,16
 42,94  28,00  1202,31
 42,98  28,00  1203,39
 43,33  28,00  1213,38
 47,34  28,00  1325,43
 44,05  28,00  1233,36
 45,12  28,00  1263,33
 45,48  28,00  1273,32
 44,76  28,00  1253,34
 44,05  28,00  1233,36
 44,90  28,00  1257,12
 45,83  28,00  1283,31
 45,13  28,00  1263,60
 41,48  28,00  1161,54
 42,96  28,00  1202,85
 45,56  28,00  1275,75
 46,38  28,00  1298,70
 44,56  28,00  1247,67
 46,18  28,00  1293,03
 44,63  28,00  1249,56
 46,26  28,00  1295,19
 47,23  28,00  1322,46
 43,00  28,00  1203,93
 44,61  28,00  1249,02
 42,84  29,00  1242,27
 40,94  29,00  1187,19
 43,06  29,00  1248,75
 45,86  29,00  1330,02
 41,47  29,00  1202,58
 42,63  29,00  1236,33
 42,59  29,00  1235,25
 44,10  29,00  1278,99
 42,32  29,00  1227,42
 42,47  29,00  1231,74
 42,27  29,00  1225,80
 43,79  29,00  1269,81
 42,04  29,00  1219,05
 42,08  29,00  1220,40
 43,39  29,00  1258,20
 40,74  29,00  1181,52
 42,43  29,00  1230,39
 43,33  29,00  1256,58
 42,04  29,00  1219,05
 40,66  29,00  1179,09
 42,08  29,00  1220,40
 41,81  29,00  1212,57
 43,00  29,00  1246,86
 41,28  29,00  1197,18
 43,15  29,00  1251,45
 41,65  29,00  1207,71
 40,54  29,00  1175,58
 44,65  29,00  1294,92
 43,18  29,00  1252,26
 42,95  29,00  1245,51
 43,89  29,00  1272,78
 39,88  29,00  1156,41
 43,38  29,00  1257,93
 43,24  29,00  1253,88
 44,16  29,00  1280,61
 41,08  29,00  1191,24
 42,03  29,00  1218,78
 45,20  29,00  1310,85
 42,79  29,00  1240,92
 40,71  29,00  1180,71
 43,75  29,00  1268,73
 43,66  30,00  1309,77
 43,85  30,00  1315,44
 39,37  30,00  1180,98
 41,40  30,00  1242,00
 41,75  30,00  1252,53
 41,86  30,00  1255,77
 41,01  30,00  1230,39
 40,67  30,00  1220,13
 40,29  30,00  1208,79
 41,44  30,00  1243,35
 38,99  30,00  1169,64
 41,58  30,00  1247,40
 41,06  30,00  1231,74
 40,91  30,00  1227,42
 39,94  30,00  1198,26
 40,38  30,00  1211,49
 40,70  30,00  1220,94
 39,64  30,00  1189,08
 41,80  30,00  1254,15
 40,80  30,00  1223,91
 39,16  30,00  1174,77
 39,37  30,00  1180,98
 41,58  30,00  1247,40
 37,94  30,00  1138,32
 38,83  30,00  1165,05
 39,34  30,00  1180,17
 38,71  30,00  1161,27
 41,56  30,00  1246,86
 41,66  30,00  1249,83
 41,74  30,00  1252,26
 40,45  30,00  1213,65
 39,78  30,00  1193,40
 41,17  30,00  1234,98
 39,97  30,00  1199,07
 41,33  30,00  1239,84
 40,94  30,00  1228,23
 40,19  30,00  1205,82
 42,36  30,00  1270,89
 39,56  30,00  1186,92
 40,44  30,00  1213,11
 39,79  30,00  1193,67
 40,41  31,00  1252,80
 37,67  31,00  1167,75
 38,42  31,00  1190,97
 39,55  31,00  1226,07
 37,44  31,00  1160,73
 38,85  31,00  1204,20
 41,13  31,00  1274,94
 40,40  31,00  1252,26
 39,55  31,00  1226,07
 39,53  31,00  1225,53
 40,48  31,00  1254,96
 39,84  31,00  1234,98
 40,56  31,00  1257,39
 39,03  31,00  1209,87
 38,58  31,00  1196,10
 39,10  31,00  1212,03
 41,28  31,00  1279,53
 41,68  31,00  1291,95
 37,14  31,00  1151,28
 37,38  31,00  1158,84
 38,83  31,00  1203,66
 39,55  31,00  1226,07
 40,53  31,00  1256,31
 39,00  31,00  1209,06
 38,80  31,00  1202,85
 40,45  31,00  1253,88
 39,26  31,00  1217,16
 36,71  31,00  1138,05
 39,94  31,00  1238,22
 38,63  31,00  1197,45
 37,61  31,00  1165,86
 40,83  31,00  1265,76
 39,66  31,00  1229,31
 37,60  31,00  1165,59
 38,40  31,00  1190,43
 39,22  31,00  1215,81
 38,48  31,00  1192,86
 38,00  31,00  1178,01
 41,14  31,00  1275,21
 36,08  31,00  1118,61
 38,31  31,00  1187,46
 38,83  32,00  1242,54
 38,03  32,00  1216,89
 37,52  32,00  1200,69
 36,37  32,00  1163,70
 38,11  32,00  1219,59
 37,39  32,00  1196,64
 36,85  32,00  1179,36
 38,79  32,00  1241,19
 39,21  32,00  1254,69
 36,39  32,00  1164,51
 38,38  32,00  1228,23
 37,69  32,00  1206,09
 38,57  32,00  1234,17
 37,10  32,00  1187,19
 37,50  32,00  1200,15
 36,85  32,00  1179,36
 37,37  32,00  1195,83
 35,88  32,00  1148,04
 39,69  32,00  1270,08
 35,08  32,00  1122,66
 36,43  32,00  1165,86
 34,86  32,00  1115,64
 38,19  32,00  1222,02
 38,60  32,00  1235,25
 36,80  32,00  1177,47
 35,24  32,00  1127,79
 36,96  32,00  1182,60
 36,52  32,00  1168,56
 35,29  32,00  1129,14
 37,15  32,00  1188,81
 36,10  32,00  1155,33
 36,57  32,00  1170,18
 37,61  32,00  1203,39
 38,12  32,00  1219,86
 37,02  32,00  1184,49
 37,72  32,00  1206,90
 37,65  32,00  1204,74
 36,66  32,00  1173,15
 35,58  32,00  1138,59
 37,70  32,00  1206,36
 34,46  32,00  1102,68
 34,27  33,00  1130,76
 35,57  33,00  1173,96
 34,93  33,00  1152,63
 36,29  33,00  1197,72
 33,59  33,00  1108,62
 34,93  33,00  1152,63
 35,54  33,00  1172,88
 36,59  33,00  1207,44
 36,45  33,00  1202,85
 35,62  33,00  1175,31
 37,81  33,00  1247,67
 36,73  33,00  1212,03
 36,61  33,00  1207,98
 33,86  33,00  1117,26
 35,63  33,00  1175,85
 32,80  33,00  1082,43
 35,93  33,00  1185,57
 34,72  33,00  1145,61
 36,92  33,00  1218,51
 34,59  33,00  1141,56
 36,14  33,00  1192,59
 35,36  33,00  1166,94
 33,04  33,00  1090,26
 35,57  33,00  1173,96
 36,56  33,00  1206,63
 35,00  33,00  1155,06
 36,29  33,00  1197,72
 35,58  33,00  1174,23
 36,05  33,00  1189,62
 35,04  33,00  1156,41
 34,93  33,00  1152,63
 37,25  33,00  1229,31
 36,65  33,00  1209,33
 36,55  33,00  1206,09
 34,13  33,00  1126,17
 34,62  33,00  1142,37
 33,83  33,00  1116,45
 36,27  33,00  1196,91
 34,86  33,00  1150,47
 35,52  33,00  1172,07
 36,25  33,00  1196,10
 33,18  34,00  1128,06
 33,99  34,00  1155,60
 32,38  34,00  1101,06
 31,16  34,00  1059,48
 35,29  34,00  1199,88
 34,87  34,00  1185,57
 34,22  34,00  1163,43
 33,88  34,00  1152,09
 35,80  34,00  1217,16
 34,46  34,00  1171,53
 34,06  34,00  1158,03
 34,35  34,00  1168,02
 33,08  34,00  1124,82
 33,07  34,00  1124,55
 34,62  34,00  1176,93
 36,00  34,00  1223,91
 34,30  34,00  1166,13
 33,57  34,00  1141,29
 34,12  34,00  1159,92
 34,69  34,00  1179,63
 34,42  34,00  1170,18
 34,91  34,00  1186,92
 34,40  34,00  1169,64
 33,57  34,00  1141,29
 35,37  34,00  1202,58
 34,30  34,00  1166,13
 33,41  34,00  1135,89
 34,48  34,00  1172,34
 34,03  34,00  1156,95
 34,03  34,00  1156,95
 34,96  34,00  1188,54
 34,05  34,00  1157,76
 32,48  34,00  1104,30
 34,20  34,00  1162,89
 33,77  34,00  1148,04
 34,04  34,00  1157,49
 35,07  34,00  1192,32
 32,87  34,00  1117,53
 34,07  34,00  1158,30
 32,88  34,00  1118,07
 33,85  34,00  1150,74
 33,08  35,00  1157,76
 33,06  35,00  1157,22
 32,86  35,00  1149,93
 32,18  35,00  1126,17
 32,62  35,00  1141,83
 33,02  35,00  1155,60
 31,36  35,00  1097,55
 33,81  35,00  1183,41
 33,40  35,00  1168,83
 32,94  35,00  1152,90
 33,58  35,00  1175,31
 33,94  35,00  1187,73
 33,00  35,00  1155,06
 34,41  35,00  1204,20
 32,62  35,00  1141,56
 33,43  35,00  1170,18
 33,19  35,00  1161,54
 32,05  35,00  1121,58
 32,99  35,00  1154,79
 33,44  35,00  1170,45
 32,78  35,00  1147,23
 32,79  35,00  1147,77
 32,53  35,00  1138,59
 32,99  35,00  1154,52
 33,75  35,00  1181,25
 31,80  35,00  1112,94
 31,58  35,00  1105,38
 33,87  35,00  1185,30
 33,30  35,00  1165,59
 32,91  35,00  1151,82
 30,74  35,00  1075,95
 32,20  35,00  1126,98
 31,40  35,00  1098,90
 33,60  35,00  1176,12
 32,59  35,00  1140,48
 32,32  35,00  1131,03
 33,08  35,00  1157,76
 34,15  35,00  1195,29
 33,41  35,00  1169,37
 33,70  35,00  1179,36
 33,98  35,00  1189,35
 30,10  36,00  1083,51
 30,89  36,00  1112,13
 30,98  36,00  1115,37
 30,75  36,00  1107,00
 31,55  36,00  1135,89
 32,06  36,00  1154,25
 30,55  36,00  1099,71
 31,48  36,00  1133,19
 31,81  36,00  1145,34
 31,12  36,00  1120,23
 30,42  36,00  1095,12
 30,45  36,00  1096,20
 29,23  36,00  1052,46
 29,83  36,00  1073,79
 31,06  36,00  1118,34
 32,08  36,00  1154,79
 32,68  36,00  1176,39
 29,87  36,00  1075,41
 29,38  36,00  1057,86
 30,67  36,00  1104,30
 31,54  36,00  1135,62
 30,97  36,00  1114,83
 32,44  36,00  1168,02
 30,13  36,00  1084,59
 32,46  36,00  1168,56
 31,12  36,00  1120,50
 29,75  36,00  1071,09
 31,49  36,00  1133,73
 31,40  36,00  1130,49
 32,35  36,00  1164,78
 30,61  36,00  1101,87
 30,85  36,00  1110,78
 32,97  36,00  1186,92
 30,63  36,00  1102,68
 31,06  36,00  1118,34
 30,52  36,00  1098,90
 32,00  36,00  1152,09
 30,10  36,00  1083,78
 30,97  36,00  1115,10
 31,40  36,00  1130,49
 32,53  36,00  1170,99
 30,45  37,00  1126,71
 30,33  37,00  1122,39
 30,79  37,00  1139,40
 30,67  37,00  1134,81
 29,74  37,00  1100,52
 30,02  37,00  1110,78
 29,09  37,00  1076,49
 29,47  37,00  1090,26
 30,89  37,00  1142,91
 30,52  37,00  1129,41
 31,44  37,00  1163,16
 30,47  37,00  1127,25
 30,28  37,00  1120,50
 28,47  37,00  1053,54
 29,88  37,00  1105,65
 29,19  37,00  1080,00
 30,15  37,00  1115,64
 30,66  37,00  1134,54
 29,29  37,00  1083,78
 30,10  37,00  1113,75
 28,93  37,00  1070,55
 30,64  37,00  1133,73
 30,93  37,00  1144,26
 31,33  37,00  1159,38
 29,34  37,00  1085,67
 29,73  37,00  1099,98
 29,62  37,00  1095,93
 29,46  37,00  1089,99
 30,41  37,00  1125,09
 29,97  37,00  1108,89
 30,57  37,00  1131,03
 29,98  37,00  1109,43
 30,83  37,00  1140,75
 29,50  37,00  1091,34
 30,95  37,00  1145,07
 29,85  37,00  1104,57
 30,60  37,00  1132,11
 30,58  37,00  1131,57
 30,25  37,00  1119,42
 28,95  37,00  1071,09
 28,93  37,00  1070,28
 28,88  38,00  1097,28
 29,04  38,00  1103,49
 28,47  38,00  1081,89
 28,71  38,00  1091,07
 29,40  38,00  1117,26
 27,40  38,00  1041,39
 28,16  38,00  1070,01
 28,68  38,00  1089,72
 29,11  38,00  1106,19
 29,20  38,00  1109,43
 29,49  38,00  1120,50
 29,10  38,00  1105,65
 30,28  38,00  1150,74
 28,63  38,00  1088,10
 28,51  38,00  1083,51
 28,12  38,00  1068,66
 28,46  38,00  1081,35
 29,31  38,00  1113,75
 28,62  38,00  1087,56
 30,27  38,00  1150,20
 29,29  38,00  1112,94
 29,64  38,00  1126,44
 29,86  38,00  1134,54
 29,96  38,00  1138,59
 28,15  38,00  1069,74
 28,49  38,00  1082,70
 29,51  38,00  1121,31
 28,60  38,00  1086,75
 29,44  38,00  1118,61
 30,49  38,00  1158,57
 30,17  38,00  1146,42
 28,51  38,00  1083,51
 29,22  38,00  1110,24
 28,72  38,00  1091,34
 28,55  38,00  1084,86
 29,66  38,00  1127,25
 29,63  38,00  1125,90
 28,29  38,00  1075,14
 27,87  38,00  1058,94
 29,20  38,00  1109,43
 27,73  38,00  1053,81
 28,57  39,00  1114,29
 29,58  39,00  1153,71
 28,08  39,00  1095,12
 27,74  39,00  1081,89
 27,08  39,00  1055,97
 28,07  39,00  1094,58
 28,02  39,00  1092,96
 28,57  39,00  1114,29
 28,43  39,00  1108,89
 28,55  39,00  1113,48
 27,39  39,00  1068,12
 27,80  39,00  1084,05
 27,35  39,00  1066,77
 28,43  39,00  1108,62
 28,77  39,00  1121,85
 28,25  39,00  1101,87
 27,15  39,00  1058,67
 26,85  39,00  1047,06
 28,83  39,00  1124,55
 27,50  39,00  1072,44
 27,67  39,00  1079,19
 28,42  39,00  1108,35
 28,73  39,00  1120,50
 28,50  39,00  1111,59
 27,09  39,00  1056,51
 29,19  39,00  1138,59
 28,14  39,00  1097,55
 27,55  39,00  1074,60
 28,50  39,00  1111,32
 28,03  39,00  1093,23
 27,75  39,00  1082,43
 27,62  39,00  1077,30
 28,25  39,00  1101,87
 27,70  39,00  1080,27
 28,25  39,00  1101,87
 28,64  39,00  1116,99
 27,01  39,00  1053,27
 30,15  39,00  1175,85
 28,02  39,00  1092,69
 27,54  39,00  1074,06
 27,46  39,00  1070,82
 25,73  40,00  1029,24
 26,01  40,00  1040,58
 26,81  40,00  1072,44
 26,30  40,00  1051,92
 26,57  40,00  1062,99
 26,95  40,00  1077,84
 27,03  40,00  1081,35
 23,87  40,00   954,72
 27,60  40,00  1104,03
 26,43  40,00  1057,05
 26,51  40,00  1060,29
 26,24  40,00  1049,76
 26,64  40,00  1065,42
 26,59  40,00  1063,53
 25,70  40,00  1027,89
 28,21  40,00  1128,33
 26,59  40,00  1063,80
 26,52  40,00  1060,83
 26,10  40,00  1044,09
 27,02  40,00  1080,81
 26,95  40,00  1078,11
 26,63  40,00  1065,15
 27,55  40,00  1101,87
 26,90  40,00  1075,95
 25,58  40,00  1023,30
 27,02  40,00  1080,81
 27,24  40,00  1089,72
 26,26  40,00  1050,30
 26,69  40,00  1067,58
 27,29  40,00  1091,61
 25,58  40,00  1023,30
 26,76  40,00  1070,55
 25,93  40,00  1037,34
 26,70  40,00  1067,85
 26,55  40,00  1061,91
 26,84  40,00  1073,79
 28,61  40,00  1144,53
 27,12  40,00  1084,86
 27,31  40,00  1092,42
 27,86  40,00  1114,56
 28,97  40,00  1158,84
 24,81  41,00  1017,36
 26,53  41,00  1087,56
 24,48  41,00  1003,86
 26,62  41,00  1091,61
 24,89  41,00  1020,33
 25,41  41,00  1041,93
 24,79  41,00  1016,28
 25,58  41,00  1048,68
 25,64  41,00  1051,11
 24,08  41,00   987,39
 25,97  41,00  1064,61
 25,17  41,00  1031,94
 24,64  41,00  1010,34
 25,95  41,00  1063,80
 25,83  41,00  1058,94
 26,31  41,00  1078,65
 25,84  41,00  1059,48
 26,64  41,00  1092,15
 24,58  41,00  1007,64
 25,66  41,00  1052,19
 25,19  41,00  1032,75
 25,48  41,00  1044,63
 25,38  41,00  1040,58
 26,99  41,00  1106,46
 25,58  41,00  1048,68
 26,02  41,00  1066,77
 25,12  41,00  1030,05
 25,17  41,00  1031,94
 25,14  41,00  1030,59
 25,91  41,00  1062,45
 26,49  41,00  1085,94
 25,58  41,00  1048,68
 25,25  41,00  1035,45
 24,92  41,00  1021,68
 25,41  41,00  1041,66
 25,77  41,00  1056,51
 25,89  41,00  1061,37
 24,58  41,00  1007,91
 25,97  41,00  1064,88
 26,64  41,00  1092,42
 26,05  41,00  1068,12
 25,66  42,00  1077,84
 24,85  42,00  1043,82
 25,06  42,00  1052,73
 24,02  42,00  1008,99
 24,60  42,00  1033,29
 24,12  42,00  1013,04
 24,91  42,00  1046,25
 25,46  42,00  1069,47
 26,29  42,00  1104,03
 25,10  42,00  1054,08
 24,25  42,00  1018,71
 24,31  42,00  1020,87
 24,96  42,00  1048,14
 25,33  42,00  1064,07
 23,43  42,00   984,15
 24,35  42,00  1022,76
 25,30  42,00  1062,72
 24,67  42,00  1035,99
 24,26  42,00  1018,98
 25,60  42,00  1075,14
 25,51  42,00  1071,36
 24,18  42,00  1015,47
 24,83  42,00  1042,74
 24,32  42,00  1021,41
 25,01  42,00  1050,57
 24,79  42,00  1041,39
 24,90  42,00  1045,98
 24,67  42,00  1035,99
 24,08  42,00  1011,42
 24,42  42,00  1025,46
 24,72  42,00  1038,42
 24,10  42,00  1012,23
 24,74  42,00  1038,96
 25,64  42,00  1076,76
 23,90  42,00  1003,86
 25,18  42,00  1057,59
 25,09  42,00  1053,81
 25,35  42,00  1064,88
 25,05  42,00  1052,19
 24,97  42,00  1048,68
 24,69  42,00  1037,07
 23,24  43,00   999,27
 23,23  43,00   999,00
 23,77  43,00  1022,22
 25,27  43,00  1086,48
 24,22  43,00  1041,66
 23,80  43,00  1023,57
 24,17  43,00  1039,50
 23,67  43,00  1017,63
 23,08  43,00   992,52
 23,89  43,00  1027,35
 23,63  43,00  1016,28
 23,56  43,00  1013,04
 23,21  43,00   998,19
 23,63  43,00  1016,01
 24,03  43,00  1033,29
 23,57  43,00  1013,58
 23,36  43,00  1004,67
 24,59  43,00  1057,32
 22,79  43,00   979,83
 24,52  43,00  1054,35
 23,57  43,00  1013,58
 23,65  43,00  1016,82
 23,65  43,00  1017,09
 23,14  43,00   994,95
 23,67  43,00  1017,63
 24,22  43,00  1041,39
 23,36  43,00  1004,40
 23,16  43,00   996,03
 24,84  43,00  1068,12
 23,81  43,00  1023,84
 24,15  43,00  1038,42
 24,05  43,00  1034,10
 24,31  43,00  1045,17
 24,55  43,00  1055,70
 23,44  43,00  1007,91
 24,19  43,00  1040,04
 24,83  43,00  1067,85
 23,77  43,00  1022,22
 22,98  43,00   988,20
 25,44  43,00  1093,77
 24,19  43,00  1040,31
 23,13  44,00  1017,63
 21,95  44,00   965,79
 23,32  44,00  1026,27
 23,79  44,00  1046,79
 22,45  44,00   987,66
 22,75  44,00  1001,16
 22,26  44,00   979,29
 22,40  44,00   985,50
 23,69  44,00  1042,20
 21,90  44,00   963,63
 24,48  44,00  1077,03
 22,64  44,00   996,03
 24,47  44,00  1076,49
 22,87  44,00  1006,29
 22,70  44,00   999,00
 21,93  44,00   964,71
 22,43  44,00   987,12
 23,42  44,00  1030,59
 22,94  44,00  1009,26
 22,57  44,00   993,06
 22,37  44,00   984,42
 23,74  44,00  1044,36
 22,70  44,00   999,00
 24,56  44,00  1080,81
 24,14  44,00  1062,18
 21,85  44,00   961,20
 23,77  44,00  1045,71
 22,19  44,00   976,32
 22,91  44,00  1007,91
 22,35  44,00   983,34
 23,52  44,00  1034,91
 23,56  44,00  1036,80
 23,69  44,00  1042,20
 22,37  44,00   984,42
 22,94  44,00  1009,26
 22,30  44,00   981,18
 23,32  44,00  1026,27
 23,37  44,00  1028,16
 23,06  44,00  1014,66
 23,38  44,00  1028,70
 22,37  44,00   984,15
 22,07  45,00   993,33
 22,35  45,00  1005,75
 21,81  45,00   981,45
 22,87  45,00  1028,97
 22,57  45,00  1015,47
 21,31  45,00   958,77
 21,94  45,00   987,12
 21,34  45,00   960,39
 22,40  45,00  1007,91
 21,96  45,00   988,20
 21,35  45,00   960,93
 21,81  45,00   981,45
 22,13  45,00   995,76
 21,43  45,00   964,17
 22,01  45,00   990,36
 22,31  45,00  1004,13
 21,01  45,00   945,54
 22,21  45,00   999,54
 22,69  45,00  1020,87
 21,12  45,00   950,40
 21,67  45,00   974,97
 21,71  45,00   976,86
 22,33  45,00  1004,67
 21,68  45,00   975,78
 21,95  45,00   987,66
 22,45  45,00  1010,34
 23,00  45,00  1034,91
 22,49  45,00  1012,23
 21,58  45,00   971,19
 22,32  45,00  1004,40
 21,62  45,00   973,08
 21,82  45,00   981,99
 22,83  45,00  1027,35
 21,92  45,00   986,31
 22,55  45,00  1014,93
 22,48  45,00  1011,69
 21,45  45,00   965,25
 23,14  45,00  1041,39
 22,34  45,00  1005,48
 22,52  45,00  1013,31
 20,89  45,00   939,87
 21,77  46,00  1001,43
 20,86  46,00   959,58
 21,38  46,00   983,61
 21,30  46,00   979,83
 20,80  46,00   956,88
 20,83  46,00   958,23
 21,72  46,00   999,27
 21,26  46,00   977,94
 20,58  46,00   946,62
 21,60  46,00   993,60
 20,39  46,00   937,98
 22,32  46,00  1026,54
 20,72  46,00   953,10
 21,06  46,00   968,76
 19,79  46,00   910,44
 21,90  46,00  1007,37
 22,64  46,00  1041,39
 21,08  46,00   969,84
 21,15  46,00   972,81
 21,66  46,00   996,57
 21,96  46,00  1010,34
 21,26  46,00   977,94
 20,36  46,00   936,36
 20,98  46,00   965,25
 21,76  46,00  1000,89
 21,08  46,00   969,84
 21,30  46,00   979,83
 21,44  46,00   986,04
 20,81  46,00   957,42
 22,07  46,00  1015,20
 21,79  46,00  1002,24
 20,87  46,00   960,12
 21,42  46,00   985,23
 21,16  46,00   973,35
 21,08  46,00   969,84
 21,34  46,00   981,45
 21,06  46,00   968,76
 21,07  46,00   969,30
 20,77  46,00   955,53
 21,08  46,00   969,57
 21,84  46,00  1004,67
 20,48  47,00   962,55
 18,66  47,00   877,23
 19,81  47,00   931,23
 20,28  47,00   953,10
 20,42  47,00   959,58
 20,12  47,00   945,54
 21,21  47,00   996,84
 21,13  47,00   993,06
 20,31  47,00   954,45
 20,56  47,00   966,33
 20,80  47,00   977,40
 19,64  47,00   922,86
 19,84  47,00   932,58
 19,50  47,00   916,38
 20,47  47,00   962,01
 19,91  47,00   935,55
 19,65  47,00   923,67
 20,58  47,00   967,14
 20,00  47,00   940,14
 19,45  47,00   914,22
 19,95  47,00   937,71
 20,45  47,00   961,20
 20,28  47,00   953,37
 20,72  47,00   973,89
 20,48  47,00   962,55
 20,71  47,00   973,35
 21,63  47,00  1016,82
 20,08  47,00   943,92
 20,74  47,00   974,70
 20,63  47,00   969,57
 20,99  47,00   986,31
 19,34  47,00   908,82
 20,19  47,00   949,05
 19,88  47,00   934,47
 19,23  47,00   903,96
 19,95  47,00   937,71
 20,41  47,00   959,04
 20,74  47,00   974,70
 19,55  47,00   918,81
 20,32  47,00   954,99
 20,09  47,00   944,46
 19,96  48,00   957,96
 20,00  48,00   959,85
 19,10  48,00   916,65
 19,86  48,00   953,10
 19,40  48,00   931,23
 20,17  48,00   967,95
 20,72  48,00   994,41
 19,81  48,00   950,67
 19,25  48,00   924,21
 20,00  48,00   959,85
 19,61  48,00   941,49
 19,93  48,00   956,61
 19,09  48,00   916,11
 19,24  48,00   923,40
 19,42  48,00   932,04
 19,33  48,00   927,99
 20,37  48,00   977,67
 20,13  48,00   966,06
 18,96  48,00   909,90
 19,31  48,00   926,91
 19,45  48,00   933,66
 19,50  48,00   936,09
 19,43  48,00   932,58
 19,03  48,00   913,68
 20,63  48,00   990,36
 18,69  48,00   897,21
 19,92  48,00   956,34
 19,45  48,00   933,39
 19,92  48,00   956,34
 19,42  48,00   932,04
 19,28  48,00   925,56
 20,22  48,00   970,65
 19,87  48,00   953,64
 19,60  48,00   940,68
 20,00  48,00   960,12
 19,42  48,00   932,04
 20,65  48,00   991,17
 19,90  48,00   955,26
 19,61  48,00   941,22
 18,80  48,00   902,34
 19,03  48,00   913,68
 19,00  49,00   930,96
 18,62  49,00   912,60
 19,65  49,00   963,09
 19,75  49,00   967,95
 18,48  49,00   905,58
 18,17  49,00   890,19
 19,04  49,00   932,85
 18,55  49,00   908,82
 19,04  49,00   932,85
 18,87  49,00   924,48
 18,96  49,00   928,80
 19,72  49,00   966,33
 18,94  49,00   927,99
 18,56  49,00   909,36
 17,99  49,00   881,55
 19,68  49,00   964,44
 18,21  49,00   892,08
 19,27  49,00   944,19
 18,63  49,00   912,87
 19,03  49,00   932,31
 18,72  49,00   917,19
 18,97  49,00   929,34
 19,29  49,00   945,00
 19,42  49,00   951,75
 18,96  49,00   929,07
 19,07  49,00   934,20
 18,78  49,00   920,43
 18,46  49,00   904,50
 18,83  49,00   922,59
 18,56  49,00   909,36
 18,30  49,00   896,94
 18,87  49,00   924,75
 18,82  49,00   922,05
 18,62  49,00   912,60
 18,68  49,00   915,30
 18,96  49,00   929,07
 19,55  49,00   957,96
 19,40  49,00   950,40
 18,86  49,00   923,94
 19,32  49,00   946,62
 18,43  49,00   902,88
 18,21  50,00   910,71
 18,24  50,00   911,79
 18,33  50,00   916,38
 17,44  50,00   871,83
 18,49  50,00   924,75
 18,04  50,00   901,80
 17,63  50,00   881,55
 18,49  50,00   924,75
 19,35  50,00   967,68
 18,49  50,00   924,75
 18,05  50,00   902,61
 18,90  50,00   945,00
 17,66  50,00   882,90
 18,43  50,00   921,51
 17,76  50,00   888,03
 18,06  50,00   902,88
 18,26  50,00   913,14
 19,01  50,00   950,67
 18,03  50,00   901,26
 19,08  50,00   953,91
 18,35  50,00   917,73
 18,78  50,00   939,06
 17,95  50,00   897,48
 17,74  50,00   887,22
 18,34  50,00   916,92
 17,26  50,00   863,19
 18,09  50,00   904,50
 17,66  50,00   882,90
 17,99  50,00   899,64
 17,53  50,00   876,69
 18,17  50,00   908,28
 18,47  50,00   923,40
 18,13  50,00   906,66
 17,95  50,00   897,48
 18,10  50,00   904,77
 18,18  50,00   909,09
 18,32  50,00   915,84
 18,66  50,00   933,12
 18,93  50,00   946,62
 18,79  50,00   939,60
 18,18  50,00   908,82
 18,02  51,00   918,81
 17,24  51,00   879,39
 17,75  51,00   905,04
 17,46  51,00   890,46
 17,08  51,00   871,02
 17,43  51,00   888,84
 17,48  51,00   891,54
 17,24  51,00   879,39
 17,75  51,00   905,04
 17,76  51,00   905,85
 17,47  51,00   891,00
 17,62  51,00   898,56
 17,78  51,00   906,93
 17,25  51,00   879,66
 16,85  51,00   859,41
 18,09  51,00   922,59
 18,63  51,00   950,13
 17,95  51,00   915,57
 16,95  51,00   864,54
 17,26  51,00   880,20
 17,24  51,00   879,39
 17,62  51,00   898,83
 16,65  51,00   849,15
 18,12  51,00   924,21
 17,27  51,00   880,74
 17,23  51,00   878,58
 17,97  51,00   916,65
 17,98  51,00   916,92
 17,87  51,00   911,52
 17,16  51,00   875,34
 17,67  51,00   900,99
 17,29  51,00   881,55
 18,61  51,00   949,32
 18,38  51,00   937,17
 17,26  51,00   880,47
 17,95  51,00   915,57
 17,50  51,00   892,35
 17,85  51,00   910,17
 17,87  51,00   911,25
 17,89  51,00   912,60
 17,14  51,00   873,99
 16,54  52,00   859,95
 17,24  52,00   896,67
 17,72  52,00   921,51
 17,04  52,00   886,14
 17,33  52,00   900,99
 16,46  52,00   855,90
 16,23  52,00   843,75
 16,90  52,00   878,85
 16,62  52,00   864,00
 16,89  52,00   878,31
 16,85  52,00   876,42
 17,07  52,00   887,76
 16,39  52,00   852,39
 17,60  52,00   915,03
 15,98  52,00   830,79
 17,17  52,00   892,62
 16,83  52,00   875,34
 16,66  52,00   866,16
 17,03  52,00   885,33
 16,66  52,00   866,43
 16,84  52,00   875,88
 16,93  52,00   880,47
 17,19  52,00   893,97
 17,10  52,00   889,38
 17,06  52,00   887,22
 16,82  52,00   874,53
 16,51  52,00   858,60
 17,03  52,00   885,60
 16,70  52,00   868,59
 17,16  52,00   892,08
 17,09  52,00   888,57
 16,73  52,00   869,94
 16,77  52,00   871,83
 17,16  52,00   892,35
 16,09  52,00   836,73
 17,36  52,00   902,61
 16,84  52,00   875,88
 16,76  52,00   871,29
 16,99  52,00   883,44
 16,22  52,00   843,48
 17,21  52,00   894,78
 16,52  53,00   875,34
 16,63  53,00   881,55
 16,34  53,00   866,16
 16,19  53,00   858,33
 16,53  53,00   876,15
 16,78  53,00   889,11
 15,90  53,00   842,94
 15,88  53,00   841,59
 15,97  53,00   846,18
 15,73  53,00   833,76
 16,22  53,00   859,68
 16,03  53,00   849,69
 16,51  53,00   875,07
 16,84  53,00   892,35
 16,40  53,00   869,13
 16,09  53,00   852,93
 16,42  53,00   870,21
 16,46  53,00   872,37
 16,06  53,00   851,04
 16,50  53,00   874,26
 16,67  53,00   883,44
 16,89  53,00   895,05
 15,90  53,00   842,94
 15,96  53,00   845,64
 16,20  53,00   858,60
 16,12  53,00   854,55
 16,28  53,00   862,65
 16,17  53,00   857,25
 16,46  53,00   872,64
 16,05  53,00   850,77
 16,39  53,00   868,59
 16,39  53,00   868,86
 16,04  53,00   850,23
 16,50  53,00   874,53
 16,41  53,00   869,67
 16,29  53,00   863,19
 16,71  53,00   885,87
 16,18  53,00   857,52
 16,16  53,00   856,71
 15,43  53,00   817,83
 16,01  53,00   848,61
 15,72  54,00   849,15
 15,82  54,00   854,55
 16,08  54,00   868,32
 14,88  54,00   803,52
 14,94  54,00   807,03
 15,16  54,00   818,64
 15,04  54,00   812,43
 15,44  54,00   833,76
 15,21  54,00   821,61
 15,13  54,00   817,02
 16,19  54,00   874,26
 16,22  54,00   876,15
 15,19  54,00   820,26
 15,47  54,00   835,65
 15,34  54,00   828,63
 15,65  54,00   845,37
 16,48  54,00   890,19
 15,66  54,00   845,64
 15,03  54,00   811,89
 15,76  54,00   851,31
 15,60  54,00   842,40
 16,17  54,00   873,18
 16,30  54,00   880,47
 15,17  54,00   819,18
 15,79  54,00   852,66
 15,34  54,00   828,63
 15,98  54,00   863,19
 15,45  54,00   834,57
 14,92  54,00   805,68
 15,10  54,00   815,67
 15,99  54,00   863,46
 15,73  54,00   849,69
 15,52  54,00   838,08
 15,37  54,00   830,25
 15,75  54,00   850,77
 15,56  54,00   840,51
 15,22  54,00   821,88
 15,08  54,00   814,32
 15,11  54,00   816,21
 15,87  54,00   857,25
 15,89  54,00   858,06
 15,50  55,00   852,39
 14,75  55,00   811,08
 15,61  55,00   858,33
 15,29  55,00   840,78
 15,05  55,00   827,82
 15,48  55,00   851,58
 14,74  55,00   810,81
 15,27  55,00   839,70
 14,79  55,00   813,24
 14,94  55,00   821,61
 15,15  55,00   833,22
 15,33  55,00   842,94
 14,98  55,00   824,04
 15,14  55,00   832,68
 14,66  55,00   806,49
 15,17  55,00   834,30
 15,51  55,00   853,20
 14,92  55,00   820,53
 15,22  55,00   837,00
 15,31  55,00   842,13
 15,02  55,00   826,20
 14,90  55,00   819,45
 15,43  55,00   848,88
 15,30  55,00   841,32
 15,10  55,00   830,52
 15,80  55,00   868,86
 15,23  55,00   837,54
 15,26  55,00   839,43
 15,08  55,00   829,44
 15,31  55,00   842,13
 15,31  55,00   841,86
 15,12  55,00   831,87
 14,99  55,00   824,31
 14,83  55,00   815,40
 15,22  55,00   837,27
 14,90  55,00   819,72
 15,26  55,00   839,43
 15,23  55,00   837,81
 14,86  55,00   817,56
 15,20  55,00   836,19
 15,45  55,00   849,69
 14,97  56,00   838,35
 14,28  56,00   799,74
 14,36  56,00   804,06
 14,34  56,00   803,25
 14,19  56,00   794,61
 14,71  56,00   824,04
 13,77  56,00   771,39
 14,71  56,00   823,50
 14,87  56,00   832,68
 14,61  56,00   818,10
 14,04  56,00   786,24
 14,84  56,00   830,79
 14,01  56,00   784,62
 14,31  56,00   801,36
 14,11  56,00   790,02
 14,87  56,00   832,95
 14,65  56,00   820,26
 14,82  56,00   829,98
 14,75  56,00   825,93
 14,26  56,00   798,39
 14,81  56,00   829,17
 14,64  56,00   819,72
 14,55  56,00   814,86
 14,35  56,00   803,52
 15,03  56,00   841,59
 14,42  56,00   807,30
 14,55  56,00   814,59
 14,40  56,00   806,49
 14,86  56,00   832,41
 14,26  56,00   798,39
 14,47  56,00   810,54
 14,68  56,00   821,88
 14,95  56,00   837,27
 14,15  56,00   792,18
 14,54  56,00   814,32
 15,00  56,00   839,97
 14,37  56,00   804,87
 14,71  56,00   824,04
 15,12  56,00   846,72
 14,72  56,00   824,31
 14,49  56,00   811,62
 13,50  57,00   769,50
 14,43  57,00   822,42
 13,60  57,00   775,44
 13,93  57,00   793,80
 14,16  57,00   807,30
 13,57  57,00   773,28
 13,93  57,00   793,80
 13,47  57,00   767,88
 14,50  57,00   826,47
 13,52  57,00   770,58
 14,03  57,00   799,74
 13,81  57,00   787,05
 13,98  57,00   796,77
 13,52  57,00   770,85
 14,22  57,00   810,54
 14,24  57,00   811,89
 14,54  57,00   828,90
 13,95  57,00   795,42
 13,51  57,00   770,04
 14,19  57,00   808,65
 13,38  57,00   762,75
 13,76  57,00   784,08
 14,41  57,00   821,34
 13,79  57,00   786,24
 13,83  57,00   788,13
 14,19  57,00   808,92
 13,70  57,00   781,11
 13,99  57,00   797,31
 13,86  57,00   790,29
 14,12  57,00   804,87
 14,03  57,00   799,47
 14,17  57,00   807,57
 14,02  57,00   799,20
 14,08  57,00   802,71
 14,32  57,00   816,48
 13,59  57,00   774,63
 13,35  57,00   761,13
 13,48  57,00   768,42
 14,03  57,00   799,74
 14,19  57,00   808,65
 14,27  57,00   813,24
 13,69  58,00   794,07
 13,55  58,00   785,70
 13,29  58,00   770,58
 12,96  58,00   751,68
 13,84  58,00   802,98
 13,79  58,00   799,74
 12,94  58,00   750,60
 13,15  58,00   762,75
 13,34  58,00   773,82
 13,41  58,00   777,60
 13,47  58,00   781,38
 13,80  58,00   800,55
 13,36  58,00   775,17
 13,88  58,00   805,14
 13,82  58,00   801,63
 13,41  58,00   777,60
 13,92  58,00   807,30
 13,82  58,00   801,36
 13,56  58,00   786,51
 13,44  58,00   779,49
 13,16  58,00   763,29
 13,34  58,00   773,55
 13,29  58,00   770,85
 13,54  58,00   785,16
 13,97  58,00   810,54
 14,02  58,00   813,24
 13,60  58,00   788,94
 13,57  58,00   786,78
 13,59  58,00   788,40
 12,82  58,00   743,58
 12,99  58,00   753,57
 13,18  58,00   764,37
 13,18  58,00   764,37
 13,62  58,00   790,02
 13,59  58,00   788,13
 12,84  58,00   744,66
 13,43  58,00   779,22
 13,35  58,00   774,36
 13,31  58,00   772,20
 13,65  58,00   791,91
 13,55  58,00   785,97
 12,83  59,00   757,08
 13,31  59,00   785,16
 12,91  59,00   761,94
 12,80  59,00   755,19
 12,93  59,00   763,02
 13,01  59,00   767,61
 12,77  59,00   753,57
 12,54  59,00   739,80
 13,43  59,00   792,45
 12,98  59,00   765,99
 12,95  59,00   763,83
 12,44  59,00   733,86
 12,70  59,00   749,52
 12,95  59,00   764,10
 12,71  59,00   750,06
 12,86  59,00   758,70
 12,98  59,00   765,72
 12,94  59,00   763,29
 12,93  59,00   762,75
 12,81  59,00   755,73
 13,32  59,00   785,97
 13,07  59,00   770,85
 12,61  59,00   744,12
 12,55  59,00   740,61
 13,08  59,00   771,66
 12,91  59,00   761,67
 12,92  59,00   762,21
 12,85  59,00   758,16
 12,42  59,00   733,05
 13,07  59,00   771,12
 13,38  59,00   789,48
 12,61  59,00   743,85
 12,93  59,00   763,02
 13,18  59,00   777,60
 13,27  59,00   783,00
 12,61  59,00   743,85
 12,93  59,00   762,75
 13,10  59,00   772,74
 13,19  59,00   778,41
 12,80  59,00   755,19
 12,90  59,00   761,13
 12,28  60,00   736,83
 12,11  60,00   726,84
 12,22  60,00   733,05
 12,20  60,00   732,24
 13,08  60,00   784,89
 12,42  60,00   745,20
 12,46  60,00   747,63
 12,67  60,00   760,32
 11,78  60,00   706,86
 12,06  60,00   723,33
 13,03  60,00   781,92
 12,55  60,00   752,76
 12,69  60,00   761,67
 12,60  60,00   756,00
 12,20  60,00   732,24
 11,96  60,00   717,66
 12,44  60,00   746,55
 12,63  60,00   757,62
 12,74  60,00   764,64
 12,28  60,00   737,10
 12,16  60,00   729,54
 11,99  60,00   719,55
 12,57  60,00   754,38
 12,35  60,00   741,15
 12,07  60,00   724,41
 12,36  60,00   741,42
 12,75  60,00   764,91
 12,29  60,00   737,64
 12,15  60,00   729,27
 12,06  60,00   723,87
 12,44  60,00   746,28
 12,38  60,00   743,04
 11,91  60,00   714,42
 12,17  60,00   730,08
 12,35  60,00   741,15
 12,56  60,00   753,57
 12,96  60,00   777,60
 12,98  60,00   778,68
 12,03  60,00   721,71
 12,61  60,00   756,81
 11,97  60,00   718,20
 11,51  61,00   702,27
 12,07  61,00   736,56
 11,65  61,00   710,37
 11,97  61,00   730,35
 11,55  61,00   704,70
 11,79  61,00   719,01
 11,90  61,00   725,76
 12,02  61,00   733,32
 12,37  61,00   754,38
 12,13  61,00   739,80
 12,02  61,00   733,32
 12,19  61,00   743,85
 11,97  61,00   730,35
 12,11  61,00   738,99
 11,89  61,00   725,49
 11,85  61,00   723,06
 11,86  61,00   723,60
 11,88  61,00   724,95
 11,94  61,00   728,46
 11,66  61,00   711,45
 11,65  61,00   710,64
 11,98  61,00   730,89
 11,94  61,00   728,19
 12,15  61,00   741,42
 12,03  61,00   733,59
 12,06  61,00   735,48
 11,93  61,00   727,92
 12,11  61,00   738,45
 11,85  61,00   723,06
 11,72  61,00   714,69
 11,79  61,00   719,28
 11,73  61,00   715,50
 11,94  61,00   728,19
 12,19  61,00   743,31
 12,15  61,00   740,88
 12,02  61,00   733,32
 12,20  61,00   744,12
 11,76  61,00   717,12
 11,80  61,00   719,55
 12,02  61,00   733,05
 12,10  61,00   738,18
 11,77  62,00   729,54
 11,59  62,00   718,74
 11,40  62,00   706,59
 11,65  62,00   722,25
 11,76  62,00   729,00
 11,72  62,00   726,84
 11,43  62,00   708,48
 11,56  62,00   716,85
 11,47  62,00   710,91
 11,52  62,00   714,15
 11,81  62,00   731,97
 11,25  62,00   697,41
 11,44  62,00   709,29
 11,55  62,00   716,04
 11,64  62,00   721,98
 11,38  62,00   705,78
 11,51  62,00   713,61
 11,78  62,00   730,62
 11,22  62,00   695,52
 11,46  62,00   710,37
 11,45  62,00   710,10
 11,40  62,00   706,86
 10,84  62,00   672,03
 11,31  62,00   701,19
 11,62  62,00   720,36
 11,71  62,00   725,76
 11,58  62,00   717,66
 11,44  62,00   709,56
 11,37  62,00   705,24
 11,14  62,00   690,93
 11,81  62,00   731,97
 11,23  62,00   696,06
 11,20  62,00   694,71
 11,28  62,00   699,30
 11,92  62,00   739,26
 11,85  62,00   734,40
 11,28  62,00   699,57
 11,84  62,00   734,13
 11,76  62,00   729,00
 11,65  62,00   722,52
 11,47  62,00   710,91
 11,37  63,00   716,58
 10,98  63,00   691,74
 10,51  63,00   662,04
 11,02  63,00   694,17
 11,07  63,00   697,14
 10,65  63,00   670,68
 11,16  63,00   702,81
 11,64  63,00   733,05
 11,08  63,00   697,95
 10,88  63,00   685,26
 11,02  63,00   694,17
 10,92  63,00   687,96
 10,50  63,00   661,50
 11,22  63,00   707,13
 11,41  63,00   719,01
 11,23  63,00   707,40
 11,50  63,00   724,68
 10,91  63,00   687,42
 11,19  63,00   704,97
 11,25  63,00   708,48
 10,71  63,00   674,73
 10,52  63,00   662,58
 11,37  63,00   716,31
 10,96  63,00   690,39
 11,13  63,00   700,92
 10,79  63,00   679,59
 10,94  63,00   689,31
 11,07  63,00   697,41
 11,07  63,00   697,14
 11,01  63,00   693,36
 11,10  63,00   699,03
 10,65  63,00   671,22
 10,80  63,00   680,40
 10,89  63,00   686,07
 11,31  63,00   712,53
 11,06  63,00   696,87
 11,47  63,00   722,79
 10,68  63,00   672,84
 10,78  63,00   679,32
 11,10  63,00   699,57
 10,90  63,00   686,88
 10,74  64,00   687,42
 10,85  64,00   694,44
 10,45  64,00   668,52
 10,21  64,00   653,67
 10,15  64,00   649,89
 10,87  64,00   695,79
 10,42  64,00   667,17
 10,91  64,00   697,95
 11,23  64,00   719,01
 10,58  64,00   677,43
 10,53  64,00   673,65
 10,96  64,00   701,73
 10,55  64,00   675,00
 10,70  64,00   684,99
 10,39  64,00   664,74
 10,76  64,00   688,77
 10,38  64,00   664,20
 10,82  64,00   692,28
 10,11  64,00   647,19
 10,32  64,00   660,42
 10,83  64,00   693,36
 10,77  64,00   689,04
 10,35  64,00   662,31
 10,73  64,00   686,61
 11,09  64,00   709,56
 10,77  64,00   689,31
 10,64  64,00   680,67
 10,95  64,00   700,92
 10,48  64,00   670,95
 10,43  64,00   667,44
 10,79  64,00   690,39
  9,92  64,00   634,77
 10,52  64,00   673,38
 10,99  64,00   703,62
 10,75  64,00   687,96
 10,69  64,00   683,91
 10,53  64,00   674,19
 10,33  64,00   660,96
 10,17  64,00   650,70
 10,51  64,00   672,84
 10,75  64,00   688,23
 10,55  65,00   686,07
 10,05  65,00   653,40
 10,06  65,00   653,94
  9,97  65,00   647,73
  9,84  65,00   639,36
  9,80  65,00   637,20
  9,85  65,00   640,17
 10,35  65,00   672,84
 10,68  65,00   694,44
 10,21  65,00   663,39
 10,04  65,00   652,59
 10,43  65,00   677,70
 10,26  65,00   667,17
 10,29  65,00   668,79
  9,93  65,00   645,57
 10,27  65,00   667,44
  9,80  65,00   637,20
  9,99  65,00   649,08
  9,93  65,00   645,57
 10,52  65,00   683,64
  9,90  65,00   643,68
 10,03  65,00   651,78
 10,43  65,00   678,24
 10,11  65,00   657,45
 10,31  65,00   670,14
  9,87  65,00   641,52
 10,46  65,00   679,59
 10,14  65,00   659,07
 10,11  65,00   656,91
 10,26  65,00   666,63
 10,31  65,00   670,41
 10,28  65,00   668,52
 10,06  65,00   653,94
  9,94  65,00   646,11
 10,04  65,00   652,32
  9,95  65,00   646,65
 10,18  65,00   661,77
  9,77  65,00   635,04
 10,17  65,00   661,23
 10,09  65,00   656,10
 10,07  65,00   654,75
  9,37  66,00   618,57
  9,88  66,00   651,78
 10,23  66,00   675,27
 10,15  66,00   669,87
  9,70  66,00   640,17
 10,23  66,00   675,00
  9,55  66,00   630,18
  9,83  66,00   649,08
  9,82  66,00   648,00
  9,67  66,00   638,28
 10,16  66,00   670,41
  9,75  66,00   643,68
  9,69  66,00   639,63
  9,69  66,00   639,63
  9,83  66,00   648,54
  9,78  66,00   645,30
 10,04  66,00   662,58
  9,31  66,00   614,25
 10,21  66,00   673,92
  9,85  66,00   650,43
  9,55  66,00   630,45
  9,43  66,00   622,62
  9,84  66,00   649,62
  9,74  66,00   642,87
  9,79  66,00   646,38
 10,04  66,00   662,85
 10,19  66,00   672,30
  9,68  66,00   639,09
  9,57  66,00   631,80
  9,55  66,00   630,45
  9,96  66,00   657,45
  9,81  66,00   647,73
  9,55  66,00   630,18
  9,95  66,00   656,91
  9,62  66,00   634,77
  9,61  66,00   634,23
  9,56  66,00   630,72
  9,40  66,00   620,19
  9,61  66,00   633,96
  9,95  66,00   656,64
  9,47  66,00   624,78
  9,33  67,00   625,05
  9,07  67,00   607,77
  9,25  67,00   619,92
  9,55  67,00   640,17
  9,32  67,00   624,24
  9,18  67,00   614,79
  9,50  67,00   636,66
  9,43  67,00   632,07
  9,32  67,00   624,51
  9,34  67,00   625,86
  9,33  67,00   624,78
  9,23  67,00   618,57
  9,43  67,00   632,07
  9,10  67,00   609,39
  9,30  67,00   622,89
  9,53  67,00   638,55
  9,89  67,00   662,58
  9,12  67,00   611,01
  9,27  67,00   621,27
  9,51  67,00   637,47
  9,36  67,00   627,21
  9,36  67,00   627,21
  9,32  67,00   624,51
  9,68  67,00   648,27
  9,43  67,00   632,07
  9,03  67,00   604,80
  9,18  67,00   615,06
  9,11  67,00   610,20
  9,37  67,00   627,48
  9,26  67,00   620,19
  9,63  67,00   645,03
  9,48  67,00   635,31
  9,61  67,00   643,68
  9,60  67,00   642,87
 10,08  67,00   675,27
  9,40  67,00   629,64
  9,26  67,00   620,46
  8,72  67,00   584,55
  9,21  67,00   616,95
  9,48  67,00   635,04
  9,09  67,00   608,85
  9,11  68,00   619,65
  9,35  68,00   635,85
  9,00  68,00   611,82
  9,05  68,00   615,60
  9,10  68,00   618,84
  9,16  68,00   622,62
  9,47  68,00   644,22
  8,87  68,00   603,18
  9,08  68,00   617,22
  8,80  68,00   598,32
  9,04  68,00   615,06
  9,05  68,00   615,33
  8,92  68,00   606,42
  9,05  68,00   615,60
  8,76  68,00   595,89
  8,89  68,00   604,26
  8,87  68,00   603,18
  9,21  68,00   626,13
  8,89  68,00   604,53
  8,86  68,00   602,64
  8,83  68,00   600,75
  9,12  68,00   620,46
  8,92  68,00   606,42
  8,88  68,00   603,99
  9,19  68,00   625,05
  9,20  68,00   625,59
  9,03  68,00   613,71
  9,24  68,00   628,02
  8,70  68,00   591,84
  9,01  68,00   612,63
  8,93  68,00   606,96
  9,20  68,00   625,32
  8,89  68,00   604,80
  8,88  68,00   603,72
  9,11  68,00   619,65
  9,04  68,00   615,06
  9,23  68,00   627,75
  8,77  68,00   596,70
  8,68  68,00   589,95
  8,81  68,00   599,40
  8,71  68,00   592,38
  8,66  69,00   597,78
  8,60  69,00   593,46
  8,41  69,00   579,96
  8,77  69,00   605,07
  8,63  69,00   595,62
  8,46  69,00   583,47
  8,72  69,00   601,56
  8,64  69,00   595,89
  8,46  69,00   583,74
  8,44  69,00   582,39
  8,70  69,00   600,21
  8,39  69,00   578,61
  8,53  69,00   588,87
  8,45  69,00   582,93
  8,44  69,00   582,66
  8,60  69,00   593,46
  8,73  69,00   602,64
  8,44  69,00   582,12
  8,52  69,00   588,06
  8,35  69,00   576,18
  8,69  69,00   599,94
  8,22  69,00   567,00
  8,46  69,00   583,74
  8,25  69,00   569,43
  8,50  69,00   586,17
  8,81  69,00   608,04
  8,56  69,00   590,49
  8,60  69,00   593,19
  8,68  69,00   598,59
  8,41  69,00   579,96
  8,57  69,00   591,30
  8,63  69,00   595,35
  8,80  69,00   606,96
  8,42  69,00   581,04
  8,67  69,00   598,05
  8,84  69,00   609,66
  8,53  69,00   588,87
  8,55  69,00   589,95
  8,36  69,00   576,72
  8,37  69,00   577,80
  8,40  69,00   579,69
  8,43  70,00   590,22
  8,33  70,00   583,20
  7,92  70,00   554,31
  8,23  70,00   575,91
  8,00  70,00   559,98
  8,31  70,00   581,58
  8,15  70,00   570,51
  8,36  70,00   585,09
  8,29  70,00   580,23
  8,06  70,00   564,30
  8,11  70,00   567,54
  8,22  70,00   575,37
  8,36  70,00   585,36
  8,28  70,00   579,42
  8,50  70,00   595,08
  8,23  70,00   576,18
  8,12  70,00   568,35
  8,08  70,00   565,65
  7,92  70,00   554,31
  8,20  70,00   574,02
  7,98  70,00   558,90
  8,27  70,00   578,61
  8,29  70,00   580,50
  8,15  70,00   570,24
  8,41  70,00   588,87
  8,32  70,00   582,66
  8,37  70,00   586,17
  8,39  70,00   586,98
  7,94  70,00   555,66
  8,21  70,00   574,83
  8,22  70,00   575,10
  8,44  70,00   590,49
  8,25  70,00   577,26
  8,35  70,00   584,28
  8,35  70,00   584,28
  7,86  70,00   549,99
  8,37  70,00   585,90
  8,21  70,00   574,83
  8,20  70,00   574,29
  8,25  70,00   577,80
  8,29  70,00   579,96
  7,91  71,00   561,33
  7,61  71,00   540,54
  7,76  71,00   550,80
  8,07  71,00   572,67
  8,06  71,00   572,13
  7,74  71,00   549,72
  8,01  71,00   568,62
  8,16  71,00   579,69
  7,83  71,00   555,66
  7,64  71,00   542,16
  7,83  71,00   555,93
  7,96  71,00   565,38
  8,04  71,00   571,05
  7,67  71,00   544,59
  8,09  71,00   574,56
  7,70  71,00   546,75
  8,16  71,00   579,69
  7,95  71,00   564,30
  7,99  71,00   567,54
  7,75  71,00   550,53
  7,83  71,00   555,93
  7,83  71,00   556,20
  8,01  71,00   568,89
  7,85  71,00   557,28
  7,96  71,00   565,38
  7,55  71,00   536,22
  7,87  71,00   558,90
  8,05  71,00   571,32
  8,08  71,00   573,48
  8,06  71,00   572,40
  7,87  71,00   558,63
  7,81  71,00   554,31
  7,50  71,00   532,71
  7,90  71,00   560,79
  7,68  71,00   545,40
  7,67  71,00   544,32
  8,21  71,00   583,20
  8,05  71,00   571,32
  7,97  71,00   565,92
  7,64  71,00   542,43
  7,80  71,00   553,77
  7,43  72,00   534,87
  7,42  72,00   534,60
  7,13  72,00   513,54
  7,14  72,00   514,35
  7,64  72,00   549,99
  7,27  72,00   523,80
  7,23  72,00   520,56
  7,35  72,00   529,20
  7,14  72,00   514,35
  7,12  72,00   513,00
  7,57  72,00   545,40
  7,39  72,00   531,90
  7,48  72,00   538,65
  7,39  72,00   532,44
  7,08  72,00   510,03
  7,51  72,00   540,54
  7,68  72,00   552,96
  7,26  72,00   522,99
  7,37  72,00   530,82
  7,38  72,00   531,36
  7,41  72,00   533,79
  7,39  72,00   531,90
  7,53  72,00   542,16
  7,21  72,00   518,94
  7,23  72,00   520,29
  7,55  72,00   543,78
  7,37  72,00   530,55
  7,48  72,00   538,38
  7,38  72,00   531,63
  7,81  72,00   562,68
  7,44  72,00   535,68
  7,67  72,00   552,42
  7,28  72,00   524,34
  7,32  72,00   527,31
  7,16  72,00   515,43
  7,30  72,00   525,69
  7,11  72,00   511,65
  7,41  72,00   533,79
  7,12  72,00   512,46
  7,30  72,00   525,69
  7,23  72,00   520,83
  6,85  73,00   500,04
  7,19  73,00   525,15
  7,05  73,00   514,35
  7,26  73,00   530,28
  7,14  73,00   521,10
  7,10  73,00   518,13
  7,29  73,00   531,90
  7,02  73,00   512,46
  7,02  73,00   512,19
  7,20  73,00   525,96
  7,07  73,00   515,97
  7,37  73,00   538,11
  7,00  73,00   511,11
  7,26  73,00   530,01
  7,33  73,00   535,14
  7,13  73,00   520,29
  7,08  73,00   516,51
  7,14  73,00   521,37
  7,13  73,00   520,83
  6,89  73,00   503,28
  6,96  73,00   508,14
  6,86  73,00   500,85
  7,06  73,00   515,70
  7,23  73,00   528,12
  7,00  73,00   511,11
  7,13  73,00   520,29
  7,09  73,00   517,32
  7,12  73,00   519,48
  7,09  73,00   517,86
  6,84  73,00   498,96
  7,18  73,00   523,80
  7,10  73,00   518,40
  6,85  73,00   500,04
  7,02  73,00   512,46
  7,02  73,00   512,19
  7,08  73,00   517,05
  6,84  73,00   499,23
  7,33  73,00   535,14
  6,99  73,00   510,57
  7,02  73,00   512,73
  7,09  73,00   517,32
  6,82  74,00   504,63
  6,70  74,00   495,45
  6,64  74,00   491,67
  6,67  74,00   493,83
  6,90  74,00   510,84
  6,90  74,00   510,30
  6,77  74,00   501,12
  6,95  74,00   514,35
  6,86  74,00   507,60
  6,86  74,00   507,60
  6,48  74,00   479,79
  6,75  74,00   499,77
  6,89  74,00   510,03
  6,68  74,00   494,10
  6,85  74,00   506,79
  6,87  74,00   508,68
  6,69  74,00   494,91
  6,82  74,00   504,63
  6,86  74,00   507,60
  6,68  74,00   494,37
  6,78  74,00   501,93
  6,68  74,00   494,10
  6,88  74,00   509,49
  6,52  74,00   482,49
  6,89  74,00   510,03
  6,83  74,00   505,71
  6,63  74,00   490,86
  6,97  74,00   515,70
  6,40  74,00   473,85
  6,55  74,00   484,38
  6,78  74,00   501,93
  6,82  74,00   504,90
  6,70  74,00   495,99
  6,90  74,00   510,30
  6,58  74,00   487,08
  6,59  74,00   487,62
  6,89  74,00   510,03
  6,47  74,00   478,71
  6,59  74,00   487,35
  6,88  74,00   509,49
  6,72  74,00   497,61
  6,70  75,00   502,47
  6,35  75,00   476,55
  6,48  75,00   486,00
  6,26  75,00   469,26
  6,31  75,00   473,31
  6,26  75,00   469,80
  6,58  75,00   493,29
  6,30  75,00   472,77
  6,32  75,00   473,85
  6,32  75,00   474,12
  6,39  75,00   479,52
  6,47  75,00   485,46
  6,74  75,00   505,71
  6,37  75,00   477,63
  6,65  75,00   498,42
  6,42  75,00   481,14
  6,39  75,00   479,25
  6,34  75,00   475,47
  6,43  75,00   482,49
  6,47  75,00   485,19
  6,42  75,00   481,41
  6,47  75,00   485,19
  6,40  75,00   480,06
  6,65  75,00   498,42
  6,47  75,00   485,19
  6,62  75,00   496,53
  6,53  75,00   490,05
  6,61  75,00   495,72
  6,47  75,00   484,92
  6,65  75,00   498,42
  6,51  75,00   488,16
  6,52  75,00   488,70
  6,65  75,00   498,69
  6,54  75,00   490,59
  6,42  75,00   481,68
  6,29  75,00   471,69
  6,42  75,00   481,41
  6,27  75,00   470,07
  6,45  75,00   483,84
  6,59  75,00   494,37
  6,41  75,00   480,87
  5,93  76,00   450,36
  6,22  76,00   472,50
  6,20  76,00   471,15
  5,85  76,00   444,69
  6,16  76,00   468,18
  6,11  76,00   464,67
  6,05  76,00   460,08
  6,04  76,00   459,00
  5,93  76,00   450,90
  6,24  76,00   474,39
  5,89  76,00   447,66
  6,31  76,00   479,25
  6,16  76,00   467,91
  6,33  76,00   481,14
  6,12  76,00   465,21
  6,09  76,00   462,78
  6,22  76,00   472,77
  6,06  76,00   460,89
  5,97  76,00   453,87
  6,34  76,00   482,22
  6,17  76,00   468,99
  6,18  76,00   469,80
  6,14  76,00   466,56
  6,33  76,00   481,14
  6,06  76,00   460,62
  6,25  76,00   474,93
  6,12  76,00   465,48
  6,26  76,00   475,47
  6,31  76,00   479,52
  6,08  76,00   462,24
  5,99  76,00   455,22
  6,16  76,00   467,91
  6,16  76,00   468,18
  6,16  76,00   468,18
  6,16  76,00   468,18
  5,93  76,00   450,36
  6,24  76,00   474,39
  6,39  76,00   486,00
  6,14  76,00   466,56
  6,36  76,00   483,30
  6,25  76,00   475,20
  5,73  77,00   440,91
  5,81  77,00   447,39
  5,86  77,00   451,44
  5,88  77,00   453,06
  5,60  77,00   430,92
  5,96  77,00   459,27
  5,83  77,00   449,28
  5,84  77,00   449,82
  6,10  77,00   469,53
  5,59  77,00   430,65
  5,64  77,00   434,43
  5,72  77,00   440,64
  5,88  77,00   453,06
  5,67  77,00   436,32
  6,01  77,00   462,51
  5,65  77,00   435,24
  5,74  77,00   441,99
  5,78  77,00   444,96
  5,80  77,00   446,31
  5,67  77,00   436,32
  5,75  77,00   442,53
  5,70  77,00   439,02
  5,96  77,00   458,73
  5,84  77,00   449,82
  5,42  77,00   417,69
  5,61  77,00   431,73
  5,96  77,00   459,00
  5,64  77,00   434,43
  5,88  77,00   453,06
  5,59  77,00   430,11
  5,91  77,00   455,22
  5,47  77,00   421,47
  5,67  77,00   436,32
  5,66  77,00   435,51
  5,85  77,00   450,63
  5,64  77,00   434,16
  5,65  77,00   434,97
  5,85  77,00   450,36
  5,51  77,00   424,44
  5,86  77,00   450,90
  5,78  77,00   444,96
  5,66  78,00   441,45
  5,28  78,00   412,02
  5,41  78,00   421,74
  5,58  78,00   434,97
  5,44  78,00   424,44
  5,57  78,00   434,16
  5,59  78,00   436,32
  5,40  78,00   421,47
  5,66  78,00   441,72
  5,60  78,00   437,13
  5,74  78,00   447,39
  5,55  78,00   432,81
  5,41  78,00   422,28
  5,58  78,00   435,24
  5,59  78,00   436,05
  5,74  78,00   447,93
  5,53  78,00   431,19
  5,28  78,00   412,02
  5,55  78,00   432,81
  5,47  78,00   426,87
  5,46  78,00   425,79
  5,62  78,00   438,75
  5,54  78,00   432,00
  5,49  78,00   427,95
  5,49  78,00   428,22
  5,77  78,00   450,36
  5,37  78,00   418,77
  5,69  78,00   444,15
  5,52  78,00   430,38
  5,37  78,00   419,04
  5,53  78,00   431,46
  5,56  78,00   433,35
  5,25  78,00   409,86
  5,57  78,00   434,16
  5,27  78,00   410,94
  5,69  78,00   443,88
  5,58  78,00   434,97
  5,56  78,00   433,35
  5,59  78,00   436,32
  5,62  78,00   438,75
  5,67  78,00   442,53
  5,29  79,00   417,96
  5,16  79,00   407,97
  5,18  79,00   409,32
  5,13  79,00   405,54
  5,23  79,00   413,37
  5,39  79,00   426,06
  5,11  79,00   403,65
  5,26  79,00   415,26
  5,26  79,00   415,26
  5,24  79,00   413,91
  5,24  79,00   413,91
  5,21  79,00   411,48
  5,27  79,00   416,34
  5,27  79,00   416,61
  5,27  79,00   416,61
  5,23  79,00   412,83
  5,16  79,00   407,70
  5,31  79,00   419,58
  5,18  79,00   409,05
  5,10  79,00   402,57
  5,28  79,00   416,88
  5,18  79,00   409,59
  5,28  79,00   416,88
  5,09  79,00   401,76
  5,07  79,00   400,14
  5,11  79,00   403,38
  5,24  79,00   414,18
  5,29  79,00   417,69
  5,44  79,00   430,11
  5,25  79,00   414,99
  5,22  79,00   412,29
  5,36  79,00   423,36
  5,34  79,00   422,01
  5,35  79,00   422,28
  5,18  79,00   409,05
  5,30  79,00   419,04
  5,26  79,00   415,53
  5,25  79,00   414,45
  5,23  79,00   412,83
  5,22  79,00   412,02
  5,17  79,00   408,78
  4,95  80,00   395,82
  5,08  80,00   406,62
  4,97  80,00   397,44
  4,91  80,00   392,58
  5,03  80,00   402,30
  5,09  80,00   407,16
  4,97  80,00   397,71
  5,04  80,00   403,38
  4,74  80,00   378,81
  4,98  80,00   398,25
  4,83  80,00   386,37
  5,05  80,00   403,92
  4,76  80,00   380,70
  5,06  80,00   404,73
  4,79  80,00   382,86
  5,10  80,00   407,70
  4,90  80,00   392,31
  4,96  80,00   396,63
  4,81  80,00   384,75
  4,83  80,00   386,37
  4,94  80,00   395,01
  5,03  80,00   402,03
  5,04  80,00   403,11
  5,01  80,00   400,68
  5,12  80,00   409,86
  5,04  80,00   403,11
  4,92  80,00   393,39
  4,97  80,00   397,44
  4,94  80,00   395,55
  4,94  80,00   395,55
  5,01  80,00   400,41
  4,82  80,00   385,83
  5,01  80,00   400,95
  4,94  80,00   395,28
  4,87  80,00   389,88
  4,95  80,00   396,09
  4,85  80,00   387,99
  4,97  80,00   397,71
  4,90  80,00   392,31
  4,96  80,00   397,17
  4,98  80,00   398,79
  4,70  81,00   380,70
  4,56  81,00   369,36
  4,62  81,00   373,95
  4,64  81,00   375,57
  4,52  81,00   366,12
  4,77  81,00   386,64
  4,62  81,00   373,95
  4,68  81,00   379,08
  4,72  81,00   382,05
  4,69  81,00   380,16
  4,75  81,00   385,02
  4,75  81,00   384,75
  4,43  81,00   358,83
  4,71  81,00   381,78
  4,61  81,00   373,14
  4,75  81,00   384,75
  4,60  81,00   372,87
  4,70  81,00   380,97
  4,62  81,00   374,49
  4,84  81,00   392,31
  4,82  81,00   390,42
  4,59  81,00   372,06
  4,68  81,00   379,35
  4,63  81,00   374,76
  4,71  81,00   381,24
  4,76  81,00   385,29
  4,56  81,00   369,36
  4,55  81,00   368,82
  4,56  81,00   369,09
  4,65  81,00   376,65
  4,67  81,00   378,54
  4,68  81,00   379,35
  4,56  81,00   369,63
  4,81  81,00   389,34
  4,46  81,00   361,26
  4,74  81,00   383,67
  4,71  81,00   381,24
  4,55  81,00   368,82
  4,65  81,00   376,65
  4,52  81,00   366,39
  4,66  81,00   377,73
  4,15  82,00   339,93
  4,30  82,00   352,62
  4,43  82,00   363,15
  4,33  82,00   355,32
  4,31  82,00   353,70
  4,26  82,00   349,65
  4,40  82,00   360,72
  4,29  82,00   352,08
  4,37  82,00   358,56
  4,39  82,00   360,18
  4,36  82,00   357,48
  4,50  82,00   369,09
  4,26  82,00   349,38
  4,35  82,00   356,67
  4,55  82,00   373,41
  4,54  82,00   372,60
  4,40  82,00   360,45
  4,23  82,00   347,22
  4,27  82,00   350,19
  4,46  82,00   365,85
  4,31  82,00   353,16
  4,31  82,00   353,43
  4,20  82,00   344,25
  4,47  82,00   366,66
  4,35  82,00   356,40
  4,25  82,00   348,84
  4,37  82,00   358,02
  4,30  82,00   352,35
  4,52  82,00   370,71
  4,39  82,00   359,64
  4,32  82,00   354,51
  4,44  82,00   363,69
  4,57  82,00   375,03
  4,45  82,00   364,50
  4,25  82,00   348,57
  4,28  82,00   351,00
  4,43  82,00   363,42
  4,35  82,00   356,94
  4,37  82,00   358,56
  4,43  82,00   363,15
  4,31  82,00   353,16
  4,22  83,00   350,19
  4,10  83,00   340,47
  4,11  83,00   340,74
  4,20  83,00   348,30
  4,19  83,00   347,76
  4,04  83,00   335,34
  4,08  83,00   338,31
  4,12  83,00   341,82
  4,03  83,00   334,26
  4,20  83,00   348,84
  3,98  83,00   329,94
  4,05  83,00   335,88
  4,10  83,00   339,93
  4,01  83,00   332,91
  4,09  83,00   339,39
  4,16  83,00   345,33
  4,09  83,00   339,66
  4,12  83,00   342,09
  3,99  83,00   331,56
  4,01  83,00   332,91
  4,23  83,00   351,00
  4,06  83,00   336,69
  4,18  83,00   346,68
  4,24  83,00   352,08
  4,18  83,00   347,22
  4,05  83,00   336,42
  4,14  83,00   343,71
  4,26  83,00   353,70
  4,16  83,00   345,06
  4,06  83,00   336,69
  4,08  83,00   338,31
  4,19  83,00   347,76
  4,13  83,00   342,63
  4,08  83,00   338,58
  4,07  83,00   338,04
  4,21  83,00   349,65
  4,06  83,00   337,23
  4,21  83,00   349,38
  4,08  83,00   338,85
  4,16  83,00   345,60
  4,24  83,00   351,81
  3,71  84,00   311,58
  3,59  84,00   301,59
  3,66  84,00   307,26
  3,82  84,00   321,03
  3,81  84,00   319,68
  3,79  84,00   318,33
  3,79  84,00   318,60
  3,85  84,00   323,73
  3,68  84,00   309,15
  3,87  84,00   325,08
  3,72  84,00   312,39
  3,81  84,00   319,95
  3,92  84,00   329,67
  3,64  84,00   305,91
  3,91  84,00   328,59
  3,73  84,00   313,20
  3,71  84,00   311,31
  3,75  84,00   315,09
  3,73  84,00   312,93
  3,80  84,00   318,87
  3,88  84,00   325,62
  3,65  84,00   306,72
  3,63  84,00   304,56
  3,73  84,00   313,74
  3,84  84,00   322,65
  3,73  84,00   312,93
  3,79  84,00   318,06
  3,60  84,00   302,40
  3,75  84,00   314,82
  3,61  84,00   302,94
  3,67  84,00   308,61
  3,78  84,00   317,79
  3,55  84,00   298,08
  3,81  84,00   319,68
  3,80  84,00   318,87
  3,86  84,00   324,54
  3,92  84,00   329,67
  3,75  84,00   315,09
  3,80  84,00   318,87
  3,89  84,00   326,97
  3,82  84,00   321,03
  3,47  85,00   294,84
  3,36  85,00   285,93
  3,46  85,00   293,76
  3,57  85,00   303,75
  3,47  85,00   295,11
  3,46  85,00   294,03
  3,50  85,00   297,54
  3,50  85,00   297,27
  3,31  85,00   281,61
  3,55  85,00   301,86
  3,49  85,00   296,73
  3,44  85,00   292,68
  3,60  85,00   305,91
  3,37  85,00   286,20
  3,53  85,00   300,24
  3,50  85,00   297,81
  3,61  85,00   306,72
  3,57  85,00   303,75
  3,46  85,00   293,76
  3,55  85,00   301,86
  3,54  85,00   300,51
  3,58  85,00   304,29
  3,69  85,00   313,47
  3,47  85,00   294,57
  3,48  85,00   295,38
  3,43  85,00   291,87
  3,62  85,00   307,53
  3,50  85,00   297,54
  3,51  85,00   298,62
  3,54  85,00   300,51
  3,52  85,00   299,16
  3,51  85,00   298,08
  3,57  85,00   303,21
  3,56  85,00   302,40
  3,52  85,00   299,43
  3,49  85,00   296,46
  3,55  85,00   302,13
  3,54  85,00   301,32
  3,51  85,00   298,62
  3,43  85,00   291,60
  3,47  85,00   295,11
  3,22  86,00   277,29
  3,25  86,00   279,72
  3,20  86,00   275,40
  3,31  86,00   284,85
  3,25  86,00   279,72
  3,21  86,00   276,21
  3,06  86,00   263,25
  3,13  86,00   268,92
  3,16  86,00   271,62
  3,14  86,00   270,00
  3,19  86,00   274,05
  3,24  86,00   278,64
  3,21  86,00   276,48
  3,27  86,00   281,61
  3,18  86,00   273,78
  3,20  86,00   275,40
  3,32  86,00   285,39
  3,27  86,00   281,07
  3,11  86,00   267,84
  3,31  86,00   284,85
  3,33  86,00   286,47
  3,18  86,00   273,78
  3,25  86,00   279,45
  3,25  86,00   279,45
  3,12  86,00   268,38
  3,30  86,00   283,77
  3,21  86,00   276,21
  3,14  86,00   269,73
  3,23  86,00   277,83
  3,23  86,00   277,83
  3,26  86,00   280,53
  3,30  86,00   283,77
  3,28  86,00   282,42
  3,26  86,00   279,99
  3,30  86,00   283,50
  3,14  86,00   270,27
  3,24  86,00   278,64
  3,19  86,00   274,59
  3,33  86,00   286,74
  3,23  86,00   277,56
  3,24  86,00   278,91
  3,05  87,00   265,14
  2,81  87,00   244,62
  3,00  87,00   261,09
  2,94  87,00   255,69
  2,90  87,00   251,91
  2,95  87,00   256,50
  2,96  87,00   257,58
  2,95  87,00   256,77
  2,91  87,00   253,53
  2,90  87,00   251,91
  2,89  87,00   251,64
  3,05  87,00   265,68
  3,05  87,00   265,14
  2,99  87,00   260,55
  2,95  87,00   256,50
  3,16  87,00   275,13
  2,92  87,00   254,07
  3,10  87,00   270,00
  2,98  87,00   259,20
  2,93  87,00   255,15
  2,83  87,00   246,51
  2,80  87,00   243,81
  3,06  87,00   266,22
  3,08  87,00   268,11
  3,09  87,00   268,65
  3,15  87,00   274,05
  2,99  87,00   260,55
  2,99  87,00   259,74
  2,86  87,00   249,21
  3,08  87,00   268,11
  2,92  87,00   253,80
  3,02  87,00   262,71
  3,00  87,00   261,36
  2,99  87,00   260,01
  3,08  87,00   267,84
  3,17  87,00   275,40
  2,98  87,00   259,47
  3,08  87,00   268,11
  3,12  87,00   271,08
  3,01  87,00   261,63
  2,92  87,00   254,34
  2,71  88,00   238,68
  2,74  88,00   241,11
  2,76  88,00   242,46
  2,76  88,00   242,73
  2,82  88,00   248,13
  2,74  88,00   241,38
  2,66  88,00   234,09
  2,64  88,00   232,20
  2,63  88,00   231,12
  2,79  88,00   245,43
  2,65  88,00   233,55
  2,60  88,00   228,96
  2,77  88,00   243,54
  2,75  88,00   241,92
  2,68  88,00   236,25
  2,70  88,00   237,87
  2,69  88,00   237,06
  2,80  88,00   246,51
  2,74  88,00   241,38
  2,81  88,00   247,05
  2,74  88,00   241,11
  2,66  88,00   233,82
  2,68  88,00   236,25
  2,68  88,00   235,44
  2,78  88,00   244,89
  2,67  88,00   234,63
  2,73  88,00   240,30
  2,82  88,00   248,13
  2,70  88,00   237,60
  2,67  88,00   234,63
  2,84  88,00   249,75
  2,72  88,00   239,22
  2,68  88,00   236,25
  2,58  88,00   227,07
  2,64  88,00   232,47
  2,69  88,00   236,79
  2,88  88,00   253,26
  2,74  88,00   240,84
  2,70  88,00   237,60
  2,75  88,00   242,19
  2,78  88,00   244,62
  2,38  89,00   211,95
  2,40  89,00   213,30
  2,45  89,00   217,62
  2,36  89,00   210,06
  2,46  89,00   218,70
  2,44  89,00   217,35
  2,49  89,00   221,40
  2,38  89,00   211,41
  2,44  89,00   217,35
  2,51  89,00   223,83
  2,54  89,00   226,26
  2,48  89,00   220,32
  2,45  89,00   218,16
  2,47  89,00   219,78
  2,47  89,00   220,05
  2,47  89,00   219,78
  2,47  89,00   220,05
  2,56  89,00   228,15
  2,44  89,00   216,81
  2,43  89,00   216,27
  2,39  89,00   213,03
  2,39  89,00   213,03
  2,36  89,00   210,33
  2,44  89,00   217,35
  2,32  89,00   206,28
  2,48  89,00   220,59
  2,52  89,00   224,10
  2,36  89,00   210,06
  2,42  89,00   215,73
  2,57  89,00   228,69
  2,38  89,00   212,22
  2,39  89,00   212,76
  2,37  89,00   210,87
  2,39  89,00   212,76
  2,62  89,00   232,74
  2,42  89,00   215,46
  2,44  89,00   217,35
  2,58  89,00   230,04
  2,53  89,00   225,45
  2,56  89,00   227,88
  2,32  89,00   206,82
  2,25  90,00   202,50
  2,17  90,00   195,75
  2,21  90,00   198,72
  2,19  90,00   197,10
  2,20  90,00   197,91
  2,26  90,00   203,31
  2,26  90,00   203,04
  2,24  90,00   201,42
  2,15  90,00   193,32
  2,33  90,00   210,06
  2,26  90,00   203,04
  2,19  90,00   197,10
  2,29  90,00   206,55
  2,27  90,00   204,12
  2,25  90,00   202,50
  2,31  90,00   208,17
  2,28  90,00   205,20
  2,29  90,00   205,74
  2,26  90,00   203,58
  2,19  90,00   196,83
  2,25  90,00   202,23
  2,30  90,00   207,36
  2,19  90,00   197,10
  2,33  90,00   209,52
  2,28  90,00   205,47
  2,19  90,00   196,83
  2,24  90,00   201,42
  2,25  90,00   202,23
  2,27  90,00   204,66
  2,22  90,00   200,07
  2,27  90,00   204,66
  2,19  90,00   197,37
  2,25  90,00   202,77
  2,13  90,00   191,70
  2,25  90,00   202,50
  2,26  90,00   203,85
  2,25  90,00   202,77
  2,25  90,00   202,23
  2,17  90,00   194,94
  2,26  90,00   203,31
  2,31  90,00   207,90
