131.76 1.0 131.76
130.14001 1.0 130.14001
132.56999 1.0 132.56999
132.56999 1.0 132.56999
131.49 1.0 131.49
129.87 1.0 129.87
132.56999 1.0 132.56999
130.14 1.0 130.14
130.41 1.0 130.41
131.48999 1.0 131.48999
132.30002 1.0 132.30002
132.3 1.0 132.3
130.68001 1.0 130.68001
130.95 1.0 130.95
133.11 1.0 133.11
132.03 1.0 132.03
128.25 1.0 128.25
132.3 1.0 132.3
130.41 1.0 130.41
131.48999 1.0 131.48999
131.76 1.0 131.76
132.57 1.0 132.57
132.29999 1.0 132.29999
130.41 1.0 130.41
131.76 1.0 131.76
130.94998 1.0 130.94998
133.92001 1.0 133.92001
131.22 1.0 131.22
131.22 1.0 131.22
131.76 1.0 131.76
131.49 1.0 131.49
132.84 1.0 132.84
131.49 1.0 131.49
131.76 1.0 131.76
132.29999 1.0 132.29999
132.57 1.0 132.57
132.84 1.0 132.84
132.03 1.0 132.03
132.84 1.0 132.84
130.68 1.0 130.68
130.68002 1.0 130.68002
263.79004 2.0 131.89502
263.79004 2.0 131.89502
265.68002 2.0 132.84001
264.87003 2.0 132.43501
262.17 2.0 131.085
265.41 2.0 132.705
262.17004 2.0 131.08502
260.55002 2.0 130.27501
265.95 2.0 132.975
262.71002 2.0 131.35501
262.44 2.0 131.22
263.79004 2.0 131.89502
262.98 2.0 131.49
262.98004 2.0 131.49002
265.14 2.0 132.57
262.71002 2.0 131.35501
265.41003 2.0 132.70502
263.79 2.0 131.895
264.06 2.0 132.03
264.06 2.0 132.03
264.87006 2.0 132.43503
264.60004 2.0 132.30002
261.09003 2.0 130.54501
264.6 2.0 132.3
261.63004 2.0 130.81502
263.79 2.0 131.895
265.68002 2.0 132.84001
266.22003 2.0 133.11002
260.55002 2.0 130.27501
261.09003 2.0 130.54501
261.63 2.0 130.815
265.95 2.0 132.975
264.33002 2.0 132.16501
265.14 2.0 132.57
262.17004 2.0 131.08502
264.06003 2.0 132.03001
263.79 2.0 131.895
259.47003 2.0 129.73502
266.76 2.0 133.38
260.27997 2.0 130.13998
264.33002 2.0 132.16501
395.2801 3.0 131.76003
396.36005 3.0 132.12001
393.12006 3.0 131.04002
398.2501 3.0 132.75003
392.85004 3.0 130.95001
393.66 3.0 131.22
393.93008 3.0 131.31003
398.78998 3.0 132.93
393.39008 3.0 131.13002
394.74005 3.0 131.58002
395.55002 3.0 131.85
395.82007 3.0 131.94002
396.90002 3.0 132.3
399.33005 3.0 133.11002
394.20007 3.0 131.40002
398.25006 3.0 132.75002
394.74 3.0 131.58
395.55005 3.0 131.85002
393.39008 3.0 131.13002
396.63 3.0 132.21
394.20007 3.0 131.40002
395.2801 3.0 131.76003
396.63007 3.0 132.21002
392.31006 3.0 130.77002
393.66003 3.0 131.22002
389.88007 3.0 129.96002
394.47006 3.0 131.49002
392.58008 3.0 130.86003
394.74005 3.0 131.58002
395.82007 3.0 131.94002
395.01 3.0 131.67
396.09003 3.0 132.03001
398.79004 3.0 132.93001
393.39008 3.0 131.13002
392.31006 3.0 130.77002
394.47006 3.0 131.49002
393.66003 3.0 131.22002
393.93005 3.0 131.31001
392.31 3.0 130.77
394.47006 3.0 131.49002
395.55002 3.0 131.85
524.07 4.0 131.0175
523.52997 4.0 130.88249
525.15015 4.0 131.28754
524.33997 4.0 131.08499
524.88 4.0 131.22
528.12 4.0 132.03
524.33997 4.0 131.08499
526.76996 4.0 131.69249
527.31 4.0 131.8275
522.45 4.0 130.6125
522.72003 4.0 130.68001
522.72003 4.0 130.68001
522.72 4.0 130.68
523.2599 4.0 130.81497
526.76996 4.0 131.69249
527.85 4.0 131.9625
525.15 4.0 131.2875
527.04 4.0 131.76
527.85004 4.0 131.96251
527.57996 4.0 131.89499
524.88 4.0 131.22
522.45 4.0 130.6125
527.85 4.0 131.9625
527.57996 4.0 131.89499
526.5 4.0 131.625
522.99 4.0 130.7475
522.99 4.0 130.7475
525.42004 4.0 131.35501
523.8001 4.0 130.95003
530.81995 4.0 132.70499
521.91003 4.0 130.47751
524.34 4.0 131.085
529.2 4.0 132.3
526.2299 4.0 131.55748
527.58 4.0 131.895
525.6899 4.0 131.42247
527.57996 4.0 131.89499
523.7999 4.0 130.94998
521.91 4.0 130.4775
525.42 4.0 131.355
523.80005 4.0 130.95001
659.61 5.0 131.922
658.26 5.0 131.65201
653.3999 5.0 130.67998
659.3399 5.0 131.86798
655.02 5.0 131.004
657.18005 5.0 131.436
656.9099 5.0 131.38199
654.4799 5.0 130.89598
654.48 5.0 130.896
658.2599 5.0 131.65198
657.44995 5.0 131.48999
658.53 5.0 131.70601
655.02 5.0 131.004
658.5299 5.0 131.70598
655.02 5.0 131.004
656.90985 5.0 131.38197
650.9701 5.0 130.19402
661.49994 5.0 132.29999
656.36993 5.0 131.27399
653.3999 5.0 130.67998
656.9101 5.0 131.38202
649.8899 5.0 129.97798
654.48004 5.0 130.89601
656.63995 5.0 131.32799
652.58984 5.0 130.51797
657.17993 5.0 131.43599
655.29004 5.0 131.05801
655.29 5.0 131.058
657.99 5.0 131.59799
657.7198 5.0 131.54396
652.8601 5.0 130.57202
653.93994 5.0 130.788
658.26013 5.0 131.65202
653.39996 5.0 130.68
655.83 5.0 131.166
656.63995 5.0 131.32799
652.31995 5.0 130.46399
657.99 5.0 131.59799
652.86 5.0 130.57199
657.17993 5.0 131.43599
656.36993 5.0 131.27399
788.13 6.0 131.355
791.36993 6.0 131.89499
788.3999 6.0 131.39998
791.09985 6.0 131.84998
792.71985 6.0 132.11998
784.88983 6.0 130.81497
792.1798 6.0 132.02997
786.77985 6.0 131.12997
787.05005 6.0 131.175
785.16003 6.0 130.86
789.21 6.0 131.535
791.10004 6.0 131.85
792.99 6.0 132.165
790.82996 6.0 131.805
788.93994 6.0 131.48999
784.0801 6.0 130.68001
789.21 6.0 131.535
786.24 6.0 131.04
789.20984 6.0 131.53497
789.20984 6.0 131.53497
787.31995 6.0 131.21999
784.0801 6.0 130.68001
785.43 6.0 130.905
786.23975 6.0 131.03996
791.6398 6.0 131.93996
788.1299 6.0 131.35498
786.50995 6.0 131.08499
783.54 6.0 130.59
790.55994 6.0 131.76
780.57 6.0 130.095
785.69995 6.0 130.95
793.7998 6.0 132.29997
790.5599 6.0 131.75998
785.1599 6.0 130.85999
788.93976 6.0 131.48996
787.0499 6.0 131.17499
793.7998 6.0 132.29997
783.54 6.0 130.59
789.47986 6.0 131.57997
787.86 6.0 131.31
788.39996 6.0 131.4
917.1898 7.0 131.02711
917.4597 7.0 131.06567
918.54004 7.0 131.22
917.18994 7.0 131.02713
914.7598 7.0 130.67998
916.37964 7.0 130.91138
919.34973 7.0 131.33568
918.0 7.0 131.14285
919.61975 7.0 131.37425
917.1897 7.0 131.0271
918.81006 7.0 131.25858
918.5399 7.0 131.21999
918.8097 7.0 131.25853
916.64966 7.0 130.94995
914.2198 7.0 130.60283
916.37964 7.0 130.91138
917.4597 7.0 131.06567
918.0 7.0 131.14285
916.37976 7.0 130.91139
918.2698 7.0 131.1814
920.97 7.0 131.56714
917.72974 7.0 131.10425
914.7598 7.0 130.67998
915.02997 7.0 130.71857
916.6499 7.0 130.94998
919.35 7.0 131.33571
917.99963 7.0 131.1428
922.04974 7.0 131.72139
915.5698 7.0 130.79568
913.40955 7.0 130.48708
918.26965 7.0 131.18138
908.01 7.0 129.71571
912.8698 7.0 130.40997
918.8098 7.0 131.25854
921.7798 7.0 131.68283
912.5999 7.0 130.37141
917.9999 7.0 131.14284
915.5696 7.0 130.79565
917.1897 7.0 131.0271
917.72974 7.0 131.10425
915.02985 7.0 130.71855
1050.0294 8.0 131.25368
1051.3796 8.0 131.42245
1053.2697 8.0 131.6587
1055.6997 8.0 131.96246
1048.4095 8.0 131.0512
1046.5198 8.0 130.81497
1048.9495 8.0 131.11868
1050.0295 8.0 131.2537
1050.8396 8.0 131.35495
1046.7893 8.0 130.84866
1051.9197 8.0 131.48996
1048.1396 8.0 131.01746
1052.73 8.0 131.59125
1042.7395 8.0 130.34244
1047.3293 8.0 130.91617
1050.2994 8.0 131.28743
1045.7096 8.0 130.7137
1043.2797 8.0 130.40996
1046.5197 8.0 130.81496
1049.2197 8.0 131.15247
1041.6595 8.0 130.20744
1051.9197 8.0 131.48996
1049.7598 8.0 131.21997
1047.5999 8.0 130.94998
1052.4597 8.0 131.55746
1047.5997 8.0 130.94997
1045.1697 8.0 130.64621
1045.7096 8.0 130.7137
1051.1099 8.0 131.38873
1051.1096 8.0 131.3887
1049.2194 8.0 131.15242
1042.7395 8.0 130.34244
1047.0598 8.0 130.88248
1046.79 8.0 130.84875
1044.3596 8.0 130.54495
1043.0099 8.0 130.37624
1048.1399 8.0 131.01749
1043.2795 8.0 130.40994
1050.2997 8.0 131.28746
1049.2195 8.0 131.15244
1051.3795 8.0 131.42244
1179.0894 9.0 131.00993
1183.1396 9.0 131.45996
1174.4991 9.0 130.49991
1180.4393 9.0 131.15993
1180.4395 9.0 131.15994
1179.8995 9.0 131.09995
1180.7095 9.0 131.18994
1171.7996 9.0 130.19995
1175.3094 9.0 130.58994
1181.2496 9.0 131.24995
1181.5195 9.0 131.27995
1182.5999 9.0 131.39998
1188.8097 9.0 132.08997
1178.5493 9.0 130.94992
1182.5995 9.0 131.39995
1177.7395 9.0 130.85994
1185.5696 9.0 131.72995
1182.0596 9.0 131.33995
1175.0394 9.0 130.55994
1185.0295 9.0 131.66995
1180.1698 9.0 131.12997
1186.3794 9.0 131.81993
1185.8394 9.0 131.75993
1185.8394 9.0 131.75993
1175.8495 9.0 130.64995
1178.5496 9.0 130.94995
1173.1494 9.0 130.34993
1174.7695 9.0 130.52995
1170.7198 9.0 130.07999
1181.2499 9.0 131.24998
1187.4596 9.0 131.93996
1173.6895 9.0 130.40994
1186.9194 9.0 131.87994
1179.0894 9.0 131.00993
1175.3094 9.0 130.58994
1176.9293 9.0 130.76993
1175.0397 9.0 130.55997
1176.3896 9.0 130.70996
1181.5198 9.0 131.27997
1183.1398 9.0 131.45998
1176.9293 9.0 130.76993
1000.8902 10.0 100.08902
999.53973 10.0 99.95397
1006.56 10.0 100.656
1047.3298 10.0 104.73299
1020.5999 10.0 102.05999
1008.99036 10.0 100.89903
990.6299 10.0 99.06299
1026.2698 10.0 102.626976
974.7 10.0 97.47
987.66 10.0 98.766
985.4999 10.0 98.54999
1018.4397 10.0 101.84397
996.84015 10.0 99.68401
960.9297 10.0 96.09297
981.99005 10.0 98.199005
1000.3495 10.0 100.03495
1005.4798 10.0 100.54798
965.51996 10.0 96.551994
1018.98 10.0 101.897995
1019.78973 10.0 101.97897
996.83984 10.0 99.68398
1024.11 10.0 102.410995
1032.2095 10.0 103.22095
984.1495 10.0 98.41495
952.0198 10.0 95.20198
967.41 10.0 96.741
999.2697 10.0 99.92697
1013.30994 10.0 101.33099
996.3 10.0 99.63
1001.6998 10.0 100.16998
995.2201 10.0 99.52201
1032.2098 10.0 103.220985
990.08984 10.0 99.00899
1027.8899 10.0 102.788994
986.03973 10.0 98.60397
990.8997 10.0 99.08997
993.06006 10.0 99.30601
994.4098 10.0 99.44098
968.48987 10.0 96.84898
946.07983 10.0 94.60799
967.9499 10.0 96.79499
1020.59985 11.0 92.78181
966.0599 11.0 87.82362
1038.15 11.0 94.37727
1004.66986 11.0 91.333626
996.02954 11.0 90.54814
968.4899 11.0 88.04454
974.1599 11.0 88.55999
949.86 11.0 86.35091
1045.7098 11.0 95.06453
1003.8599 11.0 91.259995
960.39 11.0 87.30818
949.3198 11.0 86.3018
976.31964 11.0 88.75633
1004.9401 11.0 91.35819
1004.3997 11.0 91.30907
999.2698 11.0 90.842705
987.38983 11.0 89.76271
992.78955 11.0 90.25359
992.2499 11.0 90.20454
1028.16 11.0 93.46909
1020.32983 11.0 92.757256
1072.4397 11.0 97.494514
967.67993 11.0 87.9709
888.56995 11.0 80.77908
882.08984 11.0 80.18999
938.52 11.0 85.32
981.98987 11.0 89.271805
987.9298 11.0 89.8118
950.1301 11.0 86.375465
1024.9198 11.0 93.17453
1041.6598 11.0 94.69634
988.19995 11.0 89.83636
961.7399 11.0 87.4309
957.95966 11.0 87.08724
1031.3997 11.0 93.76361
986.0399 11.0 89.63999
1005.20996 11.0 91.38272
960.3899 11.0 87.308174
980.6398 11.0 89.14907
935.2799 11.0 85.025444
1023.0298 11.0 93.00271
939.86993 12.0 78.322495
939.6001 12.0 78.30001
920.6998 12.0 76.72498
978.2101 12.0 81.51751
940.4097 12.0 78.36748
909.89996 12.0 75.825
893.69995 12.0 74.475
1018.4397 12.0 84.86997
1054.3501 12.0 87.8625
971.9998 12.0 80.999985
905.57996 12.0 75.465
980.63983 12.0 81.719986
1025.9998 12.0 85.49998
976.0499 12.0 81.337494
925.2897 12.0 77.107475
916.65027 12.0 76.38752
1000.8898 12.0 83.40748
1037.07 12.0 86.42249
1019.25037 12.0 84.93753
1097.8196 12.0 91.48497
975.5099 12.0 81.29249
925.0197 12.0 77.08498
1001.96985 12.0 83.49749
1000.6199 12.0 83.38499
1007.91003 12.0 83.9925
919.6199 12.0 76.63499
891.80994 12.0 74.3175
885.8699 12.0 73.82249
1021.68005 12.0 85.14001
953.64 12.0 79.47
1035.9897 12.0 86.33248
957.4199 12.0 79.784996
960.66003 12.0 80.055
983.6098 12.0 81.96748
927.18 12.0 77.265
968.75995 12.0 80.729996
1013.85004 12.0 84.4875
991.98 12.0 82.665
961.74 12.0 80.145
953.37 12.0 79.4475
960.66016 12.0 80.055016
1038.6896 13.0 79.8992
992.7895 13.0 76.36842
973.6199 13.0 74.89384
950.9401 13.0 73.14924
899.37036 13.0 69.182335
947.97 13.0 72.92077
962.8203 13.0 74.0631
948.24036 13.0 72.94157
1001.9695 13.0 77.07458
1004.9398 13.0 77.30306
983.6102 13.0 75.66232
1016.2798 13.0 78.17537
1057.8602 13.0 81.37386
1013.03973 13.0 77.92613
1019.51965 13.0 78.42459
949.3199 13.0 73.024605
903.9601 13.0 69.53539
895.05035 13.0 68.85003
987.11975 13.0 75.93229
973.34973 13.0 74.873055
984.41974 13.0 75.724594
940.6801 13.0 72.36001
911.5199 13.0 70.11691
944.1899 13.0 72.62999
1004.13007 13.0 77.240776
969.5702 13.0 74.58232
1003.8598 13.0 77.219986
949.0502 13.0 73.00386
938.7901 13.0 72.21462
971.99976 13.0 74.76921
994.13995 13.0 76.472305
1019.2499 13.0 78.40384
1005.48016 13.0 77.34463
939.0602 13.0 72.2354
909.36017 13.0 69.95078
912.3297 13.0 70.17921
1036.5298 13.0 79.73306
1026.8098 13.0 78.98537
1108.6199 13.0 85.27845
1040.0403 13.0 80.0031
1011.9599 13.0 77.84307
920.69995 14.0 65.76428
1001.1599 14.0 71.51142
1014.6598 14.0 72.4757
1007.1001 14.0 71.93572
995.4897 14.0 71.10641
992.2503 14.0 70.87502
975.7802 14.0 69.698586
931.22986 14.0 66.51642
935.8199 14.0 66.84428
950.66986 14.0 67.90499
996.02985 14.0 71.14499
1043.2798 14.0 74.51999
1017.8997 14.0 72.70712
916.9199 14.0 65.49428
867.5101 14.0 61.965004
915.84 14.0 65.417145
903.42 14.0 64.53
943.9199 14.0 67.42285
902.3401 14.0 64.452866
961.4699 14.0 68.67642
1042.7402 14.0 74.481445
1034.9098 14.0 73.92213
984.9599 14.0 70.35428
955.52966 14.0 68.25212
956.8801 14.0 68.34858
969.0303 14.0 69.216446
954.7201 14.0 68.19429
969.56995 14.0 69.255
998.45984 14.0 71.31856
959.8497 14.0 68.56069
950.9397 14.0 67.92426
1064.0701 14.0 76.005005
944.4602 14.0 67.46144
928.7997 14.0 66.342834
964.98 14.0 68.92714
985.2298 14.0 70.37356
1030.3196 14.0 73.59425
1044.3599 14.0 74.59714
1037.8801 14.0 74.13429
920.69995 14.0 65.76428
967.67993 14.0 69.119995
933.3902 15.000001 62.22601
976.5902 15.000001 65.10601
979.83026 15.000001 65.322014
986.31024 15.000001 65.75401
995.2203 15.000001 66.348015
940.9502 15.000001 62.730007
921.51 15.000001 61.434
950.39996 15.000001 63.359993
933.3903 15.000001 62.226017
878.0401 15.000001 58.536003
902.07007 15.000001 60.138
986.04004 15.000001 65.736
930.6902 15.000001 62.04601
824.5801 15.000001 54.972
838.8902 15.000001 55.92601
862.92004 15.000001 57.528
955.5301 15.000001 63.702003
960.6599 15.000001 64.04399
892.0803 15.000001 59.47202
910.1697 15.000001 60.677975
944.46 15.000001 62.963997
1040.0402 15.000001 69.336006
1013.04 15.000001 67.535995
960.9299 15.000001 64.06199
1006.01996 15.000001 67.06799
949.86005 15.000001 63.323997
961.19995 15.000001 64.079994
870.7502 15.000001 58.050007
933.3902 15.000001 62.22601
1016.82007 15.000001 67.788
980.90967 15.000001 65.393974
998.4601 15.000001 66.564
1011.9599 15.000001 67.46399
919.62 15.000001 61.307995
1030.8597 15.000001 68.723976
965.52026 15.000001 64.36801
915.5697 15.000001 61.037975
861.3002 15.000001 57.420006
891.8102 15.000001 59.45401
939.5998 15.000001 62.63998
929.6102 15.000001 61.97401
847.53015 16.0 52.970634
1000.88995 16.0 62.555622
978.7502 16.0 61.171886
1055.9697 16.0 65.99811
993.0599 16.0 62.066242
961.4702 16.0 60.09189
1000.88995 16.0 62.555622
924.7501 16.0 57.796883
876.95996 16.0 54.809998
875.33954 16.0 54.70872
964.44006 16.0 60.277504
981.7196 16.0 61.357475
933.9303 16.0 58.370644
934.4705 16.0 58.404408
957.69006 16.0 59.85563
938.25 16.0 58.640625
925.5597 16.0 57.84748
941.7604 16.0 58.860023
946.8903 16.0 59.180645
973.6203 16.0 60.85127
940.6802 16.0 58.79251
920.43 16.0 57.526875
942.2999 16.0 58.893745
951.48016 16.0 59.46751
987.39 16.0 61.711876
1005.4806 16.0 62.842537
997.10986 16.0 62.319366
1017.36035 16.0 63.585022
913.68005 16.0 57.105003
992.5197 16.0 62.032482
956.3395 16.0 59.771217
912.05994 16.0 57.003746
918.54016 16.0 57.40876
929.6105 16.0 58.100655
1000.07996 16.0 62.504997
999.27014 16.0 62.454384
1044.0898 16.0 65.255615
987.39 16.0 61.711876
914.76013 16.0 57.17251
968.4901 16.0 60.530632
1005.2096 16.0 62.8256
942.3003 17.0 55.42943
984.42017 17.0 57.90707
966.3302 17.0 56.842953
947.97003 17.0 55.762943
986.85 17.0 58.05
987.1205 17.0 58.06591
917.45984 17.0 53.968227
871.8301 17.0 51.284122
924.2098 17.0 54.36528
929.8802 17.0 54.698833
986.3099 17.0 58.018227
933.12 17.0 54.889412
911.7902 17.0 53.63472
934.1999 17.0 54.952934
932.5801 17.0 54.85765
959.5796 17.0 56.445858
891.5402 17.0 52.443542
917.46027 17.0 53.96825
915.5704 17.0 53.857082
971.72986 17.0 57.16058
962.01013 17.0 56.588833
931.5003 17.0 54.794136
864.27014 17.0 50.83942
936.0901 17.0 55.06412
935.0101 17.0 55.00059
909.90015 17.0 53.523537
891.54016 17.0 52.44354
971.4601 17.0 57.14471
979.56006 17.0 57.62118
963.35974 17.0 56.66822
956.61017 17.0 56.271187
912.6001 17.0 53.682358
937.7103 17.0 55.15943
1004.9401 17.0 59.114124
950.4001 17.0 55.905888
950.4001 17.0 55.905888
922.86017 17.0 54.285892
921.77997 17.0 54.22235
1017.8999 17.0 59.876465
1052.1903 17.0 61.893547
973.07996 17.0 57.239998
994.6801 18.0 55.260006
910.4402 18.0 50.58001
1013.5799 18.0 56.309994
913.4103 18.0 50.745014
942.0305 18.0 52.33503
942.84015 18.0 52.38001
960.66077 18.0 53.37004
939.5998 18.0 52.19999
892.3502 18.0 49.575012
832.9501 18.0 46.275005
921.7803 18.0 51.210014
946.0799 18.0 52.559994
898.2899 18.0 49.904995
895.58984 18.0 49.75499
974.43 18.0 54.135
917.1903 18.0 50.955017
993.8698 18.0 55.21499
954.99023 18.0 53.05501
913.67993 18.0 50.759995
900.18036 18.0 50.01002
965.79004 18.0 53.655003
915.83997 18.0 50.879997
945.2703 18.0 52.51502
928.2599 18.0 51.569992
925.02 18.0 51.39
876.4199 18.0 48.689995
907.2002 18.0 50.40001
969.3002 18.0 53.85001
946.6201 18.0 52.590008
975.5106 18.0 54.195034
834.3001 18.0 46.350006
984.95996 18.0 54.719997
959.31006 18.0 53.295002
1029.2402 18.0 57.18001
950.67004 18.0 52.815002
902.07025 18.0 50.115013
862.64996 18.0 47.925
930.68976 18.0 51.704987
950.9402 18.0 52.83001
903.4201 18.0 50.190006
946.8897 18.0 52.604984
933.93024 19.0 49.154224
851.5802 19.0 44.82001
861.57025 19.0 45.345802
806.49005 19.0 42.446846
928.2598 19.0 48.85578
992.7899 19.0 52.2521
984.69025 19.0 51.8258
953.3704 19.0 50.17739
912.33026 19.0 48.017384
894.24023 19.0 47.065277
905.8499 19.0 47.67631
913.95013 19.0 48.10264
885.87 19.0 46.624737
893.97076 19.0 47.051094
852.66016 19.0 44.87685
900.45 19.0 47.392105
950.4 19.0 50.021053
920.16016 19.0 48.42948
836.99976 19.0 44.05262
925.28986 19.0 48.699467
988.4698 19.0 52.024727
983.3402 19.0 51.75475
972.54004 19.0 51.186317
960.1204 19.0 50.532654
953.9108 19.0 50.205833
879.9302 19.0 46.312115
916.9204 19.0 48.25897
952.82983 19.0 50.148937
948.78015 19.0 49.9358
953.3703 19.0 50.177383
933.38983 19.0 49.125782
923.4004 19.0 48.60002
889.11035 19.0 46.79528
828.8998 19.0 43.626305
914.22034 19.0 48.11686
976.8598 19.0 51.413673
975.7803 19.0 51.356857
990.62946 19.0 52.138393
908.28 19.0 47.80421
830.79 19.0 43.72579
869.3999 19.0 45.75789
876.6898 20.0 43.83449
972.27 20.0 48.613503
898.29034 20.0 44.914516
923.3999 20.0 46.169994
940.6799 20.0 47.033993
933.9302 20.0 46.69651
908.5501 20.0 45.427505
913.9499 20.0 45.697495
862.38007 20.0 43.119003
882.3599 20.0 44.117996
895.5902 20.0 44.77951
946.07983 20.0 47.303993
877.5003 20.0 43.875015
849.95996 20.0 42.497997
878.84973 20.0 43.942486
967.9503 20.0 48.397514
919.8904 20.0 45.99452
921.7801 20.0 46.089005
904.5004 20.0 45.22502
952.02075 20.0 47.601036
789.20984 20.0 39.46049
909.0905 20.0 45.454525
907.4702 20.0 45.373512
922.32007 20.0 46.116005
938.5199 20.0 46.925995
891.2702 20.0 44.56351
901.53046 20.0 45.076523
806.22003 20.0 40.311
980.3705 20.0 49.018524
967.40967 20.0 48.370483
888.83997 20.0 44.441998
996.8399 20.0 49.841995
908.01056 20.0 45.400528
918.8103 20.0 45.940514
838.6201 20.0 41.931007
886.9501 20.0 44.347504
829.70996 20.0 41.485497
835.9204 20.0 41.79602
972.8101 20.0 48.640507
864.0002 20.0 43.20001
910.4401 20.0 45.522007
927.99023 21.0 44.19001
1006.8306 21.0 47.944317
898.02045 21.0 42.76288
899.63983 21.0 42.839993
919.3503 21.0 43.778584
869.40027 21.0 41.400013
887.7601 21.0 42.27429
890.7304 21.0 42.415733
894.23987 21.0 42.58285
921.78033 21.0 43.894302
905.5804 21.0 43.122875
981.4505 21.0 46.735737
919.0801 21.0 43.765717
891.80994 21.0 42.46714
876.1502 21.0 41.72144
931.7701 21.0 44.370003
899.9104 21.0 42.852875
946.6202 21.0 45.077152
963.3599 21.0 45.874283
960.39014 21.0 45.732864
890.99994 21.0 42.42857
904.5002 21.0 43.071438
900.99023 21.0 42.904297
856.44 21.0 40.782856
910.98035 21.0 43.380016
913.1399 21.0 43.482853
921.2399 21.0 43.86857
870.48035 21.0 41.451447
824.8501 21.0 39.278576
872.6403 21.0 41.554302
870.4799 21.0 41.451424
842.93976 21.0 40.139988
889.6499 21.0 42.36428
879.1206 21.0 41.862885
923.1299 21.0 43.958565
920.4302 21.0 43.83001
942.5703 21.0 44.8843
916.65027 21.0 43.650013
894.2402 21.0 42.582867
917.1901 21.0 43.67572
857.5199 21.0 40.834282
916.38025 22.0 41.65365
894.5098 22.0 40.65954
911.2502 22.0 41.420464
853.74054 22.0 38.80639
837.8099 22.0 38.082268
871.02026 22.0 39.59183
839.7001 22.0 38.168186
1009.5303 22.0 45.88774
933.66 22.0 42.43909
886.4102 22.0 40.291374
863.4606 22.0 39.248207
832.67993 22.0 37.849087
858.6003 22.0 39.027287
877.2303 22.0 39.874104
881.2806 22.0 40.05821
954.7204 22.0 43.39638
936.09033 22.0 42.54956
875.6104 22.0 39.800472
866.16003 22.0 39.37091
919.35034 22.0 41.78865
928.2604 22.0 42.193653
952.8302 22.0 43.310463
903.1506 22.0 41.0523
938.79 22.0 42.67227
896.94 22.0 40.77
921.5103 22.0 41.886833
957.96027 22.0 43.543648
887.75964 22.0 40.35271
881.28015 22.0 40.05819
874.5299 22.0 39.751358
915.30066 22.0 41.604576
950.1301 22.0 43.187733
891.8102 22.0 40.536827
900.45026 22.0 40.929558
894.7801 22.0 40.67182
963.0897 22.0 43.776806
928.8009 22.0 42.218224
919.08026 22.0 41.776375
880.74023 22.0 40.033646
916.11005 22.0 41.641365
907.74036 22.0 41.260925
964.17004 23.0 41.920437
882.6302 23.0 38.375225
970.65045 23.0 42.202194
892.3504 23.0 38.797844
848.07043 23.0 36.872627
792.7203 23.0 34.4661
906.1201 23.0 39.396526
903.42017 23.0 39.279137
912.60016 23.0 39.67827
911.7899 23.0 39.64304
946.0804 23.0 41.13393
924.75024 23.0 40.20653
895.0501 23.0 38.915222
895.32025 23.0 38.926968
834.03015 23.0 36.26218
855.9 23.0 37.213043
854.5503 23.0 37.15436
802.17017 23.0 34.876965
781.6504 23.0 33.9848
869.1302 23.0 37.78827
938.7906 23.0 40.816982
876.95984 23.0 38.12869
909.63 23.0 39.54913
865.3498 23.0 37.623905
933.3903 23.0 40.582188
954.72034 23.0 41.50958
953.64044 23.0 41.462627
898.29004 23.0 39.056087
920.9709 23.0 40.042213
928.8005 23.0 40.38263
898.8304 23.0 39.079582
888.5703 23.0 38.63349
879.6609 23.0 38.246124
836.4601 23.0 36.36783
913.1408 23.0 39.701775
899.6402 23.0 39.11479
848.8803 23.0 36.90784
875.3402 23.0 38.05827
918.27026 23.0 39.924793
883.17065 23.0 38.398724
906.9302 23.0 39.431747
917.45996 24.0 38.227497
854.2806 24.0 35.595024
944.1904 24.0 39.341267
916.65027 24.0 38.19376
829.44055 24.0 34.560024
893.4302 24.0 37.226257
906.1206 24.0 37.755024
868.86017 24.0 36.202507
894.2404 24.0 37.260017
938.25037 24.0 39.093765
914.4901 24.0 38.103756
946.6207 24.0 39.44253
871.29 24.0 36.30375
844.5602 24.0 35.190006
879.38983 24.0 36.641243
932.58093 24.0 38.85754
900.7206 24.0 37.530025
805.14014 24.0 33.547504
966.6 24.0 40.274998
808.9204 24.0 33.705017
897.7499 24.0 37.406246
900.45056 24.0 37.518772
898.56055 24.0 37.44002
933.39 24.0 38.89125
844.8301 24.0 35.201252
915.0303 24.0 38.126263
866.97015 24.0 36.123756
841.8601 24.0 35.077503
900.7205 24.0 37.53002
909.9005 24.0 37.91252
925.5603 24.0 38.565014
936.09045 24.0 39.00377
808.9202 24.0 33.70501
935.0107 24.0 38.95878
959.8496 24.0 39.993732
885.06024 24.0 36.87751
858.32983 24.0 35.763744
903.95984 24.0 37.664993
932.5798 24.0 38.85749
842.13043 24.0 35.088768
882.6301 24.0 36.776257
890.1904 25.0 35.607616
804.3303 25.0 32.173214
837.8101 25.0 33.512405
804.60004 25.0 32.184002
849.96 25.0 33.9984
902.06964 25.0 36.082787
874.53033 25.0 34.981213
825.1202 25.0 33.004807
896.1298 25.0 35.845192
884.2502 25.0 35.370007
835.3804 25.0 33.415215
837.8104 25.0 33.512417
885.6006 25.0 35.424023
918.54016 25.0 36.741608
871.8301 25.0 34.873203
917.73016 25.0 36.709206
873.4501 25.0 34.938004
878.0403 25.0 35.121613
825.9303 25.0 33.037212
871.5603 25.0 34.86241
907.7404 25.0 36.309616
843.4802 25.0 33.73921
907.2006 25.0 36.288025
945.8104 25.0 37.832417
930.4203 25.0 37.216812
874.5297 25.0 34.98119
907.2001 25.0 36.288002
872.9097 25.0 34.91639
852.6599 25.0 34.106396
840.2399 25.0 33.609596
950.13007 25.0 38.005203
865.8906 25.0 34.635624
858.8701 25.0 34.354805
865.89 25.0 34.6356
873.99005 25.0 34.959602
802.98016 25.0 32.119205
921.7802 25.0 36.87121
940.68115 25.0 37.627247
877.77 25.0 35.1108
892.8904 25.0 35.715614
919.3507 25.0 36.77403
894.7805 26.0 34.414635
818.3701 26.0 31.475775
888.3002 26.0 34.16539
812.43024 26.0 31.247316
867.5101 26.0 33.365772
866.4299 26.0 33.324226
892.6206 26.0 34.331562
834.0303 26.0 32.078087
888.2999 26.0 34.165382
875.8801 26.0 33.6877
880.7403 26.0 33.874626
858.60065 26.0 33.0231
814.5901 26.0 31.330389
891.8102 26.0 34.300392
926.6402 26.0 35.640007
891.0007 26.0 34.269257
879.6603 26.0 33.833088
837.8099 26.0 32.223457
854.5504 26.0 32.867325
839.42993 26.0 32.285767
819.99036 26.0 31.53809
842.94006 26.0 32.420773
910.1701 26.0 35.006542
902.8801 26.0 34.72616
890.19037 26.0 34.23809
871.2904 26.0 33.51117
776.25 26.0 29.855768
853.47015 26.0 32.825775
842.1304 26.0 32.38963
869.4001 26.0 33.438465
851.04 26.0 32.732307
914.2205 26.0 35.162327
899.1004 26.0 34.580784
846.45044 26.0 32.555786
818.3701 26.0 31.475775
804.87036 26.0 30.956553
851.85034 26.0 32.763474
870.2103 26.0 33.469627
882.3602 26.0 33.93693
872.1002 26.0 33.542316
923.9401 26.0 35.53616
848.07 27.000002 31.409998
861.30035 27.000002 31.900011
912.8707 27.000002 33.810024
890.7303 27.000002 32.99001
883.4397 27.000002 32.719986
845.6405 27.000002 31.320017
892.35004 27.000002 33.05
931.7703 27.000002 34.51001
913.95013 27.000002 33.850002
862.1104 27.000002 31.930014
855.63025 27.000002 31.690006
865.6204 27.000002 32.060013
900.9904 27.000002 33.370014
885.0601 27.000002 32.780003
862.38074 27.000002 31.940025
945.5407 27.000002 35.020023
914.49097 27.000002 33.870033
820.5306 27.000002 30.39002
884.5205 27.000002 32.760017
797.3104 27.000002 29.530014
843.2101 27.000002 31.230001
873.1806 27.000002 32.34002
892.35034 27.000002 33.05001
937.17053 27.000002 34.71002
888.3003 27.000002 32.90001
850.7705 27.000002 31.510015
857.25024 27.000002 31.750008
838.08 27.000002 31.039999
876.1499 27.000002 32.449993
856.71063 27.000002 31.73002
890.1906 27.000002 32.97002
850.7707 27.000002 31.510023
882.3606 27.000002 32.68002
846.7203 27.000002 31.360008
825.66034 27.000002 30.58001
933.93036 27.000002 34.59001
861.5699 27.000002 31.909994
829.71063 27.000002 30.73002
785.97015 27.000002 29.110003
845.64044 27.000002 31.320013
826.2003 27.000002 30.60001
886.41034 28.0 31.657513
907.7405 28.0 32.419304
773.8203 28.0 27.63644
829.1705 28.0 29.613232
799.74005 28.0 28.562145
842.6701 28.0 30.095362
893.69995 28.0 31.917856
890.19006 28.0 31.792501
897.4802 28.0 32.052864
840.2401 28.0 30.008575
841.86017 28.0 30.066435
816.75006 28.0 29.169645
887.7604 28.0 31.705727
866.16016 28.0 30.934292
832.4102 28.0 29.728937
835.9201 28.0 29.85429
859.6803 28.0 30.702868
809.19055 28.0 28.899662
842.13025 28.0 30.07608
861.0304 28.0 30.751085
881.5508 28.0 31.483957
851.3103 28.0 30.403938
811.0803 28.0 28.967154
766.2601 28.0 27.36643
847.26025 28.0 30.259295
843.47986 28.0 30.12428
805.9501 28.0 28.783932
885.87054 28.0 31.638233
882.36084 28.0 31.512888
839.1603 28.0 29.970009
864.27 28.0 30.866787
892.8903 28.0 31.88894
809.46045 28.0 28.909302
893.1605 28.0 31.89859
886.41003 28.0 31.657501
854.82043 28.0 30.5293
816.2101 28.0 29.15036
787.05005 28.0 28.10893
846.72 28.0 30.239998
842.94006 28.0 30.105001
812.7006 28.0 29.025023
868.0503 29.0 29.932768
895.0507 29.0 30.863817
827.0101 29.0 28.517588
844.0202 29.0 29.104145
859.95087 29.0 29.653479
823.7703 29.0 28.405872
860.2208 29.0 29.662786
779.2204 29.0 26.869669
821.61053 29.0 28.331398
812.43036 29.0 28.01484
907.20026 29.0 31.282768
809.4602 29.0 27.91242
840.2402 29.0 28.973799
808.11017 29.0 27.865868
757.08044 29.0 26.106222
851.85 29.0 29.374138
837.0002 29.0 28.862076
811.89026 29.0 27.996216
854.8203 29.0 29.476562
843.7503 29.0 29.094837
807.0306 29.0 27.82864
864.8107 29.0 29.82106
860.22003 29.0 29.66276
840.2399 29.0 28.973791
861.84 29.0 29.718622
856.4403 29.0 29.532425
790.02 29.0 27.24207
863.1905 29.0 29.76519
866.4301 29.0 29.8769
824.31024 29.0 28.424492
824.04047 29.0 28.415188
803.52026 29.0 27.707596
814.59045 29.0 28.089327
893.70026 29.0 30.817251
810.2703 29.0 27.940355
853.20056 29.0 29.42071
804.3302 29.0 27.735525
880.2005 29.0 30.351742
820.53 29.0 28.29414
814.05054 29.0 28.070707
837.0007 29.0 28.862093
762.48047 30.000002 25.416014
851.58075 30.000002 28.386023
806.2204 30.000002 26.874012
754.38055 30.000002 25.146017
862.3808 30.000002 28.746025
828.36035 30.000002 27.612011
803.79004 30.000002 26.793
821.61017 30.000002 27.387005
850.77057 30.000002 28.359016
844.8303 30.000002 28.161009
899.1005 30.000002 29.970016
766.5304 30.000002 25.551012
815.9405 30.000002 27.198015
819.9904 30.000002 27.333012
787.5908 30.000002 26.253025
847.26056 30.000002 28.242018
843.7504 30.000002 28.125013
784.3509 30.000002 26.145027
846.45026 30.000002 28.215006
856.1704 30.000002 28.539011
831.6 30.000002 27.719997
881.2807 30.000002 29.376022
840.78033 30.000002 28.026009
865.8905 30.000002 28.863014
865.6203 30.000002 28.854008
872.6405 30.000002 29.088015
870.7504 30.000002 29.025013
835.11053 30.000002 27.837015
751.14044 30.000002 25.038013
782.19025 30.000002 26.073006
808.38055 30.000002 26.946016
772.4702 30.000002 25.749006
849.4208 30.000002 28.314024
872.91 30.000002 29.096998
799.2005 30.000002 26.640015
815.94037 30.000002 27.198011
834.5704 30.000002 27.81901
871.83044 30.000002 29.061012
808.6505 30.000002 26.955015
856.4411 30.000002 28.548035
890.73035 30.000002 29.69101
905.0406 31.0 29.194859
788.6706 31.0 25.440987
841.59045 31.0 27.148079
844.2902 31.0 27.235168
776.51965 31.0 25.04902
828.36035 31.0 26.721302
837.54 31.0 27.017418
767.0705 31.0 24.74421
800.82043 31.0 25.832918
784.89044 31.0 25.319046
844.83057 31.0 27.2526
795.15045 31.0 25.650015
828.6304 31.0 26.730013
804.60065 31.0 25.954859
821.88007 31.0 26.51226
846.99066 31.0 27.322279
790.8305 31.0 25.510662
792.1803 31.0 25.554203
783.26996 31.0 25.266773
806.4901 31.0 26.01581
811.3504 31.0 26.172594
835.3807 31.0 26.947763
825.9303 31.0 26.642912
800.82043 31.0 25.832916
797.5805 31.0 25.728403
850.23047 31.0 27.42679
836.19055 31.0 26.973888
834.57043 31.0 26.921627
821.6105 31.0 26.503563
821.8799 31.0 26.512255
832.4109 31.0 26.851965
835.9199 31.0 26.965158
842.6702 31.0 27.18291
785.97034 31.0 25.353882
790.2904 31.0 25.493238
866.1602 31.0 27.940653
794.07056 31.0 25.61518
863.7305 31.0 27.862276
811.3504 31.0 26.172594
800.2802 31.0 25.81549
828.8999 31.0 26.738707
834.3005 32.0 26.07189
809.73047 32.0 25.304077
854.55066 32.0 26.704708
816.2103 32.0 25.506573
847.2604 32.0 26.476887
835.38074 32.0 26.105648
821.60974 32.0 25.675304
763.5603 32.0 23.86126
824.85077 32.0 25.776587
770.58044 32.0 24.080639
837.5405 32.0 26.173141
814.59033 32.0 25.455948
833.2205 32.0 26.038141
782.4599 32.0 24.451872
784.62036 32.0 24.519386
798.93024 32.0 24.96657
847.26056 32.0 26.476892
821.61 32.0 25.675312
775.17035 32.0 24.224073
821.07043 32.0 25.658451
804.33026 32.0 25.13532
888.0303 32.0 27.750946
819.9904 32.0 25.6247
801.63025 32.0 25.050945
820.7998 32.0 25.649994
766.8006 32.0 23.962519
852.66046 32.0 26.64564
756.54083 32.0 23.641901
803.52026 32.0 25.110008
787.3204 32.0 24.603762
810.0001 32.0 25.312504
799.74036 32.0 24.991886
781.9209 32.0 24.435028
815.1305 32.0 25.472828
849.4202 32.0 26.544382
766.53015 32.0 23.954067
807.3008 32.0 25.22815
829.4404 32.0 25.920013
811.6203 32.0 25.363134
811.8905 32.0 25.371578
802.7106 32.0 25.084705
863.1909 33.0 26.1573
739.26056 33.0 22.401834
835.11096 33.0 25.306393
781.92065 33.0 23.694565
815.1305 33.0 24.700924
797.3104 33.0 24.160921
782.73065 33.0 23.71911
781.3806 33.0 23.6782
793.53015 33.0 24.046368
810.0005 33.0 24.54547
810.5405 33.0 24.561834
904.7712 33.0 27.417309
768.9606 33.0 23.301836
808.6508 33.0 24.50457
778.14026 33.0 23.580008
846.451 33.0 25.65003
758.97003 33.0 22.999092
792.18036 33.0 24.005465
783.0004 33.0 23.727285
825.66046 33.0 25.020014
809.1906 33.0 24.520927
807.57056 33.0 24.471834
773.81995 33.0 23.44909
780.8406 33.0 23.661835
828.90015 33.0 25.118187
779.7601 33.0 23.629093
753.3003 33.0 22.827282
780.3001 33.0 23.645458
742.2303 33.0 22.491827
786.5103 33.0 23.833647
842.13074 33.0 25.519114
852.6603 33.0 25.83819
757.6206 33.0 22.9582
785.16016 33.0 23.792732
810.8107 33.0 24.570023
851.58057 33.0 25.805471
770.0404 33.0 23.334558
813.7804 33.0 24.660011
813.24084 33.0 24.643661
780.57056 33.0 23.653654
784.0801 33.0 23.760002
768.96014 34.0 22.616474
820.53015 34.0 24.13324
791.10034 34.0 23.267656
834.3007 34.0 24.538256
822.15015 34.0 24.180887
812.43097 34.0 23.89503
801.0905 34.0 23.561485
780.8401 34.0 22.965885
850.7702 34.0 25.022654
755.18994 34.0 22.21147
768.9604 34.0 22.616482
799.20026 34.0 23.50589
775.9806 34.0 22.822958
802.71014 34.0 23.609121
826.2001 34.0 24.300003
764.10046 34.0 22.473543
778.14044 34.0 22.886484
808.92084 34.0 23.79179
765.18054 34.0 22.50531
815.40045 34.0 23.982367
865.6207 34.0 25.459433
796.7708 34.0 23.434435
811.62036 34.0 23.871187
763.5601 34.0 22.457651
805.6804 34.0 23.696484
792.45044 34.0 23.307365
751.95026 34.0 22.116184
810.5405 34.0 23.839428
775.98065 34.0 22.82296
803.7902 34.0 23.640888
787.0503 34.0 23.148539
862.6504 34.0 25.37207
862.3804 34.0 25.364128
792.7204 34.0 23.315306
770.58 34.0 22.664118
784.351 34.0 23.069147
807.84033 34.0 23.76001
820.5303 34.0 24.133244
781.6505 34.0 22.989721
808.38025 34.0 23.77589
808.38 34.0 23.775883
765.45074 35.0 21.870022
823.77014 35.0 23.53629
801.3606 35.0 22.896017
841.86017 35.0 24.053148
789.4809 35.0 22.556597
781.92065 35.0 22.34059
771.3902 35.0 22.03972
804.6001 35.0 22.988575
868.32 35.0 24.809143
765.99023 35.0 21.885435
799.2004 35.0 22.834297
774.3607 35.0 22.124592
827.5502 35.0 23.64429
779.7603 35.0 22.278866
789.7502 35.0 22.564291
821.61053 35.0 23.474586
784.3505 35.0 22.410015
732.2405 35.0 20.921156
808.6502 35.0 23.104292
824.5809 35.0 23.559454
807.84064 35.0 23.081161
775.44086 35.0 22.155453
865.6206 35.0 24.732018
756.2704 35.0 21.607725
784.0805 35.0 22.4023
803.52075 35.0 22.957735
790.83026 35.0 22.59515
830.5203 35.0 23.729153
784.3505 35.0 22.410015
769.77014 35.0 21.993433
796.77057 35.0 22.764874
780.0305 35.0 22.286587
805.9504 35.0 23.027153
754.92065 35.0 21.569162
757.35016 35.0 21.638577
815.4005 35.0 23.297157
766.5302 35.0 21.900864
772.4708 35.0 22.070595
771.3904 35.0 22.039724
798.12036 35.0 22.803438
811.62103 35.0 23.189173
768.15045 36.0 21.337513
760.0504 36.0 21.11251
728.46063 36.0 20.235018
758.43036 36.0 21.06751
768.15063 36.0 21.337517
758.7005 36.0 21.075014
760.32025 36.0 21.120007
773.0105 36.0 21.472513
768.4204 36.0 21.34501
695.5202 36.0 19.320005
752.22076 36.0 20.895021
757.35046 36.0 21.037514
757.8904 36.0 21.052511
799.47064 36.0 22.207518
784.8904 36.0 21.802511
779.76013 36.0 21.660004
789.7506 36.0 21.937517
766.8004 36.0 21.30001
813.2406 36.0 22.590017
750.0606 36.0 20.835016
766.8009 36.0 21.300026
803.25024 36.0 22.312508
772.4701 36.0 21.457502
742.2307 36.0 20.61752
724.9503 36.0 20.137508
799.2005 36.0 22.200014
774.90045 36.0 21.525013
826.47076 36.0 22.957521
801.0905 36.0 22.252514
784.35034 36.0 21.78751
724.68054 36.0 20.130014
787.32056 36.0 21.870016
750.87067 36.0 20.85752
736.29016 36.0 20.452505
755.1909 36.0 20.977526
742.23047 36.0 20.617514
773.5504 36.0 21.48751
787.32056 36.0 21.870016
764.91034 36.0 21.247509
796.5011 36.0 22.12503
817.56036 36.0 22.71001
748.7108 37.0 20.235428
799.4704 37.0 21.607307
755.46045 37.0 20.41785
725.4901 37.0 19.607841
775.17017 37.0 20.950544
761.13055 37.0 20.571096
753.8402 37.0 20.37406
777.8711 37.0 21.023542
776.5207 37.0 20.987045
755.73035 37.0 20.425144
716.85034 37.0 19.374334
745.7406 37.0 20.155151
724.6804 37.0 19.585957
815.9403 37.0 22.05244
773.55035 37.0 20.906767
741.15094 37.0 20.031107
809.4604 37.0 21.877308
737.3705 37.0 19.928932
750.60016 37.0 20.286491
786.78064 37.0 21.264341
769.2306 37.0 20.790016
743.3101 37.0 20.089462
741.4206 37.0 20.038395
762.7505 37.0 20.614878
756.54065 37.0 20.447044
765.9906 37.0 20.702448
746.27997 37.0 20.16973
761.9408 37.0 20.592995
783.2705 37.0 21.169474
747.0905 37.0 20.191635
766.2608 37.0 20.709751
791.3705 37.0 21.388391
749.7905 37.0 20.264608
742.2308 37.0 20.060291
763.8309 37.0 20.644077
744.6606 37.0 20.125961
789.2107 37.0 21.330019
765.99005 37.0 20.702435
746.5505 37.0 20.17704
736.02026 37.0 19.892439
740.33997 37.0 20.009188
776.2504 38.0 20.427643
784.0806 38.0 20.633701
707.67065 38.0 18.622911
753.0307 38.0 19.816597
761.4004 38.0 20.036852
777.60004 38.0 20.46316
761.40027 38.0 20.03685
760.0506 38.0 20.001331
772.20087 38.0 20.321075
756.27045 38.0 19.901854
770.31067 38.0 20.271334
770.0408 38.0 20.26423
755.7302 38.0 19.887638
710.63995 38.0 18.701052
729.8104 38.0 19.205538
791.6406 38.0 20.832647
701.73004 38.0 18.46658
767.3404 38.0 20.193169
734.1305 38.0 19.319223
770.0404 38.0 20.264221
765.45044 38.0 20.143433
758.9708 38.0 19.972916
820.53094 38.0 21.59292
756.8102 38.0 19.916058
793.8002 38.0 20.889479
781.1101 38.0 20.555529
773.8203 38.0 20.363693
720.3602 38.0 18.956848
756.27014 38.0 19.901846
767.0701 38.0 20.186056
746.01 38.0 19.631842
723.6008 38.0 19.042128
780.84076 38.0 20.54844
728.4604 38.0 19.17001
700.6501 38.0 18.43816
743.85034 38.0 19.575008
771.39075 38.0 20.299757
724.68054 38.0 19.070541
740.07056 38.0 19.47554
748.44073 38.0 19.695808
731.97046 38.0 19.26238
746.1573 39.0 19.132238
733.9915 39.0 18.820295
710.74115 39.0 18.224133
754.2674 39.0 19.340189
794.00854 39.0 20.359194
705.0645 39.0 18.078577
719.663 39.0 18.452898
741.56116 39.0 19.014389
718.31134 39.0 18.41824
730.7473 39.0 18.73711
699.38715 39.0 17.933004
769.4061 39.0 19.728363
794.00836 39.0 20.359188
772.11017 39.0 19.797697
703.7126 39.0 18.043913
761.8372 39.0 19.534288
756.97095 39.0 19.409512
758.3223 39.0 19.444162
741.56116 39.0 19.014389
716.6892 39.0 18.376646
738.04626 39.0 18.924263
774.2732 39.0 19.853159
763.1889 39.0 19.568947
772.11005 39.0 19.797693
701.55005 39.0 17.988462
752.9159 39.0 19.305536
745.346 39.0 19.111437
729.12537 39.0 18.695522
721.01495 39.0 18.487562
721.5551 39.0 18.501413
738.0465 39.0 18.924269
730.4769 39.0 18.730177
757.782 39.0 19.430307
765.62256 39.0 19.631348
801.30817 39.0 20.546364
735.61383 39.0 18.861893
770.48804 39.0 19.756104
712.3636 39.0 18.265734
732.0992 39.0 18.771774
766.4328 39.0 19.652122
754.2672 39.0 19.340185
740.3409 40.0 18.508522
711.7207 40.0 17.793018
763.02094 40.0 19.075523
726.5704 40.0 18.164259
744.3908 40.0 18.60977
725.76025 40.0 18.144007
672.5701 40.0 16.814253
705.24054 40.0 17.631014
688.2305 40.0 17.205763
711.9905 40.0 17.799763
793.80035 40.0 19.845009
719.0104 40.0 17.97526
733.05023 40.0 18.326256
727.11035 40.0 18.17776
748.98016 40.0 18.724504
721.17065 40.0 18.029266
730.62067 40.0 18.265516
720.9006 40.0 18.022514
689.31067 40.0 17.232767
780.3 40.0 19.5075
782.1907 40.0 19.554768
730.6205 40.0 18.265512
694.4406 40.0 17.361015
720.63055 40.0 18.015764
705.5105 40.0 17.637762
721.44037 40.0 18.036009
722.79004 40.0 18.069752
679.3203 40.0 16.983007
746.8198 40.0 18.670496
733.86035 40.0 18.346508
713.3398 40.0 17.833494
727.11053 40.0 18.177763
737.10034 40.0 18.42751
721.1706 40.0 18.029264
736.2908 40.0 18.407269
733.8605 40.0 18.346512
708.48 40.0 17.712
702.8101 40.0 17.570253
764.1008 40.0 19.10252
760.8603 40.0 19.021507
690.3904 40.0 17.25976
727.9207 41.0 17.754164
707.4004 41.0 17.253668
731.16046 41.0 17.833181
748.71045 41.0 18.26123
735.2103 41.0 17.93196
704.70056 41.0 17.187819
757.0806 41.0 18.465382
743.5812 41.0 18.136126
711.72046 41.0 17.359035
720.6308 41.0 17.57636
758.4308 41.0 18.498312
709.2903 41.0 17.299763
746.8211 41.0 18.215149
687.96027 41.0 16.779518
747.3602 41.0 18.228298
721.4406 41.0 17.596113
719.2803 41.0 17.54342
710.1003 41.0 17.319519
763.02045 41.0 18.610254
757.62024 41.0 18.478542
712.5307 41.0 17.378798
739.26074 41.0 18.03075
741.6906 41.0 18.090015
743.58044 41.0 18.136108
750.8701 41.0 18.313906
748.17065 41.0 18.248064
759.2405 41.0 18.51806
703.8904 41.0 17.168058
724.4106 41.0 17.66855
721.1708 41.0 17.58953
735.4808 41.0 17.938555
736.29047 41.0 17.958303
684.4505 41.0 16.693914
684.9903 41.0 16.70708
731.9706 41.0 17.852942
737.1006 41.0 17.978064
695.52014 41.0 16.963905
759.5108 41.0 18.524654
723.3303 41.0 17.642202
731.7005 41.0 17.846354
701.1905 41.0 17.102207
759.5107 42.0 18.083588
763.29083 42.0 18.173592
670.6801 42.0 15.968574
718.2002 42.0 17.100004
767.6107 42.0 18.276445
726.5702 42.0 17.29929
728.1907 42.0 17.337873
723.33044 42.0 17.222153
726.3004 42.0 17.292868
730.0806 42.0 17.382872
682.2906 42.0 16.245014
702.00055 42.0 16.714298
697.1405 42.0 16.598583
677.7001 42.0 16.135715
724.68005 42.0 17.254288
726.0302 42.0 17.286434
681.7506 42.0 16.232157
719.01086 42.0 17.119307
695.7904 42.0 16.566439
720.63043 42.0 17.157867
679.3211 42.0 16.174313
707.94025 42.0 16.85572
754.65015 42.0 17.967861
690.66077 42.0 16.444304
731.7001 42.0 17.42143
716.3104 42.0 17.05501
687.96014 42.0 16.380003
725.22064 42.0 17.267159
672.0306 42.0 16.000729
760.5906 42.0 18.109299
744.39075 42.0 17.723589
660.9603 42.0 15.73715
714.96027 42.0 17.022863
694.44037 42.0 16.534294
699.84064 42.0 16.662872
749.2503 42.0 17.839293
727.3804 42.0 17.31858
687.96014 42.0 16.380003
659.3402 42.0 15.698576
709.83057 42.0 16.900728
747.63043 42.0 17.800724
663.39014 43.0 15.427677
697.6801 43.0 16.225119
729.5405 43.0 16.966059
744.3905 43.0 17.311407
711.45044 43.0 16.545359
687.6907 43.0 15.992806
716.5802 43.0 16.664656
709.56067 43.0 16.501411
729.5406 43.0 16.96606
697.1407 43.0 16.212574
711.45044 43.0 16.545359
673.11035 43.0 15.653729
702.00006 43.0 16.325583
738.4507 43.0 17.173271
710.1006 43.0 16.513968
668.79016 43.0 15.553259
672.5702 43.0 15.641167
717.93036 43.0 16.696054
695.79034 43.0 16.181171
708.4803 43.0 16.476286
704.70044 43.0 16.388382
702.00085 43.0 16.325602
698.49066 43.0 16.243969
694.7104 43.0 16.156055
706.8603 43.0 16.438612
728.4609 43.0 16.94095
728.73047 43.0 16.94722
705.2407 43.0 16.400948
706.8605 43.0 16.438616
682.5609 43.0 15.873509
659.6097 43.0 15.33976
662.5804 43.0 15.408846
669.0602 43.0 15.559539
721.44055 43.0 16.777687
680.4001 43.0 15.823258
680.9405 43.0 15.835826
757.3504 43.0 17.6128
699.0306 43.0 16.256525
714.4203 43.0 16.614426
694.98065 43.0 16.16234
703.62054 43.0 16.363268
646.1108 44.0 14.684336
733.5909 44.0 16.67252
714.1512 44.0 16.23071
690.3906 44.0 15.690697
678.24005 44.0 15.414546
715.23047 44.0 16.255238
676.8908 44.0 15.383882
687.42004 44.0 15.623183
741.6903 44.0 16.856598
735.4811 44.0 16.715479
719.2806 44.0 16.347286
706.5906 44.0 16.058876
704.43097 44.0 16.009794
669.87085 44.0 15.224338
699.57117 44.0 15.899345
650.69995 44.0 14.788635
710.64087 44.0 16.150928
719.0105 44.0 16.341148
686.0703 44.0 15.592507
732.7806 44.0 16.654104
677.16034 44.0 15.390008
697.1405 44.0 15.844102
730.35016 44.0 16.598867
665.82043 44.0 15.132282
701.19055 44.0 15.93615
697.41034 44.0 15.850235
706.0505 44.0 16.046602
703.6202 44.0 15.991368
700.92084 44.0 15.930018
695.7908 44.0 15.813427
694.4402 44.0 15.782731
650.1599 44.0 14.776361
720.0902 44.0 16.365686
667.71063 44.0 15.175241
710.64026 44.0 16.150915
690.9307 44.0 15.7029705
690.12024 44.0 15.684551
710.1003 44.0 16.138643
666.09045 44.0 15.138419
695.52057 44.0 15.807286
678.51105 44.0 15.420706
667.9805 45.0 14.844011
660.69073 45.0 14.682016
656.9099 45.0 14.597998
709.56085 45.0 15.768019
697.13995 45.0 15.491999
657.72046 45.0 14.616011
674.7306 45.0 14.994014
691.2007 45.0 15.360015
665.0106 45.0 14.778013
719.0103 45.0 15.978006
679.86053 45.0 15.108011
733.5901 45.0 16.302002
683.91034 45.0 15.198008
664.2004 45.0 14.760009
696.0603 45.0 15.468007
659.3402 45.0 14.652005
705.2404 45.0 15.672009
676.3503 45.0 15.030006
665.55096 45.0 14.790021
683.10016 45.0 15.180004
687.9606 45.0 15.2880125
671.2204 45.0 14.916009
653.6703 45.0 14.526006
643.68005 45.0 14.304001
655.8304 45.0 14.574009
718.7408 45.0 15.972017
692.2804 45.0 15.384009
653.94073 45.0 14.532016
668.52045 45.0 14.8560095
645.8404 45.0 14.352009
710.1005 45.0 15.780012
688.5003 45.0 15.300007
692.0104 45.0 15.378008
697.6805 45.0 15.50401
671.76044 45.0 14.92801
690.93054 45.0 15.3540125
686.6101 45.0 15.258002
697.9508 45.0 15.510017
696.33014 45.0 15.474003
674.7306 45.0 14.994013
716.8504 45.0 15.930009
655.83014 46.0 14.257176
700.9207 46.0 15.237407
725.2202 46.0 15.765656
675.5402 46.0 14.6856575
677.9701 46.0 14.73848
698.4903 46.0 15.184572
640.7105 46.0 13.92849
657.45026 46.0 14.292397
680.94006 46.0 14.803045
678.5103 46.0 14.750224
674.7299 46.0 14.668042
660.42035 46.0 14.356964
657.9903 46.0 14.304137
684.7208 46.0 14.885235
687.1503 46.0 14.93805
688.23083 46.0 14.96154
674.73016 46.0 14.668047
654.75085 46.0 14.233714
664.4708 46.0 14.445018
668.25024 46.0 14.527179
664.4704 46.0 14.445008
676.3501 46.0 14.703263
685.2607 46.0 14.896971
667.44086 46.0 14.509584
675.5402 46.0 14.6856575
709.02014 46.0 15.413482
642.33 46.0 13.9636965
647.1905 46.0 14.069358
651.5101 46.0 14.163262
650.1603 46.0 14.13392
656.3704 46.0 14.268922
651.2402 46.0 14.157395
668.2506 46.0 14.527187
723.6002 46.0 15.73044
660.42035 46.0 14.356964
663.6605 46.0 14.4274025
680.1304 46.0 14.785443
676.3503 46.0 14.703267
653.94073 46.0 14.216103
697.41095 46.0 15.161107
705.77985 46.0 15.3430395
663.6606 47.0 14.120438
682.29047 47.0 14.516818
693.6307 47.0 14.7581
659.88043 47.0 14.0400095
650.9702 47.0 13.85043
670.95026 47.0 14.2755375
651.5103 47.0 13.861921
656.9104 47.0 13.976817
676.6202 47.0 14.396174
642.3307 47.0 13.66661
650.97064 47.0 13.850439
676.0805 47.0 14.384692
651.2406 47.0 13.856183
684.99054 47.0 14.574266
686.61017 47.0 14.6087265
690.3907 47.0 14.689164
681.48035 47.0 14.499582
653.13043 47.0 13.896392
649.8904 47.0 13.8274555
672.3005 47.0 14.304266
629.0999 47.0 13.385104
634.23047 47.0 13.494266
648.27045 47.0 13.792989
624.78033 47.0 13.293199
670.6809 47.0 14.269806
650.97064 47.0 13.850439
640.44 47.0 13.626383
655.83 47.0 13.953831
675.8105 47.0 14.378946
642.6006 47.0 13.672353
678.77966 47.0 14.442121
668.2504 47.0 14.218095
687.6906 47.0 14.631715
661.77057 47.0 14.080225
669.8704 47.0 14.252562
666.6307 47.0 14.183631
660.1503 47.0 14.045752
677.43024 47.0 14.413409
663.93024 47.0 14.126176
677.43054 47.0 14.413416
648.5402 47.0 13.798728
654.75073 48.0 13.64064
640.44055 48.0 13.342512
658.80054 48.0 13.725011
653.6704 48.0 13.618134
603.18024 48.0 12.566255
640.4405 48.0 13.34251
692.81995 48.0 14.433748
654.7506 48.0 13.640637
645.30023 48.0 13.443755
655.29065 48.0 13.651889
661.77057 48.0 13.786887
641.7906 48.0 13.370637
689.85046 48.0 14.371884
667.4406 48.0 13.905013
652.05005 48.0 13.584375
640.4404 48.0 13.342508
655.02057 48.0 13.646262
670.41095 48.0 13.966895
667.1703 48.0 13.899381
651.78033 48.0 13.578757
653.6702 48.0 13.61813
638.8204 48.0 13.308758
630.72076 48.0 13.140016
646.65 48.0 13.471875
649.08057 48.0 13.522512
625.0504 48.0 13.021883
663.3903 48.0 13.820632
662.0404 48.0 13.792508
683.1007 48.0 14.231265
669.6004 48.0 13.950008
672.84033 48.0 14.017508
680.1303 48.0 14.169381
648.27075 48.0 13.505641
652.8602 48.0 13.601254
620.46063 48.0 12.926263
670.9502 48.0 13.978129
623.16064 48.0 12.982513
645.5705 48.0 13.449386
640.7101 48.0 13.348126
682.0204 48.0 14.208757
636.93005 48.0 13.269376
642.0606 49.0 13.103278
646.6504 49.0 13.196947
625.0505 49.0 12.756132
637.2004 49.0 13.004089
644.7606 49.0 13.15838
662.04065 49.0 13.511034
666.6304 49.0 13.604702
686.34064 49.0 14.006952
639.63074 49.0 13.053688
615.0601 49.0 12.552247
669.6002 49.0 13.665311
633.15027 49.0 12.921434
599.1302 49.0 12.227146
646.3802 49.0 13.191432
676.3506 49.0 13.803073
655.5608 49.0 13.378792
625.3206 49.0 12.761645
673.1101 49.0 13.73694
663.1205 49.0 13.533071
660.15015 49.0 13.472452
633.41986 49.0 12.926936
664.7405 49.0 13.566132
636.3905 49.0 12.987561
607.5005 49.0 12.397969
613.4406 49.0 12.5191965
664.20013 49.0 13.555105
654.211 49.0 13.351245
638.0102 49.0 13.020617
632.07 49.0 12.899388
646.9209 49.0 13.202467
650.9706 49.0 13.285113
677.4311 49.0 13.825124
648.2705 49.0 13.23001
668.52026 49.0 13.6432705
605.6104 49.0 12.359396
692.55035 49.0 14.133681
636.66095 49.0 12.99308
659.07056 49.0 13.450419
601.0201 49.0 12.265716
643.14044 49.0 13.125315
641.24994 49.0 13.086733
630.18036 50.0 12.603607
627.4803 50.0 12.549605
652.8604 50.0 13.057208
617.2201 50.0 12.344402
634.7705 50.0 12.695411
652.0503 50.0 13.041006
625.5905 50.0 12.51181
593.4604 50.0 11.869207
619.9204 50.0 12.398408
617.49 50.0 12.3498
600.4799 50.0 12.009599
634.5004 50.0 12.690008
638.82043 50.0 12.776408
621.81 50.0 12.4362
609.1203 50.0 12.182406
663.3906 50.0 13.267813
624.7806 50.0 12.495611
645.301 50.0 12.906021
636.9303 50.0 12.738606
635.3105 50.0 12.70621
662.8504 50.0 13.257008
653.4001 50.0 13.068002
611.5504 50.0 12.231009
638.28064 50.0 12.765613
626.94055 50.0 12.538811
623.9701 50.0 12.479402
637.2004 50.0 12.744008
657.99023 50.0 13.159805
644.22015 50.0 12.884403
656.6407 50.0 13.132813
626.40027 50.0 12.528006
636.6604 50.0 12.733208
649.8903 50.0 12.997807
628.83026 50.0 12.576606
641.79034 50.0 12.835807
603.4501 50.0 12.069001
621.81024 50.0 12.436205
645.8405 50.0 12.91681
642.33075 50.0 12.846615
648.27057 50.0 12.965411
635.0404 50.0 12.700808
631.5305 51.0 12.382952
603.7202 51.0 11.837651
635.31067 51.0 12.457072
617.2204 51.0 12.102361
617.76025 51.0 12.1129465
626.4007 51.0 12.282367
640.7104 51.0 12.562948
586.4401 51.0 11.498826
638.2806 51.0 12.5153055
634.50006 51.0 12.441177
625.32 51.0 12.261177
623.7004 51.0 12.229419
608.3105 51.0 11.927656
625.5908 51.0 12.266486
616.14087 51.0 12.081194
611.2806 51.0 11.985894
620.73004 51.0 12.171177
665.0109 51.0 13.03943
620.46063 51.0 12.1658945
629.1004 51.0 12.335302
612.3601 51.0 12.007061
625.86 51.0 12.271765
643.95044 51.0 12.626479
611.8203 51.0 11.996476
604.2603 51.0 11.848242
622.8904 51.0 12.213537
645.3005 51.0 12.65295
632.88055 51.0 12.409423
606.69025 51.0 11.895887
628.02045 51.0 12.314126
631.2605 51.0 12.377657
613.7104 51.0 12.033537
619.92053 51.0 12.155305
630.99066 51.0 12.372366
621.27026 51.0 12.181769
628.2905 51.0 12.319422
592.92 51.0 11.625882
648.0002 51.0 12.705886
632.0697 51.0 12.393524
642.0601 51.0 12.589414
627.21045 51.0 12.298244
592.65015 52.0 11.397118
583.47034 52.0 11.220584
621.5405 52.0 11.9527025
596.7003 52.0 11.475006
569.1597 52.0 10.945379
643.14044 52.0 12.368085
614.79047 52.0 11.822894
578.61005 52.0 11.127116
619.65063 52.0 11.916358
607.4999 52.0 11.68269
579.1506 52.0 11.137511
592.65027 52.0 11.39712
590.76056 52.0 11.36078
640.1705 52.0 12.31097
610.20044 52.0 11.734624
573.75024 52.0 11.033658
622.8905 52.0 11.978663
645.8405 52.0 12.42001
606.42 52.0 11.661922
643.68 52.0 12.378461
617.49023 52.0 11.874812
622.62067 52.0 11.9734745
604.5306 52.0 11.625588
607.5005 52.0 11.682702
629.10046 52.0 12.098085
588.8705 52.0 11.324432
587.2506 52.0 11.293281
640.98047 52.0 12.326548
581.5801 52.0 11.184233
577.8001 52.0 11.111541
585.0901 52.0 11.251733
595.6206 52.0 11.454243
606.4201 52.0 11.661925
573.4802 52.0 11.028465
626.94037 52.0 12.056545
624.77997 52.0 12.014999
640.44006 52.0 12.3161545
579.96014 52.0 11.15308
567.8102 52.0 10.919426
627.48016 52.0 12.066926
602.3702 52.0 11.584042
604.56067 52.999996 11.406806
592.39923 52.999996 11.177344
610.2366 52.999996 11.513898
612.9388 52.999996 11.564883
591.85815 52.999996 11.167135
612.93866 52.999996 11.564881
603.2093 52.999996 11.381309
613.20905 52.999996 11.569983
619.1539 52.999996 11.68215
614.56 52.999996 11.595472
600.2364 52.999996 11.325215
620.50586 52.999996 11.707659
581.5884 52.999996 10.973367
581.0487 52.999996 10.963184
565.37354 52.999996 10.667426
602.6689 52.999996 11.371112
609.96594 52.999996 11.508792
625.10004 52.999996 11.794341
613.47876 52.999996 11.575071
591.0474 52.999996 11.151839
608.8847 52.999996 11.488392
591.85864 52.999996 11.167145
588.61554 52.999996 11.105954
594.83124 52.999996 11.223232
588.88586 52.999996 11.111054
609.96515 52.999996 11.508777
620.23553 52.999996 11.7025585
603.2095 52.999996 11.381311
613.7494 52.999996 11.580178
598.3442 52.999996 11.289514
637.2609 52.999996 12.023792
558.3475 52.999996 10.534859
600.77716 52.999996 11.335419
564.292 52.999996 10.647019
577.80493 52.999996 10.90198
605.3711 52.999996 11.422097
587.8049 52.999996 11.090658
628.07294 52.999996 11.850433
608.8845 52.999996 11.488388
618.88416 52.999996 11.67706
600.7773 52.999996 11.335422
573.7504 54.000004 10.625008
602.91077 54.000004 11.165013
604.26056 54.000004 11.190009
606.1501 54.000004 11.225001
608.3106 54.000004 11.265011
582.9301 54.000004 10.795001
575.37067 54.000004 10.655011
591.84064 54.000004 10.9600115
578.3403 54.000004 10.710005
584.5504 54.000004 10.825007
579.6903 54.000004 10.735004
598.5907 54.000004 11.085012
581.0407 54.000004 10.760013
580.7704 54.000004 10.755007
595.0802 54.000004 11.020003
569.9701 54.000004 10.555001
566.4601 54.000004 10.490001
596.43005 54.000004 11.045
558.0901 54.000004 10.335001
590.2206 54.000004 10.93001
579.4204 54.000004 10.730007
598.5904 54.000004 11.085007
581.58026 54.000004 10.770004
571.0505 54.000004 10.575008
622.0806 54.000004 11.520011
605.6096 54.000004 11.214993
602.6403 54.000004 11.160005
579.42004 54.000004 10.7300005
570.51025 54.000004 10.565003
627.21014 54.000004 11.615002
558.9004 54.000004 10.350006
609.12054 54.000004 11.280009
567.2705 54.000004 10.505009
614.5204 54.000004 11.380007
574.83057 54.000004 10.64501
577.2602 54.000004 10.690002
593.19025 54.000004 10.985003
608.3103 54.000004 11.265005
584.8204 54.000004 10.830007
623.70013 54.000004 11.550001
594.54034 54.000004 11.010006
571.86017 55.0 10.397458
577.2603 55.0 10.495642
566.19 55.0 10.294364
569.4304 55.0 10.35328
584.8204 55.0 10.633098
609.9301 55.0 11.089639
623.16034 55.0 11.330188
581.3103 55.0 10.569278
603.7201 55.0 10.976728
587.5201 55.0 10.682183
584.5503 55.0 10.628187
584.0103 55.0 10.618369
579.42 55.0 10.534908
578.07007 55.0 10.510365
579.69037 55.0 10.5398245
589.94995 55.0 10.726363
571.0504 55.0 10.382735
595.3501 55.0 10.824548
578.34015 55.0 10.515276
558.6302 55.0 10.156913
586.98065 55.0 10.672376
554.04004 55.0 10.073455
589.1402 55.0 10.71164
606.1501 55.0 11.02091
583.2002 55.0 10.60364
588.0605 55.0 10.692009
579.6901 55.0 10.539821
586.1702 55.0 10.65764
591.57043 55.0 10.755826
593.7303 55.0 10.795096
550.5303 55.0 10.009642
567.54047 55.0 10.318917
546.75024 55.0 9.940913
594.81024 55.0 10.814732
606.6907 55.0 11.03074
613.17004 55.0 11.148546
576.98987 55.0 10.490725
581.8508 55.0 10.579106
582.66034 55.0 10.593824
583.47003 55.0 10.608546
596.43005 55.0 10.844183
569.42993 56.0 10.168392
556.7402 56.0 9.941789
562.6803 56.0 10.047863
563.22 56.0 10.0575
555.12054 56.0 9.912867
588.6 56.0 10.510714
563.2199 56.0 10.057498
574.29 56.0 10.255178
555.12024 56.0 9.912861
579.96027 56.0 10.356433
597.7802 56.0 10.674646
572.9407 56.0 10.231084
544.8603 56.0 9.729648
565.11017 56.0 10.091253
566.1905 56.0 10.110544
584.55054 56.0 10.438402
591.03 56.0 10.554108
583.47064 56.0 10.419119
564.84 56.0 10.086429
576.18 56.0 10.288928
575.37024 56.0 10.274468
571.5901 56.0 10.206966
559.17 56.0 9.985178
608.0403 56.0 10.857862
557.8199 56.0 9.961069
543.2404 56.0 9.700722
571.05005 56.0 10.197322
580.50073 56.0 10.366084
565.92053 56.0 10.105724
531.36 56.0 9.488571
570.51013 56.0 10.187681
613.71014 56.0 10.959109
568.8898 56.0 10.158746
591.03 56.0 10.554108
595.6204 56.0 10.636079
597.2398 56.0 10.664996
549.7201 56.0 9.81643
566.1902 56.0 10.110539
523.80005 56.0 9.353573
542.6997 56.0 9.691067
570.7805 56.0 10.19251
521.3701 57.0 9.146844
539.7299 57.0 9.4689455
578.3404 57.0 10.146322
538.1099 57.0 9.440525
553.2299 57.0 9.705788
575.6406 57.0 10.098958
569.69977 57.0 9.994733
535.6803 57.0 9.3979
572.94073 57.0 10.051592
539.4596 57.0 9.464203
563.2201 57.0 9.881054
564.57 57.0 9.9047365
596.4304 57.0 10.463692
566.73 57.0 9.942632
569.9699 57.0 9.999472
547.0208 57.0 9.596856
555.6603 57.0 9.748426
563.49005 57.0 9.88579
559.71 57.0 9.819474
531.0901 57.0 9.317369
570.51 57.0 10.008947
552.96027 57.0 9.701057
547.02057 57.0 9.596852
569.9694 57.0 9.999464
532.43994 57.0 9.341052
548.36993 57.0 9.620525
572.1303 57.0 10.037374
567.81024 57.0 9.961583
545.6702 57.0 9.573162
554.58026 57.0 9.729478
529.7398 57.0 9.293681
562.9506 57.0 9.876327
554.04004 57.0 9.72
551.34 57.0 9.672632
550.25964 57.0 9.653678
550.5303 57.0 9.658425
571.3207 57.0 10.0231695
600.4803 57.0 10.534741
543.5105 57.0 9.535272
571.32007 57.0 10.023159
565.1105 57.0 9.914219
537.8398 58.0 9.2731
532.1699 58.0 9.1753435
547.5598 58.0 9.440686
570.78 58.0 9.841035
519.48 58.0 8.956552
551.88043 58.0 9.51518
547.29004 58.0 9.436035
542.9701 58.0 9.361553
560.52014 58.0 9.664141
572.67035 58.0 9.873627
539.4599 58.0 9.301033
539.19 58.0 9.296379
530.5499 58.0 9.147412
554.85034 58.0 9.566385
524.60986 58.0 9.044998
555.93005 58.0 9.585001
556.4701 58.0 9.594312
574.56036 58.0 9.906213
553.5 58.0 9.543103
547.56055 58.0 9.4407
530.8201 58.0 9.152071
530.54987 58.0 9.147411
514.62006 58.0 8.87276
530.5501 58.0 9.147416
545.94025 58.0 9.412763
525.15015 58.0 9.054313
514.6201 58.0 8.872761
545.4002 58.0 9.403452
560.5197 58.0 9.664133
562.95 58.0 9.706035
530.8205 58.0 9.152078
550.2603 58.0 9.4872465
585.0903 58.0 10.087764
535.6803 58.0 9.2358675
558.09015 58.0 9.622244
552.1497 58.0 9.519823
545.13007 58.0 9.398794
541.07996 58.0 9.328965
534.8696 58.0 9.22189
544.31995 58.0 9.384827
540.2702 58.0 9.315003
529.10864 58.999996 8.967943
517.75867 58.999996 8.775571
550.9972 58.999996 9.338936
538.5668 58.999996 9.128251
542.0794 58.999996 9.187787
500.19385 58.999996 8.477862
545.3221 58.999996 9.242748
538.2957 58.999996 9.123656
526.40607 58.999996 8.922137
548.83496 58.999996 9.302288
525.8657 58.999996 8.912979
556.6721 58.999996 9.435122
551.53754 58.999996 9.348094
526.6763 58.999996 8.926717
558.5638 58.999996 9.467183
537.21564 58.999996 9.1053505
546.1331 58.999996 9.2564945
547.214 58.999996 9.274814
542.3495 58.999996 9.192365
531.27 58.999996 9.004578
523.16345 58.999996 8.867178
556.13153 58.999996 9.425959
520.73145 58.999996 8.825957
533.97253 58.999996 9.050383
519.3807 58.999996 8.803062
541.26904 58.999996 9.174052
540.45807 58.999996 9.160307
526.6763 58.999996 8.926717
557.4826 58.999996 9.448858
547.484 58.999996 9.27939
521.001 58.999996 8.830525
532.62164 58.999996 9.027486
547.214 58.999996 9.274814
555.3209 58.999996 9.41222
539.91705 58.999996 9.151137
542.3495 58.999996 9.192365
529.6489 58.999996 8.977101
543.701 58.999996 9.215272
545.86273 58.999996 9.251911
533.43146 58.999996 9.041212
570.1834 58.999996 9.664126
517.58984 60.000004 8.626497
494.3698 60.000004 8.239496
501.12012 60.000004 8.352001
506.79007 60.000004 8.446501
530.5501 60.000004 8.842502
523.25946 60.000004 8.72099
507.0602 60.000004 8.451003
536.4903 60.000004 8.9415045
521.3696 60.000004 8.689493
559.1702 60.000004 9.319503
541.0798 60.000004 9.017996
523.7999 60.000004 8.729999
527.31 60.000004 8.7885
517.5898 60.000004 8.626495
517.59 60.000004 8.6265
512.1898 60.000004 8.536496
534.32996 60.000004 8.9054985
511.11017 60.000004 8.518502
524.61 60.000004 8.743499
520.2898 60.000004 8.671496
525.42017 60.000004 8.757002
519.7501 60.000004 8.662501
519.75024 60.000004 8.662503
511.65015 60.000004 8.527502
504.35986 60.000004 8.405997
533.24994 60.000004 8.887499
508.94986 60.000004 8.482497
518.12964 60.000004 8.635493
520.0198 60.000004 8.666996
536.22015 60.000004 8.937002
534.0599 60.000004 8.900997
528.1202 60.000004 8.802003
538.1105 60.000004 8.968508
542.16003 60.000004 9.036
528.9303 60.000004 8.815504
519.20984 60.000004 8.653497
536.4901 60.000004 8.941502
538.11053 60.000004 8.968509
520.8299 60.000004 8.680498
514.6198 60.000004 8.576996
539.73016 60.000004 8.995502
517.8601 61.0 8.48951
512.9999 61.0 8.409834
484.6499 61.0 7.9450803
526.5001 61.0 8.631149
536.4901 61.0 8.79492
493.0197 61.0 8.082291
506.2501 61.0 8.299182
540.80975 61.0 8.865734
505.70947 61.0 8.290319
523.5302 61.0 8.582462
524.34033 61.0 8.595743
510.30023 61.0 8.365578
513.8097 61.0 8.42311
527.85004 61.0 8.653279
502.7401 61.0 8.241641
503.82034 61.0 8.25935
538.37994 61.0 8.825901
511.11008 61.0 8.378854
528.93036 61.0 8.670989
518.93994 61.0 8.507213
524.3397 61.0 8.595734
526.2298 61.0 8.626718
511.3798 61.0 8.383275
501.11978 61.0 8.215078
510.2996 61.0 8.365567
525.15 61.0 8.609016
515.1596 61.0 8.445239
516.5097 61.0 8.467372
539.1905 61.0 8.839189
531.90015 61.0 8.719674
523.2597 61.0 8.578028
513.5397 61.0 8.418683
518.6695 61.0 8.502779
499.49982 61.0 8.188521
495.71936 61.0 8.126547
512.7299 61.0 8.405409
509.75986 61.0 8.356719
512.7298 61.0 8.405407
526.22974 61.0 8.626717
510.83945 61.0 8.374417
487.07968 61.0 7.984913
507.8702 62.0 8.191455
517.31995 62.0 8.34387
499.49988 62.0 8.05645
483.56973 62.0 7.799512
496.52966 62.0 8.008543
483.02985 62.0 7.790804
498.4201 62.0 8.039034
471.68924 62.0 7.607891
488.15976 62.0 7.8735447
485.18985 62.0 7.8256426
508.9499 62.0 8.208869
491.93985 62.0 7.9345136
520.82996 62.0 8.400483
503.2797 62.0 8.117414
486.2697 62.0 7.84306
500.5798 62.0 8.073868
469.25937 62.0 7.5686994
524.34 62.0 8.457097
497.34003 62.0 8.021613
495.17993 62.0 7.986773
500.85007 62.0 8.078227
534.8701 62.0 8.626938
473.84946 62.0 7.642733
500.3098 62.0 8.069513
525.1501 62.0 8.470162
490.85974 62.0 7.917093
496.7996 62.0 8.012897
492.20938 62.0 7.938861
507.32983 62.0 8.182739
523.79987 62.0 8.448385
505.44006 62.0 8.152259
496.7994 62.0 8.012894
525.6898 62.0 8.4788685
514.62 62.0 8.300323
492.74988 62.0 7.9475784
496.79987 62.0 8.012901
490.85947 62.0 7.917088
493.01987 62.0 7.9519334
532.98004 62.0 8.596453
518.13 62.0 8.3569355
525.6903 62.0 8.478876
466.82962 63.0 7.409994
457.10953 63.0 7.255707
468.44946 63.0 7.4357057
492.4802 63.0 7.817146
518.4 63.0 8.228572
493.01917 63.0 7.825701
497.06973 63.0 7.8899956
490.8596 63.0 7.791422
491.39987 63.0 7.799998
483.8395 63.0 7.679992
477.35938 63.0 7.5771327
491.66953 63.0 7.8042784
468.44955 63.0 7.435707
469.25934 63.0 7.4485607
475.7399 63.0 7.551427
495.44962 63.0 7.8642797
484.10995 63.0 7.684285
490.5897 63.0 7.787138
474.11978 63.0 7.5257106
487.88953 63.0 7.744278
503.5502 63.0 7.9928603
492.4798 63.0 7.8171396
500.31015 63.0 7.941431
493.82974 63.0 7.8385673
504.35983 63.0 8.005712
502.19983 63.0 7.971426
494.3697 63.0 7.847138
503.00955 63.0 7.9842787
501.3897 63.0 7.9585667
473.57947 63.0 7.517134
483.56958 63.0 7.675708
481.6794 63.0 7.6457047
469.79944 63.0 7.457134
485.18967 63.0 7.701423
464.1294 63.0 7.367133
487.6197 63.0 7.739995
491.12997 63.0 7.795714
487.62 63.0 7.74
480.5996 63.0 7.6285653
494.3697 63.0 7.847138
498.41977 63.0 7.911425
454.6792 64.0 7.1043625
474.11954 64.0 7.408118
454.40942 64.0 7.1001472
467.6395 64.0 7.306867
470.33905 64.0 7.3490477
481.40985 64.0 7.522029
481.1395 64.0 7.5178046
486.53946 64.0 7.602179
483.56976 64.0 7.5557775
473.30966 64.0 7.3954635
468.1797 64.0 7.3153076
468.4494 64.0 7.319522
472.7701 64.0 7.387033
484.38007 64.0 7.5684385
487.0796 64.0 7.6106186
484.10938 64.0 7.564209
487.6198 64.0 7.6190596
483.83966 64.0 7.5599947
475.19977 64.0 7.4249964
501.65958 64.0 7.838431
479.24982 64.0 7.4882784
485.4598 64.0 7.5853095
490.5895 64.0 7.665461
456.56958 64.0 7.1338997
475.73965 64.0 7.433432
488.96997 64.0 7.640156
457.10922 64.0 7.1423316
471.15024 64.0 7.3617225
486.80948 64.0 7.606398
488.69977 64.0 7.635934
456.56943 64.0 7.1338973
447.65942 64.0 6.9946785
491.12988 64.0 7.6739044
477.35938 64.0 7.45874
437.66904 64.0 6.8385787
467.6393 64.0 7.3068643
470.3393 64.0 7.3490515
480.5997 64.0 7.5093703
449.27954 64.0 7.019993
468.9896 64.0 7.3279624
510.02988 64.0 7.969217
464.66983 65.0 7.1487665
451.7094 65.0 6.9493756
481.13977 65.0 7.40215
470.06955 65.0 7.231839
447.65912 65.0 6.8870635
449.5494 65.0 6.916145
482.21957 65.0 7.4187627
460.88947 65.0 7.090607
472.22992 65.0 7.2650757
454.13934 65.0 6.986759
457.91943 65.0 7.0449142
460.34946 65.0 7.082299
475.46957 65.0 7.3149166
470.06934 65.0 7.231836
450.35925 65.0 6.928604
461.42905 65.0 7.0989084
481.68002 65.0 7.410462
451.70938 65.0 6.949375
489.23932 65.0 7.5267587
468.7195 65.0 7.2110696
479.24942 65.0 7.373068
464.6692 65.0 7.148757
488.96988 65.0 7.5226135
474.38962 65.0 7.2983017
473.5796 65.0 7.28584
437.93945 65.0 6.73753
470.87958 65.0 7.2443013
447.6592 65.0 6.887065
470.8794 65.0 7.2442985
472.2295 65.0 7.265069
440.0994 65.0 6.77076
463.5894 65.0 7.1321445
479.51938 65.0 7.377221
447.3892 65.0 6.8829107
440.639 65.0 6.779062
474.1196 65.0 7.2941475
464.12952 65.0 7.1404543
455.75937 65.0 7.0116825
450.08945 65.0 6.9244533
488.42975 65.0 7.5143037
470.87958 65.0 7.2443013
456.29932 66.0 6.913626
426.86932 66.0 6.467717
451.16895 66.0 6.835893
470.3397 66.0 7.126359
463.3195 66.0 7.0199924
461.9693 66.0 6.9995346
466.8301 66.0 7.0731835
455.48926 66.0 6.9013524
469.79956 66.0 7.118175
448.73938 66.0 6.7990813
484.64954 66.0 7.343175
443.06934 66.0 6.713172
448.19934 66.0 6.7908993
471.41937 66.0 7.142718
481.13974 66.0 7.289996
453.5992 66.0 6.8727155
463.04956 66.0 7.0159025
456.29935 66.0 6.9136267
445.76974 66.0 6.754087
459.53946 66.0 6.962719
457.91937 66.0 6.9381723
446.84937 66.0 6.770445
445.4993 66.0 6.7499895
444.14917 66.0 6.7295327
454.13956 66.0 6.8809023
471.41946 66.0 7.1427193
441.71933 66.0 6.692717
468.98972 66.0 7.1059046
449.2794 66.0 6.8072634
428.219 66.0 6.488167
439.55927 66.0 6.659989
462.50934 66.0 7.007717
457.64957 66.0 6.9340844
455.75964 66.0 6.905449
459.26953 66.0 6.958629
461.96945 66.0 6.999537
423.35928 66.0 6.4145346
456.2991 66.0 6.913623
448.73932 66.0 6.7990804
456.5694 66.0 6.917718
443.33914 66.0 6.71726
431.99915 67.0 6.4477487
439.55905 67.0 6.5605826
443.3392 67.0 6.617003
455.75943 67.0 6.8023796
430.10916 67.0 6.41954
454.67957 67.0 6.786262
463.31924 67.0 6.9152126
454.1393 67.0 6.7781987
448.73926 67.0 6.697601
427.9493 67.0 6.3873034
422.81918 67.0 6.3107343
444.41898 67.0 6.633119
436.5892 67.0 6.516257
467.36963 67.0 6.975666
450.62952 67.0 6.725814
449.81967 67.0 6.7137265
490.04987 67.0 7.314177
431.45908 67.0 6.4396877
440.36914 67.0 6.572674
458.18942 67.0 6.8386483
436.58884 67.0 6.516251
440.9095 67.0 6.5807385
439.82916 67.0 6.5646143
439.5593 67.0 6.5605865
448.46915 67.0 6.693569
443.33917 67.0 6.6170025
461.15936 67.0 6.8829756
431.99936 67.0 6.4477515
432.2688 67.0 6.451773
436.04886 67.0 6.508192
458.1893 67.0 6.8386464
431.99933 67.0 6.447751
450.3594 67.0 6.721782
434.15915 67.0 6.479987
455.75974 67.0 6.802384
456.02905 67.0 6.8064036
429.83905 67.0 6.4155083
448.73926 67.0 6.697601
431.99927 67.0 6.44775
457.10904 67.0 6.822523
415.7988 67.0 6.205952
430.64886 68.0 6.3330717
424.70883 68.0 6.245718
437.93878 68.0 6.440276
424.16956 68.0 6.2377877
434.4291 68.0 6.3886633
451.4392 68.0 6.638812
434.6991 68.0 6.392634
430.37927 68.0 6.329107
433.34906 68.0 6.3727803
433.34903 68.0 6.37278
423.62912 68.0 6.22984
419.30896 68.0 6.1663084
438.47913 68.0 6.4482226
433.889 68.0 6.3807206
445.49918 68.0 6.5514584
435.50894 68.0 6.4045434
437.66913 68.0 6.436311
445.22925 68.0 6.547489
423.89926 68.0 6.233813
435.23886 68.0 6.4005713
432.53912 68.0 6.3608694
433.34912 68.0 6.3727813
421.46918 68.0 6.1980762
427.40918 68.0 6.285429
427.40897 68.0 6.285426
422.00912 68.0 6.2060165
449.8194 68.0 6.614991
423.89893 68.0 6.2338076
444.41943 68.0 6.5355797
441.17944 68.0 6.487933
432.8094 68.0 6.364844
439.0193 68.0 6.456166
437.39886 68.0 6.4323363
418.22925 68.0 6.15043
445.49963 68.0 6.551465
436.58902 68.0 6.420427
430.3791 68.0 6.3291044
433.0792 68.0 6.3688116
416.87875 68.0 6.13057
400.949 68.0 5.896309
433.07907 68.0 6.3688097
430.37924 69.0 6.2373805
428.7592 69.0 6.213901
419.03888 69.0 6.073027
422.819 69.0 6.1278114
413.099 69.0 5.986942
428.21948 69.0 6.2060795
430.9191 69.0 6.2452044
423.089 69.0 6.1317244
425.7891 69.0 6.1708565
394.73874 69.0 5.7208514
415.52905 69.0 6.02216
409.31863 69.0 5.932154
443.87912 69.0 6.4330306
402.02902 69.0 5.8265076
421.4686 69.0 6.1082406
410.39883 69.0 5.947809
423.62915 69.0 6.139553
406.88867 69.0 5.8969374
417.95908 69.0 6.057378
440.90903 69.0 6.389986
427.40887 69.0 6.1943316
417.14877 69.0 6.0456343
416.33896 69.0 6.033898
422.27878 69.0 6.1199822
428.75912 69.0 6.2139006
423.62897 69.0 6.13955
430.91904 69.0 6.2452035
442.52924 69.0 6.4134674
445.22952 69.0 6.452602
411.7487 69.0 5.9673724
421.46902 69.0 6.108247
424.16907 69.0 6.147378
421.46893 69.0 6.1082454
417.6888 69.0 6.053461
414.4488 69.0 6.006504
421.73892 69.0 6.1121583
418.499 69.0 6.0652027
411.74884 69.0 5.9673743
416.069 69.0 6.0299854
414.989 69.0 6.0143337
396.62878 69.0 5.7482433
409.58893 70.0 5.85127
405.53867 70.0 5.7934093
402.83884 70.0 5.7548404
420.11908 70.0 6.0017014
408.23853 70.0 5.831979
426.0589 70.0 6.0865555
389.87915 70.0 5.569702
400.94897 70.0 5.7278423
408.5089 70.0 5.8358417
416.33878 70.0 5.9476967
434.15933 70.0 6.202276
417.95883 70.0 5.9708405
389.0688 70.0 5.5581255
420.38885 70.0 6.005555
412.55896 70.0 5.8936996
422.27887 70.0 6.032555
390.68887 70.0 5.5812697
384.47864 70.0 5.492552
409.58878 70.0 5.8512683
421.4691 70.0 6.020987
406.3489 70.0 5.8049846
391.22885 70.0 5.5889835
397.9787 70.0 5.68541
418.2286 70.0 5.9746943
407.15884 70.0 5.816555
407.969 70.0 5.8281283
396.0888 70.0 5.6584115
422.27872 70.0 6.032553
400.409 70.0 5.7201285
407.69894 70.0 5.8242707
413.09885 70.0 5.901412
410.39902 70.0 5.862843
405.8087 70.0 5.797267
421.46906 70.0 6.0209866
393.38907 70.0 5.619844
412.28918 70.0 5.8898454
393.1189 70.0 5.6159844
407.69873 70.0 5.8242674
409.85876 70.0 5.8551254
407.15884 70.0 5.816555
425.78903 70.0 6.0827003
401.4888 71.0 5.654772
396.89883 71.0 5.5901246
379.34894 71.0 5.3429427
409.04898 71.0 5.7612534
382.3191 71.0 5.384776
395.2791 71.0 5.5673113
379.34875 71.0 5.3429403
396.0887 71.0 5.5787144
387.7189 71.0 5.4608297
406.07883 71.0 5.71942
377.45886 71.0 5.316322
377.99857 71.0 5.3239236
400.40872 71.0 5.6395593
420.92886 71.0 5.9285755
371.51907 71.0 5.232663
381.77878 71.0 5.377166
404.72903 71.0 5.700409
398.24893 71.0 5.60914
377.45895 71.0 5.3163233
384.209 71.0 5.4113946
393.38852 71.0 5.5406833
390.41888 71.0 5.4988575
392.3088 71.0 5.525476
394.739 71.0 5.5597043
391.4989 71.0 5.514069
400.1386 71.0 5.635755
385.82904 71.0 5.4342117
399.86908 71.0 5.631959
406.61853 71.0 5.7270217
392.03873 71.0 5.5216722
394.19885 71.0 5.5520964
362.8789 71.0 5.1109705
403.9188 71.0 5.6889973
397.70886 71.0 5.6015334
397.70865 71.0 5.60153
403.37885 71.0 5.681392
414.17896 71.0 5.8335066
418.49927 71.0 5.894356
396.3587 71.0 5.582517
387.44858 71.0 5.457022
390.95874 71.0 5.506461
371.24884 72.0 5.156234
392.57898 72.0 5.452486
396.62897 72.0 5.5087357
391.22867 72.0 5.4337316
387.44882 72.0 5.3812337
404.7287 72.0 5.621232
385.5588 72.0 5.3549833
390.95874 72.0 5.4299827
390.14856 72.0 5.41873
370.43893 72.0 5.144985
390.1487 72.0 5.418732
397.43875 72.0 5.519983
369.62872 72.0 5.1337323
398.78882 72.0 5.5387335
393.9287 72.0 5.471232
391.22873 72.0 5.4337325
389.06876 72.0 5.403733
367.73898 72.0 5.107486
396.08887 72.0 5.501234
390.41852 72.0 5.4224796
382.58902 72.0 5.3137364
382.31897 72.0 5.3099856
392.0387 72.0 5.444982
375.56885 72.0 5.216234
419.5792 72.0 5.827489
384.20886 72.0 5.336234
372.32858 72.0 5.1712303
373.94904 72.0 5.1937366
377.99878 72.0 5.249983
373.67886 72.0 5.1899843
372.32892 72.0 5.171235
367.46902 72.0 5.1037364
375.29883 72.0 5.212484
387.98874 72.0 5.3887324
388.2588 72.0 5.392483
406.88873 72.0 5.6512322
389.60873 72.0 5.4112325
376.91867 72.0 5.2349815
369.6291 72.0 5.1337376
368.00885 72.0 5.111234
407.9688 72.0 5.6662335
369.35883 73.0 5.05971
367.4688 73.0 5.033819
378.26892 73.0 5.181766
382.8587 73.0 5.24464
346.40897 73.0 4.7453284
367.46884 73.0 5.0338197
387.4488 73.0 5.3075175
377.45877 73.0 5.170668
372.05878 73.0 5.0966954
365.0389 73.0 5.000533
366.3888 73.0 5.0190244
380.6989 73.0 5.2150536
358.82874 73.0 4.915462
388.79874 73.0 5.32601
358.28876 73.0 4.9080653
363.95874 73.0 4.9857364
364.2287 73.0 4.9894342
367.19904 73.0 5.0301237
377.4587 73.0 5.170667
369.35864 73.0 5.0597076
385.82904 73.0 5.2853293
364.2287 73.0 4.9894342
356.12897 73.0 4.878479
369.8988 73.0 5.0671067
362.609 73.0 4.9672465
385.82886 73.0 5.285327
389.609 73.0 5.3371096
387.4491 73.0 5.307522
386.36865 73.0 5.2927213
368.27902 73.0 5.044918
393.11877 73.0 5.3851886
370.16885 73.0 5.070806
399.32874 73.0 5.470257
368.00873 73.0 5.0412154
379.88858 73.0 5.2039533
357.479 73.0 4.8969727
360.17917 73.0 4.9339614
365.84888 73.0 5.0116286
339.11908 73.0 4.645467
361.79883 73.0 4.956148
373.67877 73.0 5.1188874
371.78882 74.0 5.0241733
360.71875 74.0 4.8745775
365.57922 74.0 4.94026
363.68878 74.0 4.9147134
358.01883 74.0 4.8380923
365.30896 74.0 4.9366074
362.87885 74.0 4.903768
371.24863 74.0 5.0168734
349.109 74.0 4.7176895
358.28888 74.0 4.8417416
367.4689 74.0 4.965796
359.90884 74.0 4.863633
373.67883 74.0 5.049714
378.80875 74.0 5.119037
350.45877 74.0 4.7359295
343.9787 74.0 4.6483607
346.67868 74.0 4.684847
350.72894 74.0 4.73958
359.90906 74.0 4.863636
363.4189 74.0 4.9110665
368.27856 74.0 4.9767375
363.14896 74.0 4.9074183
339.11884 74.0 4.582687
362.60907 74.0 4.9001226
350.45886 74.0 4.7359304
349.37878 74.0 4.721335
353.9688 74.0 4.7833624
363.95874 74.0 4.918361
353.42902 74.0 4.7760677
345.86874 74.0 4.673902
355.85895 74.0 4.8089046
359.63895 74.0 4.859986
365.309 74.0 4.936608
368.2789 74.0 4.976742
362.33878 74.0 4.89647
381.50894 74.0 5.155526
351.8087 74.0 4.7541714
366.38882 74.0 4.9512005
359.90894 74.0 4.863634
362.8788 74.0 4.9037676
355.319 74.0 4.801608
339.3891 75.0 4.525188
347.2189 75.0 4.6295853
347.21902 75.0 4.629587
345.3288 75.0 4.604384
338.84888 75.0 4.517985
362.33875 75.0 4.8311834
323.4588 75.0 4.312784
338.57904 75.0 4.514387
349.37903 75.0 4.658387
358.55902 75.0 4.780787
367.4688 75.0 4.8995843
352.61887 75.0 4.701585
353.9691 75.0 4.719588
346.40894 75.0 4.618786
364.22882 75.0 4.8563843
363.419 75.0 4.845587
343.97873 75.0 4.586383
342.35876 75.0 4.5647836
352.34875 75.0 4.6979833
345.86874 75.0 4.611583
344.78888 75.0 4.597185
356.3986 75.0 4.7519813
352.34897 75.0 4.697986
341.27902 75.0 4.550387
347.48904 75.0 4.6331873
361.52884 75.0 4.8203845
359.9086 75.0 4.7987814
358.28897 75.0 4.7771864
344.24887 75.0 4.589985
357.74902 75.0 4.769987
345.05875 75.0 4.6007833
335.06894 75.0 4.467586
363.95877 75.0 4.8527837
354.23914 75.0 4.7231884
339.38895 75.0 4.525186
337.2287 75.0 4.4963827
355.31873 75.0 4.737583
345.32904 75.0 4.6043873
346.40897 75.0 4.6187863
349.10883 75.0 4.654784
335.3389 75.0 4.471185
337.4988 76.0 4.440774
346.4089 76.0 4.558012
308.0689 76.0 4.0535383
328.04886 76.0 4.3164325
336.14896 76.0 4.4230127
334.52878 76.0 4.4016943
332.63882 76.0 4.376827
316.70886 76.0 4.167222
332.90894 76.0 4.3803806
332.6387 76.0 4.376825
332.63876 76.0 4.376826
333.17892 76.0 4.383933
333.98904 76.0 4.394593
328.85883 76.0 4.32709
329.39923 76.0 4.3342004
334.7988 76.0 4.405247
337.76874 76.0 4.4443254
337.76913 76.0 4.4443307
335.609 76.0 4.415908
326.69882 76.0 4.298669
339.11874 76.0 4.4620886
321.839 76.0 4.2347236
341.54904 76.0 4.494066
342.8987 76.0 4.511825
338.57892 76.0 4.4549856
357.20874 76.0 4.700115
337.499 76.0 4.4407763
335.33905 76.0 4.412356
341.00903 76.0 4.486961
330.2089 76.0 4.344854
327.77893 76.0 4.3128805
346.94888 76.0 4.565117
339.92914 76.0 4.4727516
325.88895 76.0 4.2880125
322.64893 76.0 4.2453804
324.53882 76.0 4.2702475
351.8087 76.0 4.6290617
322.10904 76.0 4.238277
339.65884 76.0 4.4691954
321.0289 76.0 4.2240644
358.0187 76.0 4.7107725
316.979 77.0 4.1166105
328.31866 77.0 4.263879
323.72913 77.0 4.204274
327.50885 77.0 4.2533617
312.65887 77.0 4.060505
319.1387 77.0 4.1446586
323.72897 77.0 4.2042723
316.43903 77.0 4.1095977
312.119 77.0 4.0534935
320.21887 77.0 4.1586866
327.23868 77.0 4.249853
329.93893 77.0 4.284921
298.8889 77.0 3.8816738
332.09894 77.0 4.312973
320.21884 77.0 4.158686
309.9588 77.0 4.025439
316.70886 77.0 4.113102
318.59888 77.0 4.1376476
322.10876 77.0 4.183231
323.72897 77.0 4.2042723
315.35883 77.0 4.095569
334.79886 77.0 4.3480372
322.37888 77.0 4.1867385
317.51904 77.0 4.123624
335.33878 77.0 4.355049
301.85886 77.0 3.920245
324.53885 77.0 4.2147903
317.51895 77.0 4.123623
322.64896 77.0 4.190246
339.1188 77.0 4.4041405
321.83905 77.0 4.179728
323.18878 77.0 4.197257
323.729 77.0 4.2042727
314.0088 77.0 4.0780363
332.09912 77.0 4.3129754
331.28897 77.0 4.302454
332.6388 77.0 4.3199844
307.79898 77.0 3.9973893
314.81897 77.0 4.088558
322.3786 77.0 4.186735
318.5988 77.0 4.1376467
318.80344 78.0 4.0872235
312.85938 78.0 4.011018
304.21402 78.0 3.9001799
303.40356 78.0 3.889789
308.807 78.0 3.9590642
304.48407 78.0 3.903642
322.85568 78.0 4.1391754
298.81042 78.0 3.830903
338.25577 78.0 4.336612
310.1577 78.0 3.976381
326.90833 78.0 4.1911325
315.29102 78.0 4.0421925
303.94376 78.0 3.8967147
302.32275 78.0 3.875933
301.5122 78.0 3.865541
317.18195 78.0 4.0664353
299.89102 78.0 3.8447568
311.23834 78.0 3.9902353
306.37546 78.0 3.9278903
296.6491 78.0 3.8031936
303.94403 78.0 3.8967183
299.6211 78.0 3.841296
314.75085 78.0 4.0352674
303.6735 78.0 3.89325
299.08063 78.0 3.834367
307.72635 78.0 3.9452095
322.04547 78.0 4.128788
301.51233 78.0 3.8655427
308.26672 78.0 3.9521375
323.12592 78.0 4.14264
313.9403 78.0 4.0248756
309.34735 78.0 3.9659917
293.94757 78.0 3.7685587
326.36792 78.0 4.184204
309.0771 78.0 3.9625268
315.0209 78.0 4.0387297
305.29468 78.0 3.9140344
300.16153 78.0 3.8482246
303.1333 78.0 3.8863244
318.80322 78.0 4.0872207
319.61407 78.0 4.097616
299.69913 79.0 3.7936597
281.33896 79.0 3.5612528
301.04898 79.0 3.8107464
303.74878 79.0 3.8449214
308.06882 79.0 3.8996053
300.50906 79.0 3.8039122
288.08896 79.0 3.6466959
314.00903 79.0 3.974798
288.08893 79.0 3.6466951
281.8789 79.0 3.5680873
296.729 79.0 3.7560632
288.08902 79.0 3.6466966
313.73874 79.0 3.9713764
292.13873 79.0 3.6979585
305.6391 79.0 3.8688495
281.87912 79.0 3.5680902
295.64905 79.0 3.742393
286.1992 79.0 3.6227746
298.61887 79.0 3.7799857
298.61893 79.0 3.7799864
304.28876 79.0 3.8517566
307.79895 79.0 3.8961892
276.74908 79.0 3.5031528
308.33878 79.0 3.9030223
301.04892 79.0 3.810746
298.34894 79.0 3.7765687
296.99896 79.0 3.7594807
311.30893 79.0 3.9406195
294.5689 79.0 3.7287204
294.02893 79.0 3.7218852
289.97913 79.0 3.6706219
292.67914 79.0 3.7047992
285.92905 79.0 3.6193552
300.23892 79.0 3.8004925
302.93875 79.0 3.8346677
298.34906 79.0 3.7765703
304.289 79.0 3.8517594
288.35895 79.0 3.6501133
293.75912 79.0 3.71847
296.45908 79.0 3.7526467
291.8687 79.0 3.6945407
278.63904 80.0 3.4829879
257.03906 80.0 3.2129884
291.869 80.0 3.6483624
273.50916 80.0 3.4188645
281.33905 80.0 3.516738
285.65894 80.0 3.570737
271.61908 80.0 3.3952386
280.25906 80.0 3.5032384
291.32916 80.0 3.6416144
293.21906 80.0 3.6652381
285.65906 80.0 3.5707383
281.60913 80.0 3.5201142
271.34903 80.0 3.3918629
282.4192 80.0 3.5302398
301.31894 80.0 3.766487
285.9291 80.0 3.5741138
276.47882 80.0 3.4559853
287.81903 80.0 3.5977378
284.309 80.0 3.5538623
280.25903 80.0 3.503238
277.28897 80.0 3.4661121
270.26932 80.0 3.3783665
297.26892 80.0 3.7158613
282.959 80.0 3.5369875
289.16888 80.0 3.6146111
279.7192 80.0 3.4964902
282.959 80.0 3.5369875
297.269 80.0 3.7158625
278.36908 80.0 3.4796133
277.28894 80.0 3.4661117
272.159 80.0 3.4019876
279.71887 80.0 3.4964857
290.789 80.0 3.6348627
295.9189 80.0 3.6989863
277.2893 80.0 3.4661164
277.55893 80.0 3.4694867
294.29895 80.0 3.6787367
291.86902 80.0 3.6483626
289.43884 80.0 3.6179857
272.69922 80.0 3.4087403
272.96912 80.0 3.412114
271.07907 81.0 3.3466554
266.2191 81.0 3.2866554
268.37912 81.0 3.3133225
274.04922 81.0 3.3833237
279.7191 81.0 3.453322
278.90906 81.0 3.4433217
258.65915 81.0 3.193323
284.84918 81.0 3.5166564
261.08893 81.0 3.22332
269.99896 81.0 3.3333206
278.90927 81.0 3.4433243
271.88898 81.0 3.356654
266.21906 81.0 3.2866552
265.94925 81.0 3.283324
263.24918 81.0 3.2499897
279.44913 81.0 3.449989
275.66904 81.0 3.4033213
281.87906 81.0 3.4799883
268.37918 81.0 3.3133233
264.3291 81.0 3.2633224
286.46896 81.0 3.536654
271.34915 81.0 3.3499894
266.75925 81.0 3.293324
284.30902 81.0 3.509988
284.84897 81.0 3.516654
272.429 81.0 3.3633208
264.5989 81.0 3.266653
274.85892 81.0 3.39332
260.27908 81.0 3.2133222
255.68918 81.0 3.1566565
266.21906 81.0 3.286655
265.13928 81.0 3.2733245
258.38928 81.0 3.1899912
264.32904 81.0 3.2633216
266.75925 81.0 3.293324
267.2992 81.0 3.29999
277.559 81.0 3.4266543
265.67923 81.0 3.2799904
282.95905 81.0 3.4933217
272.42905 81.0 3.3633215
265.67905 81.0 3.279988
258.659 82.0 3.154378
247.04922 82.0 3.0127954
254.60912 82.0 3.1049893
249.20918 82.0 3.0391364
253.52924 82.0 3.09182
259.7392 82.0 3.167551
239.7592 82.0 2.9238927
258.6593 82.0 3.1543818
244.88914 82.0 2.986453
264.32898 82.0 3.223524
266.48923 82.0 3.2498686
253.25914 82.0 3.088526
261.62912 82.0 3.1905992
250.28917 82.0 3.052307
253.79895 82.0 3.0951092
263.78897 82.0 3.2169385
266.21912 82.0 3.2465746
258.6592 82.0 3.1543806
261.08926 82.0 3.1840153
245.69908 82.0 2.9963303
255.95914 82.0 3.1214528
258.92917 82.0 3.1576726
262.9791 82.0 3.207062
258.38913 82.0 3.151087
253.5292 82.0 3.0918195
262.16913 82.0 3.1971846
254.60909 82.0 3.1049888
265.40906 82.0 3.236696
263.51913 82.0 3.213648
243.80907 82.0 2.9732814
255.14926 82.0 3.1115763
245.15927 82.0 2.9897473
275.66898 82.0 3.361817
255.4192 82.0 3.1148684
248.12935 82.0 3.0259676
256.49902 82.0 3.128037
258.38916 82.0 3.1510873
257.03918 82.0 3.1346242
245.15918 82.0 2.989746
258.6591 82.0 3.1543791
278.63895 82.0 3.3980358
252.98921 83.0 3.0480628
241.37907 83.0 2.9081817
252.98914 83.0 3.0480618
236.78934 83.0 2.8528836
240.8393 83.0 2.9016783
247.85909 83.0 2.986254
249.74927 83.0 3.0090272
256.7692 83.0 3.0936048
239.75935 83.0 2.8886669
249.74901 83.0 3.0090241
238.40921 83.0 2.8724
243.2691 83.0 2.930953
247.85915 83.0 2.9862547
257.84912 83.0 3.106616
249.7493 83.0 3.0090277
237.05923 83.0 2.8561354
250.82925 83.0 3.0220392
263.51917 83.0 3.1749296
249.20898 83.0 3.002518
250.28932 83.0 3.015534
241.37921 83.0 2.9081833
244.0792 83.0 2.9407132
251.09909 83.0 3.0252903
247.31923 83.0 2.9797497
253.7991 83.0 3.0578206
241.10915 83.0 2.9049294
250.55925 83.0 3.0187862
240.5692 83.0 2.8984241
241.91924 83.0 2.9146895
237.86937 83.0 2.865896
240.83934 83.0 2.9016788
246.50916 83.0 2.9699898
248.9393 83.0 2.9992688
245.1591 83.0 2.9537241
244.07928 83.0 2.9407144
237.5993 83.0 2.8626423
242.99956 83.0 2.9277055
244.0792 83.0 2.9407132
245.15916 83.0 2.9537249
251.9091 83.0 3.0350494
249.20909 83.0 3.0025191
235.70937 84.0 2.806064
242.18927 84.0 2.8832057
237.05928 84.0 2.8221343
242.18918 84.0 2.8832045
232.73921 84.0 2.770705
241.37907 84.0 2.8735604
228.68939 84.0 2.7224927
250.8292 84.0 2.9860618
224.09943 84.0 2.6678503
227.06949 84.0 2.7032082
234.62932 84.0 2.7932062
245.96904 84.0 2.9282029
237.32915 84.0 2.825347
239.48941 84.0 2.8510644
237.59918 84.0 2.8285618
228.68929 84.0 2.7224915
224.63943 84.0 2.674279
241.91911 84.0 2.8799894
234.89912 84.0 2.7964182
244.88924 84.0 2.915348
234.08931 84.0 2.7867775
238.40913 84.0 2.838204
224.09938 84.0 2.6678498
225.9893 84.0 2.6903489
232.7393 84.0 2.770706
237.59927 84.0 2.8285627
230.57927 84.0 2.7449913
230.3092 84.0 2.7417762
234.08948 84.0 2.7867794
239.48923 84.0 2.8510623
211.40947 84.0 2.5167794
237.59937 84.0 2.828564
245.96922 84.0 2.928205
235.16919 84.0 2.7996333
236.2493 84.0 2.8124917
235.4393 84.0 2.8028488
217.34941 84.0 2.587493
243.8093 84.0 2.9024916
227.06929 84.0 2.7032058
228.95926 84.0 2.7257054
232.19928 84.0 2.7642772
224.90944 85.0 2.6459935
220.85947 85.0 2.5983467
214.64949 85.0 2.525288
217.61937 85.0 2.5602279
233.00916 85.0 2.7412841
213.56943 85.0 2.5125816
210.86957 85.0 2.4808185
219.50945 85.0 2.582464
242.45923 85.0 2.8524616
228.95938 85.0 2.6936398
216.8093 85.0 2.5506976
214.64938 85.0 2.525287
218.15953 85.0 2.5665827
220.85931 85.0 2.5983448
214.10939 85.0 2.518934
220.58937 85.0 2.595169
226.79926 85.0 2.6682265
219.77951 85.0 2.5856414
221.66927 85.0 2.6078737
215.72946 85.0 2.5379937
215.45944 85.0 2.534817
225.17937 85.0 2.649169
220.3194 85.0 2.5919929
227.33931 85.0 2.67458
214.91934 85.0 2.528463
223.01945 85.0 2.6237583
229.76929 85.0 2.7031682
202.76964 85.0 2.3855252
237.59929 85.0 2.7952857
209.2496 85.0 2.46176
210.05946 85.0 2.4712877
216.5394 85.0 2.5475223
224.90929 85.0 2.6459916
224.90929 85.0 2.6459916
224.09924 85.0 2.6364617
212.75954 85.0 2.5030534
220.5893 85.0 2.595168
213.02917 85.0 2.5062256
217.61942 85.0 2.5602283
214.91951 85.0 2.5284648
223.01941 85.0 2.6237578
205.19954 86.0 2.3860412
204.6595 86.0 2.3797617
196.55952 86.0 2.2855759
215.99948 86.0 2.511622
221.93933 86.0 2.58069
223.01944 86.0 2.5932493
211.40953 86.0 2.4582503
207.08948 86.0 2.4080172
204.6595 86.0 2.3797617
194.93953 86.0 2.2667387
206.81946 86.0 2.4048774
203.5796 86.0 2.3672047
203.30948 86.0 2.3640637
214.64949 86.0 2.4959242
205.46956 86.0 2.389181
196.82956 86.0 2.2887158
209.24956 86.0 2.4331343
214.37932 86.0 2.4927828
206.81947 86.0 2.4048777
210.59943 86.0 2.4488306
208.16948 86.0 2.4205754
195.74963 86.0 2.2761586
208.16948 86.0 2.4205754
203.84952 86.0 2.3703432
193.58958 86.0 2.2510417
210.3295 86.0 2.4456918
207.62946 86.0 2.414296
201.95952 86.0 2.3483665
208.97945 86.0 2.4299936
212.21951 86.0 2.4676688
206.00948 86.0 2.395459
203.0395 86.0 2.3609245
200.87952 86.0 2.3358083
208.16945 86.0 2.420575
198.4496 86.0 2.3075535
195.47952 86.0 2.2730176
197.36948 86.0 2.2949939
207.62952 86.0 2.4142966
206.81944 86.0 2.4048772
208.43938 86.0 2.4237137
192.5096 86.0 2.2384837
192.2396 87.0 2.2096505
190.88951 87.0 2.1941323
187.37967 87.0 2.1537893
203.0394 87.0 2.3337862
203.03954 87.0 2.3337877
197.09955 87.0 2.265512
185.2197 87.0 2.128962
193.85954 87.0 2.2282705
184.13963 87.0 2.1165476
200.33961 87.0 2.3027542
200.33966 87.0 2.3027546
190.07956 87.0 2.1848226
195.74948 87.0 2.249994
193.04967 87.0 2.2189617
201.95947 87.0 2.3213732
193.31955 87.0 2.2220638
188.18962 87.0 2.163099
192.5096 87.0 2.212754
196.01955 87.0 2.2530982
192.77959 87.0 2.2158573
194.93965 87.0 2.2406857
186.29953 87.0 2.1413739
189.53964 87.0 2.1786165
196.28949 87.0 2.256201
198.17952 87.0 2.2779255
189.80952 87.0 2.1817186
201.14958 87.0 2.3120642
202.49948 87.0 2.3275802
187.64958 87.0 2.1568918
190.61967 87.0 2.1910307
193.85963 87.0 2.2282717
180.89961 87.0 2.079306
185.75954 87.0 2.1351671
193.5896 87.0 2.2251678
192.50946 87.0 2.2127523
194.93959 87.0 2.240685
200.33945 87.0 2.3027523
187.37955 87.0 2.1537879
194.66957 87.0 2.2375813
197.90952 87.0 2.274822
199.52956 87.0 2.2934432
173.87967 88.0 1.9759054
174.14963 88.0 1.978973
179.27966 88.0 2.0372689
182.78955 88.0 2.077154
181.7096 88.0 2.0648818
183.05972 88.0 2.080224
179.27963 88.0 2.0372686
181.70964 88.0 2.0648823
176.57968 88.0 2.0065873
181.16953 88.0 2.0587447
183.05968 88.0 2.0802236
185.21953 88.0 2.1047673
170.63965 88.0 1.9390869
177.92952 88.0 2.0219264
169.82964 88.0 1.9298822
183.59966 88.0 2.0863597
178.19965 88.0 2.024996
174.4196 88.0 1.982041
184.67964 88.0 2.0986323
182.2496 88.0 2.0710182
181.16957 88.0 2.0587451
187.91953 88.0 2.1354492
175.76964 88.0 1.9973823
183.59953 88.0 2.0863583
178.7396 88.0 2.0311317
178.19968 88.0 2.0249963
186.02953 88.0 2.113972
178.7395 88.0 2.0311308
177.65956 88.0 2.0188587
174.95972 88.0 1.9881786
174.6897 88.0 1.9851103
178.46964 88.0 2.028064
178.46964 88.0 2.028064
174.68968 88.0 1.98511
188.9995 88.0 2.1477215
174.95958 88.0 1.9881771
182.51965 88.0 2.074087
173.87967 88.0 1.9759054
177.92972 88.0 2.0219285
182.51959 88.0 2.0740862
174.95973 88.0 1.9881788
171.17969 89.0 1.9233673
170.36972 89.0 1.9142665
169.01973 89.0 1.8990982
170.36958 89.0 1.9142649
163.88971 89.0 1.8414574
172.79962 89.0 1.9415687
156.8698 89.0 1.7625821
154.7098 89.0 1.7383122
166.3197 89.0 1.8687607
156.32976 89.0 1.7565142
170.6397 89.0 1.9173
166.04967 89.0 1.8657266
160.37978 89.0 1.80202
177.92966 89.0 1.9992096
159.02971 89.0 1.7868507
159.83972 89.0 1.7959518
164.69969 89.0 1.8505584
164.69969 89.0 1.8505584
162.26976 89.0 1.8232557
166.58974 89.0 1.8717948
165.2397 89.0 1.8566259
167.9397 89.0 1.8869629
155.7898 89.0 1.7504472
163.34972 89.0 1.8353901
168.20958 89.0 1.8899953
164.42972 89.0 1.8475249
156.86975 89.0 1.7625815
159.56982 89.0 1.7929194
168.7498 89.0 1.8960651
172.79959 89.0 1.9415684
168.74966 89.0 1.8960637
160.91983 89.0 1.808088
168.47972 89.0 1.8930306
167.39978 89.0 1.8808963
169.55962 89.0 1.9051642
167.12979 89.0 1.8778628
169.28972 89.0 1.9021317
166.58969 89.0 1.8717943
173.60968 89.0 1.9506706
167.6696 89.0 1.8839282
161.72974 89.0 1.817188
153.35974 90.0 1.7039971
157.13986 90.0 1.7459984
145.79984 90.0 1.6199981
154.70976 90.0 1.7189974
157.40974 90.0 1.7489972
144.44975 90.0 1.6049973
151.73982 90.0 1.685998
145.79984 90.0 1.6199981
144.44981 90.0 1.6049979
149.03967 90.0 1.6559963
153.89969 90.0 1.7099966
160.91977 90.0 1.7879974
151.4698 90.0 1.6829978
143.90984 90.0 1.5989982
154.70985 90.0 1.7189984
152.54971 90.0 1.6949968
150.11977 90.0 1.6679974
146.33977 90.0 1.6259974
155.5197 90.0 1.7279966
159.02968 90.0 1.7669964
163.61966 90.0 1.8179961
145.5298 90.0 1.6169978
157.13971 90.0 1.7459967
148.22981 90.0 1.6469979
159.5698 90.0 1.7729977
153.62982 90.0 1.706998
152.81976 90.0 1.6979975
159.29974 90.0 1.7699971
144.71988 90.0 1.6079986
152.81981 90.0 1.6979979
154.70967 90.0 1.7189964
156.32976 90.0 1.7369972
144.71992 90.0 1.6079991
148.76979 90.0 1.6529977
154.16974 90.0 1.7129971
147.14989 90.0 1.6349987
154.70975 90.0 1.7189972
154.43985 90.0 1.7159983
154.9798 90.0 1.7219977
142.01982 90.0 1.577998
148.49973 90.0 1.649997
