1 0 0 0 20 4999 0 0.0 30.0 0.0
2 0 0 0 40 4999 0 0.0 30.0 0.0
3 0 0 0 60 4999 0 0.0 30.0 0.0
4 0 0 0 80 4999 0 0.0 30.0 0.0
5 0 0 0 100 4999 0 0.0 30.0 0.0
6 0 0 0 120 4999 0 0.0 30.0 0.0
7 0 0 0 140 4999 0 0.0 30.0 0.0
8 5 2 2 160 4999 5 0.0 30.0 0.0
9 3 1 1 180 4999 3 0.0 30.0 0.0
10 223 97 84 200 4999 236 0.0 30.0 0.001
11 2533 764 704 220 4999 2593 0.002 30.0 0.008
12 5324 1457 1353 240 4999 5428 0.005 30.0 0.015
13 7166 1795 1692 260 4999 7269 0.006 30.0 0.019
14 11270 3190 2987 280 4999 11473 0.008 30.0 0.027
15 12516 3329 3106 300 4999 12739 0.008 30.0 0.028
16 15335 4046 3802 320 4999 15579 0.01 30.0 0.032
17 18123 4656 4400 340 4999 18379 0.011 30.0 0.036
18 19027 4694 4440 360 4999 19281 0.011 30.0 0.036
19 22863 6037 5703 380 4999 23197 0.012 30.0 0.041
20 22526 5472 5206 400 4999 22792 0.011 30.0 0.038
21 24020 5526 5217 420 4999 24329 0.012 30.0 0.039
22 27548 6680 6379 440 4999 27849 0.013 30.0 0.042
23 29366 7088 6729 460 4999 29725 0.013 30.0 0.043
24 31528 7544 7174 480 4999 31898 0.013 30.0 0.044
25 33981 8132 7755 500 4999 34358 0.014 30.0 0.046
26 35877 8602 8177 520 4999 36302 0.014 30.0 0.047
27 38310 9116 8685 540 4999 38741 0.014 30.0 0.048
28 37215 8049 7712 560 4999 37552 0.013 30.0 0.045
29 39333 8539 8183 580 4999 39689 0.014 30.0 0.046
30 40003 8880 8455 600 4999 40428 0.013 30.0 0.045
31 42437 9097 8662 620 4999 42872 0.014 30.0 0.046
32 46173 10088 9653 640 4999 46608 0.015 30.0 0.049
33 46588 10215 9812 660 4999 46991 0.014 30.0 0.047
34 48238 10086 9664 680 4999 48660 0.014 30.0 0.048
35 50864 10941 10501 700 4999 51304 0.015 30.0 0.049
36 50544 10810 10357 720 4999 50997 0.014 30.0 0.047
37 50445 10102 9738 740 4999 50809 0.014 30.0 0.046
38 49074 9634 9232 760 4999 49476 0.013 30.0 0.043
39 52901 10387 10002 779 4999 53286 0.014 30.0 0.046
40 50676 9484 9166 800 4999 50994 0.013 30.0 0.043
41 52626 9948 9599 820 4999 52975 0.013 30.0 0.043
42 54568 10168 9834 840 4999 54902 0.013 30.0 0.044
43 55524 9879 9593 860 4999 55810 0.013 30.0 0.043
44 53187 8984 8739 880 4999 53432 0.012 30.0 0.04
45 55306 9539 9288 900 4999 55557 0.012 30.0 0.041
46 54848 9072 8801 920 4999 55119 0.012 30.0 0.04
47 53645 8615 8414 940 4999 53846 0.011 30.0 0.038
48 52571 8418 8201 960 4999 52788 0.011 30.0 0.037
49 53738 7810 7608 980 4999 53940 0.011 30.0 0.037
50 52219 7318 7135 1000 4999 52402 0.01 30.0 0.035
51 52052 7092 6945 1020 4999 52199 0.01 30.0 0.034
52 52132 6767 6634 1040 4999 52265 0.01 30.0 0.034
52 49575 6278 6159 1059 4999 49694 0.009 30.0 0.031
54 47451 6243 6131 1080 4999 47563 0.009 30.0 0.029
55 46457 5531 5431 1100 4999 46557 0.008 30.0 0.028
56 47172 5390 5308 1120 4999 47254 0.008 30.0 0.028
57 46247 4585 4531 1140 4999 46301 0.008 30.0 0.027
58 42847 4775 4705 1160 4999 42917 0.007 30.0 0.025
58 44086 3929 3885 1179 4999 44130 0.007 30.0 0.025
60 41707 3681 3646 1200 4999 41742 0.007 30.0 0.023
61 40180 3654 3622 1220 4999 40212 0.007 30.0 0.022
62 39588 3045 3032 1240 4999 39601 0.006 30.0 0.021
63 36955 2630 2613 1260 4999 36972 0.006 30.0 0.02
64 34888 2347 2337 1280 4999 34898 0.005 30.0 0.018
65 33391 2250 2243 1300 4999 33398 0.005 30.0 0.017
66 31910 1796 1794 1320 4999 31912 0.005 30.0 0.016
67 29833 1739 1736 1340 4999 29836 0.004 30.0 0.015
68 27817 1642 1640 1360 4999 27819 0.004 30.0 0.014
69 26610 1030 1029 1380 4999 26611 0.004 30.0 0.013
70 23944 960 960 1400 4999 23944 0.003 30.0 0.011
71 22341 1157 1154 1420 4999 22344 0.003 30.0 0.01
72 20734 571 571 1440 4999 20734 0.003 30.0 0.01
73 19186 558 558 1460 4999 19186 0.003 30.0 0.009
74 16389 447 447 1480 4999 16389 0.002 30.0 0.007
75 15562 382 382 1500 4999 15562 0.002 30.0 0.007
76 13612 270 270 1520 4999 13612 0.002 30.0 0.006
77 12233 304 304 1540 4999 12233 0.002 30.0 0.005
78 10676 191 191 1559 4999 10676 0.001 30.0 0.005
79 8697 89 89 1580 4999 8697 0.001 30.0 0.004
80 7790 54 54 1600 4999 7790 0.001 30.0 0.003
81 6243 36 36 1620 4999 6243 0.001 30.0 0.003
82 4654 20 20 1640 4999 4654 0.001 30.0 0.002
83 4841 61 61 1660 4999 4841 0.001 30.0 0.002
84 3541 36 36 1680 4999 3541 0.0 30.0 0.001
85 3029 2 2 1700 4999 3029 0.0 30.0 0.001
86 2640 16 16 1720 4999 2640 0.0 30.0 0.001
87 1682 5 5 1740 4999 1682 0.0 30.0 0.001
88 1346 8 8 1760 4999 1346 0.0 30.0 0.001
89 712 0 0 1780 4999 712 0.0 30.0 0.0
90 633 0 0 1800 4999 633 0.0 30.0 0.0
