128.25 1.0 128.25
125.55 1.0 125.55
122.85 1.0 122.85
130.95 1.0 130.95
126.9 1.0 126.9
122.85 1.0 122.85
124.2 1.0 124.2
129.6 1.0 129.6
125.55 1.0 125.55
128.25 1.0 128.25
124.2 1.0 124.2
122.85 1.0 122.85
125.55 1.0 125.55
118.8 1.0 118.8
125.55 1.0 125.55
125.55 1.0 125.55
126.9 1.0 126.9
122.85 1.0 122.85
126.9 1.0 126.9
128.25 1.0 128.25
129.6 1.0 129.6
128.25 1.0 128.25
125.55 1.0 125.55
126.9 1.0 126.9
120.15 1.0 120.15
126.9 1.0 126.9
128.25 1.0 128.25
122.85 1.0 122.85
122.85 1.0 122.85
126.9 1.0 126.9
125.55 1.0 125.55
126.9 1.0 126.9
126.9 1.0 126.9
126.9 1.0 126.9
132.3 1.0 132.3
124.2 1.0 124.2
125.55 1.0 125.55
125.55 1.0 125.55
132.3 1.0 132.3
126.9 1.0 126.9
125.55 1.0 125.55
255.15 2.0 127.575
255.15 2.0 127.575
256.5 2.0 128.25
247.05 2.0 123.525
252.45 2.0 126.225
255.15 2.0 127.575
252.45 2.0 126.225
255.15 2.0 127.575
245.7 2.0 122.85
251.1 2.0 125.55
252.45 2.0 126.225
248.4 2.0 124.2
251.1 2.0 125.55
251.1 2.0 125.55
244.35 2.0 122.175
253.8 2.0 126.9
257.85 2.0 128.925
257.85 2.0 128.925
248.4 2.0 124.2
257.85 2.0 128.925
255.15 2.0 127.575
249.75 2.0 124.875
253.8 2.0 126.9
255.15 2.0 127.575
256.5 2.0 128.25
256.5 2.0 128.25
253.8 2.0 126.9
247.05 2.0 123.525
256.5 2.0 128.25
255.15 2.0 127.575
253.8 2.0 126.9
256.5 2.0 128.25
251.1 2.0 125.55
256.5 2.0 128.25
249.75 2.0 124.875
256.5 2.0 128.25
257.85 2.0 128.925
253.8 2.0 126.9
251.1 2.0 125.55
249.75 2.0 124.875
259.2 2.0 129.6
383.40002 3.0 127.8
380.7 3.0 126.9
379.34998 3.0 126.45
383.40002 3.0 127.8
376.65002 3.0 125.55
388.80002 3.0 129.6
372.59998 3.0 124.2
378.0 3.0 126.0
382.05 3.0 127.35
384.75 3.0 128.25
382.05 3.0 127.35
380.7 3.0 126.9
378.0 3.0 126.0
373.95 3.0 124.65
379.34998 3.0 126.45
375.3 3.0 125.1
387.44998 3.0 129.15
380.7 3.0 126.9
379.34998 3.0 126.45
368.55 3.0 122.85
375.3 3.0 125.1
380.7 3.0 126.9
375.3 3.0 125.1
388.80002 3.0 129.6
379.34998 3.0 126.45
376.65002 3.0 125.55
373.95 3.0 124.65
379.34998 3.0 126.45
373.95 3.0 124.65
373.95 3.0 124.65
378.0 3.0 126.0
372.59998 3.0 124.2
378.0 3.0 126.0
378.0 3.0 126.0
383.40002 3.0 127.8
383.40002 3.0 127.8
383.40002 3.0 127.8
386.09998 3.0 128.7
373.95 3.0 124.65
382.05 3.0 127.35
378.0 3.0 126.0
517.05 4.0 129.2625
502.2 4.0 125.55
500.85 4.0 125.2125
500.85 4.0 125.2125
495.45 4.0 123.8625
515.7 4.0 128.925
499.5 4.0 124.875
513.0 4.0 128.25
504.9 4.0 126.225
510.3 4.0 127.575
510.3 4.0 127.575
498.15 4.0 124.5375
510.3 4.0 127.575
510.3 4.0 127.575
506.25 4.0 126.5625
511.65 4.0 127.9125
513.0 4.0 128.25
504.9 4.0 126.225
503.55 4.0 125.8875
514.35 4.0 128.5875
506.25 4.0 126.5625
499.5 4.0 124.875
499.5 4.0 124.875
504.9 4.0 126.225
515.7 4.0 128.925
504.9 4.0 126.225
500.85 4.0 125.2125
503.55 4.0 125.8875
517.05 4.0 129.2625
506.25 4.0 126.5625
503.55 4.0 125.8875
500.85 4.0 125.2125
508.95 4.0 127.2375
502.2 4.0 125.55
513.0 4.0 128.25
500.85 4.0 125.2125
515.7 4.0 128.925
503.55 4.0 125.8875
491.4 4.0 122.85
502.2 4.0 125.55
511.65 4.0 127.9125
639.9 5.0 127.98
641.25 5.0 128.25
614.25 5.0 122.85
633.14996 5.0 126.63
635.85 5.0 127.17
634.5 5.0 126.9
633.14996 5.0 126.63
625.05 5.0 125.01
629.1 5.0 125.82
626.4 5.0 125.28
639.9 5.0 127.98
623.7 5.0 124.74
635.85 5.0 127.17
638.55 5.0 127.71
635.85 5.0 127.17
622.35 5.0 124.47
627.75 5.0 125.55
639.9 5.0 127.98
637.2 5.0 127.44
630.44995 5.0 126.09
633.14996 5.0 126.63
622.35 5.0 124.47
623.7 5.0 124.74
623.7 5.0 124.74
629.1 5.0 125.82
641.25 5.0 128.25
633.14996 5.0 126.63
629.1 5.0 125.82
639.9 5.0 127.98
629.1 5.0 125.82
637.2 5.0 127.44
631.8 5.0 126.36
643.94995 5.0 128.79
635.85 5.0 127.17
638.55 5.0 127.71
614.25 5.0 122.85
612.9 5.0 122.58
633.14996 5.0 126.63
638.55 5.0 127.71
629.1 5.0 125.82
622.35 5.0 124.47
758.69995 6.0 126.45
765.44995 6.0 127.575
753.30005 6.0 125.55
760.05005 6.0 126.675
765.44995 6.0 127.575
757.35 6.0 126.225
764.1 6.0 127.35
766.80005 6.0 127.8
760.05005 6.0 126.675
758.69995 6.0 126.45
765.44995 6.0 127.575
757.35 6.0 126.225
762.75 6.0 127.125
770.85004 6.0 128.475
758.69995 6.0 126.45
766.80005 6.0 127.8
766.80005 6.0 127.8
751.94995 6.0 125.325
764.1 6.0 127.35
749.25 6.0 124.875
769.5 6.0 128.25
760.05005 6.0 126.675
758.69995 6.0 126.45
746.55005 6.0 124.425
758.69995 6.0 126.45
754.65 6.0 125.775
764.1 6.0 127.35
765.44995 6.0 127.575
756.0 6.0 126.0
761.4 6.0 126.9
761.4 6.0 126.9
766.80005 6.0 127.8
764.1 6.0 127.35
762.75 6.0 127.125
757.35 6.0 126.225
750.6 6.0 125.1
753.30005 6.0 125.55
751.94995 6.0 125.325
741.15 6.0 123.525
772.19995 6.0 128.7
750.6 6.0 125.1
893.69995 7.0 127.671425
878.85004 7.0 125.55
885.6 7.0 126.51428
896.4 7.0 128.05714
895.05005 7.0 127.86429
876.14996 7.0 125.16428
881.55 7.0 125.935715
876.14996 7.0 125.16428
869.39996 7.0 124.2
869.39996 7.0 124.2
886.95 7.0 126.707146
877.5 7.0 125.35714
865.35 7.0 123.62143
892.35 7.0 127.47857
868.05 7.0 124.00714
889.65 7.0 127.09286
877.5 7.0 125.35714
886.95 7.0 126.707146
892.35 7.0 127.47857
873.45 7.0 124.77857
884.25 7.0 126.32143
886.95 7.0 126.707146
882.9 7.0 126.12857
881.55 7.0 125.935715
869.39996 7.0 124.2
884.25 7.0 126.32143
874.8 7.0 124.97143
881.55 7.0 125.935715
889.65 7.0 127.09286
895.05005 7.0 127.86429
896.4 7.0 128.05714
880.2 7.0 125.74286
877.5 7.0 125.35714
880.2 7.0 125.74286
874.8 7.0 124.97143
880.2 7.0 125.74286
874.8 7.0 124.97143
881.55 7.0 125.935715
885.6 7.0 126.51428
881.55 7.0 125.935715
880.2 7.0 125.74286
990.9 8.0 123.8625
1015.2 8.0 126.9
990.9 8.0 123.8625
1000.35 8.0 125.04375
994.95 8.0 124.36875
1000.35 8.0 125.04375
994.95 8.0 124.36875
1008.45 8.0 126.05625
1008.45 8.0 126.05625
1005.75 8.0 125.71875
1008.45 8.0 126.05625
1016.55 8.0 127.06875
1004.4 8.0 125.55
999.0 8.0 124.875
1016.55 8.0 127.06875
1003.05 8.0 125.38125
1011.15 8.0 126.39375
1001.7 8.0 125.2125
993.6 8.0 124.2
1017.9 8.0 127.2375
1003.05 8.0 125.38125
1008.45 8.0 126.05625
1003.05 8.0 125.38125
997.65 8.0 124.70625
992.25 8.0 124.03125
992.25 8.0 124.03125
1005.75 8.0 125.71875
999.0 8.0 124.875
1005.75 8.0 125.71875
1023.3 8.0 127.9125
1013.85 8.0 126.73125
1016.55 8.0 127.06875
1009.8 8.0 126.225
1005.75 8.0 125.71875
1023.3 8.0 127.9125
1001.7 8.0 125.2125
989.55 8.0 123.69375
1001.7 8.0 125.2125
997.65 8.0 124.70625
994.95 8.0 124.36875
1013.85 8.0 126.73125
1112.4 9.0 123.6
1111.0499 9.0 123.45
1139.4 9.0 126.6
1139.4 9.0 126.6
1131.2999 9.0 125.7
1134.0 9.0 126.0
1119.15 9.0 124.35
1131.2999 9.0 125.7
1136.7001 9.0 126.3
1125.9 9.0 125.1
1131.2999 9.0 125.7
1125.9 9.0 125.1
1131.2999 9.0 125.7
1140.75 9.0 126.75
1111.0499 9.0 123.45
1136.7001 9.0 126.3
1124.5499 9.0 124.95
1136.7001 9.0 126.3
1115.1 9.0 123.9
1134.0 9.0 126.0
1117.7999 9.0 124.2
1128.6 9.0 125.4
1150.2001 9.0 127.8
1129.9501 9.0 125.55
1150.2001 9.0 127.8
1124.5499 9.0 124.95
1131.2999 9.0 125.7
1102.9501 9.0 122.55
1144.7999 9.0 127.2
1136.7001 9.0 126.3
1132.65 9.0 125.85
1135.35 9.0 126.15
1127.25 9.0 125.25
1123.2001 9.0 124.8
1123.2001 9.0 124.8
1132.65 9.0 125.85
1138.0499 9.0 126.45
1124.5499 9.0 124.95
1123.2001 9.0 124.8
1140.75 9.0 126.75
1121.85 9.0 124.65
1170.45 10.0 117.045
1196.1 10.0 119.61
1240.65 10.0 124.065
1239.3 10.0 123.93
1255.5 10.0 125.55
1239.3 10.0 123.93
1242.0 10.0 124.2
1254.15 10.0 125.415
1240.65 10.0 124.065
1244.7 10.0 124.47
1233.9 10.0 123.39
1248.75 10.0 124.875
1255.5 10.0 125.55
1274.4 10.0 127.44
1232.5499 10.0 123.255
1251.45 10.0 125.145
1258.2 10.0 125.82
1224.45 10.0 122.445
1240.65 10.0 124.065
1192.05 10.0 119.205
1212.3 10.0 121.23
1237.95 10.0 123.795
1254.15 10.0 125.415
1246.05 10.0 124.605
1247.4 10.0 124.74
1248.75 10.0 124.875
1252.8 10.0 125.28
1246.05 10.0 124.605
1255.5 10.0 125.55
1255.5 10.0 125.55
1262.25 10.0 126.225
1256.85 10.0 125.685
1248.75 10.0 124.875
1255.5 10.0 125.55
1243.35 10.0 124.335
1232.5499 10.0 123.255
1240.65 10.0 124.065
1262.25 10.0 126.225
1243.35 10.0 124.335
1202.8501 10.0 120.285
1215.0 10.0 121.5
1229.85 11.0 111.80454
1210.95 11.0 110.086365
1248.75 11.0 113.52273
1242.0 11.0 112.90909
1246.05 11.0 113.277275
1263.6 11.0 114.87273
1266.2999 11.0 115.11818
1236.6 11.0 112.41818
1255.5 11.0 114.13636
1254.15 11.0 114.01363
1306.8 11.0 118.8
1294.65 11.0 117.69546
1289.25 11.0 117.204544
1233.9 11.0 112.17273
1248.75 11.0 113.52273
1278.45 11.0 116.222725
1273.05 11.0 115.73182
1212.3 11.0 110.20909
1264.95 11.0 114.99545
1237.95 11.0 112.54091
1269.0 11.0 115.36364
1296.0 11.0 117.818184
1287.9 11.0 117.08182
1298.7 11.0 118.06364
1274.4 11.0 115.854546
1294.65 11.0 117.69546
1329.75 11.0 120.88636
1246.05 11.0 113.277275
1167.75 11.0 106.15909
1258.2001 11.0 114.38182
1232.55 11.0 112.05
1175.85 11.0 106.895454
1224.45 11.0 111.31364
1312.2 11.0 119.29091
1313.55 11.0 119.413635
1300.05 11.0 118.18636
1341.8999 11.0 121.990906
1337.85 11.0 121.62273
1269.0 11.0 115.36364
1289.25 11.0 117.204544
1215.0 11.0 110.454544
1244.7 12.0 103.725
1273.05 12.0 106.0875
1206.8999 12.0 100.575
1185.3 12.0 98.775
1215.0 12.0 101.25
1213.6499 12.0 101.1375
1274.3999 12.0 106.2
1232.55 12.0 102.7125
1273.05 12.0 106.0875
1296.0 12.0 108.0
1259.55 12.0 104.9625
1231.2 12.0 102.6
1248.75 12.0 104.0625
1181.25 12.0 98.4375
1247.3999 12.0 103.95
1282.5 12.0 106.875
1158.3 12.0 96.525
1201.5 12.0 100.125
1233.8999 12.0 102.825
1336.5 12.0 111.375
1301.3999 12.0 108.45
1256.8501 12.0 104.7375
1302.75 12.0 108.5625
1240.6499 12.0 103.3875
1131.3 12.0 94.275
1188.0 12.0 99.0
1142.1001 12.0 95.175
1225.8 12.0 102.15
1264.95 12.0 105.4125
1248.75 12.0 104.0625
1279.8 12.0 106.65
1271.7 12.0 105.975
1290.6001 12.0 107.55
1331.1001 12.0 110.925
1269.0 12.0 105.75
1271.7 12.0 105.975
1314.8999 12.0 109.575
1139.3999 12.0 94.95
1236.6001 12.0 103.05
1209.6001 12.0 100.8
1246.05 12.0 103.8375
1174.5 13.0 90.34615
1205.55 13.0 92.73462
1208.25 13.0 92.94231
1204.2 13.0 92.63077
1202.85 13.0 92.526924
1243.3501 13.0 95.64231
1217.7 13.0 93.66923
1250.1 13.0 96.16154
1259.5499 13.0 96.88846
1285.2001 13.0 98.86154
1281.15 13.0 98.55
1273.05 13.0 97.926926
1192.0499 13.0 91.69615
1294.65 13.0 99.58846
1267.6499 13.0 97.511536
1294.65 13.0 99.58846
1209.6 13.0 93.04615
1239.3 13.0 95.33077
1250.1 13.0 96.16154
1274.4 13.0 98.03077
1235.25 13.0 95.01923
1283.85 13.0 98.75769
1239.3 13.0 95.33077
1236.6 13.0 95.12308
1151.55 13.0 88.58077
1186.65 13.0 91.28077
1179.8999 13.0 90.761536
1210.9501 13.0 93.15
1235.25 13.0 95.01923
1275.75 13.0 98.13461
1269.0 13.0 97.61539
1209.6 13.0 93.04615
1147.5 13.0 88.26923
1216.35 13.0 93.565384
1193.4 13.0 91.8
1240.65 13.0 95.434616
1244.7 13.0 95.746155
1248.75 13.0 96.05769
1355.3999 13.0 104.261536
1228.5 13.0 94.5
1266.3 13.0 97.40769
1169.1 14.0 83.50714
1225.8 14.0 87.557144
1289.25 14.0 92.08929
1314.8999 14.0 93.921425
1313.5499 14.0 93.825
1262.25 14.0 90.16071
1255.5 14.0 89.67857
1229.85 14.0 87.84643
1148.85 14.0 82.060715
1275.75 14.0 91.125
1244.7 14.0 88.90714
1227.15 14.0 87.65357
1278.45 14.0 91.317856
1256.85 14.0 89.775
1285.2001 14.0 91.8
1305.45 14.0 93.24643
1252.8 14.0 89.48572
1179.9 14.0 84.27857
1237.9501 14.0 88.425
1242.0 14.0 88.71429
1192.05 14.0 85.14643
1320.3 14.0 94.307144
1206.9 14.0 86.207146
1177.2001 14.0 84.08572
1205.55 14.0 86.11072
1251.45 14.0 89.38928
1282.5 14.0 91.60714
1209.6 14.0 86.4
1277.1 14.0 91.22143
1277.1 14.0 91.22143
1239.3 14.0 88.52143
1273.05 14.0 90.932144
1314.8999 14.0 93.921425
1263.6 14.0 90.25714
1352.7 14.0 96.62143
1194.75 14.0 85.33929
1300.05 14.0 92.86072
1220.3999 14.0 87.171425
1287.9 14.0 91.99286
1282.5 14.0 91.60714
1228.5 14.0 87.75
1267.6501 15.000001 84.51
1209.6001 15.000001 80.64
1223.1001 15.000001 81.54
1235.25 15.000001 82.35
1219.05 15.000001 81.27
1294.65 15.000001 86.31
1329.7501 15.000001 88.65
1246.05 15.000001 83.07
1217.7001 15.000001 81.18
1273.0502 15.000001 84.87
1216.35 15.000001 81.09
1179.9001 15.000001 78.66
1235.25 15.000001 82.35
1275.7501 15.000001 85.05
1225.8 15.000001 81.72
1165.05 15.000001 77.67
1275.7501 15.000001 85.05
1217.7001 15.000001 81.18
1250.1 15.000001 83.34
1217.7001 15.000001 81.18
1243.3501 15.000001 82.89
1228.5001 15.000001 81.9
1174.5001 15.000001 78.3
1271.7001 15.000001 84.78
1216.35 15.000001 81.09
1243.3501 15.000001 82.89
1237.9501 15.000001 82.53
1262.2501 15.000001 84.15
1161.0001 15.000001 77.4
1196.1001 15.000001 79.74
1169.1001 15.000001 77.94
1182.6 15.000001 78.84
1171.8002 15.000001 78.12
1192.05 15.000001 79.47
1254.1501 15.000001 83.61
1289.25 15.000001 85.95
1274.4 15.000001 84.96
1286.55 15.000001 85.77
1232.55 15.000001 82.17
1281.1501 15.000001 85.41
1269.0 15.000001 84.6
1262.25 16.0 78.890625
1209.6 16.0 75.6
1227.15 16.0 76.69688
1212.3 16.0 75.76875
1244.7 16.0 77.79375
1213.65 16.0 75.85313
1282.5 16.0 80.15625
1250.1 16.0 78.13125
1254.15 16.0 78.38438
1219.05 16.0 76.19063
1223.1 16.0 76.44375
1243.35 16.0 77.70937
1270.35 16.0 79.39687
1220.4 16.0 76.275
1188.0 16.0 74.25
1274.4 16.0 79.65
1281.15 16.0 80.07188
1162.35 16.0 72.64687
1152.9 16.0 72.05625
1236.6 16.0 77.2875
1201.5 16.0 75.09375
1189.35 16.0 74.33437
1281.15 16.0 80.07188
1229.85 16.0 76.86562
1212.3 16.0 75.76875
1198.8 16.0 74.925
1248.75 16.0 78.046875
1161.0 16.0 72.5625
1210.95 16.0 75.68437
1236.6 16.0 77.2875
1182.6 16.0 73.9125
1201.5 16.0 75.09375
1235.25 16.0 77.203125
1163.7 16.0 72.73125
1159.65 16.0 72.47813
1228.5 16.0 76.78125
1206.9 16.0 75.43125
1161.0 16.0 72.5625
1267.65 16.0 79.22813
1170.45 16.0 73.15312
1233.9 16.0 77.11875
1123.2 17.0 66.07059
1278.45 17.0 75.20294
1240.6499 17.0 72.97941
1182.6 17.0 69.564705
1177.2 17.0 69.247055
1196.1001 17.0 70.358826
1240.6499 17.0 72.97941
1177.2 17.0 69.247055
1252.7999 17.0 73.694115
1192.05 17.0 70.12059
1206.9 17.0 70.99412
1236.6 17.0 72.74117
1225.7999 17.0 72.10588
1189.35 17.0 69.96176
1198.8 17.0 70.51765
1219.05 17.0 71.708824
1179.9 17.0 69.40588
1254.15 17.0 73.77353
1237.95 17.0 72.82059
1216.3501 17.0 71.55
1178.5499 17.0 69.32647
1206.9 17.0 70.99412
1188.0 17.0 69.882355
1173.15 17.0 69.00883
1190.7 17.0 70.041176
1231.2001 17.0 72.42353
1177.2 17.0 69.247055
1243.35 17.0 73.13824
1162.35 17.0 68.37353
1169.1001 17.0 68.77059
1221.75 17.0 71.867645
1225.7999 17.0 72.10588
1183.9501 17.0 69.64412
1189.35 17.0 69.96176
1208.25 17.0 71.07353
1148.8501 17.0 67.579414
1258.2 17.0 74.011765
1304.1 17.0 76.71176
1242.0 17.0 73.05882
1250.1 17.0 73.53529
1147.5 17.0 67.5
1244.7001 18.0 69.15
1244.7001 18.0 69.15
1182.6 18.0 65.7
1156.9501 18.0 64.275
1206.9 18.0 67.05
1208.25 18.0 67.125
1208.25 18.0 67.125
1193.4 18.0 66.3
1235.25 18.0 68.625
1175.85 18.0 65.325
1185.2999 18.0 65.85
1243.35 18.0 69.075
1208.25 18.0 67.125
1210.9501 18.0 67.275
1237.9501 18.0 68.775
1193.4 18.0 66.3
1179.9 18.0 65.55
1167.75 18.0 64.875
1144.7999 18.0 63.6
1177.2001 18.0 65.4
1263.6 18.0 70.2
1177.2001 18.0 65.4
1186.65 18.0 65.925
1246.0499 18.0 69.225
1225.7999 18.0 68.1
1166.4 18.0 64.8
1240.65 18.0 68.925
1155.6 18.0 64.2
1155.6 18.0 64.2
1179.9 18.0 65.55
1150.2001 18.0 63.9
1178.5499 18.0 65.475
1242.0 18.0 69.0
1143.4501 18.0 63.525
1162.35 18.0 64.575
1175.85 18.0 65.325
1225.7999 18.0 68.1
1197.4501 18.0 66.525
1128.6 18.0 62.7
1158.2999 18.0 64.35
1190.7001 18.0 66.15
1237.9501 19.0 65.155266
1198.8 19.0 63.094738
1233.9 19.0 64.94211
1223.1001 19.0 64.37369
1235.25 19.0 65.01316
1117.7999 19.0 58.831577
1196.1 19.0 62.952633
1219.05 19.0 64.16053
1235.25 19.0 65.01316
1205.55 19.0 63.45
1209.6 19.0 63.66316
1178.5499 19.0 62.028946
1167.75 19.0 61.460526
1183.95 19.0 62.313156
1188.0 19.0 62.526318
1250.1001 19.0 65.79474
1189.35 19.0 62.59737
1197.4501 19.0 63.023685
1161.0 19.0 61.105263
1169.1 19.0 61.531578
1215.0 19.0 63.94737
1239.3 19.0 65.22632
1143.45 19.0 60.18158
1182.6 19.0 62.242104
1189.35 19.0 62.59737
1165.05 19.0 61.31842
1182.6 19.0 62.242104
1189.35 19.0 62.59737
1173.15 19.0 61.744736
1163.7 19.0 61.247368
1166.4 19.0 61.389473
1179.9 19.0 62.1
1174.5 19.0 61.81579
1188.0 19.0 62.526318
1228.5 19.0 64.6579
1227.15 19.0 64.586845
1174.5 19.0 61.81579
1215.0 19.0 63.94737
1213.65 19.0 63.876316
1155.6 19.0 60.821053
1155.6 19.0 60.821053
1202.8501 20.0 60.1425
1185.3 20.0 59.265
1173.15 20.0 58.6575
1178.55 20.0 58.9275
1117.8 20.0 55.89
1213.65 20.0 60.6825
1175.85 20.0 58.7925
1198.7999 20.0 59.94
1139.4 20.0 56.97
1128.6 20.0 56.43
1206.9 20.0 60.345
1185.3 20.0 59.265
1219.05 20.0 60.9525
1188.0 20.0 59.4
1159.6499 20.0 57.9825
1146.15 20.0 57.3075
1235.25 20.0 61.7625
1177.2 20.0 58.86
1146.15 20.0 57.3075
1198.7999 20.0 59.94
1252.8 20.0 62.64
1162.35 20.0 58.1175
1127.25 20.0 56.3625
1127.25 20.0 56.3625
1135.3501 20.0 56.7675
1182.6 20.0 59.13
1212.3 20.0 60.615
1182.6 20.0 59.13
1166.4 20.0 58.32
1190.7 20.0 59.535
1186.65 20.0 59.3325
1136.7 20.0 56.835
1189.35 20.0 59.4675
1236.6001 20.0 61.83
1159.6499 20.0 57.9825
1140.75 20.0 57.0375
1075.95 20.0 53.7975
1271.7 20.0 63.585
1193.3999 20.0 59.67
1144.8 20.0 57.24
1210.95 20.0 60.5475
1178.55 21.0 56.12143
1127.25 21.0 53.67857
1100.25 21.0 52.392857
1193.4 21.0 56.82857
1166.4 21.0 55.54286
1125.9 21.0 53.614285
1206.9 21.0 57.471428
1167.75 21.0 55.607143
1112.4 21.0 52.971428
1155.6 21.0 55.028572
1146.15 21.0 54.57857
1171.7999 21.0 55.8
1123.2 21.0 53.485714
1198.7999 21.0 57.085712
1193.4 21.0 56.82857
1194.75 21.0 56.892857
1188.0 21.0 56.57143
1151.5499 21.0 54.835712
1125.9 21.0 53.614285
1144.8 21.0 54.514286
1188.0 21.0 56.57143
1213.65 21.0 57.79286
1225.8 21.0 58.37143
1179.9 21.0 56.185715
1136.7 21.0 54.12857
1179.9 21.0 56.185715
1174.5 21.0 55.92857
1140.75 21.0 54.32143
1124.5499 21.0 53.55
1111.05 21.0 52.907143
1086.75 21.0 51.75
1254.15 21.0 59.721428
1206.9 21.0 57.471428
1179.9 21.0 56.185715
1169.1 21.0 55.67143
1135.35 21.0 54.064285
1151.5499 21.0 54.835712
1127.25 21.0 53.67857
1121.85 21.0 53.42143
1120.5 21.0 53.357143
1163.7001 21.0 55.414288
1202.85 22.0 54.675
1129.95 22.0 51.361362
1155.6 22.0 52.52727
1155.6 22.0 52.52727
1210.95 22.0 55.043182
1151.55 22.0 52.34318
1131.2999 22.0 51.422726
1140.75 22.0 51.852272
1113.75 22.0 50.625
1200.15 22.0 54.552273
1147.5 22.0 52.159092
1135.35 22.0 51.60682
1111.05 22.0 50.502274
1158.3 22.0 52.65
1223.1 22.0 55.595455
1163.7 22.0 52.895454
1147.5 22.0 52.159092
1186.65 22.0 53.938637
1073.25 22.0 48.784092
1134.0 22.0 51.545456
1092.15 22.0 49.64318
1181.25 22.0 53.69318
1219.05 22.0 55.411366
1131.2999 22.0 51.422726
1097.55 22.0 49.888638
1169.1 22.0 53.140907
1174.5 22.0 53.386364
1163.7 22.0 52.895454
1159.65 22.0 52.711365
1115.1 22.0 50.686363
1156.95 22.0 52.588634
1204.2 22.0 54.736362
1167.75 22.0 53.079544
1148.85 22.0 52.220455
1204.2 22.0 54.736362
1171.8 22.0 53.263638
1131.2999 22.0 51.422726
1185.3 22.0 53.877274
1124.55 22.0 51.11591
1185.3 22.0 53.877274
1152.9 22.0 52.404545
1105.65 23.0 48.07174
1144.8 23.0 49.773914
1162.35 23.0 50.536957
1169.1 23.0 50.830433
1186.65 23.0 51.59348
1071.9 23.0 46.604347
1146.15 23.0 49.832607
1098.8999 23.0 47.77826
1173.15 23.0 51.006523
1127.25 23.0 49.010868
1198.7999 23.0 52.12174
1134.0 23.0 49.304348
1104.2999 23.0 48.013042
1089.45 23.0 47.36739
1173.15 23.0 51.006523
1143.45 23.0 49.715218
1105.65 23.0 48.07174
1170.45 23.0 50.88913
1167.75 23.0 50.77174
1146.15 23.0 49.832607
1092.15 23.0 47.484783
1155.6 23.0 50.243477
1147.5 23.0 49.891304
1151.5499 23.0 50.06739
1188.0 23.0 51.652172
1165.0499 23.0 50.654346
1167.75 23.0 50.77174
1120.5 23.0 48.717392
1147.5 23.0 49.891304
1071.9 23.0 46.604347
1108.35 23.0 48.18913
1088.1 23.0 47.308697
1136.7 23.0 49.421738
1138.05 23.0 49.480434
1131.3 23.0 49.18696
1179.9 23.0 51.3
1094.85 23.0 47.602173
1183.95 23.0 51.476086
1156.95 23.0 50.302174
1128.6 23.0 49.069565
1150.2001 23.0 50.008698
1100.25 24.0 45.84375
1134.0 24.0 47.25
1115.1001 24.0 46.4625
1152.8999 24.0 48.0375
1050.3 24.0 43.7625
1174.5 24.0 48.9375
1156.95 24.0 48.20625
1188.0 24.0 49.5
1129.95 24.0 47.08125
1120.5 24.0 46.6875
1102.95 24.0 45.95625
1135.3501 24.0 47.30625
1124.55 24.0 46.85625
1086.75 24.0 45.28125
1077.3 24.0 44.8875
1067.8501 24.0 44.49375
1101.6001 24.0 45.9
1132.6499 24.0 47.19375
1125.8999 24.0 46.9125
1194.75 24.0 49.78125
1092.1499 24.0 45.50625
1146.1499 24.0 47.75625
1040.8501 24.0 43.36875
1136.7 24.0 47.3625
1105.6499 24.0 46.06875
1117.8 24.0 46.575
1198.8 24.0 49.95
1124.55 24.0 46.85625
1146.1499 24.0 47.75625
1178.55 24.0 49.10625
1107.0 24.0 46.125
1089.45 24.0 45.39375
1129.95 24.0 47.08125
1096.2 24.0 45.675
1097.55 24.0 45.73125
1135.3501 24.0 47.30625
1128.6001 24.0 47.025
1034.1001 24.0 43.0875
1161.0 24.0 48.375
1124.55 24.0 46.85625
1119.1499 24.0 46.63125
1144.8 25.0 45.792
1142.1 25.0 45.684
1102.95 25.0 44.118
1047.6 25.0 41.904
1134.0 25.0 45.36
1062.4501 25.0 42.498
1190.7 25.0 47.628
1109.7 25.0 44.388
1125.9 25.0 45.036
1120.5 25.0 44.82
1089.45 25.0 43.578
1070.5499 25.0 42.822
1151.55 25.0 46.062
1140.75 25.0 45.63
1166.3999 25.0 46.656
1078.65 25.0 43.146
1112.3999 25.0 44.496
1055.7001 25.0 42.228
1120.5 25.0 44.82
1078.65 25.0 43.146
1101.6 25.0 44.064
1182.6 25.0 47.304
1134.0 25.0 45.36
1162.35 25.0 46.494
1143.45 25.0 45.738
1163.7 25.0 46.548
1069.2001 25.0 42.768
1198.8 25.0 47.952
1136.7 25.0 45.468
1144.8 25.0 45.792
1152.9 25.0 46.116
1188.0 25.0 47.52
1124.5499 25.0 44.982
1165.05 25.0 46.602
1105.65 25.0 44.226
1155.6 25.0 46.224
1155.6 25.0 46.224
1161.0 25.0 46.44
1156.95 25.0 46.278
1069.2001 25.0 42.768
1093.5 25.0 43.74
1061.1 26.0 40.81154
1150.2 26.0 44.23846
1092.1499 26.0 42.005768
1098.9 26.0 42.265385
1102.95 26.0 42.421154
1096.2 26.0 42.161537
1148.85 26.0 44.18654
1123.2001 26.0 43.2
1128.6 26.0 43.407692
1178.55 26.0 45.328846
1094.85 26.0 42.109615
1065.15 26.0 40.967308
1077.3 26.0 41.434616
1129.95 26.0 43.459614
1090.8 26.0 41.953846
1111.05 26.0 42.732693
1127.25 26.0 43.35577
1105.65 26.0 42.525
1100.25 26.0 42.317307
1144.8 26.0 44.03077
1115.1 26.0 42.888462
1134.0 26.0 43.615383
1082.7 26.0 41.642307
1086.75 26.0 41.798077
1109.7001 26.0 42.68077
1074.6 26.0 41.33077
1066.5 26.0 41.01923
1078.65 26.0 41.486538
1166.4 26.0 44.861538
1116.45 26.0 42.940384
1112.4 26.0 42.784615
1085.4 26.0 41.746155
1082.7 26.0 41.642307
1124.55 26.0 43.251923
1135.35 26.0 43.66731
1081.35 26.0 41.590385
1102.95 26.0 42.421154
1113.75 26.0 42.83654
1182.6 26.0 45.484615
1169.1 26.0 44.965385
1053.0 26.0 40.5
1111.0502 27.000002 41.15
1151.5502 27.000002 42.65
1054.3501 27.000002 39.05
1078.6501 27.000002 39.95
1069.2001 27.000002 39.6
1125.9001 27.000002 41.7
1135.3501 27.000002 42.05
1124.5502 27.000002 41.65
1152.9001 27.000002 42.7
1057.0502 27.000002 39.15
1078.6501 27.000002 39.95
1093.5001 27.000002 40.5
1117.8002 27.000002 41.4
1102.9501 27.000002 40.85
1057.0502 27.000002 39.15
1135.3501 27.000002 42.05
1143.4501 27.000002 42.35
1069.2001 27.000002 39.6
1115.1001 27.000002 41.3
1084.0502 27.000002 40.15
1093.5001 27.000002 40.5
1152.9001 27.000002 42.7
1163.7001 27.000002 43.1
1085.4001 27.000002 40.2
1163.7001 27.000002 43.1
1127.2501 27.000002 41.75
1048.9501 27.000002 38.85
1116.4501 27.000002 41.35
1155.6001 27.000002 42.8
1119.1501 27.000002 41.45
1127.2501 27.000002 41.75
1090.8002 27.000002 40.4
1094.8501 27.000002 40.55
1032.7501 27.000002 38.25
1069.2001 27.000002 39.6
1081.3501 27.000002 40.05
1102.9501 27.000002 40.85
1121.8501 27.000002 41.55
1050.3002 27.000002 38.9
1108.3501 27.000002 41.05
1104.3002 27.000002 40.9
1067.85 28.0 38.1375
1070.55 28.0 38.23393
1043.5499 28.0 37.26964
1050.3 28.0 37.510715
1007.1 28.0 35.967857
1030.0499 28.0 36.7875
1061.1 28.0 37.896427
1107.0 28.0 39.535713
1159.65 28.0 41.416073
1048.9501 28.0 37.4625
1021.95 28.0 36.498215
1084.05 28.0 38.716072
1082.7001 28.0 38.66786
1048.9501 28.0 37.4625
1156.95 28.0 41.31964
1078.6499 28.0 38.523212
1089.45 28.0 38.908928
1119.15 28.0 39.969643
1080.0 28.0 38.57143
1088.1 28.0 38.860714
1077.2999 28.0 38.475
1086.75 28.0 38.8125
1116.45 28.0 39.873215
1031.3999 28.0 36.835712
1093.5 28.0 39.05357
1139.3999 28.0 40.692856
1131.3 28.0 40.403572
1092.1499 28.0 39.005356
1097.55 28.0 39.198215
1084.05 28.0 38.716072
1088.1 28.0 38.860714
1078.6499 28.0 38.523212
1112.4 28.0 39.728573
1003.05005 28.0 35.823215
1012.5 28.0 36.160713
1082.7001 28.0 38.66786
1116.45 28.0 39.873215
1082.7001 28.0 38.66786
1146.15 28.0 40.93393
1085.4 28.0 38.764286
1111.05 28.0 39.68036
1051.65 29.0 36.263794
1120.5 29.0 38.63793
1073.25 29.0 37.00862
1053.0 29.0 36.310345
1073.25 29.0 37.00862
1058.4 29.0 36.49655
1098.9 29.0 37.893105
1135.3501 29.0 39.15
1094.85 29.0 37.75345
1115.1 29.0 38.451725
1124.55 29.0 38.777588
1116.45 29.0 38.498276
1078.65 29.0 37.194828
1047.6 29.0 36.124138
1043.5499 29.0 35.98448
1075.95 29.0 37.101723
1151.55 29.0 39.708622
1000.35 29.0 34.494827
1061.1001 29.0 36.589657
985.5 29.0 33.982758
1186.65 29.0 40.918964
1070.5499 29.0 36.915516
1112.4 29.0 38.35862
1082.7001 29.0 37.334484
1054.35 29.0 36.356895
1042.2 29.0 35.93793
1069.2 29.0 36.868965
1093.5 29.0 37.706898
1007.1 29.0 34.727585
1088.1001 29.0 37.52069
1046.25 29.0 36.077587
1012.49994 29.0 34.91379
1036.8 29.0 35.751724
1112.4 29.0 38.35862
1094.85 29.0 37.75345
1098.9 29.0 37.893105
1152.9 29.0 39.755173
1070.5499 29.0 36.915516
1077.3 29.0 37.148277
1053.0 29.0 36.310345
1046.25 29.0 36.077587
1069.2001 30.000002 35.64
1088.1001 30.000002 36.27
1112.4001 30.000002 37.08
1069.2001 30.000002 35.64
1028.7001 30.000002 34.29
1073.2501 30.000002 35.775
1027.35 30.000002 34.245
1101.6001 30.000002 36.72
1067.8501 30.000002 35.595
1055.7001 30.000002 35.19
1104.3002 30.000002 36.81
1132.6501 30.000002 37.755
1036.8 30.000002 34.56
1084.05 30.000002 36.135
1046.2501 30.000002 34.875
1077.3 30.000002 35.91
1008.45013 30.000002 33.615
988.2 30.000002 32.94
1125.9 30.000002 37.53
1096.2001 30.000002 36.54
1062.4501 30.000002 35.415
1035.4501 30.000002 34.515
1063.8 30.000002 35.46
1015.2001 30.000002 33.84
984.1501 30.000002 32.805
1113.7501 30.000002 37.125
1108.3501 30.000002 36.945
1080.0001 30.000002 36.0
997.6501 30.000002 33.255
1030.05 30.000002 34.335
1084.05 30.000002 36.135
1096.2001 30.000002 36.54
1044.9001 30.000002 34.83
1048.9501 30.000002 34.965
1120.5 30.000002 37.35
1093.5001 30.000002 36.45
1075.9501 30.000002 35.865
978.75006 30.000002 32.625
1061.1 30.000002 35.37
1066.5 30.000002 35.55
1040.8501 30.000002 34.695
1066.5 31.0 34.403225
1034.1 31.0 33.358063
1063.7999 31.0 34.316128
1067.85 31.0 34.446774
1028.7001 31.0 33.183872
1061.1 31.0 34.22903
1062.45 31.0 34.27258
1035.45 31.0 33.40161
988.19995 31.0 31.877419
1031.4 31.0 33.27097
1038.1499 31.0 33.48871
1030.05 31.0 33.22742
1027.35 31.0 33.140324
1071.9 31.0 34.57742
1028.7001 31.0 33.183872
1043.55 31.0 33.662903
1039.5 31.0 33.532257
1048.95 31.0 33.837097
1013.85 31.0 32.704838
1015.19995 31.0 32.748386
1043.55 31.0 33.662903
994.95 31.0 32.09516
1086.75 31.0 35.05645
1028.7001 31.0 33.183872
1012.49994 31.0 32.66129
1024.65 31.0 33.053226
1066.5 31.0 34.403225
1081.3501 31.0 34.88226
1058.4 31.0 34.141937
1032.75 31.0 33.314518
1001.7 31.0 32.312904
1044.9 31.0 33.70645
1061.1 31.0 34.22903
1036.7999 31.0 33.44516
1084.05 31.0 34.969357
1034.1 31.0 33.358063
1059.75 31.0 34.185482
1023.3 31.0 33.009678
1059.75 31.0 34.185482
1032.75 31.0 33.314518
1034.1 31.0 33.358063
1039.5 32.0 32.484375
1046.25 32.0 32.695312
1096.2 32.0 34.25625
1000.35 32.0 31.260937
1044.9 32.0 32.653126
1005.75 32.0 31.429688
1047.6 32.0 32.7375
1007.1 32.0 31.471874
1098.9 32.0 34.340626
1053.0 32.0 32.90625
958.5 32.0 29.953125
1054.35 32.0 32.948437
1053.0 32.0 32.90625
1051.65 32.0 32.864063
1028.7 32.0 32.146873
1034.1 32.0 32.315624
1082.7 32.0 33.834373
1092.15 32.0 34.12969
1070.55 32.0 33.45469
1027.35 32.0 32.104687
1023.3 32.0 31.978125
1023.3 32.0 31.978125
1015.2 32.0 31.725
1059.75 32.0 33.117188
1051.65 32.0 32.864063
992.25 32.0 31.007812
1075.95 32.0 33.623436
1044.9 32.0 32.653126
1053.0 32.0 32.90625
1042.2 32.0 32.56875
1077.3 32.0 33.665627
1096.2 32.0 34.25625
1005.75 32.0 31.429688
1003.05 32.0 31.345312
1032.75 32.0 32.273438
1044.9 32.0 32.653126
1040.85 32.0 32.52656
1071.9 32.0 33.496876
1039.5 32.0 32.484375
1009.8 32.0 31.55625
1053.0 32.0 32.90625
1031.4 33.0 31.254545
982.8 33.0 29.781818
1011.15 33.0 30.64091
1063.7999 33.0 32.236362
1038.15 33.0 31.459091
1004.39996 33.0 30.436363
1053.0 33.0 31.90909
1048.95 33.0 31.786364
988.19995 33.0 29.945454
1057.05 33.0 32.03182
1000.35004 33.0 30.313637
1039.5 33.0 31.5
1055.7001 33.0 31.99091
1012.5 33.0 30.681818
1009.8 33.0 30.6
1004.39996 33.0 30.436363
997.64996 33.0 30.231817
980.10004 33.0 29.7
1038.15 33.0 31.459091
1017.9 33.0 30.845455
1066.5 33.0 32.31818
1004.39996 33.0 30.436363
1080.0 33.0 32.727272
980.10004 33.0 29.7
1094.85 33.0 33.177273
1053.0 33.0 31.90909
1001.7 33.0 30.354546
1035.4501 33.0 31.377274
1001.7 33.0 30.354546
1032.75 33.0 31.295454
1042.2 33.0 31.581818
1001.7 33.0 30.354546
1028.7 33.0 31.172728
1035.4501 33.0 31.377274
1055.7001 33.0 31.99091
992.25 33.0 30.068182
1075.95 33.0 32.604546
1085.3999 33.0 32.890907
1069.2001 33.0 32.4
1129.9501 33.0 34.24091
1044.9 33.0 31.663637
1065.15 34.0 31.327942
1019.25 34.0 29.977942
1036.8 34.0 30.494118
986.85 34.0 29.025
1030.0499 34.0 30.295588
1017.9 34.0 29.938236
986.85 34.0 29.025
967.95 34.0 28.469118
1001.7 34.0 29.461765
1016.55 34.0 29.89853
1035.4501 34.0 30.454412
1000.35 34.0 29.422058
1058.4 34.0 31.129412
999.0 34.0 29.382353
976.05005 34.0 28.707354
1027.35 34.0 30.216177
997.65 34.0 29.342648
1027.35 34.0 30.216177
967.95 34.0 28.469118
1001.7 34.0 29.461765
978.75 34.0 28.786764
982.8 34.0 28.905882
999.0 34.0 29.382353
972.0 34.0 28.588236
1032.75 34.0 30.375
1047.6 34.0 30.811764
974.69995 34.0 28.667646
1080.0 34.0 31.764706
1000.35 34.0 29.422058
1042.2 34.0 30.65294
1043.55 34.0 30.692648
1024.65 34.0 30.136765
1023.3 34.0 30.09706
1044.9 34.0 30.732353
990.89996 34.0 29.144117
1026.0 34.0 30.17647
953.1 34.0 28.032352
1031.4 34.0 30.335295
940.94995 34.0 27.675
1017.9 34.0 29.938236
1107.0 34.0 32.558823
1028.7 35.0 29.391428
1020.6 35.0 29.16
963.9 35.0 27.54
1004.4 35.0 28.697144
970.64996 35.0 27.732857
985.5 35.0 28.157143
996.3 35.0 28.465714
1061.1 35.0 30.317142
1019.25 35.0 29.12143
1020.6 35.0 29.16
1003.05 35.0 28.658571
1036.8 35.0 29.622858
962.55 35.0 27.501429
981.45 35.0 28.04143
1008.45 35.0 28.812857
966.60004 35.0 27.617144
1062.4501 35.0 30.355715
994.95 35.0 28.427143
1070.55 35.0 30.587143
1019.25 35.0 29.12143
1027.35 35.0 29.352858
1001.7 35.0 28.62
992.25 35.0 28.35
993.6 35.0 28.38857
1034.1 35.0 29.545713
1003.05 35.0 28.658571
974.7 35.0 27.848572
985.5 35.0 28.157143
1057.05 35.0 30.20143
1017.9 35.0 29.082857
1028.7 35.0 29.391428
990.89996 35.0 28.311428
1090.8 35.0 31.165714
1001.7 35.0 28.62
970.64996 35.0 27.732857
1005.75 35.0 28.735714
1003.05 35.0 28.658571
1054.35 35.0 30.124287
998.99994 35.0 28.542856
978.75 35.0 27.964285
1005.75 35.0 28.735714
974.7 36.0 27.075
1015.2 36.0 28.2
942.3 36.0 26.175
1019.25 36.0 28.3125
967.95 36.0 26.8875
994.95 36.0 27.6375
981.45 36.0 27.2625
1004.39996 36.0 27.9
977.39996 36.0 27.15
969.3 36.0 26.925
932.85004 36.0 25.9125
924.75 36.0 25.6875
977.39996 36.0 27.15
1082.7001 36.0 30.075
1004.39996 36.0 27.9
957.14996 36.0 26.5875
1019.25 36.0 28.3125
1012.5 36.0 28.125
1001.7 36.0 27.825
1001.7 36.0 27.825
981.45 36.0 27.2625
1042.2001 36.0 28.95
959.85004 36.0 26.6625
988.2 36.0 27.45
965.25 36.0 26.8125
1074.6 36.0 29.85
999.0 36.0 27.75
1009.8 36.0 28.05
945.0 36.0 26.25
997.64996 36.0 27.7125
993.60004 36.0 27.6
1017.89996 36.0 28.275
989.55 36.0 27.4875
1005.75 36.0 27.9375
996.3 36.0 27.675
1028.7001 36.0 28.575
1015.2 36.0 28.2
947.7 36.0 26.325
994.95 36.0 27.6375
1001.7 36.0 27.825
1004.39996 36.0 27.9
978.75 37.0 26.452703
1011.15 37.0 27.328379
1001.7 37.0 27.072973
1017.9 37.0 27.51081
996.3 37.0 26.927027
1024.65 37.0 27.693243
969.30005 37.0 26.197298
989.55 37.0 26.744595
1004.4 37.0 27.145947
1059.75 37.0 28.641891
930.14996 37.0 25.139189
953.1 37.0 25.759459
1020.60004 37.0 27.583784
985.5 37.0 26.635136
1027.35 37.0 27.766216
938.25 37.0 25.358109
977.39996 37.0 26.416216
977.39996 37.0 26.416216
940.95 37.0 25.431082
954.45 37.0 25.795946
928.8 37.0 25.102703
912.60004 37.0 24.664865
990.89996 37.0 26.78108
1013.85004 37.0 27.401352
958.5 37.0 25.905405
957.15 37.0 25.86892
954.45 37.0 25.795946
954.45 37.0 25.795946
1039.5 37.0 28.094595
990.89996 37.0 26.78108
1032.75 37.0 27.912163
963.9 37.0 26.051352
966.60004 37.0 26.124325
936.89996 37.0 25.32162
969.30005 37.0 26.197298
947.7 37.0 25.613514
962.55 37.0 26.014864
992.25 37.0 26.817568
939.6 37.0 25.394594
971.99994 37.0 26.27027
1009.8 37.0 27.291891
1001.7 38.0 26.360527
930.15 38.0 24.477633
976.05 38.0 25.685526
1005.75 38.0 26.467106
967.95 38.0 25.472368
986.85 38.0 25.969736
904.5 38.0 23.802631
993.6 38.0 26.147367
940.95 38.0 24.761843
909.89996 38.0 23.944736
989.55 38.0 26.040789
936.9 38.0 24.655264
972.0 38.0 25.578947
988.19995 38.0 26.005262
940.95 38.0 24.761843
977.39996 38.0 25.721052
967.95 38.0 25.472368
945.0 38.0 24.868422
962.55 38.0 25.330263
992.24994 38.0 26.111841
928.8 38.0 24.442104
978.75 38.0 25.756578
999.0 38.0 26.289474
922.05 38.0 24.264473
980.1 38.0 25.792105
967.95 38.0 25.472368
912.6 38.0 24.015789
959.85 38.0 25.25921
973.35 38.0 25.614473
1027.35 38.0 27.035526
877.5 38.0 23.092106
1011.15 38.0 26.609211
988.19995 38.0 26.005262
974.7 38.0 25.65
931.50006 38.0 24.513159
932.85004 38.0 24.548685
958.5 38.0 25.223684
967.95 38.0 25.472368
963.9 38.0 25.36579
957.15 38.0 25.188158
920.69995 38.0 24.228947
984.06165 39.0 25.23235
886.7368 39.0 22.736841
919.17847 39.0 23.568678
980.0065 39.0 25.12837
920.5302 39.0 23.603338
950.2683 39.0 24.365854
1009.74457 39.0 25.890886
978.65466 39.0 25.09371
965.1374 39.0 24.747112
988.1168 39.0 25.336329
971.896 39.0 24.92041
961.0822 39.0 24.643133
992.172 39.0 25.440308
1007.0411 39.0 25.821566
927.2888 39.0 23.776636
970.5443 39.0 24.885752
940.8062 39.0 24.123236
946.2131 39.0 24.261873
967.8408 39.0 24.816431
925.93713 39.0 23.741978
929.9923 39.0 23.845957
990.8203 39.0 25.40565
905.66113 39.0 23.22208
944.8614 39.0 24.227215
909.7163 39.0 23.32606
943.50964 39.0 24.192554
935.39923 39.0 23.984596
935.39923 39.0 23.984596
974.5995 39.0 24.98973
970.5443 39.0 24.885752
967.8408 39.0 24.816431
944.8614 39.0 24.227215
917.82666 39.0 23.534018
946.2131 39.0 24.261873
971.896 39.0 24.92041
917.82666 39.0 23.534018
929.9923 39.0 23.845957
942.1579 39.0 24.157894
948.91656 39.0 24.331194
934.0475 39.0 23.949936
974.5995 39.0 24.98973
926.1 40.0 23.1525
955.80005 40.0 23.895
903.15 40.0 22.57875
903.15 40.0 22.57875
932.85004 40.0 23.32125
864.0 40.0 21.6
963.9 40.0 24.0975
932.85004 40.0 23.32125
922.05005 40.0 23.05125
932.85004 40.0 23.32125
928.8 40.0 23.22
959.85 40.0 23.99625
949.05 40.0 23.72625
912.60004 40.0 22.815
940.95 40.0 23.52375
974.7 40.0 24.3675
896.4 40.0 22.41
942.30005 40.0 23.5575
940.95 40.0 23.52375
904.5 40.0 22.6125
905.85 40.0 22.64625
959.85 40.0 23.99625
927.45 40.0 23.18625
947.69995 40.0 23.6925
911.25 40.0 22.78125
938.25 40.0 23.45625
909.89996 40.0 22.7475
931.5 40.0 23.2875
994.95 40.0 24.87375
931.5 40.0 23.2875
985.5 40.0 24.6375
990.89996 40.0 24.7725
934.19995 40.0 23.355
928.8 40.0 23.22
954.45 40.0 23.86125
947.69995 40.0 23.6925
945.0 40.0 23.625
922.05005 40.0 23.05125
958.5 40.0 23.9625
904.5 40.0 22.6125
927.45 40.0 23.18625
940.95 41.0 22.95
939.6 41.0 22.917072
915.3 41.0 22.32439
928.8 41.0 22.653658
915.3 41.0 22.32439
955.8 41.0 23.312195
882.9 41.0 21.534147
928.8 41.0 22.653658
931.5 41.0 22.719513
946.35 41.0 23.081707
926.1 41.0 22.587805
843.74994 41.0 20.579268
920.69995 41.0 22.456097
876.15 41.0 21.369513
888.3 41.0 21.665854
899.1 41.0 21.929268
924.75 41.0 22.554878
880.19995 41.0 21.468292
913.95 41.0 22.291464
915.3 41.0 22.32439
954.45 41.0 23.279268
969.30005 41.0 23.641464
909.89996 41.0 22.192682
940.95 41.0 22.95
961.2 41.0 23.443903
897.75 41.0 21.896341
891.0 41.0 21.731707
982.8 41.0 23.970732
947.69995 41.0 23.114634
903.15 41.0 22.02805
927.45 41.0 22.620731
928.8 41.0 22.653658
907.2 41.0 22.12683
962.55 41.0 23.47683
909.89996 41.0 22.192682
873.45 41.0 21.30366
927.45 41.0 22.620731
927.45 41.0 22.620731
905.85 41.0 22.093903
922.05005 41.0 22.489025
919.35 41.0 22.42317
881.55005 42.0 20.989286
924.75 42.0 22.017857
846.45 42.0 20.153572
896.4 42.0 21.342857
940.95 42.0 22.403572
920.7 42.0 21.921429
934.2 42.0 22.242857
888.3 42.0 21.15
936.89996 42.0 22.307142
847.80005 42.0 20.185715
862.65 42.0 20.539286
865.35 42.0 20.60357
923.39996 42.0 21.985714
872.10004 42.0 20.764286
890.99994 42.0 21.214285
903.14996 42.0 21.50357
861.3 42.0 20.507143
911.25 42.0 21.696428
936.89996 42.0 22.307142
897.75 42.0 21.375
896.4 42.0 21.342857
951.75006 42.0 22.660715
886.95 42.0 21.117857
935.55 42.0 22.275
874.8 42.0 20.828571
912.6 42.0 21.72857
912.6 42.0 21.72857
890.99994 42.0 21.214285
963.9 42.0 22.95
873.45 42.0 20.796429
955.8 42.0 22.757143
942.30005 42.0 22.435715
926.1 42.0 22.05
930.15 42.0 22.14643
918.0 42.0 21.857143
869.4 42.0 20.7
895.05005 42.0 21.310715
913.94995 42.0 21.760714
893.7 42.0 21.278572
946.35 42.0 22.532143
857.25006 42.0 20.410715
843.75 43.0 19.622093
908.55005 43.0 21.12907
897.75 43.0 20.877907
949.05 43.0 22.07093
885.6 43.0 20.595348
874.80005 43.0 20.344187
877.5 43.0 20.406977
861.30005 43.0 20.030233
868.05005 43.0 20.18721
876.15 43.0 20.375582
880.19995 43.0 20.469767
857.25 43.0 19.936047
859.94995 43.0 19.998837
951.75 43.0 22.13372
936.9 43.0 21.788372
877.5 43.0 20.406977
942.3 43.0 21.913954
934.2 43.0 21.725582
882.9 43.0 20.532558
903.15 43.0 21.003489
880.19995 43.0 20.469767
891.0 43.0 20.72093
923.4 43.0 21.474419
930.15 43.0 21.631395
901.80005 43.0 20.972094
950.4 43.0 22.102325
838.35 43.0 19.496511
908.55005 43.0 21.12907
927.45 43.0 21.568605
958.5 43.0 22.290697
889.65 43.0 20.689535
897.75 43.0 20.877907
893.69995 43.0 20.78372
874.80005 43.0 20.344187
897.75 43.0 20.877907
901.80005 43.0 20.972094
895.05005 43.0 20.815117
857.25 43.0 19.936047
904.5 43.0 21.034883
909.9 43.0 21.160465
859.94995 43.0 19.998837
936.9 44.0 21.293182
870.75 44.0 19.789772
869.39996 44.0 19.75909
868.05 44.0 19.728409
897.75006 44.0 20.40341
876.15 44.0 19.9125
857.25 44.0 19.482954
861.30005 44.0 19.575
912.60004 44.0 20.74091
876.15 44.0 19.9125
882.89996 44.0 20.065908
895.05 44.0 20.342045
820.8 44.0 18.654545
861.30005 44.0 19.575
859.94995 44.0 19.544317
886.95 44.0 20.157955
900.45 44.0 20.464773
893.69995 44.0 20.311363
873.45 44.0 19.851137
858.6 44.0 19.513636
857.25 44.0 19.482954
872.1 44.0 19.820454
888.30005 44.0 20.188637
885.60004 44.0 20.127274
892.35 44.0 20.280682
886.95 44.0 20.157955
878.85 44.0 19.973864
888.30005 44.0 20.188637
889.65 44.0 20.219318
819.44995 44.0 18.623863
888.30005 44.0 20.188637
901.8 44.0 20.495455
837.0 44.0 19.022728
885.60004 44.0 20.127274
797.85 44.0 18.132954
881.55 44.0 20.035227
899.10004 44.0 20.434092
855.89996 44.0 19.452272
853.2 44.0 19.39091
873.45 44.0 19.851137
872.1 44.0 19.820454
855.9 45.0 19.02
897.75006 45.0 19.95
870.75 45.0 19.35
853.19995 45.0 18.96
864.00006 45.0 19.2
850.5 45.0 18.9
870.75 45.0 19.35
878.85004 45.0 19.53
859.95 45.0 19.11
886.94995 45.0 19.71
865.35 45.0 19.23
893.7 45.0 19.86
851.85004 45.0 18.93
826.2 45.0 18.36
855.9 45.0 19.02
808.64996 45.0 17.97
868.05005 45.0 19.29
828.9 45.0 18.42
827.55 45.0 18.39
920.69995 45.0 20.46
843.75 45.0 18.75
903.14996 45.0 20.07
858.6 45.0 19.08
870.75 45.0 19.35
858.6 45.0 19.08
880.19995 45.0 19.56
818.10004 45.0 18.18
864.00006 45.0 19.2
832.95 45.0 18.51
784.35004 45.0 17.43
847.8 45.0 18.84
877.5 45.0 19.5
885.60004 45.0 19.68
907.2 45.0 20.16
892.35 45.0 19.83
868.05005 45.0 19.29
869.39996 45.0 19.32
859.95 45.0 19.11
893.7 45.0 19.86
854.55 45.0 18.99
841.05005 45.0 18.69
838.35004 46.0 18.225
853.2 46.0 18.547827
830.25006 46.0 18.048914
888.3 46.0 19.31087
823.5 46.0 17.902174
853.2 46.0 18.547827
822.14996 46.0 17.872826
885.60004 46.0 19.252174
832.95 46.0 18.107609
843.75 46.0 18.342392
855.9 46.0 18.606522
862.65 46.0 18.753262
822.14996 46.0 17.872826
851.85 46.0 18.518478
855.9 46.0 18.606522
845.1 46.0 18.371738
866.7 46.0 18.841305
896.39996 46.0 19.486956
847.80005 46.0 18.430435
849.15 46.0 18.459784
893.7 46.0 19.42826
827.55 46.0 17.990217
845.1 46.0 18.371738
895.05005 46.0 19.45761
853.2 46.0 18.547827
895.05005 46.0 19.45761
832.95 46.0 18.107609
818.1 46.0 17.784782
859.94995 46.0 18.694565
804.6 46.0 17.491304
892.35 46.0 19.398912
828.9 46.0 18.019566
877.49994 46.0 19.076086
814.05 46.0 17.69674
909.9 46.0 19.780436
870.75 46.0 18.929348
832.95 46.0 18.107609
828.9 46.0 18.019566
868.0499 46.0 18.870651
861.3 46.0 18.723913
881.55005 46.0 19.164131
882.9 47.0 18.785107
766.8 47.0 16.314894
818.10004 47.0 17.406384
855.89996 47.0 18.210638
838.35004 47.0 17.837234
862.65 47.0 18.354256
836.99994 47.0 17.80851
828.89996 47.0 17.63617
861.2999 47.0 18.325531
783.0 47.0 16.659575
888.3 47.0 18.9
842.4 47.0 17.923405
830.25 47.0 17.664894
866.7 47.0 18.440426
901.80005 47.0 19.187235
810.0 47.0 17.234043
843.75 47.0 17.952127
784.35 47.0 16.688297
842.4 47.0 17.923405
839.7 47.0 17.865957
845.1 47.0 17.98085
805.95 47.0 17.147873
793.80005 47.0 16.889362
828.89996 47.0 17.63617
834.30005 47.0 17.751064
847.8 47.0 18.038298
850.5 47.0 18.095745
870.75 47.0 18.526596
834.30005 47.0 17.751064
797.85004 47.0 16.975533
808.64996 47.0 17.205318
831.6 47.0 17.693617
865.35 47.0 18.411701
842.4 47.0 17.923405
849.14996 47.0 18.06702
846.45 47.0 18.009575
793.80005 47.0 16.889362
832.94995 47.0 17.72234
822.15 47.0 17.492554
888.3 47.0 18.9
843.75 47.0 17.952127
827.55005 48.0 17.240625
903.14996 48.0 18.815624
831.60004 48.0 17.325
827.55005 48.0 17.240625
780.30005 48.0 16.25625
791.10004 48.0 16.48125
832.94995 48.0 17.353125
818.10004 48.0 17.04375
769.5 48.0 16.03125
832.94995 48.0 17.353125
854.55005 48.0 17.803125
853.19995 48.0 17.775
808.64996 48.0 16.846874
826.19995 48.0 17.2125
831.60004 48.0 17.325
865.35004 48.0 18.028126
787.05005 48.0 16.396875
843.75 48.0 17.578125
838.35004 48.0 17.465626
816.75 48.0 17.015625
847.80005 48.0 17.6625
816.75 48.0 17.015625
738.44995 48.0 15.384375
778.94995 48.0 16.228125
810.0 48.0 16.875
884.25 48.0 18.421875
855.89996 48.0 17.83125
835.64996 48.0 17.409374
819.44995 48.0 17.071875
808.64996 48.0 16.846874
838.35004 48.0 17.465626
835.64996 48.0 17.409374
849.14996 48.0 17.690624
831.60004 48.0 17.325
866.69995 48.0 18.05625
781.64996 48.0 16.284374
859.94995 48.0 17.915625
823.5 48.0 17.15625
827.55005 48.0 17.240625
807.30005 48.0 16.81875
838.35004 48.0 17.465626
837.0 49.0 17.081633
832.95 49.0 16.99898
793.80005 49.0 16.2
828.9 49.0 16.916327
835.64996 49.0 17.054081
851.85 49.0 17.384693
831.6 49.0 16.971428
812.7 49.0 16.585714
822.15 49.0 16.778572
824.85 49.0 16.833673
803.25 49.0 16.392857
842.4 49.0 17.191837
796.5 49.0 16.255102
793.80005 49.0 16.2
835.64996 49.0 17.054081
835.64996 49.0 17.054081
800.55 49.0 16.337755
756.0 49.0 15.428572
812.7 49.0 16.585714
772.2 49.0 15.759184
876.14996 49.0 17.880611
776.25 49.0 15.841837
781.64996 49.0 15.952041
861.3 49.0 17.57755
823.5 49.0 16.806122
822.15 49.0 16.778572
807.3 49.0 16.47551
780.3 49.0 15.92449
842.4 49.0 17.191837
784.35004 49.0 16.007143
796.5 49.0 16.255102
827.55 49.0 16.888775
787.05 49.0 16.062244
815.39996 49.0 16.640816
828.9 49.0 16.916327
810.00006 49.0 16.530613
854.55005 49.0 17.439796
815.39996 49.0 16.640816
795.14996 49.0 16.22755
846.45 49.0 17.27449
814.05005 49.0 16.613266
818.1 50.0 16.362
828.89996 50.0 16.578
801.9 50.0 16.038
816.74994 50.0 16.335
784.35004 50.0 15.687
835.64996 50.0 16.713
808.65 50.0 16.173
795.15 50.0 15.903
750.6 50.0 15.012
773.55 50.0 15.471
792.45 50.0 15.849
777.6 50.0 15.552
773.55 50.0 15.471
780.3 50.0 15.606
820.80005 50.0 16.416
803.25 50.0 16.065
770.85 50.0 15.417
787.05 50.0 15.741
847.8 50.0 16.956
805.94995 50.0 16.119
810.00006 50.0 16.2
831.6 50.0 16.632
793.80005 50.0 15.876
810.00006 50.0 16.2
765.45 50.0 15.309
812.7 50.0 16.254
785.7 50.0 15.714
795.15 50.0 15.903
828.89996 50.0 16.578
843.75 50.0 16.875
766.80005 50.0 15.336
822.15 50.0 16.443
816.74994 50.0 16.335
765.45 50.0 15.309
768.15 50.0 15.363
793.80005 50.0 15.876
807.3 50.0 16.146
778.95 50.0 15.579
797.85 50.0 15.957
758.7 50.0 15.174
820.80005 50.0 16.416
745.2 51.0 14.611765
818.1 51.0 16.041176
837.0 51.0 16.411764
754.65 51.0 14.797059
820.80005 51.0 16.094118
776.25 51.0 15.220589
753.3 51.0 14.770588
862.64996 51.0 16.914705
764.10004 51.0 14.982353
789.75 51.0 15.485294
788.39996 51.0 15.458823
807.3 51.0 15.8294115
778.94995 51.0 15.273529
818.1 51.0 16.041176
811.35004 51.0 15.908824
808.65 51.0 15.855883
780.3 51.0 15.3
766.80005 51.0 15.035295
749.25 51.0 14.691176
799.2 51.0 15.6705885
783.0 51.0 15.3529415
765.45 51.0 15.008823
793.8 51.0 15.564706
777.6 51.0 15.247059
846.45 51.0 16.59706
791.1 51.0 15.511765
789.75 51.0 15.485294
830.25 51.0 16.279411
784.35 51.0 15.379412
789.75 51.0 15.485294
789.75 51.0 15.485294
789.75 51.0 15.485294
758.7 51.0 14.876471
751.95 51.0 14.744118
853.2 51.0 16.729412
788.39996 51.0 15.458823
803.25 51.0 15.75
738.45 51.0 14.479412
772.2 51.0 15.141176
811.35004 51.0 15.908824
796.5 51.0 15.617647
764.10004 52.0 14.694231
795.15 52.0 15.291347
761.39996 52.0 14.642307
754.64996 52.0 14.5125
761.39996 52.0 14.642307
789.75 52.0 15.1875
754.64996 52.0 14.5125
774.9 52.0 14.901923
754.64996 52.0 14.5125
729.0 52.0 14.019231
797.85 52.0 15.343269
820.8 52.0 15.7846155
762.75 52.0 14.668269
787.05 52.0 15.135577
777.6 52.0 14.953846
789.75 52.0 15.1875
745.2 52.0 14.33077
768.15 52.0 14.772116
768.15 52.0 14.772116
785.7 52.0 15.109615
800.55 52.0 15.395192
797.85 52.0 15.343269
769.5 52.0 14.798077
765.44995 52.0 14.720192
761.39996 52.0 14.642307
785.7 52.0 15.109615
777.6 52.0 14.953846
789.75 52.0 15.1875
783.0 52.0 15.057693
797.85 52.0 15.343269
808.65 52.0 15.5509615
799.2 52.0 15.369231
743.85 52.0 14.304808
746.55 52.0 14.35673
788.39996 52.0 15.161538
768.15 52.0 14.772116
742.5 52.0 14.278846
799.2 52.0 15.369231
781.65 52.0 15.031731
757.35 52.0 14.564423
792.45 52.0 15.239423
712.12177 52.999996 13.43626
749.95746 52.999996 14.150142
675.6373 52.999996 12.747875
760.76764 52.999996 14.354108
745.9036 52.999996 14.073654
790.4957 52.999996 14.915014
737.79596 52.999996 13.92068
758.06506 52.999996 14.303116
733.7421 52.999996 13.8441925
764.8215 52.999996 14.430594
762.1189 52.999996 14.379603
783.7393 52.999996 14.787536
812.1161 52.999996 15.322947
731.0396 52.999996 13.793201
758.06506 52.999996 14.303116
760.76764 52.999996 14.354108
695.9065 52.999996 13.130312
754.0113 52.999996 14.226629
747.2549 52.999996 14.09915
787.79315 52.999996 14.864022
772.92914 52.999996 14.58357
752.66 52.999996 14.201133
774.2804 52.999996 14.609065
756.7138 52.999996 14.27762
756.7138 52.999996 14.27762
783.7393 52.999996 14.787536
741.84985 52.999996 13.997168
778.3342 52.999996 14.685553
736.4447 52.999996 13.8951845
740.49854 52.999996 13.971671
772.92914 52.999996 14.58357
774.2804 52.999996 14.609065
809.4135 52.999996 15.271955
744.55237 52.999996 14.048159
776.983 52.999996 14.660057
781.03674 52.999996 14.736544
749.95746 52.999996 14.150142
756.7138 52.999996 14.27762
783.7393 52.999996 14.787536
725.6345 52.999996 13.691218
758.06506 52.999996 14.303116
758.7001 54.000004 14.05
745.2001 54.000004 13.8
753.30005 54.000004 13.95
753.30005 54.000004 13.95
743.85004 54.000004 13.775
757.35004 54.000004 14.025
773.55005 54.000004 14.325
727.6501 54.000004 13.475
715.50006 54.000004 13.25
700.6501 54.000004 12.975
738.4501 54.000004 13.675
761.4001 54.000004 14.1
791.10004 54.000004 14.65
734.4001 54.000004 13.6
760.05005 54.000004 14.075
749.25006 54.000004 13.875
733.05005 54.000004 13.575
743.85004 54.000004 13.775
711.4501 54.000004 13.175
726.30005 54.000004 13.45
707.4001 54.000004 13.1
757.35004 54.000004 14.025
727.6501 54.000004 13.475
722.25006 54.000004 13.375
762.75006 54.000004 14.125
764.10004 54.000004 14.15
712.80005 54.000004 13.2
729.00006 54.000004 13.5
751.9501 54.000004 13.925
735.75006 54.000004 13.625
742.50006 54.000004 13.75
724.9501 54.000004 13.425
758.7001 54.000004 14.05
731.7001 54.000004 13.55
742.50006 54.000004 13.75
760.05005 54.000004 14.075
764.10004 54.000004 14.15
714.1501 54.000004 13.225
784.35004 54.000004 14.525
691.2001 54.000004 12.8
753.30005 54.000004 13.95
738.45 55.0 13.426364
658.8 55.0 11.978182
727.64996 55.0 13.23
689.85004 55.0 12.542727
723.6 55.0 13.1563635
727.64996 55.0 13.23
742.5 55.0 13.5
714.15 55.0 12.984546
735.75 55.0 13.377273
741.14996 55.0 13.475454
747.9 55.0 13.598182
734.39996 55.0 13.352727
714.15 55.0 12.984546
734.39996 55.0 13.352727
756.0 55.0 13.745455
753.3 55.0 13.696363
696.60004 55.0 12.665455
734.39996 55.0 13.352727
730.35 55.0 13.279091
743.85004 55.0 13.524546
758.7 55.0 13.794545
703.35004 55.0 12.788182
747.9 55.0 13.598182
722.25 55.0 13.131818
706.05 55.0 12.837273
712.8 55.0 12.96
710.1 55.0 12.910909
723.6 55.0 13.1563635
770.85 55.0 14.015454
684.45 55.0 12.444546
792.45 55.0 14.408182
750.60004 55.0 13.647273
742.5 55.0 13.5
754.65 55.0 13.720909
762.75 55.0 13.868182
756.0 55.0 13.745455
745.2 55.0 13.549091
716.85 55.0 13.033636
739.8 55.0 13.450909
722.25 55.0 13.131818
734.39996 55.0 13.352727
715.5 56.0 12.776786
733.05 56.0 13.0901785
719.55 56.0 12.849107
689.85004 56.0 12.31875
750.6 56.0 13.403571
722.25 56.0 12.897322
726.3 56.0 12.969643
668.25 56.0 11.933036
731.7 56.0 13.0660715
685.8 56.0 12.2464285
681.75 56.0 12.174108
691.2 56.0 12.342857
710.1 56.0 12.680357
692.55 56.0 12.366964
735.75 56.0 13.138392
719.55 56.0 12.849107
735.75 56.0 13.138392
727.64996 56.0 12.99375
707.4 56.0 12.632143
741.15 56.0 13.234821
700.65 56.0 12.511607
719.55 56.0 12.849107
734.39996 56.0 13.114285
716.85 56.0 12.800893
706.05005 56.0 12.608036
702.0 56.0 12.535714
714.15 56.0 12.752679
718.2 56.0 12.825
703.35 56.0 12.559821
734.39996 56.0 13.114285
689.85004 56.0 12.31875
735.75 56.0 13.138392
727.64996 56.0 12.99375
710.1 56.0 12.680357
702.0 56.0 12.535714
734.39996 56.0 13.114285
737.10004 56.0 13.1625
703.35 56.0 12.559821
722.25 56.0 12.897322
720.9 56.0 12.873215
729.0 56.0 13.017858
707.4 57.0 12.410526
733.05 57.0 12.860526
718.2 57.0 12.6
710.1 57.0 12.457894
727.64996 57.0 12.765789
739.8 57.0 12.978948
729.0 57.0 12.789474
645.3 57.0 11.321053
716.85 57.0 12.576316
699.3 57.0 12.268421
668.25 57.0 11.723684
711.45 57.0 12.481579
684.45 57.0 12.0078945
688.5 57.0 12.078947
708.75 57.0 12.434211
707.4 57.0 12.410526
684.45 57.0 12.0078945
702.0 57.0 12.315789
702.0 57.0 12.315789
737.1 57.0 12.931579
722.25 57.0 12.671053
673.65 57.0 11.818421
685.8 57.0 12.031579
707.4 57.0 12.410526
666.89996 57.0 11.7
720.9 57.0 12.647368
691.2 57.0 12.126316
702.0 57.0 12.315789
696.6 57.0 12.221052
718.2 57.0 12.6
708.75 57.0 12.434211
703.35 57.0 12.339474
726.3 57.0 12.7421055
697.95 57.0 12.244737
691.2 57.0 12.126316
703.35 57.0 12.339474
724.95 57.0 12.718421
688.5 57.0 12.078947
703.35 57.0 12.339474
692.55 57.0 12.15
727.64996 57.0 12.765789
662.85004 58.0 11.428449
711.45 58.0 12.266379
633.14996 58.0 10.916379
646.64996 58.0 11.1491375
707.39996 58.0 12.196551
673.65 58.0 11.6146555
688.5 58.0 11.870689
658.8 58.0 11.358621
693.89996 58.0 11.963793
693.89996 58.0 11.963793
704.69995 58.0 12.15
681.75 58.0 11.754311
688.5 58.0 11.870689
676.35004 58.0 11.661207
679.05 58.0 11.707759
695.25 58.0 11.987069
697.95 58.0 12.033621
693.89996 58.0 11.963793
708.75 58.0 12.219828
714.15 58.0 12.312931
695.25 58.0 11.987069
683.1 58.0 11.777586
697.95 58.0 12.033621
707.39996 58.0 12.196551
666.9 58.0 11.498276
724.95 58.0 12.499138
699.3 58.0 12.056896
719.55 58.0 12.406034
699.3 58.0 12.056896
704.69995 58.0 12.15
673.65 58.0 11.6146555
664.2 58.0 11.451724
692.55 58.0 11.940517
677.7 58.0 11.684483
666.9 58.0 11.498276
675.0 58.0 11.637931
688.5 58.0 11.870689
672.3 58.0 11.591379
668.25 58.0 11.521552
687.15 58.0 11.847414
688.5 58.0 11.870689
667.4656 58.999996 11.312977
685.0305 58.999996 11.610687
640.4427 58.999996 10.854961
679.6259 58.999996 11.519084
690.4351 58.999996 11.702291
703.9465 58.999996 11.931297
710.7022 58.999996 12.045801
637.7404 58.999996 10.80916
686.38165 58.999996 11.633588
720.1603 58.999996 12.206107
709.3511 58.999996 12.022901
651.2519 58.999996 11.038168
680.97705 58.999996 11.541985
668.8167 58.999996 11.335877
706.6488 58.999996 11.977099
671.51904 58.999996 11.38168
680.97705 58.999996 11.541985
685.0305 58.999996 11.610687
676.92365 58.999996 11.473283
664.7633 58.999996 11.267176
679.6259 58.999996 11.519084
679.6259 58.999996 11.519084
676.92365 58.999996 11.473283
658.00757 58.999996 11.152672
701.2442 58.999996 11.885496
664.7633 58.999996 11.267176
635.03815 58.999996 10.763359
689.0839 58.999996 11.679389
702.59534 58.999996 11.908397
683.6794 58.999996 11.587787
663.4122 58.999996 11.244275
637.7404 58.999996 10.80916
686.38165 58.999996 11.633588
658.00757 58.999996 11.152672
680.97705 58.999996 11.541985
683.6794 58.999996 11.587787
628.2824 58.999996 10.648855
698.54193 58.999996 11.839695
663.4122 58.999996 11.244275
666.11444 58.999996 11.290076
670.1679 58.999996 11.358779
665.55005 60.000004 11.0925
668.25006 60.000004 11.1375
689.8501 60.000004 11.4975
668.25006 60.000004 11.1375
627.75 60.000004 10.4625
649.35004 60.000004 10.8225
654.75006 60.000004 10.9125
673.65 60.000004 11.2275
639.9 60.000004 10.665
677.7001 60.000004 11.295
645.30005 60.000004 10.755
625.05 60.000004 10.4175
680.4 60.000004 11.34
639.9 60.000004 10.665
631.80005 60.000004 10.53
648.00006 60.000004 10.8
653.4001 60.000004 10.89
693.9 60.000004 11.565
639.9 60.000004 10.665
657.4501 60.000004 10.9575
664.2 60.000004 11.07
654.75006 60.000004 10.9125
654.75006 60.000004 10.9125
638.55005 60.000004 10.6425
646.65 60.000004 10.7775
637.2 60.000004 10.62
633.15 60.000004 10.5525
658.8 60.000004 10.98
696.60004 60.000004 11.61
652.05005 60.000004 10.8675
641.25006 60.000004 10.6875
675.00006 60.000004 11.25
650.7001 60.000004 10.845
650.7001 60.000004 10.845
652.05005 60.000004 10.8675
676.35004 60.000004 11.2725
683.10004 60.000004 11.385
658.8 60.000004 10.98
668.25006 60.000004 11.1375
664.2 60.000004 11.07
661.5 60.000004 11.025
633.14996 61.0 10.379508
634.5 61.0 10.401639
652.05 61.0 10.689344
657.45 61.0 10.777869
660.15 61.0 10.822131
648.0 61.0 10.622951
641.25 61.0 10.512295
622.35004 61.0 10.202459
641.25 61.0 10.512295
653.4 61.0 10.711475
630.45 61.0 10.335246
631.8 61.0 10.357377
623.7 61.0 10.22459
616.95 61.0 10.1139345
658.8 61.0 10.8
630.45 61.0 10.335246
639.89996 61.0 10.490164
641.25 61.0 10.512295
645.3 61.0 10.578689
661.5 61.0 10.844262
661.5 61.0 10.844262
681.75 61.0 11.1762295
623.7 61.0 10.22459
633.14996 61.0 10.379508
618.3 61.0 10.1360655
668.25 61.0 10.954918
652.05 61.0 10.689344
669.6 61.0 10.977049
637.2 61.0 10.445902
625.05 61.0 10.246721
634.5 61.0 10.401639
621.0 61.0 10.180327
666.9 61.0 10.932787
658.8 61.0 10.8
637.2 61.0 10.445902
615.60004 61.0 10.091804
587.25 61.0 9.627049
650.7 61.0 10.667213
618.3 61.0 10.1360655
631.8 61.0 10.357377
614.25 61.0 10.069673
633.15 62.0 10.212097
665.55 62.0 10.734677
648.0 62.0 10.451612
614.25 62.0 9.907258
661.5 62.0 10.669354
650.7 62.0 10.495161
643.95 62.0 10.386291
616.95 62.0 9.950807
642.60004 62.0 10.364516
635.85 62.0 10.255645
596.69995 62.0 9.624193
619.65 62.0 9.994355
634.5 62.0 10.2338705
625.05 62.0 10.081451
630.45 62.0 10.168549
637.2 62.0 10.277419
589.95 62.0 9.515323
626.4 62.0 10.103226
662.85 62.0 10.691129
642.60004 62.0 10.364516
612.89996 62.0 9.885484
604.8 62.0 9.754839
625.05 62.0 10.081451
633.15 62.0 10.212097
606.15 62.0 9.776613
652.05 62.0 10.516935
611.55 62.0 9.863709
650.7 62.0 10.495161
630.45 62.0 10.168549
630.45 62.0 10.168549
618.3 62.0 9.972581
616.95 62.0 9.950807
629.1 62.0 10.146774
650.7 62.0 10.495161
615.6 62.0 9.929032
668.25 62.0 10.778226
633.15 62.0 10.212097
648.0 62.0 10.451612
600.75 62.0 9.689516
664.2 62.0 10.712903
641.25 62.0 10.342742
630.45 63.0 10.007143
631.8 63.0 10.028571
580.5 63.0 9.214286
596.7 63.0 9.471429
610.2 63.0 9.685715
600.75 63.0 9.535714
591.3 63.0 9.385715
611.55 63.0 9.707143
610.2 63.0 9.685715
611.55 63.0 9.707143
634.5 63.0 10.071428
610.2 63.0 9.685715
622.35 63.0 9.8785715
626.39996 63.0 9.942857
562.95 63.0 8.935715
587.25 63.0 9.321428
635.85004 63.0 10.092857
629.1 63.0 9.985714
630.45 63.0 10.007143
633.15 63.0 10.05
629.1 63.0 9.985714
639.89996 63.0 10.157143
612.9 63.0 9.728572
622.35 63.0 9.8785715
607.5 63.0 9.642858
621.0 63.0 9.857142
652.05005 63.0 10.35
643.95 63.0 10.221429
596.7 63.0 9.471429
598.05 63.0 9.492857
619.65 63.0 9.835714
602.10004 63.0 9.557143
585.9 63.0 9.3
635.85004 63.0 10.092857
603.45 63.0 9.578571
615.6 63.0 9.771428
588.60004 63.0 9.342857
614.25 63.0 9.75
630.45 63.0 10.007143
585.9 63.0 9.3
626.39996 63.0 9.942857
622.35 64.0 9.724218
607.5 64.0 9.4921875
581.85 64.0 9.091406
596.7 64.0 9.323438
625.05 64.0 9.766406
600.75 64.0 9.386719
608.85 64.0 9.513281
607.5 64.0 9.4921875
622.35 64.0 9.724218
619.65 64.0 9.682032
623.7 64.0 9.745313
625.05 64.0 9.766406
595.35 64.0 9.302343
583.2 64.0 9.1125
594.0 64.0 9.28125
588.6 64.0 9.196875
598.05 64.0 9.344531
623.7 64.0 9.745313
581.85 64.0 9.091406
592.65 64.0 9.260157
580.5 64.0 9.0703125
584.55 64.0 9.133594
603.45 64.0 9.428906
581.85 64.0 9.091406
606.15 64.0 9.471094
580.5 64.0 9.0703125
599.4 64.0 9.365625
607.5 64.0 9.4921875
604.8 64.0 9.45
618.3 64.0 9.660937
604.8 64.0 9.45
585.9 64.0 9.154688
594.0 64.0 9.28125
564.3 64.0 8.817187
637.2 64.0 9.95625
592.65 64.0 9.260157
580.5 64.0 9.0703125
577.8 64.0 9.028125
610.2 64.0 9.534375
615.6 64.0 9.61875
600.75 64.0 9.386719
567.0 65.0 8.723077
575.10004 65.0 8.8476925
616.94995 65.0 9.491538
568.35 65.0 8.743846
588.6 65.0 9.055385
603.45 65.0 9.283846
575.10004 65.0 8.8476925
552.15 65.0 8.494616
562.95 65.0 8.660769
576.45 65.0 8.868462
558.89996 65.0 8.598461
581.85 65.0 8.951538
589.95 65.0 9.076154
594.0 65.0 9.138461
598.05 65.0 9.200769
546.75 65.0 8.411538
544.05 65.0 8.37
577.8 65.0 8.889231
598.05 65.0 9.200769
598.05 65.0 9.200769
594.0 65.0 9.138461
607.5 65.0 9.346154
558.89996 65.0 8.598461
616.94995 65.0 9.491538
608.85004 65.0 9.366923
608.85004 65.0 9.366923
577.8 65.0 8.889231
562.95 65.0 8.660769
594.0 65.0 9.138461
622.35 65.0 9.5746155
606.14996 65.0 9.325384
589.95 65.0 9.076154
573.75 65.0 8.826923
606.14996 65.0 9.325384
576.45 65.0 8.868462
625.05 65.0 9.616154
579.14996 65.0 8.91
602.1 65.0 9.263077
584.55005 65.0 8.993077
614.25 65.0 9.45
564.3 65.0 8.681539
571.05005 66.0 8.652273
561.60004 66.0 8.509091
576.45 66.0 8.734091
542.69995 66.0 8.222727
580.5 66.0 8.795455
588.6 66.0 8.918181
588.6 66.0 8.918181
561.60004 66.0 8.509091
591.30005 66.0 8.959091
568.35 66.0 8.611363
568.35 66.0 8.611363
588.6 66.0 8.918181
589.95 66.0 8.938637
600.75 66.0 9.102273
596.69995 66.0 9.040909
568.35 66.0 8.611363
546.75 66.0 8.284091
561.60004 66.0 8.509091
598.05 66.0 9.061363
585.89996 66.0 8.877273
568.35 66.0 8.611363
581.85004 66.0 8.815909
571.05005 66.0 8.652273
580.5 66.0 8.795455
577.8 66.0 8.754545
565.65 66.0 8.570455
540.0 66.0 8.181818
589.95 66.0 8.938637
567.0 66.0 8.590909
567.0 66.0 8.590909
560.25 66.0 8.488636
545.4 66.0 8.263637
585.89996 66.0 8.877273
540.0 66.0 8.181818
564.3 66.0 8.55
548.1 66.0 8.304545
529.2 66.0 8.018182
588.6 66.0 8.918181
560.25 66.0 8.488636
549.45 66.0 8.325
554.85004 66.0 8.406818
530.55 67.0 7.918657
541.35004 67.0 8.079851
529.2 67.0 7.8985076
531.9 67.0 7.938806
542.7 67.0 8.1
558.9 67.0 8.341791
546.75 67.0 8.160448
576.45 67.0 8.603731
492.75 67.0 7.3544774
529.2 67.0 7.8985076
526.5 67.0 7.858209
567.0 67.0 8.462687
581.85 67.0 8.684328
534.6 67.0 7.9791045
545.4 67.0 8.140299
552.15 67.0 8.241045
548.10004 67.0 8.180597
562.95 67.0 8.402239
521.1 67.0 7.7776117
542.7 67.0 8.1
556.2 67.0 8.301493
550.8 67.0 8.220896
562.95 67.0 8.402239
542.7 67.0 8.1
527.85004 67.0 7.8783584
553.5 67.0 8.261194
573.75 67.0 8.563433
558.9 67.0 8.341791
550.8 67.0 8.220896
542.7 67.0 8.1
577.8 67.0 8.62388
538.65 67.0 8.039553
581.85 67.0 8.684328
571.05 67.0 8.523134
561.6 67.0 8.38209
549.45 67.0 8.200747
535.95 67.0 7.9992537
537.30005 67.0 8.019403
529.2 67.0 7.8985076
557.55 67.0 8.321642
579.14996 67.0 8.64403
507.6 68.0 7.464706
514.35 68.0 7.5639706
544.05 68.0 8.000735
537.3 68.0 7.9014707
527.85 68.0 7.7625
540.0 68.0 7.9411764
504.90002 68.0 7.425
526.5 68.0 7.742647
535.95 68.0 7.8816175
553.5 68.0 8.139706
553.5 68.0 8.139706
550.80005 68.0 8.1
562.94995 68.0 8.278676
534.60004 68.0 7.861765
517.05 68.0 7.6036763
557.55 68.0 8.199265
542.7 68.0 7.980882
534.60004 68.0 7.861765
546.75 68.0 8.0404415
562.94995 68.0 8.278676
533.25 68.0 7.841912
533.25 68.0 7.841912
542.7 68.0 7.980882
541.35004 68.0 7.9610295
541.35004 68.0 7.9610295
540.0 68.0 7.9411764
527.85 68.0 7.7625
531.89996 68.0 7.8220587
518.4 68.0 7.6235294
503.55 68.0 7.405147
557.55 68.0 8.199265
488.7 68.0 7.1867647
538.64996 68.0 7.9213233
569.7 68.0 8.377941
540.0 68.0 7.9411764
535.95 68.0 7.8816175
523.8 68.0 7.702941
537.3 68.0 7.9014707
537.3 68.0 7.9014707
554.85004 68.0 8.159559
562.94995 68.0 8.278676
550.8 69.0 7.982609
502.19998 69.0 7.2782607
521.10004 69.0 7.552174
483.3 69.0 7.004348
558.9 69.0 8.1
500.85 69.0 7.2586956
517.05 69.0 7.4934783
494.1 69.0 7.1608696
502.19998 69.0 7.2782607
517.05 69.0 7.4934783
496.8 69.0 7.2
549.45 69.0 7.9630437
506.25 69.0 7.3369565
537.3 69.0 7.7869563
534.6 69.0 7.747826
540.0 69.0 7.826087
515.7 69.0 7.473913
507.59998 69.0 7.3565216
553.5 69.0 8.021739
538.65 69.0 7.806522
537.3 69.0 7.7869563
518.4 69.0 7.5130434
517.05 69.0 7.4934783
544.05 69.0 7.884783
495.44998 69.0 7.1804347
494.1 69.0 7.1608696
527.85004 69.0 7.65
537.3 69.0 7.7869563
496.8 69.0 7.2
527.85004 69.0 7.65
517.05 69.0 7.4934783
540.0 69.0 7.826087
523.8 69.0 7.5913043
514.35 69.0 7.4543476
530.55 69.0 7.6891303
552.15 69.0 8.002174
508.95 69.0 7.376087
521.10004 69.0 7.552174
561.60004 69.0 8.139131
533.25 69.0 7.728261
484.65 69.0 7.023913
537.3 70.0 7.6757145
483.30002 70.0 6.904286
488.7 70.0 6.9814286
506.25 70.0 7.232143
503.55002 70.0 7.1935716
535.95 70.0 7.6564283
502.2 70.0 7.174286
506.25 70.0 7.232143
506.25 70.0 7.232143
530.55 70.0 7.5792856
491.4 70.0 7.02
525.15 70.0 7.502143
475.19998 70.0 6.7885714
503.55002 70.0 7.1935716
495.44998 70.0 7.077857
523.8 70.0 7.482857
479.25 70.0 6.8464284
492.75 70.0 7.0392857
541.35004 70.0 7.7335715
513.0 70.0 7.3285713
517.05 70.0 7.3864284
521.10004 70.0 7.444286
460.34998 70.0 6.5764284
521.10004 70.0 7.444286
530.55 70.0 7.5792856
488.7 70.0 6.9814286
467.1 70.0 6.6728573
507.6 70.0 7.2514286
513.0 70.0 7.3285713
523.8 70.0 7.482857
495.44998 70.0 7.077857
496.8 70.0 7.0971427
495.44998 70.0 7.077857
522.45 70.0 7.4635715
507.6 70.0 7.2514286
526.5 70.0 7.5214286
525.15 70.0 7.502143
496.8 70.0 7.0971427
535.95 70.0 7.6564283
502.2 70.0 7.174286
473.85 70.0 6.7692857
480.59998 71.0 6.769014
487.35 71.0 6.8640847
475.2 71.0 6.692958
513.0 71.0 7.2253523
492.75 71.0 6.9401407
510.30002 71.0 7.187324
479.25 71.0 6.75
475.2 71.0 6.692958
484.65002 71.0 6.8260565
519.75 71.0 7.3204226
498.15 71.0 7.016197
492.75 71.0 6.9401407
475.2 71.0 6.692958
513.0 71.0 7.2253523
472.5 71.0 6.6549296
483.3 71.0 6.807042
495.44998 71.0 6.978169
522.45 71.0 7.358451
492.75 71.0 6.9401407
450.9 71.0 6.350704
461.69998 71.0 6.5028167
480.59998 71.0 6.769014
506.25003 71.0 7.130282
477.90002 71.0 6.730986
506.25003 71.0 7.130282
503.55002 71.0 7.0922537
486.0 71.0 6.8450704
499.5 71.0 7.035211
488.7 71.0 6.8830986
500.85 71.0 7.0542254
464.4 71.0 6.540845
463.05002 71.0 6.521831
484.65002 71.0 6.8260565
484.65002 71.0 6.8260565
491.4 71.0 6.921127
490.05 71.0 6.9021125
521.1 71.0 7.3394365
500.85 71.0 7.0542254
502.19998 71.0 7.0732393
491.4 71.0 6.921127
514.35 71.0 7.244366
465.75 72.0 6.46875
464.4 72.0 6.45
483.30002 72.0 6.7125
486.0 72.0 6.75
494.1 72.0 6.8625
494.1 72.0 6.8625
450.9 72.0 6.2625
445.5 72.0 6.1875
460.35 72.0 6.39375
450.9 72.0 6.2625
480.6 72.0 6.675
472.5 72.0 6.5625
492.75 72.0 6.84375
483.30002 72.0 6.7125
490.05002 72.0 6.80625
492.75 72.0 6.84375
461.69998 72.0 6.4125
471.15 72.0 6.54375
450.9 72.0 6.2625
490.05002 72.0 6.80625
481.94998 72.0 6.69375
487.35 72.0 6.76875
448.19998 72.0 6.225
454.94998 72.0 6.31875
457.65 72.0 6.35625
481.94998 72.0 6.69375
502.19998 72.0 6.975
487.35 72.0 6.76875
457.65 72.0 6.35625
499.5 72.0 6.9375
481.94998 72.0 6.69375
479.25 72.0 6.65625
514.35004 72.0 7.14375
483.30002 72.0 6.7125
441.44998 72.0 6.13125
504.9 72.0 7.0125
468.44998 72.0 6.50625
456.30002 72.0 6.3375
491.4 72.0 6.825
490.05002 72.0 6.80625
475.19998 72.0 6.6
463.05 73.0 6.3431506
452.25 73.0 6.1952057
419.85 73.0 5.75137
457.65 73.0 6.269178
472.5 73.0 6.472603
463.05 73.0 6.3431506
442.8 73.0 6.0657535
429.3 73.0 5.8808217
419.85 73.0 5.75137
442.8 73.0 6.0657535
446.85 73.0 6.121233
468.45 73.0 6.4171233
477.90002 73.0 6.5465755
471.15 73.0 6.4541097
448.2 73.0 6.139726
465.75 73.0 6.380137
476.55002 73.0 6.5280824
469.80002 73.0 6.4356165
441.45 73.0 6.0472603
468.45 73.0 6.4171233
484.65 73.0 6.639041
442.8 73.0 6.0657535
476.55002 73.0 6.5280824
446.85 73.0 6.121233
452.25 73.0 6.1952057
452.25 73.0 6.1952057
456.3 73.0 6.2506847
425.25 73.0 5.8253427
452.25 73.0 6.1952057
465.75 73.0 6.380137
456.3 73.0 6.2506847
468.45 73.0 6.4171233
457.65 73.0 6.269178
445.5 73.0 6.10274
468.45 73.0 6.4171233
446.85 73.0 6.121233
463.05 73.0 6.3431506
464.4 73.0 6.361644
468.45 73.0 6.4171233
453.6 73.0 6.213699
446.85 73.0 6.121233
469.8 74.0 6.3486485
448.2 74.0 6.056757
426.6 74.0 5.764865
427.95 74.0 5.783108
432.0 74.0 5.8378377
467.1 74.0 6.3121624
445.5 74.0 6.0202703
449.55 74.0 6.075
441.44998 74.0 5.9655404
449.55 74.0 6.075
444.15 74.0 6.002027
452.25 74.0 6.1114864
432.0 74.0 5.8378377
479.25 74.0 6.4763513
445.5 74.0 6.0202703
449.55 74.0 6.075
463.05 74.0 6.2574325
434.7 74.0 5.8743243
449.55 74.0 6.075
457.65002 74.0 6.1844597
450.9 74.0 6.093243
459.0 74.0 6.2027025
449.55 74.0 6.075
445.5 74.0 6.0202703
449.55 74.0 6.075
448.2 74.0 6.056757
456.30002 74.0 6.1662164
430.65 74.0 5.8195944
444.15 74.0 6.002027
454.95 74.0 6.147973
446.85 74.0 6.0385137
434.7 74.0 5.8743243
423.9 74.0 5.7283783
467.1 74.0 6.3121624
452.25 74.0 6.1114864
444.15 74.0 6.002027
437.40002 74.0 5.910811
398.25 74.0 5.381757
465.75 74.0 6.293919
479.25 74.0 6.4763513
460.35 74.0 6.220946
400.95 75.0 5.346
442.8 75.0 5.904
419.85 75.0 5.598
425.25 75.0 5.67
444.15 75.0 5.922
449.55 75.0 5.994
459.0 75.0 6.12
422.55 75.0 5.634
440.1 75.0 5.868
406.35 75.0 5.418
449.55 75.0 5.994
425.25 75.0 5.67
432.00003 75.0 5.76
441.45 75.0 5.886
444.15 75.0 5.922
437.4 75.0 5.832
418.5 75.0 5.58
444.15 75.0 5.922
419.85 75.0 5.598
441.45 75.0 5.886
442.8 75.0 5.904
460.35 75.0 6.138
440.1 75.0 5.868
425.25 75.0 5.67
441.45 75.0 5.886
417.15 75.0 5.562
440.1 75.0 5.868
423.9 75.0 5.652
444.15 75.0 5.922
433.34998 75.0 5.778
450.9 75.0 6.012
440.1 75.0 5.868
436.05002 75.0 5.814
410.40002 75.0 5.472
434.7 75.0 5.796
423.9 75.0 5.652
413.1 75.0 5.508
400.95 75.0 5.346
450.9 75.0 6.012
442.8 75.0 5.904
430.65 75.0 5.742
406.35 76.0 5.3467107
410.4 76.0 5.4
423.9 76.0 5.5776315
427.94998 76.0 5.630921
407.7 76.0 5.364474
417.15 76.0 5.488816
425.25 76.0 5.5953946
398.25 76.0 5.2401314
410.4 76.0 5.4
425.25 76.0 5.5953946
417.15 76.0 5.488816
430.65 76.0 5.666447
418.5 76.0 5.506579
446.85 76.0 5.8796053
437.40002 76.0 5.7552633
407.7 76.0 5.364474
410.4 76.0 5.4
419.85 76.0 5.524342
441.45 76.0 5.8085527
415.8 76.0 5.4710526
396.9 76.0 5.2223682
438.75 76.0 5.7730265
409.05002 76.0 5.382237
427.94998 76.0 5.630921
414.45 76.0 5.4532895
396.9 76.0 5.2223682
429.3 76.0 5.648684
405.0 76.0 5.3289475
413.1 76.0 5.4355264
429.3 76.0 5.648684
402.30002 76.0 5.2934213
425.25 76.0 5.5953946
422.55 76.0 5.5598683
405.0 76.0 5.3289475
406.35 76.0 5.3467107
445.5 76.0 5.861842
406.35 76.0 5.3467107
405.0 76.0 5.3289475
430.65 76.0 5.666447
409.05002 76.0 5.382237
414.45 76.0 5.4532895
399.6 77.0 5.1896105
375.3 77.0 4.874026
390.15 77.0 5.066883
421.2 77.0 5.47013
384.75 77.0 4.996753
380.69998 77.0 4.9441557
384.75 77.0 4.996753
378.0 77.0 4.909091
387.45 77.0 5.0318184
419.85 77.0 5.4525976
417.15 77.0 5.4175324
391.5 77.0 5.0844154
382.05002 77.0 4.9616885
390.15 77.0 5.066883
371.25003 77.0 4.821429
409.05002 77.0 5.312338
388.80002 77.0 5.0493507
433.35 77.0 5.627922
400.95 77.0 5.207143
386.09998 77.0 5.0142856
411.75 77.0 5.3474026
388.80002 77.0 5.0493507
399.6 77.0 5.1896105
417.15 77.0 5.4175324
418.5 77.0 5.435065
396.9 77.0 5.1545453
417.15 77.0 5.4175324
409.05002 77.0 5.312338
398.25003 77.0 5.172078
378.0 77.0 4.909091
409.05002 77.0 5.312338
403.65002 77.0 5.242208
371.25003 77.0 4.821429
432.0 77.0 5.6103897
419.85 77.0 5.4525976
414.45 77.0 5.3824677
411.75 77.0 5.3474026
378.0 77.0 4.909091
403.65002 77.0 5.242208
406.35 77.0 5.2772727
429.3 77.0 5.5753245
387.69852 78.0 4.970494
379.59332 78.0 4.866581
384.9968 78.0 4.9358563
389.04938 78.0 4.9878125
403.9089 78.0 5.1783195
387.69852 78.0 4.970494
357.97946 78.0 4.5894804
382.29507 78.0 4.901219
389.04938 78.0 4.9878125
393.102 78.0 5.039769
383.64594 78.0 4.9185376
395.8037 78.0 5.0744066
386.34766 78.0 4.953175
386.34766 78.0 4.953175
393.102 78.0 5.039769
403.9089 78.0 5.1783195
393.102 78.0 5.039769
374.18988 78.0 4.797306
405.25977 78.0 5.195638
389.04938 78.0 4.9878125
386.34766 78.0 4.953175
403.9089 78.0 5.1783195
390.40027 78.0 5.0051317
386.34766 78.0 4.953175
363.38297 78.0 4.658756
395.8037 78.0 5.0744066
406.61063 78.0 5.212957
380.9442 78.0 4.8839
387.69852 78.0 4.970494
393.102 78.0 5.039769
380.9442 78.0 4.8839
390.40027 78.0 5.0051317
370.13727 78.0 4.7453494
376.8916 78.0 4.8319435
370.13727 78.0 4.7453494
374.18988 78.0 4.797306
357.97946 78.0 4.5894804
364.73383 78.0 4.6760745
401.20718 78.0 5.143682
360.68118 78.0 4.624118
378.24246 78.0 4.849262
373.95 79.0 4.7335443
376.65002 79.0 4.7677217
365.84998 79.0 4.6310124
372.59998 79.0 4.7164555
372.59998 79.0 4.7164555
365.84998 79.0 4.6310124
357.75 79.0 4.528481
341.55 79.0 4.3234177
379.35 79.0 4.801899
369.90002 79.0 4.6822786
360.45 79.0 4.5626583
402.3 79.0 5.092405
367.2 79.0 4.6481013
351.0 79.0 4.443038
361.8 79.0 4.5797467
394.2 79.0 4.9898734
373.95 79.0 4.7335443
371.25 79.0 4.699367
359.09998 79.0 4.5455694
346.95 79.0 4.3917723
380.7 79.0 4.8189874
367.2 79.0 4.6481013
352.34998 79.0 4.4601264
359.09998 79.0 4.5455694
364.5 79.0 4.613924
360.45 79.0 4.5626583
371.25 79.0 4.699367
373.95 79.0 4.7335443
361.8 79.0 4.5797467
357.75 79.0 4.528481
369.90002 79.0 4.6822786
378.0 79.0 4.78481
387.45 79.0 4.9044304
373.95 79.0 4.7335443
345.59998 79.0 4.3746834
365.84998 79.0 4.6310124
357.75 79.0 4.528481
379.35 79.0 4.801899
363.15002 79.0 4.5968356
394.2 79.0 4.9898734
373.95 79.0 4.7335443
375.3 80.0 4.69125
380.7 80.0 4.75875
359.1 80.0 4.48875
367.2 80.0 4.59
352.35 80.0 4.404375
346.95 80.0 4.336875
368.55 80.0 4.606875
338.84998 80.0 4.235625
359.1 80.0 4.48875
344.25 80.0 4.303125
329.4 80.0 4.1175
359.1 80.0 4.48875
348.30002 80.0 4.35375
333.45 80.0 4.168125
383.4 80.0 4.7925
346.95 80.0 4.336875
352.35 80.0 4.404375
349.65 80.0 4.370625
324.0 80.0 4.05
373.95 80.0 4.674375
342.90002 80.0 4.28625
351.0 80.0 4.3875
365.84998 80.0 4.573125
364.5 80.0 4.55625
361.8 80.0 4.5225
365.84998 80.0 4.573125
345.6 80.0 4.32
351.0 80.0 4.3875
352.35 80.0 4.404375
355.05002 80.0 4.438125
357.75 80.0 4.471875
349.65 80.0 4.370625
378.0 80.0 4.725
346.95 80.0 4.336875
365.84998 80.0 4.573125
344.25 80.0 4.303125
380.7 80.0 4.75875
341.55 80.0 4.269375
352.35 80.0 4.404375
344.25 80.0 4.303125
372.59998 80.0 4.6575
349.65 81.0 4.3166666
344.25 81.0 4.25
322.65 81.0 3.9833333
348.30002 81.0 4.3
365.85 81.0 4.516667
325.35 81.0 4.016667
345.6 81.0 4.266667
349.65 81.0 4.3166666
333.45 81.0 4.116667
328.05002 81.0 4.05
311.85 81.0 3.85
353.7 81.0 4.366667
340.19998 81.0 4.2
333.45 81.0 4.116667
333.45 81.0 4.116667
357.75 81.0 4.4166665
329.4 81.0 4.0666666
329.4 81.0 4.0666666
333.45 81.0 4.116667
349.65 81.0 4.3166666
317.25 81.0 3.9166667
299.7 81.0 3.7
315.9 81.0 3.9
337.5 81.0 4.1666665
353.7 81.0 4.366667
329.4 81.0 4.0666666
341.55 81.0 4.2166667
365.85 81.0 4.516667
360.44998 81.0 4.45
329.4 81.0 4.0666666
342.9 81.0 4.233333
328.05002 81.0 4.05
336.15 81.0 4.15
333.45 81.0 4.116667
333.45 81.0 4.116667
338.85 81.0 4.1833334
313.19998 81.0 3.8666666
311.85 81.0 3.85
355.05 81.0 4.383333
336.15 81.0 4.15
334.8 81.0 4.133333
313.19998 82.0 3.8195121
328.05002 82.0 4.00061
322.65 82.0 3.934756
311.85 82.0 3.8030488
318.6 82.0 3.885366
309.15 82.0 3.770122
309.15 82.0 3.770122
325.35 82.0 3.9676828
328.05002 82.0 4.00061
315.9 82.0 3.852439
309.15 82.0 3.770122
301.05 82.0 3.6713414
314.55 82.0 3.8359756
334.8 82.0 4.0829268
318.6 82.0 3.885366
314.55 82.0 3.8359756
324.0 82.0 3.9512196
310.5 82.0 3.7865853
324.0 82.0 3.9512196
332.1 82.0 4.05
333.45 82.0 4.0664635
324.0 82.0 3.9512196
306.44998 82.0 3.737195
315.9 82.0 3.852439
313.19998 82.0 3.8195121
314.55 82.0 3.8359756
326.7 82.0 3.9841464
294.3 82.0 3.5890243
314.55 82.0 3.8359756
328.05002 82.0 4.00061
287.55002 82.0 3.5067074
291.6 82.0 3.5560975
333.45 82.0 4.0664635
313.19998 82.0 3.8195121
314.55 82.0 3.8359756
321.30002 82.0 3.9182928
305.1 82.0 3.7207317
299.7 82.0 3.6548781
340.19998 82.0 4.1487803
344.25 82.0 4.1981707
337.5 82.0 4.115854
298.35 83.0 3.5945783
290.25 83.0 3.496988
298.35 83.0 3.5945783
301.05 83.0 3.6271083
306.45 83.0 3.6921687
299.7 83.0 3.6108434
291.6 83.0 3.513253
295.65 83.0 3.5620482
307.8 83.0 3.7084336
297.0 83.0 3.5783134
299.7 83.0 3.6108434
295.65 83.0 3.5620482
319.95 83.0 3.8548193
274.05 83.0 3.3018072
306.45 83.0 3.6921687
315.9 83.0 3.806024
307.8 83.0 3.7084336
302.4 83.0 3.6433735
292.95 83.0 3.5295181
282.15 83.0 3.3993976
294.3 83.0 3.545783
318.6 83.0 3.8385541
317.25 83.0 3.8222892
295.65 83.0 3.5620482
313.2 83.0 3.773494
284.85 83.0 3.4319277
307.8 83.0 3.7084336
301.05 83.0 3.6271083
310.5 83.0 3.740964
315.9 83.0 3.806024
309.15 83.0 3.7246988
299.7 83.0 3.6108434
299.7 83.0 3.6108434
284.85 83.0 3.4319277
299.7 83.0 3.6108434
303.75 83.0 3.6596386
294.3 83.0 3.545783
279.45 83.0 3.3668675
284.85 83.0 3.4319277
315.9 83.0 3.806024
291.6 83.0 3.513253
279.45 84.0 3.3267858
270.0 84.0 3.2142856
282.15002 84.0 3.3589287
283.5 84.0 3.375
284.84998 84.0 3.3910713
292.94998 84.0 3.4875
278.1 84.0 3.3107142
276.75 84.0 3.294643
286.2 84.0 3.4071429
299.69998 84.0 3.567857
297.0 84.0 3.5357144
290.25 84.0 3.455357
283.5 84.0 3.375
267.30002 84.0 3.182143
290.25 84.0 3.455357
286.2 84.0 3.4071429
283.5 84.0 3.375
302.4 84.0 3.6
294.30002 84.0 3.5035715
271.35 84.0 3.2303572
282.15002 84.0 3.3589287
259.2 84.0 3.0857143
295.65 84.0 3.5196428
290.25 84.0 3.455357
290.25 84.0 3.455357
297.0 84.0 3.5357144
292.94998 84.0 3.4875
271.35 84.0 3.2303572
272.69998 84.0 3.2464285
280.8 84.0 3.3428571
288.9 84.0 3.4392858
292.94998 84.0 3.4875
279.45 84.0 3.3267858
294.30002 84.0 3.5035715
303.75 84.0 3.6160715
286.2 84.0 3.4071429
291.6 84.0 3.4714286
291.6 84.0 3.4714286
284.84998 84.0 3.3910713
292.94998 84.0 3.4875
284.84998 84.0 3.3910713
268.65 85.0 3.1605883
271.35 85.0 3.192353
267.3 85.0 3.1447058
282.15 85.0 3.3194118
261.9 85.0 3.0811765
287.55002 85.0 3.3829412
278.1 85.0 3.2717648
295.65 85.0 3.4782352
276.75 85.0 3.2558823
264.6 85.0 3.1129413
286.19998 85.0 3.3670588
275.4 85.0 3.24
265.95 85.0 3.1288235
275.4 85.0 3.24
271.35 85.0 3.192353
278.1 85.0 3.2717648
265.95 85.0 3.1288235
263.25 85.0 3.0970588
249.75 85.0 2.9382353
272.7 85.0 3.2082353
263.25 85.0 3.0970588
257.85 85.0 3.0335295
237.59999 85.0 2.795294
270.0 85.0 3.1764705
256.5 85.0 3.017647
272.7 85.0 3.2082353
286.19998 85.0 3.3670588
251.09999 85.0 2.9541175
257.85 85.0 3.0335295
265.95 85.0 3.1288235
253.79999 85.0 2.9858823
272.7 85.0 3.2082353
274.05002 85.0 3.2241178
276.75 85.0 3.2558823
279.44998 85.0 3.287647
259.2 85.0 3.0494118
276.75 85.0 3.2558823
268.65 85.0 3.1605883
264.6 85.0 3.1129413
263.25 85.0 3.0970588
263.25 85.0 3.0970588
263.25 86.0 3.0610466
243.0 86.0 2.8255813
267.3 86.0 3.1081395
264.59998 86.0 3.076744
261.9 86.0 3.045349
249.74998 86.0 2.9040697
256.5 86.0 2.9825583
237.6 86.0 2.7627907
270.0 86.0 3.139535
243.0 86.0 2.8255813
255.15001 86.0 2.9668605
229.5 86.0 2.6686046
240.3 86.0 2.794186
257.85 86.0 2.9982557
234.9 86.0 2.7313952
255.15001 86.0 2.9668605
253.8 86.0 2.9511628
245.7 86.0 2.8569767
243.0 86.0 2.8255813
276.75 86.0 3.2180233
261.9 86.0 3.045349
233.55 86.0 2.7156978
233.55 86.0 2.7156978
225.45001 86.0 2.6215117
256.5 86.0 2.9825583
257.85 86.0 2.9982557
268.65 86.0 3.1238372
244.34999 86.0 2.841279
245.7 86.0 2.8569767
244.34999 86.0 2.841279
249.74998 86.0 2.9040697
252.45 86.0 2.935465
251.09999 86.0 2.9197674
259.19998 86.0 3.0139534
261.9 86.0 3.045349
237.6 86.0 2.7627907
229.5 86.0 2.6686046
232.2 86.0 2.7
260.55 86.0 3.0296512
245.7 86.0 2.8569767
243.0 86.0 2.8255813
234.90001 87.0 2.7
233.55 87.0 2.6844828
240.3 87.0 2.762069
240.3 87.0 2.762069
240.3 87.0 2.762069
244.35 87.0 2.8086207
222.75002 87.0 2.560345
228.15001 87.0 2.6224139
241.65 87.0 2.7775862
225.45001 87.0 2.5913794
244.35 87.0 2.8086207
240.3 87.0 2.762069
241.65 87.0 2.7775862
237.6 87.0 2.7310345
229.5 87.0 2.637931
222.75002 87.0 2.560345
244.35 87.0 2.8086207
237.6 87.0 2.7310345
233.55 87.0 2.6844828
234.90001 87.0 2.7
247.05 87.0 2.8396552
245.7 87.0 2.824138
238.95 87.0 2.7465518
228.15001 87.0 2.6224139
224.1 87.0 2.5758622
243.0 87.0 2.7931035
243.0 87.0 2.7931035
241.65 87.0 2.7775862
222.75002 87.0 2.560345
230.85 87.0 2.6534483
245.7 87.0 2.824138
248.4 87.0 2.8551724
232.20001 87.0 2.6689656
241.65 87.0 2.7775862
236.25 87.0 2.7155173
233.55 87.0 2.6844828
255.15 87.0 2.9327586
230.85 87.0 2.6534483
230.85 87.0 2.6534483
247.05 87.0 2.8396552
214.65 87.0 2.4672413
213.3 88.0 2.4238636
206.55 88.0 2.3471591
213.3 88.0 2.4238636
218.70001 88.0 2.4852273
230.85 88.0 2.6232955
229.5 88.0 2.6079545
207.9 88.0 2.3625
236.25 88.0 2.684659
203.85 88.0 2.3164773
238.95 88.0 2.7153409
224.09999 88.0 2.5465908
226.79999 88.0 2.5772727
213.3 88.0 2.4238636
213.3 88.0 2.4238636
218.70001 88.0 2.4852273
237.6 88.0 2.7
220.05 88.0 2.5005682
201.15 88.0 2.2857955
214.65 88.0 2.4392045
207.9 88.0 2.3625
220.05 88.0 2.5005682
221.40001 88.0 2.5159092
218.70001 88.0 2.4852273
213.3 88.0 2.4238636
233.54999 88.0 2.6539772
211.95001 88.0 2.4085228
220.05 88.0 2.5005682
221.40001 88.0 2.5159092
210.6 88.0 2.3931818
206.55 88.0 2.3471591
203.85 88.0 2.3164773
225.45 88.0 2.5619318
230.85 88.0 2.6232955
221.40001 88.0 2.5159092
220.05 88.0 2.5005682
218.70001 88.0 2.4852273
213.3 88.0 2.4238636
220.05 88.0 2.5005682
218.70001 88.0 2.4852273
213.3 88.0 2.4238636
226.79999 88.0 2.5772727
205.20001 89.0 2.305618
193.05 89.0 2.1691012
198.45 89.0 2.2297752
211.95 89.0 2.3814607
195.74998 89.0 2.199438
211.95 89.0 2.3814607
191.7 89.0 2.1539326
197.1 89.0 2.2146068
202.5 89.0 2.275281
191.7 89.0 2.1539326
209.25 89.0 2.3511236
193.05 89.0 2.1691012
203.84999 89.0 2.2904494
198.45 89.0 2.2297752
187.65001 89.0 2.108427
180.9 89.0 2.0325842
195.74998 89.0 2.199438
206.55 89.0 2.3207865
190.35 89.0 2.1387641
206.55 89.0 2.3207865
199.8 89.0 2.2449439
206.55 89.0 2.3207865
193.05 89.0 2.1691012
210.6 89.0 2.3662922
193.05 89.0 2.1691012
194.4 89.0 2.1842697
210.6 89.0 2.3662922
197.1 89.0 2.2146068
195.74998 89.0 2.199438
210.6 89.0 2.3662922
203.84999 89.0 2.2904494
198.45 89.0 2.2297752
189.0 89.0 2.1235955
215.99998 89.0 2.4269662
199.8 89.0 2.2449439
190.35 89.0 2.1387641
201.15 89.0 2.2601123
195.74998 89.0 2.199438
189.0 89.0 2.1235955
207.90001 89.0 2.3359551
202.5 89.0 2.275281
183.59999 90.0 2.04
193.05 90.0 2.145
164.7 90.0 1.83
191.70001 90.0 2.13
170.1 90.0 1.89
190.35 90.0 2.115
184.95001 90.0 2.055
179.55 90.0 1.995
164.7 90.0 1.83
164.7 90.0 1.83
188.99998 90.0 2.1
184.95001 90.0 2.055
178.2 90.0 1.98
170.1 90.0 1.89
179.55 90.0 1.995
186.29999 90.0 2.07
193.05 90.0 2.145
182.25002 90.0 2.025
190.35 90.0 2.115
188.99998 90.0 2.1
202.5 90.0 2.25
199.8 90.0 2.22
199.8 90.0 2.22
187.65001 90.0 2.085
186.29999 90.0 2.07
159.3 90.0 1.77
190.35 90.0 2.115
187.65001 90.0 2.085
197.1 90.0 2.19
183.59999 90.0 2.04
168.75 90.0 1.875
188.99998 90.0 2.1
186.29999 90.0 2.07
186.29999 90.0 2.07
179.55 90.0 1.995
179.55 90.0 1.995
182.25002 90.0 2.025
187.65001 90.0 2.085
175.5 90.0 1.95
183.59999 90.0 2.04
184.95001 90.0 2.055
