133.11 1.0 133.11
134.45999 1.0 134.45999
133.11002 1.0 133.11002
134.73001 1.0 134.73001
130.14 1.0 130.14
130.14 1.0 130.14
132.84 1.0 132.84
129.59999 1.0 129.59999
133.92 1.0 133.92
133.92 1.0 133.92
131.75998 1.0 131.75998
131.22 1.0 131.22
133.38 1.0 133.38
133.92 1.0 133.92
133.92 1.0 133.92
132.56999 1.0 132.56999
132.56999 1.0 132.56999
132.84 1.0 132.84
132.56999 1.0 132.56999
133.92 1.0 133.92
132.84 1.0 132.84
131.49 1.0 131.49
132.56999 1.0 132.56999
135.0 1.0 135.0
130.68001 1.0 130.68001
132.84 1.0 132.84
133.38 1.0 133.38
133.37999 1.0 133.37999
130.95 1.0 130.95
133.37999 1.0 133.37999
132.3 1.0 132.3
132.84 1.0 132.84
131.76 1.0 131.76
133.37999 1.0 133.37999
131.22 1.0 131.22
131.76 1.0 131.76
131.22 1.0 131.22
132.84 1.0 132.84
133.38 1.0 133.38
131.76001 1.0 131.76001
132.84 1.0 132.84
265.95 2.0 132.975
267.3 2.0 133.65
264.33002 2.0 132.16501
266.75998 2.0 133.37999
265.68 2.0 132.84
264.87003 2.0 132.43501
268.65 2.0 134.325
265.95 2.0 132.975
267.3 2.0 133.65
267.3 2.0 133.65
265.68 2.0 132.84
267.84 2.0 133.92
266.22 2.0 133.11
268.38 2.0 134.19
266.76 2.0 133.38
266.49 2.0 133.245
265.40997 2.0 132.70499
266.76 2.0 133.38
264.6 2.0 132.3
266.49 2.0 133.245
269.19 2.0 134.595
267.84 2.0 133.92
261.62997 2.0 130.81499
267.84 2.0 133.92
268.65 2.0 134.325
268.91998 2.0 134.45999
264.87 2.0 132.435
265.68 2.0 132.84
269.19 2.0 134.595
262.70996 2.0 131.35498
267.3 2.0 133.65
266.22 2.0 133.11
265.68 2.0 132.84
267.03 2.0 133.515
264.6 2.0 132.3
268.11002 2.0 134.05501
265.95 2.0 132.975
267.30002 2.0 133.65001
267.57 2.0 133.785
267.3 2.0 133.65
266.75998 2.0 133.37999
397.44 3.0 132.48
398.25006 3.0 132.75002
398.79004 3.0 132.93001
397.97998 3.0 132.65999
399.87 3.0 133.29
396.35992 3.0 132.11998
400.68 3.0 133.56
400.68 3.0 133.56
397.44 3.0 132.48
397.97998 3.0 132.65999
396.09 3.0 132.03
397.70996 3.0 132.56999
400.94998 3.0 133.65
400.13995 3.0 133.37999
397.70996 3.0 132.56999
399.05997 3.0 133.01999
399.33002 3.0 133.11
396.62997 3.0 132.20999
399.06 3.0 133.02
399.87 3.0 133.29
400.13995 3.0 133.37999
395.55 3.0 131.84999
399.59998 3.0 133.2
400.68 3.0 133.56
397.98 3.0 132.66
400.68 3.0 133.56
398.24994 3.0 132.74998
398.78998 3.0 132.93
398.78998 3.0 132.93
394.47003 3.0 131.49
398.78998 3.0 132.93
395.01 3.0 131.67
390.69 3.0 130.23
393.66 3.0 131.22
398.52 3.0 132.84
398.24994 3.0 132.74998
399.33002 3.0 133.11
400.13995 3.0 133.37999
395.81995 3.0 131.93999
400.94998 3.0 133.65
399.59998 3.0 133.2
530.00995 4.0 132.50249
527.04 4.0 131.76
533.5199 4.0 133.37997
530.2801 4.0 132.57002
532.9799 4.0 133.24498
533.79 4.0 133.4475
531.63007 4.0 132.90752
530.27997 4.0 132.56999
531.09 4.0 132.7725
534.87 4.0 133.7175
527.58 4.0 131.895
530.00995 4.0 132.50249
527.85004 4.0 131.96251
530.00995 4.0 132.50249
533.51996 4.0 133.37999
532.98 4.0 133.245
525.42 4.0 131.355
532.98 4.0 133.245
529.47003 4.0 132.36751
528.66003 4.0 132.16501
532.17004 4.0 133.04251
534.32996 4.0 133.58249
534.6 4.0 133.65
533.25 4.0 133.3125
532.70996 4.0 133.17749
528.66 4.0 132.165
524.07 4.0 131.0175
534.87006 4.0 133.71751
532.44006 4.0 133.11002
532.98004 4.0 133.24501
536.22003 4.0 134.05501
528.39 4.0 132.0975
530.27997 4.0 132.56999
533.52 4.0 133.38
529.74005 4.0 132.43501
526.49994 4.0 131.62498
533.52 4.0 133.38
532.17004 4.0 133.04251
534.32996 4.0 133.58249
535.14 4.0 133.785
530.27997 4.0 132.56999
663.38995 5.0 132.678
662.5801 5.0 132.51602
662.3101 5.0 132.46202
665.82 5.0 133.164
660.9601 5.0 132.19202
661.23 5.0 132.246
660.42004 5.0 132.08401
661.5 5.0 132.3
667.17004 5.0 133.434
665.28 5.0 133.056
660.42004 5.0 132.08401
659.88007 5.0 131.97601
662.31006 5.0 132.462
661.76996 5.0 132.35399
658.26 5.0 131.65201
664.4701 5.0 132.89401
666.63 5.0 133.326
663.66003 5.0 132.73201
664.19995 5.0 132.84
667.70996 5.0 133.54199
662.85004 5.0 132.57
656.64 5.0 131.328
662.85004 5.0 132.57
667.43994 5.0 133.48799
668.52 5.0 133.70401
664.7401 5.0 132.94803
660.69 5.0 132.138
663.93005 5.0 132.78601
659.3401 5.0 131.86801
665.01 5.0 133.002
663.66 5.0 132.732
665.28 5.0 133.056
661.49994 5.0 132.29999
665.28 5.0 133.056
669.06 5.0 133.812
658.8001 5.0 131.76003
667.43994 5.0 133.48799
665.82 5.0 133.164
663.66 5.0 132.732
667.1699 5.0 133.43399
663.66 5.0 132.732
791.9101 6.0 131.98502
796.23 6.0 132.705
797.57996 6.0 132.93
793.26 6.0 132.21
795.42017 6.0 132.57002
798.39014 6.0 133.06502
796.2301 6.0 132.70502
802.71 6.0 133.785
800.01 6.0 133.335
793.53015 6.0 132.25502
794.07 6.0 132.345
795.69006 6.0 132.615
791.1001 6.0 131.85002
792.4501 6.0 132.07501
798.1201 6.0 133.02002
798.39 6.0 133.065
791.91003 6.0 131.985
794.88007 6.0 132.48001
799.74 6.0 133.29
791.3701 6.0 131.89502
797.85004 6.0 132.975
793.80005 6.0 132.3
799.47 6.0 133.245
795.42004 6.0 132.57
798.93005 6.0 133.15501
797.31006 6.0 132.88501
794.88007 6.0 132.48001
799.4701 6.0 133.24501
790.56006 6.0 131.76001
799.74005 6.0 133.29001
802.17004 6.0 133.695
803.2501 6.0 133.87502
792.18 6.0 132.03
801.08997 6.0 133.515
793.53015 6.0 132.25502
796.7701 6.0 132.79501
792.18 6.0 132.03
800.55005 6.0 133.425
799.2001 6.0 133.20001
801.08997 6.0 133.515
794.07007 6.0 132.34502
925.29004 7.0 132.1843
925.8302 7.0 132.26146
928.5302 7.0 132.64717
937.71 7.0 133.95857
932.8501 7.0 133.2643
929.07 7.0 132.72429
932.31006 7.0 133.18715
922.8601 7.0 131.83716
926.91016 7.0 132.41574
927.99005 7.0 132.57
933.66003 7.0 133.38
919.89014 7.0 131.41287
927.72003 7.0 132.53143
921.78015 7.0 131.68288
922.32007 7.0 131.76001
930.1501 7.0 132.87859
920.7001 7.0 131.52858
927.1802 7.0 132.45432
927.99005 7.0 132.57
931.5 7.0 133.07143
927.72003 7.0 132.53143
928.5301 7.0 132.64716
927.9902 7.0 132.57002
927.1801 7.0 132.4543
925.5602 7.0 132.22289
935.28015 7.0 133.61145
931.5001 7.0 133.07144
934.2001 7.0 133.45715
931.5002 7.0 133.07146
924.75024 7.0 132.10718
931.23 7.0 133.03285
924.4801 7.0 132.06859
922.8601 7.0 131.83716
925.02014 7.0 132.14574
921.24 7.0 131.60571
935.82007 7.0 133.68858
930.15 7.0 132.87857
932.31006 7.0 133.18715
925.56006 7.0 132.22287
932.04004 7.0 133.14857
932.8501 7.0 133.2643
1067.58 8.0 133.4475
1053.0002 8.0 131.62503
1053.5403 8.0 131.69254
1061.6401 8.0 132.70502
1060.02 8.0 132.5025
1057.05 8.0 132.13126
1060.0203 8.0 132.50253
1064.3401 8.0 133.04251
1060.0201 8.0 132.50252
1062.45 8.0 132.80624
1055.7001 8.0 131.96251
1057.3201 8.0 132.16501
1062.9901 8.0 132.87376
1058.67 8.0 132.33376
1060.83 8.0 132.60374
1063.8 8.0 132.975
1064.0701 8.0 133.00876
1061.1002 8.0 132.63753
1061.6401 8.0 132.70502
1060.29 8.0 132.53625
1063.8 8.0 132.975
1064.3401 8.0 133.04251
1060.29 8.0 132.53625
1062.4502 8.0 132.80627
1057.3201 8.0 132.16501
1062.9901 8.0 132.87376
1061.37 8.0 132.67125
1061.9099 8.0 132.73874
1064.0701 8.0 133.00876
1056.2401 8.0 132.03001
1063.2601 8.0 132.90752
1062.45 8.0 132.80624
1067.0402 8.0 133.38002
1063.26 8.0 132.9075
1055.1602 8.0 131.89502
1058.9401 8.0 132.36751
1058.4 8.0 132.3
1061.91 8.0 132.73875
1066.7701 8.0 133.34627
1056.2401 8.0 132.03001
1060.02 8.0 132.5025
1183.9501 9.0 131.55
1195.0203 9.0 132.78003
1187.4602 9.0 131.94002
1197.72 9.0 133.08
1193.6702 9.0 132.63002
1195.29 9.0 132.81
1186.92 9.0 131.88
1185.8402 9.0 131.76003
1190.7002 9.0 132.30002
1191.51 9.0 132.39
1191.7802 9.0 132.42001
1192.0499 9.0 132.45
1193.4 9.0 132.6
1187.4603 9.0 131.94003
1191.24 9.0 132.36
1189.0802 9.0 132.12003
1193.6703 9.0 132.63004
1198.53 9.0 133.17
1193.6702 9.0 132.63002
1189.8901 9.0 132.21002
1186.1102 9.0 131.79002
1193.6702 9.0 132.63002
1193.67 9.0 132.63
1189.0802 9.0 132.12003
1188.5404 9.0 132.06004
1195.2902 9.0 132.81001
1191.2401 9.0 132.36002
1195.8301 9.0 132.87001
1196.91 9.0 132.99
1192.3201 9.0 132.48001
1194.75 9.0 132.75
1203.6602 9.0 133.74002
1192.5902 9.0 132.51003
1187.4603 9.0 131.94003
1185.3003 9.0 131.70003
1190.7003 9.0 132.30003
1193.4 9.0 132.6
1187.4603 9.0 131.94003
1194.4801 9.0 132.72002
1190.7002 9.0 132.30002
1190.1602 9.0 132.24002
1326.2401 10.0 132.62401
1316.7902 10.0 131.67902
1328.6702 10.0 132.86702
1318.9503 10.0 131.89503
1323.5402 10.0 132.35402
1320.8403 10.0 132.08403
1320.8403 10.0 132.08403
1325.9702 10.0 132.59702
1318.9501 10.0 131.895
1324.6201 10.0 132.462
1311.3904 10.0 131.13904
1318.1401 10.0 131.81401
1319.4902 10.0 131.94902
1319.7603 10.0 131.97603
1318.1403 10.0 131.81403
1323.81 10.0 132.38101
1322.1904 10.0 132.21904
1327.0502 10.0 132.70502
1334.3401 10.0 133.434
1330.02 10.0 133.002
1329.4801 10.0 132.94801
1328.4003 10.0 132.84003
1327.5902 10.0 132.75902
1320.8401 10.0 132.08401
1329.4801 10.0 132.94801
1317.8701 10.0 131.78702
1327.5901 10.0 132.759
1328.9403 10.0 132.89403
1315.9803 10.0 131.59804
1318.4104 10.0 131.84103
1329.4801 10.0 132.94801
1323.81 10.0 132.38101
1324.35 10.0 132.435
1325.1602 10.0 132.51602
1322.7301 10.0 132.27301
1324.89 10.0 132.489
1327.3201 10.0 132.73201
1321.1102 10.0 132.11102
1322.19 10.0 132.219
1328.9402 10.0 132.89401
1325.1602 10.0 132.51602
1454.76 11.0 132.25092
1451.2499 11.0 131.93181
1454.2201 11.0 132.20183
1463.4003 11.0 133.03639
1455.0302 11.0 132.27547
1451.2502 11.0 131.93184
1452.3302 11.0 132.03001
1456.1102 11.0 132.37366
1452.3302 11.0 132.03001
1452.3303 11.0 132.03003
1456.38 11.0 132.39818
1451.5203 11.0 131.95639
1451.7902 11.0 131.98093
1445.0404 11.0 131.36731
1449.9003 11.0 131.80911
1446.6603 11.0 131.51457
1465.8302 11.0 133.2573
1455.3004 11.0 132.30003
1456.1102 11.0 132.37366
1447.7404 11.0 131.61276
1451.5203 11.0 131.95639
1455.3 11.0 132.3
1458.5402 11.0 132.59456
1456.1099 11.0 132.37363
1450.9802 11.0 131.90729
1455.8402 11.0 132.3491
1453.9502 11.0 132.17729
1446.9304 11.0 131.53912
1457.4602 11.0 132.49638
1458.27 11.0 132.57
1462.5901 11.0 132.96274
1450.7102 11.0 131.88275
1448.0103 11.0 131.6373
1453.9501 11.0 132.17728
1455.5701 11.0 132.32455
1457.1902 11.0 132.47183
1453.14 11.0 132.10364
1464.21 11.0 133.11
1453.1401 11.0 132.10365
1449.3602 11.0 131.76003
1458.5403 11.0 132.59457
1581.3901 12.0 131.78252
1585.17 12.0 132.0975
1581.1201 12.0 131.76001
1584.3604 12.0 132.03003
1589.2205 12.0 132.43504
1578.1504 12.0 131.51253
1585.1704 12.0 132.09753
1580.8502 12.0 131.73752
1593.27 12.0 132.7725
1574.1003 12.0 131.17503
1580.8501 12.0 131.7375
1589.7603 12.0 132.48003
1571.4001 12.0 130.95001
1589.7601 12.0 132.48001
1579.2302 12.0 131.60252
1582.74 12.0 131.895
1576.8003 12.0 131.40002
1586.5203 12.0 132.21002
1588.4102 12.0 132.36751
1591.1101 12.0 132.59251
1584.0903 12.0 132.00752
1585.9801 12.0 132.16501
1588.14 12.0 132.345
1585.4403 12.0 132.12003
1594.3502 12.0 132.86252
1585.1702 12.0 132.09752
1583.2803 12.0 131.94002
1586.2502 12.0 132.18752
1584.9001 12.0 132.07501
1588.1401 12.0 132.34502
1586.2504 12.0 132.18753
1586.7898 12.0 132.23248
1583.28 12.0 131.94
1585.7102 12.0 132.14252
1594.3501 12.0 132.8625
1584.6302 12.0 132.05252
1587.6001 12.0 132.3
1568.7004 12.0 130.72504
1575.4502 12.0 131.28752
1580.3104 12.0 131.69254
1588.9501 12.0 132.4125
1717.2003 13.0 132.09233
1712.8805 13.0 131.76004
1710.1802 13.0 131.55232
1709.9104 13.0 131.53157
1713.9602 13.0 131.8431
1713.42 13.0 131.80154
1701.8102 13.0 130.90848
1714.7698 13.0 131.90536
1715.5801 13.0 131.9677
1712.0701 13.0 131.6977
1715.3103 13.0 131.94695
1722.06 13.0 132.46616
1714.7699 13.0 131.90538
1724.2202 13.0 132.63232
1717.4701 13.0 132.11308
1713.42 13.0 131.80154
1702.8903 13.0 130.99156
1712.3402 13.0 131.71848
1710.7201 13.0 131.59386
1705.3203 13.0 131.17848
1720.4402 13.0 132.34155
1708.5602 13.0 131.4277
1708.0204 13.0 131.38618
1714.2302 13.0 131.86386
1722.6 13.0 132.50769
1717.2 13.0 132.0923
1695.06 13.0 130.38924
1717.4701 13.0 132.11308
1707.2098 13.0 131.32384
1705.3201 13.0 131.17847
1725.3 13.0 132.7154
1720.1702 13.0 132.32079
1715.8501 13.0 131.98846
1709.91 13.0 131.53154
1718.2802 13.0 132.1754
1723.68 13.0 132.59077
1704.2402 13.0 131.0954
1715.8501 13.0 131.98846
1720.9803 13.0 132.3831
1718.2802 13.0 132.1754
1715.0402 13.0 131.92616
1817.9105 14.0 129.85075
1827.0897 14.0 130.50641
1824.1199 14.0 130.29428
1821.6902 14.0 130.12073
1827.8995 14.0 130.56425
1775.5208 14.0 126.82291
1785.5104 14.0 127.53645
1760.3994 14.0 125.74281
1779.0306 14.0 127.073616
1793.3405 14.0 128.09575
1750.1403 14.0 125.01002
1746.0903 14.0 124.72073
1759.3202 14.0 125.665726
1769.04 14.0 126.36
1816.2898 14.0 129.73499
1757.9697 14.0 125.56927
1778.4899 14.0 127.03499
1759.3203 14.0 125.66573
1764.4502 14.0 126.03216
1753.1104 14.0 125.22217
1761.7502 14.0 125.8393
1808.7299 14.0 129.19499
1827.9 14.0 130.56429
1852.2007 14.0 132.30005
1830.8698 14.0 130.77641
1843.56 14.0 131.68286
1818.7205 14.0 129.9086
1837.0801 14.0 131.22
1832.7601 14.0 130.91144
1835.1903 14.0 131.08502
1828.4402 14.0 130.60287
1806.2997 14.0 129.02141
1838.9697 14.0 131.35498
1811.9701 14.0 129.42644
1826.5499 14.0 130.46785
1825.2007 14.0 130.37148
1849.77 14.0 132.12643
1831.1396 14.0 130.79568
1818.9902 14.0 129.92787
1809.0001 14.0 129.2143
1823.5801 14.0 130.25572
1749.3301 15.000001 116.621994
1796.3094 15.000001 119.75396
1832.7599 15.000001 122.18398
1807.6501 15.000001 120.51
1805.4902 15.000001 120.366005
1781.73 15.000001 118.78199
1761.7505 15.000001 117.45003
1800.0903 15.000001 120.00601
1762.8304 15.000001 117.52202
1767.1506 15.000001 117.810036
1742.8501 15.000001 116.19
1754.7301 15.000001 116.982
1789.5607 15.000001 119.30404
1825.74 15.000001 121.71599
1775.7902 15.000001 118.386
1758.7802 15.000001 117.25201
1791.18 15.000001 119.411995
1808.4603 15.000001 120.56401
1777.9501 15.000001 118.53
1743.12 15.000001 116.20799
1737.4502 15.000001 115.83
1781.1904 15.000001 118.74602
1806.2999 15.000001 120.41999
1722.8705 15.000001 114.858025
1726.6501 15.000001 115.11
1737.9902 15.000001 115.866005
1719.3599 15.000001 114.623985
1731.5103 15.000001 115.43401
1776.0597 15.000001 118.40397
1791.9901 15.000001 119.466
1769.31 15.000001 117.953995
1742.5806 15.000001 116.17203
1767.6903 15.000001 117.846016
1774.4403 15.000001 118.29601
1811.1605 15.000001 120.744026
1785.78 15.000001 119.051994
1790.6401 15.000001 119.376
1832.49 15.000001 122.16599
1796.0403 15.000001 119.736015
1778.7601 15.000001 118.584
1782.2703 15.000001 118.81801
1710.18 16.0 106.88625
1694.7898 16.0 105.92436
1709.9104 16.0 106.8694
1727.7299 16.0 107.983116
1713.9602 16.0 107.12251
1760.9395 16.0 110.058716
1819.2601 16.0 113.70376
1850.3098 16.0 115.64436
1856.2502 16.0 116.01564
1775.2498 16.0 110.95311
1749.0599 16.0 109.316246
1763.3699 16.0 110.21062
1760.6705 16.0 110.04191
1773.9001 16.0 110.86876
1765.8002 16.0 110.36251
1703.7 16.0 106.48125
1705.86 16.0 106.61625
1762.2903 16.0 110.14314
1726.9207 16.0 107.93254
1756.3502 16.0 109.77189
1703.7 16.0 106.48125
1660.7703 16.0 103.79814
1732.8601 16.0 108.30376
1725.3 16.0 107.83125
1735.0198 16.0 108.438736
1733.9392 16.0 108.3712
1757.1604 16.0 109.822525
1766.3398 16.0 110.39624
1778.4902 16.0 111.15564
1766.3406 16.0 110.396286
1695.8701 16.0 105.99188
1674.8099 16.0 104.67562
1681.8303 16.0 105.114395
1738.2604 16.0 108.64127
1783.3506 16.0 111.45941
1762.8297 16.0 110.17686
1778.49 16.0 111.155624
1759.3201 16.0 109.957504
1758.2396 16.0 109.88998
1785.2396 16.0 111.57748
1719.0898 16.0 107.443115
1688.3102 17.0 99.31236
1758.7799 17.0 103.45764
1711.26 17.0 100.66235
1666.71 17.0 98.04176
1741.7698 17.0 102.45705
1771.47 17.0 104.20412
1735.2903 17.0 102.0759
1741.2302 17.0 102.42531
1772.5498 17.0 104.26764
1751.4896 17.0 103.0288
1724.7594 17.0 101.456436
1763.1002 17.0 103.71178
1718.8201 17.0 101.10706
1718.8197 17.0 101.10704
1687.7701 17.0 99.280594
1758.78 17.0 103.45765
1742.8502 17.0 102.5206
1715.04 17.0 100.884705
1795.23 17.0 105.60176
1803.3303 17.0 106.078255
1784.4305 17.0 104.9665
1813.0498 17.0 106.64999
1784.9702 17.0 104.998245
1743.1205 17.0 102.5365
1742.04 17.0 102.472946
1716.3906 17.0 100.96416
1708.2904 17.0 100.48767
1751.7599 17.0 103.0447
1797.1199 17.0 105.71294
1719.6307 17.0 101.15475
1710.7201 17.0 100.63059
1738.2601 17.0 102.250595
1774.7102 17.0 104.394714
1722.6002 17.0 101.32942
1696.6804 17.0 99.80473
1680.4805 17.0 98.85179
1698.5697 17.0 99.91586
1709.1006 17.0 100.53533
1717.1995 17.0 101.011734
1716.9297 17.0 100.995865
1746.8998 17.0 102.75881
1726.3801 18.0 95.91
1742.5801 18.0 96.810005
1715.31 18.0 95.295006
1706.4001 18.0 94.80001
1695.8696 18.0 94.21498
1742.8506 18.0 96.825035
1696.14 18.0 94.23
1735.2897 18.0 96.40498
1728.8099 18.0 96.045
1719.0902 18.0 95.50501
1676.7001 18.0 93.15
1683.4502 18.0 93.52501
1689.3905 18.0 93.85503
1712.3401 18.0 95.130005
1734.2102 18.0 96.34501
1683.7197 18.0 93.539986
1742.0403 18.0 96.780014
1651.3203 18.0 91.74002
1728.5397 18.0 96.02998
1703.1603 18.0 94.62002
1745.8207 18.0 96.990036
1691.5499 18.0 93.975
1784.4293 18.0 99.134964
1790.3705 18.0 99.46503
1726.3796 18.0 95.90998
1695.0604 18.0 94.17002
1702.0797 18.0 94.55998
1669.6797 18.0 92.75998
1679.9395 18.0 93.32997
1684.8004 18.0 93.60002
1718.2802 18.0 95.46001
1641.6 18.0 91.2
1703.4303 18.0 94.63502
1714.23 18.0 95.235
1744.4698 18.0 96.91499
1747.9799 18.0 97.10999
1734.4802 18.0 96.360016
1730.1599 18.0 96.119995
1813.3201 18.0 100.740005
1776.0604 18.0 98.67002
1694.5201 18.0 94.14001
1729.3497 19.0 91.01841
1710.1799 19.0 90.00947
1700.1904 19.0 89.4837
1701.5406 19.0 89.55477
1708.0199 19.0 89.89578
1681.0205 19.0 88.47476
1671.8397 19.0 87.99156
1694.5203 19.0 89.18528
1716.9303 19.0 90.36475
1657.2599 19.0 87.224205
1683.1805 19.0 88.58845
1723.4098 19.0 90.70578
1665.36 19.0 87.65053
1698.5703 19.0 89.39844
1690.2003 19.0 88.95791
1735.0201 19.0 91.31685
1719.36 19.0 90.49263
1758.2399 19.0 92.53894
1616.2201 19.0 85.06422
1730.7002 19.0 91.089485
1749.8707 19.0 92.09846
1737.7208 19.0 91.45899
1718.0095 19.0 90.421555
1709.0999 19.0 89.95262
1755.2703 19.0 92.382645
1731.5098 19.0 91.132095
1739.6101 19.0 91.558426
1734.4805 19.0 91.288445
1702.6198 19.0 89.611565
1688.04 19.0 88.844215
1724.7598 19.0 90.77683
1708.0203 19.0 89.895805
1720.1705 19.0 90.53529
1719.3599 19.0 90.49262
1699.11 19.0 89.42684
1698.03 19.0 89.37
1690.4698 19.0 88.9721
1763.6409 19.0 92.823204
1663.7402 19.0 87.56528
1685.8805 19.0 88.73055
1683.7198 19.0 88.61684
1699.9197 20.0 84.99599
1662.6598 20.0 83.13299
1726.1099 20.0 86.3055
1681.5596 20.0 84.07798
1705.5901 20.0 85.2795
1720.9805 20.0 86.04903
1693.98 20.0 84.699
1670.7603 20.0 83.53801
1691.0103 20.0 84.550514
1681.8298 20.0 84.09149
1701.54 20.0 85.077
1685.6099 20.0 84.280495
1705.3201 20.0 85.26601
1626.75 20.0 81.3375
1718.5498 20.0 85.92749
1677.7806 20.0 83.88903
1689.6597 20.0 84.48299
1648.8896 20.0 82.44448
1736.6393 20.0 86.83196
1746.3601 20.0 87.31801
1670.7604 20.0 83.53802
1713.4203 20.0 85.67101
1667.2502 20.0 83.36251
1739.8799 20.0 86.993996
1678.5901 20.0 83.929504
1682.0997 20.0 84.10499
1693.1699 20.0 84.65849
1699.11 20.0 84.9555
1701.0002 20.0 85.05001
1673.4597 20.0 83.67299
1707.21 20.0 85.3605
1642.4103 20.0 82.120514
1631.3402 20.0 81.56701
1667.25 20.0 83.3625
1689.1191 20.0 84.455956
1652.1294 20.0 82.60647
1674.0005 20.0 83.70003
1733.6697 20.0 86.68349
1663.2001 20.0 83.16
1661.5795 20.0 83.07897
1671.0308 20.0 83.55154
1629.18 21.0 77.58
1722.5999 21.0 82.028564
1567.6199 21.0 74.64857
1628.3696 21.0 77.54141
1571.4004 21.0 74.82859
1633.7694 21.0 77.798546
1620.27 21.0 77.155716
1661.04 21.0 79.097145
1684.5295 21.0 80.21569
1691.5493 21.0 80.549965
1597.3193 21.0 76.06283
1649.43 21.0 78.54429
1696.6794 21.0 80.79426
1673.4597 21.0 79.68856
1666.4396 21.0 79.35426
1665.8998 21.0 79.32856
1653.2097 21.0 78.72427
1651.5906 21.0 78.64717
1636.2 21.0 77.91428
1691.2799 21.0 80.53714
1685.3401 21.0 80.25429
1683.99 21.0 80.19
1632.4203 21.0 77.7343
1643.7593 21.0 78.274254
1651.3202 21.0 78.63429
1692.0898 21.0 80.57571
1632.6896 21.0 77.74712
1641.8699 21.0 78.18428
1725.57 21.0 82.17
1642.1399 21.0 78.197136
1681.29 21.0 80.06143
1587.3302 21.0 75.58715
1682.3702 21.0 80.11287
1647.0004 21.0 78.42859
1690.2001 21.0 80.48572
1638.8998 21.0 78.04285
1645.9199 21.0 78.37714
1621.8901 21.0 77.232864
1635.1201 21.0 77.86286
1671.3002 21.0 79.585724
1697.2197 21.0 80.819984
1655.1003 22.0 75.231834
1673.1901 22.0 76.05409
1624.05 22.0 73.82046
1675.0798 22.0 76.13999
1662.1195 22.0 75.55089
1652.4004 22.0 75.10911
1668.5996 22.0 75.845436
1613.79 22.0 73.354095
1608.9294 22.0 73.133156
1666.44 22.0 75.74727
1688.3098 22.0 76.741356
1691.0098 22.0 76.86408
1674.8096 22.0 76.12771
1631.0701 22.0 74.13955
1641.3301 22.0 74.60591
1702.6199 22.0 77.391815
1664.2799 22.0 75.649086
1576.53 22.0 71.66045
1679.4001 22.0 76.33637
1665.09 22.0 75.685905
1595.4304 22.0 72.51956
1652.9398 22.0 75.13363
1645.1101 22.0 74.77773
1643.7605 22.0 74.716385
1614.5996 22.0 73.39089
1619.4604 22.0 73.61184
1638.6302 22.0 74.48319
1631.6101 22.0 74.16409
1644.3004 22.0 74.74093
1620.8099 22.0 73.67318
1608.39 22.0 73.108635
1564.3802 22.0 71.10819
1637.0093 22.0 74.409515
1661.3098 22.0 75.514084
1670.4894 22.0 75.931335
1653.4796 22.0 75.158165
1647.8098 22.0 74.900444
1643.4894 22.0 74.70406
1627.0197 22.0 73.95544
1671.3008 22.0 75.968216
1618.3799 22.0 73.56272
1604.07 23.0 69.74217
1620.0 23.0 70.434784
1609.7397 23.0 69.988686
1679.4003 23.0 73.0174
1625.9401 23.0 70.69305
1584.6302 23.0 68.896965
1646.1901 23.0 71.57348
1638.9001 23.0 71.25653
1624.0504 23.0 70.610886
1607.8499 23.0 69.90652
1688.85 23.0 73.42826
1631.881 23.0 70.95135
1638.9001 23.0 71.25653
1631.8798 23.0 70.951294
1594.6199 23.0 69.3313
1659.6897 23.0 72.16042
1554.9303 23.0 67.60567
1583.5494 23.0 68.849976
1604.8804 23.0 69.777405
1616.4904 23.0 70.28219
1685.8799 23.0 73.299126
1589.7598 23.0 69.11999
1656.4496 23.0 72.01955
1580.3103 23.0 68.709145
1659.9603 23.0 72.17219
1604.6099 23.0 69.76565
1632.1497 23.0 70.96303
1668.3298 23.0 72.53608
1629.18 23.0 70.833916
1627.5604 23.0 70.7635
1620.0 23.0 70.434784
1585.9795 23.0 68.95563
1624.32 23.0 70.622604
1564.9205 23.0 68.04002
1646.4604 23.0 71.585236
1681.0198 23.0 73.087814
1662.3898 23.0 72.27782
1678.8601 23.0 72.99392
1621.0803 23.0 70.48175
1652.67 23.0 71.85522
1585.7097 23.0 68.9439
1629.7202 24.0 67.90501
1574.6399 24.0 65.60999
1654.83 24.0 68.95125
1667.7894 24.0 69.49123
1635.1201 24.0 68.130005
1618.92 24.0 67.455
1659.6897 24.0 69.15374
1578.69 24.0 65.77875
1630.2595 24.0 67.92748
1666.1687 24.0 69.4237
1546.83 24.0 64.45125
1609.7405 24.0 67.07252
1621.0801 24.0 67.545006
1588.14 24.0 66.1725
1594.0793 24.0 66.419975
1685.0702 24.0 70.21126
1528.2 24.0 63.675
1594.6198 24.0 66.44249
1624.0507 24.0 67.66878
1637.5499 24.0 68.23125
1611.0898 24.0 67.128746
1646.4597 24.0 68.602486
1623.78 24.0 67.6575
1643.2197 24.0 68.46749
1634.3098 24.0 68.096245
1563.5693 24.0 65.14872
1614.0598 24.0 67.252495
1625.1296 24.0 67.71374
1584.8997 24.0 66.03748
1605.69 24.0 66.90375
1550.61 24.0 64.60875
1579.2297 24.0 65.80124
1610.5498 24.0 67.10624
1645.6499 24.0 68.56875
1630.2603 24.0 67.92751
1595.1602 24.0 66.465004
1589.7607 24.0 66.24003
1614.3301 24.0 67.263756
1577.3403 24.0 65.72251
1602.1798 24.0 66.75749
1589.2195 24.0 66.217476
1561.4097 25.0 62.456387
1584.0898 25.0 63.363594
1576.2598 25.0 63.050392
1584.3601 25.0 63.374405
1588.9502 25.0 63.558006
1581.3898 25.0 63.255592
1605.69 25.0 64.2276
1518.48 25.0 60.739197
1583.82 25.0 63.3528
1606.7701 25.0 64.270805
1569.51 25.0 62.7804
1594.3501 25.0 63.774002
1613.2505 25.0 64.53002
1589.2205 25.0 63.568817
1558.4397 25.0 62.33759
1568.97 25.0 62.758797
1613.2496 25.0 64.52998
1658.8796 25.0 66.35519
1608.12 25.0 64.3248
1579.2308 25.0 63.169235
1549.5298 25.0 61.981194
1536.2991 25.0 61.451965
1591.6495 25.0 63.66598
1565.9996 25.0 62.639984
1597.8602 25.0 63.91441
1558.4393 25.0 62.337574
1600.2903 25.0 64.01161
1565.9999 25.0 62.639996
1570.8601 25.0 62.834404
1578.4192 25.0 63.13677
1587.5999 25.0 63.503994
1502.8192 25.0 60.11277
1539.8103 25.0 61.59241
1606.769 25.0 64.27076
1566.8097 25.0 62.672386
1520.1 25.0 60.803997
1580.5798 25.0 63.223194
1605.4199 25.0 64.2168
1626.7511 25.0 65.070045
1590.5697 25.0 63.622787
1570.3206 25.0 62.81282
1513.3492 26.0 58.205738
1514.1598 26.0 58.236916
1568.1604 26.0 60.31386
1579.7699 26.0 60.76038
1597.8604 26.0 61.45617
1551.9608 26.0 59.6908
1655.3704 26.0 63.66809
1625.4006 26.0 62.515408
1538.1902 26.0 59.16116
1579.4998 26.0 60.74999
1580.0403 26.0 60.77078
1547.6398 26.0 59.524605
1557.8992 26.0 59.919197
1591.92 26.0 61.227695
1556.0094 26.0 59.846516
1588.6804 26.0 61.103092
1604.6105 26.0 61.715786
1501.4696 26.0 57.748833
1597.5895 26.0 61.445747
1592.4601 26.0 61.248466
1545.7502 26.0 59.451935
1603.2596 26.0 61.663834
1549.7993 26.0 59.607666
1554.12 26.0 59.773846
1558.1699 26.0 59.92961
1560.5999 26.0 60.02307
1524.42 26.0 58.63154
1549.7998 26.0 59.607685
1595.7 26.0 61.373077
1569.5101 26.0 60.365772
1557.36 26.0 59.89846
1561.1392 26.0 60.043816
1525.77 26.0 58.68346
1572.75 26.0 60.490387
1501.7393 26.0 57.7592
1497.69 26.0 57.60346
1592.7299 26.0 61.258842
1628.1001 26.0 62.619236
1520.6396 26.0 58.48614
1531.7107 26.0 58.91195
1526.8492 26.0 58.72497
1585.7098 27.000002 58.72999
1561.4105 27.000002 57.830013
1530.9001 27.000002 56.7
1536.2997 27.000002 56.899982
1562.7598 27.000002 57.879986
1600.2903 27.000002 59.270004
1586.2498 27.000002 58.749985
1527.6602 27.000002 56.58
1523.07 27.000002 56.409996
1546.2897 27.000002 57.269985
1480.1403 27.000002 54.820004
1564.3799 27.000002 57.93999
1536.3 27.000002 56.899998
1561.4105 27.000002 57.830013
1552.2301 27.000002 57.49
1533.0598 27.000002 56.77999
1538.1896 27.000002 56.96998
1545.7495 27.000002 57.249977
1548.7195 27.000002 57.359978
1547.1 27.000002 57.299995
1591.9198 27.000002 58.959988
1534.9507 27.000002 56.85002
1571.67 27.000002 58.209995
1549.2598 27.000002 57.379986
1550.8804 27.000002 57.44001
1536.0305 27.000002 56.890015
1533.3303 27.000002 56.79001
1551.6893 27.000002 57.46997
1533.6001 27.000002 56.8
1557.9004 27.000002 57.70001
1560.3302 27.000002 57.790005
1546.0201 27.000002 57.260002
1558.1702 27.000002 57.710003
1550.34 27.000002 57.419994
1516.05 27.000002 56.149998
1584.0895 27.000002 58.669975
1587.87 27.000002 58.809998
1555.47 27.000002 57.609997
1519.5599 27.000002 56.279995
1569.2402 27.000002 58.120003
1588.1399 27.000002 58.819992
1563.839 28.0 55.85139
1489.59 28.0 53.199642
1492.5598 28.0 53.30571
1567.6196 28.0 55.986416
1520.6394 28.0 54.308548
1546.8296 28.0 55.243916
1531.7097 28.0 54.70392
1476.6296 28.0 52.73677
1504.1692 28.0 53.72033
1581.9299 28.0 56.497498
1498.7695 28.0 53.527485
1549.5303 28.0 55.340366
1524.6901 28.0 54.453217
1487.1598 28.0 53.11285
1586.5205 28.0 56.661446
1441.5294 28.0 51.483192
1550.3405 28.0 55.3693
1538.1895 28.0 54.935337
1555.2002 28.0 55.542866
1550.0706 28.0 55.359665
1526.5798 28.0 54.520706
1480.9503 28.0 52.891083
1581.9304 28.0 56.497517
1587.0603 28.0 56.680725
1511.7299 28.0 53.990353
1519.8293 28.0 54.27962
1539.5404 28.0 54.983585
1538.7297 28.0 54.95463
1540.8898 28.0 55.031776
1534.4102 28.0 54.80036
1549.2593 28.0 55.33069
1555.4708 28.0 55.55253
1557.8992 28.0 55.639256
1545.2098 28.0 55.186066
1559.7896 28.0 55.706768
1530.6296 28.0 54.665344
1497.6898 28.0 53.488922
1498.2292 28.0 53.508186
1520.6405 28.0 54.30859
1516.8599 28.0 54.173565
1538.1906 28.0 54.935375
1495.7993 29.0 51.57929
1508.7609 29.0 52.026237
1535.7606 29.0 52.957264
1490.67 29.0 51.402416
1545.7496 29.0 53.301712
1575.1798 29.0 54.316544
1525.77 29.0 52.61276
1539.8099 29.0 53.096893
1532.2493 29.0 52.83618
1472.3096 29.0 50.769295
1485.2695 29.0 51.21619
1505.5199 29.0 51.91448
1501.47 29.0 51.774826
1496.6099 29.0 51.60724
1525.5004 29.0 52.603462
1495.5294 29.0 51.56998
1530.6294 29.0 52.780323
1485.0 29.0 51.206898
1524.1494 29.0 52.556877
1526.3093 29.0 52.631355
1516.3198 29.0 52.286892
1528.1989 29.0 52.696514
1517.67 29.0 52.33345
1516.3192 29.0 52.28687
1514.9695 29.0 52.240326
1505.2494 29.0 51.90515
1483.11 29.0 51.141724
1550.3394 29.0 53.459976
1501.7393 29.0 51.78411
1532.2498 29.0 52.836197
1548.1799 29.0 53.385513
1516.0492 29.0 52.277557
1509.03 29.0 52.03552
1528.1998 29.0 52.696545
1486.0807 29.0 51.24416
1486.6202 29.0 51.262768
1584.3596 29.0 54.63309
1506.3303 29.0 51.942425
1521.9897 29.0 52.482407
1498.2299 29.0 51.663097
1532.2498 29.0 52.836197
1472.8502 30.000002 49.095005
1477.9802 30.000002 49.266003
1471.5002 30.000002 49.050007
1477.1688 30.000002 49.238956
1501.4694 30.000002 50.048977
1503.09 30.000002 50.102997
1489.0498 30.000002 49.63499
1508.4893 30.000002 50.28297
1460.7001 30.000002 48.69
1489.5894 30.000002 49.652977
1552.23 30.000002 51.740997
1493.0996 30.000002 49.769985
1485.81 30.000002 49.527
1494.4492 30.000002 49.814972
1526.5801 30.000002 50.885998
1539.5399 30.000002 51.317993
1485.54 30.000002 49.517998
1524.6902 30.000002 50.823
1471.23 30.000002 49.040997
1554.9304 30.000002 51.83101
1488.5104 30.000002 49.61701
1487.97 30.000002 49.598995
1521.7202 30.000002 50.724003
1463.1298 30.000002 48.77099
1520.6395 30.000002 50.68798
1538.1893 30.000002 51.272976
1496.0706 30.000002 49.869015
1487.9694 30.000002 49.598976
1510.1097 30.000002 50.336987
1480.14 30.000002 49.337997
1510.9202 30.000002 50.364002
1507.1403 30.000002 50.238007
1479.3298 30.000002 49.310993
1534.41 30.000002 51.147
1532.5205 30.000002 51.084015
1459.8896 30.000002 48.662987
1486.8899 30.000002 49.562992
1428.8402 30.000002 47.628006
1551.9601 30.000002 51.732
1510.1099 30.000002 50.336994
1519.56 30.000002 50.652
1471.7698 31.0 47.476444
1465.5599 31.0 47.276127
1495.5305 31.0 48.24292
1483.65 31.0 47.859676
1516.3198 31.0 48.913544
1498.4995 31.0 48.338696
1423.1709 31.0 45.908737
1488.7795 31.0 48.025146
1531.9797 31.0 49.4187
1440.7202 31.0 46.474846
1479.8696 31.0 47.737732
1451.7905 31.0 46.83195
1463.94 31.0 47.22387
1514.1603 31.0 48.84388
1483.6499 31.0 47.859673
1491.2094 31.0 48.103527
1494.1793 31.0 48.199333
1497.6904 31.0 48.312595
1472.0392 31.0 47.485134
1519.8302 31.0 49.02678
1462.5898 31.0 47.180317
1461.5095 31.0 47.14547
1466.6395 31.0 47.31095
1453.9501 31.0 46.901615
1487.7003 31.0 47.990334
1510.11 31.0 48.713226
1519.5593 31.0 49.018044
1468.5299 31.0 47.371933
1482.5707 31.0 47.82486
1449.0894 31.0 46.74482
1509.0308 31.0 48.678413
1490.6703 31.0 48.08614
1474.1996 31.0 47.554825
1468.8 31.0 47.380646
1472.0406 31.0 47.485184
1474.4697 31.0 47.56354
1450.7106 31.0 46.797115
1493.9097 31.0 48.190636
1472.3102 31.0 47.493877
1463.3999 31.0 47.206448
1491.2104 31.0 48.10356
1440.1796 32.0 45.00561
1449.36 32.0 45.2925
1481.4896 32.0 46.29655
1464.7506 32.0 45.773457
1413.7197 32.0 44.17874
1497.4197 32.0 46.794365
1501.2001 32.0 46.912502
1461.51 32.0 45.672188
1472.849 32.0 46.02653
1441.5304 32.0 45.047825
1456.11 32.0 45.503437
1480.6794 32.0 46.271233
1418.8503 32.0 44.339073
1479.8696 32.0 46.245926
1435.0499 32.0 44.84531
1428.3003 32.0 44.634384
1465.2888 32.0 45.790276
1417.7701 32.0 44.305317
1465.5603 32.0 45.79876
1483.9187 32.0 46.37246
1399.4094 32.0 43.731544
1435.3197 32.0 44.85374
1436.6702 32.0 44.895943
1470.6892 32.0 45.959038
1361.3396 32.0 42.541862
1471.23 32.0 45.975937
1470.9598 32.0 45.967495
1425.8689 32.0 44.558403
1443.4198 32.0 45.10687
1456.1097 32.0 45.50343
1447.4692 32.0 45.233414
1467.45 32.0 45.85781
1443.9604 32.0 45.123764
1442.07 32.0 45.064686
1463.9396 32.0 45.74811
1479.3306 32.0 46.22908
1474.1991 32.0 46.06872
1484.1901 32.0 46.38094
1479.3298 32.0 46.229057
1432.8903 32.0 44.77782
1504.9799 32.0 47.03062
1483.6499 33.0 44.959087
1441.5297 33.0 43.682716
1438.5596 33.0 43.592712
1456.92 33.0 44.149094
1449.6302 33.0 43.92819
1498.23 33.0 45.40091
1430.4595 33.0 43.347256
1444.2303 33.0 43.764557
1419.1196 33.0 43.003624
1394.8207 33.0 42.267292
1435.3195 33.0 43.49453
1455.8397 33.0 44.116356
1415.3403 33.0 42.8891
1398.87 33.0 42.39
1451.2498 33.0 43.977264
1388.6094 33.0 42.07907
1452.0594 33.0 44.0018
1429.3796 33.0 43.314533
1435.05 33.0 43.486366
1467.1798 33.0 44.459995
1451.2496 33.0 43.97726
1381.5896 33.0 41.866352
1455.029 33.0 44.09179
1456.1101 33.0 44.12455
1449.6299 33.0 43.928177
1397.5198 33.0 42.349083
1415.0697 33.0 42.8809
1439.1011 33.0 43.609123
1462.0499 33.0 44.304543
1402.919 33.0 42.512695
1445.3097 33.0 43.797264
1447.7402 33.0 43.870914
1413.9899 33.0 42.84818
1445.3102 33.0 43.79728
1421.0093 33.0 43.060886
1433.1594 33.0 43.429073
1430.1895 33.0 43.339073
1462.0498 33.0 44.30454
1452.3301 33.0 44.010002
1418.8501 33.0 42.995457
1428.0304 33.0 43.273647
1445.0393 34.0 42.501156
1439.37 34.0 42.33441
1382.9401 34.0 40.67471
1441.26 34.0 42.39
1459.0796 34.0 42.914104
1385.9095 34.0 40.762047
1413.1802 34.0 41.56412
1400.2197 34.0 41.182934
1415.3397 34.0 41.62764
1439.6393 34.0 42.34233
1427.4902 34.0 41.98501
1426.1399 34.0 41.94529
1449.6296 34.0 42.636166
1426.1401 34.0 41.945297
1371.8705 34.0 40.349133
1445.5801 34.0 42.51706
1375.9203 34.0 40.468243
1421.8196 34.0 41.818222
1455.3004 34.0 42.80295
1423.1699 34.0 41.85794
1428.5701 34.0 42.016766
1456.1104 34.0 42.826775
1402.3798 34.0 41.246464
1389.96 34.0 40.881176
1428.2994 34.0 42.00881
1412.6393 34.0 41.548214
1430.4607 34.0 42.072372
1423.9799 34.0 41.88176
1394.8202 34.0 41.024124
1407.5103 34.0 41.39736
1370.79 34.0 40.317352
1389.4202 34.0 40.8653
1395.3599 34.0 41.039997
1431.8098 34.0 42.112053
1403.9999 34.0 41.294113
1404.0001 34.0 41.29412
1415.3397 34.0 41.62764
1405.0797 34.0 41.325874
1452.8701 34.0 42.731476
1401.8405 34.0 41.230602
1401.5704 34.0 41.22266
1347.2998 35.0 38.49428
1388.3401 35.0 39.66686
1339.4695 35.0 38.270557
1408.8597 35.0 40.253136
1304.9098 35.0 37.28314
1394.8192 35.0 39.85198
1374.8397 35.0 39.281136
1378.6198 35.0 39.389137
1406.6996 35.0 40.191418
1376.4594 35.0 39.32741
1372.6796 35.0 39.219418
1391.0392 35.0 39.743977
1408.8596 35.0 40.25313
1390.7698 35.0 39.73628
1428.8401 35.0 40.824
1395.0896 35.0 39.859703
1405.0791 35.0 40.14512
1428.8402 35.0 40.824005
1406.6993 35.0 40.19141
1435.8597 35.0 41.024563
1372.4102 35.0 39.21172
1410.2096 35.0 40.291702
1374.2998 35.0 39.26571
1384.02 35.0 39.54343
1373.4895 35.0 39.242558
1424.7894 35.0 40.70827
1396.98 35.0 39.913715
1369.9799 35.0 39.14228
1405.6198 35.0 40.160564
1398.0598 35.0 39.944565
1370.5198 35.0 39.157707
1377.8094 35.0 39.365986
1416.9591 35.0 40.484547
1424.5199 35.0 40.70057
1429.6504 35.0 40.847153
1424.2495 35.0 40.692844
1453.1394 35.0 41.51827
1450.7095 35.0 41.44884
1392.93 35.0 39.798
1411.0199 35.0 40.314854
1381.0498 35.0 39.458565
1344.0591 36.0 37.334976
1377.5397 36.0 38.26499
1384.5598 36.0 38.459995
1374.0295 36.0 38.16749
1413.7189 36.0 39.26997
1405.8901 36.0 39.052505
1384.2896 36.0 38.452488
1356.4792 36.0 37.679977
1419.1191 36.0 39.419975
1378.8895 36.0 38.302486
1362.9596 36.0 37.85999
1338.3892 36.0 37.177475
1360.5298 36.0 37.792496
1354.3196 36.0 37.619987
1380.7798 36.0 38.354996
1373.2195 36.0 38.144985
1412.0994 36.0 39.224983
1387.53 36.0 38.5425
1390.499 36.0 38.624973
1384.5586 36.0 38.45996
1364.5798 36.0 37.904995
1422.6299 36.0 39.517498
1392.1196 36.0 38.66999
1365.9299 36.0 37.942497
1372.1399 36.0 38.114998
1357.29 36.0 37.7025
1406.6997 36.0 39.074993
1371.5994 36.0 38.099983
1410.479 36.0 39.179974
1405.0789 36.0 39.02997
1398.3301 36.0 38.842503
1401.57 36.0 38.9325
1362.9602 36.0 37.860004
1374.5697 36.0 38.18249
1375.3799 36.0 38.204998
1380.5093 36.0 38.34748
1370.2502 36.0 38.062508
1332.7196 36.0 37.01999
1413.7205 36.0 39.27001
1396.9805 36.0 38.80501
1378.6201 36.0 38.295002
1361.3395 37.0 36.792957
1358.64 37.0 36.72
1357.2897 37.0 36.683506
1300.0496 37.0 35.136475
1349.1914 37.0 36.464634
1366.7399 37.0 36.938915
1334.8798 37.0 36.07783
1403.4597 37.0 37.931343
1357.2893 37.0 36.683495
1356.21 37.0 36.654324
1371.8699 37.0 37.077564
1352.4302 37.0 36.552166
1305.4502 37.0 35.282436
1330.56 37.0 35.961082
1376.4596 37.0 37.20161
1352.1592 37.0 36.54484
1399.6798 37.0 37.829185
1359.7198 37.0 36.749184
1384.0193 37.0 37.405926
1381.5896 37.0 37.34026
1371.8693 37.0 37.07755
1385.9098 37.0 37.45702
1352.4298 37.0 36.55216
1304.6393 37.0 35.26052
1385.9105 37.0 37.457043
1359.9906 37.0 36.756504
1367.0098 37.0 36.94621
1360.2589 37.0 36.763756
1380.7793 37.0 37.31836
1397.7891 37.0 37.778084
1342.4397 37.0 36.282154
1374.0293 37.0 37.135925
1377.809 37.0 37.23808
1359.1799 37.0 36.734592
1318.1392 37.0 35.62538
1314.3604 37.0 35.523254
1331.6398 37.0 35.990265
1405.3494 37.0 37.982414
1350.8096 37.0 36.508366
1324.35 37.0 35.793243
1308.4197 37.0 35.362694
1345.1398 38.0 35.398415
1384.5603 38.0 36.4358
1353.7794 38.0 35.625774
1344.0593 38.0 35.369984
1344.87 38.0 35.391315
1315.4395 38.0 34.61683
1351.6196 38.0 35.56894
1332.7205 38.0 35.07159
1359.1797 38.0 35.767887
1336.7695 38.0 35.178146
1321.92 38.0 34.78737
1345.9503 38.0 35.419746
1389.6897 38.0 36.57078
1271.4291 38.0 33.45866
1324.6199 38.0 34.858418
1306.2594 38.0 34.375248
1364.3099 38.0 35.902893
1347.0294 38.0 35.448143
1362.9595 38.0 35.867355
1364.8494 38.0 35.917088
1399.4093 38.0 36.82656
1382.3992 38.0 36.378925
1361.8802 38.0 35.838955
1305.7197 38.0 34.361046
1370.7893 38.0 36.073402
1331.0991 38.0 35.028923
1317.0597 38.0 34.659466
1338.3898 38.0 35.220783
1352.7003 38.0 35.597378
1361.6097 38.0 35.831837
1374.2998 38.0 36.165783
1369.7086 38.0 36.044964
1342.9795 38.0 35.341564
1353.509 38.0 35.61866
1343.7899 38.0 35.362892
1306.5297 38.0 34.38236
1358.3685 38.0 35.74654
1350.0001 38.0 35.526318
1334.3396 38.0 35.1142
1339.7399 38.0 35.256313
1338.12 38.0 35.213684
1368.2245 39.0 35.08268
1300.6373 39.0 33.349674
1316.3175 39.0 33.75173
1323.6168 39.0 33.938892
1352.814 39.0 34.68754
1300.6375 39.0 33.349678
1311.4504 39.0 33.626934
1353.6259 39.0 34.708355
1296.8525 39.0 33.25263
1337.1343 39.0 34.285496
1322.8057 39.0 33.918095
1293.878 39.0 33.17636
1261.707 39.0 32.351463
1336.3224 39.0 34.264675
1324.4271 39.0 33.95967
1299.0156 39.0 33.308094
1349.3003 39.0 34.597443
1346.5963 39.0 34.52811
1291.7156 39.0 33.12091
1346.0558 39.0 34.51425
1282.5243 39.0 32.88524
1360.3843 39.0 34.88165
1310.3698 39.0 33.599224
1358.762 39.0 34.84005
1280.0914 39.0 32.822857
1288.4717 39.0 33.037735
1282.7947 39.0 32.89217
1348.7593 39.0 34.583572
1326.8608 39.0 34.02207
1356.5988 39.0 34.784584
1338.2156 39.0 34.31322
1306.5851 39.0 33.502182
1320.6423 39.0 33.862625
1342.0 39.0 34.410255
1324.699 39.0 33.96664
1347.1371 39.0 34.541977
1308.207 39.0 33.54377
1319.0206 39.0 33.82104
1305.2329 39.0 33.46751
1260.6256 39.0 32.323734
1314.154 39.0 33.69626
1280.609 40.0 32.015224
1312.7379 40.0 32.818447
1337.8486 40.0 33.446217
1324.8894 40.0 33.122234
1305.9902 40.0 32.649757
1306.5302 40.0 32.663254
1316.5198 40.0 32.912994
1269.0 40.0 31.724998
1303.5594 40.0 32.588985
1295.1895 40.0 32.379738
1340.8196 40.0 33.52049
1265.7596 40.0 31.643991
1322.9995 40.0 33.07499
1296.5406 40.0 32.413517
1290.5999 40.0 32.264996
1297.6201 40.0 32.440502
1290.3295 40.0 32.258236
1352.6996 40.0 33.81749
1303.2898 40.0 32.582245
1307.6094 40.0 32.690235
1309.4994 40.0 32.737484
1308.9595 40.0 32.723988
1315.1697 40.0 32.879242
1287.8994 40.0 32.197487
1316.2501 40.0 32.906254
1304.3707 40.0 32.60927
1318.6798 40.0 32.966995
1322.7294 40.0 33.068233
1309.5001 40.0 32.737503
1308.1508 40.0 32.70377
1337.3097 40.0 33.432743
1319.7595 40.0 32.993988
1330.2887 40.0 33.257217
1306.7999 40.0 32.67
1287.0889 40.0 32.177223
1324.0793 40.0 33.101982
1312.1998 40.0 32.804996
1293.5696 40.0 32.33924
1314.3599 40.0 32.858997
1316.7891 40.0 32.919727
1329.2095 40.0 33.230236
1295.9998 41.0 31.609749
1313.2792 41.0 32.0312
1276.2898 41.0 31.129019
1321.6506 41.0 32.235382
1253.3394 41.0 30.569252
1324.889 41.0 32.314365
1304.9106 41.0 31.827087
1271.4286 41.0 31.010454
1289.2499 41.0 31.445118
1281.9602 41.0 31.267323
1304.9095 41.0 31.827063
1300.5892 41.0 31.72169
1244.6997 41.0 30.35853
1323.8097 41.0 32.28804
1279.8 41.0 31.214634
1290.8699 41.0 31.484632
1273.8597 41.0 31.06975
1312.7397 41.0 32.018044
1313.0098 41.0 32.024628
1252.2594 41.0 30.542912
1259.28 41.0 30.714146
1299.2394 41.0 31.688765
1308.6902 41.0 31.919271
1315.7094 41.0 32.090473
1267.6499 41.0 30.918291
1307.6097 41.0 31.892921
1301.6699 41.0 31.748047
1294.3792 41.0 31.570223
1299.5088 41.0 31.695335
1276.2898 41.0 31.129019
1307.6104 41.0 31.892935
1316.7885 41.0 32.11679
1287.6295 41.0 31.405598
1305.7188 41.0 31.846798
1277.3696 41.0 31.155357
1254.4191 41.0 30.595587
1298.6991 41.0 31.675589
1275.7501 41.0 31.115858
1253.3391 41.0 30.569246
1278.1799 41.0 31.17512
1301.1298 41.0 31.734873
1276.2898 42.0 30.387852
1277.3698 42.0 30.413565
1288.7106 42.0 30.683584
1257.3907 42.0 29.937876
1232.01 42.0 29.333572
1216.6205 42.0 28.967154
1229.5789 42.0 29.275686
1235.2505 42.0 29.410727
1299.5092 42.0 30.940693
1244.1598 42.0 29.622852
1222.5598 42.0 29.108566
1268.4594 42.0 30.201414
1248.4796 42.0 29.725706
1287.3599 42.0 30.651424
1255.7699 42.0 29.899284
1233.899 42.0 29.378548
1275.7499 42.0 30.374996
1264.6798 42.0 30.111423
1278.1798 42.0 30.432852
1261.7101 42.0 30.040716
1212.2994 42.0 28.864271
1285.4696 42.0 30.60642
1265.2198 42.0 30.12428
1267.65 42.0 30.182142
1260.0897 42.0 30.002136
1285.74 42.0 30.612858
1271.9694 42.0 30.284985
1270.6194 42.0 30.252844
1265.4899 42.0 30.13071
1272.5092 42.0 30.297838
1220.3995 42.0 29.05713
1241.4606 42.0 29.558586
1233.6298 42.0 29.372137
1273.8606 42.0 30.330013
1265.22 42.0 30.124285
1279.2605 42.0 30.458582
1259.5503 42.0 29.989292
1241.1903 42.0 29.55215
1277.3693 42.0 30.413555
1256.3103 42.0 29.91215
1200.959 42.0 28.594261
1234.7097 43.0 28.71418
1207.7097 43.0 28.086273
1233.3599 43.0 28.682787
1212.3004 43.0 28.193033
1250.3691 43.0 29.078352
1222.83 43.0 28.437906
1247.9402 43.0 29.021864
1248.2094 43.0 29.028126
1258.74 43.0 29.273024
1241.4602 43.0 28.871168
1195.2893 43.0 27.797426
1234.4397 43.0 28.7079
1233.6292 43.0 28.68905
1247.399 43.0 29.009281
1253.3398 43.0 29.147438
1224.9904 43.0 28.488148
1252.2604 43.0 29.122334
1239.2994 43.0 28.820917
1270.6195 43.0 29.54929
1279.2598 43.0 29.750227
1194.4789 43.0 27.77858
1250.3706 43.0 29.078386
1252.2603 43.0 29.122332
1192.3196 43.0 27.728363
1227.9597 43.0 28.557201
1261.439 43.0 29.33579
1238.4895 43.0 28.802082
1232.0104 43.0 28.651403
1194.2096 43.0 27.772316
1223.639 43.0 28.456722
1207.7103 43.0 28.086287
1264.6788 43.0 29.411137
1233.0907 43.0 28.676529
1231.47 43.0 28.638838
1227.419 43.0 28.544626
1214.4595 43.0 28.243244
1260.6295 43.0 29.316965
1233.8999 43.0 28.695347
1271.4293 43.0 29.568125
1257.93 43.0 29.254189
1235.2494 43.0 28.72673
1199.8796 44.0 27.26999
1208.2502 44.0 27.460234
1210.139 44.0 27.50316
1170.72 44.0 26.607273
1220.399 44.0 27.736341
1230.9296 44.0 27.975672
1232.2786 44.0 28.006332
1208.7904 44.0 27.47251
1194.7498 44.0 27.153402
1217.4299 44.0 27.668863
1239.3 44.0 28.16591
1164.7798 44.0 26.472267
1200.9597 44.0 27.29454
1216.3486 44.0 27.644287
1199.0697 44.0 27.251583
1213.9199 44.0 27.589088
1239.5696 44.0 28.172035
1220.6704 44.0 27.742508
1193.1299 44.0 27.116589
1232.2794 44.0 28.00635
1236.0605 44.0 28.092285
1214.9999 44.0 27.613634
1174.7695 44.0 26.699308
1217.6998 44.0 27.674995
1223.6395 44.0 27.809988
1233.0895 44.0 28.024761
1256.0394 44.0 28.54635
1224.4496 44.0 27.8284
1220.6693 44.0 27.742485
1202.8499 44.0 27.337498
1243.3497 44.0 28.257948
1206.0906 44.0 27.41115
1233.3608 44.0 28.030928
1226.6094 44.0 27.877487
1243.6206 44.0 28.264105
1210.4102 44.0 27.509323
1233.6294 44.0 28.037033
1246.3195 44.0 28.325441
1217.1592 44.0 27.662708
1225.5295 44.0 27.852943
1190.7 44.0 27.061361
1194.7495 45.0 26.54999
1207.4395 45.0 26.831987
1204.7393 45.0 26.771984
1232.0099 45.0 27.377998
1219.8596 45.0 27.107992
1213.65 45.0 26.97
1185.5696 45.0 26.345991
1216.8895 45.0 27.041988
1209.869 45.0 26.885979
1179.3596 45.0 26.20799
1203.6595 45.0 26.74799
1153.1697 45.0 25.625992
1219.5901 45.0 27.102001
1190.4298 45.0 26.453997
1181.5205 45.0 26.25601
1237.9501 45.0 27.510002
1205.5499 45.0 26.789997
1224.9904 45.0 27.222008
1182.5997 45.0 26.279993
1166.6704 45.0 25.926008
1228.5001 45.0 27.300003
1217.1597 45.0 27.047993
1177.4695 45.0 26.165989
1177.4694 45.0 26.165985
1222.8293 45.0 27.173985
1185.3 45.0 26.34
1220.94 45.0 27.131998
1181.2495 45.0 26.249989
1237.4099 45.0 27.498
1205.8191 45.0 26.79598
1196.0995 45.0 26.579988
1205.0098 45.0 26.777994
1211.76 45.0 26.928
1204.7394 45.0 26.771986
1197.1797 45.0 26.603994
1247.6693 45.0 27.725985
1214.1903 45.0 26.982008
1196.9094 45.0 26.597988
1246.3193 45.0 27.695984
1155.0605 45.0 25.668013
1174.4995 45.0 26.099989
1163.7 46.0 25.297825
1191.5101 46.0 25.902393
1202.0399 46.0 26.131302
1177.4698 46.0 25.597172
1181.5208 46.0 25.685234
1146.6901 46.0 24.928045
1184.489 46.0 25.749762
1170.9896 46.0 25.456297
1176.6599 46.0 25.579563
1174.5 46.0 25.53261
1190.6997 46.0 25.884777
1208.5197 46.0 26.272167
1220.3995 46.0 26.530424
1167.7493 46.0 25.385853
1146.149 46.0 24.916283
1169.3701 46.0 25.42109
1188.8102 46.0 25.843699
1161.8103 46.0 25.256744
1224.9899 46.0 26.630215
1189.89 46.0 25.867174
1136.1603 46.0 24.699137
1208.2496 46.0 26.266296
1239.8389 46.0 26.95302
1196.0996 46.0 26.002165
1209.0599 46.0 26.28391
1200.9603 46.0 26.107832
1178.0098 46.0 25.608908
1183.14 46.0 25.720436
1162.8899 46.0 25.280214
1148.0402 46.0 24.957394
1158.3002 46.0 25.180439
1193.9397 46.0 25.955212
1168.2903 46.0 25.397614
1210.9501 46.0 26.325003
1154.7903 46.0 25.104137
1156.4099 46.0 25.139347
1192.8599 46.0 25.931736
1195.5599 46.0 25.990435
1164.7799 46.0 25.321302
1162.6189 46.0 25.274323
1174.4994 46.0 25.532597
1154.519 47.0 24.564236
1145.6096 47.0 24.374672
1169.3699 47.0 24.880209
1169.369 47.0 24.880192
1149.3895 47.0 24.455097
1169.9094 47.0 24.89169
1153.709 47.0 24.546999
1191.5088 47.0 25.35125
1148.85 47.0 24.443617
1172.0706 47.0 24.937672
1145.0703 47.0 24.363197
1125.8997 47.0 23.95531
1162.6198 47.0 24.736591
1162.3494 47.0 24.730837
1166.9402 47.0 24.828514
1165.0487 47.0 24.78827
1166.1302 47.0 24.811283
1161.8104 47.0 24.719372
1161.8093 47.0 24.719347
1145.8796 47.0 24.380419
1164.7804 47.0 24.78256
1166.13 47.0 24.811275
1172.6088 47.0 24.949123
1175.3099 47.0 25.006594
1146.4199 47.0 24.391912
1162.3496 47.0 24.730843
1166.9403 47.0 24.828516
1210.4093 47.0 25.75339
1172.8793 47.0 24.954878
1171.8005 47.0 24.931927
1177.4694 47.0 25.05254
1165.0497 47.0 24.78829
1164.7797 47.0 24.782545
1140.2098 47.0 24.259785
1144.2603 47.0 24.345963
1156.68 47.0 24.610214
1146.1503 47.0 24.386177
1195.2897 47.0 25.431694
1170.7194 47.0 24.908922
1176.1193 47.0 25.023815
1163.9692 47.0 24.765303
1129.6798 48.0 23.534996
1129.1394 48.0 23.523737
1130.2194 48.0 23.546236
1129.4095 48.0 23.529366
1098.8999 48.0 22.89375
1135.0801 48.0 23.647501
1129.6788 48.0 23.534975
1124.0095 48.0 23.416866
1139.9402 48.0 23.748753
1113.7501 48.0 23.203127
1156.6792 48.0 24.097483
1145.88 48.0 23.8725
1181.5198 48.0 24.614996
1118.8799 48.0 23.309998
1121.3096 48.0 23.360615
1125.9004 48.0 23.456257
1171.2593 48.0 24.401234
1122.1196 48.0 23.377491
1111.5896 48.0 23.158115
1132.1089 48.0 23.585602
1132.6494 48.0 23.596863
1157.2202 48.0 24.108755
1151.0093 48.0 23.97936
1138.5906 48.0 23.720636
1147.7689 48.0 23.911852
1122.1188 48.0 23.377474
1171.2603 48.0 24.401257
1167.48 48.0 24.322498
1096.7397 48.0 22.848745
1182.329 48.0 24.631853
1130.4894 48.0 23.551863
1160.1893 48.0 24.17061
1099.7097 48.0 22.910618
1175.0392 48.0 24.479982
1131.0305 48.0 23.563135
1180.1702 48.0 24.586878
1116.1791 48.0 23.25373
1131.0303 48.0 23.56313
1125.0898 48.0 23.439373
1159.1101 48.0 24.148129
1156.409 48.0 24.091856
1111.0497 49.0 22.674482
1140.7502 49.0 23.280617
1067.579 49.0 21.787327
1124.8193 49.0 22.955498
1107.2697 49.0 22.59734
1148.3102 49.0 23.434902
1081.8898 49.0 22.079384
1109.9696 49.0 22.652441
1101.8694 49.0 22.487131
1120.771 49.0 22.872877
1160.1893 49.0 23.677334
1108.62 49.0 22.624899
1129.9498 49.0 23.0602
1121.5795 49.0 22.889378
1115.1 49.0 22.757143
1124.0093 49.0 22.938965
1115.1001 49.0 22.757145
1145.8794 49.0 23.385294
1130.2201 49.0 23.065716
1095.9294 49.0 22.365906
1101.8708 49.0 22.48716
1122.9298 49.0 22.916935
1098.359 49.0 22.41549
1072.4398 49.0 21.886528
1112.1299 49.0 22.696527
1131.84 49.0 23.098776
1106.1887 49.0 22.57528
1110.5101 49.0 22.663471
1112.9398 49.0 22.713057
1109.6996 49.0 22.64693
1138.0494 49.0 23.225498
1127.7899 49.0 23.01612
1131.5707 49.0 23.093279
1095.6599 49.0 22.360407
1152.0896 49.0 23.512032
1143.9899 49.0 23.346733
1106.4606 49.0 22.580828
1105.65 49.0 22.564285
1128.06 49.0 23.021633
1081.6207 49.0 22.073893
1133.1898 49.0 23.126322
1128.3301 50.0 22.5666
1104.2998 50.0 22.085997
1095.1201 50.0 21.902403
1107.5387 50.0 22.150774
1072.9796 50.0 21.459593
1099.9795 50.0 21.99959
1113.7495 50.0 22.27499
1097.0104 50.0 21.940207
1106.9988 50.0 22.139977
1101.8684 50.0 22.037369
1119.1497 50.0 22.382994
1092.1495 50.0 21.84299
1088.0996 50.0 21.761993
1100.5197 50.0 22.010393
1132.9204 50.0 22.65841
1088.9093 50.0 21.778185
1099.9791 50.0 21.999582
1084.5901 50.0 21.691801
1140.2102 50.0 22.804203
1108.35 50.0 22.167
1096.74 50.0 21.9348
1088.3699 50.0 21.767397
1079.1898 50.0 21.583797
1098.0898 50.0 21.961796
1099.9799 50.0 21.999598
1098.3588 50.0 21.967175
1133.1892 50.0 22.663784
1114.5596 50.0 22.291191
1107.8097 50.0 22.156195
1091.8799 50.0 21.837599
1089.18 50.0 21.783602
1119.6896 50.0 22.393791
1143.1799 50.0 22.863598
1098.3596 50.0 21.967194
1118.3405 50.0 22.366808
1082.9703 50.0 21.659407
1086.2104 50.0 21.724209
1092.9602 50.0 21.859203
1117.799 50.0 22.35598
1106.46 50.0 22.1292
1096.7396 50.0 21.934793
1050.0298 51.0 20.58882
1093.2291 51.0 21.435865
1057.8604 51.0 20.74236
1084.5901 51.0 21.266472
1090.2596 51.0 21.37764
1060.5594 51.0 20.795282
1114.8308 51.0 21.859428
1058.1298 51.0 20.747643
1094.581 51.0 21.462374
1077.84 51.0 21.134117
1107.2697 51.0 21.71117
1061.0997 51.0 20.805878
1059.209 51.0 20.768805
1064.3392 51.0 20.869396
1098.6299 51.0 21.541761
1105.6503 51.0 21.679417
1073.2495 51.0 21.044107
1081.0785 51.0 21.197618
1109.16 51.0 21.748236
1088.0995 51.0 21.335283
1083.24 51.0 21.24
1095.1201 51.0 21.472942
1086.4802 51.0 21.303534
1077.0297 51.0 21.118229
1100.7894 51.0 21.584106
1100.5194 51.0 21.578812
1093.7693 51.0 21.446457
1085.6691 51.0 21.287628
1095.3898 51.0 21.478231
1083.2402 51.0 21.240005
1070.8202 51.0 20.996473
1125.8997 51.0 22.076464
1111.3204 51.0 21.790598
1104.2997 51.0 21.652935
1090.5299 51.0 21.38294
1091.3401 51.0 21.398825
1058.3998 51.0 20.752937
1063.7996 51.0 20.858814
1103.7593 51.0 21.64234
1103.7593 51.0 21.64234
1090.2596 51.0 21.37764
1071.0901 52.0 20.597887
1059.7491 52.0 20.379791
1046.7898 52.0 20.130573
1035.72 52.0 19.917692
1060.8296 52.0 20.400568
1053.2694 52.0 20.25518
1029.2397 52.0 19.793072
1081.6199 52.0 20.800383
1092.9604 52.0 21.01847
1061.6399 52.0 20.416151
1061.3699 52.0 20.41096
1062.4501 52.0 20.431732
1085.6696 52.0 20.87826
1059.21 52.0 20.369423
1054.8903 52.0 20.286352
1050.84 52.0 20.20846
1073.5195 52.0 20.644606
1045.9797 52.0 20.114996
1058.9391 52.0 20.364214
1055.1599 52.0 20.291536
1045.44 52.0 20.104614
1075.4108 52.0 20.680977
1059.4803 52.0 20.374622
1081.0796 52.0 20.789991
1043.28 52.0 20.063078
1082.1603 52.0 20.810774
1018.97974 52.0 19.595764
1050.8394 52.0 20.20845
1097.5498 52.0 21.106728
1071.6298 52.0 20.608265
1051.9198 52.0 20.229227
1094.8492 52.0 21.054792
1031.9395 52.0 19.84499
1059.7493 52.0 20.379793
1058.941 52.0 20.36425
1051.3796 52.0 20.21884
1058.6699 52.0 20.359037
1044.6299 52.0 20.089037
1044.0897 52.0 20.07865
1098.9003 52.0 21.132698
1065.1501 52.0 20.483656
1045.6158 52.999996 19.728601
1040.2113 52.999996 19.62663
1018.59076 52.999996 19.218695
1045.8862 52.999996 19.733704
1024.8063 52.999996 19.33597
1050.751 52.999996 19.82549
1049.6705 52.999996 19.805105
1041.8324 52.999996 19.657217
1029.9409 52.999996 19.432848
1053.9945 52.999996 19.88669
1062.6426 52.999996 20.049862
1052.3728 52.999996 19.856092
1041.2917 52.999996 19.647015
1044.2646 52.999996 19.703108
1068.3179 52.999996 20.156942
1025.3474 52.999996 19.346178
1019.4021 52.999996 19.234003
1011.5645 52.999996 19.086124
1034.806 52.999996 19.524643
1032.6448 52.999996 19.483866
1052.9133 52.999996 19.866291
1042.3729 52.999996 19.667416
1019.13055 52.999996 19.22888
1057.2373 52.999996 19.947874
1045.8859 52.999996 19.733698
1045.3463 52.999996 19.723516
1043.4541 52.999996 19.687815
1046.1569 52.999996 19.73881
1014.8069 52.999996 19.1473
1059.1294 52.999996 19.983576
1034.5352 52.999996 19.519533
1042.6439 52.999996 19.67253
1032.6436 52.999996 19.483843
1040.2117 52.999996 19.626637
1065.345 52.999996 20.100851
1021.29315 52.999996 19.269684
1009.1323 52.999996 19.040234
1039.1299 52.999996 19.606226
1021.8337 52.999996 19.279882
1059.6698 52.999996 19.99377
1076.4249 52.999996 20.309906
1037.0697 54.000004 19.204994
1020.05994 54.000004 18.889997
990.3594 54.000004 18.339987
996.30023 54.000004 18.450003
1034.9097 54.000004 19.164993
997.92004 54.000004 18.48
1022.2201 54.000004 18.93
1000.8884 54.000004 18.53497
990.89966 54.000004 18.349993
1021.6802 54.000004 18.920002
1024.1101 54.000004 18.965
1028.6998 54.000004 19.049995
1023.03015 54.000004 18.945002
1014.1204 54.000004 18.780006
1033.8306 54.000004 19.14501
1001.7 54.000004 18.55
1040.04 54.000004 19.259998
1033.5598 54.000004 19.139996
1037.8795 54.000004 19.21999
985.7696 54.000004 18.254992
1018.9798 54.000004 18.869995
1032.4799 54.000004 19.119995
997.64996 54.000004 18.474998
996.56946 54.000004 18.454988
1011.6899 54.000004 18.734997
1021.13885 54.000004 18.909977
1002.5102 54.000004 18.565002
1037.3405 54.000004 19.210007
1021.13983 54.000004 18.909996
1016.0091 54.000004 18.814981
1008.99023 54.000004 18.685003
1027.0804 54.000004 19.020006
1029.7797 54.000004 19.069992
1030.049 54.000004 19.07498
1024.6488 54.000004 18.974977
1013.85046 54.000004 18.775007
1040.04 54.000004 19.26
1036.5297 54.000004 19.194992
1014.39014 54.000004 18.785002
985.4996 54.000004 18.24999
1043.8203 54.000004 19.330004
995.75977 55.0 18.104723
1015.19934 55.0 18.45817
998.9994 55.0 18.163626
1001.16016 55.0 18.202911
1012.5005 55.0 18.4091
1016.82043 55.0 18.487644
999.5398 55.0 18.17345
984.9599 55.0 17.908361
1016.27936 55.0 18.477806
994.13995 55.0 18.075272
1026.8092 55.0 18.669258
993.3306 55.0 18.060556
998.18976 55.0 18.148905
962.28 55.0 17.496
1005.2101 55.0 18.276546
1016.8203 55.0 18.487642
1012.2292 55.0 18.404167
995.7601 55.0 18.104729
1018.70935 55.0 18.521988
1024.9207 55.0 18.63492
1022.21967 55.0 18.585812
1019.7896 55.0 18.54163
982.5299 55.0 17.86418
1000.07996 55.0 18.183271
983.34 55.0 17.87891
998.4602 55.0 18.153822
1013.3092 55.0 18.423803
999.8097 55.0 18.178358
1003.86005 55.0 18.252
993.6004 55.0 18.065462
992.78973 55.0 18.050722
994.1397 55.0 18.075268
999.53986 55.0 18.173452
974.1599 55.0 17.711998
1005.2094 55.0 18.276535
1022.49 55.0 18.590727
1003.31976 55.0 18.242178
1002.77997 55.0 18.232363
971.9995 55.0 17.672718
970.92035 55.0 17.653097
1021.95056 55.0 18.58092
999.8104 56.0 17.853758
983.3396 56.0 17.559635
976.31995 56.0 17.434284
967.41016 56.0 17.27518
996.57056 56.0 17.795902
963.9008 56.0 17.212515
956.06995 56.0 17.072678
980.9097 56.0 17.516245
995.7597 56.0 17.781424
980.3699 56.0 17.506605
969.03 56.0 17.304108
993.32947 56.0 17.738026
998.7299 56.0 17.834463
984.14984 56.0 17.574104
987.3898 56.0 17.63196
983.0699 56.0 17.55482
967.9498 56.0 17.284819
999.26953 56.0 17.844099
967.6795 56.0 17.279991
997.1091 56.0 17.80552
977.9398 56.0 17.463211
966.8703 56.0 17.265541
986.5802 56.0 17.617504
971.7302 56.0 17.352325
991.70984 56.0 17.709105
975.2396 56.0 17.414993
969.56964 56.0 17.313744
985.22974 56.0 17.593388
957.69006 56.0 17.101608
996.29974 56.0 17.791067
973.3496 56.0 17.381243
974.42926 56.0 17.400522
975.2402 56.0 17.415003
986.84906 56.0 17.622305
973.34973 56.0 17.381245
977.3995 56.0 17.453562
997.64984 56.0 17.815176
980.9098 56.0 17.516247
979.56024 56.0 17.492147
980.64 56.0 17.511429
974.97003 56.0 17.41018
967.13995 57.0 16.967367
953.3701 57.0 16.725792
952.0197 57.0 16.7021
948.7798 57.0 16.64526
932.8497 57.0 16.365784
960.11993 57.0 16.84421
947.15894 57.0 16.616823
986.85046 57.0 17.313166
941.4893 57.0 16.517357
960.6596 57.0 16.853678
967.6797 57.0 16.976837
965.52026 57.0 16.938951
932.58057 57.0 16.361063
947.96985 57.0 16.63105
971.99915 57.0 17.052616
975.5099 57.0 17.114208
945.0001 57.0 16.578949
949.8598 57.0 16.664207
936.8999 57.0 16.43684
963.36066 57.0 16.901064
939.5999 57.0 16.48421
965.2505 57.0 16.93422
939.0601 57.0 16.47474
961.1998 57.0 16.863155
914.49023 57.0 16.043688
949.86127 57.0 16.664232
972.53955 57.0 17.062098
953.6402 57.0 16.73053
950.4 57.0 16.673685
981.17957 57.0 17.213676
953.3695 57.0 16.72578
940.1399 57.0 16.493683
950.13 57.0 16.668947
971.46075 57.0 17.04317
972.0004 57.0 17.052639
949.3197 57.0 16.654732
962.01013 57.0 16.87737
963.6309 57.0 16.905806
937.9799 57.0 16.455788
966.60004 57.0 16.957895
977.93994 57.0 17.156841
956.8791 58.0 16.497915
958.49963 58.0 16.525856
909.8996 58.0 15.687924
938.79016 58.0 16.186037
964.1708 58.0 16.623634
949.86017 58.0 16.3769
951.21 58.0 16.400173
898.83044 58.0 15.497077
953.6401 58.0 16.44207
942.29987 58.0 16.24655
942.2993 58.0 16.24654
937.70966 58.0 16.167408
913.1406 58.0 15.743804
974.9702 58.0 16.809832
936.3599 58.0 16.144136
939.8695 58.0 16.204647
937.70953 58.0 16.167406
960.9301 58.0 16.56776
931.50024 58.0 16.060349
958.2292 58.0 16.521193
936.62964 58.0 16.148787
932.84985 58.0 16.083618
914.76013 58.0 15.771727
953.91 58.0 16.446724
972.8094 58.0 16.772575
930.15027 58.0 16.037073
944.4603 58.0 16.283798
906.1201 58.0 15.622761
920.16046 58.0 15.864836
950.4 58.0 16.386208
948.78046 58.0 16.358284
942.02985 58.0 16.241894
956.6098 58.0 16.493273
928.8007 58.0 16.013805
945.80994 58.0 16.307068
927.44965 58.0 15.990511
922.0499 58.0 15.897412
940.1399 58.0 16.209309
954.9897 58.0 16.46534
948.51056 58.0 16.35363
946.88995 58.0 16.32569
932.2899 58.999996 15.801525
899.05176 58.999996 15.238167
903.1053 58.999996 15.30687
917.4268 58.999996 15.549608
906.07806 58.999996 15.357256
911.2121 58.999996 15.444274
915.2653 58.999996 15.512973
932.0203 58.999996 15.796956
913.9146 58.999996 15.490079
889.5938 58.999996 15.077862
909.8607 58.999996 15.42137
951.47687 58.999996 16.126728
914.725 58.999996 15.503814
916.8873 58.999996 15.540464
928.7764 58.999996 15.741974
890.40466 58.999996 15.091605
913.64435 58.999996 15.485498
944.9905 58.999996 16.016788
920.67035 58.999996 15.604583
934.45154 58.999996 15.838162
912.5627 58.999996 15.467165
901.21326 58.999996 15.274802
911.2125 58.999996 15.444281
887.97217 58.999996 15.050377
914.45496 58.999996 15.499238
898.7814 58.999996 15.233583
924.99384 58.999996 15.677862
895.53876 58.999996 15.178624
931.47974 58.999996 15.787793
907.15845 58.999996 15.375568
927.4254 58.999996 15.719076
923.1018 58.999996 15.645794
914.4546 58.999996 15.499231
908.51 58.999996 15.398476
922.8319 58.999996 15.64122
913.91504 58.999996 15.490087
954.1783 58.999996 16.172514
890.6752 58.999996 15.09619
914.1845 58.999996 15.494654
920.94055 58.999996 15.609163
923.91296 58.999996 15.659543
881.5507 60.000004 14.692512
877.7698 60.000004 14.629496
892.0805 60.000004 14.868008
875.3406 60.000004 14.589008
893.1602 60.000004 14.886003
881.011 60.000004 14.683516
898.2898 60.000004 14.971496
885.87067 60.000004 14.76451
897.2108 60.000004 14.953512
880.47046 60.000004 14.674507
912.6 60.000004 15.209998
884.52026 60.000004 14.742003
880.2005 60.000004 14.670008
900.1804 60.000004 15.003006
883.9799 60.000004 14.732998
895.5902 60.000004 14.926502
888.29926 60.000004 14.804987
891.00006 60.000004 14.85
916.37964 60.000004 15.272993
891.26996 60.000004 14.854499
890.4599 60.000004 14.840998
891.5408 60.000004 14.859012
886.94995 60.000004 14.782498
897.20984 60.000004 14.953496
882.6303 60.000004 14.710505
906.92944 60.000004 15.11549
887.7598 60.000004 14.795996
899.1 60.000004 14.984999
868.5894 60.000004 14.476489
897.75 60.000004 14.962499
887.76 60.000004 14.796
896.40027 60.000004 14.940003
925.2896 60.000004 15.421493
910.17035 60.000004 15.169505
920.4296 60.000004 15.340493
901.80035 60.000004 15.0300045
890.99976 60.000004 14.849995
900.9898 60.000004 15.016496
883.71 60.000004 14.728499
915.29987 60.000004 15.254996
856.17017 60.000004 14.269502
871.8304 61.0 14.292301
882.3597 61.0 14.464912
881.28033 61.0 14.447219
895.5903 61.0 14.6818075
869.66956 61.0 14.256878
853.74 61.0 13.995738
890.73 61.0 14.602131
888.56934 61.0 14.56671
879.93054 61.0 14.425091
888.57007 61.0 14.566723
865.35 61.0 14.186066
885.6001 61.0 14.518034
881.01013 61.0 14.442789
884.52014 61.0 14.50033
878.0398 61.0 14.394095
905.5801 61.0 14.845575
871.0203 61.0 14.279021
875.06934 61.0 14.345399
876.6907 61.0 14.371979
866.4302 61.0 14.2037735
890.4605 61.0 14.597713
850.23035 61.0 13.938203
885.06006 61.0 14.509181
862.10986 61.0 14.132949
857.251 61.0 14.053295
884.7905 61.0 14.504763
872.64075 61.0 14.305586
881.0098 61.0 14.442784
882.9007 61.0 14.473782
858.0599 61.0 14.066555
877.5003 61.0 14.385251
865.8896 61.0 14.194911
847.26074 61.0 13.889521
870.75037 61.0 14.274596
895.8599 61.0 14.686229
895.0507 61.0 14.672962
875.0703 61.0 14.345415
886.9497 61.0 14.540159
894.23975 61.0 14.659668
875.8801 61.0 14.35869
856.44037 61.0 14.040006
853.74023 62.0 13.770003
862.11005 62.0 13.905001
855.0902 62.0 13.791778
841.32 62.0 13.569677
842.94006 62.0 13.595807
824.58075 62.0 13.299689
848.3402 62.0 13.682907
865.61975 62.0 13.961609
857.25055 62.0 13.826622
864.81006 62.0 13.948549
857.52045 62.0 13.830975
866.69977 62.0 13.979029
855.36035 62.0 13.796135
868.0498 62.0 14.000803
817.01996 62.0 13.177741
845.1005 62.0 13.630653
868.59 62.0 14.009517
828.9 62.0 13.369355
843.20996 62.0 13.600161
865.35016 62.0 13.957261
858.6003 62.0 13.848392
866.7001 62.0 13.979033
878.8506 62.0 14.17501
814.31976 62.0 13.13419
839.4303 62.0 13.539198
861.0303 62.0 13.887585
858.33 62.0 13.844032
859.1401 62.0 13.857098
842.4005 62.0 13.587105
864.8099 62.0 13.948546
826.4698 62.0 13.330158
849.42053 62.0 13.700331
838.3503 62.0 13.521779
854.55035 62.0 13.783071
844.56036 62.0 13.621942
869.4 62.0 14.022581
870.48047 62.0 14.040008
855.6303 62.0 13.800488
861.0301 62.0 13.887582
862.1103 62.0 13.9050045
847.8003 62.0 13.674198
832.14026 63.0 13.208575
841.3199 63.0 13.354284
828.6301 63.0 13.152859
832.41034 63.0 13.212863
848.61 63.0 13.469999
854.5504 63.0 13.564292
836.45953 63.0 13.277136
854.5498 63.0 13.564282
835.9202 63.0 13.268575
860.2196 63.0 13.65428
837.27026 63.0 13.290004
831.33014 63.0 13.195717
856.7101 63.0 13.598573
827.5503 63.0 13.135719
838.6199 63.0 13.311426
844.2902 63.0 13.401432
835.11035 63.0 13.25572
826.4701 63.0 13.118573
841.32 63.0 13.354286
844.0201 63.0 13.397144
846.7201 63.0 13.4400015
830.79034 63.0 13.187148
811.35 63.0 12.8785715
819.99005 63.0 13.015715
837.5406 63.0 13.294295
839.4299 63.0 13.324284
821.8802 63.0 13.045717
834.56995 63.0 13.247142
828.08984 63.0 13.144283
835.6503 63.0 13.264291
834.02985 63.0 13.238569
831.0605 63.0 13.191436
834.03033 63.0 13.238577
842.9401 63.0 13.380002
838.6196 63.0 13.311422
814.5904 63.0 12.930006
835.6502 63.0 13.264289
849.1498 63.0 13.478568
807.84033 63.0 12.822863
836.7303 63.0 13.281433
817.02057 63.0 12.96858
810.5408 64.0 12.6647
807.8401 64.0 12.622501
806.2204 64.0 12.597194
816.48004 64.0 12.757501
819.99084 64.0 12.812357
806.22034 64.0 12.597193
827.2806 64.0 12.926259
810.8099 64.0 12.668904
810.8102 64.0 12.668909
781.11035 64.0 12.204849
831.3302 64.0 12.989534
814.32 64.0 12.72375
815.40045 64.0 12.740632
830.51965 64.0 12.97687
785.4303 64.0 12.272348
816.48004 64.0 12.757501
812.16046 64.0 12.690007
814.8602 64.0 12.732191
800.8202 64.0 12.512815
796.7698 64.0 12.449528
809.4605 64.0 12.64782
818.9103 64.0 12.795473
809.1907 64.0 12.643604
811.08026 64.0 12.673129
816.2104 64.0 12.753287
829.98 64.0 12.968437
815.1307 64.0 12.736417
833.2202 64.0 13.019066
799.2004 64.0 12.487506
823.5005 64.0 12.867195
808.11053 64.0 12.626727
818.9099 64.0 12.795467
804.6002 64.0 12.571878
812.16003 64.0 12.690001
811.62024 64.0 12.681566
783.27 64.0 12.238594
796.2305 64.0 12.441102
822.1507 64.0 12.846105
808.1105 64.0 12.626726
794.0702 64.0 12.407347
814.8605 64.0 12.732195
790.56 65.0 12.162461
793.5302 65.0 12.208158
782.7297 65.0 12.041995
792.99005 65.0 12.199847
792.72015 65.0 12.195695
793.25964 65.0 12.203995
787.3205 65.0 12.112623
781.6501 65.0 12.025386
807.3 65.0 12.42
780.5704 65.0 12.008775
790.02045 65.0 12.1541605
800.28064 65.0 12.31201
807.0301 65.0 12.415848
772.20056 65.0 11.880009
796.7708 65.0 12.258013
768.96045 65.0 11.830161
788.3997 65.0 12.129227
795.9601 65.0 12.24554
774.09033 65.0 11.909082
770.85016 65.0 11.859233
784.0805 65.0 12.062777
789.74994 65.0 12.149999
773.0103 65.0 11.892467
777.8703 65.0 11.967236
782.4601 65.0 12.0378475
815.13043 65.0 12.540468
778.94995 65.0 11.983846
796.5003 65.0 12.253851
800.5504 65.0 12.31616
794.0704 65.0 12.216467
776.79034 65.0 11.950621
807.30005 65.0 12.420001
764.10016 65.0 11.755387
793.26025 65.0 12.204004
789.48065 65.0 12.145856
773.5505 65.0 11.900777
789.2111 65.0 12.141709
765.4502 65.0 11.776156
799.2004 65.0 12.29539
797.0401 65.0 12.262156
795.96045 65.0 12.245545
796.50024 66.0 12.068186
774.0902 66.0 11.72864
750.8701 66.0 11.37682
795.42053 66.0 12.0518265
751.6798 66.0 11.389088
764.91 66.0 11.589545
761.67017 66.0 11.540457
791.1005 66.0 11.986372
770.04034 66.0 11.667278
765.72046 66.0 11.601825
780.3001 66.0 11.822729
766.7997 66.0 11.618177
769.5006 66.0 11.659101
765.98975 66.0 11.605906
748.1702 66.0 11.335913
761.40045 66.0 11.53637
768.9603 66.0 11.650914
775.4407 66.0 11.749101
773.8201 66.0 11.724547
783.0006 66.0 11.863646
770.31055 66.0 11.671371
776.7905 66.0 11.769553
773.2805 66.0 11.716372
770.85034 66.0 11.67955
753.5703 66.0 11.417732
786.7803 66.0 11.920914
751.41016 66.0 11.385002
760.59076 66.0 11.524102
753.5701 66.0 11.417729
782.99976 66.0 11.863632
776.5198 66.0 11.765451
763.5605 66.0 11.569098
761.1302 66.0 11.532275
774.90063 66.0 11.740919
760.0502 66.0 11.515912
763.8307 66.0 11.573193
764.1001 66.0 11.577274
775.98016 66.0 11.757276
773.01013 66.0 11.712275
763.56006 66.0 11.569092
755.73035 66.0 11.4504595
754.3806 67.0 11.259412
754.11017 67.0 11.255376
756.5406 67.0 11.291651
737.37054 67.0 11.00553
751.1401 67.0 11.211046
737.37024 67.0 11.005526
764.0998 67.0 11.404474
746.8201 67.0 11.146569
751.4101 67.0 11.215076
754.9205 67.0 11.267469
736.2904 67.0 10.989409
739.2605 67.0 11.033739
743.04034 67.0 11.090155
762.48004 67.0 11.3803
756.54016 67.0 11.291644
760.5907 67.0 11.3521
758.7006 67.0 11.32389
736.5607 67.0 10.9934435
734.1298 67.0 10.957162
752.7604 67.0 11.2352295
773.2803 67.0 11.541496
761.40027 67.0 11.364183
731.1609 67.0 10.912849
753.56995 67.0 11.247313
736.2899 67.0 10.989402
735.48035 67.0 10.977319
740.3403 67.0 11.049855
732.2405 67.0 10.928963
765.1801 67.0 11.420599
755.4605 67.0 11.27553
750.0602 67.0 11.194928
737.9101 67.0 11.013583
760.3204 67.0 11.348065
740.34 67.0 11.049851
756.5405 67.0 11.29165
734.40076 67.0 10.9612055
750.0603 67.0 11.19493
741.4205 67.0 11.065977
750.87103 67.0 11.20703
745.47034 67.0 11.126423
756.27075 67.0 11.287623
721.7106 68.0 10.613391
738.1803 68.0 10.855593
701.4603 68.0 10.315593
728.19 68.0 10.708676
750.601 68.0 11.03825
721.44055 68.0 10.60942
739.5302 68.0 10.875444
722.79016 68.0 10.629267
736.02026 68.0 10.823828
710.37006 68.0 10.446618
723.6003 68.0 10.641181
736.0199 68.0 10.823822
736.8307 68.0 10.835746
716.3102 68.0 10.533974
735.75055 68.0 10.819861
721.44073 68.0 10.609423
723.6 68.0 10.641176
735.75 68.0 10.819853
725.75995 68.0 10.67294
748.9798 68.0 11.014409
733.3207 68.0 10.784127
734.39984 68.0 10.799997
739.8002 68.0 10.879415
719.2802 68.0 10.57765
740.3406 68.0 10.887362
714.4203 68.0 10.506181
733.8602 68.0 10.792062
713.34 68.0 10.490294
727.6498 68.0 10.700732
739.8004 68.0 10.879417
742.5003 68.0 10.919122
725.2203 68.0 10.665004
730.0803 68.0 10.736475
732.7804 68.0 10.776182
706.05005 68.0 10.383089
734.1303 68.0 10.796034
733.04987 68.0 10.780145
723.3303 68.0 10.637211
740.0703 68.0 10.883387
736.29034 68.0 10.827799
731.9703 68.0 10.764269
729.8105 69.0 10.576963
705.2405 69.0 10.220877
718.47034 69.0 10.412614
691.7405 69.0 10.025225
707.6703 69.0 10.256091
707.9402 69.0 10.260003
710.37036 69.0 10.295222
735.4806 69.0 10.659139
707.6702 69.0 10.25609
693.63 69.0 10.0526085
694.98047 69.0 10.072181
719.5502 69.0 10.428264
695.25073 69.0 10.0760975
705.78076 69.0 10.228706
705.2406 69.0 10.220879
688.50037 69.0 9.978266
705.5106 69.0 10.224792
715.50037 69.0 10.369571
689.03986 69.0 9.986085
728.19025 69.0 10.553482
716.8503 69.0 10.389134
706.86005 69.0 10.244349
697.41034 69.0 10.107396
712.8001 69.0 10.330437
690.1199 69.0 10.001738
693.36035 69.0 10.0487
708.21045 69.0 10.26392
691.2005 69.0 10.017399
707.6703 69.0 10.256091
706.3202 69.0 10.236525
710.36993 69.0 10.295217
717.93024 69.0 10.404786
709.5601 69.0 10.28348
696.3303 69.0 10.091743
702.00006 69.0 10.173914
707.4001 69.0 10.252175
700.3801 69.0 10.150436
688.23047 69.0 9.974355
714.4203 69.0 10.353917
701.7305 69.0 10.170008
719.2804 69.0 10.424354
674.46 70.0 9.635143
679.59033 70.0 9.708433
674.7302 70.0 9.639003
678.2402 70.0 9.689145
701.7299 70.0 10.0247135
667.9803 70.0 9.542576
664.7403 70.0 9.49629
678.2402 70.0 9.689145
685.8009 70.0 9.797155
655.2902 70.0 9.361289
690.3905 70.0 9.862721
677.43 70.0 9.677571
673.3804 70.0 9.6197195
705.2405 70.0 10.074864
695.52026 70.0 9.936004
671.7606 70.0 9.5965805
691.47015 70.0 9.878145
678.78033 70.0 9.696862
676.0804 70.0 9.658291
666.63025 70.0 9.52329
692.2804 70.0 9.88972
688.77057 70.0 9.83958
689.3102 70.0 9.847288
696.6003 70.0 9.951432
679.86017 70.0 9.712288
686.87976 70.0 9.812568
680.1306 70.0 9.716151
693.0899 70.0 9.901284
688.50055 70.0 9.835722
682.01996 70.0 9.743142
689.0404 70.0 9.843434
695.79047 70.0 9.939864
694.4397 70.0 9.9205675
678.24054 70.0 9.689151
673.6506 70.0 9.62358
674.72986 70.0 9.638998
678.78015 70.0 9.696859
686.34045 70.0 9.804864
685.5304 70.0 9.793291
683.10016 70.0 9.758574
709.82983 70.0 10.140427
665.8202 71.0 9.377749
645.30035 71.0 9.0887375
646.9199 71.0 9.111548
649.6207 71.0 9.149588
658.8001 71.0 9.278874
662.0398 71.0 9.324504
665.5502 71.0 9.373946
685.53 71.0 9.655353
651.7799 71.0 9.179998
660.6904 71.0 9.305499
643.95044 71.0 9.069724
664.7405 71.0 9.362542
679.05054 71.0 9.564092
649.0803 71.0 9.141976
664.2004 71.0 9.354935
650.1606 71.0 9.157191
674.73016 71.0 9.503242
664.4703 71.0 9.358736
659.6103 71.0 9.290286
660.6905 71.0 9.3055
657.1801 71.0 9.256058
673.11005 71.0 9.480423
643.6807 71.0 9.065926
646.1102 71.0 9.100144
651.51 71.0 9.176197
674.73016 71.0 9.503242
662.31036 71.0 9.328315
655.29004 71.0 9.229437
657.9902 71.0 9.2674675
654.4806 71.0 9.218037
670.95013 71.0 9.450002
656.1002 71.0 9.240849
656.91 71.0 9.252254
651.78064 71.0 9.180009
661.5005 71.0 9.316908
668.5203 71.0 9.415779
660.14954 71.0 9.297881
659.61035 71.0 9.290287
660.4201 71.0 9.301692
660.1502 71.0 9.297891
671.2203 71.0 9.453807
642.6001 72.0 8.925001
640.7102 72.0 8.898753
642.8705 72.0 8.928757
629.10077 72.0 8.737511
649.89026 72.0 9.026254
639.90027 72.0 8.887504
658.80054 72.0 9.150007
651.7808 72.0 9.052511
621.27 72.0 8.62875
634.77014 72.0 8.816252
627.4812 72.0 8.715016
646.65027 72.0 8.981254
655.2907 72.0 9.10126
636.66016 72.0 8.842503
660.6903 72.0 9.176254
638.2805 72.0 8.865007
641.5201 72.0 8.910001
622.08 72.0 8.64
644.7599 72.0 8.954998
648.54047 72.0 9.007506
639.3602 72.0 8.880003
636.93005 72.0 8.846251
655.5604 72.0 9.105006
642.06024 72.0 8.917503
621.8103 72.0 8.636254
653.66986 72.0 9.078748
635.8502 72.0 8.831253
649.6203 72.0 9.022504
633.1505 72.0 8.793757
658.8003 72.0 9.150004
640.4403 72.0 8.895004
634.2301 72.0 8.808751
634.50006 72.0 8.812501
648.00024 72.0 9.000004
643.1402 72.0 8.932503
636.66034 72.0 8.8425045
638.5502 72.0 8.8687525
642.6001 72.0 8.925001
632.0705 72.0 8.778757
636.66 72.0 8.8425
636.92975 72.0 8.846247
608.8505 73.0 8.340418
614.5197 73.0 8.418078
614.7905 73.0 8.421788
622.3504 73.0 8.525348
607.5002 73.0 8.32192
611.8205 73.0 8.381103
613.9801 73.0 8.4106865
614.5202 73.0 8.418085
614.2499 73.0 8.414382
618.30023 73.0 8.469866
624.78046 73.0 8.558637
621.8105 73.0 8.517952
624.77985 73.0 8.558628
609.9301 73.0 8.355207
608.5801 73.0 8.336714
630.4508 73.0 8.6363125
608.58057 73.0 8.33672
612.6302 73.0 8.392195
629.6405 73.0 8.625213
608.5803 73.0 8.336717
628.8304 73.0 8.614115
608.31036 73.0 8.333018
619.6503 73.0 8.48836
621.0006 73.0 8.506858
632.34045 73.0 8.662198
620.7303 73.0 8.503155
608.04004 73.0 8.329315
599.6703 73.0 8.214662
622.35004 73.0 8.525343
606.9607 73.0 8.31453
629.1006 73.0 8.617816
625.86 73.0 8.573424
626.13043 73.0 8.577129
619.65027 73.0 8.488359
639.9007 73.0 8.765763
607.77045 73.0 8.325623
589.9502 73.0 8.08151
602.1 73.0 8.247945
625.59033 73.0 8.569731
611.2798 73.0 8.373695
610.47003 73.0 8.362603
600.20996 74.0 8.110946
596.9702 74.0 8.067165
596.4302 74.0 8.059867
617.49036 74.0 8.344464
588.3302 74.0 7.950408
582.9302 74.0 7.8774347
615.6 74.0 8.318918
609.9306 74.0 8.242306
608.31006 74.0 8.220407
603.99036 74.0 8.162032
584.2803 74.0 7.8956795
586.7102 74.0 7.9285164
595.3501 74.0 8.045272
576.9902 74.0 7.7971644
586.44 74.0 7.924865
575.1001 74.0 7.771623
605.0702 74.0 8.176624
587.79016 74.0 7.9431105
597.78015 74.0 8.07811
592.6501 74.0 8.008785
588.8703 74.0 7.9577065
596.9704 74.0 8.067167
601.83026 74.0 8.132841
601.0202 74.0 8.121895
602.37054 74.0 8.140142
595.3501 74.0 8.045272
588.3304 74.0 7.9504104
586.9806 74.0 7.93217
603.72 74.0 8.158378
591.5701 74.0 7.9941907
568.89 74.0 7.6877027
599.94025 74.0 8.107301
589.1401 74.0 7.9613523
581.8502 74.0 7.862841
592.10986 74.0 8.001485
603.4505 74.0 8.1547365
592.92017 74.0 8.012435
575.3703 74.0 7.7752743
605.6104 74.0 8.183925
611.0104 74.0 8.256897
594.2703 74.0 8.03068
581.03973 75.0 7.747196
586.44 75.0 7.8192
598.8605 75.0 7.9848065
572.6701 75.0 7.6356015
574.02 75.0 7.6536
581.31067 75.0 7.7508087
570.5104 75.0 7.6068053
578.07025 75.0 7.707603
573.48016 75.0 7.646402
566.7301 75.0 7.5564017
574.2903 75.0 7.6572037
558.3602 75.0 7.444803
586.44 75.0 7.8192
565.10974 75.0 7.534796
561.33 75.0 7.4844003
569.43005 75.0 7.592401
555.65985 75.0 7.4087977
591.03046 75.0 7.8804064
557.2801 75.0 7.430401
566.19073 75.0 7.5492096
569.70026 75.0 7.596003
570.24023 75.0 7.6032033
572.40027 75.0 7.6320033
575.37054 75.0 7.6716075
572.4004 75.0 7.632005
584.8202 75.0 7.797602
575.64026 75.0 7.6752033
578.8798 75.0 7.7183976
581.5798 75.0 7.754397
562.68005 75.0 7.5024004
581.5805 75.0 7.7544065
556.74023 75.0 7.423203
572.6701 75.0 7.6356015
570.51 75.0 7.6068
567.0001 75.0 7.5600014
578.34015 75.0 7.7112017
577.8 75.0 7.7039995
572.4001 75.0 7.6320014
574.5601 75.0 7.6608014
575.1002 75.0 7.668003
572.67 75.0 7.6356
545.67035 76.0 7.179873
560.52 76.0 7.375263
554.5804 76.0 7.2971106
568.0801 76.0 7.4747376
560.51996 76.0 7.3752627
555.6601 76.0 7.311317
556.73987 76.0 7.325525
564.57025 76.0 7.428556
561.60004 76.0 7.3894744
558.0906 76.0 7.343297
557.55035 76.0 7.336189
530.81995 76.0 6.984473
561.3299 76.0 7.38592
546.2102 76.0 7.1869764
564.03046 76.0 7.421453
548.6397 76.0 7.2189436
554.8503 76.0 7.3006616
565.9202 76.0 7.446319
524.88025 76.0 6.9063187
543.7801 76.0 7.155001
560.25 76.0 7.3717103
546.2101 76.0 7.186975
554.58014 76.0 7.2971067
560.51996 76.0 7.3752627
556.4701 76.0 7.3219748
551.3399 76.0 7.2544727
547.02026 76.0 7.197635
554.03986 76.0 7.289998
549.4505 76.0 7.229612
555.12054 76.0 7.3042173
553.2301 76.0 7.279343
564.84 76.0 7.4321055
549.44977 76.0 7.229602
545.13007 76.0 7.1727643
554.30975 76.0 7.293549
542.70013 76.0 7.1407914
565.6501 76.0 7.4427643
553.49994 76.0 7.282894
565.11035 76.0 7.4356627
558.3605 76.0 7.346848
551.3402 76.0 7.2544765
524.6103 77.0 6.8131204
519.48004 77.0 6.7464943
524.0699 77.0 6.8061023
531.0899 77.0 6.897271
533.5202 77.0 6.928834
531.63055 77.0 6.904293
528.66034 77.0 6.8657184
534.06024 77.0 6.9358473
517.31995 77.0 6.718441
541.89044 77.0 7.0375385
533.25024 77.0 6.925328
534.06067 77.0 6.9358525
536.76044 77.0 6.970915
515.16016 77.0 6.6903915
534.60046 77.0 6.942863
531.0901 77.0 6.897274
526.49994 77.0 6.8376617
533.2501 77.0 6.9253263
520.28986 77.0 6.7570114
534.0601 77.0 6.9358454
533.2502 77.0 6.9253273
534.06 77.0 6.9358444
532.71045 77.0 6.9183173
532.7101 77.0 6.918313
536.2202 77.0 6.9638987
518.9401 77.0 6.7394824
530.82043 77.0 6.8937716
539.19006 77.0 7.002468
533.25055 77.0 6.9253316
520.5604 77.0 6.7605247
518.13 77.0 6.7289615
517.0501 77.0 6.7149363
538.1099 77.0 6.9884405
528.9301 77.0 6.8692226
534.3302 77.0 6.9393535
522.71967 77.0 6.788567
536.22 77.0 6.963896
526.2295 77.0 6.8341494
522.72015 77.0 6.7885737
539.1902 77.0 7.00247
520.83026 77.0 6.764029
513.59955 78.0 6.5846095
491.1748 78.0 6.297113
506.5749 78.0 6.4945498
500.63104 78.0 6.418347
486.04156 78.0 6.2313023
515.76074 78.0 6.612317
511.97827 78.0 6.563824
519.5431 78.0 6.660809
518.19226 78.0 6.643491
504.1436 78.0 6.4633794
498.74 78.0 6.3941026
501.1711 78.0 6.4252706
514.9502 78.0 6.6019254
502.79233 78.0 6.4460554
519.0028 78.0 6.653882
518.19196 78.0 6.643487
505.49448 78.0 6.4806986
516.0312 78.0 6.615784
514.40985 78.0 6.594998
498.46982 78.0 6.390639
507.38568 78.0 6.504945
502.25195 78.0 6.4391274
514.9503 78.0 6.6019273
505.4939 78.0 6.480691
508.7365 78.0 6.522263
508.73636 78.0 6.522261
521.7045 78.0 6.68852
512.5186 78.0 6.570751
496.3084 78.0 6.3629284
507.38522 78.0 6.5049386
517.6516 78.0 6.636559
516.30096 78.0 6.619243
486.58206 78.0 6.2382317
502.25198 78.0 6.439128
512.5187 78.0 6.570752
515.2203 78.0 6.605388
515.4908 78.0 6.608856
518.19214 78.0 6.643489
510.89774 78.0 6.549971
503.33325 78.0 6.4529905
523.0558 78.0 6.7058434
490.32025 79.0 6.2065854
487.08026 79.0 6.165573
481.9499 79.0 6.1006317
492.2102 79.0 6.230509
482.7597 79.0 6.1108823
486.2701 79.0 6.155318
487.62018 79.0 6.172407
475.47 79.0 6.0186076
497.88007 79.0 6.3022795
490.05 79.0 6.2031646
491.6701 79.0 6.2236724
460.35004 79.0 5.8272157
494.09995 79.0 6.25443
476.28 79.0 6.0288606
503.82007 79.0 6.377469
480.05975 79.0 6.076706
502.20004 79.0 6.3569627
484.6501 79.0 6.1348114
485.4598 79.0 6.145061
470.60965 79.0 5.957084
491.13013 79.0 6.216837
491.12988 79.0 6.216834
479.2501 79.0 6.066457
484.38013 79.0 6.131394
483.84048 79.0 6.124563
491.13007 79.0 6.2168365
476.54987 79.0 6.0322766
483.0301 79.0 6.114305
479.52023 79.0 6.069876
477.35995 79.0 6.042531
486.27026 79.0 6.1553197
481.68 79.0 6.097215
481.14014 79.0 6.0903816
502.7404 79.0 6.3638024
477.9 79.0 6.049367
482.75986 79.0 6.110884
487.89008 79.0 6.1758237
480.60025 79.0 6.0835476
485.72992 79.0 6.14848
497.0704 79.0 6.2920303
486.00034 79.0 6.151903
466.82996 80.0 5.8353744
463.31976 80.0 5.791497
471.15027 80.0 5.8893785
471.68982 80.0 5.896123
475.20007 80.0 5.940001
472.50015 80.0 5.906252
465.74997 80.0 5.8218746
456.56982 80.0 5.707123
467.36984 80.0 5.842123
457.1101 80.0 5.7138762
453.86987 80.0 5.673373
457.38025 80.0 5.717253
461.97003 80.0 5.7746253
458.46045 80.0 5.730756
465.20993 80.0 5.815124
470.87982 80.0 5.885998
458.18982 80.0 5.7273726
455.21976 80.0 5.690247
466.0202 80.0 5.8252525
474.6601 80.0 5.9332514
448.73993 80.0 5.609249
457.64978 80.0 5.720622
460.08023 80.0 5.751003
451.17 80.0 5.639625
461.4298 80.0 5.767873
462.7799 80.0 5.784749
468.71997 80.0 5.8589997
468.45004 80.0 5.8556256
473.8501 80.0 5.923126
465.47986 80.0 5.818498
470.60977 80.0 5.8826222
466.8303 80.0 5.8353786
473.84995 80.0 5.9231243
453.06027 80.0 5.6632533
460.61987 80.0 5.7577486
461.9699 80.0 5.774624
444.96008 80.0 5.562001
471.41965 80.0 5.8927455
470.88 80.0 5.886
452.51965 80.0 5.6564956
456.57007 80.0 5.7071257
445.22983 81.0 5.4966645
438.48004 81.0 5.413334
443.06967 81.0 5.469996
438.47992 81.0 5.4133325
439.29004 81.0 5.4233336
435.50995 81.0 5.376666
449.2799 81.0 5.5466657
441.71982 81.0 5.453331
435.78006 81.0 5.3800006
441.17978 81.0 5.446664
445.7702 81.0 5.503336
436.04974 81.0 5.3833303
449.81995 81.0 5.553333
449.27972 81.0 5.5466633
449.00986 81.0 5.5433316
453.33 81.0 5.5966663
444.14993 81.0 5.4833326
440.10004 81.0 5.433334
451.16974 81.0 5.569997
434.69983 81.0 5.3666644
449.55045 81.0 5.5500054
441.71982 81.0 5.453331
448.73984 81.0 5.539998
438.7499 81.0 5.4166656
443.06985 81.0 5.4699984
444.69003 81.0 5.4900002
439.5598 81.0 5.4266644
444.4198 81.0 5.4866643
444.14957 81.0 5.483328
439.8296 81.0 5.429995
434.16003 81.0 5.3600006
442.53018 81.0 5.4633355
444.15 81.0 5.483333
433.62006 81.0 5.353334
446.04004 81.0 5.506667
428.7597 81.0 5.2933297
439.56006 81.0 5.426667
432.5398 81.0 5.3399973
426.59958 81.0 5.2666616
433.3499 81.0 5.349999
457.10986 81.0 5.6433315
427.67984 82.0 5.2156076
423.35974 82.0 5.162924
413.9097 82.0 5.0476794
421.47003 82.0 5.1398783
429.8399 82.0 5.24195
427.40973 82.0 5.2123137
418.49963 82.0 5.103654
420.11978 82.0 5.123412
399.86984 82.0 4.8764615
417.68982 82.0 5.093778
410.9398 82.0 5.011461
426.06012 82.0 5.195855
407.42972 82.0 4.968655
422.27985 82.0 5.149754
422.5499 82.0 5.1530476
411.21002 82.0 5.014756
417.14966 82.0 5.087191
427.68002 82.0 5.21561
428.48965 82.0 5.2254834
416.6098 82.0 5.0806074
416.87982 82.0 5.0839005
413.64005 82.0 5.0443907
423.9 82.0 5.1695123
424.7096 82.0 5.179385
428.75967 82.0 5.2287765
426.60007 82.0 5.20244
405.54004 82.0 4.94561
408.23962 82.0 4.978532
410.93976 82.0 5.0114603
414.18008 82.0 5.0509768
418.23 82.0 5.100366
409.05005 82.0 4.9884152
420.11978 82.0 5.123412
419.84964 82.0 5.1201177
428.75974 82.0 5.2287774
425.78973 82.0 5.192558
403.1099 82.0 4.915974
429.57016 82.0 5.2386603
415.25977 82.0 5.0641437
418.22974 82.0 5.100363
419.30975 82.0 5.1135335
395.81967 83.0 4.768912
393.11975 83.0 4.7363825
406.34946 83.0 4.8957767
393.6597 83.0 4.742888
393.9298 83.0 4.7461424
383.66968 83.0 4.622526
392.84967 83.0 4.7331285
403.10977 83.0 4.8567443
398.2498 83.0 4.79819
395.00986 83.0 4.759155
397.17 83.0 4.785181
397.4397 83.0 4.78843
384.74963 83.0 4.6355376
393.12 83.0 4.7363853
414.9896 83.0 4.9998746
393.6598 83.0 4.742889
382.58957 83.0 4.609513
405.80978 83.0 4.8892746
404.45966 83.0 4.873008
402.29984 83.0 4.846986
403.6498 83.0 4.8632507
396.89984 83.0 4.7819257
387.1798 83.0 4.664817
392.30966 83.0 4.7266226
398.78983 83.0 4.8046966
394.19992 83.0 4.749397
388.25967 83.0 4.6778274
396.08984 83.0 4.7721667
386.90973 83.0 4.661563
394.73956 83.0 4.7558985
389.60977 83.0 4.6940937
404.18973 83.0 4.8697557
390.69 83.0 4.7071085
392.03976 83.0 4.7233706
397.16998 83.0 4.7851806
405.80984 83.0 4.889275
400.6796 83.0 4.827465
399.5999 83.0 4.814457
399.59973 83.0 4.8144546
396.08972 83.0 4.7721653
386.90997 83.0 4.661566
383.39954 84.0 4.56428
390.14975 84.0 4.64464
383.39993 84.0 4.564285
366.92984 84.0 4.368212
371.78973 84.0 4.4260683
377.72955 84.0 4.4967804
377.72983 84.0 4.4967837
373.9498 84.0 4.451783
360.4498 84.0 4.291069
369.35968 84.0 4.397139
366.38986 84.0 4.361784
368.54974 84.0 4.387497
373.67975 84.0 4.4485683
379.8898 84.0 4.5224977
374.75977 84.0 4.461426
375.02966 84.0 4.4646387
367.73984 84.0 4.3778553
363.68994 84.0 4.3296423
373.40973 84.0 4.445354
373.40973 84.0 4.445354
383.39948 84.0 4.5642796
378.26984 84.0 4.5032125
375.83975 84.0 4.4742827
365.84976 84.0 4.3553543
378.80984 84.0 4.509641
364.4996 84.0 4.339281
366.38986 84.0 4.361784
382.04977 84.0 4.5482116
373.1399 84.0 4.4421415
375.02945 84.0 4.4646363
378.5395 84.0 4.5064225
374.4897 84.0 4.4582105
372.86984 84.0 4.4389267
375.02972 84.0 4.4646397
374.7596 84.0 4.461424
368.2798 84.0 4.384283
377.9996 84.0 4.499995
379.88956 84.0 4.522495
363.9598 84.0 4.3328547
375.2995 84.0 4.467851
372.3298 84.0 4.4324975
360.98978 85.0 4.2469387
358.28986 85.0 4.2151747
354.23984 85.0 4.1675277
353.4297 85.0 4.157996
355.8598 85.0 4.186586
358.28967 85.0 4.215173
348.02972 85.0 4.094467
337.2297 85.0 3.9674082
345.86945 85.0 4.069052
358.0195 85.0 4.211994
350.18997 85.0 4.119882
348.29977 85.0 4.0976443
354.5097 85.0 4.1707025
350.1899 85.0 4.119881
348.29965 85.0 4.097643
349.37964 85.0 4.1103487
350.99954 85.0 4.1294065
358.28967 85.0 4.215173
348.02975 85.0 4.0944676
345.59958 85.0 4.0658774
353.42993 85.0 4.157999
352.3496 85.0 4.1452894
352.61963 85.0 4.148466
353.42993 85.0 4.157999
344.78964 85.0 4.056349
348.02963 85.0 4.094466
339.38968 85.0 3.9928198
352.8898 85.0 4.1516447
351.2698 85.0 4.132586
357.7496 85.0 4.208819
353.42963 85.0 4.1579957
350.9998 85.0 4.1294093
353.1597 85.0 4.15482
352.61954 85.0 4.148465
343.43954 85.0 4.0404654
347.2197 85.0 4.0849376
346.6797 85.0 4.0785847
353.4298 85.0 4.1579976
346.9498 85.0 4.0817623
345.86963 85.0 4.0690546
355.0499 85.0 4.1770577
327.7796 86.0 3.8113906
316.7099 86.0 3.6826732
323.1899 86.0 3.758022
332.63962 86.0 3.8679025
330.20978 86.0 3.8396485
330.20966 86.0 3.839647
339.11972 86.0 3.9432526
338.57956 86.0 3.9369717
331.82983 86.0 3.8584864
328.04953 86.0 3.8145294
334.53 86.0 3.8898838
325.3498 86.0 3.783137
332.63965 86.0 3.867903
332.90964 86.0 3.8710423
331.28946 86.0 3.8522031
326.15985 86.0 3.7925565
325.88983 86.0 3.7894166
329.3994 86.0 3.8302257
326.9697 86.0 3.8019733
329.12973 86.0 3.82709
326.42996 86.0 3.7956972
333.44974 86.0 3.8773224
329.67007 86.0 3.8333728
320.75992 86.0 3.7297664
322.91965 86.0 3.7548797
324.80966 86.0 3.7768567
319.67972 86.0 3.717206
335.6097 86.0 3.9024386
329.1298 86.0 3.8270907
331.2897 86.0 3.8522058
331.55966 86.0 3.855345
328.04974 86.0 3.814532
332.09988 86.0 3.8616264
338.3097 86.0 3.9338336
331.0198 86.0 3.8490674
329.3997 86.0 3.830229
334.79953 86.0 3.8930178
323.18988 86.0 3.7580218
325.0798 86.0 3.7799976
322.64987 86.0 3.7517428
321.56967 86.0 3.7391822
298.8897 87.0 3.435514
301.04965 87.0 3.460341
308.60986 87.0 3.5472398
306.17987 87.0 3.5193088
317.2498 87.0 3.6465492
308.87955 87.0 3.5503395
304.5598 87.0 3.5006876
309.15 87.0 3.5534482
304.01987 87.0 3.494481
306.71964 87.0 3.525513
305.09982 87.0 3.5068946
309.1496 87.0 3.5534437
312.1199 87.0 3.587585
304.2894 87.0 3.4975793
309.4197 87.0 3.5565484
296.1897 87.0 3.4044793
306.17963 87.0 3.519306
309.41977 87.0 3.556549
301.85974 87.0 3.4696522
317.51947 87.0 3.6496491
303.20978 87.0 3.48517
308.33963 87.0 3.5441337
312.1198 87.0 3.587584
305.63995 87.0 3.5131028
308.60986 87.0 3.5472398
300.5098 87.0 3.4541354
308.60962 87.0 3.547237
301.8599 87.0 3.469654
298.88965 87.0 3.4355133
317.51965 87.0 3.6496513
295.37982 87.0 3.3951702
309.6897 87.0 3.5596516
300.50986 87.0 3.4541361
295.3798 87.0 3.39517
315.89954 87.0 3.6310291
305.09967 87.0 3.506893
305.09995 87.0 3.5068958
301.0496 87.0 3.46034
303.74957 87.0 3.4913743
301.58975 87.0 3.466549
315.08972 87.0 3.621721
279.4497 88.0 3.1755648
290.7897 88.0 3.3044283
285.1199 88.0 3.239999
282.1499 88.0 3.206249
283.49973 88.0 3.221588
276.20972 88.0 3.1387467
274.04977 88.0 3.114202
274.85986 88.0 3.1234074
288.0896 88.0 3.2737455
292.13965 88.0 3.319769
286.46988 88.0 3.2553394
285.38974 88.0 3.2430654
289.70987 88.0 3.2921576
281.06976 88.0 3.1939745
286.19974 88.0 3.2522697
283.2297 88.0 3.2185194
280.79965 88.0 3.190905
277.8297 88.0 3.157156
284.30984 88.0 3.2307937
285.92975 88.0 3.2492015
279.1799 88.0 3.172499
281.87973 88.0 3.203179
283.76993 88.0 3.2246583
283.49963 88.0 3.2215867
285.38977 88.0 3.2430656
272.9697 88.0 3.1019285
287.2797 88.0 3.2645419
284.30988 88.0 3.230794
285.11972 88.0 3.2399967
279.7197 88.0 3.178633
281.33972 88.0 3.1970422
284.84988 88.0 3.2369304
271.34985 88.0 3.0835211
278.3698 88.0 3.1632934
272.15982 88.0 3.0927253
288.35956 88.0 3.2768133
278.3696 88.0 3.163291
278.09988 88.0 3.1602259
288.89975 88.0 3.2829516
276.20972 88.0 3.1387467
268.10962 88.0 3.0467002
253.2599 89.0 2.8456168
264.59982 89.0 2.9730318
266.48962 89.0 2.9942656
255.68987 89.0 2.8729198
263.78983 89.0 2.9639306
255.14983 89.0 2.866852
258.11984 89.0 2.900223
268.10977 89.0 3.0124693
259.19962 89.0 2.9123552
249.74979 89.0 2.8061774
263.51984 89.0 2.960897
263.78986 89.0 2.963931
258.9297 89.0 2.9093225
259.46982 89.0 2.9153912
265.67975 89.0 2.9851656
268.9199 89.0 3.0215719
258.11972 89.0 2.9002216
263.24966 89.0 2.9578614
264.86948 89.0 2.9760616
256.22958 89.0 2.8789842
259.46973 89.0 2.9153903
265.67987 89.0 2.985167
249.4798 89.0 2.8031437
257.8497 89.0 2.8971877
257.84973 89.0 2.897188
266.2196 89.0 2.9912314
262.9797 89.0 2.9548283
263.24973 89.0 2.9578621
263.24976 89.0 2.9578624
264.0597 89.0 2.9669628
258.92984 89.0 2.909324
262.9797 89.0 2.954828
261.6298 89.0 2.9396605
267.83957 89.0 3.0094335
260.27972 89.0 2.9244912
265.67963 89.0 2.9851644
262.70978 89.0 2.9517953
268.64987 89.0 3.018538
260.27972 89.0 2.9244912
260.81982 89.0 2.9305599
251.9098 89.0 2.8304472
234.62984 90.0 2.6069982
236.78992 90.0 2.630999
237.05994 90.0 2.6339993
242.18976 90.0 2.6909974
240.83977 90.0 2.6759975
233.5498 90.0 2.594998
235.43974 90.0 2.615997
237.05997 90.0 2.6339996
234.62985 90.0 2.6069984
239.48969 90.0 2.6609964
239.21973 90.0 2.657997
233.2799 90.0 2.591999
239.48979 90.0 2.6609976
236.5198 90.0 2.6279979
233.54988 90.0 2.5949986
246.77983 90.0 2.7419982
241.37987 90.0 2.6819985
242.72978 90.0 2.6969976
234.62982 90.0 2.606998
238.4098 90.0 2.6489978
236.51985 90.0 2.6279984
237.59975 90.0 2.6399972
231.92978 90.0 2.5769975
234.89973 90.0 2.609997
242.18982 90.0 2.690998
237.59984 90.0 2.6399982
237.59988 90.0 2.6399987
236.5198 90.0 2.6279979
240.83966 90.0 2.6759963
234.89986 90.0 2.6099985
236.78987 90.0 2.6309986
231.6599 90.0 2.573999
235.97974 90.0 2.621997
232.73975 90.0 2.585997
244.61978 90.0 2.7179976
238.4098 90.0 2.6489978
237.3299 90.0 2.636999
230.30988 90.0 2.5589986
241.1098 90.0 2.6789978
242.7297 90.0 2.6969967
234.62988 90.0 2.6069987
