135.0 1.0 135.0
135.0 1.0 135.0
135.0 1.0 135.0
135.0 1.0 135.0
134.73001 1.0 134.73001
135.0 1.0 135.0
135.0 1.0 135.0
135.0 1.0 135.0
134.73001 1.0 134.73001
134.73001 1.0 134.73001
135.0 1.0 135.0
135.0 1.0 135.0
135.0 1.0 135.0
133.65 1.0 133.65
135.0 1.0 135.0
134.45999 1.0 134.45999
135.0 1.0 135.0
135.0 1.0 135.0
134.73001 1.0 134.73001
135.0 1.0 135.0
135.0 1.0 135.0
134.45999 1.0 134.45999
135.0 1.0 135.0
135.0 1.0 135.0
135.0 1.0 135.0
135.0 1.0 135.0
135.0 1.0 135.0
134.45999 1.0 134.45999
135.0 1.0 135.0
135.0 1.0 135.0
135.0 1.0 135.0
135.0 1.0 135.0
135.0 1.0 135.0
135.0 1.0 135.0
135.0 1.0 135.0
135.0 1.0 135.0
134.73001 1.0 134.73001
135.0 1.0 135.0
135.0 1.0 135.0
134.73001 1.0 134.73001
135.0 1.0 135.0
268.91998 2.0 134.45999
270.0 2.0 135.0
270.0 2.0 135.0
269.73 2.0 134.865
270.0 2.0 135.0
270.0 2.0 135.0
270.0 2.0 135.0
269.46002 2.0 134.73001
269.73 2.0 134.865
270.0 2.0 135.0
270.0 2.0 135.0
270.0 2.0 135.0
269.73 2.0 134.865
269.73 2.0 134.865
270.0 2.0 135.0
270.0 2.0 135.0
270.0 2.0 135.0
269.46002 2.0 134.73001
270.0 2.0 135.0
270.0 2.0 135.0
270.0 2.0 135.0
270.0 2.0 135.0
270.0 2.0 135.0
269.73 2.0 134.865
269.73 2.0 134.865
270.0 2.0 135.0
270.0 2.0 135.0
269.19 2.0 134.595
270.0 2.0 135.0
270.0 2.0 135.0
269.19 2.0 134.595
269.46002 2.0 134.73001
269.46002 2.0 134.73001
270.0 2.0 135.0
269.73 2.0 134.865
270.0 2.0 135.0
270.0 2.0 135.0
269.73 2.0 134.865
270.0 2.0 135.0
270.0 2.0 135.0
270.0 2.0 135.0
405.0 3.0 135.0
405.0 3.0 135.0
405.0 3.0 135.0
404.73 3.0 134.91
405.0 3.0 135.0
405.0 3.0 135.0
404.73 3.0 134.91
405.0 3.0 135.0
404.19003 3.0 134.73001
405.0 3.0 135.0
405.0 3.0 135.0
405.0 3.0 135.0
405.0 3.0 135.0
405.0 3.0 135.0
404.73 3.0 134.91
405.0 3.0 135.0
404.73 3.0 134.91
405.0 3.0 135.0
405.0 3.0 135.0
405.0 3.0 135.0
404.73 3.0 134.91
404.46002 3.0 134.82
404.73 3.0 134.91
404.19003 3.0 134.73001
405.0 3.0 135.0
405.0 3.0 135.0
404.73 3.0 134.91
404.73 3.0 134.91
405.0 3.0 135.0
404.46002 3.0 134.82
404.73 3.0 134.91
405.0 3.0 135.0
405.0 3.0 135.0
404.73 3.0 134.91
405.0 3.0 135.0
405.0 3.0 135.0
405.0 3.0 135.0
404.73 3.0 134.91
405.0 3.0 135.0
405.0 3.0 135.0
405.0 3.0 135.0
540.0 4.0 135.0
540.0 4.0 135.0
538.92004 4.0 134.73001
540.0 4.0 135.0
540.0 4.0 135.0
539.73 4.0 134.9325
539.73 4.0 134.9325
540.0 4.0 135.0
539.19 4.0 134.7975
539.73 4.0 134.9325
538.65 4.0 134.6625
539.45996 4.0 134.86499
539.19 4.0 134.7975
539.46 4.0 134.865
540.0 4.0 135.0
540.0 4.0 135.0
540.0 4.0 135.0
539.46 4.0 134.865
539.19 4.0 134.7975
538.92 4.0 134.73
537.84 4.0 134.46
539.73 4.0 134.9325
539.45996 4.0 134.86499
539.73 4.0 134.9325
539.46 4.0 134.865
540.0 4.0 135.0
538.92 4.0 134.73
540.0 4.0 135.0
539.45996 4.0 134.86499
540.0 4.0 135.0
540.0 4.0 135.0
539.45996 4.0 134.86499
539.45996 4.0 134.86499
540.0 4.0 135.0
539.46 4.0 134.865
538.92004 4.0 134.73001
540.0 4.0 135.0
540.0 4.0 135.0
539.19 4.0 134.7975
539.46 4.0 134.865
538.38 4.0 134.595
675.0 5.0 135.0
674.45996 5.0 134.892
674.73 5.0 134.946
674.73 5.0 134.946
674.45996 5.0 134.892
674.73 5.0 134.946
674.45996 5.0 134.892
674.45996 5.0 134.892
674.73 5.0 134.946
674.73 5.0 134.946
674.73 5.0 134.946
674.73 5.0 134.946
675.0 5.0 135.0
674.45996 5.0 134.892
674.73 5.0 134.946
673.92 5.0 134.784
675.0 5.0 135.0
674.73 5.0 134.946
674.45996 5.0 134.892
674.73 5.0 134.946
673.38007 5.0 134.67601
675.0 5.0 135.0
674.73 5.0 134.946
674.73 5.0 134.946
674.19 5.0 134.838
674.45996 5.0 134.892
674.45996 5.0 134.892
674.73 5.0 134.946
674.73 5.0 134.946
674.73 5.0 134.946
674.19 5.0 134.838
675.0 5.0 135.0
675.0 5.0 135.0
674.45996 5.0 134.892
674.18994 5.0 134.83798
673.92 5.0 134.784
674.73 5.0 134.946
674.73 5.0 134.946
674.19 5.0 134.838
674.73 5.0 134.946
673.64996 5.0 134.73
810.0 6.0 135.0
809.46 6.0 134.91
809.73 6.0 134.955
810.0 6.0 135.0
808.38 6.0 134.73
809.73 6.0 134.955
809.46 6.0 134.91
810.0 6.0 135.0
809.73 6.0 134.955
810.0 6.0 135.0
808.64996 6.0 134.775
809.19006 6.0 134.865
808.92004 6.0 134.82
810.0 6.0 135.0
809.73 6.0 134.955
808.92004 6.0 134.82
808.9199 6.0 134.81999
809.18994 6.0 134.86499
809.73 6.0 134.955
809.46 6.0 134.91
808.11 6.0 134.685
810.0 6.0 135.0
809.19006 6.0 134.865
809.73 6.0 134.955
809.73 6.0 134.955
810.0 6.0 135.0
809.19006 6.0 134.865
809.46 6.0 134.91
809.45996 6.0 134.90999
810.0 6.0 135.0
809.19006 6.0 134.865
809.45996 6.0 134.90999
808.9199 6.0 134.81999
809.46 6.0 134.91
809.19006 6.0 134.865
809.18994 6.0 134.86499
809.45996 6.0 134.90999
808.64996 6.0 134.775
809.46 6.0 134.91
810.0 6.0 135.0
809.19006 6.0 134.865
943.92004 7.0 134.84572
944.45996 7.0 134.92285
945.0 7.0 135.0
943.3799 7.0 134.76855
945.0 7.0 135.0
944.45996 7.0 134.92285
944.45996 7.0 134.92285
945.0 7.0 135.0
945.0 7.0 135.0
943.65 7.0 134.80714
944.45996 7.0 134.92285
944.45996 7.0 134.92285
945.0 7.0 135.0
944.18994 7.0 134.88428
943.92004 7.0 134.84572
944.73 7.0 134.96143
943.92004 7.0 134.84572
944.73 7.0 134.96143
943.65 7.0 134.80714
944.18994 7.0 134.88428
942.8401 7.0 134.69144
944.18994 7.0 134.88428
944.73 7.0 134.96143
943.65 7.0 134.80714
944.19006 7.0 134.8843
944.73 7.0 134.96143
943.92004 7.0 134.84572
944.45996 7.0 134.92285
944.19006 7.0 134.8843
944.45996 7.0 134.92285
944.73 7.0 134.96143
944.45996 7.0 134.92285
943.9199 7.0 134.8457
944.18994 7.0 134.88428
945.0 7.0 135.0
944.73 7.0 134.96143
945.0 7.0 135.0
944.18994 7.0 134.88428
944.45996 7.0 134.92285
944.45996 7.0 134.92285
944.18994 7.0 134.88428
1078.3799 8.0 134.79749
1079.46 8.0 134.9325
1078.65 8.0 134.83125
1080.0 8.0 135.0
1079.46 8.0 134.9325
1079.46 8.0 134.9325
1079.46 8.0 134.9325
1079.19 8.0 134.89874
1079.46 8.0 134.9325
1079.19 8.0 134.89874
1078.92 8.0 134.865
1078.65 8.0 134.83125
1079.1901 8.0 134.89876
1078.65 8.0 134.83125
1078.38 8.0 134.7975
1079.73 8.0 134.96625
1079.46 8.0 134.9325
1079.73 8.0 134.96625
1079.1901 8.0 134.89876
1079.46 8.0 134.9325
1077.8401 8.0 134.73001
1079.73 8.0 134.96625
1080.0 8.0 135.0
1078.9199 8.0 134.86499
1078.6499 8.0 134.83124
1079.73 8.0 134.96625
1079.19 8.0 134.89874
1080.0 8.0 135.0
1079.19 8.0 134.89874
1079.73 8.0 134.96625
1079.73 8.0 134.96625
1078.9199 8.0 134.86499
1077.84 8.0 134.73
1078.9199 8.0 134.86499
1079.19 8.0 134.89874
1078.92 8.0 134.865
1079.46 8.0 134.9325
1078.92 8.0 134.865
1078.65 8.0 134.83125
1079.19 8.0 134.89874
1079.1901 8.0 134.89876
1213.92 9.0 134.88
1213.9199 9.0 134.87999
1214.46 9.0 134.94
1214.46 9.0 134.94
1214.46 9.0 134.94
1213.65 9.0 134.85
1213.3799 9.0 134.81999
1214.46 9.0 134.94
1214.46 9.0 134.94
1213.3799 9.0 134.81999
1213.11 9.0 134.79
1214.46 9.0 134.94
1214.46 9.0 134.94
1214.46 9.0 134.94
1214.46 9.0 134.94
1215.0 9.0 135.0
1213.3799 9.0 134.81999
1213.11 9.0 134.79
1214.73 9.0 134.97
1214.19 9.0 134.90999
1213.6499 9.0 134.84999
1214.19 9.0 134.90999
1213.3799 9.0 134.81999
1213.65 9.0 134.85
1214.19 9.0 134.90999
1212.84 9.0 134.76
1214.46 9.0 134.94
1213.9199 9.0 134.87999
1214.46 9.0 134.94
1214.46 9.0 134.94
1214.1901 9.0 134.91
1213.65 9.0 134.85
1213.6499 9.0 134.84999
1213.3799 9.0 134.81999
1215.0 9.0 135.0
1212.8401 9.0 134.76001
1213.6499 9.0 134.84999
1214.46 9.0 134.94
1213.3799 9.0 134.81999
1213.92 9.0 134.88
1214.46 9.0 134.94
1350.0 10.0 135.0
1346.76 10.0 134.676
1349.19 10.0 134.91899
1348.6499 10.0 134.86499
1349.46 10.0 134.946
1349.46 10.0 134.946
1349.46 10.0 134.946
1348.65 10.0 134.865
1348.38 10.0 134.838
1348.65 10.0 134.865
1349.46 10.0 134.946
1347.03 10.0 134.703
1349.46 10.0 134.946
1348.65 10.0 134.865
1350.0 10.0 135.0
1348.9199 10.0 134.892
1349.19 10.0 134.91899
1347.2999 10.0 134.73
1348.65 10.0 134.865
1349.73 10.0 134.97299
1348.1099 10.0 134.81099
1347.84 10.0 134.784
1350.0 10.0 135.0
1348.38 10.0 134.838
1348.1099 10.0 134.81099
1347.5698 10.0 134.75699
1350.0 10.0 135.0
1348.65 10.0 134.865
1347.84 10.0 134.784
1348.65 10.0 134.865
1348.9199 10.0 134.892
1349.46 10.0 134.946
1349.19 10.0 134.91899
1348.9199 10.0 134.892
1348.9199 10.0 134.892
1349.46 10.0 134.946
1347.5698 10.0 134.75699
1348.38 10.0 134.838
1348.6499 10.0 134.86499
1349.19 10.0 134.91899
1348.65 10.0 134.865
1483.9199 11.0 134.90181
1483.6499 11.0 134.87726
1484.73 11.0 134.97545
1484.4601 11.0 134.95091
1482.57 11.0 134.77908
1483.65 11.0 134.87727
1483.9199 11.0 134.90181
1484.19 11.0 134.92636
1483.65 11.0 134.87727
1485.0 11.0 135.0
1482.5701 11.0 134.7791
1483.92 11.0 134.90182
1484.73 11.0 134.97545
1483.3799 11.0 134.85272
1483.3799 11.0 134.85272
1484.4601 11.0 134.95091
1482.84 11.0 134.80363
1484.19 11.0 134.92636
1482.3 11.0 134.75455
1483.1099 11.0 134.82817
1482.57 11.0 134.77908
1484.19 11.0 134.92636
1481.7599 11.0 134.70544
1485.0 11.0 135.0
1483.65 11.0 134.87727
1483.9199 11.0 134.90181
1484.73 11.0 134.97545
1482.57 11.0 134.77908
1482.84 11.0 134.80363
1483.1101 11.0 134.82819
1484.4601 11.0 134.95091
1482.84 11.0 134.80363
1483.6499 11.0 134.87726
1484.4601 11.0 134.95091
1482.84 11.0 134.80363
1481.7599 11.0 134.70544
1483.65 11.0 134.87727
1482.5701 11.0 134.7791
1483.1099 11.0 134.82817
1484.73 11.0 134.97545
1484.4601 11.0 134.95091
1618.3799 12.0 134.86499
1618.3799 12.0 134.86499
1617.8398 12.0 134.81999
1619.19 12.0 134.9325
1617.2999 12.0 134.775
1617.5701 12.0 134.7975
1618.11 12.0 134.8425
1619.46 12.0 134.955
1616.76 12.0 134.73
1618.9199 12.0 134.90999
1618.3801 12.0 134.865
1619.46 12.0 134.955
1617.8398 12.0 134.81999
1618.3801 12.0 134.865
1618.6499 12.0 134.8875
1617.8398 12.0 134.81999
1619.46 12.0 134.955
1619.46 12.0 134.955
1618.1099 12.0 134.84248
1620.0 12.0 135.0
1616.76 12.0 134.73
1619.46 12.0 134.955
1619.46 12.0 134.955
1618.3801 12.0 134.865
1618.92 12.0 134.91
1619.73 12.0 134.9775
1618.6499 12.0 134.8875
1618.3799 12.0 134.86499
1617.5701 12.0 134.7975
1617.8398 12.0 134.81999
1620.0 12.0 135.0
1618.11 12.0 134.8425
1617.03 12.0 134.7525
1617.5701 12.0 134.7975
1619.46 12.0 134.955
1617.8401 12.0 134.82
1617.8398 12.0 134.81999
1617.8398 12.0 134.81999
1618.9199 12.0 134.90999
1618.11 12.0 134.8425
1617.5701 12.0 134.7975
1755.0 13.0 135.0
1753.9199 13.0 134.91692
1752.8398 13.0 134.83383
1753.3801 13.0 134.8754
1750.95 13.0 134.68846
1749.6 13.0 134.58461
1753.9199 13.0 134.91692
1753.38 13.0 134.87538
1753.1097 13.0 134.8546
1753.1097 13.0 134.8546
1752.8398 13.0 134.83383
1750.68 13.0 134.6677
1750.68 13.0 134.6677
1751.7599 13.0 134.75076
1753.6499 13.0 134.89615
1754.4601 13.0 134.95847
1753.6498 13.0 134.89613
1753.6499 13.0 134.89615
1753.1102 13.0 134.85463
1752.5698 13.0 134.81306
1753.3801 13.0 134.8754
1753.3801 13.0 134.8754
1753.11 13.0 134.85461
1753.11 13.0 134.85461
1752.5698 13.0 134.81306
1753.1097 13.0 134.8546
1754.4601 13.0 134.95847
1751.7601 13.0 134.75078
1753.9199 13.0 134.91692
1754.4601 13.0 134.95847
1753.6499 13.0 134.89615
1753.1097 13.0 134.8546
1753.38 13.0 134.87538
1753.3801 13.0 134.8754
1752.5701 13.0 134.81308
1753.6499 13.0 134.89615
1754.4601 13.0 134.95847
1753.1102 13.0 134.85463
1754.4601 13.0 134.95847
1752.8398 13.0 134.83383
1753.3801 13.0 134.8754
1888.6499 14.0 134.90356
1888.9199 14.0 134.92285
1887.8403 14.0 134.84573
1889.19 14.0 134.94214
1887.5698 14.0 134.82642
1887.5698 14.0 134.82642
1888.3801 14.0 134.8843
1886.22 14.0 134.73
1886.22 14.0 134.73
1889.46 14.0 134.96143
1888.6499 14.0 134.90356
1887.5698 14.0 134.82642
1888.3801 14.0 134.8843
1888.9199 14.0 134.92285
1890.0 14.0 135.0
1887.5698 14.0 134.82642
1888.6499 14.0 134.90356
1888.1099 14.0 134.86499
1886.7598 14.0 134.76855
1888.6499 14.0 134.90356
1888.3799 14.0 134.88428
1888.3801 14.0 134.8843
1887.0298 14.0 134.78784
1887.5701 14.0 134.82643
1888.3799 14.0 134.88428
1887.0298 14.0 134.78784
1888.9199 14.0 134.92285
1888.3801 14.0 134.8843
1888.3801 14.0 134.8843
1888.3801 14.0 134.8843
1889.19 14.0 134.94214
1888.6499 14.0 134.90356
1888.1099 14.0 134.86499
1887.03 14.0 134.78786
1889.4602 14.0 134.96144
1889.73 14.0 134.98071
1887.8398 14.0 134.8457
1887.03 14.0 134.78786
1887.0298 14.0 134.78784
1887.3 14.0 134.80714
1888.1099 14.0 134.86499
1711.8003 15.000001 114.12001
1705.3204 15.000001 113.68802
1774.9802 15.000001 118.33201
1841.4001 15.000001 122.76
1769.3105 15.000001 117.954025
1705.5903 15.000001 113.70602
1667.7899 15.000001 111.18599
1729.6205 15.000001 115.30802
1765.7999 15.000001 117.719986
1843.2902 15.000001 122.886
1760.9402 15.000001 117.396
1726.1101 15.000001 115.074
1683.1802 15.000001 112.212006
1671.5701 15.000001 111.437996
1692.09 15.000001 112.80599
1748.2501 15.000001 116.55
1836.81 15.000001 122.453995
1883.7902 15.000001 125.586006
1830.0604 15.000001 122.00402
1757.4302 15.000001 117.162
1763.37 15.000001 117.55799
1888.1101 15.000001 125.874
1869.2098 15.000001 124.61398
1896.7502 15.000001 126.45001
1747.4402 15.000001 116.496
1651.3201 15.000001 110.088
1629.72 15.000001 108.647995
1733.1306 15.000001 115.54203
1800.6302 15.000001 120.04201
1740.9601 15.000001 116.063995
1789.02 15.000001 119.268
1813.0503 15.000001 120.87001
1799.82 15.000001 119.98799
1722.3297 15.000001 114.821976
1698.8406 15.000001 113.25603
1723.9498 15.000001 114.929985
1729.8901 15.000001 115.326004
1764.4503 15.000001 117.63001
1783.8899 15.000001 118.92599
1803.3302 15.000001 120.22201
1855.17 15.000001 123.67799
1770.3903 16.0 110.64939
1762.2898 16.0 110.14311
1759.5898 16.0 109.974365
1810.0798 16.0 113.12999
1736.3704 16.0 108.52315
1726.6498 16.0 107.91561
1694.25 16.0 105.890625
1683.9905 16.0 105.249405
1656.99 16.0 103.561874
1664.55 16.0 104.03438
1711.26 16.0 106.95375
1770.6598 16.0 110.66624
1744.4701 16.0 109.02938
1676.97 16.0 104.81062
1690.74 16.0 105.67125
1687.7705 16.0 105.48566
1722.6003 16.0 107.66252
1759.86 16.0 109.99125
1860.2998 16.0 116.26874
1808.1902 16.0 113.01189
1779.0297 16.0 111.189354
1749.3304 16.0 109.33315
1729.0801 16.0 108.067505
1666.1702 16.0 104.135635
1718.0098 16.0 107.37561
1674.8108 16.0 104.675674
1762.2903 16.0 110.14314
1765.8 16.0 110.3625
1833.8401 16.0 114.615005
1846.7998 16.0 115.42499
1904.5801 16.0 119.036255
1823.5801 16.0 113.973755
1782.8102 16.0 111.42564
1662.3899 16.0 103.89937
1683.18 16.0 105.19875
1703.4297 16.0 106.464355
1792.26 16.0 112.01625
1806.0297 16.0 112.876854
1816.5599 16.0 113.534996
1811.43 16.0 113.21438
1780.1101 16.0 111.25688
1665.3602 17.0 97.962364
1750.6803 17.0 102.98119
1724.7599 17.0 101.45647
1750.4093 17.0 102.965256
1691.5508 17.0 99.50299
1695.5996 17.0 99.74115
1723.14 17.0 101.361176
1763.37 17.0 103.727646
1860.5701 17.0 109.4453
1857.87 17.0 109.28647
1850.04 17.0 108.82588
1808.7295 17.0 106.39585
1795.2301 17.0 105.60177
1866.5098 17.0 109.79469
1835.7301 17.0 107.98412
1797.3903 17.0 105.728836
1732.86 17.0 101.93294
1733.9402 17.0 101.99648
1764.1798 17.0 103.77528
1756.6201 17.0 103.3306
1754.7296 17.0 103.21939
1670.4901 17.0 98.26412
1660.7699 17.0 97.692345
1685.6102 17.0 99.15354
1731.24 17.0 101.83765
1642.6802 17.0 96.62824
1605.6906 17.0 94.452385
1607.3103 17.0 94.54767
1663.47 17.0 97.85117
1711.8002 17.0 100.69413
1701.2703 17.0 100.07472
1633.7703 17.0 96.10413
1632.4198 17.0 96.0247
1662.1199 17.0 97.77176
1690.7397 17.0 99.45528
1754.73 17.0 103.21941
1803.5999 17.0 106.09411
1858.4102 17.0 109.318245
1913.22 17.0 112.54235
1810.6198 17.0 106.50704
1857.0597 17.0 109.23881
1733.9401 18.0 96.33
1682.6398 18.0 93.47999
1676.1599 18.0 93.119995
1731.5105 18.0 96.19503
1743.9299 18.0 96.884995
1651.5902 18.0 91.75501
1561.6803 18.0 86.76002
1624.86 18.0 90.27
1708.5599 18.0 94.92
1738.7999 18.0 96.6
1720.7097 18.0 95.594986
1681.0201 18.0 93.39001
1621.35 18.0 90.075
1697.7601 18.0 94.32001
1737.18 18.0 96.51
1794.9603 18.0 99.72002
1737.9905 18.0 96.55502
1683.4502 18.0 93.52501
1684.5305 18.0 93.58503
1739.8804 18.0 96.66002
1729.6199 18.0 96.09
1677.5101 18.0 93.19501
1600.0199 18.0 88.88999
1575.18 18.0 87.51
1667.52 18.0 92.64
1705.0504 18.0 94.72502
1740.4202 18.0 96.69001
1755.5398 18.0 97.52999
1769.5797 18.0 98.30998
1791.7206 18.0 99.54003
1803.3302 18.0 100.18501
1787.4 18.0 99.3
1744.4697 18.0 96.914986
1736.3701 18.0 96.465004
1751.7598 18.0 97.319984
1722.6002 18.0 95.70001
1660.7703 18.0 92.265015
1701.2705 18.0 94.51503
1684.26 18.0 93.57
1635.6602 18.0 90.87001
1720.1699 18.0 95.564995
1740.96 19.0 91.62947
1645.65 19.0 86.61316
1745.8206 19.0 91.88529
1679.6693 19.0 88.40365
1693.9806 19.0 89.156876
1705.5896 19.0 89.767876
1671.8392 19.0 87.99154
1722.0604 19.0 90.63476
1698.8403 19.0 89.41265
1688.3102 19.0 88.85843
1685.3401 19.0 88.70211
1582.7396 19.0 83.302086
1638.9001 19.0 86.257904
1713.4204 19.0 90.18002
1733.9402 19.0 91.26001
1709.6404 19.0 89.98107
1752.3002 19.0 92.226326
1634.8503 19.0 86.044754
1615.4098 19.0 85.02157
1669.41 19.0 87.863686
1716.1196 19.0 90.32208
1713.1497 19.0 90.16577
1717.7401 19.0 90.40737
1683.9901 19.0 88.63106
1665.9001 19.0 87.678955
1688.5801 19.0 88.872635
1680.75 19.0 88.460526
1672.6504 19.0 88.03423
1658.6104 19.0 87.29528
1620.2703 19.0 85.27738
1715.8506 19.0 90.30792
1756.0796 19.0 92.42524
1684.8005 19.0 88.67371
1665.6306 19.0 87.66477
1644.0304 19.0 86.527916
1707.2104 19.0 89.85318
1687.2302 19.0 88.80159
1642.14 19.0 86.42842
1610.0101 19.0 84.73737
1698.0305 19.0 89.370026
1692.8997 19.0 89.09998
1622.9706 20.0 81.14853
1702.89 20.0 85.1445
1714.77 20.0 85.7385
1614.8701 20.0 80.74351
1596.51 20.0 79.8255
1661.0402 20.0 83.05201
1695.5999 20.0 84.77999
1681.8301 20.0 84.09151
1672.9198 20.0 83.64599
1694.2504 20.0 84.71252
1732.5902 20.0 86.62951
1699.38 20.0 84.969
1636.4702 20.0 81.82351
1640.25 20.0 82.0125
1694.7905 20.0 84.739525
1660.7705 20.0 83.03853
1611.6307 20.0 80.581535
1653.7499 20.0 82.68749
1619.1904 20.0 80.95952
1709.9103 20.0 85.495514
1715.0404 20.0 85.75202
1662.1205 20.0 83.106026
1649.9702 20.0 82.49851
1580.8501 20.0 79.0425
1700.7302 20.0 85.036514
1698.8398 20.0 84.94199
1637.8204 20.0 81.89102
1633.7705 20.0 81.68852
1719.8998 20.0 85.99499
1796.5798 20.0 89.828995
1763.9104 20.0 88.19552
1669.14 20.0 83.457
1704.2401 20.0 85.212006
1764.4497 20.0 88.22249
1736.9099 20.0 86.8455
1737.9901 20.0 86.899506
1719.3602 20.0 85.96801
1687.77 20.0 84.388504
1795.23 20.0 89.7615
1750.95 20.0 87.5475
1619.9999 20.0 80.99999
1615.4103 21.0 76.9243
1592.4595 21.0 75.831406
1613.2506 21.0 76.82146
1657.53 21.0 78.93
1709.9095 21.0 81.42426
1748.5203 21.0 83.26287
1712.8804 21.0 81.565735
1688.8496 21.0 80.42141
1714.2301 21.0 81.630005
1769.8499 21.0 84.278564
1579.5002 21.0 75.214294
1609.1998 21.0 76.62856
1658.3395 21.0 78.968544
1671.0293 21.0 79.57282
1690.4703 21.0 80.49859
1733.1305 21.0 82.53002
1703.1599 21.0 81.10285
1671.84 21.0 79.61143
1672.9205 21.0 79.66288
1628.6401 21.0 77.55429
1597.3198 21.0 76.06285
1632.9606 21.0 77.760025
1642.1401 21.0 78.19715
1570.3203 21.0 74.77716
1648.8898 21.0 78.51856
1615.4106 21.0 76.92432
1664.5503 21.0 79.2643
1706.1305 21.0 81.24431
1629.7203 21.0 77.60573
1625.6702 21.0 77.412865
1689.3899 21.0 80.447136
1703.6998 21.0 81.12856
1645.3802 21.0 78.35144
1672.1105 21.0 79.624306
1795.4996 21.0 85.499985
1721.5201 21.0 81.97715
1552.7706 21.0 73.94146
1553.8501 21.0 73.99286
1554.3903 21.0 74.018585
1603.2604 21.0 76.34573
1604.0702 21.0 76.38429
1629.7201 22.0 74.078186
1608.1206 22.0 73.09639
1655.1002 22.0 75.23183
1625.9403 22.0 73.90638
1727.1897 22.0 78.50862
1707.2101 22.0 77.60046
1586.2501 22.0 72.10228
1661.58 22.0 75.52636
1608.1204 22.0 73.09638
1609.2004 22.0 73.14548
1599.7506 22.0 72.715935
1636.7401 22.0 74.39728
1646.7297 22.0 74.85135
1705.8602 22.0 77.5391
1642.4102 22.0 74.65501
1684.7998 22.0 76.58181
1571.13 22.0 71.415
1625.3999 22.0 73.88181
1622.7 22.0 73.75909
1781.1903 22.0 80.963196
1767.1499 22.0 80.325
1635.1202 22.0 74.32365
1579.7701 22.0 71.80773
1632.1504 22.0 74.18865
1639.9799 22.0 74.54454
1707.4805 22.0 77.61275
1717.1997 22.0 78.054535
1651.0502 22.0 75.04774
1597.8605 22.0 72.63002
1583.8204 22.0 71.99184
1635.6604 22.0 74.3482
1657.26 22.0 75.33
1640.7903 22.0 74.581375
1623.5105 22.0 73.79593
1773.0902 22.0 80.59501
1701.0005 22.0 77.31821
1610.8201 22.0 73.21909
1601.1002 22.0 72.77728
1635.9299 22.0 74.36045
1676.9714 22.0 76.225975
1611.9003 22.0 73.268196
1606.7701 23.0 69.85957
1555.7405 23.0 67.64089
1522.26 23.0 66.18522
1521.1803 23.0 66.138275
1587.8704 23.0 69.03784
1682.9102 23.0 73.170006
1599.7507 23.0 69.55438
1637.2809 23.0 71.18613
1538.7303 23.0 66.90132
1656.45 23.0 72.01956
1533.0597 23.0 66.65477
1627.29 23.0 70.75174
1651.0498 23.0 71.784775
1590.8403 23.0 69.16697
1678.0503 23.0 72.95871
1684.5305 23.0 73.240456
1615.14 23.0 70.22348
1688.5804 23.0 73.41654
1591.1102 23.0 69.1787
1697.7601 23.0 73.81566
1661.3104 23.0 72.23089
1652.6702 23.0 71.855225
1607.58 23.0 69.89478
1631.07 23.0 70.916084
1610.2803 23.0 70.012184
1660.5006 23.0 72.19568
1654.2898 23.0 71.925644
1596.511 23.0 69.41352
1665.3601 23.0 72.40696
1637.82 23.0 71.209564
1650.2396 23.0 71.74955
1612.9801 23.0 70.12957
1645.3805 23.0 71.538284
1616.7604 23.0 70.29393
1676.4298 23.0 72.88825
1609.7402 23.0 69.98871
1642.1404 23.0 71.39741
1479.8708 23.0 64.34221
1555.2006 23.0 67.61742
1572.4806 23.0 68.36872
1612.4402 23.0 70.106094
1542.2397 24.0 64.25999
1607.0408 24.0 66.96003
1629.9905 24.0 67.91627
1657.7998 24.0 69.07499
1679.6702 24.0 69.98626
1474.7401 24.0 61.447506
1636.1995 24.0 68.17498
1629.7205 24.0 67.90502
1601.9095 24.0 66.74623
1551.6903 24.0 64.65376
1634.5801 24.0 68.107506
1607.3097 24.0 66.97124
1537.9202 24.0 64.08001
1639.9808 24.0 68.332535
1588.4111 24.0 66.1838
1625.1302 24.0 67.71376
1618.1101 24.0 67.42126
1625.1302 24.0 67.71376
1627.5603 24.0 67.81501
1639.9801 24.0 68.332504
1610.2804 24.0 67.09502
1595.1604 24.0 66.46502
1681.0205 24.0 70.04252
1687.2305 24.0 70.30127
1625.6708 24.0 67.73628
1544.1311 24.0 64.3388
1672.6499 24.0 69.69375
1663.7406 24.0 69.322525
1576.801 24.0 65.70004
1611.3596 24.0 67.139984
1540.8904 24.0 64.203766
1549.53 24.0 64.56375
1671.5695 24.0 69.64873
1619.4606 24.0 67.47752
1622.4307 24.0 67.60128
1618.1101 24.0 67.42126
1629.4502 24.0 67.89376
1532.7903 24.0 63.86626
1665.0905 24.0 69.37877
1541.1603 24.0 64.21501
1606.5004 24.0 66.937515
1588.4105 25.0 63.53642
1606.2303 25.0 64.249214
1533.0604 25.0 61.32242
1608.6606 25.0 64.34643
1647.8108 25.0 65.91243
1540.0807 25.0 61.60323
1510.9194 25.0 60.43678
1541.1606 25.0 61.646427
1551.42 25.0 62.0568
1571.67 25.0 62.866802
1599.4801 25.0 63.979206
1608.3906 25.0 64.335625
1503.6309 25.0 60.145233
1509.5701 25.0 60.382805
1567.3507 25.0 62.694027
1616.7605 25.0 64.67042
1569.5105 25.0 62.780422
1583.0103 25.0 63.32041
1620.0009 25.0 64.80003
1552.5013 25.0 62.10005
1588.9498 25.0 63.557995
1606.5006 25.0 64.260025
1584.36 25.0 63.374397
1553.311 25.0 62.132442
1649.9706 25.0 65.998825
1633.4998 25.0 65.33999
1595.7003 25.0 63.828014
1591.9208 25.0 63.67683
1542.7805 25.0 61.71122
1502.0103 25.0 60.08041
1610.2797 25.0 64.41119
1580.0405 25.0 63.201622
1591.3802 25.0 63.65521
1537.9205 25.0 61.516823
1624.0505 25.0 64.96202
1611.63 25.0 64.4652
1549.2601 25.0 61.970406
1633.2302 25.0 65.32921
1541.1597 25.0 61.64639
1593.8108 25.0 63.752434
1622.9708 25.0 64.91883
1589.7603 26.0 61.144627
1566.8103 26.0 60.261936
1559.7903 26.0 59.991936
1590.03 26.0 61.155
1581.1207 26.0 60.812336
1610.2811 26.0 61.933887
1634.3099 26.0 62.858074
1608.9302 26.0 61.881927
1615.4105 26.0 62.131176
1635.9299 26.0 62.92038
1620.2704 26.0 62.318092
1597.0505 26.0 61.42502
1512.5403 26.0 58.174625
1531.7106 26.0 58.911945
1570.0502 26.0 60.386547
1625.1309 26.0 62.50503
1529.5504 26.0 58.82886
1548.9905 26.0 59.576557
1553.0408 26.0 59.732338
1493.1006 26.0 57.426945
1425.3302 26.0 54.820393
1537.1106 26.0 59.11964
1523.3411 26.0 58.590042
1504.7103 26.0 57.873474
1463.9404 26.0 56.3054
1539.0006 26.0 59.192333
1658.6101 26.0 63.792698
1553.8505 26.0 59.763477
1498.771 26.0 57.64504
1510.65 26.0 58.101925
1432.3502 26.0 55.090393
1571.6708 26.0 60.448875
1575.1803 26.0 60.58386
1619.1906 26.0 62.27656
1536.03 26.0 59.07808
1541.7009 26.0 59.29619
1562.2205 26.0 60.085403
1611.6304 26.0 61.985783
1537.1106 26.0 59.119637
1470.1508 26.0 56.544262
1544.9404 26.0 59.420784
1530.091 27.000002 56.670033
1485.5409 27.000002 55.020027
1573.0208 27.000002 58.260025
1472.3109 27.000002 54.53003
1568.9712 27.000002 58.11004
1550.6096 27.000002 57.42998
1435.8605 27.000002 53.18001
1515.781 27.000002 56.140034
1575.9913 27.000002 58.370045
1547.3708 27.000002 57.310028
1522.2598 27.000002 56.379986
1538.1909 27.000002 56.97003
1557.6307 27.000002 57.69002
1536.5706 27.000002 56.910015
1507.6804 27.000002 55.84001
1635.1207 27.000002 60.560024
1487.1602 27.000002 55.08
1587.3308 27.000002 58.790028
1471.7711 27.000002 54.510036
1570.8604 27.000002 58.180008
1509.5706 27.000002 55.91002
1534.4104 27.000002 56.83001
1563.8405 27.000002 57.920013
1530.0902 27.000002 56.670006
1568.7004 27.000002 58.100014
1510.1101 27.000002 55.93
1577.3406 27.000002 58.420017
1509.0305 27.000002 55.890015
1546.02 27.000002 57.259995
1521.18 27.000002 56.34
1485.5409 27.000002 55.020027
1571.6702 27.000002 58.210003
1528.7402 27.000002 56.620007
1476.6309 27.000002 54.69003
1541.1611 27.000002 57.080036
1494.4502 27.000002 55.350002
1486.8907 27.000002 55.070023
1569.2405 27.000002 58.120014
1506.0604 27.000002 55.78001
1542.241 27.000002 57.120033
1502.2803 27.000002 55.640007
1551.9603 28.0 55.427155
1467.9907 28.0 52.428238
1604.3401 28.0 57.29786
1505.5201 28.0 53.768578
1509.571 28.0 53.913254
1499.0403 28.0 53.537155
1439.1005 28.0 51.396446
1564.1108 28.0 55.861103
1520.371 28.0 54.29896
1460.1604 28.0 52.148586
1477.7104 28.0 52.775375
1496.0712 28.0 53.431114
1526.3104 28.0 54.511086
1571.9407 28.0 56.14074
1503.9008 28.0 53.710743
1497.6901 28.0 53.48893
1481.49 28.0 52.910355
1453.1405 28.0 51.897877
1527.6608 28.0 54.559315
1553.3112 28.0 55.4754
1530.6301 28.0 54.66536
1480.1403 28.0 52.862152
1476.0911 28.0 52.717537
1591.3806 28.0 56.835022
1421.8203 28.0 50.779297
1524.4198 28.0 54.443565
1452.3301 28.0 51.86893
1496.8799 28.0 53.459995
1591.1106 28.0 56.82538
1527.1211 28.0 54.54004
1544.6703 28.0 55.166798
1497.4207 28.0 53.47931
1511.1907 28.0 53.971096
1448.2802 28.0 51.724293
1546.2911 28.0 55.22468
1542.2415 28.0 55.08005
1527.3905 28.0 54.54966
1496.3407 28.0 53.44074
1425.8705 28.0 50.923946
1472.041 28.0 52.572895
1554.1205 28.0 55.504303
1391.5804 29.0 47.98553
1500.39 29.0 51.737587
1443.9603 29.0 49.791737
1524.4209 29.0 52.56624
1508.4906 29.0 52.01692
1484.7307 29.0 51.19761
1544.1306 29.0 53.245884
1423.4407 29.0 49.08416
1511.1903 29.0 52.110012
1386.7203 29.0 47.817944
1481.4905 29.0 51.08588
1493.9108 29.0 51.514164
1525.2311 29.0 52.594173
1487.1606 29.0 51.281403
1436.1302 29.0 49.521732
1438.0209 29.0 49.586926
1465.2906 29.0 50.527264
1489.0504 29.0 51.346565
1571.6707 29.0 54.19554
1495.5306 29.0 51.570023
1476.6302 29.0 50.918285
1442.8809 29.0 49.754513
1419.9312 29.0 48.963142
1479.5999 29.0 51.020683
1487.9698 29.0 51.309303
1427.7606 29.0 49.233124
1450.1707 29.0 50.005886
1478.2507 29.0 50.974163
1477.9807 29.0 50.96485
1503.3601 29.0 51.840004
1577.6095 29.0 54.400326
1532.7906 29.0 52.85485
1524.6903 29.0 52.575527
1474.4705 29.0 50.84381
1579.7699 29.0 54.474823
1450.4407 29.0 50.015198
1515.5111 29.0 52.259003
1475.551 29.0 50.88107
1496.6111 29.0 51.60728
1500.1207 29.0 51.728302
1497.6902 29.0 51.64449
1416.961 30.000002 47.232033
1520.1008 30.000002 50.670025
1455.5707 30.000002 48.51902
1499.3103 30.000002 49.977005
1443.9607 30.000002 48.13202
1544.9408 30.000002 51.498024
1394.0109 30.000002 46.467026
1461.7802 30.000002 48.726
1455.571 30.000002 48.51903
1433.4315 30.000002 47.781048
1436.1312 30.000002 47.871037
1441.5302 30.000002 48.051003
1518.7506 30.000002 50.625015
1519.5594 30.000002 50.651978
1456.9208 30.000002 48.564022
1509.8407 30.000002 50.32802
1450.7104 30.000002 48.357014
1551.1506 30.000002 51.705017
1474.201 30.000002 49.14003
1451.5215 30.000002 48.384045
1504.7112 30.000002 50.157036
1489.0507 30.000002 49.635017
1428.5707 30.000002 47.61902
1466.1006 30.000002 48.870018
1395.9003 30.000002 46.530006
1457.461 30.000002 48.58203
1482.5708 30.000002 49.41902
1453.4108 30.000002 48.44702
1479.0602 30.000002 49.302002
1425.331 30.000002 47.511032
1496.8804 30.000002 49.896008
1487.9702 30.000002 49.599003
1458.0006 30.000002 48.600018
1468.2604 30.000002 48.94201
1487.9705 30.000002 49.59901
1490.941 30.000002 49.698032
1431.811 30.000002 47.72703
1454.491 30.000002 48.48303
1538.7302 30.000002 51.291004
1506.0609 30.000002 50.202026
1356.211 30.000002 45.20703
1441.531 31.0 46.501
1459.0814 31.0 47.067142
1422.6299 31.0 45.891285
1370.7909 31.0 44.219063
1466.6406 31.0 47.31099
1440.7206 31.0 46.474857
1455.5702 31.0 46.953876
1511.4604 31.0 48.75679
1470.9607 31.0 47.450344
1430.4597 31.0 46.143864
1480.9508 31.0 47.772606
1446.1199 31.0 46.64903
1477.9807 31.0 47.676796
1497.1505 31.0 48.295177
1481.7594 31.0 47.79869
1544.1305 31.0 49.81066
1530.6309 31.0 49.37519
1453.4104 31.0 46.884205
1477.7112 31.0 47.668102
1455.5704 31.0 46.953884
1509.0305 31.0 48.678406
1462.8606 31.0 47.189053
1424.2505 31.0 45.943565
1445.311 31.0 46.622936
1424.5205 31.0 45.952274
1403.1904 31.0 45.264206
1404.0007 31.0 45.290344
1411.2906 31.0 45.525505
1472.3107 31.0 47.493893
1405.08 31.0 45.32516
1490.131 31.0 48.06874
1477.1707 31.0 47.650665
1445.851 31.0 46.640354
1451.5203 31.0 46.823235
1474.4705 31.0 47.563564
1384.0205 31.0 44.645824
1459.8904 31.0 47.09324
1428.8398 31.0 46.091606
1382.9404 31.0 44.61098
1414.5308 31.0 45.630024
1470.9604 31.0 47.450336
1403.4606 32.0 43.858143
1480.6808 32.0 46.271275
1429.1106 32.0 44.659706
1415.8811 32.0 44.246284
1463.6704 32.0 45.7397
1456.3804 32.0 45.511887
1431.2709 32.0 44.727215
1413.4509 32.0 44.17034
1358.9109 32.0 42.465965
1358.3713 32.0 42.449104
1388.8802 32.0 43.402508
1456.6503 32.0 45.52032
1411.8303 32.0 44.119698
1400.7605 32.0 43.773766
1480.1399 32.0 46.25437
1427.4905 32.0 44.609077
1398.0594 32.0 43.689358
1424.5204 32.0 44.516262
1453.4106 32.0 45.419083
1405.6213 32.0 43.925667
1434.2406 32.0 44.82002
1434.511 32.0 44.82847
1418.8501 32.0 44.339066
1443.9602 32.0 45.123756
1448.2814 32.0 45.258793
1439.9097 32.0 44.997177
1413.4509 32.0 44.17034
1416.15 32.0 44.25469
1403.4608 32.0 43.85815
1413.721 32.0 44.17878
1429.1106 32.0 44.659706
1380.2405 32.0 43.132515
1359.9913 32.0 42.49973
1436.6709 32.0 44.895966
1452.6008 32.0 45.393776
1465.021 32.0 45.781906
1448.5515 32.0 45.267235
1395.3601 32.0 43.605003
1417.2308 32.0 44.288464
1481.2207 32.0 46.288147
1458.5413 32.0 45.579414
1377.0005 33.0 41.727287
1461.7806 33.0 44.296383
1400.7607 33.0 42.447296
1413.7205 33.0 42.840015
1388.0708 33.0 42.06275
1411.831 33.0 42.78276
1413.1807 33.0 42.823658
1395.3602 33.0 42.28364
1389.6902 33.0 42.111824
1471.7717 33.0 44.599144
1464.2103 33.0 44.37001
1448.5505 33.0 43.89547
1383.751 33.0 41.931847
1451.7905 33.0 43.993652
1410.7511 33.0 42.750034
1357.0203 33.0 41.121826
1354.5905 33.0 41.048195
1446.6608 33.0 43.838203
1377.5403 33.0 41.743645
1307.0701 33.0 39.608185
1444.231 33.0 43.764576
1433.971 33.0 43.453667
1388.3401 33.0 42.07091
1378.0808 33.0 41.760025
1501.4705 33.0 45.499104
1412.1006 33.0 42.790928
1434.2406 33.0 43.461838
1472.5807 33.0 44.623657
1395.0902 33.0 42.27546
1391.0411 33.0 42.152763
1471.23 33.0 44.582726
1375.1107 33.0 41.67002
1395.6305 33.0 42.291832
1418.8507 33.0 42.995476
1380.5099 33.0 41.833633
1367.5504 33.0 41.44092
1416.1505 33.0 42.91365
1405.6206 33.0 42.594563
1450.9808 33.0 43.969116
1478.5208 33.0 44.803658
1426.4109 33.0 43.22457
1387.8008 34.0 40.81767
1382.1302 34.0 40.65089
1413.7206 34.0 41.580017
1365.3904 34.0 40.15854
1361.881 34.0 40.055325
1375.9204 34.0 40.468246
1366.4702 34.0 40.1903
1455.5703 34.0 42.81089
1398.8711 34.0 41.14327
1406.7008 34.0 41.373554
1372.9502 34.0 40.38089
1332.1809 34.0 39.181793
1412.3708 34.0 41.540318
1446.1221 34.0 42.533
1389.4209 34.0 40.865322
1371.8707 34.0 40.34914
1415.0703 34.0 41.619717
1428.3007 34.0 42.008842
1382.9401 34.0 40.67471
1416.1508 34.0 41.651493
1449.6304 34.0 42.63619
1413.181 34.0 41.564148
1378.6208 34.0 40.547672
1348.1113 34.0 39.650333
1342.4407 34.0 39.48355
1434.511 34.0 42.191498
1402.6508 34.0 41.254433
1362.1509 34.0 40.063263
1424.7904 34.0 41.9056
1390.5006 34.0 40.897076
1341.9005 34.0 39.467663
1381.3208 34.0 40.627083
1395.0908 34.0 41.03208
1461.2412 34.0 42.977684
1408.0508 34.0 41.413258
1429.9207 34.0 42.056488
1381.0502 34.0 40.61912
1375.6515 34.0 40.46034
1436.671 34.0 42.25503
1377.5403 34.0 40.515892
1381.8613 34.0 40.64298
1301.4001 35.0 37.18286
1316.7905 35.0 37.622585
1343.5199 35.0 38.386284
1401.5704 35.0 40.04487
1384.5612 35.0 39.55889
1433.4304 35.0 40.955154
1416.4204 35.0 40.469154
1368.631 35.0 39.10374
1430.4607 35.0 40.870304
1342.9803 35.0 38.37087
1390.4999 35.0 39.72857
1382.9404 35.0 39.512585
1402.1106 35.0 40.060303
1374.0305 35.0 39.258015
1430.1904 35.0 40.862583
1380.5109 35.0 39.44317
1394.5505 35.0 39.8443
1347.84 35.0 38.509712
1362.961 35.0 38.941746
1359.451 35.0 38.841457
1382.9407 35.0 39.512592
1438.8308 35.0 41.10945
1418.8511 35.0 40.5386
1373.4908 35.0 39.242596
1366.2008 35.0 39.03431
1379.1606 35.0 39.40459
1361.8805 35.0 38.91087
1393.2007 35.0 39.805733
1367.281 35.0 39.06517
1409.1296 35.0 40.260845
1429.651 35.0 40.84717
1308.9604 35.0 37.39887
1396.1709 35.0 39.8906
1359.7208 35.0 38.849167
1391.0408 35.0 39.744022
1396.7106 35.0 39.906017
1351.8906 35.0 38.625446
1372.6805 35.0 39.219444
1341.0908 35.0 38.31688
1377.0011 35.0 39.342888
1376.4603 35.0 39.32744
1375.9207 36.0 38.220016
1382.6707 36.0 38.407516
1346.4912 36.0 37.402534
1342.981 36.0 37.305027
1340.5509 36.0 37.237526
1390.4998 36.0 38.624992
1375.6509 36.0 38.212524
1304.3704 36.0 36.23251
1399.9507 36.0 38.88752
1359.721 36.0 37.770027
1348.1105 36.0 37.447514
1367.0109 36.0 37.972523
1321.9208 36.0 36.72002
1373.4912 36.0 38.152534
1339.4708 36.0 37.207523
1329.4807 36.0 36.93002
1309.5009 36.0 36.375023
1363.771 36.0 37.882526
1357.291 36.0 37.70253
1365.1205 36.0 37.920013
1388.0708 36.0 38.55752
1321.3809 36.0 36.705025
1379.1609 36.0 38.310024
1353.2407 36.0 37.59002
1346.2205 36.0 37.39501
1320.571 36.0 36.68253
1341.3612 36.0 37.260033
1359.1804 36.0 37.755013
1309.7703 36.0 36.382507
1390.2305 36.0 38.61751
1324.3508 36.0 36.78752
1371.8702 36.0 38.107506
1327.591 36.0 36.877525
1344.3306 36.0 37.342514
1320.3009 36.0 36.675026
1317.8712 36.0 36.607533
1371.0594 36.0 38.084984
1392.9293 36.0 38.692482
1295.1907 36.0 35.97752
1353.5107 36.0 37.59752
1354.5908 36.0 37.62752
1312.4702 37.0 35.472168
1326.5114 37.0 35.851658
1329.7507 37.0 35.93921
1342.1707 37.0 36.274883
1343.5201 37.0 36.311356
1280.881 37.0 34.618404
1333.261 37.0 36.03408
1273.3204 37.0 34.414066
1291.4102 37.0 34.902977
1318.6803 37.0 35.640007
1337.3104 37.0 36.143524
1331.6406 37.0 35.990288
1326.2406 37.0 35.84434
1325.4318 37.0 35.82248
1314.6298 37.0 35.530533
1332.4498 37.0 36.012157
1313.0107 37.0 35.48678
1300.0513 37.0 35.13652
1318.6799 37.0 35.64
1348.1113 37.0 36.43544
1293.571 37.0 34.96138
1376.46 37.0 37.201622
1259.8217 37.0 34.049232
1331.6403 37.0 35.990276
1360.2621 37.0 36.76384
1354.8604 37.0 36.617847
1320.8405 37.0 35.69839
1323.8099 37.0 35.77865
1346.7604 37.0 36.39893
1364.0406 37.0 36.865963
1348.3802 37.0 36.44271
1299.2412 37.0 35.114628
1329.4807 37.0 35.93191
1288.4418 37.0 34.82275
1304.64 37.0 35.26054
1357.8307 37.0 36.698128
1319.2211 37.0 35.654625
1345.9508 37.0 36.37705
1336.7704 37.0 36.12893
1401.3 37.0 37.872974
1313.0105 37.0 35.48677
1313.8206 38.0 34.574226
1331.1006 38.0 35.02896
1311.9309 38.0 34.524498
1293.3009 38.0 34.034233
1263.6008 38.0 33.252655
1325.7014 38.0 34.88688
1341.3606 38.0 35.29896
1352.9708 38.0 35.604496
1346.4912 38.0 35.43398
1307.6108 38.0 34.410812
1374.5706 38.0 36.17291
1291.4103 38.0 33.98448
1314.9011 38.0 34.60266
1327.861 38.0 34.94371
1286.0109 38.0 33.842392
1277.9103 38.0 33.62922
1367.551 38.0 35.988186
1371.6001 38.0 36.094738
1368.6313 38.0 36.016613
1283.3108 38.0 33.771336
1311.9308 38.0 34.524494
1289.7913 38.0 33.941875
1350.2719 38.0 35.53347
1282.5007 38.0 33.75002
1364.3105 38.0 35.90291
1330.021 38.0 35.000553
1288.4401 38.0 33.90632
1264.9506 38.0 33.288174
1311.1205 38.0 34.50317
1322.4609 38.0 34.801605
1251.4509 38.0 32.93292
1332.7211 38.0 35.071606
1394.2805 38.0 36.691593
1260.9001 38.0 33.181583
1215.5413 38.0 31.987926
1224.7216 38.0 32.229515
1354.5906 38.0 35.64712
1259.0114 38.0 33.131878
1286.551 38.0 33.856606
1365.3907 38.0 35.931335
1224.9907 38.0 32.2366
1340.1094 39.0 34.36178
1290.6354 39.0 33.093216
1283.0662 39.0 32.89913
1350.9231 39.0 34.639053
1283.3357 39.0 32.906044
1304.4225 39.0 33.44673
1325.7804 39.0 33.99437
1273.6035 39.0 32.6565
1267.9259 39.0 32.51092
1269.5487 39.0 32.552532
1276.0374 39.0 32.718906
1253.3278 39.0 32.13661
1293.8798 39.0 33.176403
1261.7084 39.0 32.351498
1310.1 39.0 33.592308
1353.0852 39.0 34.694492
1299.016 39.0 33.3081
1259.8154 39.0 32.30296
1317.1294 39.0 33.77255
1274.9547 39.0 32.691147
1277.1187 39.0 32.74663
1251.4357 39.0 32.088093
1285.4995 39.0 32.961525
1352.8153 39.0 34.687572
1265.7638 39.0 32.455482
1303.8822 39.0 33.432877
1265.2225 39.0 32.441605
1320.6443 39.0 33.862675
1255.22 39.0 32.185127
1256.0312 39.0 32.20593
1270.6294 39.0 32.580242
1279.5509 39.0 32.809
1274.1438 39.0 32.670353
1308.2078 39.0 33.54379
1320.103 39.0 33.848797
1327.9436 39.0 34.049835
1257.3829 39.0 32.24059
1313.8846 39.0 33.68935
1298.4755 39.0 33.294243
1300.3677 39.0 33.342762
1274.9548 39.0 32.69115
1257.3904 40.0 31.434761
1267.3807 40.0 31.684519
1244.4312 40.0 31.110779
1310.8507 40.0 32.771267
1243.3499 40.0 31.083746
1250.3708 40.0 31.259272
1375.3815 40.0 34.384537
1266.0298 40.0 31.650745
1273.5902 40.0 31.839754
1258.2009 40.0 31.455023
1220.671 40.0 30.516775
1258.7408 40.0 31.468521
1302.7509 40.0 32.56877
1284.9307 40.0 32.12327
1261.441 40.0 31.536026
1248.2112 40.0 31.205278
1264.4109 40.0 31.610271
1295.4609 40.0 32.386524
1261.4408 40.0 31.53602
1257.9299 40.0 31.44825
1303.2911 40.0 32.58228
1180.7106 40.0 29.517763
1282.5005 40.0 32.06251
1282.7705 40.0 32.069263
1260.631 40.0 31.515776
1233.9014 40.0 30.847534
1314.6312 40.0 32.86578
1301.1317 40.0 32.528294
1254.9612 40.0 31.37403
1293.5717 40.0 32.33929
1287.09 40.0 32.17725
1283.5809 40.0 32.089523
1335.9601 40.0 33.399002
1299.7808 40.0 32.49452
1295.1912 40.0 32.37978
1270.6205 40.0 31.765512
1241.461 40.0 31.036528
1270.6207 40.0 31.765518
1281.6906 40.0 32.042263
1238.491 40.0 30.962275
1254.4207 40.0 31.360516
1202.0406 41.0 29.318064
1222.0201 41.0 29.805368
1310.8514 41.0 31.971987
1257.121 41.0 30.661486
1260.0903 41.0 30.73391
1217.6998 41.0 29.699997
1220.1309 41.0 29.75929
1229.0406 41.0 29.9766
1250.1008 41.0 30.490265
1252.2614 41.0 30.54296
1250.6405 41.0 30.503428
1227.1515 41.0 29.930523
1205.281 41.0 29.397099
1248.211 41.0 30.444172
1263.3302 41.0 30.812931
1222.5618 41.0 29.81858
1232.2806 41.0 30.055626
1248.4812 41.0 30.450762
1257.3906 41.0 30.668064
1238.7612 41.0 30.213688
1206.0911 41.0 29.416855
1272.2408 41.0 31.030264
1216.8912 41.0 29.680275
1261.7108 41.0 30.773434
1195.5604 41.0 29.160011
1236.061 41.0 30.147831
1262.2511 41.0 30.786612
1218.5104 41.0 29.719767
1257.66 41.0 30.674635
1252.7999 41.0 30.556097
1269.5402 41.0 30.964396
1261.1703 41.0 30.760252
1249.8318 41.0 30.483702
1244.9711 41.0 30.365147
1257.6608 41.0 30.674652
1207.981 41.0 29.462952
1246.3214 41.0 30.398083
1235.7904 41.0 30.14123
1189.891 41.0 29.02173
1239.8407 41.0 30.240017
1289.7911 41.0 31.45832
1235.2507 42.0 29.410732
1247.4009 42.0 29.700022
1249.5612 42.0 29.751455
1249.0209 42.0 29.738592
1244.701 42.0 29.63574
1228.2305 42.0 29.243582
1237.4105 42.0 29.462154
1210.9502 42.0 28.832148
1257.3905 42.0 29.93787
1232.2814 42.0 29.340033
1196.9113 42.0 28.497887
1208.2509 42.0 28.767878
1186.9208 42.0 28.26002
1195.5608 42.0 28.465733
1234.171 42.0 29.385023
1205.2803 42.0 28.69715
1215.5399 42.0 28.941427
1279.2607 42.0 30.45859
1257.1213 42.0 29.931461
1217.1603 42.0 28.980005
1203.3904 42.0 28.652153
1214.7313 42.0 28.922174
1177.7406 42.0 28.041443
1200.1508 42.0 28.575018
1226.8806 42.0 29.211443
1250.6411 42.0 29.77717
1220.9409 42.0 29.070023
1213.9208 42.0 28.902876
1205.5518 42.0 28.703613
1226.8805 42.0 29.21144
1246.0516 42.0 29.667896
1241.461 42.0 29.558596
1213.3805 42.0 28.890013
1253.8805 42.0 29.854298
1235.2513 42.0 29.410748
1223.9113 42.0 29.140743
1230.1206 42.0 29.288586
1191.7806 42.0 28.37573
1194.2118 42.0 28.433615
1216.6207 42.0 28.967161
1259.0107 42.0 29.976446
1254.9607 43.0 29.185131
1170.4513 43.0 27.219797
1169.1011 43.0 27.188396
1224.4508 43.0 28.4756
1186.3811 43.0 27.590258
1241.4604 43.0 28.871174
1183.6814 43.0 27.527473
1229.3112 43.0 28.58863
1222.5607 43.0 28.431644
1220.6704 43.0 28.387684
1182.6013 43.0 27.502356
1243.6206 43.0 28.92141
1176.1206 43.0 27.351643
1237.1403 43.0 28.770702
1206.6301 43.0 28.061165
1237.6812 43.0 28.783283
1231.2008 43.0 28.632576
1208.7908 43.0 28.111412
1209.3308 43.0 28.123972
1193.4006 43.0 27.753502
1214.7313 43.0 28.249567
1210.1405 43.0 28.142801
1187.1908 43.0 27.609089
1175.5809 43.0 27.33909
1247.9404 43.0 29.02187
1215.271 43.0 28.262115
1213.1111 43.0 28.211885
1178.0105 43.0 27.395592
1200.4205 43.0 27.916758
1206.6309 43.0 28.061182
1203.1206 43.0 27.97955
1182.6008 43.0 27.502346
1190.9706 43.0 27.696991
1236.0609 43.0 28.745602
1214.1903 43.0 28.236984
1205.8206 43.0 28.042337
1165.8617 43.0 27.113064
1210.4109 43.0 28.14909
1203.6611 43.0 27.99212
1183.6809 43.0 27.527462
1210.952 43.0 28.161676
1182.33 44.0 26.871136
1157.7604 44.0 26.312735
1171.2606 44.0 26.619558
1164.5107 44.0 26.466154
1183.9503 44.0 26.90796
1192.5906 44.0 27.104332
1183.6809 44.0 26.90184
1173.6908 44.0 26.674791
1155.8713 44.0 26.269802
1190.7009 44.0 27.061386
1224.7212 44.0 27.834572
1185.8406 44.0 26.950922
1215.541 44.0 27.62593
1181.2513 44.0 26.846622
1204.7405 44.0 27.380465
1180.1709 44.0 26.822065
1111.8606 44.0 25.26956
1213.9216 44.0 27.589128
1184.2213 44.0 26.914122
1152.6309 44.0 26.196156
1169.3715 44.0 26.576624
1175.0396 44.0 26.705444
1200.1504 44.0 27.276146
1221.7505 44.0 27.767057
1132.9198 44.0 25.748178
1205.0111 44.0 27.386616
1204.2003 44.0 27.368189
1156.1412 44.0 26.275938
1215.8108 44.0 27.632065
1201.7714 44.0 27.312986
1229.3109 44.0 27.938885
1134.2706 44.0 25.77888
1195.0208 44.0 27.159561
1184.7606 44.0 26.926378
1179.901 44.0 26.815931
1168.0205 44.0 26.545921
1240.9207 44.0 28.202742
1230.391 44.0 27.96343
1131.0305 44.0 25.705238
1180.1715 44.0 26.82208
1217.7017 44.0 27.675037
1119.6906 45.0 24.882011
1217.4316 45.0 27.054035
1172.6111 45.0 26.058023
1124.2804 45.0 24.984009
1162.8912 45.0 25.842028
1142.1003 45.0 25.380009
1136.7006 45.0 25.260012
1163.701 45.0 25.860023
1185.3013 45.0 26.340029
1162.6213 45.0 25.836031
1178.011 45.0 26.178022
1196.3712 45.0 26.586027
1135.6222 45.0 25.236048
1194.2102 45.0 26.538006
1174.7709 45.0 26.10602
1202.8514 45.0 26.730032
1142.371 45.0 25.38602
1186.3813 45.0 26.36403
1147.2307 45.0 25.494017
1174.7708 45.0 26.106016
1172.3403 45.0 26.052008
1172.3407 45.0 26.052015
1130.7618 45.0 25.128042
1094.581 45.0 24.324024
1213.1105 45.0 26.958012
1174.2313 45.0 26.09403
1152.6309 45.0 25.61402
1152.9003 45.0 25.620007
1173.6915 45.0 26.082033
1185.5708 45.0 26.346018
1209.3306 45.0 26.874014
1134.2714 45.0 25.20603
1143.4508 45.0 25.410019
1160.7317 45.0 25.794037
1203.6609 45.0 26.74802
1161.27 45.0 25.806002
1179.9014 45.0 26.220032
1124.0106 45.0 24.978014
1139.1306 45.0 25.314014
1168.5607 45.0 25.968014
1160.7306 45.0 25.794014
1068.1207 46.0 23.220016
1137.5106 46.0 24.728493
1160.1909 46.0 25.22154
1161.0013 46.0 25.23916
1115.6407 46.0 24.25306
1181.7908 46.0 25.691103
1147.7704 46.0 24.95153
1114.0199 46.0 24.217823
1130.761 46.0 24.58176
1111.5911 46.0 24.165024
1141.8315 46.0 24.822424
1169.641 46.0 25.426977
1159.3807 46.0 25.20393
1108.6206 46.0 24.100449
1176.6608 46.0 25.579582
1152.3612 46.0 25.05133
1115.9106 46.0 24.258926
1139.671 46.0 24.775457
1165.0515 46.0 25.327208
1157.4912 46.0 25.162853
1112.941 46.0 24.19437
1164.2413 46.0 25.309593
1150.471 46.0 25.010237
1138.0507 46.0 24.74023
1155.6013 46.0 25.121769
1182.3314 46.0 25.702858
1148.3113 46.0 24.963287
1151.2821 46.0 25.027872
1163.4312 46.0 25.29198
1132.3811 46.0 24.61698
1149.121 46.0 24.98089
1119.151 46.0 24.329369
1144.5305 46.0 24.881098
1137.7805 46.0 24.73436
1125.3606 46.0 24.464361
1173.4207 46.0 25.509146
1181.5203 46.0 25.685223
1158.031 46.0 25.174587
1119.1506 46.0 24.329361
1150.2013 46.0 25.004375
1158.5709 46.0 25.186323
1116.4509 47.0 23.754276
1117.8003 47.0 23.782984
1122.1204 47.0 23.8749
1151.0114 47.0 24.489603
1124.011 47.0 23.915127
1109.4305 47.0 23.604906
1164.7806 47.0 24.782568
1101.8711 47.0 23.444065
1165.591 47.0 24.799807
1094.3112 47.0 23.283216
1168.2916 47.0 24.857267
1165.861 47.0 24.805553
1096.4713 47.0 23.329178
1136.7006 47.0 24.185118
1158.8405 47.0 24.65618
1117.8011 47.0 23.783003
1135.621 47.0 24.162148
1125.092 47.0 23.938128
1149.3907 47.0 24.455122
1102.1405 47.0 23.449799
1152.6302 47.0 24.524048
1147.7711 47.0 24.420662
1099.4414 47.0 23.39237
1160.1908 47.0 24.68491
1146.1506 47.0 24.386185
1077.8406 47.0 22.93278
1108.8912 47.0 23.593431
1142.6417 47.0 24.311525
1132.1111 47.0 24.08747
1146.1525 47.0 24.386223
1141.5607 47.0 24.288525
1135.8917 47.0 24.16791
1112.9418 47.0 23.679613
1167.481 47.0 24.840021
1136.7018 47.0 24.185144
1088.1011 47.0 23.151087
1105.921 47.0 23.530233
1132.111 47.0 24.087467
1122.1208 47.0 23.874912
1167.7509 47.0 24.845762
1112.6709 47.0 23.67385
1120.7704 48.0 23.349382
1111.8615 48.0 23.16378
1055.4313 48.0 21.988152
1107.5414 48.0 23.073778
1077.5714 48.0 22.449404
1111.5905 48.0 23.158134
1093.7708 48.0 22.78689
1089.9905 48.0 22.708134
1144.261 48.0 23.83877
1134.2714 48.0 23.630653
1101.8711 48.0 22.955648
1113.2109 48.0 23.191895
1137.5107 48.0 23.698141
1091.0708 48.0 22.73064
1119.1515 48.0 23.315657
1067.041 48.0 22.230022
1145.0713 48.0 23.855652
1107.5408 48.0 23.073767
1115.1006 48.0 23.231262
1113.7516 48.0 23.203157
1115.3717 48.0 23.23691
1105.9216 48.0 23.040035
1140.2108 48.0 23.754393
1088.6414 48.0 22.680027
1141.0214 48.0 23.771278
1117.8007 48.0 23.287514
1061.1014 48.0 22.10628
1122.9305 48.0 23.394386
1098.3606 48.0 22.882511
1120.501 48.0 23.34377
1084.8613 48.0 22.601278
1111.8601 48.0 23.163754
1137.511 48.0 23.698145
1108.8914 48.0 23.101902
1104.8406 48.0 23.017511
1133.1904 48.0 23.608135
1089.9913 48.0 22.708153
1131.0309 48.0 23.563143
1099.1707 48.0 22.899387
1058.1309 48.0 22.044392
1137.7811 48.0 23.703773
1058.4006 49.0 21.600012
1055.7014 49.0 21.544928
1095.9314 49.0 22.365948
1060.2906 49.0 21.638584
1057.0513 49.0 21.572475
1127.5209 49.0 23.01063
1062.4508 49.0 21.68267
1073.5203 49.0 21.908577
1061.3713 49.0 21.660639
1103.7611 49.0 22.525736
1083.2406 49.0 22.10695
1084.3215 49.0 22.129011
1106.1903 49.0 22.575312
1085.1305 49.0 22.145521
1113.2106 49.0 22.718582
1077.3013 49.0 21.98574
1084.3212 49.0 22.129004
1064.0702 49.0 21.71572
1074.6007 49.0 21.930628
1107.0012 49.0 22.591862
1062.4501 49.0 21.682655
1095.1202 49.0 22.349392
1080.8099 49.0 22.057346
1097.8212 49.0 22.404512
1076.7614 49.0 21.974722
1083.7806 49.0 22.117971
1092.1499 49.0 22.288773
1010.34033 49.0 20.61919
1095.6609 49.0 22.360426
1064.8805 49.0 21.732254
1019.7914 49.0 20.812069
1093.7715 49.0 22.321867
1084.0515 49.0 22.1235
1052.7306 49.0 21.484299
1124.01 49.0 22.93898
1099.981 49.0 22.448591
1094.851 49.0 22.343897
1092.6918 49.0 22.299831
1102.9519 49.0 22.509222
1053.0007 49.0 21.48981
1091.0713 49.0 22.266762
1031.1309 50.0 20.622618
1047.871 50.0 20.957418
1097.0122 50.0 21.940245
1068.931 50.0 21.37862
1051.921 50.0 21.03842
1063.5309 50.0 21.270618
1091.8812 50.0 21.837624
1061.6411 50.0 21.232822
1077.5714 50.0 21.551428
1015.4701 50.0 20.309402
1028.161 50.0 20.56322
1037.8807 50.0 20.757614
1087.8309 50.0 21.756618
1080.5409 50.0 21.610819
1081.8907 50.0 21.637815
1065.4214 50.0 21.308428
1051.6514 50.0 21.033028
1068.6611 50.0 21.373222
1024.921 50.0 20.49842
1031.6716 50.0 20.633432
1008.9912 50.0 20.179825
1071.0906 50.0 21.421812
1106.7303 50.0 22.134607
1045.7107 50.0 20.914215
1081.3511 50.0 21.627022
1062.4507 50.0 21.249014
1062.451 50.0 21.249022
1071.6311 50.0 21.432623
1071.9009 50.0 21.438019
1072.4409 50.0 21.448818
1037.6113 50.0 20.752226
1073.2507 50.0 21.465014
1068.6609 50.0 21.373219
1056.2408 50.0 21.124817
1033.021 50.0 20.66042
1087.5599 50.0 21.751198
1057.0507 50.0 21.141014
1057.0503 50.0 21.141006
1084.861 50.0 21.69722
1041.3912 50.0 20.827824
1036.8005 50.0 20.73601
1067.0411 51.0 20.922375
1045.1709 51.0 20.493547
1078.9205 51.0 21.155304
1057.0509 51.0 20.726488
1050.5712 51.0 20.599434
1030.5911 51.0 20.207668
988.7407 51.0 19.387074
1057.0508 51.0 20.726486
1012.771 51.0 19.858255
1055.7006 51.0 20.70001
1086.4813 51.0 21.303556
1077.5704 51.0 21.128832
1055.1605 51.0 20.689423
1058.9403 51.0 20.763535
1052.1908 51.0 20.631191
1052.1908 51.0 20.631193
1040.5802 51.0 20.403534
1007.3709 51.0 19.75237
986.0406 51.0 19.33413
1041.121 51.0 20.414137
1020.6004 51.0 20.011772
1047.6012 51.0 20.5412
1036.5306 51.0 20.324131
1069.201 51.0 20.964727
1077.8406 51.0 21.134129
1055.7013 51.0 20.700026
1056.2408 51.0 20.710606
1050.841 51.0 20.604725
1055.1606 51.0 20.689425
1062.4509 51.0 20.83237
1045.7106 51.0 20.50413
1017.0908 51.0 19.942957
1052.1908 51.0 20.631191
1043.0112 51.0 20.4512
1061.6407 51.0 20.816486
1040.5806 51.0 20.40354
1045.441 51.0 20.498844
1062.4506 51.0 20.832365
1055.4308 51.0 20.694721
1006.561 51.0 19.73649
1035.1812 51.0 20.297668
1012.2317 52.0 19.465994
1010.88153 52.0 19.44003
1030.0508 52.0 19.80867
980.3709 52.0 18.853287
1035.7205 52.0 19.917702
1041.9309 52.0 20.037132
1034.6412 52.0 19.896948
1052.7313 52.0 20.244833
997.6516 52.0 19.185608
1026.0007 52.0 19.730783
1014.3916 52.0 19.50753
1000.3503 52.0 19.237505
1017.90076 52.0 19.575014
1023.84106 52.0 19.68925
1003.861 52.0 19.30502
1009.53064 52.0 19.414051
1039.7708 52.0 19.99559
1014.93134 52.0 19.51791
1003.59125 52.0 19.299831
1008.9899 52.0 19.403652
1006.0211 52.0 19.34656
1013.041 52.0 19.481558
1031.9414 52.0 19.845028
1039.7708 52.0 19.995592
1024.1111 52.0 19.694443
1034.9108 52.0 19.90213
1013.0403 52.0 19.481544
987.1215 52.0 18.983107
1017.09064 52.0 19.559435
1051.9211 52.0 20.229252
969.0308 52.0 18.635208
1037.0708 52.0 19.943668
1031.9417 52.0 19.845032
1010.6121 52.0 19.434849
1021.1417 52.0 19.63734
987.9303 52.0 18.99866
1022.49146 52.0 19.663298
1041.6604 52.0 20.03193
1041.931 52.0 20.037136
1030.3207 52.0 19.81386
1032.7505 52.0 19.860586
990.21515 52.999996 18.683306
980.75616 52.999996 18.504835
979.67474 52.999996 18.48443
967.51337 52.999996 18.25497
1018.5914 52.999996 19.218706
1019.1325 52.999996 19.228916
1004.8086 52.999996 18.958654
1000.485 52.999996 18.877077
992.64703 52.999996 18.72919
999.40375 52.999996 18.856676
1055.077 52.999996 19.907114
998.3227 52.999996 18.836279
998.32263 52.999996 18.836277
1010.7546 52.999996 19.070843
1000.7551 52.999996 18.882174
1033.1852 52.999996 19.494062
998.3224 52.999996 18.836273
991.5671 52.999996 18.708815
993.99884 52.999996 18.754696
1022.64557 52.999996 19.2952
1022.6459 52.999996 19.295206
1001.56573 52.999996 18.897469
1000.2143 52.999996 18.87197
1020.2136 52.999996 19.249315
1028.0511 52.999996 19.397192
996.9717 52.999996 18.810787
1016.42914 52.999996 19.17791
1013.99774 52.999996 19.132034
1009.40314 52.999996 19.045343
1001.29553 52.999996 18.89237
997.78217 52.999996 18.82608
989.4046 52.999996 18.668013
996.4307 52.999996 18.800581
1016.42944 52.999996 19.177916
978.3238 52.999996 18.45894
1010.21436 52.999996 19.06065
997.782 52.999996 18.826077
1020.75385 52.999996 19.259508
999.134 52.999996 18.851585
979.13403 52.999996 18.474228
991.2965 52.999996 18.703709
968.2202 54.000004 17.930002
954.9905 54.000004 17.685007
974.4305 54.000004 18.045008
983.8804 54.000004 18.220005
948.7815 54.000004 17.570026
977.4014 54.000004 18.100025
935.2812 54.000004 17.32002
991.44183 54.000004 18.360033
995.7611 54.000004 18.44002
982.26154 54.000004 18.190027
967.95026 54.000004 17.925003
973.89087 54.000004 18.035015
959.58154 54.000004 17.770027
994.68134 54.000004 18.420023
980.3715 54.000004 18.155027
990.09106 54.000004 18.335018
1012.2317 54.000004 18.74503
1016.0109 54.000004 18.815016
946.3511 54.000004 17.525019
984.6909 54.000004 18.235016
948.78076 54.000004 17.570013
927.1806 54.000004 17.17001
972.27094 54.000004 18.005016
1000.08167 54.000004 18.52003
974.16113 54.000004 18.04002
950.94135 54.000004 17.610023
962.281 54.000004 17.820017
943.3803 54.000004 17.470005
988.2009 54.000004 18.300016
921.5114 54.000004 17.065025
1008.7206 54.000004 18.68001
1007.37115 54.000004 18.65502
1004.1307 54.000004 18.59501
964.7109 54.000004 17.865015
1020.6014 54.000004 18.900024
999.2709 54.000004 18.505014
993.8707 54.000004 18.405012
985.501 54.000004 18.250017
964.9807 54.000004 17.870012
1007.9111 54.000004 18.665018
1000.8917 54.000004 18.53503
930.69104 55.0 16.921656
966.60126 55.0 17.574568
1002.2413 55.0 18.222569
979.8313 55.0 17.815115
972.00116 55.0 17.672749
951.751 55.0 17.304564
979.5611 55.0 17.810202
961.2007 55.0 17.476376
954.9907 55.0 17.363468
916.92126 55.0 16.671295
967.6805 55.0 17.59419
952.56055 55.0 17.319283
935.2807 55.0 17.005104
979.29065 55.0 17.805285
951.7505 55.0 17.304554
965.52094 55.0 17.554926
993.331 55.0 18.060564
963.091 55.0 17.510746
966.87085 55.0 17.57947
956.6109 55.0 17.392925
954.451 55.0 17.353655
950.13055 55.0 17.2751
965.2506 55.0 17.55001
989.0113 55.0 17.982023
960.6606 55.0 17.466557
986.5812 55.0 17.93784
929.07074 55.0 16.892195
978.75037 55.0 17.795462
929.8808 55.0 16.906923
945.27136 55.0 17.186752
966.60156 55.0 17.574574
950.40173 55.0 17.280031
975.51074 55.0 17.736559
952.2914 55.0 17.314388
976.5911 55.0 17.756203
949.59125 55.0 17.265295
972.2712 55.0 17.677658
922.8606 55.0 16.779284
981.99054 55.0 17.854374
964.7112 55.0 17.540203
973.8911 55.0 17.707111
937.1709 56.0 16.735195
982.801 56.0 17.550018
943.651 56.0 16.85091
948.5104 56.0 16.937685
927.9916 56.0 16.571278
959.58215 56.0 17.135395
915.84106 56.0 16.354305
950.4005 56.0 16.971437
953.1013 56.0 17.019667
925.8312 56.0 16.5327
915.30054 56.0 16.344652
931.50085 56.0 16.633944
910.71094 56.0 16.262695
933.6606 56.0 16.67251
884.52094 56.0 15.795016
922.3204 56.0 16.470007
933.9309 56.0 16.677338
960.1214 56.0 17.145025
894.51074 56.0 15.973406
915.3013 56.0 16.344666
923.4006 56.0 16.489296
939.8706 56.0 16.783403
952.2899 56.0 17.005177
927.18066 56.0 16.556797
923.6706 56.0 16.494118
925.2906 56.0 16.523046
919.35114 56.0 16.416985
952.0204 56.0 17.000364
962.28094 56.0 17.183588
946.621 56.0 16.903946
956.88086 56.0 17.087158
940.6814 56.0 16.797882
901.5309 56.0 16.098766
891.5413 56.0 15.920381
918.0009 56.0 16.392874
930.9604 56.0 16.624292
950.67126 56.0 16.976273
938.52124 56.0 16.759308
956.3414 56.0 17.077524
944.4617 56.0 16.865387
927.72034 56.0 16.566435
946.35095 57.0 16.602648
881.01056 57.0 15.456326
894.7806 57.0 15.697905
920.9703 57.0 16.157373
888.5706 57.0 15.588958
903.1509 57.0 15.844752
952.02106 57.0 16.702124
922.86035 57.0 16.190533
889.38104 57.0 15.603176
884.5208 57.0 15.517909
913.6808 57.0 16.029488
925.0205 57.0 16.22843
899.9107 57.0 15.787908
908.8205 57.0 15.94422
929.34033 57.0 16.304216
909.631 57.0 15.958438
934.2008 57.0 16.389488
932.04114 57.0 16.351599
931.77075 57.0 16.346855
894.78046 57.0 15.697903
925.5607 57.0 16.237907
906.9303 57.0 15.911057
951.7507 57.0 16.69738
889.11127 57.0 15.598443
932.5818 57.0 16.361084
920.43115 57.0 16.147915
923.401 57.0 16.200018
932.8509 57.0 16.365805
942.8408 57.0 16.541067
923.94037 57.0 16.20948
932.58154 57.0 16.36108
899.64087 57.0 15.783174
931.2311 57.0 16.337387
918.8105 57.0 16.119482
908.0107 57.0 15.930012
929.8808 57.0 16.313698
941.22125 57.0 16.512653
913.1418 57.0 16.020031
934.47156 57.0 16.394238
897.75024 57.0 15.750005
943.1113 57.0 16.545813
869.94025 58.0 14.99897
889.1106 58.0 15.329493
864.2702 58.0 14.901211
889.1114 58.0 15.329507
875.0708 58.0 15.087427
917.46155 58.0 15.818302
896.1305 58.0 15.450525
903.96063 58.0 15.585528
879.3915 58.0 15.161922
904.5001 58.0 15.59483
887.2209 58.0 15.296912
855.09125 58.0 14.742952
896.4014 58.0 15.455197
849.6908 58.0 14.649841
845.3706 58.0 14.575356
904.77136 58.0 15.599506
917.1906 58.0 15.813631
903.1508 58.0 15.571566
896.1311 58.0 15.450536
878.58105 58.0 15.147949
894.78125 58.0 15.427263
918.8112 58.0 15.841573
927.9907 58.0 15.99984
891.2711 58.0 15.366743
907.7409 58.0 15.650705
887.2208 58.0 15.29691
893.16095 58.0 15.399326
881.5506 58.0 15.199148
911.251 58.0 15.711224
905.5806 58.0 15.61346
919.6207 58.0 15.85553
924.21124 58.0 15.934676
912.33075 58.0 15.72984
881.5511 58.0 15.199157
905.3106 58.0 15.608804
886.14044 58.0 15.278283
893.1605 58.0 15.39932
910.4408 58.0 15.697255
910.4406 58.0 15.697252
909.63074 58.0 15.683289
900.7205 58.0 15.529664
857.97784 58.999996 14.541998
857.7076 58.999996 14.537417
855.2756 58.999996 14.496197
869.86816 58.999996 14.743529
893.1073 58.999996 15.137413
883.1095 58.999996 14.967958
866.8953 58.999996 14.693142
877.97455 58.999996 14.880925
879.05585 58.999996 14.899253
912.56415 58.999996 15.46719
881.48785 58.999996 14.940474
899.86383 58.999996 15.25193
882.8386 58.999996 14.963367
866.0846 58.999996 14.6794
855.81635 58.999996 14.5053625
883.9203 58.999996 14.981701
852.57336 58.999996 14.450397
870.13824 58.999996 14.748107
872.8403 58.999996 14.793904
890.9455 58.999996 15.100772
880.1367 58.999996 14.917573
872.8405 58.999996 14.793908
896.6203 58.999996 15.196956
840.1426 58.999996 14.239706
862.3017 58.999996 14.615284
902.29626 58.999996 15.293158
899.05316 58.999996 15.23819
874.732 58.999996 14.825967
843.65546 58.999996 14.299246
878.7853 58.999996 14.894667
893.91833 58.999996 15.151159
865.27374 58.999996 14.665658
867.97656 58.999996 14.711468
895.8102 58.999996 15.183225
869.3277 58.999996 14.734368
896.0801 58.999996 15.1877985
867.4366 58.999996 14.702316
880.67725 58.999996 14.926734
912.8344 58.999996 15.47177
915.8075 58.999996 15.5221615
912.8345 58.999996 15.471771
851.3106 60.000004 14.188509
875.88086 60.000004 14.598013
842.1311 60.000004 14.035518
855.361 60.000004 14.256016
862.6506 60.000004 14.377508
859.1412 60.000004 14.319018
856.9808 60.000004 14.283012
856.98065 60.000004 14.28301
851.31085 60.000004 14.188514
854.5512 60.000004 14.242519
847.26044 60.000004 14.121006
877.5012 60.000004 14.625019
864.81036 60.000004 14.413506
869.67145 60.000004 14.494523
879.12067 60.000004 14.65201
857.2508 60.000004 14.287512
872.10114 60.000004 14.535018
855.6311 60.000004 14.260517
866.4311 60.000004 14.440517
834.03064 60.000004 13.90051
862.6515 60.000004 14.377524
856.7107 60.000004 14.278511
838.3506 60.000004 13.972508
875.3403 60.000004 14.589004
835.6507 60.000004 13.927511
864.54205 60.000004 14.409033
849.42084 60.000004 14.157013
857.52014 60.000004 14.292002
850.50037 60.000004 14.175005
850.5009 60.000004 14.1750145
858.33075 60.000004 14.305511
815.4008 60.000004 13.590013
856.7107 60.000004 14.278511
863.1906 60.000004 14.386509
868.8606 60.000004 14.4810095
876.6905 60.000004 14.611507
861.0305 60.000004 14.350508
869.40045 60.000004 14.490006
864.001 60.000004 14.400016
831.6014 60.000004 13.860023
848.61053 60.000004 14.143508
817.8306 61.0 13.40706
820.2606 61.0 13.446896
835.11115 61.0 13.690347
812.70074 61.0 13.322963
823.77136 61.0 13.504449
834.30066 61.0 13.67706
831.0607 61.0 13.623946
839.16046 61.0 13.756729
844.291 61.0 13.840837
835.92053 61.0 13.703615
827.8206 61.0 13.570829
796.77075 61.0 13.061815
829.4403 61.0 13.597383
851.851 61.0 13.96477
846.99054 61.0 13.885091
828.631 61.0 13.584114
839.7007 61.0 13.765585
849.69073 61.0 13.929357
847.26074 61.0 13.889521
845.64087 61.0 13.862965
830.2505 61.0 13.610663
851.3107 61.0 13.955914
837.81036 61.0 13.734596
832.6806 61.0 13.650501
832.41077 61.0 13.646078
827.2801 61.0 13.561969
841.5904 61.0 13.796564
840.24097 61.0 13.774442
855.63074 61.0 14.026733
825.6605 61.0 13.5354185
834.3003 61.0 13.677054
834.3005 61.0 13.677057
807.57025 61.0 13.238856
839.4305 61.0 13.761155
831.8708 61.0 13.637226
822.151 61.0 13.477885
833.7605 61.0 13.668205
849.15106 61.0 13.920509
797.8505 61.0 13.079516
846.1805 61.0 13.871811
870.4808 61.0 14.270177
807.5704 62.0 13.025329
819.1811 62.0 13.212598
794.88086 62.0 12.820659
844.0205 62.0 13.613234
803.25073 62.0 12.955657
809.73 62.0 13.060161
813.7811 62.0 13.125502
794.0708 62.0 12.807593
798.1203 62.0 12.872908
828.0905 62.0 13.356298
842.6709 62.0 13.591466
796.50073 62.0 12.8467865
819.1808 62.0 13.212593
779.49097 62.0 12.572435
795.1507 62.0 12.825011
804.8707 62.0 12.981786
830.5207 62.0 13.395495
794.881 62.0 12.820661
846.72076 62.0 13.656787
844.56104 62.0 13.621952
786.7802 62.0 12.690003
821.34094 62.0 13.247435
785.4309 62.0 12.668241
809.1907 62.0 13.051462
775.4409 62.0 12.507112
794.6103 62.0 12.816295
827.82056 62.0 13.351944
833.49097 62.0 13.443402
835.9206 62.0 13.482591
819.45087 62.0 13.216949
802.4405 62.0 12.942589
820.5308 62.0 13.234368
792.45044 62.0 12.781459
836.19073 62.0 13.486947
839.16003 62.0 13.53484
835.6515 62.0 13.47825
811.6205 62.0 13.090652
812.43085 62.0 13.103724
787.5905 62.0 12.703073
812.4302 62.0 13.103712
819.7206 62.0 13.2213
790.8302 63.0 12.55286
773.01 63.0 12.27
796.23126 63.0 12.638592
802.71106 63.0 12.741446
770.3104 63.0 12.22715
790.56024 63.0 12.548575
804.3307 63.0 12.767154
789.21075 63.0 12.527155
795.9603 63.0 12.634291
788.6709 63.0 12.518585
777.3307 63.0 12.338582
778.4107 63.0 12.355725
821.61084 63.0 13.041442
797.0405 63.0 12.651437
787.3206 63.0 12.497152
798.93097 63.0 12.681444
808.92017 63.0 12.840003
800.5508 63.0 12.707155
785.9708 63.0 12.475727
790.8307 63.0 12.552868
784.6211 63.0 12.454303
792.7206 63.0 12.582867
801.3604 63.0 12.720007
794.07117 63.0 12.604304
790.831 63.0 12.552873
756.27094 63.0 12.0043
786.5108 63.0 12.484299
807.03094 63.0 12.810015
780.57086 63.0 12.390014
785.4305 63.0 12.467151
800.281 63.0 12.702873
767.07043 63.0 12.175721
828.9007 63.0 13.157154
787.8611 63.0 12.505732
792.7201 63.0 12.582859
768.9609 63.0 12.205729
750.3308 63.0 11.910013
794.6104 63.0 12.612864
795.9607 63.0 12.634296
798.3912 63.0 12.672875
775.9808 63.0 12.317155
766.8008 64.0 11.981262
768.69086 64.0 12.010795
746.5505 64.0 11.664851
782.1908 64.0 12.221731
767.3403 64.0 11.989692
761.4007 64.0 11.896886
792.7208 64.0 12.386263
766.26013 64.0 11.972815
762.48016 64.0 11.913753
756.81055 64.0 11.825165
736.8309 64.0 11.512982
767.8803 64.0 11.99813
770.58105 64.0 12.040329
781.1105 64.0 12.204851
774.09076 64.0 12.095168
772.74097 64.0 12.074078
749.25 64.0 11.707031
775.1708 64.0 12.112043
754.65063 64.0 11.791416
770.3104 64.0 12.0361
796.7706 64.0 12.449541
785.1607 64.0 12.268136
788.40076 64.0 12.318762
769.23047 64.0 12.019226
751.95105 64.0 11.749235
753.8407 64.0 11.778761
759.5107 64.0 11.867354
790.29047 64.0 12.348289
768.42053 64.0 12.006571
770.8507 64.0 12.044542
733.5909 64.0 11.4623575
767.8804 64.0 11.998131
759.2402 64.0 11.863128
771.9306 64.0 12.061416
783.54034 64.0 12.242818
814.8609 64.0 12.732202
743.5806 64.0 11.618447
812.70056 64.0 12.698446
763.0206 64.0 11.922197
752.491 64.0 11.757672
780.03064 64.0 12.187979
761.9408 65.0 11.722166
752.22095 65.0 11.57263
773.01086 65.0 11.892475
749.2503 65.0 11.526928
763.0204 65.0 11.738775
742.7706 65.0 11.42724
744.66113 65.0 11.456326
752.49023 65.0 11.576773
746.5502 65.0 11.485387
754.38116 65.0 11.605865
775.44073 65.0 11.929857
734.671 65.0 11.302631
739.26074 65.0 11.373242
739.80054 65.0 11.381547
724.9502 65.0 11.15308
761.67126 65.0 11.7180195
754.11035 65.0 11.601698
737.9105 65.0 11.352469
735.7505 65.0 11.319239
759.7805 65.0 11.688931
715.2309 65.0 11.003552
746.5507 65.0 11.485395
747.3611 65.0 11.497863
765.9908 65.0 11.784473
741.15045 65.0 11.402314
765.18097 65.0 11.772015
737.10114 65.0 11.340017
745.7405 65.0 11.472931
722.7903 65.0 11.11985
757.35095 65.0 11.651553
741.96027 65.0 11.414773
757.8905 65.0 11.659854
734.67084 65.0 11.3026285
754.38055 65.0 11.605855
770.0403 65.0 11.846773
736.56116 65.0 11.33171
759.7805 65.0 11.688931
717.3902 65.0 11.036773
745.47034 65.0 11.468775
726.5705 65.0 11.178008
760.32043 65.0 11.697237
723.6004 66.0 10.963642
721.7105 66.0 10.935008
743.04095 66.0 11.258196
732.24023 66.0 11.094549
681.75085 66.0 10.329558
717.93066 66.0 10.877737
734.4008 66.0 11.127285
726.03094 66.0 11.000469
707.94025 66.0 10.726367
703.62054 66.0 10.660917
709.8311 66.0 10.755017
729.27045 66.0 11.049552
722.5203 66.0 10.947278
744.6606 66.0 11.282736
733.05084 66.0 11.106831
728.46014 66.0 11.037275
734.94073 66.0 11.135466
734.9402 66.0 11.135457
727.1102 66.0 11.016822
721.17035 66.0 10.926824
752.76044 66.0 11.405461
728.1907 66.0 11.033192
761.40027 66.0 11.536367
727.9203 66.0 11.029096
714.6909 66.0 10.82865
716.3107 66.0 10.853193
731.1609 66.0 11.078196
717.3904 66.0 10.869552
698.7608 66.0 10.587285
726.84064 66.0 11.012737
711.72003 66.0 10.783637
736.0206 66.0 11.151828
737.9102 66.0 11.180458
736.56104 66.0 11.160016
728.1905 66.0 11.033189
719.5507 66.0 10.902284
713.6106 66.0 10.812282
730.89044 66.0 11.074098
722.251 66.0 10.943196
727.11035 66.0 11.016824
747.3602 66.0 11.32364
742.2306 67.0 11.078069
702.0004 67.0 10.477618
714.6908 67.0 10.6670265
704.97076 67.0 10.521952
738.7205 67.0 11.02568
697.4105 67.0 10.409112
716.58075 67.0 10.695235
694.98083 67.0 10.3728485
706.8607 67.0 10.55016
712.8004 67.0 10.638812
714.1505 67.0 10.658963
705.7805 67.0 10.534038
701.4608 67.0 10.469564
719.5501 67.0 10.739553
673.11066 67.0 10.046428
683.37036 67.0 10.199557
711.7205 67.0 10.622694
709.83044 67.0 10.594484
727.9202 67.0 10.864481
683.6407 67.0 10.203592
686.61066 67.0 10.24792
710.10046 67.0 10.598515
702.001 67.0 10.477627
722.5204 67.0 10.783886
691.4709 67.0 10.320461
689.8509 67.0 10.296282
702.5408 67.0 10.485683
710.1004 67.0 10.598514
695.5203 67.0 10.3809
714.9608 67.0 10.671057
690.93036 67.0 10.312393
744.6606 67.0 11.114337
692.281 67.0 10.332552
694.7109 67.0 10.368819
711.1802 67.0 10.61463
682.29047 67.0 10.18344
702.81085 67.0 10.489715
710.37024 67.0 10.602541
705.51086 67.0 10.530013
697.9503 67.0 10.417169
712.26025 67.0 10.63075
650.7002 68.0 9.56912
680.40045 68.0 10.005889
703.8909 68.0 10.351337
700.9208 68.0 10.307658
685.26044 68.0 10.077359
673.6505 68.0 9.906625
704.43024 68.0 10.359268
685.8 68.0 10.085294
694.7107 68.0 10.216333
691.7406 68.0 10.172656
657.18054 68.0 9.66442
674.19116 68.0 9.914576
691.4707 68.0 10.168687
667.71063 68.0 9.819274
698.22034 68.0 10.267946
678.7805 68.0 9.982066
688.23065 68.0 10.121039
676.08 68.0 9.942353
683.10065 68.0 10.045598
692.2803 68.0 10.180593
671.2209 68.0 9.870895
690.39044 68.0 10.152801
699.5705 68.0 10.287802
695.5202 68.0 10.228238
708.21094 68.0 10.414866
689.31055 68.0 10.13692
667.17004 68.0 9.811324
685.2609 68.0 10.077367
719.28076 68.0 10.577659
695.2509 68.0 10.224278
711.1805 68.0 10.458536
670.6802 68.0 9.862944
692.55 68.0 10.184559
668.7905 68.0 9.835155
676.8906 68.0 9.954274
687.6906 68.0 10.113097
696.3307 68.0 10.240157
692.2803 68.0 10.180593
687.9605 68.0 10.117066
700.3801 68.0 10.299707
675.2707 68.0 9.930451
672.5707 69.0 9.747401
642.6001 69.0 9.313045
683.91064 69.0 9.911749
662.31055 69.0 9.598703
660.96075 69.0 9.579142
682.0204 69.0 9.884354
652.0507 69.0 9.45001
651.24054 69.0 9.438269
667.17053 69.0 9.669138
660.4204 69.0 9.57131
689.5804 69.0 9.993918
659.88055 69.0 9.563486
669.33026 69.0 9.7004385
657.99005 69.0 9.536088
650.1607 69.0 9.422619
675.8107 69.0 9.794358
679.86053 69.0 9.853051
671.22046 69.0 9.727833
660.1501 69.0 9.567392
653.941 69.0 9.477406
670.68036 69.0 9.720005
647.7307 69.0 9.387402
662.85077 69.0 9.606533
673.1104 69.0 9.755223
640.98096 69.0 9.289579
664.7407 69.0 9.633924
660.6908 69.0 9.575229
678.51105 69.0 9.833493
665.2805 69.0 9.6417465
658.2603 69.0 9.540005
674.46045 69.0 9.774789
666.9008 69.0 9.665229
659.3403 69.0 9.555656
669.6006 69.0 9.704356
663.6602 69.0 9.618264
657.98975 69.0 9.536083
660.96063 69.0 9.57914
686.8803 69.0 9.954787
682.0204 69.0 9.884354
663.1201 69.0 9.610436
652.8608 69.0 9.46175
639.6304 70.0 9.137577
630.99054 70.0 9.014151
668.52045 70.0 9.550292
632.8803 70.0 9.041147
651.78076 70.0 9.311153
628.5605 70.0 8.979436
651.7804 70.0 9.311149
645.30035 70.0 9.218576
637.7405 70.0 9.110579
638.5508 70.0 9.122154
643.41095 70.0 9.191585
634.5 70.0 9.064285
645.57056 70.0 9.222437
644.7601 70.0 9.210858
637.7406 70.0 9.11058
643.14044 70.0 9.18772
646.9203 70.0 9.241718
651.5104 70.0 9.307291
628.02026 70.0 8.971718
656.1 70.0 9.372857
654.4805 70.0 9.349722
647.1905 70.0 9.245579
638.2799 70.0 9.118284
655.8307 70.0 9.36901
645.57025 70.0 9.222432
649.08057 70.0 9.272579
634.7703 70.0 9.068148
625.32025 70.0 8.933146
653.67084 70.0 9.338155
648.81024 70.0 9.268718
640.1704 70.0 9.145291
657.9905 70.0 9.399864
650.97046 70.0 9.299578
625.86053 70.0 8.940865
659.8804 70.0 9.426863
657.18085 70.0 9.388298
647.46045 70.0 9.249435
645.5705 70.0 9.222436
632.6102 70.0 9.037289
659.61053 70.0 9.423008
661.2309 70.0 9.446156
628.82996 71.0 8.85676
633.1504 71.0 8.917611
632.88 71.0 8.913803
635.0402 71.0 8.944228
597.24054 71.0 8.411839
620.46094 71.0 8.738887
616.41077 71.0 8.681842
632.3399 71.0 8.906196
647.7303 71.0 9.122962
647.1901 71.0 9.115354
608.31036 71.0 8.567752
631.8004 71.0 8.898598
606.9603 71.0 8.548737
623.1604 71.0 8.776907
617.7605 71.0 8.700852
612.36017 71.0 8.624791
616.4102 71.0 8.681834
641.5206 71.0 9.0355015
653.401 71.0 9.202831
639.3604 71.0 9.005076
628.2902 71.0 8.849158
630.4505 71.0 8.879584
623.9703 71.0 8.788314
626.1302 71.0 8.818735
616.6803 71.0 8.685638
612.3602 71.0 8.624792
589.67993 71.0 8.305351
656.9104 71.0 9.252259
609.9301 71.0 8.590565
626.67004 71.0 8.826339
626.4004 71.0 8.82254
631.26056 71.0 8.890994
628.0203 71.0 8.845357
621.5404 71.0 8.75409
609.6608 71.0 8.586772
632.61 71.0 8.91
600.4805 71.0 8.457472
649.3511 71.0 9.14579
629.3704 71.0 8.864372
648.0005 71.0 9.126767
622.6199 71.0 8.769294
610.4703 72.0 8.478754
595.35065 72.0 8.268759
610.7405 72.0 8.482507
613.17065 72.0 8.516259
605.3403 72.0 8.407504
589.6801 72.0 8.1900015
601.83044 72.0 8.358756
592.92004 72.0 8.235001
589.9496 72.0 8.193745
599.39984 72.0 8.324998
605.3407 72.0 8.40751
615.3302 72.0 8.546253
602.10077 72.0 8.362511
592.1104 72.0 8.223756
624.78046 72.0 8.677506
612.36017 72.0 8.505002
609.66016 72.0 8.467503
595.08014 72.0 8.265002
584.01 72.0 8.11125
602.64 72.0 8.37
619.1101 72.0 8.598751
607.76984 72.0 8.441248
591.3 72.0 8.2125
603.7201 72.0 8.385001
623.7004 72.0 8.662505
602.3704 72.0 8.366256
625.8608 72.0 8.692511
607.2301 72.0 8.433751
582.93036 72.0 8.096255
594.81024 72.0 8.261253
608.8506 72.0 8.456258
621.2703 72.0 8.628755
598.5906 72.0 8.313758
604.8003 72.0 8.400004
629.37 72.0 8.74125
603.9905 72.0 8.388757
609.1204 72.0 8.460006
602.91034 72.0 8.3737545
613.98083 72.0 8.527512
619.1105 72.0 8.598757
622.0801 72.0 8.640001
587.52 73.0 8.04822
587.25024 73.0 8.044524
582.11957 73.0 7.9742403
581.0399 73.0 7.959451
578.0703 73.0 7.9187713
593.46045 73.0 8.129595
595.6204 73.0 8.1591835
585.63025 73.0 8.022332
590.4899 73.0 8.088903
569.1608 73.0 7.7967234
605.0703 73.0 8.288634
577.26 73.0 7.9076715
587.52026 73.0 8.048223
572.67004 73.0 7.844795
576.1804 73.0 7.8928823
569.16046 73.0 7.7967186
582.39014 73.0 7.977947
574.0202 73.0 7.863291
583.47034 73.0 7.992744
577.5298 73.0 7.911367
581.0401 73.0 7.959453
572.9404 73.0 7.848499
579.96 73.0 7.944658
583.7408 73.0 7.996449
593.73 73.0 8.133287
579.9597 73.0 7.9446535
575.1003 73.0 7.878086
582.38995 73.0 7.9779444
581.5807 73.0 7.9668584
569.43024 73.0 7.800414
585.36 73.0 8.01863
590.76013 73.0 8.092605
572.4009 73.0 7.841108
578.88 73.0 7.929863
551.33984 73.0 7.5526004
565.38 73.0 7.744931
598.59045 73.0 8.199869
564.5701 73.0 7.733837
611.2798 73.0 8.373695
578.3398 73.0 7.922463
591.8404 73.0 8.107403
567.0002 74.0 7.6621647
581.31036 74.0 7.8555455
576.7205 74.0 7.793521
572.4001 74.0 7.7351365
554.04 74.0 7.4870267
557.0101 74.0 7.527163
572.67004 74.0 7.738785
548.0999 74.0 7.4067554
554.3101 74.0 7.4906774
564.8402 74.0 7.6329756
568.8905 74.0 7.6877093
584.01044 74.0 7.892033
567.00073 74.0 7.662172
545.3998 74.0 7.370267
547.5597 74.0 7.3994555
575.1 74.0 7.7716217
561.0603 74.0 7.581896
550.25995 74.0 7.4359455
566.7301 74.0 7.6585145
542.9701 74.0 7.3374333
567.54016 74.0 7.6694613
561.33014 74.0 7.5855427
563.49036 74.0 7.614734
554.8504 74.0 7.497978
551.0701 74.0 7.4468937
569.16 74.0 7.691351
567.27026 74.0 7.6658144
562.67975 74.0 7.6037803
535.40985 74.0 7.2352686
574.29083 74.0 7.760687
562.14014 74.0 7.5964885
541.6203 74.0 7.319193
573.48 74.0 7.7497296
552.4203 74.0 7.4651394
567.5402 74.0 7.6694627
568.0799 74.0 7.676755
573.2103 74.0 7.7460856
552.1503 74.0 7.4614906
559.1702 74.0 7.556354
565.37994 74.0 7.6402693
559.7104 74.0 7.563654
516.24036 75.0 6.883205
552.4203 75.0 7.3656034
544.32 75.0 7.2576
536.22 75.0 7.1495996
549.71967 75.0 7.3295956
518.39984 75.0 6.9119983
543.5105 75.0 7.2468066
538.11 75.0 7.1747994
536.7601 75.0 7.1568007
520.8295 75.0 6.944394
540.8102 75.0 7.2108026
521.9099 75.0 6.958799
541.3503 75.0 7.2180037
544.31995 75.0 7.257599
537.83984 75.0 7.171198
536.48956 75.0 7.1531944
546.4801 75.0 7.2864017
528.6602 75.0 7.048803
550.80005 75.0 7.344001
536.7601 75.0 7.1568007
531.63025 75.0 7.0884037
544.31946 75.0 7.257593
547.02014 75.0 7.293602
547.0198 75.0 7.293597
552.96014 75.0 7.3728023
556.2005 75.0 7.4160066
536.2199 75.0 7.149599
539.99994 75.0 7.1999993
529.47015 75.0 7.0596023
532.1703 75.0 7.095604
548.63995 75.0 7.3151994
547.0197 75.0 7.2935963
525.42004 75.0 7.005601
537.3001 75.0 7.1640015
525.96 75.0 7.0128
538.9203 75.0 7.1856036
545.9401 75.0 7.279202
556.20013 75.0 7.416002
521.1002 75.0 6.948003
547.5604 75.0 7.300806
530.5501 75.0 7.0740013
505.43967 76.0 6.6505218
527.30945 76.0 6.9382825
494.63998 76.0 6.508421
518.12976 76.0 6.8174973
521.3699 76.0 6.86013
507.60016 76.0 6.6789494
520.28973 76.0 6.8459177
525.14996 76.0 6.9098682
526.50024 76.0 6.9276347
496.52994 76.0 6.5332885
532.1702 76.0 7.0022397
514.8898 76.0 6.7748656
523.8001 76.0 6.892107
514.35016 76.0 6.767765
524.8796 76.0 6.9063106
507.32974 76.0 6.675391
509.75977 76.0 6.7073655
508.67972 76.0 6.6931543
501.65997 76.0 6.600789
540.81024 76.0 7.1159244
526.77 76.0 6.9311843
517.05005 76.0 6.80329
506.78964 76.0 6.668285
511.91992 76.0 6.7357883
520.0198 76.0 6.8423653
511.65002 76.0 6.7322373
508.1399 76.0 6.6860514
522.18036 76.0 6.870794
527.30975 76.0 6.9382863
532.1699 76.0 7.002236
529.47 76.0 6.96671
528.9302 76.0 6.9596076
522.1802 76.0 6.870792
525.42 76.0 6.913421
523.53046 76.0 6.8885584
507.33 76.0 6.6753945
511.37982 76.0 6.728682
520.5594 76.0 6.8494654
520.5598 76.0 6.849471
521.3696 76.0 6.8601265
527.0402 76.0 6.93474
493.82956 77.0 6.413371
505.1701 77.0 6.560651
502.47012 77.0 6.525586
498.68982 77.0 6.476491
483.56998 77.0 6.2801294
500.84976 77.0 6.5045424
505.16992 77.0 6.5606484
483.8395 77.0 6.28363
506.7899 77.0 6.581687
500.03995 77.0 6.494025
503.81985 77.0 6.543115
504.35968 77.0 6.5501256
503.0099 77.0 6.532596
490.8595 77.0 6.374799
476.54953 77.0 6.188955
501.93 77.0 6.5185714
507.33005 77.0 6.5887017
502.74 77.0 6.529091
491.1299 77.0 6.3783107
497.0699 77.0 6.455453
496.53 77.0 6.4484415
494.0999 77.0 6.416882
506.2499 77.0 6.574674
497.60956 77.0 6.462462
490.58987 77.0 6.371297
497.33978 77.0 6.458958
486.80972 77.0 6.322204
489.50986 77.0 6.3572707
505.16986 77.0 6.5606475
497.88004 77.0 6.4659743
497.88004 77.0 6.4659743
505.70966 77.0 6.567658
507.86975 77.0 6.595711
514.6197 77.0 6.6833725
501.3898 77.0 6.5115557
498.95996 77.0 6.4799995
500.85007 77.0 6.504546
503.81973 77.0 6.543113
500.58005 77.0 6.5010395
485.99957 77.0 6.3116827
499.5001 77.0 6.4870143
470.91165 78.0 6.0373287
481.98904 78.0 6.1793466
472.2621 78.0 6.054642
489.28342 78.0 6.2728643
481.71857 78.0 6.175879
461.72534 78.0 5.9195557
473.34326 78.0 6.0685034
475.7745 78.0 6.0996733
476.3152 78.0 6.106605
492.25543 78.0 6.310967
478.2064 78.0 6.1308513
474.42395 78.0 6.0823584
469.29028 78.0 6.016542
471.7217 78.0 6.047714
499.0098 78.0 6.3975616
490.0941 78.0 6.2832575
475.77478 78.0 6.0996766
490.09406 78.0 6.283257
467.12918 78.0 5.988836
484.42014 78.0 6.2105145
490.0939 78.0 6.283255
480.0976 78.0 6.1550975
475.77466 78.0 6.099675
455.78156 78.0 5.8433533
482.79932 78.0 6.189735
480.63785 78.0 6.1620235
477.3955 78.0 6.1204553
467.12918 78.0 5.988836
479.55707 78.0 6.1481676
491.71512 78.0 6.30404
469.83087 78.0 6.023473
486.31146 78.0 6.234762
473.88348 78.0 6.0754294
466.85898 78.0 5.9853716
484.6908 78.0 6.2139845
477.666 78.0 6.123923
490.63446 78.0 6.2901855
472.80252 78.0 6.0615706
464.6976 78.0 5.9576616
464.69778 78.0 5.957664
483.60974 78.0 6.2001247
456.5696 79.0 5.779362
459.80948 79.0 5.820373
451.70956 79.0 5.7178426
461.69946 79.0 5.844297
445.49924 79.0 5.6392307
445.22943 79.0 5.6358156
437.93936 79.0 5.543536
451.97958 79.0 5.7212605
458.1896 79.0 5.7998686
467.09946 79.0 5.9126515
441.98965 79.0 5.5948057
433.88925 79.0 5.492269
465.20932 79.0 5.8887258
453.3293 79.0 5.7383456
447.38956 79.0 5.663159
465.47986 79.0 5.89215
441.44913 79.0 5.5879636
465.20975 79.0 5.888731
446.84952 79.0 5.656323
465.7495 79.0 5.8955636
460.3496 79.0 5.8272104
453.0595 79.0 5.7349305
461.15955 79.0 5.8374624
450.08942 79.0 5.6973343
443.87933 79.0 5.618726
452.7895 79.0 5.7315125
450.89963 79.0 5.70759
457.64932 79.0 5.7930293
459.26974 79.0 5.813541
445.76932 79.0 5.6426497
463.58942 79.0 5.8682203
454.13943 79.0 5.7486005
463.04953 79.0 5.8613863
452.78943 79.0 5.7315116
461.15945 79.0 5.8374615
446.30966 79.0 5.6494894
461.15973 79.0 5.837465
441.71948 79.0 5.591386
453.5994 79.0 5.7417645
457.37982 79.0 5.789618
454.1397 79.0 5.748604
423.89948 80.0 5.2987432
426.8694 80.0 5.3358674
443.06958 80.0 5.5383697
431.1895 80.0 5.3898687
425.51935 80.0 5.3189917
427.40933 80.0 5.3426166
427.67944 80.0 5.345993
431.45938 80.0 5.3932424
438.7495 80.0 5.484369
400.9491 80.0 5.0118637
434.15906 80.0 5.426988
434.9696 80.0 5.43712
421.7395 80.0 5.271744
444.68936 80.0 5.558617
434.69968 80.0 5.433746
440.63947 80.0 5.507993
410.399 80.0 5.1299872
441.98926 80.0 5.5248656
432.26926 80.0 5.4033656
434.9693 80.0 5.437116
443.60944 80.0 5.545118
436.04962 80.0 5.45062
435.5096 80.0 5.44387
433.61926 80.0 5.420241
433.8894 80.0 5.4236174
423.3594 80.0 5.2919927
431.4593 80.0 5.393241
421.46954 80.0 5.268369
422.81934 80.0 5.2852416
446.8496 80.0 5.58562
429.2993 80.0 5.366241
442.25937 80.0 5.528242
422.0091 80.0 5.2751136
440.6393 80.0 5.5079913
419.3091 80.0 5.241364
440.09952 80.0 5.501244
432.5394 80.0 5.4067426
418.4994 80.0 5.231242
420.38922 80.0 5.254865
427.9494 80.0 5.3493676
436.3197 80.0 5.453996
420.11945 81.0 5.18666
413.09943 81.0 5.0999928
410.66913 81.0 5.069989
416.33896 81.0 5.139987
409.5894 81.0 5.056659
400.13916 81.0 4.9399896
403.64917 81.0 4.983323
407.42935 81.0 5.029992
402.29944 81.0 4.9666595
402.56934 81.0 4.9699917
425.5193 81.0 5.2533245
414.1794 81.0 5.113326
406.3491 81.0 5.0166554
406.61942 81.0 5.019993
408.5091 81.0 5.043322
403.91922 81.0 4.986657
413.36926 81.0 5.1033244
396.08945 81.0 4.889993
409.85907 81.0 5.0599885
413.6395 81.0 5.1066604
408.7794 81.0 5.046659
412.5594 81.0 5.0933256
417.14932 81.0 5.1499915
405.26904 81.0 5.0033216
419.84903 81.0 5.1833215
402.02942 81.0 4.963326
409.85907 81.0 5.0599885
417.95932 81.0 5.1599917
410.1294 81.0 5.063326
403.9195 81.0 4.9866605
394.19925 81.0 4.8666573
414.7193 81.0 5.1199913
411.7492 81.0 5.0833235
428.48944 81.0 5.2899933
399.86926 81.0 4.9366574
381.50928 81.0 4.709991
401.21912 81.0 4.9533224
394.7393 81.0 4.8733244
402.0292 81.0 4.9633236
420.92957 81.0 5.1966615
393.65927 81.0 4.859991
396.08908 82.0 4.8303547
381.509 82.0 4.652549
390.14893 82.0 4.7579136
395.54892 82.0 4.823767
385.8292 82.0 4.705234
397.70914 82.0 4.8501115
400.94907 82.0 4.8896227
386.0993 82.0 4.708528
399.59927 82.0 4.873162
375.02927 82.0 4.573528
383.6693 82.0 4.678894
400.4092 82.0 4.883039
385.55893 82.0 4.701938
393.92923 82.0 4.804015
384.74915 82.0 4.692063
390.14896 82.0 4.757914
394.73926 82.0 4.8138933
405.80923 82.0 4.948893
378.5394 82.0 4.616334
396.0894 82.0 4.8303585
378.80914 82.0 4.6196237
387.17935 82.0 4.721699
387.44925 82.0 4.724991
402.02927 82.0 4.902796
392.03937 82.0 4.7809677
396.89926 82.0 4.8402348
373.13907 82.0 4.5504766
392.57916 82.0 4.787551
394.46927 82.0 4.8106008
373.1395 82.0 4.550482
383.66916 82.0 4.678892
389.87927 82.0 4.7546253
394.19928 82.0 4.807308
395.00916 82.0 4.817185
395.00925 82.0 4.817186
383.39923 82.0 4.6756005
419.0395 82.0 5.1102376
387.71915 82.0 4.7282825
384.47916 82.0 4.6887703
369.89954 82.0 4.51097
394.46924 82.0 4.8106003
375.29916 83.0 4.5216765
376.9191 83.0 4.541194
360.71912 83.0 4.3460135
365.84915 83.0 4.407821
356.93915 83.0 4.300472
377.72916 83.0 4.550954
371.51923 83.0 4.4761353
358.8295 83.0 4.323247
359.36917 83.0 4.329749
369.8991 83.0 4.456616
366.38907 83.0 4.414326
365.03915 83.0 4.398062
360.1794 83.0 4.339511
366.6593 83.0 4.417582
356.12933 83.0 4.2907147
365.0392 83.0 4.3980627
366.1194 83.0 4.411077
355.3193 83.0 4.2809553
361.25937 83.0 4.3525224
362.60922 83.0 4.368786
367.4693 83.0 4.427341
366.9292 83.0 4.4208336
358.82938 83.0 4.3232455
362.87912 83.0 4.3720374
382.58945 83.0 4.6095114
356.66916 83.0 4.297219
362.06927 83.0 4.3622804
363.4193 83.0 4.3785458
375.83957 83.0 4.5281878
368.27927 83.0 4.4370995
378.26926 83.0 4.557461
353.15927 83.0 4.254931
373.67917 83.0 4.5021586
371.24915 83.0 4.4728813
352.07928 83.0 4.241919
375.29932 83.0 4.5216784
354.50934 83.0 4.271197
372.5995 83.0 4.4891505
369.08914 83.0 4.446857
366.92914 83.0 4.420833
367.1991 83.0 4.4240856
350.45917 84.0 4.172133
341.81924 84.0 4.069277
356.66934 84.0 4.2460637
353.96936 84.0 4.213921
349.9192 84.0 4.1657047
336.6893 84.0 4.008206
349.37952 84.0 4.15928
336.41925 84.0 4.004991
356.39908 84.0 4.242846
336.1493 84.0 4.001777
349.64935 84.0 4.1624923
348.29916 84.0 4.1464186
357.20935 84.0 4.2524924
356.66946 84.0 4.246065
330.47958 84.0 3.9342809
355.04922 84.0 4.2267766
341.0094 84.0 4.0596356
350.72934 84.0 4.175349
347.75946 84.0 4.1399937
347.48947 84.0 4.1367793
346.67923 84.0 4.127134
346.13928 84.0 4.1207056
346.13956 84.0 4.120709
339.6595 84.0 4.0435653
354.77948 84.0 4.223565
360.4494 84.0 4.2910643
344.78937 84.0 4.1046352
360.98914 84.0 4.2974896
360.9893 84.0 4.2974916
345.86935 84.0 4.117492
350.45944 84.0 4.1721363
351.26926 84.0 4.181777
351.53928 84.0 4.1849914
342.8993 84.0 4.0821342
350.99893 84.0 4.178559
344.78925 84.0 4.104634
341.27924 84.0 4.062848
348.0291 84.0 4.1432037
354.77917 84.0 4.223562
338.03915 84.0 4.024276
339.3894 84.0 4.04035
338.84933 85.0 3.9864626
332.63953 85.0 3.9134061
330.74918 85.0 3.8911667
315.35934 85.0 3.71011
330.47934 85.0 3.8879924
317.78958 85.0 3.7387009
321.29953 85.0 3.7799945
327.2392 85.0 3.849873
315.6292 85.0 3.713285
325.07947 85.0 3.8244643
318.32916 85.0 3.745049
320.75934 85.0 3.7736392
321.83945 85.0 3.7863464
330.47943 85.0 3.8879933
314.81952 85.0 3.7037592
330.74942 85.0 3.8911698
329.93945 85.0 3.8816407
326.96954 85.0 3.8467004
326.15945 85.0 3.83717
319.4094 85.0 3.7577574
327.2394 85.0 3.8498755
325.34927 85.0 3.8276384
329.66943 85.0 3.878464
325.61914 85.0 3.8308134
334.5294 85.0 3.9356399
321.83942 85.0 3.7863462
331.28943 85.0 3.8975227
322.64938 85.0 3.795875
316.70938 85.0 3.7259927
313.19943 85.0 3.684699
324.53918 85.0 3.818108
338.03934 85.0 3.9769332
323.45917 85.0 3.8054018
315.6293 85.0 3.713286
333.71906 85.0 3.9261067
330.4793 85.0 3.887992
326.4293 85.0 3.8403447
324.80923 85.0 3.8212852
325.07922 85.0 3.8244615
335.3391 85.0 3.945166
324.80936 85.0 3.8212864
311.84918 86.0 3.6261532
305.90945 86.0 3.5570867
301.85938 86.0 3.5099928
291.8696 86.0 3.3938324
300.5094 86.0 3.4942954
304.55923 86.0 3.5413866
296.4595 86.0 3.4472034
311.3094 86.0 3.6198766
309.95947 86.0 3.6041799
294.5695 86.0 3.4252264
300.50955 86.0 3.4942973
308.33948 86.0 3.5853426
294.2994 86.0 3.4220862
291.86942 86.0 3.3938305
304.28955 86.0 3.5382507
305.09933 86.0 3.5476668
303.74936 86.0 3.5319693
304.8293 86.0 3.544527
303.20932 86.0 3.5256898
306.17926 86.0 3.560224
302.93954 86.0 3.5225527
302.39926 86.0 3.5162706
305.0995 86.0 3.5476685
312.65924 86.0 3.6355727
306.71942 86.0 3.566505
298.6194 86.0 3.4723184
300.77933 86.0 3.4974341
296.45944 86.0 3.447203
304.28925 86.0 3.538247
303.74915 86.0 3.531967
306.71915 86.0 3.5665016
300.2393 86.0 3.4911547
310.49942 86.0 3.6104584
309.68942 86.0 3.60104
297.2695 86.0 3.4566221
306.7193 86.0 3.5665035
298.61935 86.0 3.4723182
307.79938 86.0 3.5790627
300.5095 86.0 3.4942963
297.53937 86.0 3.45976
311.5793 86.0 3.6230152
294.2992 87.0 3.3827493
271.61948 87.0 3.122063
291.32953 87.0 3.3486152
280.79953 87.0 3.2275808
278.63934 87.0 3.2027512
289.16946 87.0 3.323787
279.98944 87.0 3.2182693
275.66956 87.0 3.1686156
282.14948 87.0 3.2430973
280.7997 87.0 3.227583
283.7695 87.0 3.2617185
277.82962 87.0 3.1934438
288.89957 87.0 3.3206847
272.69946 87.0 3.1344767
272.69946 87.0 3.1344767
284.03946 87.0 3.2648215
291.32928 87.0 3.3486123
282.95932 87.0 3.2524061
290.5194 87.0 3.3393035
283.22955 87.0 3.2555122
283.2293 87.0 3.2555091
289.97928 87.0 3.333095
278.3694 87.0 3.1996481
286.46964 87.0 3.2927544
279.17953 87.0 3.2089603
280.2595 87.0 3.2213736
281.3397 87.0 3.2337894
282.41956 87.0 3.2462018
262.43945 87.0 3.0165455
288.89938 87.0 3.3206825
276.20953 87.0 3.174822
287.0094 87.0 3.2989588
275.66946 87.0 3.1686144
284.84946 87.0 3.2741315
276.74954 87.0 3.181029
283.22943 87.0 3.2555106
286.19943 87.0 3.2896485
282.95926 87.0 3.2524054
278.9095 87.0 3.2058563
275.93948 87.0 3.1717181
279.7196 87.0 3.2151678
274.31946 88.0 3.1172667
265.6795 88.0 3.0190854
259.73935 88.0 2.9515836
263.7895 88.0 2.9976077
267.02948 88.0 3.0344257
255.14957 88.0 2.899427
266.21933 88.0 3.0252197
266.21957 88.0 3.0252225
259.4695 88.0 2.948517
261.3594 88.0 2.9699934
261.62952 88.0 2.9730625
254.60948 88.0 2.8932896
262.97952 88.0 2.9884038
252.98955 88.0 2.8748813
273.5095 88.0 3.1080623
268.10934 88.0 3.0466971
255.68956 88.0 2.905563
254.33952 88.0 2.8902218
265.40955 88.0 3.0160177
269.4595 88.0 3.0620399
266.21957 88.0 3.0252225
256.7696 88.0 2.9178362
266.75952 88.0 3.0313582
263.7895 88.0 2.997608
265.94943 88.0 3.0221527
258.11957 88.0 2.9331768
252.7196 88.0 2.8718138
251.09958 88.0 2.8534043
264.32956 88.0 3.003745
269.99954 88.0 3.0681765
262.9796 88.0 2.9884048
256.49985 88.0 2.9147708
255.4198 88.0 2.9024978
269.18958 88.0 3.0589724
247.85962 88.0 2.8165865
264.32956 88.0 3.0037448
254.06961 88.0 2.8871546
258.65976 88.0 2.9393156
268.3795 88.0 3.049767
263.78952 88.0 2.9976082
266.75958 88.0 3.0313587
246.23955 89.0 2.7667365
244.61935 89.0 2.748532
232.19965 89.0 2.6089847
239.75955 89.0 2.6939275
234.89961 89.0 2.6393216
241.10956 89.0 2.7090962
243.80966 89.0 2.7394345
238.94968 89.0 2.6848278
248.12965 89.0 2.7879736
245.42966 89.0 2.7576365
242.72958 89.0 2.7272987
228.1498 89.0 2.5634809
234.62958 89.0 2.6362875
234.35959 89.0 2.6332538
245.42946 89.0 2.7576344
241.10962 89.0 2.709097
231.92964 89.0 2.605951
236.2496 89.0 2.65449
238.40956 89.0 2.678759
238.94952 89.0 2.6848261
239.48964 89.0 2.6908948
239.21954 89.0 2.68786
243.26965 89.0 2.733367
238.13954 89.0 2.6757252
240.29958 89.0 2.6999953
241.37947 89.0 2.7121289
243.5396 89.0 2.7364
245.96953 89.0 2.7637026
245.69966 89.0 2.7606704
250.28941 89.0 2.8122406
233.81964 89.0 2.627187
245.69958 89.0 2.7606695
231.38951 89.0 2.5998821
237.86954 89.0 2.6726913
236.5196 89.0 2.6575236
215.18971 89.0 2.417862
238.40945 89.0 2.678758
240.5695 89.0 2.7030282
240.83972 89.0 2.7060642
240.83963 89.0 2.7060633
240.83954 89.0 2.7060623
212.4897 90.0 2.3609967
214.91977 90.0 2.3879974
218.42975 90.0 2.4269972
214.3797 90.0 2.3819966
216.53967 90.0 2.4059963
216.8097 90.0 2.4089966
217.34967 90.0 2.4149964
202.22978 90.0 2.2469976
215.18979 90.0 2.3909976
225.98967 90.0 2.5109963
219.77966 90.0 2.4419963
209.24982 90.0 2.324998
218.69977 90.0 2.4299974
227.8797 90.0 2.5319967
212.48973 90.0 2.360997
217.88957 90.0 2.4209952
210.86974 90.0 2.342997
224.09969 90.0 2.4899964
211.40964 90.0 2.348996
216.26965 90.0 2.402996
208.43985 90.0 2.3159983
214.10971 90.0 2.3789968
217.07964 90.0 2.411996
211.40974 90.0 2.348997
213.56973 90.0 2.372997
219.23975 90.0 2.4359972
227.60962 90.0 2.5289958
206.27983 90.0 2.2919981
221.12973 90.0 2.456997
223.82962 90.0 2.4869957
214.37964 90.0 2.381996
215.45963 90.0 2.3939958
225.71971 90.0 2.5079968
206.8198 90.0 2.2979977
220.58968 90.0 2.4509964
213.29977 90.0 2.3699975
215.18962 90.0 2.3909957
218.15976 90.0 2.4239974
213.56964 90.0 2.372996
213.56982 90.0 2.372998
226.25958 90.0 2.5139954
