135.0 1.0 135.0
135.0 1.0 135.0
135.0 1.0 135.0
135.0 1.0 135.0
135.0 1.0 135.0
133.65 1.0 133.65
135.0 1.0 135.0
133.65 1.0 133.65
135.0 1.0 135.0
135.0 1.0 135.0
135.0 1.0 135.0
133.65 1.0 133.65
135.0 1.0 135.0
135.0 1.0 135.0
135.0 1.0 135.0
135.0 1.0 135.0
135.0 1.0 135.0
135.0 1.0 135.0
135.0 1.0 135.0
135.0 1.0 135.0
135.0 1.0 135.0
135.0 1.0 135.0
135.0 1.0 135.0
135.0 1.0 135.0
135.0 1.0 135.0
135.0 1.0 135.0
133.65 1.0 133.65
135.0 1.0 135.0
135.0 1.0 135.0
135.0 1.0 135.0
135.0 1.0 135.0
135.0 1.0 135.0
135.0 1.0 135.0
133.65 1.0 133.65
135.0 1.0 135.0
135.0 1.0 135.0
135.0 1.0 135.0
135.0 1.0 135.0
133.65 1.0 133.65
133.65 1.0 133.65
135.0 1.0 135.0
270.0 2.0 135.0
270.0 2.0 135.0
270.0 2.0 135.0
270.0 2.0 135.0
267.3 2.0 133.65
268.65 2.0 134.325
270.0 2.0 135.0
270.0 2.0 135.0
268.65 2.0 134.325
268.65 2.0 134.325
270.0 2.0 135.0
270.0 2.0 135.0
270.0 2.0 135.0
270.0 2.0 135.0
270.0 2.0 135.0
270.0 2.0 135.0
267.3 2.0 133.65
270.0 2.0 135.0
268.65 2.0 134.325
268.65 2.0 134.325
270.0 2.0 135.0
270.0 2.0 135.0
268.65 2.0 134.325
270.0 2.0 135.0
270.0 2.0 135.0
268.65 2.0 134.325
270.0 2.0 135.0
270.0 2.0 135.0
270.0 2.0 135.0
268.65 2.0 134.325
268.65 2.0 134.325
270.0 2.0 135.0
268.65 2.0 134.325
268.65 2.0 134.325
270.0 2.0 135.0
270.0 2.0 135.0
270.0 2.0 135.0
270.0 2.0 135.0
270.0 2.0 135.0
270.0 2.0 135.0
270.0 2.0 135.0
403.65002 3.0 134.55
402.30002 3.0 134.1
403.65002 3.0 134.55
402.30002 3.0 134.1
403.65002 3.0 134.55
405.0 3.0 135.0
405.0 3.0 135.0
403.65002 3.0 134.55
399.59998 3.0 133.2
403.65002 3.0 134.55
405.0 3.0 135.0
405.0 3.0 135.0
403.65002 3.0 134.55
402.30002 3.0 134.1
405.0 3.0 135.0
403.65002 3.0 134.55
405.0 3.0 135.0
403.65002 3.0 134.55
405.0 3.0 135.0
405.0 3.0 135.0
405.0 3.0 135.0
399.59998 3.0 133.2
403.65002 3.0 134.55
405.0 3.0 135.0
403.65002 3.0 134.55
405.0 3.0 135.0
402.30002 3.0 134.1
405.0 3.0 135.0
405.0 3.0 135.0
405.0 3.0 135.0
402.30002 3.0 134.1
403.65002 3.0 134.55
403.65002 3.0 134.55
405.0 3.0 135.0
405.0 3.0 135.0
405.0 3.0 135.0
405.0 3.0 135.0
405.0 3.0 135.0
405.0 3.0 135.0
402.30002 3.0 134.1
403.65002 3.0 134.55
537.3 4.0 134.325
538.65 4.0 134.6625
538.65 4.0 134.6625
540.0 4.0 135.0
537.3 4.0 134.325
538.65 4.0 134.6625
538.65 4.0 134.6625
538.65 4.0 134.6625
534.6 4.0 133.65
538.65 4.0 134.6625
537.3 4.0 134.325
540.0 4.0 135.0
537.3 4.0 134.325
537.3 4.0 134.325
540.0 4.0 135.0
538.65 4.0 134.6625
537.3 4.0 134.325
540.0 4.0 135.0
540.0 4.0 135.0
538.65 4.0 134.6625
538.65 4.0 134.6625
540.0 4.0 135.0
540.0 4.0 135.0
537.3 4.0 134.325
540.0 4.0 135.0
540.0 4.0 135.0
540.0 4.0 135.0
540.0 4.0 135.0
537.3 4.0 134.325
540.0 4.0 135.0
538.65 4.0 134.6625
537.3 4.0 134.325
540.0 4.0 135.0
540.0 4.0 135.0
540.0 4.0 135.0
538.65 4.0 134.6625
537.3 4.0 134.325
540.0 4.0 135.0
537.3 4.0 134.325
540.0 4.0 135.0
538.65 4.0 134.6625
665.55 5.0 133.11
675.0 5.0 135.0
673.64996 5.0 134.73
673.64996 5.0 134.73
673.64996 5.0 134.73
675.0 5.0 135.0
673.64996 5.0 134.73
672.30005 5.0 134.46
672.30005 5.0 134.46
672.30005 5.0 134.46
672.30005 5.0 134.46
673.64996 5.0 134.73
670.95 5.0 134.19
675.0 5.0 135.0
672.30005 5.0 134.46
672.30005 5.0 134.46
672.30005 5.0 134.46
672.30005 5.0 134.46
673.64996 5.0 134.73
673.64996 5.0 134.73
672.30005 5.0 134.46
672.30005 5.0 134.46
673.64996 5.0 134.73
672.30005 5.0 134.46
675.0 5.0 135.0
675.0 5.0 135.0
675.0 5.0 135.0
673.64996 5.0 134.73
670.95 5.0 134.19
672.30005 5.0 134.46
669.6 5.0 133.92
673.64996 5.0 134.73
675.0 5.0 135.0
672.30005 5.0 134.46
675.0 5.0 135.0
672.30005 5.0 134.46
673.64996 5.0 134.73
673.64996 5.0 134.73
675.0 5.0 135.0
675.0 5.0 135.0
675.0 5.0 135.0
810.0 6.0 135.0
807.30005 6.0 134.55
810.0 6.0 135.0
810.0 6.0 135.0
808.64996 6.0 134.775
807.30005 6.0 134.55
807.30005 6.0 134.55
810.0 6.0 135.0
810.0 6.0 135.0
808.64996 6.0 134.775
805.94995 6.0 134.325
808.64996 6.0 134.775
804.60004 6.0 134.1
804.60004 6.0 134.1
810.0 6.0 135.0
810.0 6.0 135.0
808.64996 6.0 134.775
810.0 6.0 135.0
807.30005 6.0 134.55
810.0 6.0 135.0
808.64996 6.0 134.775
808.64996 6.0 134.775
807.30005 6.0 134.55
810.0 6.0 135.0
808.64996 6.0 134.775
810.0 6.0 135.0
805.94995 6.0 134.325
810.0 6.0 135.0
810.0 6.0 135.0
804.60004 6.0 134.1
808.64996 6.0 134.775
807.30005 6.0 134.55
810.0 6.0 135.0
808.64996 6.0 134.775
807.30005 6.0 134.55
807.30005 6.0 134.55
810.0 6.0 135.0
807.30005 6.0 134.55
807.30005 6.0 134.55
807.30005 6.0 134.55
807.30005 6.0 134.55
943.65 7.0 134.80714
945.0 7.0 135.0
942.30005 7.0 134.61429
939.60004 7.0 134.22858
945.0 7.0 135.0
940.95 7.0 134.42143
942.30005 7.0 134.61429
943.65 7.0 134.80714
945.0 7.0 135.0
942.30005 7.0 134.61429
943.65 7.0 134.80714
943.65 7.0 134.80714
940.95 7.0 134.42143
943.65 7.0 134.80714
943.65 7.0 134.80714
943.65 7.0 134.80714
940.95 7.0 134.42143
942.30005 7.0 134.61429
942.30005 7.0 134.61429
943.65 7.0 134.80714
945.0 7.0 135.0
942.30005 7.0 134.61429
942.30005 7.0 134.61429
943.65 7.0 134.80714
940.95 7.0 134.42143
943.65 7.0 134.80714
942.30005 7.0 134.61429
945.0 7.0 135.0
940.95 7.0 134.42143
940.95 7.0 134.42143
945.0 7.0 135.0
942.30005 7.0 134.61429
942.30005 7.0 134.61429
945.0 7.0 135.0
943.65 7.0 134.80714
945.0 7.0 135.0
943.65 7.0 134.80714
942.30005 7.0 134.61429
945.0 7.0 135.0
942.30005 7.0 134.61429
945.0 7.0 135.0
1077.3 8.0 134.6625
1078.65 8.0 134.83125
1080.0 8.0 135.0
1074.6 8.0 134.325
1078.65 8.0 134.83125
1078.65 8.0 134.83125
1077.3 8.0 134.6625
1075.95 8.0 134.49374
1077.3 8.0 134.6625
1080.0 8.0 135.0
1075.95 8.0 134.49374
1077.3 8.0 134.6625
1077.3 8.0 134.6625
1077.3 8.0 134.6625
1075.95 8.0 134.49374
1078.65 8.0 134.83125
1078.65 8.0 134.83125
1075.95 8.0 134.49374
1071.9 8.0 133.9875
1077.3 8.0 134.6625
1074.6 8.0 134.325
1074.6 8.0 134.325
1075.95 8.0 134.49374
1077.3 8.0 134.6625
1080.0 8.0 135.0
1078.65 8.0 134.83125
1080.0 8.0 135.0
1074.6 8.0 134.325
1077.3 8.0 134.6625
1078.65 8.0 134.83125
1075.95 8.0 134.49374
1077.3 8.0 134.6625
1077.3 8.0 134.6625
1077.3 8.0 134.6625
1074.6 8.0 134.325
1074.6 8.0 134.325
1077.3 8.0 134.6625
1078.65 8.0 134.83125
1078.65 8.0 134.83125
1075.95 8.0 134.49374
1078.65 8.0 134.83125
1212.2999 9.0 134.7
1210.9501 9.0 134.55
1210.9501 9.0 134.55
1210.9501 9.0 134.55
1212.2999 9.0 134.7
1212.2999 9.0 134.7
1215.0 9.0 135.0
1212.2999 9.0 134.7
1209.6 9.0 134.4
1210.9501 9.0 134.55
1212.2999 9.0 134.7
1209.6 9.0 134.4
1209.6 9.0 134.4
1212.2999 9.0 134.7
1210.9501 9.0 134.55
1215.0 9.0 135.0
1210.9501 9.0 134.55
1212.2999 9.0 134.7
1210.9501 9.0 134.55
1215.0 9.0 135.0
1213.65 9.0 134.85
1212.2999 9.0 134.7
1213.65 9.0 134.85
1215.0 9.0 135.0
1213.65 9.0 134.85
1210.9501 9.0 134.55
1212.2999 9.0 134.7
1208.25 9.0 134.25
1213.65 9.0 134.85
1208.25 9.0 134.25
1210.9501 9.0 134.55
1213.65 9.0 134.85
1213.65 9.0 134.85
1215.0 9.0 135.0
1210.9501 9.0 134.55
1213.65 9.0 134.85
1212.2999 9.0 134.7
1210.9501 9.0 134.55
1212.2999 9.0 134.7
1213.65 9.0 134.85
1210.9501 9.0 134.55
1347.2999 10.0 134.73
1344.6001 10.0 134.46
1347.2999 10.0 134.73
1348.65 10.0 134.865
1347.2999 10.0 134.73
1343.25 10.0 134.325
1344.6001 10.0 134.46
1350.0 10.0 135.0
1348.65 10.0 134.865
1345.95 10.0 134.595
1348.65 10.0 134.865
1345.95 10.0 134.595
1350.0 10.0 135.0
1348.65 10.0 134.865
1348.65 10.0 134.865
1345.95 10.0 134.595
1348.65 10.0 134.865
1344.6001 10.0 134.46
1344.6001 10.0 134.46
1350.0 10.0 135.0
1347.2999 10.0 134.73
1345.95 10.0 134.595
1347.2999 10.0 134.73
1343.25 10.0 134.325
1348.65 10.0 134.865
1350.0 10.0 135.0
1347.2999 10.0 134.73
1345.95 10.0 134.595
1347.2999 10.0 134.73
1350.0 10.0 135.0
1344.6001 10.0 134.46
1345.95 10.0 134.595
1347.2999 10.0 134.73
1343.25 10.0 134.325
1347.2999 10.0 134.73
1347.2999 10.0 134.73
1345.95 10.0 134.595
1344.6001 10.0 134.46
1345.95 10.0 134.595
1344.6001 10.0 134.46
1345.95 10.0 134.595
1480.9501 11.0 134.63182
1480.9501 11.0 134.63182
1478.25 11.0 134.38637
1479.6001 11.0 134.5091
1479.6001 11.0 134.5091
1479.6001 11.0 134.5091
1485.0 11.0 135.0
1479.6001 11.0 134.5091
1479.6001 11.0 134.5091
1479.6001 11.0 134.5091
1475.55 11.0 134.14091
1482.3 11.0 134.75455
1483.65 11.0 134.87727
1476.9 11.0 134.26364
1475.55 11.0 134.14091
1480.9501 11.0 134.63182
1482.3 11.0 134.75455
1474.2001 11.0 134.01819
1479.6001 11.0 134.5091
1480.9501 11.0 134.63182
1482.3 11.0 134.75455
1480.9501 11.0 134.63182
1483.65 11.0 134.87727
1479.6001 11.0 134.5091
1483.65 11.0 134.87727
1480.9501 11.0 134.63182
1482.3 11.0 134.75455
1483.65 11.0 134.87727
1482.3 11.0 134.75455
1482.3 11.0 134.75455
1483.65 11.0 134.87727
1475.55 11.0 134.14091
1480.9501 11.0 134.63182
1483.65 11.0 134.87727
1476.9 11.0 134.26364
1483.65 11.0 134.87727
1485.0 11.0 135.0
1483.65 11.0 134.87727
1480.9501 11.0 134.63182
1479.6001 11.0 134.5091
1483.65 11.0 134.87727
1611.8999 12.0 134.325
1615.9501 12.0 134.6625
1614.6001 12.0 134.55
1615.9501 12.0 134.6625
1618.6499 12.0 134.8875
1618.6499 12.0 134.8875
1614.6001 12.0 134.55
1617.2999 12.0 134.775
1617.2999 12.0 134.775
1614.6001 12.0 134.55
1611.8999 12.0 134.325
1620.0 12.0 135.0
1611.8999 12.0 134.325
1614.6001 12.0 134.55
1614.6001 12.0 134.55
1614.6001 12.0 134.55
1613.25 12.0 134.4375
1615.9501 12.0 134.6625
1617.2999 12.0 134.775
1614.6001 12.0 134.55
1618.6499 12.0 134.8875
1615.9501 12.0 134.6625
1618.6499 12.0 134.8875
1617.2999 12.0 134.775
1614.6001 12.0 134.55
1615.9501 12.0 134.6625
1617.2999 12.0 134.775
1614.6001 12.0 134.55
1615.9501 12.0 134.6625
1614.6001 12.0 134.55
1620.0 12.0 135.0
1614.6001 12.0 134.55
1617.2999 12.0 134.775
1614.6001 12.0 134.55
1617.2999 12.0 134.775
1615.9501 12.0 134.6625
1617.2999 12.0 134.775
1611.8999 12.0 134.325
1614.6001 12.0 134.55
1617.2999 12.0 134.775
1609.2001 12.0 134.1
1749.6 13.0 134.58461
1748.25 13.0 134.48077
1748.25 13.0 134.48077
1750.95 13.0 134.68846
1753.6499 13.0 134.89615
1748.25 13.0 134.48077
1746.9 13.0 134.37692
1752.3 13.0 134.79231
1750.95 13.0 134.68846
1748.25 13.0 134.48077
1752.3 13.0 134.79231
1749.6 13.0 134.58461
1750.95 13.0 134.68846
1746.9 13.0 134.37692
1750.95 13.0 134.68846
1750.95 13.0 134.68846
1752.3 13.0 134.79231
1746.9 13.0 134.37692
1750.95 13.0 134.68846
1740.15 13.0 133.8577
1746.9 13.0 134.37692
1749.6 13.0 134.58461
1750.95 13.0 134.68846
1755.0 13.0 135.0
1750.95 13.0 134.68846
1746.9 13.0 134.37692
1752.3 13.0 134.79231
1748.25 13.0 134.48077
1748.25 13.0 134.48077
1750.95 13.0 134.68846
1752.3 13.0 134.79231
1750.95 13.0 134.68846
1746.9 13.0 134.37692
1749.6 13.0 134.58461
1750.95 13.0 134.68846
1753.6499 13.0 134.89615
1749.6 13.0 134.58461
1744.2001 13.0 134.16924
1750.95 13.0 134.68846
1752.3 13.0 134.79231
1749.6 13.0 134.58461
1883.25 14.0 134.51785
1880.5499 14.0 134.325
1887.3 14.0 134.80714
1877.85 14.0 134.13214
1884.6001 14.0 134.61429
1877.85 14.0 134.13214
1880.5499 14.0 134.325
1887.3 14.0 134.80714
1879.2001 14.0 134.22858
1879.2001 14.0 134.22858
1885.95 14.0 134.71071
1873.7999 14.0 133.84285
1881.9 14.0 134.42143
1884.6001 14.0 134.61429
1881.9 14.0 134.42143
1881.9 14.0 134.42143
1880.5499 14.0 134.325
1885.95 14.0 134.71071
1879.2001 14.0 134.22858
1884.6001 14.0 134.61429
1880.5499 14.0 134.325
1884.6001 14.0 134.61429
1883.25 14.0 134.51785
1883.25 14.0 134.51785
1881.9 14.0 134.42143
1880.5499 14.0 134.325
1876.5001 14.0 134.03572
1877.85 14.0 134.13214
1881.9 14.0 134.42143
1879.2001 14.0 134.22858
1881.9 14.0 134.42143
1887.3 14.0 134.80714
1887.3 14.0 134.80714
1883.25 14.0 134.51785
1877.85 14.0 134.13214
1885.95 14.0 134.71071
1883.25 14.0 134.51785
1887.3 14.0 134.80714
1881.9 14.0 134.42143
1883.25 14.0 134.51785
1890.0 14.0 135.0
2014.2001 15.000001 134.28
2014.2001 15.000001 134.28
2011.5002 15.000001 134.1
2014.2001 15.000001 134.28
2014.2001 15.000001 134.28
2014.2001 15.000001 134.28
2018.2501 15.000001 134.55
2016.9003 15.000001 134.46
2016.9003 15.000001 134.46
2014.2001 15.000001 134.28
2008.8 15.000001 133.92
2010.15 15.000001 134.01
2011.5002 15.000001 134.1
2015.55 15.000001 134.37
2012.8502 15.000001 134.19
2016.9003 15.000001 134.46
2003.4001 15.000001 133.56
2016.9003 15.000001 134.46
2010.15 15.000001 134.01
2010.15 15.000001 134.01
2015.55 15.000001 134.37
2020.9501 15.000001 134.73
2019.6001 15.000001 134.64
2015.55 15.000001 134.37
2008.8 15.000001 133.92
2016.9003 15.000001 134.46
2020.9501 15.000001 134.73
2014.2001 15.000001 134.28
2019.6001 15.000001 134.64
2007.4502 15.000001 133.83
2010.15 15.000001 134.01
2015.55 15.000001 134.37
2014.2001 15.000001 134.28
2014.2001 15.000001 134.28
2018.2501 15.000001 134.55
2019.6001 15.000001 134.64
2015.55 15.000001 134.37
2018.2501 15.000001 134.55
2012.8502 15.000001 134.19
2018.2501 15.000001 134.55
2010.15 15.000001 134.01
2145.15 16.0 134.07187
2141.1 16.0 133.81876
2133.0 16.0 133.3125
2143.8 16.0 133.9875
2135.7 16.0 133.48125
2141.1 16.0 133.81876
2133.0 16.0 133.3125
2141.1 16.0 133.81876
2134.35 16.0 133.39688
2138.4 16.0 133.65
2131.65 16.0 133.22812
2137.05 16.0 133.56563
2135.7 16.0 133.48125
2135.7 16.0 133.48125
2145.15 16.0 134.07187
2134.35 16.0 133.39688
2120.85 16.0 132.55313
2135.7 16.0 133.48125
2143.8 16.0 133.9875
2128.95 16.0 133.05937
2142.45 16.0 133.90312
2142.45 16.0 133.90312
2139.75 16.0 133.73438
2127.6 16.0 132.975
2145.15 16.0 134.07187
2134.35 16.0 133.39688
2146.5 16.0 134.15625
2138.4 16.0 133.65
2138.4 16.0 133.65
2138.4 16.0 133.65
2138.4 16.0 133.65
2135.7 16.0 133.48125
2128.95 16.0 133.05937
2135.7 16.0 133.48125
2131.65 16.0 133.22812
2133.0 16.0 133.3125
2138.4 16.0 133.65
2133.0 16.0 133.3125
2131.65 16.0 133.22812
2139.75 16.0 133.73438
2137.05 16.0 133.56563
2181.5999 17.0 128.3294
2177.5498 17.0 128.09117
2166.75 17.0 127.45588
2182.9502 17.0 128.40883
2180.25 17.0 128.25
2151.9 17.0 126.58235
2158.65 17.0 126.97941
2172.15 17.0 127.77353
2180.25 17.0 128.25
2191.05 17.0 128.8853
2184.3 17.0 128.48824
2172.15 17.0 127.77353
2188.35 17.0 128.72647
2185.65 17.0 128.56764
2207.25 17.0 129.83824
2193.75 17.0 129.04411
2166.75 17.0 127.45588
2180.25 17.0 128.25
2143.8 17.0 126.10588
2168.1 17.0 127.53529
2182.9502 17.0 128.40883
2192.4 17.0 128.9647
2187.0 17.0 128.64706
2195.1 17.0 129.12354
2176.2 17.0 128.01176
2187.0 17.0 128.64706
2184.3 17.0 128.48824
2176.2 17.0 128.01176
2165.4001 17.0 127.37647
2139.75 17.0 125.867645
2150.55 17.0 126.502945
2155.95 17.0 126.82059
2168.1 17.0 127.53529
2174.8499 17.0 127.93235
2184.3 17.0 128.48824
2187.0 17.0 128.64706
2173.5 17.0 127.85294
2196.45 17.0 129.20294
2187.0 17.0 128.64706
2188.35 17.0 128.72647
2182.9502 17.0 128.40883
2154.5999 18.0 119.7
2177.55 18.0 120.975
2155.95 18.0 119.775
2157.3 18.0 119.85
2168.0999 18.0 120.45
2147.8499 18.0 119.325
2161.3499 18.0 120.075
2169.45 18.0 120.525
2165.4001 18.0 120.3
2138.4001 18.0 118.8
2153.25 18.0 119.625
2137.05 18.0 118.725
2153.25 18.0 119.625
2160.0 18.0 120.0
2166.75 18.0 120.375
2160.0 18.0 120.0
2143.8 18.0 119.1
2135.7 18.0 118.65
2155.95 18.0 119.775
2147.8499 18.0 119.325
2158.6501 18.0 119.925
2158.6501 18.0 119.925
2154.5999 18.0 119.7
2145.1501 18.0 119.175
2164.05 18.0 120.225
2166.75 18.0 120.375
2158.6501 18.0 119.925
2143.8 18.0 119.1
2164.05 18.0 120.225
2138.4001 18.0 118.8
2147.8499 18.0 119.325
2165.4001 18.0 120.3
2173.5 18.0 120.75
2166.75 18.0 120.375
2145.1501 18.0 119.175
2153.25 18.0 119.625
2158.6501 18.0 119.925
2143.8 18.0 119.1
2160.0 18.0 120.0
2166.75 18.0 120.375
2155.95 18.0 119.775
2130.3 19.0 112.121056
2127.6 19.0 111.97895
2135.7 19.0 112.405266
2151.9001 19.0 113.2579
2130.3 19.0 112.121056
2138.4001 19.0 112.54737
2130.3 19.0 112.121056
2115.45 19.0 111.33947
2108.7 19.0 110.98421
2111.4 19.0 111.12631
2126.25 19.0 111.9079
2124.9001 19.0 111.836845
2118.1501 19.0 111.48158
2126.25 19.0 111.9079
2115.45 19.0 111.33947
2103.3 19.0 110.7
2131.6501 19.0 112.19211
2128.95 19.0 112.05
2158.65 19.0 113.61316
2153.25 19.0 113.32895
2134.35 19.0 112.33421
2114.0999 19.0 111.26842
2124.9001 19.0 111.836845
2119.5 19.0 111.552635
2108.7 19.0 110.98421
2122.2 19.0 111.69474
2139.75 19.0 112.61842
2115.45 19.0 111.33947
2127.6 19.0 111.97895
2134.35 19.0 112.33421
2135.7 19.0 112.405266
2146.5 19.0 112.97369
2135.7 19.0 112.405266
2150.55 19.0 113.186844
2120.85 19.0 111.62369
2134.35 19.0 112.33421
2134.35 19.0 112.33421
2139.75 19.0 112.61842
2124.9001 19.0 111.836845
2131.6501 19.0 112.19211
2135.7 19.0 112.405266
2099.25 20.0 104.9625
2097.9 20.0 104.895
2120.85 20.0 106.0425
2103.3 20.0 105.165
2112.75 20.0 105.6375
2115.45 20.0 105.7725
2096.55 20.0 104.8275
2116.7998 20.0 105.84
2110.05 20.0 105.5025
2103.3 20.0 105.165
2100.6 20.0 105.03
2108.7 20.0 105.435
2108.7 20.0 105.435
2112.75 20.0 105.6375
2112.75 20.0 105.6375
2081.7 20.0 104.085
2095.2 20.0 104.76
2096.55 20.0 104.8275
2104.65 20.0 105.2325
2108.7 20.0 105.435
2099.25 20.0 104.9625
2088.45 20.0 104.4225
2111.4 20.0 105.57
2118.15 20.0 105.9075
2112.75 20.0 105.6375
2092.5 20.0 104.625
2118.15 20.0 105.9075
2106.0 20.0 105.3
2116.7998 20.0 105.84
2103.3 20.0 105.165
2096.55 20.0 104.8275
2110.05 20.0 105.5025
2115.45 20.0 105.7725
2091.1501 20.0 104.5575
2119.5 20.0 105.975
2100.6 20.0 105.03
2083.0498 20.0 104.1525
2104.65 20.0 105.2325
2114.1 20.0 105.705
2107.35 20.0 105.3675
2115.45 20.0 105.7725
2092.5 21.0 99.64286
2061.45 21.0 98.16428
2088.45 21.0 99.45
2107.3499 21.0 100.35
2074.95 21.0 98.807144
2069.55 21.0 98.55
2079.0 21.0 99.0
2092.5 21.0 99.64286
2092.5 21.0 99.64286
2080.35 21.0 99.064285
2073.6 21.0 98.74286
2097.9001 21.0 99.9
2072.25 21.0 98.67857
2080.35 21.0 99.064285
2057.4 21.0 97.97143
2085.75 21.0 99.32143
2088.45 21.0 99.45
2072.25 21.0 98.67857
2087.0999 21.0 99.38571
2100.6 21.0 100.02857
2093.85 21.0 99.707146
2077.65 21.0 98.935715
2068.2002 21.0 98.48572
2087.0999 21.0 99.38571
2084.4 21.0 99.25714
2074.95 21.0 98.807144
2073.6 21.0 98.74286
2088.45 21.0 99.45
2084.4 21.0 99.25714
2103.3 21.0 100.15714
2077.65 21.0 98.935715
2080.35 21.0 99.064285
2084.4 21.0 99.25714
2083.05 21.0 99.192856
2068.2002 21.0 98.48572
2073.6 21.0 98.74286
2077.65 21.0 98.935715
2077.65 21.0 98.935715
2068.2002 21.0 98.48572
2076.3 21.0 98.87143
2074.95 21.0 98.807144
2068.2002 22.0 94.009094
2038.5 22.0 92.65909
2056.05 22.0 93.45682
2058.75 22.0 93.579544
2046.6001 22.0 93.027275
2061.45 22.0 93.70227
2072.25 22.0 94.193184
2054.7 22.0 93.395454
2070.9001 22.0 94.13182
2073.6 22.0 94.25455
2058.75 22.0 93.579544
2081.7 22.0 94.62273
2070.9001 22.0 94.13182
2064.15 22.0 93.825
2050.65 22.0 93.211365
2053.35 22.0 93.33409
2057.4 22.0 93.51818
2072.25 22.0 94.193184
2043.9 22.0 92.90455
2041.2 22.0 92.781815
2042.55 22.0 92.843185
2065.5 22.0 93.88636
2076.3 22.0 94.37727
2050.65 22.0 93.211365
2066.85 22.0 93.94773
2087.0999 22.0 94.86818
2052.0 22.0 93.27273
2074.95 22.0 94.31591
2046.6001 22.0 93.027275
2061.45 22.0 93.70227
2064.15 22.0 93.825
2073.6 22.0 94.25455
2041.2 22.0 92.781815
2049.3 22.0 93.15
2053.35 22.0 93.33409
2058.75 22.0 93.579544
2074.95 22.0 94.31591
2052.0 22.0 93.27273
2046.6001 22.0 93.027275
2060.0999 22.0 93.64091
2049.3 22.0 93.15
2043.9 23.0 88.86522
2025.0 23.0 88.04348
2045.25 23.0 88.92391
2029.05 23.0 88.21957
2031.7501 23.0 88.33696
2027.7 23.0 88.160866
2030.3999 23.0 88.27826
2022.3 23.0 87.92609
2026.35 23.0 88.10217
2014.2 23.0 87.57391
2026.35 23.0 88.10217
2029.05 23.0 88.21957
2031.7501 23.0 88.33696
2038.5 23.0 88.63043
2026.35 23.0 88.10217
2035.8 23.0 88.51305
2037.15 23.0 88.57174
2042.5499 23.0 88.80652
2027.7 23.0 88.160866
2035.8 23.0 88.51305
2018.25 23.0 87.75
2018.25 23.0 87.75
2022.3 23.0 87.92609
2023.6499 23.0 87.98478
2034.45 23.0 88.454346
2022.3 23.0 87.92609
2046.5999 23.0 88.982605
2039.8501 23.0 88.68913
2008.8 23.0 87.339134
2033.1 23.0 88.39565
2019.6 23.0 87.80869
2039.8501 23.0 88.68913
2030.3999 23.0 88.27826
2043.9 23.0 88.86522
2033.1 23.0 88.39565
2023.6499 23.0 87.98478
2018.25 23.0 87.75
2033.1 23.0 88.39565
2042.5499 23.0 88.80652
2015.5499 23.0 87.63261
2034.45 23.0 88.454346
2002.0499 24.0 83.41875
1985.8501 24.0 82.74375
2003.3999 24.0 83.475
1983.1499 24.0 82.63125
2010.1499 24.0 83.75625
1995.2999 24.0 83.1375
2015.5499 24.0 83.98125
2010.1499 24.0 83.75625
2002.0499 24.0 83.41875
1993.9501 24.0 83.08125
1998.0 24.0 83.25
2004.75 24.0 83.53125
2008.7999 24.0 83.7
2000.7001 24.0 83.3625
1992.6001 24.0 83.025
1996.6499 24.0 83.19375
2002.0499 24.0 83.41875
2010.1499 24.0 83.75625
2011.5 24.0 83.8125
2011.5 24.0 83.8125
2003.3999 24.0 83.475
1998.0 24.0 83.25
1983.1499 24.0 82.63125
2026.3501 24.0 84.43125
2007.4501 24.0 83.64375
2014.2001 24.0 83.925
1998.0 24.0 83.25
2002.0499 24.0 83.41875
2019.6001 24.0 84.15
2010.1499 24.0 83.75625
2006.1001 24.0 83.5875
2004.75 24.0 83.53125
2007.4501 24.0 83.64375
2016.8999 24.0 84.0375
2020.9501 24.0 84.20625
2027.7001 24.0 84.4875
1973.7001 24.0 82.2375
2016.8999 24.0 84.0375
1991.25 24.0 82.96875
2022.2999 24.0 84.2625
2011.5 24.0 83.8125
1964.25 25.0 78.57
1960.2 25.0 78.408
1991.25 25.0 79.65
2006.1001 25.0 80.244
1984.4999 25.0 79.38
1977.75 25.0 79.11
1972.35 25.0 78.894
1985.85 25.0 79.434
1973.7 25.0 78.948
1993.9501 25.0 79.758
1981.8 25.0 79.272
1958.8499 25.0 78.354
1962.9 25.0 78.516
1972.35 25.0 78.894
1975.0499 25.0 79.002
1992.6001 25.0 79.704
1972.35 25.0 78.894
1985.85 25.0 79.434
1995.2999 25.0 79.812
1980.4501 25.0 79.218
1973.7 25.0 78.948
1985.85 25.0 79.434
1969.65 25.0 78.786
1970.9999 25.0 78.84
1992.6001 25.0 79.704
1985.85 25.0 79.434
1996.6499 25.0 79.866
1987.2 25.0 79.488
1989.9 25.0 79.596
1956.15 25.0 78.246
2002.05 25.0 80.082
1950.75 25.0 78.03
1981.8 25.0 79.272
1980.4501 25.0 79.218
1976.4 25.0 79.056
1985.85 25.0 79.434
1960.2 25.0 78.408
1953.45 25.0 78.138
1991.25 25.0 79.65
1984.4999 25.0 79.38
1983.1499 25.0 79.326
1973.7 26.0 75.91154
1966.9501 26.0 75.651924
1948.05 26.0 74.925
1953.45 26.0 75.13269
1945.35 26.0 74.82115
1944.0001 26.0 74.76923
1938.6 26.0 74.56154
1953.45 26.0 75.13269
1953.45 26.0 75.13269
1957.5 26.0 75.28846
1952.1001 26.0 75.08077
1944.0001 26.0 74.76923
1944.0001 26.0 74.76923
1961.5499 26.0 75.44423
1964.2501 26.0 75.54808
1964.2501 26.0 75.54808
1939.9501 26.0 74.613464
1977.75 26.0 76.06731
1968.3 26.0 75.70385
1957.5 26.0 75.28846
1969.6499 26.0 75.75577
1958.85 26.0 75.340385
1948.05 26.0 74.925
1949.3999 26.0 74.97692
1954.8 26.0 75.184616
1939.9501 26.0 74.613464
1952.1001 26.0 75.08077
1975.05 26.0 75.96346
1964.2501 26.0 75.54808
1949.3999 26.0 74.97692
1965.6 26.0 75.6
1954.8 26.0 75.184616
1954.8 26.0 75.184616
1952.1001 26.0 75.08077
1944.0001 26.0 74.76923
1964.2501 26.0 75.54808
1948.05 26.0 74.925
1944.0001 26.0 74.76923
1960.2001 26.0 75.39231
1949.3999 26.0 74.97692
1950.75 26.0 75.02885
1923.7501 27.000002 71.25
1933.2001 27.000002 71.6
1926.4501 27.000002 71.35
1929.15 27.000002 71.45
1929.15 27.000002 71.45
1926.4501 27.000002 71.35
1941.3002 27.000002 71.9
1930.5001 27.000002 71.5
1923.7501 27.000002 71.25
1927.8002 27.000002 71.4
1933.2001 27.000002 71.6
1915.65 27.000002 70.95
1942.65 27.000002 71.95
1899.4501 27.000002 70.35
1918.3502 27.000002 71.05
1934.5502 27.000002 71.65
1944.0001 27.000002 72.0
1937.2501 27.000002 71.75
1902.15 27.000002 70.45
1911.6002 27.000002 70.8
1927.8002 27.000002 71.4
1929.15 27.000002 71.45
1941.3002 27.000002 71.9
1933.2001 27.000002 71.6
1952.1002 27.000002 72.3
1922.4 27.000002 71.2
1919.7001 27.000002 71.1
1935.9 27.000002 71.7
1921.0502 27.000002 71.15
1922.4 27.000002 71.2
1929.15 27.000002 71.45
1933.2001 27.000002 71.6
1919.7001 27.000002 71.1
1927.8002 27.000002 71.4
1945.3502 27.000002 72.05
1929.15 27.000002 71.45
1942.65 27.000002 71.95
1935.9 27.000002 71.7
1953.4501 27.000002 72.35
1927.8002 27.000002 71.4
1922.4 27.000002 71.2
1890.0 28.0 67.5
1892.7 28.0 67.59643
1894.05 28.0 67.644646
1918.3499 28.0 68.5125
1898.1 28.0 67.78928
1908.9001 28.0 68.175
1884.6001 28.0 67.307144
1896.75 28.0 67.74107
1896.75 28.0 67.74107
1890.0 28.0 67.5
1925.1 28.0 68.75357
1891.3501 28.0 67.54822
1900.7999 28.0 67.88571
1895.3999 28.0 67.692856
1904.85 28.0 68.03036
1911.6001 28.0 68.27143
1911.6001 28.0 68.27143
1912.95 28.0 68.31964
1876.5001 28.0 67.01786
1907.55 28.0 68.126785
1907.55 28.0 68.126785
1898.1 28.0 67.78928
1911.6001 28.0 68.27143
1912.95 28.0 68.31964
1884.6001 28.0 67.307144
1908.9001 28.0 68.175
1903.4999 28.0 67.98214
1904.85 28.0 68.03036
1895.3999 28.0 67.692856
1907.55 28.0 68.126785
1894.05 28.0 67.644646
1910.25 28.0 68.22321
1915.6499 28.0 68.41607
1899.4501 28.0 67.8375
1880.5499 28.0 67.1625
1906.2001 28.0 68.078575
1898.1 28.0 67.78928
1914.3 28.0 68.36786
1918.3499 28.0 68.5125
1907.55 28.0 68.126785
1871.0999 28.0 66.825
1857.6001 29.0 64.055176
1873.7999 29.0 64.61379
1873.7999 29.0 64.61379
1879.2001 29.0 64.8
1864.3501 29.0 64.28793
1873.7999 29.0 64.61379
1888.65 29.0 65.12586
1875.15 29.0 64.66035
1861.6499 29.0 64.194824
1856.25 29.0 64.00862
1872.45 29.0 64.56724
1872.45 29.0 64.56724
1887.2999 29.0 65.07931
1884.6 29.0 64.986206
1895.4 29.0 65.35862
1880.5499 29.0 64.84655
1891.35 29.0 65.21896
1880.5499 29.0 64.84655
1894.05 29.0 65.31207
1860.3 29.0 64.14828
1890.0001 29.0 65.17242
1877.85 29.0 64.75345
1876.4999 29.0 64.706894
1864.3501 29.0 64.28793
1869.75 29.0 64.47414
1861.6499 29.0 64.194824
1873.7999 29.0 64.61379
1881.9 29.0 64.893105
1884.6 29.0 64.986206
1883.2499 29.0 64.93965
1888.65 29.0 65.12586
1895.4 29.0 65.35862
1871.1001 29.0 64.52069
1863.0 29.0 64.24138
1871.1001 29.0 64.52069
1890.0001 29.0 65.17242
1883.2499 29.0 64.93965
1864.3501 29.0 64.28793
1884.6 29.0 64.986206
1863.0 29.0 64.24138
1877.85 29.0 64.75345
1863.0001 30.000002 62.1
1848.1501 30.000002 61.605
1875.1501 30.000002 62.505
1852.2002 30.000002 61.74
1848.1501 30.000002 61.605
1836.0001 30.000002 61.2
1846.8002 30.000002 61.56
1838.7002 30.000002 61.29
1856.2501 30.000002 61.875
1865.7001 30.000002 62.19
1864.3501 30.000002 62.145
1838.7002 30.000002 61.29
1852.2002 30.000002 61.74
1871.1001 30.000002 62.37
1845.4501 30.000002 61.515
1872.4502 30.000002 62.415
1861.6501 30.000002 62.055
1849.5001 30.000002 61.65
1834.65 30.000002 61.155
1861.6501 30.000002 62.055
1852.2002 30.000002 61.74
1849.5001 30.000002 61.65
1858.9501 30.000002 61.965
1850.8501 30.000002 61.695
1846.8002 30.000002 61.56
1833.3002 30.000002 61.11
1854.9001 30.000002 61.83
1854.9001 30.000002 61.83
1846.8002 30.000002 61.56
1830.6001 30.000002 61.02
1863.0001 30.000002 62.1
1845.4501 30.000002 61.515
1833.3002 30.000002 61.11
1852.2002 30.000002 61.74
1857.6001 30.000002 61.92
1841.4001 30.000002 61.38
1853.5502 30.000002 61.785
1857.6001 30.000002 61.92
1826.55 30.000002 60.885
1857.6001 30.000002 61.92
1826.55 30.000002 60.885
1810.35 31.0 58.398388
1834.65 31.0 59.18226
1800.9 31.0 58.093548
1834.65 31.0 59.18226
1818.45 31.0 58.659676
1830.6 31.0 59.051613
1811.7001 31.0 58.441936
1846.7999 31.0 59.574192
1841.4 31.0 59.4
1831.95 31.0 59.09516
1826.5499 31.0 58.920967
1821.1499 31.0 58.746773
1813.05 31.0 58.485485
1831.95 31.0 59.09516
1831.95 31.0 59.09516
1819.7999 31.0 58.703224
1836.0 31.0 59.225807
1813.05 31.0 58.485485
1833.3 31.0 59.13871
1825.2 31.0 58.87742
1803.6 31.0 58.180645
1833.3 31.0 59.13871
1823.85 31.0 58.83387
1815.75 31.0 58.572582
1829.25 31.0 59.008064
1826.5499 31.0 58.920967
1845.45 31.0 59.530643
1800.9 31.0 58.093548
1825.2 31.0 58.87742
1833.3 31.0 59.13871
1831.95 31.0 59.09516
1840.05 31.0 59.356453
1841.4 31.0 59.4
1822.5 31.0 58.79032
1836.0 31.0 59.225807
1834.65 31.0 59.18226
1838.7001 31.0 59.312904
1815.75 31.0 58.572582
1826.5499 31.0 58.920967
1840.05 31.0 59.356453
1827.9 31.0 58.964516
1804.95 32.0 56.404686
1803.6 32.0 56.3625
1809.0 32.0 56.53125
1786.05 32.0 55.814064
1800.9 32.0 56.278126
1804.95 32.0 56.404686
1788.75 32.0 55.898438
1791.45 32.0 55.98281
1803.6 32.0 56.3625
1792.8 32.0 56.025
1783.35 32.0 55.729687
1813.05 32.0 56.657814
1788.75 32.0 55.898438
1796.85 32.0 56.15156
1804.95 32.0 56.404686
1792.8 32.0 56.025
1796.85 32.0 56.15156
1811.7 32.0 56.615623
1804.95 32.0 56.404686
1802.25 32.0 56.320312
1795.5 32.0 56.109375
1788.75 32.0 55.898438
1786.05 32.0 55.814064
1791.45 32.0 55.98281
1806.3 32.0 56.446877
1791.45 32.0 55.98281
1811.7 32.0 56.615623
1799.55 32.0 56.23594
1799.55 32.0 56.23594
1807.65 32.0 56.489063
1804.95 32.0 56.404686
1792.8 32.0 56.025
1795.5 32.0 56.109375
1803.6 32.0 56.3625
1791.45 32.0 55.98281
1815.75 32.0 56.742188
1811.7 32.0 56.615623
1784.7 32.0 55.771873
1799.55 32.0 56.23594
1802.25 32.0 56.320312
1788.75 32.0 55.898438
1756.3501 33.0 53.22273
1782.0 33.0 54.0
1783.35 33.0 54.04091
1775.25 33.0 53.795456
1757.7001 33.0 53.263638
1745.55 33.0 52.895454
1749.6 33.0 53.01818
1777.9501 33.0 53.877274
1760.4 33.0 53.345455
1776.6001 33.0 53.836365
1772.5499 33.0 53.713634
1765.7999 33.0 53.50909
1773.9 33.0 53.754547
1776.6001 33.0 53.836365
1767.15 33.0 53.55
1782.0 33.0 54.0
1769.85 33.0 53.631817
1780.65 33.0 53.95909
1767.15 33.0 53.55
1763.1 33.0 53.427273
1760.4 33.0 53.345455
1782.0 33.0 54.0
1776.6001 33.0 53.836365
1767.15 33.0 53.55
1777.9501 33.0 53.877274
1763.1 33.0 53.427273
1783.35 33.0 54.04091
1779.3 33.0 53.918182
1768.5 33.0 53.590908
1764.45 33.0 53.46818
1772.5499 33.0 53.713634
1772.5499 33.0 53.713634
1763.1 33.0 53.427273
1787.3999 33.0 54.163635
1782.0 33.0 54.0
1777.9501 33.0 53.877274
1784.7 33.0 54.081818
1769.85 33.0 53.631817
1772.5499 33.0 53.713634
1767.15 33.0 53.55
1768.5 33.0 53.590908
1750.95 34.0 51.498528
1755.0 34.0 51.617645
1757.7001 34.0 51.69706
1742.8501 34.0 51.260296
1768.5 34.0 52.014706
1745.55 34.0 51.339706
1746.9 34.0 51.379414
1738.8 34.0 51.14118
1755.0 34.0 51.617645
1740.15 34.0 51.18088
1760.4 34.0 51.77647
1753.65 34.0 51.57794
1757.7001 34.0 51.69706
1745.55 34.0 51.339706
1764.45 34.0 51.895588
1748.25 34.0 51.419117
1756.35 34.0 51.657352
1749.6 34.0 51.458824
1742.8501 34.0 51.260296
1714.5 34.0 50.42647
1741.5 34.0 51.22059
1755.0 34.0 51.617645
1755.0 34.0 51.617645
1757.7001 34.0 51.69706
1728.0 34.0 50.82353
1761.75 34.0 51.816177
1730.7001 34.0 50.902943
1748.25 34.0 51.419117
1738.8 34.0 51.14118
1759.0499 34.0 51.736763
1750.95 34.0 51.498528
1744.2 34.0 51.3
1740.15 34.0 51.18088
1750.95 34.0 51.498528
1753.65 34.0 51.57794
1744.2 34.0 51.3
1767.1499 34.0 51.975
1746.9 34.0 51.379414
1749.6 34.0 51.458824
1746.9 34.0 51.379414
1729.35 34.0 50.863235
1715.85 35.0 49.024284
1725.2999 35.0 49.294285
1719.9 35.0 49.14
1714.5 35.0 48.985714
1718.55 35.0 49.10143
1723.95 35.0 49.255714
1721.25 35.0 49.17857
1721.25 35.0 49.17857
1715.85 35.0 49.024284
1710.45 35.0 48.87
1729.35 35.0 49.41
1721.25 35.0 49.17857
1722.6001 35.0 49.217144
1737.4501 35.0 49.64143
1722.6001 35.0 49.217144
1696.9501 35.0 48.484287
1722.6001 35.0 49.217144
1721.25 35.0 49.17857
1721.25 35.0 49.17857
1715.85 35.0 49.024284
1736.1 35.0 49.602856
1713.15 35.0 48.947144
1717.2001 35.0 49.06286
1711.8 35.0 48.908573
1726.65 35.0 49.33286
1711.8 35.0 48.908573
1726.65 35.0 49.33286
1718.55 35.0 49.10143
1737.4501 35.0 49.64143
1713.15 35.0 48.947144
1726.65 35.0 49.33286
1701.0 35.0 48.6
1734.75 35.0 49.564285
1721.25 35.0 49.17857
1721.25 35.0 49.17857
1713.15 35.0 48.947144
1721.25 35.0 49.17857
1721.25 35.0 49.17857
1730.7 35.0 49.44857
1714.5 35.0 48.985714
1718.55 35.0 49.10143
1674.0 36.0 46.5
1710.4501 36.0 47.5125
1688.85 36.0 46.9125
1701.0 36.0 47.25
1698.2999 36.0 47.175
1672.65 36.0 46.4625
1701.0 36.0 47.25
1699.65 36.0 47.2125
1701.0 36.0 47.25
1694.25 36.0 47.0625
1682.1 36.0 46.725
1698.2999 36.0 47.175
1695.6 36.0 47.1
1692.9 36.0 47.025
1701.0 36.0 47.25
1706.4 36.0 47.4
1707.75 36.0 47.4375
1691.5499 36.0 46.9875
1695.6 36.0 47.1
1706.4 36.0 47.4
1703.7001 36.0 47.325
1690.2001 36.0 46.95
1698.2999 36.0 47.175
1687.5 36.0 46.875
1691.5499 36.0 46.9875
1686.15 36.0 46.8375
1703.7001 36.0 47.325
1682.1 36.0 46.725
1701.0 36.0 47.25
1696.9501 36.0 47.1375
1706.4 36.0 47.4
1688.85 36.0 46.9125
1709.1 36.0 47.475
1711.7999 36.0 47.55
1710.4501 36.0 47.5125
1702.35 36.0 47.2875
1692.9 36.0 47.025
1686.15 36.0 46.8375
1698.2999 36.0 47.175
1695.6 36.0 47.1
1696.9501 36.0 47.1375
1656.45 37.0 44.768917
1676.7 37.0 45.316216
1676.7 37.0 45.316216
1645.65 37.0 44.477028
1671.2999 37.0 45.17027
1665.8999 37.0 45.024323
1675.35 37.0 45.279728
1669.9501 37.0 45.133785
1668.6 37.0 45.097298
1682.1 37.0 45.462162
1667.25 37.0 45.06081
1667.25 37.0 45.06081
1664.55 37.0 44.98784
1651.05 37.0 44.622974
1683.4501 37.0 45.49865
1645.65 37.0 44.477028
1679.4 37.0 45.38919
1679.4 37.0 45.38919
1664.55 37.0 44.98784
1672.65 37.0 45.206757
1675.35 37.0 45.279728
1668.6 37.0 45.097298
1661.85 37.0 44.914864
1645.65 37.0 44.477028
1667.25 37.0 45.06081
1661.85 37.0 44.914864
1679.4 37.0 45.38919
1669.9501 37.0 45.133785
1646.9999 37.0 44.51351
1667.25 37.0 45.06081
1668.6 37.0 45.097298
1676.7 37.0 45.316216
1672.65 37.0 45.206757
1652.3999 37.0 44.65946
1669.9501 37.0 45.133785
1674.0 37.0 45.243244
1668.6 37.0 45.097298
1668.6 37.0 45.097298
1676.7 37.0 45.316216
1675.35 37.0 45.279728
1678.05 37.0 45.352703
1628.1001 38.0 42.844738
1632.15 38.0 42.951317
1649.7001 38.0 43.41316
1640.25 38.0 43.164474
1618.65 38.0 42.596054
1651.05 38.0 43.448685
1652.4 38.0 43.48421
1637.55 38.0 43.093422
1648.35 38.0 43.377632
1644.3 38.0 43.271053
1645.65 38.0 43.30658
1647.0 38.0 43.342106
1617.3 38.0 42.560528
1638.9 38.0 43.12895
1656.45 38.0 43.59079
1629.4501 38.0 42.880264
1645.65 38.0 43.30658
1644.3 38.0 43.271053
1651.05 38.0 43.448685
1640.25 38.0 43.164474
1642.9501 38.0 43.235527
1660.5 38.0 43.69737
1649.7001 38.0 43.41316
1633.5 38.0 42.986843
1647.0 38.0 43.342106
1638.9 38.0 43.12895
1647.0 38.0 43.342106
1642.9501 38.0 43.235527
1642.9501 38.0 43.235527
1632.15 38.0 42.951317
1651.05 38.0 43.448685
1644.3 38.0 43.271053
1645.65 38.0 43.30658
1645.65 38.0 43.30658
1656.45 38.0 43.59079
1624.05 38.0 42.73816
1649.7001 38.0 43.41316
1651.05 38.0 43.448685
1642.9501 38.0 43.235527
1638.9 38.0 43.12895
1630.8 38.0 42.91579
1618.0244 39.0 41.487804
1613.9692 39.0 41.383827
1619.3761 39.0 41.522465
1615.3209 39.0 41.418484
1634.2451 39.0 41.90372
1609.9141 39.0 41.279846
1628.8383 39.0 41.765083
1627.4865 39.0 41.730423
1622.0796 39.0 41.591785
1618.0244 39.0 41.487804
1597.7484 39.0 40.967907
1620.7279 39.0 41.557125
1608.5623 39.0 41.245186
1630.19 39.0 41.799744
1613.9692 39.0 41.383827
1618.0244 39.0 41.487804
1618.0244 39.0 41.487804
1619.3761 39.0 41.522465
1626.1348 39.0 41.695763
1611.2657 39.0 41.314507
1604.507 39.0 41.141205
1619.3761 39.0 41.522465
1608.5623 39.0 41.245186
1620.7279 39.0 41.557125
1616.6726 39.0 41.453144
1618.0244 39.0 41.487804
1619.3761 39.0 41.522465
1618.0244 39.0 41.487804
1608.5623 39.0 41.245186
1619.3761 39.0 41.522465
1597.7484 39.0 40.967907
1596.3966 39.0 40.933247
1615.3209 39.0 41.418484
1630.19 39.0 41.799744
1631.5417 39.0 41.834404
1619.3761 39.0 41.522465
1627.4865 39.0 41.730423
1624.783 39.0 41.661102
1622.0796 39.0 41.591785
1622.0796 39.0 41.591785
1628.8383 39.0 41.765083
1587.6 40.0 39.69
1574.1001 40.0 39.3525
1588.9501 40.0 39.72375
1587.6 40.0 39.69
1580.8501 40.0 39.52125
1583.5499 40.0 39.58875
1587.6 40.0 39.69
1587.6 40.0 39.69
1587.6 40.0 39.69
1601.1 40.0 40.0275
1583.5499 40.0 39.58875
1570.05 40.0 39.25125
1583.5499 40.0 39.58875
1575.45 40.0 39.38625
1605.15 40.0 40.12875
1580.8501 40.0 39.52125
1590.3 40.0 39.7575
1567.35 40.0 39.18375
1598.3999 40.0 39.96
1584.9 40.0 39.6225
1587.6 40.0 39.69
1605.15 40.0 40.12875
1582.2 40.0 39.555
1582.2 40.0 39.555
1603.8 40.0 40.095
1601.1 40.0 40.0275
1602.45 40.0 40.06125
1594.35 40.0 39.85875
1602.45 40.0 40.06125
1601.1 40.0 40.0275
1601.1 40.0 40.0275
1597.05 40.0 39.92625
1578.15 40.0 39.45375
1593.0 40.0 39.825
1606.5 40.0 40.1625
1588.9501 40.0 39.72375
1594.35 40.0 39.85875
1586.25 40.0 39.65625
1594.35 40.0 39.85875
1588.9501 40.0 39.72375
1584.9 40.0 39.6225
1548.4501 41.0 37.767075
1556.55 41.0 37.964634
1549.7999 41.0 37.8
1568.7 41.0 38.260975
1568.7 41.0 38.260975
1551.15 41.0 37.832928
1555.2 41.0 37.931705
1564.6499 41.0 38.162193
1566.0 41.0 38.19512
1555.2 41.0 37.931705
1563.3 41.0 38.12927
1552.5 41.0 37.865852
1557.9 41.0 37.997562
1574.1 41.0 38.39268
1566.0 41.0 38.19512
1564.6499 41.0 38.162193
1556.55 41.0 37.964634
1553.85 41.0 37.89878
1568.7 41.0 38.260975
1551.15 41.0 37.832928
1563.3 41.0 38.12927
1571.3999 41.0 38.326828
1563.3 41.0 38.12927
1553.85 41.0 37.89878
1552.5 41.0 37.865852
1555.2 41.0 37.931705
1549.7999 41.0 37.8
1567.3501 41.0 38.22805
1560.6001 41.0 38.063416
1563.3 41.0 38.12927
1561.95 41.0 38.09634
1557.9 41.0 37.997562
1559.25 41.0 38.030487
1549.7999 41.0 37.8
1553.85 41.0 37.89878
1580.85 41.0 38.557316
1582.2001 41.0 38.590244
1548.4501 41.0 37.767075
1547.1 41.0 37.734146
1563.3 41.0 38.12927
1578.15 41.0 38.491463
1541.7 42.0 36.70714
1516.0499 42.0 36.096428
1548.4501 42.0 36.86786
1526.8501 42.0 36.353573
1539.0 42.0 36.642857
1549.8 42.0 36.9
1540.35 42.0 36.675
1543.0499 42.0 36.739285
1551.15 42.0 36.932144
1551.15 42.0 36.932144
1539.0 42.0 36.642857
1539.0 42.0 36.642857
1551.15 42.0 36.932144
1540.35 42.0 36.675
1548.4501 42.0 36.86786
1543.0499 42.0 36.739285
1525.5001 42.0 36.32143
1529.55 42.0 36.41786
1548.4501 42.0 36.86786
1530.9 42.0 36.45
1533.6 42.0 36.514286
1539.0 42.0 36.642857
1549.8 42.0 36.9
1552.5 42.0 36.964287
1541.7 42.0 36.70714
1533.6 42.0 36.514286
1526.8501 42.0 36.353573
1549.8 42.0 36.9
1541.7 42.0 36.70714
1533.6 42.0 36.514286
1547.1 42.0 36.835712
1529.55 42.0 36.41786
1547.1 42.0 36.835712
1529.55 42.0 36.41786
1533.6 42.0 36.514286
1530.9 42.0 36.45
1541.7 42.0 36.70714
1537.65 42.0 36.610714
1525.5001 42.0 36.32143
1543.0499 42.0 36.739285
1540.35 42.0 36.675
1498.5001 43.0 34.84884
1518.75 43.0 35.319767
1497.1499 43.0 34.81744
1503.9 43.0 34.97442
1521.45 43.0 35.382557
1520.1 43.0 35.351162
1499.8501 43.0 34.880234
1505.25 43.0 35.005814
1514.7001 43.0 35.225582
1506.6 43.0 35.03721
1502.55 43.0 34.943024
1517.4 43.0 35.288372
1505.25 43.0 35.005814
1516.05 43.0 35.256977
1522.7999 43.0 35.41395
1512.0001 43.0 35.162792
1507.95 43.0 35.068604
1510.65 43.0 35.131397
1505.25 43.0 35.005814
1509.2999 43.0 35.1
1521.45 43.0 35.382557
1526.8501 43.0 35.50814
1507.95 43.0 35.068604
1494.45 43.0 34.75465
1503.9 43.0 34.97442
1507.95 43.0 35.068604
1493.1 43.0 34.723255
1506.6 43.0 35.03721
1522.7999 43.0 35.41395
1512.0001 43.0 35.162792
1518.75 43.0 35.319767
1506.6 43.0 35.03721
1513.3501 43.0 35.194187
1514.7001 43.0 35.225582
1505.25 43.0 35.005814
1517.4 43.0 35.288372
1513.3501 43.0 35.194187
1513.3501 43.0 35.194187
1503.9 43.0 34.97442
1507.95 43.0 35.068604
1502.55 43.0 34.943024
1499.8501 44.0 34.0875
1490.3999 44.0 33.872726
1483.65 44.0 33.71932
1486.35 44.0 33.78068
1491.75 44.0 33.903408
1467.45 44.0 33.351135
1478.25 44.0 33.596592
1478.25 44.0 33.596592
1480.9501 44.0 33.657955
1485.0 44.0 33.75
1497.1499 44.0 34.026134
1491.75 44.0 33.903408
1482.3 44.0 33.688637
1486.35 44.0 33.78068
1487.7 44.0 33.811363
1474.2001 44.0 33.504547
1483.65 44.0 33.71932
1479.6001 44.0 33.627274
1475.55 44.0 33.53523
1487.7 44.0 33.811363
1480.9501 44.0 33.657955
1485.0 44.0 33.75
1493.1 44.0 33.93409
1479.6001 44.0 33.627274
1489.0499 44.0 33.842045
1490.3999 44.0 33.872726
1479.6001 44.0 33.627274
1479.6001 44.0 33.627274
1483.65 44.0 33.71932
1471.4999 44.0 33.44318
1486.35 44.0 33.78068
1472.8501 44.0 33.473866
1485.0 44.0 33.75
1479.6001 44.0 33.627274
1474.2001 44.0 33.504547
1482.3 44.0 33.688637
1489.0499 44.0 33.842045
1487.7 44.0 33.811363
1485.0 44.0 33.75
1482.3 44.0 33.688637
1485.0 44.0 33.75
1436.4 45.0 31.92
1456.6499 45.0 32.37
1445.8501 45.0 32.13
1456.6499 45.0 32.37
1455.3 45.0 32.34
1459.35 45.0 32.43
1470.1499 45.0 32.67
1458.0001 45.0 32.4
1470.1499 45.0 32.67
1459.35 45.0 32.43
1466.1001 45.0 32.58
1466.1001 45.0 32.58
1455.3 45.0 32.34
1452.6 45.0 32.28
1458.0001 45.0 32.4
1459.35 45.0 32.43
1460.7 45.0 32.46
1460.7 45.0 32.46
1444.4999 45.0 32.1
1460.7 45.0 32.46
1453.9501 45.0 32.31
1475.55 45.0 32.79
1443.15 45.0 32.07
1467.4501 45.0 32.61
1456.6499 45.0 32.37
1463.4 45.0 32.52
1453.9501 45.0 32.31
1467.4501 45.0 32.61
1464.75 45.0 32.55
1444.4999 45.0 32.1
1453.9501 45.0 32.31
1463.4 45.0 32.52
1467.4501 45.0 32.61
1448.5499 45.0 32.19
1462.05 45.0 32.49
1452.6 45.0 32.28
1463.4 45.0 32.52
1467.4501 45.0 32.61
1459.35 45.0 32.43
1449.9 45.0 32.22
1452.6 45.0 32.28
1432.3501 46.0 31.138044
1426.9501 46.0 31.020653
1420.2 46.0 30.873913
1412.1 46.0 30.697826
1432.3501 46.0 31.138044
1416.15 46.0 30.78587
1422.9 46.0 30.93261
1441.8 46.0 31.34348
1424.25 46.0 30.961956
1432.3501 46.0 31.138044
1443.15 46.0 31.372826
1439.1 46.0 31.284782
1432.3501 46.0 31.138044
1425.6 46.0 30.991304
1436.4 46.0 31.226088
1435.05 46.0 31.19674
1426.9501 46.0 31.020653
1440.4501 46.0 31.31413
1440.4501 46.0 31.31413
1421.55 46.0 30.903261
1429.65 46.0 31.079348
1431.0 46.0 31.108696
1425.6 46.0 30.991304
1431.0 46.0 31.108696
1437.75 46.0 31.255434
1426.9501 46.0 31.020653
1443.15 46.0 31.372826
1425.6 46.0 30.991304
1424.25 46.0 30.961956
1447.2 46.0 31.460869
1420.2 46.0 30.873913
1428.2999 46.0 31.05
1429.65 46.0 31.079348
1416.15 46.0 30.78587
1418.85 46.0 30.844564
1440.4501 46.0 31.31413
1429.65 46.0 31.079348
1429.65 46.0 31.079348
1433.7 46.0 31.16739
1443.15 46.0 31.372826
1435.05 46.0 31.19674
1408.05 47.0 29.958511
1410.75 47.0 30.015957
1405.35 47.0 29.901064
1418.85 47.0 30.188297
1399.9501 47.0 29.786171
1405.35 47.0 29.901064
1391.8501 47.0 29.61383
1390.5 47.0 29.585106
1405.35 47.0 29.901064
1406.7 47.0 29.929787
1410.75 47.0 30.015957
1410.75 47.0 30.015957
1399.9501 47.0 29.786171
1397.25 47.0 29.728724
1414.7999 47.0 30.102127
1417.5 47.0 30.159575
1406.7 47.0 29.929787
1397.25 47.0 29.728724
1399.9501 47.0 29.786171
1405.35 47.0 29.901064
1416.15 47.0 30.130852
1395.9 47.0 29.7
1409.4 47.0 29.987234
1413.45 47.0 30.073404
1408.05 47.0 29.958511
1409.4 47.0 29.987234
1420.2001 47.0 30.217022
1402.65 47.0 29.843616
1398.6 47.0 29.757446
1414.7999 47.0 30.102127
1394.5499 47.0 29.671276
1410.75 47.0 30.015957
1406.7 47.0 29.929787
1399.9501 47.0 29.786171
1406.7 47.0 29.929787
1390.5 47.0 29.585106
1405.35 47.0 29.901064
1401.3 47.0 29.814894
1401.3 47.0 29.814894
1409.4 47.0 29.987234
1389.15 47.0 29.556383
1386.45 48.0 28.884375
1389.1499 48.0 28.940624
1383.75 48.0 28.828125
1358.1001 48.0 28.29375
1383.75 48.0 28.828125
1381.05 48.0 28.771875
1370.25 48.0 28.546875
1378.3501 48.0 28.715626
1375.6499 48.0 28.659374
1379.7 48.0 28.74375
1377.0 48.0 28.6875
1378.3501 48.0 28.715626
1386.45 48.0 28.884375
1362.1499 48.0 28.378124
1372.95 48.0 28.603125
1372.95 48.0 28.603125
1386.45 48.0 28.884375
1386.45 48.0 28.884375
1377.0 48.0 28.6875
1387.8 48.0 28.9125
1374.3 48.0 28.63125
1372.95 48.0 28.603125
1374.3 48.0 28.63125
1379.7 48.0 28.74375
1375.6499 48.0 28.659374
1363.5 48.0 28.40625
1377.0 48.0 28.6875
1382.3999 48.0 28.8
1387.8 48.0 28.9125
1377.0 48.0 28.6875
1377.0 48.0 28.6875
1367.55 48.0 28.490625
1370.25 48.0 28.546875
1381.05 48.0 28.771875
1356.75 48.0 28.265625
1375.6499 48.0 28.659374
1370.25 48.0 28.546875
1378.3501 48.0 28.715626
1362.1499 48.0 28.378124
1389.1499 48.0 28.940624
1386.45 48.0 28.884375
1348.65 49.0 27.52347
1356.75 49.0 27.688776
1347.3 49.0 27.495918
1359.45 49.0 27.743877
1348.65 49.0 27.52347
1351.35 49.0 27.578571
1355.4 49.0 27.661224
1331.1 49.0 27.165306
1351.35 49.0 27.578571
1359.45 49.0 27.743877
1362.1499 49.0 27.798979
1348.65 49.0 27.52347
1350.0 49.0 27.55102
1343.25 49.0 27.413265
1344.6 49.0 27.440817
1366.2 49.0 27.881632
1355.4 49.0 27.661224
1358.1 49.0 27.716326
1356.75 49.0 27.688776
1352.7001 49.0 27.606123
1350.0 49.0 27.55102
1355.4 49.0 27.661224
1360.8 49.0 27.77143
1360.8 49.0 27.77143
1352.7001 49.0 27.606123
1364.85 49.0 27.854082
1327.05 49.0 27.082653
1354.0499 49.0 27.633673
1359.45 49.0 27.743877
1351.35 49.0 27.578571
1351.35 49.0 27.578571
1350.0 49.0 27.55102
1345.95 49.0 27.468367
1343.25 49.0 27.413265
1359.45 49.0 27.743877
1347.3 49.0 27.495918
1345.95 49.0 27.468367
1374.2999 49.0 28.046938
1340.55 49.0 27.358164
1371.6 49.0 27.991837
1350.0 49.0 27.55102
1328.4 50.0 26.568
1320.3 50.0 26.406
1327.05 50.0 26.541
1325.7 50.0 26.514
1333.8 50.0 26.676
1333.8 50.0 26.676
1323.0 50.0 26.46
1305.45 50.0 26.109
1332.45 50.0 26.649
1327.05 50.0 26.541
1327.05 50.0 26.541
1328.4 50.0 26.568
1317.6 50.0 26.352
1325.7 50.0 26.514
1321.65 50.0 26.433
1332.45 50.0 26.649
1313.55 50.0 26.271
1327.05 50.0 26.541
1323.0 50.0 26.46
1325.7 50.0 26.514
1333.8 50.0 26.676
1312.2 50.0 26.244
1325.7 50.0 26.514
1320.3 50.0 26.406
1324.35 50.0 26.487
1328.4 50.0 26.568
1323.0 50.0 26.46
1321.65 50.0 26.433
1325.7 50.0 26.514
1325.7 50.0 26.514
1323.0 50.0 26.46
1336.5 50.0 26.73
1327.05 50.0 26.541
1318.95 50.0 26.379
1329.75 50.0 26.595
1339.2001 50.0 26.784
1329.75 50.0 26.595
1329.75 50.0 26.595
1328.4 50.0 26.568
1329.75 50.0 26.595
1331.1 50.0 26.622
1310.8501 51.0 25.702942
1306.8 51.0 25.62353
1294.65 51.0 25.385294
1293.3 51.0 25.358824
1304.1001 51.0 25.57059
1306.8 51.0 25.62353
1302.75 51.0 25.544117
1287.9 51.0 25.252941
1294.65 51.0 25.385294
1290.6 51.0 25.305882
1306.8 51.0 25.62353
1301.4 51.0 25.517647
1300.05 51.0 25.491177
1301.4 51.0 25.517647
1310.8501 51.0 25.702942
1301.4 51.0 25.517647
1294.65 51.0 25.385294
1306.8 51.0 25.62353
1309.5 51.0 25.67647
1296.0 51.0 25.411764
1294.65 51.0 25.385294
1305.4501 51.0 25.59706
1301.4 51.0 25.517647
1304.1001 51.0 25.57059
1297.3501 51.0 25.438236
1306.8 51.0 25.62353
1287.9 51.0 25.252941
1300.05 51.0 25.491177
1290.6 51.0 25.305882
1291.9501 51.0 25.332354
1291.9501 51.0 25.332354
1283.85 51.0 25.173529
1286.55 51.0 25.22647
1282.5 51.0 25.147058
1305.4501 51.0 25.59706
1294.65 51.0 25.385294
1300.05 51.0 25.491177
1289.25 51.0 25.279411
1291.9501 51.0 25.332354
1306.8 51.0 25.62353
1305.4501 51.0 25.59706
1273.05 52.0 24.481731
1270.35 52.0 24.429808
1278.45 52.0 24.585577
1275.75 52.0 24.533653
1273.05 52.0 24.481731
1281.15 52.0 24.6375
1269.0 52.0 24.403847
1281.15 52.0 24.6375
1275.75 52.0 24.533653
1256.85 52.0 24.170193
1269.0 52.0 24.403847
1258.2 52.0 24.196154
1269.0 52.0 24.403847
1275.75 52.0 24.533653
1279.7999 52.0 24.611538
1279.7999 52.0 24.611538
1274.4 52.0 24.507692
1263.6 52.0 24.3
1282.5 52.0 24.663462
1267.6499 52.0 24.377884
1281.15 52.0 24.6375
1277.1001 52.0 24.559616
1271.7 52.0 24.455769
1275.75 52.0 24.533653
1282.5 52.0 24.663462
1282.5 52.0 24.663462
1267.6499 52.0 24.377884
1267.6499 52.0 24.377884
1286.55 52.0 24.741346
1274.4 52.0 24.507692
1286.55 52.0 24.741346
1286.55 52.0 24.741346
1255.5 52.0 24.14423
1267.6499 52.0 24.377884
1285.2001 52.0 24.715385
1278.45 52.0 24.585577
1264.9501 52.0 24.325962
1273.05 52.0 24.481731
1279.7999 52.0 24.611538
1250.1 52.0 24.040384
1286.55 52.0 24.741346
1240.4702 52.999996 23.4051
1249.9291 52.999996 23.583569
1239.1189 52.999996 23.379604
1260.7393 52.999996 23.787535
1236.4163 52.999996 23.328611
1243.1727 52.999996 23.45609
1245.8752 52.999996 23.507082
1244.524 52.999996 23.481586
1258.0367 52.999996 23.736544
1258.0367 52.999996 23.736544
1248.5778 52.999996 23.558073
1249.9291 52.999996 23.583569
1248.5778 52.999996 23.558073
1258.0367 52.999996 23.736544
1244.524 52.999996 23.481586
1247.2266 52.999996 23.532578
1233.7137 52.999996 23.27762
1255.3342 52.999996 23.685553
1260.7393 52.999996 23.787535
1259.388 52.999996 23.76204
1256.6854 52.999996 23.711048
1260.7393 52.999996 23.787535
1249.9291 52.999996 23.583569
1251.2804 52.999996 23.609066
1249.9291 52.999996 23.583569
1243.1727 52.999996 23.45609
1236.4163 52.999996 23.328611
1256.6854 52.999996 23.711048
1259.388 52.999996 23.76204
1255.3342 52.999996 23.685553
1243.1727 52.999996 23.45609
1248.5778 52.999996 23.558073
1253.9829 52.999996 23.660057
1248.5778 52.999996 23.558073
1258.0367 52.999996 23.736544
1245.8752 52.999996 23.507082
1248.5778 52.999996 23.558073
1232.3625 52.999996 23.252125
1255.3342 52.999996 23.685553
1256.6854 52.999996 23.711048
1251.2804 52.999996 23.609066
1209.6001 54.000004 22.4
1212.3002 54.000004 22.45
1219.0502 54.000004 22.575
1215.0001 54.000004 22.5
1225.8002 54.000004 22.7
1213.6501 54.000004 22.475
1216.3501 54.000004 22.525
1227.1501 54.000004 22.725
1224.4501 54.000004 22.675
1216.3501 54.000004 22.525
1219.0502 54.000004 22.575
1223.1001 54.000004 22.65
1219.0502 54.000004 22.575
1217.7001 54.000004 22.55
1221.7501 54.000004 22.625
1216.3501 54.000004 22.525
1221.7501 54.000004 22.625
1225.8002 54.000004 22.7
1205.5502 54.000004 22.325
1221.7501 54.000004 22.625
1227.1501 54.000004 22.725
1232.5502 54.000004 22.825
1209.6001 54.000004 22.4
1219.0502 54.000004 22.575
1209.6001 54.000004 22.4
1231.2001 54.000004 22.8
1223.1001 54.000004 22.65
1202.8501 54.000004 22.275
1210.9501 54.000004 22.425
1217.7001 54.000004 22.55
1223.1001 54.000004 22.65
1213.6501 54.000004 22.475
1228.5001 54.000004 22.75
1227.1501 54.000004 22.725
1216.3501 54.000004 22.525
1213.6501 54.000004 22.475
1223.1001 54.000004 22.65
1225.8002 54.000004 22.7
1215.0001 54.000004 22.5
1219.0502 54.000004 22.575
1223.1001 54.000004 22.65
1182.6 55.0 21.501818
1193.3999 55.0 21.698181
1200.15 55.0 21.82091
1188.0 55.0 21.6
1197.45 55.0 21.771818
1182.6 55.0 21.501818
1188.0 55.0 21.6
1206.9 55.0 21.943636
1192.0499 55.0 21.673635
1204.2 55.0 21.894545
1192.0499 55.0 21.673635
1194.75 55.0 21.722727
1198.8 55.0 21.796364
1189.35 55.0 21.624546
1197.45 55.0 21.771818
1193.3999 55.0 21.698181
1201.5 55.0 21.845455
1194.75 55.0 21.722727
1189.35 55.0 21.624546
1196.1 55.0 21.747272
1183.95 55.0 21.526363
1197.45 55.0 21.771818
1196.1 55.0 21.747272
1196.1 55.0 21.747272
1202.8501 55.0 21.87
1193.3999 55.0 21.698181
1198.8 55.0 21.796364
1197.45 55.0 21.771818
1202.8501 55.0 21.87
1201.5 55.0 21.845455
1192.0499 55.0 21.673635
1190.7001 55.0 21.649092
1182.6 55.0 21.501818
1178.55 55.0 21.428183
1198.8 55.0 21.796364
1198.8 55.0 21.796364
1178.55 55.0 21.428183
1198.8 55.0 21.796364
1196.1 55.0 21.747272
1192.0499 55.0 21.673635
1204.2 55.0 21.894545
1174.5 56.0 20.973215
1174.5 56.0 20.973215
1173.1499 56.0 20.949106
1163.7 56.0 20.780357
1177.2001 56.0 21.02143
1170.45 56.0 20.900892
1167.75 56.0 20.852678
1181.25 56.0 21.09375
1178.55 56.0 21.045536
1159.65 56.0 20.708036
1163.7 56.0 20.780357
1163.7 56.0 20.780357
1173.1499 56.0 20.949106
1174.5 56.0 20.973215
1166.4 56.0 20.828571
1171.7999 56.0 20.925
1166.4 56.0 20.828571
1167.75 56.0 20.852678
1163.7 56.0 20.780357
1170.45 56.0 20.900892
1174.5 56.0 20.973215
1175.8501 56.0 20.997322
1161.0 56.0 20.732143
1179.9 56.0 21.069643
1167.75 56.0 20.852678
1177.2001 56.0 21.02143
1165.05 56.0 20.804464
1152.9 56.0 20.5875
1170.45 56.0 20.900892
1174.5 56.0 20.973215
1167.75 56.0 20.852678
1166.4 56.0 20.828571
1166.4 56.0 20.828571
1166.4 56.0 20.828571
1163.7 56.0 20.780357
1161.0 56.0 20.732143
1171.7999 56.0 20.925
1166.4 56.0 20.828571
1169.1 56.0 20.876785
1173.1499 56.0 20.949106
1170.45 56.0 20.900892
1131.3 57.0 19.847368
1144.8 57.0 20.084211
1138.05 57.0 19.96579
1143.45 57.0 20.060526
1142.1 57.0 20.036842
1142.1 57.0 20.036842
1136.7 57.0 19.942104
1134.0 57.0 19.894737
1138.05 57.0 19.96579
1140.75 57.0 20.013159
1150.2 57.0 20.178947
1148.8501 57.0 20.155264
1136.7 57.0 19.942104
1139.4 57.0 19.989473
1150.2 57.0 20.178947
1151.5499 57.0 20.202631
1148.8501 57.0 20.155264
1147.5 57.0 20.131578
1138.05 57.0 19.96579
1129.9501 57.0 19.823685
1152.9 57.0 20.226316
1132.6499 57.0 19.871052
1140.75 57.0 20.013159
1136.7 57.0 19.942104
1142.1 57.0 20.036842
1143.45 57.0 20.060526
1147.5 57.0 20.131578
1138.05 57.0 19.96579
1150.2 57.0 20.178947
1142.1 57.0 20.036842
1136.7 57.0 19.942104
1147.5 57.0 20.131578
1148.8501 57.0 20.155264
1147.5 57.0 20.131578
1146.15 57.0 20.107895
1136.7 57.0 19.942104
1142.1 57.0 20.036842
1139.4 57.0 19.989473
1140.75 57.0 20.013159
1146.15 57.0 20.107895
1129.9501 57.0 19.823685
1129.9501 58.0 19.481897
1119.15 58.0 19.29569
1115.1 58.0 19.225863
1117.7999 58.0 19.272413
1115.1 58.0 19.225863
1115.1 58.0 19.225863
1127.25 58.0 19.435345
1115.1 58.0 19.225863
1120.5 58.0 19.318966
1116.45 58.0 19.249138
1116.45 58.0 19.249138
1102.95 58.0 19.016378
1105.65 58.0 19.062931
1111.05 58.0 19.156034
1120.5 58.0 19.318966
1116.45 58.0 19.249138
1105.65 58.0 19.062931
1115.1 58.0 19.225863
1112.4 58.0 19.17931
1108.35 58.0 19.109482
1117.7999 58.0 19.272413
1109.7001 58.0 19.13276
1108.35 58.0 19.109482
1104.3 58.0 19.039656
1127.25 58.0 19.435345
1108.35 58.0 19.109482
1123.2 58.0 19.365517
1108.35 58.0 19.109482
1123.2 58.0 19.365517
1120.5 58.0 19.318966
1124.55 58.0 19.388794
1121.85 58.0 19.342241
1115.1 58.0 19.225863
1119.15 58.0 19.29569
1117.7999 58.0 19.272413
1116.45 58.0 19.249138
1112.4 58.0 19.17931
1111.05 58.0 19.156034
1111.05 58.0 19.156034
1121.85 58.0 19.342241
1112.4 58.0 19.17931
1083.6183 58.999996 18.366413
1086.3206 58.999996 18.412214
1094.4274 58.999996 18.549618
1103.8854 58.999996 18.709923
1091.7251 58.999996 18.503817
1090.374 58.999996 18.480917
1098.4808 58.999996 18.61832
1086.3206 58.999996 18.412214
1091.7251 58.999996 18.503817
1097.1296 58.999996 18.595419
1094.4274 58.999996 18.549618
1098.4808 58.999996 18.61832
1089.0228 58.999996 18.458015
1095.7786 58.999996 18.57252
1080.9159 58.999996 18.32061
1087.6716 58.999996 18.435114
1097.1296 58.999996 18.595419
1094.4274 58.999996 18.549618
1084.9694 58.999996 18.389313
1089.0228 58.999996 18.458015
1083.6183 58.999996 18.366413
1094.4274 58.999996 18.549618
1078.2136 58.999996 18.274809
1093.0763 58.999996 18.526718
1098.4808 58.999996 18.61832
1094.4274 58.999996 18.549618
1095.7786 58.999996 18.57252
1084.9694 58.999996 18.389313
1090.374 58.999996 18.480917
1099.832 58.999996 18.641222
1097.1296 58.999996 18.595419
1087.6716 58.999996 18.435114
1094.4274 58.999996 18.549618
1086.3206 58.999996 18.412214
1101.1831 58.999996 18.664122
1090.374 58.999996 18.480917
1089.0228 58.999996 18.458015
1089.0228 58.999996 18.458015
1089.0228 58.999996 18.458015
1093.0763 58.999996 18.526718
1080.9159 58.999996 18.32061
1066.5 60.000004 17.775
1055.7001 60.000004 17.595
1069.2001 60.000004 17.82
1058.4 60.000004 17.64
1061.1 60.000004 17.685
1067.8501 60.000004 17.7975
1059.7501 60.000004 17.6625
1066.5 60.000004 17.775
1070.55 60.000004 17.8425
1063.8 60.000004 17.73
1055.7001 60.000004 17.595
1059.7501 60.000004 17.6625
1065.1501 60.000004 17.7525
1059.7501 60.000004 17.6625
1055.7001 60.000004 17.595
1061.1 60.000004 17.685
1062.4501 60.000004 17.7075
1051.65 60.000004 17.5275
1058.4 60.000004 17.64
1069.2001 60.000004 17.82
1067.8501 60.000004 17.7975
1054.3501 60.000004 17.5725
1058.4 60.000004 17.64
1058.4 60.000004 17.64
1065.1501 60.000004 17.7525
1054.3501 60.000004 17.5725
1055.7001 60.000004 17.595
1070.55 60.000004 17.8425
1059.7501 60.000004 17.6625
1057.05 60.000004 17.6175
1048.9501 60.000004 17.4825
1066.5 60.000004 17.775
1070.55 60.000004 17.8425
1062.4501 60.000004 17.7075
1066.5 60.000004 17.775
1074.6001 60.000004 17.91
1075.9501 60.000004 17.9325
1063.8 60.000004 17.73
1065.1501 60.000004 17.7525
1067.8501 60.000004 17.7975
1071.9 60.000004 17.865
1035.45 61.0 16.97459
1031.4 61.0 16.908197
1040.85 61.0 17.063114
1038.15 61.0 17.018852
1034.1 61.0 16.95246
1035.45 61.0 16.97459
1040.85 61.0 17.063114
1031.4 61.0 16.908197
1038.15 61.0 17.018852
1034.1 61.0 16.95246
1042.2 61.0 17.085245
1040.85 61.0 17.063114
1039.5 61.0 17.040983
1032.75 61.0 16.930328
1030.05 61.0 16.886066
1032.75 61.0 16.930328
1035.45 61.0 16.97459
1038.15 61.0 17.018852
1038.15 61.0 17.018852
1032.75 61.0 16.930328
1042.2 61.0 17.085245
1036.8 61.0 16.996721
1040.85 61.0 17.063114
1032.75 61.0 16.930328
1036.8 61.0 16.996721
1034.1 61.0 16.95246
1039.5 61.0 17.040983
1036.8 61.0 16.996721
1039.5 61.0 17.040983
1035.45 61.0 16.97459
1042.2 61.0 17.085245
1031.4 61.0 16.908197
1032.75 61.0 16.930328
1035.45 61.0 16.97459
1036.8 61.0 16.996721
1035.45 61.0 16.97459
1039.5 61.0 17.040983
1042.2 61.0 17.085245
1040.85 61.0 17.063114
1044.9 61.0 17.129509
1039.5 61.0 17.040983
1012.49994 62.0 16.330645
1005.75006 62.0 16.221775
1011.14996 62.0 16.30887
1012.49994 62.0 16.330645
1003.05005 62.0 16.178226
1008.44995 62.0 16.265322
1008.44995 62.0 16.265322
1013.85 62.0 16.352419
1007.0999 62.0 16.243547
1008.44995 62.0 16.265322
1009.7999 62.0 16.287096
1003.05005 62.0 16.178226
1012.49994 62.0 16.330645
1013.85 62.0 16.352419
1007.0999 62.0 16.243547
1013.85 62.0 16.352419
1011.14996 62.0 16.30887
1011.14996 62.0 16.30887
1008.44995 62.0 16.265322
1012.49994 62.0 16.330645
999.0 62.0 16.112904
1019.25 62.0 16.439516
1008.44995 62.0 16.265322
1004.4 62.0 16.2
1009.7999 62.0 16.287096
1017.89996 62.0 16.417742
1016.55 62.0 16.395967
1011.14996 62.0 16.30887
1011.14996 62.0 16.30887
1021.95 62.0 16.483065
1007.0999 62.0 16.243547
1016.55 62.0 16.395967
1001.7 62.0 16.156452
1016.55 62.0 16.395967
1016.55 62.0 16.395967
1000.35004 62.0 16.134678
1013.85 62.0 16.352419
1012.49994 62.0 16.330645
1016.55 62.0 16.395967
1008.44995 62.0 16.265322
1008.44995 62.0 16.265322
992.25 63.0 15.75
990.9 63.0 15.728572
988.2 63.0 15.685715
986.85 63.0 15.664286
985.5 63.0 15.642858
984.15 63.0 15.6214285
976.05 63.0 15.492857
982.80005 63.0 15.6
990.9 63.0 15.728572
988.2 63.0 15.685715
986.85 63.0 15.664286
990.9 63.0 15.728572
984.15 63.0 15.6214285
989.55 63.0 15.707143
982.80005 63.0 15.6
984.15 63.0 15.6214285
980.10004 63.0 15.557143
984.15 63.0 15.6214285
988.2 63.0 15.685715
986.85 63.0 15.664286
984.15 63.0 15.6214285
986.85 63.0 15.664286
984.15 63.0 15.6214285
978.75 63.0 15.535714
988.2 63.0 15.685715
985.5 63.0 15.642858
976.05 63.0 15.492857
980.10004 63.0 15.557143
985.5 63.0 15.642858
980.10004 63.0 15.557143
981.45 63.0 15.578571
984.15 63.0 15.6214285
982.80005 63.0 15.6
985.5 63.0 15.642858
985.5 63.0 15.642858
981.45 63.0 15.578571
974.7 63.0 15.471429
977.4 63.0 15.514286
989.55 63.0 15.707143
980.10004 63.0 15.557143
981.45 63.0 15.578571
954.45 64.0 14.913281
949.05 64.0 14.828906
959.85 64.0 14.997656
949.05 64.0 14.828906
953.1 64.0 14.892187
962.55 64.0 15.039844
958.5 64.0 14.9765625
962.55 64.0 15.039844
959.85 64.0 14.997656
966.6 64.0 15.103125
959.85 64.0 14.997656
950.4 64.0 14.85
951.75 64.0 14.871094
962.55 64.0 15.039844
961.2 64.0 15.01875
957.15 64.0 14.955469
959.85 64.0 14.997656
959.85 64.0 14.997656
958.5 64.0 14.9765625
962.55 64.0 15.039844
954.45 64.0 14.913281
959.85 64.0 14.997656
957.15 64.0 14.955469
953.1 64.0 14.892187
955.8 64.0 14.934375
954.45 64.0 14.913281
947.7 64.0 14.807813
955.8 64.0 14.934375
963.9 64.0 15.060938
961.2 64.0 15.01875
958.5 64.0 14.9765625
950.4 64.0 14.85
959.85 64.0 14.997656
958.5 64.0 14.9765625
946.35 64.0 14.786718
955.8 64.0 14.934375
958.5 64.0 14.9765625
954.45 64.0 14.913281
951.75 64.0 14.871094
954.45 64.0 14.913281
950.4 64.0 14.85
927.44995 65.0 14.268461
920.7 65.0 14.164616
927.44995 65.0 14.268461
924.75 65.0 14.226923
938.25 65.0 14.434615
934.2 65.0 14.372308
936.89996 65.0 14.413846
926.1 65.0 14.247692
934.2 65.0 14.372308
930.15 65.0 14.31
931.5 65.0 14.33077
927.44995 65.0 14.268461
931.5 65.0 14.33077
938.25 65.0 14.434615
940.94995 65.0 14.476153
923.4 65.0 14.206154
922.05 65.0 14.185385
932.85004 65.0 14.351539
931.5 65.0 14.33077
930.15 65.0 14.31
934.2 65.0 14.372308
920.7 65.0 14.164616
935.55 65.0 14.393077
928.8 65.0 14.28923
930.15 65.0 14.31
926.1 65.0 14.247692
938.25 65.0 14.434615
916.64996 65.0 14.102307
936.89996 65.0 14.413846
928.8 65.0 14.28923
919.35004 65.0 14.1438465
923.4 65.0 14.206154
938.25 65.0 14.434615
939.6 65.0 14.455384
934.2 65.0 14.372308
924.75 65.0 14.226923
932.85004 65.0 14.351539
931.5 65.0 14.33077
930.15 65.0 14.31
920.7 65.0 14.164616
934.2 65.0 14.372308
903.14996 66.0 13.684091
909.9 66.0 13.786364
900.45 66.0 13.643182
907.2 66.0 13.745455
904.5 66.0 13.704545
909.9 66.0 13.786364
899.10004 66.0 13.622727
897.75 66.0 13.602273
905.85004 66.0 13.725
901.8 66.0 13.663636
897.75 66.0 13.602273
912.6 66.0 13.827272
912.6 66.0 13.827272
911.25 66.0 13.806818
901.8 66.0 13.663636
901.8 66.0 13.663636
900.45 66.0 13.643182
903.14996 66.0 13.684091
904.5 66.0 13.704545
907.2 66.0 13.745455
908.55 66.0 13.765909
903.14996 66.0 13.684091
893.69995 66.0 13.540909
907.2 66.0 13.745455
900.45 66.0 13.643182
892.35 66.0 13.520454
903.14996 66.0 13.684091
903.14996 66.0 13.684091
911.25 66.0 13.806818
908.55 66.0 13.765909
904.5 66.0 13.704545
912.6 66.0 13.827272
907.2 66.0 13.745455
908.55 66.0 13.765909
905.85004 66.0 13.725
897.75 66.0 13.602273
905.85004 66.0 13.725
907.2 66.0 13.745455
912.6 66.0 13.827272
909.9 66.0 13.786364
911.25 66.0 13.806818
880.2 67.0 13.137314
881.55005 67.0 13.157463
881.55005 67.0 13.157463
878.85004 67.0 13.117165
876.14996 67.0 13.076865
873.44995 67.0 13.036567
876.14996 67.0 13.076865
872.1 67.0 13.0164175
874.8 67.0 13.056716
878.85004 67.0 13.117165
884.25 67.0 13.197762
882.9 67.0 13.177612
885.60004 67.0 13.217911
872.1 67.0 13.0164175
881.55005 67.0 13.157463
870.75 67.0 12.996268
880.2 67.0 13.137314
881.55005 67.0 13.157463
881.55005 67.0 13.157463
878.85004 67.0 13.117165
876.14996 67.0 13.076865
880.2 67.0 13.137314
880.2 67.0 13.137314
870.75 67.0 12.996268
877.5 67.0 13.097015
878.85004 67.0 13.117165
882.9 67.0 13.177612
877.5 67.0 13.097015
884.25 67.0 13.197762
873.44995 67.0 13.036567
866.69995 67.0 12.935821
881.55005 67.0 13.157463
878.85004 67.0 13.117165
874.8 67.0 13.056716
872.1 67.0 13.0164175
877.5 67.0 13.097015
877.5 67.0 13.097015
877.5 67.0 13.097015
885.60004 67.0 13.217911
878.85004 67.0 13.117165
876.14996 67.0 13.076865
845.10004 68.0 12.427941
851.85 68.0 12.527205
855.89996 68.0 12.586764
854.55 68.0 12.566912
847.8 68.0 12.467647
850.5 68.0 12.507353
847.8 68.0 12.467647
835.65 68.0 12.288971
850.5 68.0 12.507353
850.5 68.0 12.507353
849.15 68.0 12.4875
847.8 68.0 12.467647
857.25 68.0 12.606618
857.25 68.0 12.606618
841.05 68.0 12.368382
851.85 68.0 12.527205
845.10004 68.0 12.427941
849.15 68.0 12.4875
850.5 68.0 12.507353
854.55 68.0 12.566912
855.89996 68.0 12.586764
853.2 68.0 12.547059
845.10004 68.0 12.427941
858.6 68.0 12.626471
857.25 68.0 12.606618
850.5 68.0 12.507353
841.05 68.0 12.368382
855.89996 68.0 12.586764
841.05 68.0 12.368382
853.2 68.0 12.547059
849.15 68.0 12.4875
858.6 68.0 12.626471
850.5 68.0 12.507353
851.85 68.0 12.527205
853.2 68.0 12.547059
849.15 68.0 12.4875
843.75 68.0 12.408089
855.89996 68.0 12.586764
858.6 68.0 12.626471
850.5 68.0 12.507353
854.55 68.0 12.566912
828.9 69.0 12.013043
824.85 69.0 11.954348
820.8 69.0 11.895652
828.9 69.0 12.013043
828.9 69.0 12.013043
826.2 69.0 11.973913
826.2 69.0 11.973913
820.8 69.0 11.895652
828.9 69.0 12.013043
826.2 69.0 11.973913
824.85 69.0 11.954348
827.55 69.0 11.993478
823.5 69.0 11.934783
834.30005 69.0 12.091305
826.2 69.0 11.973913
827.55 69.0 11.993478
824.85 69.0 11.954348
828.9 69.0 12.013043
828.9 69.0 12.013043
824.85 69.0 11.954348
832.95 69.0 12.071739
824.85 69.0 11.954348
827.55 69.0 11.993478
816.75006 69.0 11.836957
830.25 69.0 12.032609
823.5 69.0 11.934783
827.55 69.0 11.993478
831.6 69.0 12.052174
826.2 69.0 11.973913
827.55 69.0 11.993478
828.9 69.0 12.013043
823.5 69.0 11.934783
826.2 69.0 11.973913
826.2 69.0 11.973913
834.30005 69.0 12.091305
822.15 69.0 11.915217
826.2 69.0 11.973913
831.6 69.0 12.052174
824.85 69.0 11.954348
824.85 69.0 11.954348
826.2 69.0 11.973913
792.44995 70.0 11.320714
804.6 70.0 11.494286
799.2 70.0 11.417143
793.8 70.0 11.34
796.5 70.0 11.3785715
803.25 70.0 11.475
801.9 70.0 11.455714
797.85 70.0 11.397857
792.44995 70.0 11.320714
803.25 70.0 11.475
797.85 70.0 11.397857
800.55005 70.0 11.436429
799.2 70.0 11.417143
800.55005 70.0 11.436429
804.6 70.0 11.494286
799.2 70.0 11.417143
805.95 70.0 11.513572
805.95 70.0 11.513572
800.55005 70.0 11.436429
800.55005 70.0 11.436429
799.2 70.0 11.417143
803.25 70.0 11.475
804.6 70.0 11.494286
803.25 70.0 11.475
796.5 70.0 11.3785715
789.75 70.0 11.282143
801.9 70.0 11.455714
797.85 70.0 11.397857
793.8 70.0 11.34
801.9 70.0 11.455714
799.2 70.0 11.417143
792.44995 70.0 11.320714
799.2 70.0 11.417143
797.85 70.0 11.397857
803.25 70.0 11.475
793.8 70.0 11.34
792.44995 70.0 11.320714
789.75 70.0 11.282143
803.25 70.0 11.475
805.95 70.0 11.513572
799.2 70.0 11.417143
769.5 71.0 10.838028
766.8 71.0 10.8
769.5 71.0 10.838028
777.60004 71.0 10.952113
773.55 71.0 10.89507
773.55 71.0 10.89507
768.15 71.0 10.819015
773.55 71.0 10.89507
773.55 71.0 10.89507
777.60004 71.0 10.952113
769.5 71.0 10.838028
773.55 71.0 10.89507
761.4 71.0 10.723944
765.45 71.0 10.780986
773.55 71.0 10.89507
774.9 71.0 10.914084
773.55 71.0 10.89507
772.2 71.0 10.876057
773.55 71.0 10.89507
764.1 71.0 10.761971
765.45 71.0 10.780986
774.9 71.0 10.914084
778.95 71.0 10.971127
766.8 71.0 10.8
776.25 71.0 10.933099
774.9 71.0 10.914084
774.9 71.0 10.914084
772.2 71.0 10.876057
773.55 71.0 10.89507
772.2 71.0 10.876057
776.25 71.0 10.933099
774.9 71.0 10.914084
776.25 71.0 10.933099
774.9 71.0 10.914084
764.1 71.0 10.761971
776.25 71.0 10.933099
768.15 71.0 10.819015
768.15 71.0 10.819015
770.85 71.0 10.857042
774.9 71.0 10.914084
774.9 71.0 10.914084
745.2 72.0 10.35
745.2 72.0 10.35
746.55 72.0 10.36875
742.5 72.0 10.3125
746.55 72.0 10.36875
741.14996 72.0 10.29375
743.85004 72.0 10.33125
753.3 72.0 10.4625
746.55 72.0 10.36875
745.2 72.0 10.35
742.5 72.0 10.3125
742.5 72.0 10.3125
745.2 72.0 10.35
742.5 72.0 10.3125
742.5 72.0 10.3125
734.39996 72.0 10.2
756.0 72.0 10.5
746.55 72.0 10.36875
746.55 72.0 10.36875
749.25 72.0 10.40625
747.89996 72.0 10.3875
745.2 72.0 10.35
742.5 72.0 10.3125
737.10004 72.0 10.2375
743.85004 72.0 10.33125
743.85004 72.0 10.33125
746.55 72.0 10.36875
742.5 72.0 10.3125
753.3 72.0 10.4625
749.25 72.0 10.40625
743.85004 72.0 10.33125
742.5 72.0 10.3125
742.5 72.0 10.3125
745.2 72.0 10.35
751.95 72.0 10.44375
749.25 72.0 10.40625
742.5 72.0 10.3125
737.10004 72.0 10.2375
742.5 72.0 10.3125
743.85004 72.0 10.33125
749.25 72.0 10.40625
716.85004 73.0 9.819863
706.05 73.0 9.671918
708.75 73.0 9.708904
726.3 73.0 9.949315
718.2 73.0 9.838356
720.89996 73.0 9.875342
718.2 73.0 9.838356
718.2 73.0 9.838356
718.2 73.0 9.838356
722.25 73.0 9.893836
718.2 73.0 9.838356
714.15 73.0 9.782877
712.8 73.0 9.764383
716.85004 73.0 9.819863
719.55005 73.0 9.85685
722.25 73.0 9.893836
715.5 73.0 9.80137
711.45 73.0 9.745891
719.55005 73.0 9.85685
722.25 73.0 9.893836
710.1 73.0 9.727397
718.2 73.0 9.838356
720.89996 73.0 9.875342
724.95 73.0 9.930822
711.45 73.0 9.745891
715.5 73.0 9.80137
720.89996 73.0 9.875342
722.25 73.0 9.893836
718.2 73.0 9.838356
723.6 73.0 9.912329
706.05 73.0 9.671918
729.0 73.0 9.986301
718.2 73.0 9.838356
719.55005 73.0 9.85685
718.2 73.0 9.838356
722.25 73.0 9.893836
716.85004 73.0 9.819863
718.2 73.0 9.838356
719.55005 73.0 9.85685
714.15 73.0 9.782877
722.25 73.0 9.893836
689.85 74.0 9.322297
695.25 74.0 9.39527
687.14996 74.0 9.28581
692.55 74.0 9.358784
692.55 74.0 9.358784
693.89996 74.0 9.377027
689.85 74.0 9.322297
691.2 74.0 9.340541
693.89996 74.0 9.377027
687.14996 74.0 9.28581
696.6 74.0 9.413513
695.25 74.0 9.39527
695.25 74.0 9.39527
685.8 74.0 9.267568
689.85 74.0 9.322297
688.5 74.0 9.304054
695.25 74.0 9.39527
696.6 74.0 9.413513
696.6 74.0 9.413513
691.2 74.0 9.340541
695.25 74.0 9.39527
688.5 74.0 9.304054
693.89996 74.0 9.377027
691.2 74.0 9.340541
688.5 74.0 9.304054
689.85 74.0 9.322297
689.85 74.0 9.322297
697.95 74.0 9.431757
696.6 74.0 9.413513
691.2 74.0 9.340541
697.95 74.0 9.431757
687.14996 74.0 9.28581
693.89996 74.0 9.377027
688.5 74.0 9.304054
696.6 74.0 9.413513
695.25 74.0 9.39527
693.89996 74.0 9.377027
693.89996 74.0 9.377027
689.85 74.0 9.322297
691.2 74.0 9.340541
689.85 74.0 9.322297
665.55 75.0 8.874
668.25 75.0 8.91
666.9 75.0 8.892
662.85004 75.0 8.838
666.9 75.0 8.892
668.25 75.0 8.91
665.55 75.0 8.874
664.2 75.0 8.856
662.85004 75.0 8.838
664.2 75.0 8.856
665.55 75.0 8.874
664.2 75.0 8.856
660.15 75.0 8.802
660.15 75.0 8.802
656.10004 75.0 8.748
661.5 75.0 8.82
668.25 75.0 8.91
661.5 75.0 8.82
656.10004 75.0 8.748
666.9 75.0 8.892
661.5 75.0 8.82
670.95 75.0 8.946
662.85004 75.0 8.838
661.5 75.0 8.82
664.2 75.0 8.856
660.15 75.0 8.802
658.80005 75.0 8.784
666.9 75.0 8.892
662.85004 75.0 8.838
670.95 75.0 8.946
666.9 75.0 8.892
660.15 75.0 8.802
668.25 75.0 8.91
669.60004 75.0 8.928
666.9 75.0 8.892
670.95 75.0 8.946
666.9 75.0 8.892
662.85004 75.0 8.838
665.55 75.0 8.874
656.10004 75.0 8.748
665.55 75.0 8.874
638.55 76.0 8.401974
642.6 76.0 8.455263
635.85 76.0 8.366447
638.55 76.0 8.401974
645.3 76.0 8.490789
643.95 76.0 8.473026
641.25 76.0 8.4375
630.45 76.0 8.295395
634.5 76.0 8.348684
638.55 76.0 8.401974
637.2 76.0 8.384211
634.5 76.0 8.348684
637.2 76.0 8.384211
641.25 76.0 8.4375
641.25 76.0 8.4375
645.3 76.0 8.490789
638.55 76.0 8.401974
634.5 76.0 8.348684
635.85 76.0 8.366447
641.25 76.0 8.4375
634.5 76.0 8.348684
639.9 76.0 8.419737
641.25 76.0 8.4375
637.2 76.0 8.384211
638.55 76.0 8.401974
645.3 76.0 8.490789
643.95 76.0 8.473026
639.9 76.0 8.419737
639.9 76.0 8.419737
642.6 76.0 8.455263
641.25 76.0 8.4375
639.9 76.0 8.419737
639.9 76.0 8.419737
641.25 76.0 8.4375
639.9 76.0 8.419737
639.9 76.0 8.419737
630.45 76.0 8.295395
643.95 76.0 8.473026
643.95 76.0 8.473026
637.2 76.0 8.384211
638.55 76.0 8.401974
614.25 77.0 7.9772725
610.2 77.0 7.9246755
608.85 77.0 7.9071426
614.25 77.0 7.9772725
611.55 77.0 7.942208
612.89996 77.0 7.95974
604.8 77.0 7.8545456
612.89996 77.0 7.95974
621.0 77.0 8.064935
615.60004 77.0 7.9948053
614.25 77.0 7.9772725
615.60004 77.0 7.9948053
606.15 77.0 7.872078
618.3 77.0 8.02987
607.5 77.0 7.8896103
612.89996 77.0 7.95974
611.55 77.0 7.942208
611.55 77.0 7.942208
608.85 77.0 7.9071426
610.2 77.0 7.9246755
611.55 77.0 7.942208
610.2 77.0 7.9246755
614.25 77.0 7.9772725
606.15 77.0 7.872078
607.5 77.0 7.8896103
608.85 77.0 7.9071426
608.85 77.0 7.9071426
612.89996 77.0 7.95974
616.95 77.0 8.012338
615.60004 77.0 7.9948053
610.2 77.0 7.9246755
619.64996 77.0 8.047402
611.55 77.0 7.942208
612.89996 77.0 7.95974
611.55 77.0 7.942208
607.5 77.0 7.8896103
614.25 77.0 7.9772725
610.2 77.0 7.9246755
615.60004 77.0 7.9948053
611.55 77.0 7.942208
612.89996 77.0 7.95974
590.3284 78.0 7.568313
580.8724 78.0 7.4470816
594.381 78.0 7.6202693
583.5741 78.0 7.481719
583.5741 78.0 7.481719
590.3284 78.0 7.568313
582.2232 78.0 7.4644003
588.97754 78.0 7.5509944
587.6267 78.0 7.5336757
588.97754 78.0 7.5509944
587.6267 78.0 7.5336757
587.6267 78.0 7.5336757
590.3284 78.0 7.568313
590.3284 78.0 7.568313
587.6267 78.0 7.5336757
588.97754 78.0 7.5509944
580.8724 78.0 7.4470816
588.97754 78.0 7.5509944
586.2758 78.0 7.5163565
583.5741 78.0 7.481719
590.3284 78.0 7.568313
587.6267 78.0 7.5336757
587.6267 78.0 7.5336757
587.6267 78.0 7.5336757
587.6267 78.0 7.5336757
588.97754 78.0 7.5509944
588.97754 78.0 7.5509944
593.03015 78.0 7.6029506
587.6267 78.0 7.5336757
590.3284 78.0 7.568313
587.6267 78.0 7.5336757
584.9249 78.0 7.4990377
590.3284 78.0 7.568313
587.6267 78.0 7.5336757
594.381 78.0 7.6202693
591.67926 78.0 7.585632
587.6267 78.0 7.5336757
590.3284 78.0 7.568313
590.3284 78.0 7.568313
588.97754 78.0 7.5509944
591.67926 78.0 7.585632
564.3 79.0 7.143038
558.9 79.0 7.0746837
556.2 79.0 7.0405064
560.25 79.0 7.091772
562.95 79.0 7.1259494
564.3 79.0 7.143038
558.9 79.0 7.0746837
557.55 79.0 7.057595
561.60004 79.0 7.108861
558.9 79.0 7.0746837
556.2 79.0 7.0405064
557.55 79.0 7.057595
561.60004 79.0 7.108861
562.95 79.0 7.1259494
561.60004 79.0 7.108861
558.9 79.0 7.0746837
554.85004 79.0 7.023418
556.2 79.0 7.0405064
564.3 79.0 7.143038
560.25 79.0 7.091772
557.55 79.0 7.057595
557.55 79.0 7.057595
561.60004 79.0 7.108861
561.60004 79.0 7.108861
558.9 79.0 7.0746837
558.9 79.0 7.0746837
560.25 79.0 7.091772
562.95 79.0 7.1259494
558.9 79.0 7.0746837
558.9 79.0 7.0746837
556.2 79.0 7.0405064
558.9 79.0 7.0746837
561.60004 79.0 7.108861
560.25 79.0 7.091772
558.9 79.0 7.0746837
560.25 79.0 7.091772
553.5 79.0 7.006329
561.60004 79.0 7.108861
564.3 79.0 7.143038
561.60004 79.0 7.108861
558.9 79.0 7.0746837
526.5 80.0 6.58125
535.95 80.0 6.699375
530.55 80.0 6.631875
540.0 80.0 6.75
533.25 80.0 6.665625
531.89996 80.0 6.64875
531.89996 80.0 6.64875
534.6 80.0 6.6825
535.95 80.0 6.699375
523.8 80.0 6.5475
531.89996 80.0 6.64875
540.0 80.0 6.75
531.89996 80.0 6.64875
529.19995 80.0 6.615
534.6 80.0 6.6825
526.5 80.0 6.58125
525.15 80.0 6.564375
530.55 80.0 6.631875
535.95 80.0 6.699375
534.6 80.0 6.6825
533.25 80.0 6.665625
527.85 80.0 6.598125
535.95 80.0 6.699375
533.25 80.0 6.665625
534.6 80.0 6.6825
531.89996 80.0 6.64875
537.3 80.0 6.71625
534.6 80.0 6.6825
533.25 80.0 6.665625
534.6 80.0 6.6825
529.19995 80.0 6.615
535.95 80.0 6.699375
535.95 80.0 6.699375
529.19995 80.0 6.615
534.6 80.0 6.6825
533.25 80.0 6.665625
533.25 80.0 6.665625
533.25 80.0 6.665625
530.55 80.0 6.631875
526.5 80.0 6.58125
534.6 80.0 6.6825
507.6 81.0 6.266667
502.19998 81.0 6.2
502.19998 81.0 6.2
507.6 81.0 6.266667
506.25 81.0 6.25
507.6 81.0 6.266667
510.30002 81.0 6.3
503.55 81.0 6.2166667
506.25 81.0 6.25
506.25 81.0 6.25
506.25 81.0 6.25
508.95 81.0 6.2833333
504.9 81.0 6.233333
500.85 81.0 6.1833334
504.9 81.0 6.233333
507.6 81.0 6.266667
508.95 81.0 6.2833333
507.6 81.0 6.266667
510.30002 81.0 6.3
506.25 81.0 6.25
506.25 81.0 6.25
504.9 81.0 6.233333
506.25 81.0 6.25
508.95 81.0 6.2833333
502.19998 81.0 6.2
502.19998 81.0 6.2
510.30002 81.0 6.3
504.9 81.0 6.233333
504.9 81.0 6.233333
507.6 81.0 6.266667
507.6 81.0 6.266667
508.95 81.0 6.2833333
507.6 81.0 6.266667
503.55 81.0 6.2166667
506.25 81.0 6.25
500.85 81.0 6.1833334
508.95 81.0 6.2833333
511.65 81.0 6.3166666
510.30002 81.0 6.3
500.85 81.0 6.1833334
502.19998 81.0 6.2
475.2 82.0 5.795122
480.6 82.0 5.8609757
480.6 82.0 5.8609757
481.95 82.0 5.877439
479.24997 82.0 5.844512
483.3 82.0 5.8939023
484.65002 82.0 5.910366
483.3 82.0 5.8939023
477.9 82.0 5.8280487
481.95 82.0 5.877439
477.9 82.0 5.8280487
479.24997 82.0 5.844512
481.95 82.0 5.877439
477.9 82.0 5.8280487
481.95 82.0 5.877439
479.24997 82.0 5.844512
479.24997 82.0 5.844512
473.84998 82.0 5.7786584
481.95 82.0 5.877439
479.24997 82.0 5.844512
471.15002 82.0 5.745732
480.6 82.0 5.8609757
479.24997 82.0 5.844512
480.6 82.0 5.8609757
475.2 82.0 5.795122
483.3 82.0 5.8939023
473.84998 82.0 5.7786584
479.24997 82.0 5.844512
481.95 82.0 5.877439
481.95 82.0 5.877439
480.6 82.0 5.8609757
481.95 82.0 5.877439
479.24997 82.0 5.844512
481.95 82.0 5.877439
480.6 82.0 5.8609757
479.24997 82.0 5.844512
481.95 82.0 5.877439
481.95 82.0 5.877439
484.65002 82.0 5.910366
483.3 82.0 5.8939023
480.6 82.0 5.8609757
452.25 83.0 5.4487953
456.30002 83.0 5.4975905
449.55 83.0 5.416265
456.30002 83.0 5.4975905
454.94998 83.0 5.481325
456.30002 83.0 5.4975905
452.25 83.0 5.4487953
453.6 83.0 5.46506
449.55 83.0 5.416265
457.65 83.0 5.5138555
450.9 83.0 5.43253
453.6 83.0 5.46506
454.94998 83.0 5.481325
457.65 83.0 5.5138555
456.30002 83.0 5.4975905
454.94998 83.0 5.481325
454.94998 83.0 5.481325
452.25 83.0 5.4487953
452.25 83.0 5.4487953
449.55 83.0 5.416265
456.30002 83.0 5.4975905
446.84998 83.0 5.3837347
454.94998 83.0 5.481325
454.94998 83.0 5.481325
452.25 83.0 5.4487953
457.65 83.0 5.5138555
450.9 83.0 5.43253
453.6 83.0 5.46506
445.5 83.0 5.36747
454.94998 83.0 5.481325
453.6 83.0 5.46506
450.9 83.0 5.43253
456.30002 83.0 5.4975905
453.6 83.0 5.46506
456.30002 83.0 5.4975905
450.9 83.0 5.43253
450.9 83.0 5.43253
449.55 83.0 5.416265
453.6 83.0 5.46506
454.94998 83.0 5.481325
452.25 83.0 5.4487953
426.59998 84.0 5.0785713
425.25 84.0 5.0625
423.90002 84.0 5.0464287
427.94998 84.0 5.0946426
426.59998 84.0 5.0785713
430.65 84.0 5.1267858
430.65 84.0 5.1267858
414.44998 84.0 4.9339285
425.25 84.0 5.0625
423.90002 84.0 5.0464287
432.0 84.0 5.142857
426.59998 84.0 5.0785713
426.59998 84.0 5.0785713
427.94998 84.0 5.0946426
423.90002 84.0 5.0464287
422.55002 84.0 5.0303574
427.94998 84.0 5.0946426
426.59998 84.0 5.0785713
432.0 84.0 5.142857
430.65 84.0 5.1267858
427.94998 84.0 5.0946426
423.90002 84.0 5.0464287
427.94998 84.0 5.0946426
423.90002 84.0 5.0464287
427.94998 84.0 5.0946426
427.94998 84.0 5.0946426
430.65 84.0 5.1267858
423.90002 84.0 5.0464287
426.59998 84.0 5.0785713
423.90002 84.0 5.0464287
430.65 84.0 5.1267858
422.55002 84.0 5.0303574
430.65 84.0 5.1267858
425.25 84.0 5.0625
429.30002 84.0 5.1107144
423.90002 84.0 5.0464287
427.94998 84.0 5.0946426
429.30002 84.0 5.1107144
426.59998 84.0 5.0785713
425.25 84.0 5.0625
430.65 84.0 5.1267858
400.94998 85.0 4.7170587
395.55002 85.0 4.6535296
402.3 85.0 4.732941
398.25 85.0 4.685294
399.6 85.0 4.7011766
399.6 85.0 4.7011766
400.94998 85.0 4.7170587
398.25 85.0 4.685294
399.6 85.0 4.7011766
403.65002 85.0 4.7488236
391.49997 85.0 4.605882
399.6 85.0 4.7011766
400.94998 85.0 4.7170587
398.25 85.0 4.685294
402.3 85.0 4.732941
402.3 85.0 4.732941
399.6 85.0 4.7011766
400.94998 85.0 4.7170587
398.25 85.0 4.685294
402.3 85.0 4.732941
398.25 85.0 4.685294
398.25 85.0 4.685294
398.25 85.0 4.685294
399.6 85.0 4.7011766
396.9 85.0 4.6694117
400.94998 85.0 4.7170587
398.25 85.0 4.685294
400.94998 85.0 4.7170587
398.25 85.0 4.685294
402.3 85.0 4.732941
402.3 85.0 4.732941
400.94998 85.0 4.7170587
403.65002 85.0 4.7488236
400.94998 85.0 4.7170587
400.94998 85.0 4.7170587
400.94998 85.0 4.7170587
398.25 85.0 4.685294
402.3 85.0 4.732941
396.9 85.0 4.6694117
404.99997 85.0 4.7647057
403.65002 85.0 4.7488236
373.94998 86.0 4.3482556
378.00003 86.0 4.395349
371.25003 86.0 4.3168607
367.19998 86.0 4.2697673
375.30002 86.0 4.3639536
369.9 86.0 4.3011627
372.6 86.0 4.332558
375.30002 86.0 4.3639536
373.94998 86.0 4.3482556
375.30002 86.0 4.3639536
371.25003 86.0 4.3168607
369.9 86.0 4.3011627
371.25003 86.0 4.3168607
375.30002 86.0 4.3639536
375.30002 86.0 4.3639536
373.94998 86.0 4.3482556
371.25003 86.0 4.3168607
375.30002 86.0 4.3639536
375.30002 86.0 4.3639536
372.6 86.0 4.332558
376.65 86.0 4.379651
373.94998 86.0 4.3482556
372.6 86.0 4.332558
373.94998 86.0 4.3482556
373.94998 86.0 4.3482556
373.94998 86.0 4.3482556
369.9 86.0 4.3011627
372.6 86.0 4.332558
376.65 86.0 4.379651
376.65 86.0 4.379651
372.6 86.0 4.332558
375.30002 86.0 4.3639536
372.6 86.0 4.332558
372.6 86.0 4.332558
373.94998 86.0 4.3482556
371.25003 86.0 4.3168607
375.30002 86.0 4.3639536
372.6 86.0 4.332558
373.94998 86.0 4.3482556
375.30002 86.0 4.3639536
369.9 86.0 4.3011627
346.95 87.0 3.987931
346.95 87.0 3.987931
348.30002 87.0 4.0034485
342.9 87.0 3.9413793
348.30002 87.0 4.0034485
348.30002 87.0 4.0034485
341.55 87.0 3.925862
349.65002 87.0 4.0189657
348.30002 87.0 4.0034485
346.95 87.0 3.987931
344.25 87.0 3.9568965
348.30002 87.0 4.0034485
349.65002 87.0 4.0189657
349.65002 87.0 4.0189657
346.95 87.0 3.987931
345.6 87.0 3.9724138
348.30002 87.0 4.0034485
348.30002 87.0 4.0034485
344.25 87.0 3.9568965
346.95 87.0 3.987931
346.95 87.0 3.987931
345.6 87.0 3.9724138
346.95 87.0 3.987931
348.30002 87.0 4.0034485
346.95 87.0 3.987931
351.00003 87.0 4.034483
349.65002 87.0 4.0189657
346.95 87.0 3.987931
342.9 87.0 3.9413793
349.65002 87.0 4.0189657
345.6 87.0 3.9724138
346.95 87.0 3.987931
348.30002 87.0 4.0034485
351.00003 87.0 4.034483
344.25 87.0 3.9568965
346.95 87.0 3.987931
344.25 87.0 3.9568965
346.95 87.0 3.987931
346.95 87.0 3.987931
349.65002 87.0 4.0189657
345.6 87.0 3.9724138
324.0 88.0 3.6818182
319.94998 88.0 3.6357954
321.3 88.0 3.6511364
319.94998 88.0 3.6357954
321.3 88.0 3.6511364
322.65 88.0 3.6664772
321.3 88.0 3.6511364
321.3 88.0 3.6511364
319.94998 88.0 3.6357954
319.94998 88.0 3.6357954
322.65 88.0 3.6664772
322.65 88.0 3.6664772
317.25 88.0 3.6051137
321.3 88.0 3.6511364
319.94998 88.0 3.6357954
322.65 88.0 3.6664772
317.25 88.0 3.6051137
322.65 88.0 3.6664772
324.0 88.0 3.6818182
318.6 88.0 3.6204545
324.0 88.0 3.6818182
324.0 88.0 3.6818182
322.65 88.0 3.6664772
321.3 88.0 3.6511364
322.65 88.0 3.6664772
321.3 88.0 3.6511364
318.6 88.0 3.6204545
319.94998 88.0 3.6357954
322.65 88.0 3.6664772
319.94998 88.0 3.6357954
322.65 88.0 3.6664772
322.65 88.0 3.6664772
321.3 88.0 3.6511364
321.3 88.0 3.6511364
319.94998 88.0 3.6357954
318.6 88.0 3.6204545
322.65 88.0 3.6664772
321.3 88.0 3.6511364
318.6 88.0 3.6204545
319.94998 88.0 3.6357954
321.3 88.0 3.6511364
294.3 89.0 3.3067415
294.3 89.0 3.3067415
294.3 89.0 3.3067415
294.3 89.0 3.3067415
294.3 89.0 3.3067415
291.59998 89.0 3.2764044
295.65 89.0 3.3219101
292.95 89.0 3.291573
295.65 89.0 3.3219101
287.55 89.0 3.2308989
297.0 89.0 3.3370786
295.65 89.0 3.3219101
292.95 89.0 3.291573
294.3 89.0 3.3067415
294.3 89.0 3.3067415
294.3 89.0 3.3067415
294.3 89.0 3.3067415
295.65 89.0 3.3219101
291.59998 89.0 3.2764044
291.59998 89.0 3.2764044
292.95 89.0 3.291573
295.65 89.0 3.3219101
291.59998 89.0 3.2764044
292.95 89.0 3.291573
291.59998 89.0 3.2764044
291.59998 89.0 3.2764044
294.3 89.0 3.3067415
297.0 89.0 3.3370786
295.65 89.0 3.3219101
297.0 89.0 3.3370786
290.25 89.0 3.261236
291.59998 89.0 3.2764044
294.3 89.0 3.3067415
294.3 89.0 3.3067415
295.65 89.0 3.3219101
294.3 89.0 3.3067415
297.0 89.0 3.3370786
297.0 89.0 3.3370786
295.65 89.0 3.3219101
295.65 89.0 3.3219101
292.95 89.0 3.291573
268.65 90.0 2.985
268.65 90.0 2.985
264.6 90.0 2.94
267.3 90.0 2.97
267.3 90.0 2.97
267.3 90.0 2.97
265.94998 90.0 2.955
264.6 90.0 2.94
265.94998 90.0 2.955
267.3 90.0 2.97
270.0 90.0 3.0
267.3 90.0 2.97
268.65 90.0 2.985
264.6 90.0 2.94
264.6 90.0 2.94
265.94998 90.0 2.955
268.65 90.0 2.985
268.65 90.0 2.985
268.65 90.0 2.985
264.6 90.0 2.94
267.3 90.0 2.97
268.65 90.0 2.985
267.3 90.0 2.97
267.3 90.0 2.97
263.25 90.0 2.925
265.94998 90.0 2.955
268.65 90.0 2.985
265.94998 90.0 2.955
267.3 90.0 2.97
265.94998 90.0 2.955
267.3 90.0 2.97
268.65 90.0 2.985
267.3 90.0 2.97
268.65 90.0 2.985
268.65 90.0 2.985
265.94998 90.0 2.955
268.65 90.0 2.985
265.94998 90.0 2.955
265.94998 90.0 2.955
265.94998 90.0 2.955
265.94998 90.0 2.955
