135.0 1.0 135.0
135.0 1.0 135.0
135.0 1.0 135.0
135.0 1.0 135.0
135.0 1.0 135.0
135.0 1.0 135.0
135.0 1.0 135.0
135.0 1.0 135.0
135.0 1.0 135.0
134.19 1.0 134.19
133.92 1.0 133.92
134.19 1.0 134.19
135.0 1.0 135.0
135.0 1.0 135.0
133.92 1.0 133.92
135.0 1.0 135.0
135.0 1.0 135.0
135.0 1.0 135.0
135.0 1.0 135.0
135.0 1.0 135.0
135.0 1.0 135.0
134.45999 1.0 134.45999
135.0 1.0 135.0
135.0 1.0 135.0
134.19 1.0 134.19
135.0 1.0 135.0
135.0 1.0 135.0
135.0 1.0 135.0
135.0 1.0 135.0
135.0 1.0 135.0
135.0 1.0 135.0
135.0 1.0 135.0
135.0 1.0 135.0
135.0 1.0 135.0
135.0 1.0 135.0
134.45999 1.0 134.45999
135.0 1.0 135.0
135.0 1.0 135.0
134.19 1.0 134.19
135.0 1.0 135.0
134.19 1.0 134.19
270.0 2.0 135.0
268.91998 2.0 134.45999
270.0 2.0 135.0
269.73 2.0 134.865
269.73 2.0 134.865
268.65 2.0 134.325
269.46002 2.0 134.73001
269.19 2.0 134.595
270.0 2.0 135.0
270.0 2.0 135.0
268.91998 2.0 134.45999
270.0 2.0 135.0
268.91998 2.0 134.45999
270.0 2.0 135.0
270.0 2.0 135.0
269.46002 2.0 134.73001
270.0 2.0 135.0
270.0 2.0 135.0
270.0 2.0 135.0
270.0 2.0 135.0
270.0 2.0 135.0
269.46002 2.0 134.73001
270.0 2.0 135.0
269.19 2.0 134.595
269.73 2.0 134.865
268.65 2.0 134.325
270.0 2.0 135.0
270.0 2.0 135.0
270.0 2.0 135.0
270.0 2.0 135.0
270.0 2.0 135.0
270.0 2.0 135.0
268.91998 2.0 134.45999
268.91998 2.0 134.45999
270.0 2.0 135.0
270.0 2.0 135.0
267.84003 2.0 133.92001
270.0 2.0 135.0
269.46002 2.0 134.73001
269.19 2.0 134.595
269.46002 2.0 134.73001
404.19 3.0 134.73
404.46002 3.0 134.82
405.0 3.0 135.0
403.37997 3.0 134.45999
403.65002 3.0 134.55
403.65002 3.0 134.55
405.0 3.0 135.0
405.0 3.0 135.0
405.0 3.0 135.0
405.0 3.0 135.0
403.11 3.0 134.37
405.0 3.0 135.0
404.46002 3.0 134.82
405.0 3.0 135.0
403.91998 3.0 134.64
404.46002 3.0 134.82
404.19 3.0 134.73
405.0 3.0 135.0
405.0 3.0 135.0
405.0 3.0 135.0
405.0 3.0 135.0
404.73 3.0 134.91
403.11005 3.0 134.37001
405.0 3.0 135.0
405.0 3.0 135.0
404.46002 3.0 134.82
405.0 3.0 135.0
405.0 3.0 135.0
403.91998 3.0 134.64
402.56995 3.0 134.18999
404.19 3.0 134.73
405.0 3.0 135.0
405.0 3.0 135.0
403.91998 3.0 134.64
403.37997 3.0 134.45999
405.0 3.0 135.0
404.46002 3.0 134.82
404.46002 3.0 134.82
403.11005 3.0 134.37001
402.84 3.0 134.28
404.19 3.0 134.73
540.0 4.0 135.0
539.19 4.0 134.7975
540.0 4.0 135.0
540.0 4.0 135.0
538.65 4.0 134.6625
538.92004 4.0 134.73001
539.46 4.0 134.865
540.0 4.0 135.0
538.92 4.0 134.73
539.19 4.0 134.7975
538.92 4.0 134.73
539.73 4.0 134.9325
538.65 4.0 134.6625
539.46 4.0 134.865
538.92004 4.0 134.73001
539.19 4.0 134.7975
538.65 4.0 134.6625
540.0 4.0 135.0
540.0 4.0 135.0
539.19 4.0 134.7975
538.65 4.0 134.6625
540.0 4.0 135.0
540.0 4.0 135.0
537.83997 4.0 134.45999
540.0 4.0 135.0
540.0 4.0 135.0
540.0 4.0 135.0
537.83997 4.0 134.45999
539.46 4.0 134.865
540.0 4.0 135.0
539.46 4.0 134.865
540.0 4.0 135.0
538.11 4.0 134.5275
540.0 4.0 135.0
539.19 4.0 134.7975
539.73 4.0 134.9325
538.92004 4.0 134.73001
538.65 4.0 134.6625
538.11 4.0 134.5275
538.92004 4.0 134.73001
538.11 4.0 134.5275
675.0 5.0 135.0
673.64996 5.0 134.73
674.73 5.0 134.946
673.92 5.0 134.784
672.56995 5.0 134.51399
674.19 5.0 134.838
673.11005 5.0 134.62201
674.19 5.0 134.838
673.38 5.0 134.676
672.83997 5.0 134.568
675.0 5.0 135.0
673.92 5.0 134.784
673.92 5.0 134.784
674.45996 5.0 134.892
670.68 5.0 134.136
673.38007 5.0 134.67601
673.64996 5.0 134.73
673.64996 5.0 134.73
674.19 5.0 134.838
672.83997 5.0 134.568
675.0 5.0 135.0
673.11 5.0 134.622
673.38007 5.0 134.67601
672.57007 5.0 134.514
673.38 5.0 134.676
675.0 5.0 135.0
674.19 5.0 134.838
672.56995 5.0 134.51399
673.92 5.0 134.784
673.11005 5.0 134.62201
674.45996 5.0 134.892
673.38 5.0 134.676
674.19006 5.0 134.83801
673.92 5.0 134.784
673.64996 5.0 134.73
675.0 5.0 135.0
675.0 5.0 135.0
673.92 5.0 134.784
673.64996 5.0 134.73
673.92 5.0 134.784
673.38 5.0 134.676
808.38 6.0 134.73
809.19006 6.0 134.865
808.64996 6.0 134.775
809.46 6.0 134.91
810.0 6.0 135.0
808.38 6.0 134.73
808.11 6.0 134.685
807.30005 6.0 134.55
808.64996 6.0 134.775
808.11 6.0 134.685
809.46 6.0 134.91
810.0 6.0 135.0
808.9199 6.0 134.81999
806.76 6.0 134.46
808.38007 6.0 134.73001
808.11 6.0 134.685
809.19006 6.0 134.865
808.38007 6.0 134.73001
810.0 6.0 135.0
810.0 6.0 135.0
808.92004 6.0 134.82
808.11 6.0 134.685
808.38007 6.0 134.73001
808.38 6.0 134.73
808.38007 6.0 134.73001
810.0 6.0 135.0
809.73 6.0 134.955
810.0 6.0 135.0
809.45996 6.0 134.90999
809.46 6.0 134.91
809.46 6.0 134.91
808.11 6.0 134.685
809.19006 6.0 134.865
805.94995 6.0 134.325
809.19006 6.0 134.865
808.38 6.0 134.73
808.9199 6.0 134.81999
809.73 6.0 134.955
807.83997 6.0 134.64
808.11 6.0 134.685
807.57 6.0 134.595
943.9199 7.0 134.8457
945.0 7.0 135.0
943.3801 7.0 134.76859
944.73 7.0 134.96143
943.65 7.0 134.80714
943.65 7.0 134.80714
942.03 7.0 134.57571
944.19006 7.0 134.8843
943.92004 7.0 134.84572
944.19006 7.0 134.8843
943.38 7.0 134.76857
943.92004 7.0 134.84572
942.5701 7.0 134.65288
943.38 7.0 134.76857
944.45996 7.0 134.92285
942.30005 7.0 134.61429
943.38 7.0 134.76857
942.57007 7.0 134.65286
942.30005 7.0 134.61429
942.2999 7.0 134.61427
942.0301 7.0 134.57573
941.76 7.0 134.53714
942.8401 7.0 134.69144
943.38 7.0 134.76857
944.19006 7.0 134.8843
943.65 7.0 134.80714
943.11 7.0 134.73
942.8401 7.0 134.69144
944.45996 7.0 134.92285
944.45996 7.0 134.92285
945.0 7.0 135.0
942.57007 7.0 134.65286
944.19006 7.0 134.8843
945.0 7.0 135.0
944.19006 7.0 134.8843
943.1101 7.0 134.73001
942.0301 7.0 134.57573
943.65 7.0 134.80714
943.65 7.0 134.80714
944.19006 7.0 134.8843
943.92004 7.0 134.84572
1079.73 8.0 134.96625
1078.92 8.0 134.865
1078.1101 8.0 134.76376
1080.0 8.0 135.0
1077.84 8.0 134.73
1079.1901 8.0 134.89876
1078.65 8.0 134.83125
1077.3 8.0 134.6625
1078.11 8.0 134.76375
1077.84 8.0 134.73
1079.46 8.0 134.9325
1078.38 8.0 134.7975
1078.65 8.0 134.83125
1080.0 8.0 135.0
1078.11 8.0 134.76375
1077.8401 8.0 134.73001
1078.92 8.0 134.865
1078.11 8.0 134.76375
1077.8401 8.0 134.73001
1079.46 8.0 134.9325
1078.11 8.0 134.76375
1080.0 8.0 135.0
1078.65 8.0 134.83125
1080.0 8.0 135.0
1077.5701 8.0 134.69626
1078.65 8.0 134.83125
1078.65 8.0 134.83125
1077.8401 8.0 134.73001
1079.73 8.0 134.96625
1075.6799 8.0 134.45999
1080.0 8.0 135.0
1076.49 8.0 134.56125
1075.41 8.0 134.42625
1078.92 8.0 134.865
1079.1901 8.0 134.89876
1078.11 8.0 134.76375
1078.65 8.0 134.83125
1079.1901 8.0 134.89876
1078.65 8.0 134.83125
1078.92 8.0 134.865
1077.8401 8.0 134.73001
1213.9199 9.0 134.87999
1213.65 9.0 134.85
1214.1901 9.0 134.91
1212.8401 9.0 134.76001
1211.76 9.0 134.64
1211.49 9.0 134.61
1212.84 9.0 134.76
1212.57 9.0 134.73
1213.3799 9.0 134.81999
1213.11 9.0 134.79
1210.1399 9.0 134.45999
1211.7601 9.0 134.64001
1214.19 9.0 134.90999
1212.8401 9.0 134.76001
1214.73 9.0 134.97
1213.65 9.0 134.85
1213.92 9.0 134.88
1208.2501 9.0 134.25002
1214.1901 9.0 134.91
1214.73 9.0 134.97
1215.0 9.0 135.0
1214.19 9.0 134.90999
1212.2998 9.0 134.69998
1214.46 9.0 134.94
1214.46 9.0 134.94
1211.49 9.0 134.61
1212.0302 9.0 134.67001
1213.3801 9.0 134.82
1214.1901 9.0 134.91
1214.1901 9.0 134.91
1215.0 9.0 135.0
1214.1901 9.0 134.91
1213.3799 9.0 134.81999
1214.1901 9.0 134.91
1213.65 9.0 134.85
1214.1901 9.0 134.91
1213.65 9.0 134.85
1210.95 9.0 134.54999
1215.0 9.0 135.0
1213.92 9.0 134.88
1212.57 9.0 134.73
1347.84 10.0 134.784
1348.65 10.0 134.865
1349.19 10.0 134.91899
1347.03 10.0 134.703
1350.0 10.0 135.0
1349.46 10.0 134.946
1346.76 10.0 134.676
1349.46 10.0 134.946
1345.4102 10.0 134.54102
1348.9199 10.0 134.892
1344.87 10.0 134.487
1348.65 10.0 134.865
1347.03 10.0 134.703
1347.84 10.0 134.784
1347.5701 10.0 134.757
1349.1901 10.0 134.919
1348.9199 10.0 134.892
1348.9199 10.0 134.892
1348.1101 10.0 134.811
1347.5698 10.0 134.75699
1348.9199 10.0 134.892
1349.1901 10.0 134.919
1350.0 10.0 135.0
1347.5701 10.0 134.757
1344.6001 10.0 134.46
1349.46 10.0 134.946
1348.3801 10.0 134.83801
1348.38 10.0 134.838
1348.9199 10.0 134.892
1348.65 10.0 134.865
1347.5701 10.0 134.757
1349.19 10.0 134.91899
1349.46 10.0 134.946
1347.5698 10.0 134.75699
1347.2999 10.0 134.73
1347.84 10.0 134.784
1347.2999 10.0 134.73
1348.9199 10.0 134.892
1345.95 10.0 134.595
1346.4899 10.0 134.64899
1345.95 10.0 134.595
1485.0 11.0 135.0
1484.19 11.0 134.92636
1484.19 11.0 134.92636
1484.4601 11.0 134.95091
1482.0299 11.0 134.73
1482.84 11.0 134.80363
1483.65 11.0 134.87727
1480.14 11.0 134.55818
1482.0299 11.0 134.73
1482.3 11.0 134.75455
1482.3 11.0 134.75455
1482.84 11.0 134.80363
1478.25 11.0 134.38637
1479.6001 11.0 134.5091
1480.6799 11.0 134.60727
1482.84 11.0 134.80363
1485.0 11.0 135.0
1482.84 11.0 134.80363
1483.1099 11.0 134.82817
1482.57 11.0 134.77908
1480.6799 11.0 134.60727
1482.0299 11.0 134.73
1485.0 11.0 135.0
1481.7599 11.0 134.70544
1482.5701 11.0 134.7791
1480.9501 11.0 134.63182
1483.3799 11.0 134.85272
1481.7599 11.0 134.70544
1482.3 11.0 134.75455
1483.3801 11.0 134.85274
1483.92 11.0 134.90182
1482.84 11.0 134.80363
1481.2201 11.0 134.65637
1483.1099 11.0 134.82817
1482.57 11.0 134.77908
1481.76 11.0 134.70546
1484.19 11.0 134.92636
1482.3 11.0 134.75455
1482.5701 11.0 134.7791
1483.92 11.0 134.90182
1484.4601 11.0 134.95091
1613.52 12.0 134.46
1617.0298 12.0 134.75249
1617.2999 12.0 134.775
1617.3 12.0 134.77501
1616.7601 12.0 134.73001
1615.14 12.0 134.595
1618.92 12.0 134.91
1617.8401 12.0 134.82
1617.8401 12.0 134.82
1614.8699 12.0 134.5725
1618.9199 12.0 134.90999
1617.03 12.0 134.7525
1616.49 12.0 134.7075
1615.14 12.0 134.595
1619.1902 12.0 134.93251
1616.76 12.0 134.73
1615.6799 12.0 134.64
1613.52 12.0 134.46
1619.1902 12.0 134.93251
1617.3 12.0 134.77501
1617.03 12.0 134.7525
1616.4899 12.0 134.70749
1615.9501 12.0 134.6625
1616.76 12.0 134.73
1616.22 12.0 134.685
1618.92 12.0 134.91
1617.5701 12.0 134.7975
1618.6499 12.0 134.8875
1613.52 12.0 134.46
1617.03 12.0 134.7525
1617.5701 12.0 134.7975
1612.71 12.0 134.3925
1615.6799 12.0 134.64
1618.11 12.0 134.8425
1619.19 12.0 134.9325
1619.46 12.0 134.955
1614.8699 12.0 134.5725
1619.46 12.0 134.955
1614.6002 12.0 134.55002
1614.6001 12.0 134.55
1617.03 12.0 134.7525
1751.7599 13.0 134.75076
1753.9199 13.0 134.91692
1749.6 13.0 134.58461
1752.84 13.0 134.83385
1752.3 13.0 134.79231
1749.0602 13.0 134.54309
1752.3 13.0 134.79231
1752.0299 13.0 134.77153
1749.0599 13.0 134.54308
1752.03 13.0 134.77155
1753.3801 13.0 134.8754
1751.7599 13.0 134.75076
1751.7599 13.0 134.75076
1750.68 13.0 134.6677
1753.11 13.0 134.85461
1753.6499 13.0 134.89615
1752.5698 13.0 134.81306
1749.6 13.0 134.58461
1752.03 13.0 134.77155
1753.3801 13.0 134.8754
1753.3801 13.0 134.8754
1753.3801 13.0 134.8754
1750.95 13.0 134.68846
1752.03 13.0 134.77155
1752.84 13.0 134.83385
1753.11 13.0 134.85461
1749.8701 13.0 134.6054
1749.0599 13.0 134.54308
1751.4901 13.0 134.73001
1752.3 13.0 134.79231
1752.84 13.0 134.83385
1752.5698 13.0 134.81306
1750.41 13.0 134.64693
1755.0 13.0 135.0
1751.49 13.0 134.73
1750.68 13.0 134.6677
1748.5198 13.0 134.50153
1751.49 13.0 134.73
1750.68 13.0 134.6677
1750.1401 13.0 134.62616
1754.1901 13.0 134.9377
1884.0602 14.0 134.57573
1886.22 14.0 134.73
1886.49 14.0 134.74928
1885.95 14.0 134.71071
1885.1401 14.0 134.65286
1884.8702 14.0 134.63359
1886.22 14.0 134.73
1882.98 14.0 134.49857
1888.1101 14.0 134.865
1885.95 14.0 134.71071
1887.03 14.0 134.78786
1887.0298 14.0 134.78784
1886.7603 14.0 134.76859
1884.3301 14.0 134.595
1886.7603 14.0 134.76859
1887.8401 14.0 134.84572
1886.49 14.0 134.74928
1888.1101 14.0 134.865
1887.3 14.0 134.80714
1884.8699 14.0 134.63356
1885.1399 14.0 134.65285
1888.1101 14.0 134.865
1887.3 14.0 134.80714
1884.8701 14.0 134.63358
1888.1099 14.0 134.86499
1882.44 14.0 134.45999
1887.3 14.0 134.80714
1884.8701 14.0 134.63358
1887.03 14.0 134.78786
1887.03 14.0 134.78786
1882.9801 14.0 134.49858
1882.9801 14.0 134.49858
1887.03 14.0 134.78786
1886.2202 14.0 134.73001
1885.1401 14.0 134.65286
1887.5698 14.0 134.82642
1884.3301 14.0 134.595
1886.4897 14.0 134.74927
1885.6802 14.0 134.69144
1884.6002 14.0 134.6143
1884.8699 14.0 134.63356
2018.2501 15.000001 134.55
2016.6304 15.000001 134.44202
2020.1403 15.000001 134.67601
2019.6001 15.000001 134.64
2020.1403 15.000001 134.67601
2020.1403 15.000001 134.67601
2021.7601 15.000001 134.784
2013.9305 15.000001 134.26202
2023.6501 15.000001 134.91
2020.14 15.000001 134.676
2016.6301 15.000001 134.442
2016.0902 15.000001 134.406
2017.4402 15.000001 134.496
2021.7601 15.000001 134.784
2019.8702 15.000001 134.658
2017.17 15.000001 134.478
2019.8702 15.000001 134.658
2017.4402 15.000001 134.496
2019.3303 15.000001 134.62201
2019.5999 15.000001 134.63998
2018.7899 15.000001 134.58598
2020.1403 15.000001 134.67601
2018.7899 15.000001 134.58598
2018.7902 15.000001 134.586
2017.9801 15.000001 134.532
2022.3003 15.000001 134.82
2020.4104 15.000001 134.69402
2020.6802 15.000001 134.712
2019.87 15.000001 134.65799
2019.6003 15.000001 134.64001
2020.9503 15.000001 134.73001
2014.4702 15.000001 134.298
2020.4104 15.000001 134.69402
2019.3301 15.000001 134.622
2018.7899 15.000001 134.58598
2016.0902 15.000001 134.406
2018.7902 15.000001 134.586
2020.1403 15.000001 134.67601
2023.92 15.000001 134.928
2012.5803 15.000001 134.17201
2019.3301 15.000001 134.622
2144.34 16.0 134.02126
2150.0103 16.0 134.37564
2144.6096 16.0 134.0381
2144.3403 16.0 134.02127
2148.1196 16.0 134.25748
2144.0698 16.0 134.00436
2149.74 16.0 134.35875
2152.7102 16.0 134.54439
2153.7898 16.0 134.61186
2138.4001 16.0 133.65001
2154.33 16.0 134.64563
2154.87 16.0 134.67938
2142.9902 16.0 133.93689
2145.42 16.0 134.08875
2151.09 16.0 134.44313
2146.7703 16.0 134.17314
2148.66 16.0 134.29124
2148.66 16.0 134.29124
2143.8 16.0 133.9875
2145.15 16.0 134.07187
2145.69 16.0 134.10562
2147.3098 16.0 134.20686
2144.34 16.0 134.02126
2143.53 16.0 133.97063
2144.34 16.0 134.02126
2145.96 16.0 134.1225
2142.7197 16.0 133.91998
2152.44 16.0 134.5275
2141.9102 16.0 133.86938
2147.04 16.0 134.19
2149.2002 16.0 134.32501
2149.7397 16.0 134.35873
2143.8 16.0 133.9875
2151.9 16.0 134.49374
2148.12 16.0 134.2575
2143.53 16.0 133.97063
2141.6401 16.0 133.85251
2146.23 16.0 134.13937
2135.97 16.0 133.49812
2144.07 16.0 134.00438
2152.98 16.0 134.56125
2149.4702 17.0 126.43943
2150.82 17.0 126.51882
2164.0503 17.0 127.29708
2134.6196 17.0 125.565865
2110.05 17.0 124.1206
2074.41 17.0 122.02412
2074.1406 17.0 122.00827
2056.32 17.0 120.96001
2081.4297 17.0 122.43704
2080.3496 17.0 122.373505
2098.1704 17.0 123.42178
2125.7102 17.0 125.04177
2111.4001 17.0 124.20001
2113.8298 17.0 124.34293
2126.79 17.0 125.10529
2133.54 17.0 125.50236
2134.6196 17.0 125.56586
2138.6704 17.0 125.80414
2131.11 17.0 125.35941
2140.56 17.0 125.91529
2144.61 17.0 126.15354
2138.1301 17.0 125.772354
2124.6301 17.0 124.97824
2111.4 17.0 124.2
2118.6904 17.0 124.628845
2138.4004 17.0 125.78826
2149.74 17.0 126.4553
2134.0803 17.0 125.534134
2116.5298 17.0 124.501755
2113.83 17.0 124.34295
2117.3398 17.0 124.5494
2126.7898 17.0 125.105286
2115.4495 17.0 124.43821
2115.4502 17.0 124.43825
2118.96 17.0 124.64471
2118.4202 17.0 124.612946
2138.4004 17.0 125.78826
2148.1199 17.0 126.35999
2146.23 17.0 126.24882
2151.0903 17.0 126.53472
2148.3901 17.0 126.375885
2108.1597 18.0 117.11998
2124.63 18.0 118.034996
2116.8 18.0 117.6
2090.6099 18.0 116.145
2075.7598 18.0 115.319984
2093.3098 18.0 116.29499
2125.98 18.0 118.11
2111.94 18.0 117.33
2090.3398 18.0 116.12999
2106.81 18.0 117.045006
2095.47 18.0 116.41499
2121.66 18.0 117.869995
2140.8298 18.0 118.93499
2137.05 18.0 118.725
2142.18 18.0 119.009995
2121.9304 18.0 117.88502
2114.9102 18.0 117.49501
2108.7004 18.0 117.150024
2080.3503 18.0 115.57502
2081.7 18.0 115.65
2071.98 18.0 115.11
2108.9702 18.0 117.16501
2126.25 18.0 118.125
2140.56 18.0 118.92
2140.02 18.0 118.89001
2113.02 18.0 117.39
2121.1196 18.0 117.83998
2096.2798 18.0 116.459984
2045.2501 18.0 113.62501
2071.1697 18.0 115.06499
2075.49 18.0 115.305
2091.1501 18.0 116.17501
2066.8494 18.0 114.82496
2059.56 18.0 114.42
2070.09 18.0 115.005005
2100.8706 18.0 116.71503
2102.2197 18.0 116.789986
2109.5103 18.0 117.19501
2122.2002 18.0 117.90001
2127.0603 18.0 118.17002
2102.7598 18.0 116.819984
2069.8203 19.0 108.93791
2094.39 19.0 110.23104
2074.1401 19.0 109.165276
2069.8208 19.0 108.93794
2072.7908 19.0 109.094246
2074.41 19.0 109.179474
2071.7102 19.0 109.03738
2070.63 19.0 108.98052
2077.6506 19.0 109.35003
2097.9 19.0 110.41579
2086.2898 19.0 109.804726
2088.4497 19.0 109.91841
2064.6907 19.0 108.66793
2083.5903 19.0 109.66265
2091.6895 19.0 110.08892
2086.56 19.0 109.81895
2081.9702 19.0 109.57738
2064.9595 19.0 108.68208
2029.5894 19.0 106.820496
2037.6898 19.0 107.24683
2060.1003 19.0 108.42634
2106.8098 19.0 110.88473
2107.8901 19.0 110.94158
2081.1604 19.0 109.53475
2066.31 19.0 108.75316
2039.3098 19.0 107.33209
2047.9498 19.0 107.786835
2045.52 19.0 107.65895
2050.9204 19.0 107.943184
2083.8604 19.0 109.67686
2087.6401 19.0 109.8758
2105.9998 19.0 110.84209
2086.8298 19.0 109.83315
2069.0103 19.0 108.89527
2062.2607 19.0 108.54004
2058.7502 19.0 108.35527
2047.9498 19.0 107.786835
2060.1006 19.0 108.426346
2057.9402 19.0 108.31264
2065.2297 19.0 108.6963
2078.9995 19.0 109.42102
2081.1594 20.0 104.05797
2093.8503 20.0 104.69251
2073.06 20.0 103.65301
2030.4005 20.0 101.52003
2039.0408 20.0 101.95204
2024.73 20.0 101.236496
2066.31 20.0 103.315506
2057.94 20.0 102.897
2083.5903 20.0 104.17951
2068.2002 20.0 103.41
2038.2301 20.0 101.91151
2055.7798 20.0 102.78899
2054.1604 20.0 102.708015
2061.4504 20.0 103.07252
2097.9 20.0 104.895
2041.4696 20.0 102.07348
2060.6401 20.0 103.03201
2083.3198 20.0 104.16599
2034.1802 20.0 101.70901
2036.3402 20.0 101.81701
2047.1406 20.0 102.35703
2039.8496 20.0 101.99248
1965.06 20.0 98.253006
2018.5204 20.0 100.92602
2052.8096 20.0 102.64047
2029.0502 20.0 101.45251
2070.9 20.0 103.545
2066.31 20.0 103.315506
2036.3397 20.0 101.816986
2031.4802 20.0 101.57401
2061.1802 20.0 103.059006
2025.54 20.0 101.277
2052.2703 20.0 102.61352
2049.8403 20.0 102.49202
2071.9797 20.0 103.59899
2028.5095 20.0 101.425476
2056.8596 20.0 102.84298
2067.3906 20.0 103.36954
2056.0498 20.0 102.80249
2022.8396 20.0 101.14198
2033.3693 20.0 101.668465
1982.3403 21.0 94.397156
2033.3716 21.0 96.82722
2033.1003 21.0 96.8143
2050.9194 21.0 97.662834
2024.7303 21.0 96.41573
2034.9908 21.0 96.90433
2019.6003 21.0 96.17145
2000.1599 21.0 95.24571
2053.3503 21.0 97.77859
2046.8706 21.0 97.47003
2030.6697 21.0 96.698555
2032.0201 21.0 96.76286
2032.0192 21.0 96.76282
2051.1902 21.0 97.67573
2032.8303 21.0 96.801445
2016.9004 21.0 96.04288
2031.2102 21.0 96.7243
1981.2596 21.0 94.345695
1995.84 21.0 95.04
2030.1307 21.0 96.67289
2023.9197 21.0 96.37713
2039.8497 21.0 97.135704
2022.8402 21.0 96.32572
2031.7506 21.0 96.75003
2005.8297 21.0 95.5157
2043.63 21.0 97.31571
2030.941 21.0 96.71148
2038.5 21.0 97.07143
2039.8505 21.0 97.135735
2044.4401 21.0 97.35429
2036.3401 21.0 96.968575
2028.5107 21.0 96.59575
2054.1597 21.0 97.81712
1992.6006 21.0 94.88574
2007.7201 21.0 95.60572
2025.54 21.0 96.454285
2037.6907 21.0 97.03289
2031.2104 21.0 96.724304
1964.5199 21.0 93.54857
2017.1704 21.0 96.05573
2057.1296 21.0 97.95856
2012.8501 22.0 91.49319
1980.18 22.0 90.00819
1986.6603 22.0 90.30274
2013.6598 22.0 91.52999
2017.1694 22.0 91.68952
2022.0305 22.0 91.91048
2002.3201 22.0 91.01455
1978.8304 22.0 89.94684
1987.7405 22.0 90.35184
2012.3102 22.0 91.46864
1999.3501 22.0 90.87955
2047.4099 22.0 93.06409
1982.0706 22.0 90.09412
1995.0295 22.0 90.68316
2008.2601 22.0 91.28455
2023.9203 22.0 91.996376
1955.3398 22.0 88.87908
1987.4695 22.0 90.33952
1996.3799 22.0 90.74454
1997.4606 22.0 90.79366
2003.3999 22.0 91.06363
2042.2805 22.0 92.83093
1997.7296 22.0 90.80589
1985.8505 22.0 90.26593
1996.3805 22.0 90.74457
2017.7097 22.0 91.71408
2028.7803 22.0 92.217285
2015.2793 22.0 91.60361
1958.8499 22.0 89.03863
1982.0709 22.0 90.09413
1995.8402 22.0 90.72001
2003.9404 22.0 91.0882
1998.5397 22.0 90.84271
2013.3904 22.0 91.517746
1997.7301 22.0 90.805916
2004.4811 22.0 91.11278
1991.5192 22.0 90.5236
2015.8197 22.0 91.62817
2022.5701 22.0 91.935005
2010.1505 22.0 91.370476
1951.2908 22.0 88.69504
1973.1608 23.0 85.7896
1971.0002 23.0 85.69566
1954.2599 23.0 84.96782
1985.3107 23.0 86.317856
1939.1409 23.0 84.31047
2003.1302 23.0 87.09262
1937.5198 23.0 84.23999
1964.7898 23.0 85.425644
2003.9396 23.0 87.12781
1979.0999 23.0 86.04782
1992.8704 23.0 86.64654
2012.8505 23.0 87.515236
2004.4794 23.0 87.151276
1970.9994 23.0 85.695625
1982.07 23.0 86.176956
1974.5103 23.0 85.848274
1961.2798 23.0 85.27303
1947.2402 23.0 84.66262
1944.811 23.0 84.557
1960.4708 23.0 85.23786
1974.2401 23.0 85.836525
1966.4098 23.0 85.49608
1934.2799 23.0 84.09913
1959.39 23.0 85.19087
1965.0608 23.0 85.43742
1972.08 23.0 85.74261
1973.43 23.0 85.80131
1956.1503 23.0 85.05001
1996.381 23.0 86.79917
1975.5898 23.0 85.89521
1983.4198 23.0 86.23564
1958.8505 23.0 85.16741
1969.1096 23.0 85.613464
1977.7501 23.0 85.989136
1975.5911 23.0 85.89526
2002.59 23.0 87.06913
2013.3911 23.0 87.53874
1973.7003 23.0 85.81306
1977.7505 23.0 85.98915
1993.9502 23.0 86.69349
1976.4008 23.0 85.930466
1934.0101 24.0 80.583755
1962.6309 24.0 81.77628
1945.351 24.0 81.05629
1940.2203 24.0 80.842514
1933.4696 24.0 80.56123
1945.6198 24.0 81.06749
1939.9504 24.0 80.83127
1926.7197 24.0 80.27999
1954.7998 24.0 81.44999
1967.7594 24.0 81.989975
1937.2507 24.0 80.71878
1963.7097 24.0 81.821236
1952.0996 24.0 81.33749
1952.6399 24.0 81.35999
1985.0408 24.0 82.71003
1961.8193 24.0 81.74247
1951.8293 24.0 81.326225
1955.6099 24.0 81.48374
1962.0898 24.0 81.753746
1932.1201 24.0 80.505005
1939.6807 24.0 80.82003
1934.8196 24.0 80.617485
1961.8202 24.0 81.74251
1953.1799 24.0 81.3825
1934.8203 24.0 80.617516
1944.2703 24.0 81.01126
1948.0505 24.0 81.16877
1942.9202 24.0 80.95501
1939.6797 24.0 80.819984
1964.2505 24.0 81.84377
1941.301 24.0 80.88754
1958.3091 24.0 81.596214
1937.5199 24.0 80.729996
1916.4598 24.0 79.85249
1894.3195 24.0 78.92998
1901.3408 24.0 79.222534
1962.3596 24.0 81.764984
1975.3202 24.0 82.30501
1960.4697 24.0 81.68624
1973.1609 24.0 82.215034
1949.9396 24.0 81.24748
1929.421 25.0 77.17684
1935.3605 25.0 77.41442
1924.2906 25.0 76.97163
1934.5507 25.0 77.38203
1925.1005 25.0 77.00402
1949.3995 25.0 77.97598
1932.3899 25.0 77.29559
1918.6207 25.0 76.74483
1926.7202 25.0 77.06881
1923.7502 25.0 76.95001
1925.3704 25.0 77.01482
1909.1694 25.0 76.366776
1973.7007 25.0 78.94803
1956.6902 25.0 78.26761
1928.8798 25.0 77.15519
1942.1101 25.0 77.6844
1935.3604 25.0 77.41441
1935.8995 25.0 77.43598
1912.4104 25.0 76.496414
1885.4105 25.0 75.41642
1904.5803 25.0 76.18321
1910.5201 25.0 76.42081
1918.0803 25.0 76.72321
1937.2504 25.0 77.49001
1932.9291 25.0 77.31716
1925.9102 25.0 77.03641
1945.3502 25.0 77.81401
1902.4211 25.0 76.09685
1920.5105 25.0 76.82042
1924.0208 25.0 76.96083
1959.3905 25.0 78.37562
1939.9498 25.0 77.59799
1935.0906 25.0 77.403625
1935.3597 25.0 77.41439
1948.3201 25.0 77.9328
1937.7899 25.0 77.5116
1895.6705 25.0 75.82682
1914.3003 25.0 76.572014
1880.5505 25.0 75.22202
1911.0596 25.0 76.44238
1922.9412 25.0 76.91765
1887.0299 26.0 72.57807
1888.6499 26.0 72.64038
1904.3102 26.0 73.2427
1929.4197 26.0 74.20845
1911.0603 26.0 73.50232
1907.0101 26.0 73.34654
1868.6694 26.0 71.8719
1904.8503 26.0 73.26347
1901.3401 26.0 73.12846
1907.2812 26.0 73.35697
1920.7802 26.0 73.87616
1900.5308 26.0 73.097336
1864.3507 26.0 71.705795
1884.0602 26.0 72.46385
1938.3291 26.0 74.55112
1899.1797 26.0 73.04537
1900.2594 26.0 73.0869
1880.5507 26.0 72.32887
1899.719 26.0 73.06612
1909.7098 26.0 73.45038
1907.0099 26.0 73.346535
1930.23 26.0 74.23962
1886.22 26.0 72.54692
1882.9795 26.0 72.42229
1876.7699 26.0 72.18346
1875.4192 26.0 72.13151
1888.3801 26.0 72.630005
1915.3796 26.0 73.66845
1886.22 26.0 72.54692
1890.2708 26.0 72.70272
1926.9907 26.0 74.11503
1915.6499 26.0 73.67884
1926.4508 26.0 74.09426
1915.3799 26.0 73.66846
1906.2004 26.0 73.3154
1900.8 26.0 73.1077
1919.4297 26.0 73.82422
1903.2297 26.0 73.20114
1909.1707 26.0 73.42964
1927.5303 26.0 74.13578
1886.7601 26.0 72.567696
1826.5511 27.000002 67.65004
1853.8202 27.000002 68.66
1861.9209 27.000002 68.96003
1893.2397 27.000002 70.11999
1881.9 27.000002 69.7
1883.5212 27.000002 69.76004
1863.5397 27.000002 69.01998
1831.9512 27.000002 67.85004
1878.9304 27.000002 69.59001
1850.0406 27.000002 68.52002
1869.4799 27.000002 69.23999
1850.8511 27.000002 68.55003
1871.9108 27.000002 69.330025
1882.7102 27.000002 69.73
1882.1697 27.000002 69.709984
1868.1302 27.000002 69.19
1862.4596 27.000002 68.97998
1881.9006 27.000002 69.70002
1890.0004 27.000002 70.00001
1893.2402 27.000002 70.12
1858.4108 27.000002 68.830025
1884.0605 27.000002 69.780014
1850.8505 27.000002 68.55001
1883.2512 27.000002 69.75004
1867.5901 27.000002 69.17
1874.0698 27.000002 69.40999
1854.6302 27.000002 68.69
1887.8413 27.000002 69.920044
1881.0898 27.000002 69.66999
1857.3312 27.000002 68.79004
1873.5309 27.000002 69.39003
1867.8604 27.000002 69.18001
1865.161 27.000002 69.08003
1872.4507 27.000002 69.35002
1877.8499 27.000002 69.54999
1861.38 27.000002 68.939995
1895.4005 27.000002 70.20001
1860.8395 27.000002 68.919975
1897.5603 27.000002 70.28001
1886.2206 27.000002 69.860016
1879.4697 27.000002 69.609985
1840.3201 28.0 65.725716
1854.09 28.0 66.2175
1835.1901 28.0 65.5425
1845.9905 28.0 65.92823
1877.8502 28.0 67.06608
1845.9905 28.0 65.92823
1863.8103 28.0 66.56465
1850.8495 28.0 66.10177
1865.161 28.0 66.61289
1847.3406 28.0 65.97645
1842.7506 28.0 65.81252
1840.0504 28.0 65.71609
1848.9598 28.0 66.03428
1837.8905 28.0 65.63895
1853.0114 28.0 66.17898
1848.6896 28.0 66.02463
1828.4412 28.0 65.30147
1853.0105 28.0 66.17895
1864.3516 28.0 66.583984
1830.8702 28.0 65.38822
1828.9801 28.0 65.32072
1834.1105 28.0 65.503944
1856.5201 28.0 66.30429
1867.5901 28.0 66.699646
1868.3997 28.0 66.72856
1878.3904 28.0 67.08537
1868.6702 28.0 66.73822
1816.8304 28.0 64.8868
1853.2805 28.0 66.18859
1837.0801 28.0 65.61
1807.9209 28.0 64.5686
1833.5706 28.0 65.484665
1862.7303 28.0 66.526085
1846.7998 28.0 65.95714
1857.6011 28.0 66.342896
1846.8005 28.0 65.95716
1849.4994 28.0 66.05355
1837.8907 28.0 65.638954
1837.8903 28.0 65.63894
1832.2197 28.0 65.43642
1844.9099 28.0 65.88964
1813.86 29.0 62.546894
1834.3804 29.0 63.254494
1837.0807 29.0 63.34761
1833.0305 29.0 63.207947
1826.8193 29.0 62.99377
1831.9509 29.0 63.170723
1772.8203 29.0 61.131737
1842.4802 29.0 63.533802
1831.4102 29.0 63.152073
1822.5004 29.0 62.84484
1847.0702 29.0 63.692074
1833.8408 29.0 63.23589
1828.1703 29.0 63.040356
1801.7112 29.0 62.12797
1828.4404 29.0 63.04967
1824.9305 29.0 62.92864
1844.1001 29.0 63.58966
1795.2307 29.0 61.904507
1823.04 29.0 62.86345
1841.9404 29.0 63.515186
1811.9707 29.0 62.481747
1823.5804 29.0 62.882084
1848.9597 29.0 63.757233
1816.291 29.0 62.630726
1817.6412 29.0 62.677284
1843.5603 29.0 63.571045
1782.0002 29.0 61.448284
1832.2201 29.0 63.180004
1818.1804 29.0 62.695877
1829.7908 29.0 63.096233
1862.7307 29.0 64.23209
1824.6606 29.0 62.91933
1868.67 29.0 64.4369
1813.05 29.0 62.518967
1810.8916 29.0 62.44454
1843.2898 29.0 63.561718
1820.0707 29.0 62.76106
1818.7203 29.0 62.714493
1816.29 29.0 62.63069
1811.1605 29.0 62.45381
1826.2808 29.0 62.975197
1778.2198 30.000002 59.27399
1772.5497 30.000002 59.084988
1792.2609 30.000002 59.742023
1770.6603 30.000002 59.022007
1794.69 30.000002 59.822994
1800.9003 30.000002 60.030006
1816.8312 30.000002 60.561035
1806.8403 30.000002 60.22801
1783.8899 30.000002 59.462994
1815.2107 30.000002 60.50702
1826.2805 30.000002 60.876015
1774.9803 30.000002 59.166008
1808.4604 30.000002 60.282013
1768.5015 30.000002 58.950047
1826.5503 30.000002 60.885006
1797.391 30.000002 59.91303
1810.6196 30.000002 60.353985
1802.2507 30.000002 60.07502
1790.6404 30.000002 59.688007
1792.2612 30.000002 59.74204
1771.4708 30.000002 59.049023
1775.5198 30.000002 59.18399
1760.1301 30.000002 58.671
1823.3104 30.000002 60.77701
1801.1707 30.000002 60.039017
1796.5807 30.000002 59.88602
1800.9005 30.000002 60.030014
1801.4409 30.000002 60.048027
1770.1196 30.000002 59.003983
1790.9111 30.000002 59.697033
1778.4912 30.000002 59.283035
1805.2206 30.000002 60.174015
1804.1404 30.000002 60.13801
1798.4703 30.000002 59.94901
1811.4305 30.000002 60.381016
1797.6605 30.000002 59.922012
1786.3207 30.000002 59.544018
1794.6902 30.000002 59.823
1810.8903 30.000002 60.363003
1767.1509 30.000002 58.905025
1794.6902 30.000002 59.823
1785.2399 31.0 57.588383
1775.7898 31.0 57.283543
1781.7305 31.0 57.475178
1762.8295 31.0 56.865467
1791.7191 31.0 57.79739
1786.051 31.0 57.614548
1786.8608 31.0 57.64067
1767.9618 31.0 57.031025
1770.6604 31.0 57.118076
1802.2512 31.0 58.137135
1782.8105 31.0 57.510017
1765.531 31.0 56.952614
1804.9515 31.0 58.224243
1766.611 31.0 56.98745
1763.3707 31.0 56.882927
1791.9888 31.0 57.806087
1767.151 31.0 57.00487
1762.8303 31.0 56.865494
1765.8004 31.0 56.961304
1779.5704 31.0 57.4055
1760.4006 31.0 56.787117
1761.7513 31.0 56.83069
1765.5309 31.0 56.95261
1766.881 31.0 56.996162
1784.9703 31.0 57.57969
1780.6498 31.0 57.440315
1789.0209 31.0 57.71035
1763.64 31.0 56.891613
1764.9894 31.0 56.935143
1752.0299 31.0 56.517094
1780.6517 31.0 57.44038
1772.8207 31.0 57.187763
1763.9102 31.0 56.900326
1767.1511 31.0 57.004875
1793.34 31.0 57.849678
1732.86 31.0 55.89871
1789.831 31.0 57.736485
1782.5406 31.0 57.501312
1777.68 31.0 57.344517
1793.0697 31.0 57.840958
1745.5514 31.0 56.30811
1742.5795 32.0 54.45561
1738.8 32.0 54.3375
1779.8408 32.0 55.620026
1750.68 32.0 54.70875
1767.4209 32.0 55.231903
1768.2305 32.0 55.257202
1725.3014 32.0 53.91567
1728.2705 32.0 54.008453
1741.5012 32.0 54.421913
1737.4512 32.0 54.29535
1746.9001 32.0 54.59063
1744.7399 32.0 54.52312
1728.0 32.0 54.0
1735.2913 32.0 54.22785
1748.5199 32.0 54.641247
1747.9801 32.0 54.62438
1779.5701 32.0 55.611565
1760.4011 32.0 55.012535
1778.7607 32.0 55.586273
1761.7506 32.0 55.054707
1751.2205 32.0 54.72564
1743.9314 32.0 54.497856
1740.691 32.0 54.396595
1760.9398 32.0 55.02937
1733.1309 32.0 54.16034
1778.4902 32.0 55.57782
1713.1516 32.0 53.535988
1762.5598 32.0 55.079994
1761.4797 32.0 55.04624
1735.5608 32.0 54.236275
1753.6506 32.0 54.801582
1753.3802 32.0 54.793133
1754.1917 32.0 54.81849
1746.0905 32.0 54.565327
1744.2008 32.0 54.506275
1773.3601 32.0 55.417503
1739.8796 32.0 54.37124
1763.3707 32.0 55.105335
1764.9906 32.0 55.155956
1761.2107 32.0 55.037834
1764.7205 32.0 55.147514
1708.561 33.0 51.77458
1707.751 33.0 51.75003
1723.1416 33.0 52.21641
1731.2395 33.0 52.461803
1719.3611 33.0 52.101852
1705.8613 33.0 51.69277
1708.8302 33.0 51.782734
1684.5309 33.0 51.04639
1733.1302 33.0 52.5191
1723.141 33.0 52.216393
1714.5 33.0 51.954544
1721.7909 33.0 52.17548
1740.1511 33.0 52.731853
1738.5299 33.0 52.682724
1710.1812 33.0 51.82367
1720.9808 33.0 52.150936
1718.0111 33.0 52.060944
1741.7697 33.0 52.7809
1734.2113 33.0 52.551857
1760.6709 33.0 53.353664
1718.2809 33.0 52.06912
1714.5006 33.0 51.954563
1692.0898 33.0 51.27545
1728.2703 33.0 52.371826
1722.8707 33.0 52.208202
1722.6018 33.0 52.200054
1737.1803 33.0 52.641827
1722.06 33.0 52.18364
1734.2097 33.0 52.55181
1709.3706 33.0 51.79911
1735.5605 33.0 52.592743
1726.1099 33.0 52.30636
1759.8596 33.0 53.32908
1752.0303 33.0 53.091827
1735.5602 33.0 52.59273
1737.7197 33.0 52.658173
1749.0612 33.0 53.001854
1728.5411 33.0 52.380035
1724.4915 33.0 52.257317
1700.7299 33.0 51.53727
1748.5203 33.0 52.985462
1710.9905 34.0 50.32325
1722.6012 34.0 50.66474
1712.6113 34.0 50.370922
1693.7106 34.0 49.815018
1691.8209 34.0 49.759438
1696.4094 34.0 49.894394
1684.5303 34.0 49.54501
1705.0508 34.0 50.148552
1716.6599 34.0 50.489998
1713.4205 34.0 50.394722
1693.9806 34.0 49.82296
1701.0007 34.0 50.029434
1693.171 34.0 49.79915
1704.7809 34.0 50.140614
1718.8212 34.0 50.553562
1673.1897 34.0 49.21146
1658.3398 34.0 48.7747
1705.8601 34.0 50.172356
1712.0708 34.0 50.355022
1690.7405 34.0 49.72766
1695.3303 34.0 49.862656
1703.4307 34.0 50.100903
1722.3298 34.0 50.65676
1716.6615 34.0 50.490044
1690.2004 34.0 49.711777
1693.1713 34.0 49.799156
1706.6711 34.0 50.19621
1690.2004 34.0 49.711777
1710.7211 34.0 50.315327
1697.4908 34.0 49.9262
1696.4109 34.0 49.89444
1718.5505 34.0 50.545605
1702.6205 34.0 50.077072
1689.6608 34.0 49.695904
1719.3608 34.0 50.569435
1683.4506 34.0 49.513252
1679.9396 34.0 49.40999
1699.6501 34.0 49.98971
1685.6113 34.0 49.576805
1707.2104 34.0 50.21207
1709.1011 34.0 50.267677
1677.7808 35.0 47.936592
1659.4211 35.0 47.412033
1691.0101 35.0 48.314575
1681.2904 35.0 48.03687
1642.4117 35.0 46.92605
1653.7509 35.0 47.250023
1691.011 35.0 48.314598
1671.8408 35.0 47.76688
1678.5905 35.0 47.95973
1664.5504 35.0 47.558582
1685.611 35.0 48.160313
1668.6 35.0 47.674286
1678.5906 35.0 47.959732
1687.501 35.0 48.214314
1671.5703 35.0 47.75915
1678.5907 35.0 47.959736
1707.2104 35.0 48.777443
1684.8003 35.0 48.13715
1678.8611 35.0 47.96746
1667.5205 35.0 47.643444
1692.8998 35.0 48.368565
1672.6515 35.0 47.790043
1652.9408 35.0 47.22688
1686.9609 35.0 48.198883
1677.5109 35.0 47.928883
1683.1804 35.0 48.09087
1712.8796 35.0 48.93942
1656.451 35.0 47.32717
1698.8406 35.0 48.538303
1698.8405 35.0 48.5383
1691.821 35.0 48.337746
1655.91 35.0 47.311714
1673.7305 35.0 47.82087
1693.98 35.0 48.39943
1682.1001 35.0 48.06
1678.3203 35.0 47.952007
1681.2899 35.0 48.036854
1687.7703 35.0 48.222008
1680.2109 35.0 48.006027
1685.8813 35.0 48.168037
1647.0006 35.0 47.05716
1643.7607 36.0 45.66002
1648.0815 36.0 45.780045
1641.3302 36.0 45.592506
1639.1714 36.0 45.53254
1632.4214 36.0 45.34504
1646.4615 36.0 45.735043
1637.5507 36.0 45.48752
1643.7601 36.0 45.660004
1675.6204 36.0 46.54501
1635.6606 36.0 45.435017
1655.3704 36.0 45.98251
1651.0516 36.0 45.862545
1639.9817 36.0 45.555046
1645.3806 36.0 45.705017
1637.822 36.0 45.495056
1638.6313 36.0 45.517536
1641.8705 36.0 45.607513
1664.821 36.0 46.24503
1655.3708 36.0 45.982525
1630.2605 36.0 45.285015
1664.8207 36.0 46.245018
1655.6405 36.0 45.990013
1645.1112 36.0 45.697533
1654.5613 36.0 45.960037
1649.4316 36.0 45.817547
1669.4116 36.0 46.372543
1662.9309 36.0 46.192524
1664.2806 36.0 46.23002
1637.5519 36.0 45.487553
1667.2504 36.0 46.31251
1662.1215 36.0 46.17004
1658.6105 36.0 46.072514
1642.9506 36.0 45.637516
1589.2212 36.0 44.145035
1629.1805 36.0 45.255016
1659.4209 36.0 46.095024
1624.321 36.0 45.12003
1652.941 36.0 45.915028
1648.0812 36.0 45.780033
1655.6409 36.0 45.990025
1613.5208 36.0 44.820023
1621.3501 37.0 43.820274
1622.4304 37.0 43.849472
1628.9094 37.0 44.02458
1628.9114 37.0 44.02463
1617.0309 37.0 43.703537
1619.46 37.0 43.769188
1641.8708 37.0 44.37489
1615.6821 37.0 43.667084
1632.4197 37.0 44.11945
1614.3315 37.0 43.63058
1632.4203 37.0 44.11947
1633.2308 37.0 44.141373
1628.9108 37.0 44.024616
1635.6602 37.0 44.20703
1638.9005 37.0 44.29461
1623.7812 37.0 43.88598
1635.1212 37.0 44.192467
1604.8806 37.0 43.375153
1636.4714 37.0 44.22896
1629.7202 37.0 44.046494
1632.4203 37.0 44.11947
1621.6222 37.0 43.827625
1629.4523 37.0 44.03925
1623.241 37.0 43.871376
1645.1106 37.0 44.46245
1607.3114 37.0 43.44085
1605.6909 37.0 43.397053
1638.361 37.0 44.280025
1626.4813 37.0 43.958954
1605.9602 37.0 43.40433
1614.6007 37.0 43.637856
1611.6306 37.0 43.557583
1625.9413 37.0 43.94436
1643.221 37.0 44.411377
1647.5414 37.0 44.528145
1622.9711 37.0 43.864082
1605.4213 37.0 43.389763
1618.1107 37.0 43.732723
1627.021 37.0 43.97354
1618.6509 37.0 43.747322
1619.7302 37.0 43.776493
1599.751 38.0 42.09871
1575.4506 38.0 41.459225
1595.1609 38.0 41.977917
1605.1512 38.0 42.24082
1612.4412 38.0 42.432663
1583.2809 38.0 41.665287
1616.4896 38.0 42.5392
1572.2112 38.0 41.373978
1600.2913 38.0 42.112926
1585.4417 38.0 41.72215
1598.1316 38.0 42.056095
1593.0017 38.0 41.921097
1591.3809 38.0 41.878445
1570.3213 38.0 41.324245
1578.421 38.0 41.537395
1592.4622 38.0 41.9069
1590.8408 38.0 41.86423
1599.7518 38.0 42.098732
1609.7406 38.0 42.361595
1604.341 38.0 42.219498
1624.0502 38.0 42.738163
1587.8713 38.0 41.786087
1609.4702 38.0 42.35448
1604.3417 38.0 42.219517
1599.7512 38.0 42.098717
1587.0604 38.0 41.764748
1599.2109 38.0 42.0845
1585.9814 38.0 41.736355
1562.7611 38.0 41.125294
1581.3911 38.0 41.615555
1622.1603 38.0 42.688427
1588.1407 38.0 41.79318
1624.3204 38.0 42.745274
1590.8413 38.0 41.864246
1580.8508 38.0 41.601337
1607.3105 38.0 42.297646
1613.5215 38.0 42.46109
1609.4714 38.0 42.35451
1600.5604 38.0 42.12001
1608.6615 38.0 42.3332
1617.3018 38.0 42.560574
1579.9072 39.0 40.51044
1573.689 39.0 40.350998
1577.7438 39.0 40.454967
1571.527 39.0 40.295563
1576.1215 39.0 40.413372
1575.0403 39.0 40.385647
1590.1794 39.0 40.77383
1575.581 39.0 40.399513
1589.3699 39.0 40.753075
1589.0988 39.0 40.74612
1571.7969 39.0 40.302483
1585.5836 39.0 40.65599
1595.3171 39.0 40.905567
1571.2556 39.0 40.288605
1593.1536 39.0 40.85009
1593.1539 39.0 40.8501
1594.5051 39.0 40.884747
1580.9874 39.0 40.53814
1572.0667 39.0 40.309402
1577.7439 39.0 40.45497
1578.2845 39.0 40.468834
1579.0953 39.0 40.489624
1588.2876 39.0 40.725323
1582.34 39.0 40.57282
1579.0953 39.0 40.489624
1593.9642 39.0 40.870876
1568.5522 39.0 40.219288
1579.3652 39.0 40.496544
1570.9857 39.0 40.281685
1566.9296 39.0 40.17768
1563.1455 39.0 40.080654
1549.8986 39.0 39.74099
1574.4993 39.0 40.371777
1596.3975 39.0 40.93327
1575.04 39.0 40.385643
1569.3636 39.0 40.240093
1580.1771 39.0 40.51736
1573.6887 39.0 40.350994
1566.119 39.0 40.1569
1573.4182 39.0 40.344055
1562.6042 39.0 40.066776
1552.2303 40.0 38.80576
1550.3406 40.0 38.758514
1528.7408 40.0 38.21852
1552.501 40.0 38.812523
1559.2517 40.0 38.981293
1558.1714 40.0 38.954285
1541.9707 40.0 38.549267
1555.2007 40.0 38.880016
1543.8616 40.0 38.59654
1573.0212 40.0 39.32553
1561.1403 40.0 39.028507
1520.3708 40.0 38.00927
1527.931 40.0 38.198277
1548.181 40.0 38.704525
1564.1107 40.0 39.102768
1554.3916 40.0 38.85979
1559.7915 40.0 38.99479
1549.5306 40.0 38.738266
1559.252 40.0 38.9813
1555.2015 40.0 38.88004
1544.4004 40.0 38.61001
1549.8013 40.0 38.745033
1533.3313 40.0 38.333282
1544.1304 40.0 38.60326
1543.0511 40.0 38.57628
1525.5015 40.0 38.137535
1535.7605 40.0 38.394012
1528.7412 40.0 38.21853
1537.3809 40.0 38.43452
1526.8519 40.0 38.1713
1527.3914 40.0 38.184784
1548.9907 40.0 38.72477
1558.4412 40.0 38.96103
1546.0215 40.0 38.650536
1550.88 40.0 38.772
1529.0107 40.0 38.22527
1567.8912 40.0 39.19728
1529.0112 40.0 38.22528
1543.0507 40.0 38.576267
1551.1509 40.0 38.77877
1542.781 40.0 38.569527
1524.1514 41.0 37.174423
1534.4113 41.0 37.424664
1528.2008 41.0 37.27319
1512.541 41.0 36.891243
1538.7307 41.0 37.530018
1518.4813 41.0 37.03613
1533.3308 41.0 37.39831
1520.642 41.0 37.08883
1497.6907 41.0 36.52904
1546.8301 41.0 37.727562
1520.6415 41.0 37.088818
1520.9109 41.0 37.095387
1544.4005 41.0 37.668304
1525.5015 41.0 37.20735
1534.1407 41.0 37.418068
1523.881 41.0 37.167828
1530.0917 41.0 37.31931
1519.2919 41.0 37.0559
1524.9613 41.0 37.19418
1527.3907 41.0 37.253433
1521.991 41.0 37.12173
1528.2008 41.0 37.27319
1512.0012 41.0 36.87808
1529.2812 41.0 37.29954
1525.2305 41.0 37.200745
1537.1119 41.0 37.490536
1528.2015 41.0 37.27321
1537.9208 41.0 37.51026
1534.9518 41.0 37.437847
1510.3804 41.0 36.838547
1544.6716 41.0 37.67492
1528.7418 41.0 37.286385
1531.1709 41.0 37.34563
1516.8611 41.0 36.996613
1530.9015 41.0 37.33906
1518.7513 41.0 37.042717
1525.2318 41.0 37.200775
1513.3514 41.0 36.91101
1524.4216 41.0 37.181015
1533.0614 41.0 37.391743
1512.5421 41.0 36.89127
1485.8114 42.0 35.37646
1507.1412 42.0 35.884315
1492.2909 42.0 35.530735
1488.2418 42.0 35.43433
1507.1417 42.0 35.884327
1509.0311 42.0 35.929314
1500.9319 42.0 35.736473
1520.6409 42.0 36.205734
1513.0809 42.0 36.025738
1504.4408 42.0 35.82002
1477.7113 42.0 35.1836
1489.8612 42.0 35.472885
1518.4796 42.0 36.154278
1472.5819 42.0 35.061474
1516.8607 42.0 36.11573
1480.1415 42.0 35.241463
1501.2009 42.0 35.742878
1486.8914 42.0 35.402176
1506.0609 42.0 35.858593
1504.982 42.0 35.832905
1512.8112 42.0 36.019314
1486.6206 42.0 35.39573
1517.4016 42.0 36.12861
1511.462 42.0 35.98719
1499.5817 42.0 35.704327
1493.9115 42.0 35.56932
1485.5414 42.0 35.370033
1492.5607 42.0 35.53716
1501.4701 42.0 35.749287
1514.1619 42.0 36.05147
1516.321 42.0 36.102882
1503.6307 42.0 35.80073
1498.7714 42.0 35.68503
1517.9407 42.0 36.141445
1504.1703 42.0 35.81358
1489.3208 42.0 35.46002
1510.1108 42.0 35.95502
1479.0614 42.0 35.215748
1510.1111 42.0 35.955025
1484.4614 42.0 35.34432
1504.1711 42.0 35.8136
1440.1826 43.0 33.49262
1452.8721 43.0 33.787724
1473.391 43.0 34.264908
1482.0306 43.0 34.465828
1476.631 43.0 34.340256
1487.1606 43.0 34.585133
1461.5122 43.0 33.988655
1485.5422 43.0 34.547493
1473.1204 43.0 34.258614
1481.4907 43.0 34.453274
1478.251 43.0 34.37793
1478.2506 43.0 34.377922
1486.6216 43.0 34.572594
1462.3217 43.0 34.00748
1473.9319 43.0 34.277485
1468.2617 43.0 34.145622
1479.601 43.0 34.409325
1474.7412 43.0 34.296307
1459.6208 43.0 33.94467
1487.4307 43.0 34.59141
1491.7516 43.0 34.6919
1472.5809 43.0 34.246067
1463.9417 43.0 34.045155
1474.2012 43.0 34.28375
1469.8811 43.0 34.18328
1462.5917 43.0 34.01376
1469.8809 43.0 34.183277
1463.6711 43.0 34.038864
1482.5708 43.0 34.47839
1475.0122 43.0 34.30261
1450.4413 43.0 33.731194
1473.93 43.0 34.277443
1470.6915 43.0 34.20213
1473.6606 43.0 34.27118
1464.4823 43.0 34.057728
1466.1019 43.0 34.095394
1462.8617 43.0 34.02004
1467.721 43.0 34.133045
1479.8716 43.0 34.41562
1468.5311 43.0 34.151886
1495.2615 43.0 34.77352
1453.4121 44.0 33.032093
1434.7812 44.0 32.608665
1454.2223 44.0 33.050507
1456.1116 44.0 33.093445
1458.2721 44.0 33.142548
1456.9216 44.0 33.111855
1455.8417 44.0 33.08731
1449.9009 44.0 32.952293
1458.272 44.0 33.142544
1442.6115 44.0 32.786625
1441.2631 44.0 32.755978
1443.691 44.0 32.81116
1460.7008 44.0 33.197746
1435.3218 44.0 32.62095
1439.1013 44.0 32.70685
1460.7013 44.0 33.197758
1448.8218 44.0 32.92777
1448.2812 44.0 32.91548
1464.7523 44.0 33.289825
1454.2217 44.0 33.05049
1458.0023 44.0 33.136417
1431.2716 44.0 32.5289
1423.7109 44.0 32.357067
1448.8223 44.0 32.92778
1449.0906 44.0 32.933876
1434.5116 44.0 32.602535
1447.7406 44.0 32.903194
1449.3611 44.0 32.940025
1452.3302 44.0 33.007504
1450.4419 44.0 32.96459
1463.4005 44.0 33.2591
1453.6815 44.0 33.038216
1433.1614 44.0 32.57185
1455.842 44.0 33.08732
1454.4912 44.0 33.056618
1464.2122 44.0 33.27755
1445.0417 44.0 32.841858
1450.7108 44.0 32.9707
1435.862 44.0 32.63323
1439.3713 44.0 32.712986
1442.3419 44.0 32.7805
1419.1215 45.0 31.536034
1429.3818 45.0 31.76404
1427.7611 45.0 31.728024
1413.992 45.0 31.422043
1415.071 45.0 31.446022
1421.8213 45.0 31.596027
1429.9208 45.0 31.776016
1395.9016 45.0 31.020037
1412.1003 45.0 31.380009
1432.6222 45.0 31.83605
1438.0217 45.0 31.956038
1405.0815 45.0 31.224033
1421.8217 45.0 31.596037
1431.5414 45.0 31.81203
1419.6603 45.0 31.548006
1432.8906 45.0 31.842014
1407.7816 45.0 31.284037
1416.1509 45.0 31.47002
1412.9119 45.0 31.39804
1411.5608 45.0 31.368017
1414.261 45.0 31.428022
1401.8406 45.0 31.152014
1431.2719 45.0 31.80604
1424.7913 45.0 31.662027
1411.0208 45.0 31.356018
1406.7018 45.0 31.26004
1426.1411 45.0 31.692024
1431.0018 45.0 31.800041
1429.652 45.0 31.770044
1443.9615 45.0 32.088036
1407.2412 45.0 31.272026
1429.9218 45.0 31.77604
1423.7122 45.0 31.638048
1401.8411 45.0 31.152023
1422.0923 45.0 31.60205
1409.6711 45.0 31.326025
1421.8224 45.0 31.596054
1428.0314 45.0 31.734032
1433.4318 45.0 31.854038
1430.461 45.0 31.788023
1428.3014 45.0 31.74003
1399.4108 46.0 30.421972
1401.3007 46.0 30.463057
1400.4915 46.0 30.445467
1410.752 46.0 30.66852
1390.5013 46.0 30.22829
1398.0621 46.0 30.392656
1386.4514 46.0 30.14025
1392.9314 46.0 30.281116
1394.2808 46.0 30.310452
1378.0812 46.0 29.958286
1388.612 46.0 30.187218
1421.0105 46.0 30.891533
1401.0311 46.0 30.457197
1396.9811 46.0 30.369154
1396.4413 46.0 30.35742
1386.7213 46.0 30.146116
1398.0615 46.0 30.392641
1379.16 46.0 29.98174
1403.7323 46.0 30.515919
1389.152 46.0 30.198956
1386.4523 46.0 30.140266
1396.9812 46.0 30.369158
1409.6705 46.0 30.645012
1404.0013 46.0 30.521769
1409.1309 46.0 30.63328
1403.1917 46.0 30.504168
1379.7012 46.0 29.993504
1399.4108 46.0 30.421974
1396.711 46.0 30.363283
1385.6416 46.0 30.122644
1398.3304 46.0 30.398487
1382.4015 46.0 30.052206
1403.7317 46.0 30.515905
1403.4606 46.0 30.510014
1394.2817 46.0 30.310472
1391.3118 46.0 30.245907
1395.9006 46.0 30.345667
1409.6709 46.0 30.64502
1395.3612 46.0 30.33394
1416.421 46.0 30.791761
1410.7515 46.0 30.66851
1382.9417 47.0 29.424292
1361.6117 47.0 28.970463
1374.302 47.0 29.240469
1364.042 47.0 29.02217
1388.8816 47.0 29.550673
1382.1307 47.0 29.407038
1385.371 47.0 29.475979
1379.9718 47.0 29.361101
1375.3816 47.0 29.26344
1349.1912 47.0 28.706196
1368.6317 47.0 29.119823
1379.1608 47.0 29.343845
1364.0411 47.0 29.022152
1374.5718 47.0 29.246208
1373.4923 47.0 29.22324
1356.4828 47.0 28.861336
1372.1416 47.0 29.194502
1372.1404 47.0 29.194477
1356.2118 47.0 28.85557
1383.4816 47.0 29.435778
1375.1128 47.0 29.257719
1370.7916 47.0 29.16578
1383.751 47.0 29.44151
1372.6832 47.0 29.206026
1380.2418 47.0 29.366846
1379.9712 47.0 29.36109
1374.572 47.0 29.246214
1365.9319 47.0 29.06238
1356.4812 47.0 28.861303
1368.3618 47.0 29.114082
1351.3508 47.0 28.752146
1390.2311 47.0 29.579386
1365.9313 47.0 29.062366
1372.681 47.0 29.20598
1382.4011 47.0 29.41279
1375.6515 47.0 29.26918
1371.061 47.0 29.171513
1367.8215 47.0 29.102585
1379.4313 47.0 29.349602
1365.6606 47.0 29.056608
1359.4508 47.0 28.924486
1350.8118 48.0 28.141912
1359.7217 48.0 28.327534
1315.1713 48.0 27.3994
1349.1909 48.0 28.108145
1336.5012 48.0 27.843777
1341.6312 48.0 27.950651
1355.942 48.0 28.248793
1359.181 48.0 28.31627
1331.9126 48.0 27.74818
1334.6123 48.0 27.804424
1350.0018 48.0 28.125038
1354.8608 48.0 28.226267
1347.5712 48.0 28.0744
1344.8724 48.0 28.018175
1356.7516 48.0 28.265657
1349.7314 48.0 28.119404
1345.6813 48.0 28.035027
1354.863 48.0 28.226313
1340.2814 48.0 27.92253
1362.1517 48.0 28.37816
1356.4814 48.0 28.260029
1356.4807 48.0 28.260014
1362.4208 48.0 28.383766
1364.3119 48.0 28.423164
1360.2628 48.0 28.338808
1345.6821 48.0 28.035044
1352.1616 48.0 28.170034
1358.9113 48.0 28.310652
1352.1616 48.0 28.170033
1355.4015 48.0 28.237532
1336.7719 48.0 27.849413
1358.3705 48.0 28.299385
1338.391 48.0 27.883146
1348.9216 48.0 28.102533
1354.8618 48.0 28.226288
1341.632 48.0 27.950666
1343.251 48.0 27.984394
1354.5913 48.0 28.220654
1357.0208 48.0 28.271267
1359.181 48.0 28.31627
1335.9619 48.0 27.832539
1324.6212 49.0 27.033087
1303.8318 49.0 26.608812
1327.5917 49.0 27.093708
1309.2314 49.0 26.71901
1325.4324 49.0 27.04964
1332.4519 49.0 27.192896
1334.3416 49.0 27.23146
1325.971 49.0 27.060633
1323.8109 49.0 27.01655
1330.8318 49.0 27.159832
1316.7909 49.0 26.873283
1311.3923 49.0 26.76311
1321.3815 49.0 26.966969
1334.6118 49.0 27.236975
1319.4921 49.0 26.92841
1323.2712 49.0 27.005535
1329.212 49.0 27.126776
1322.7313 49.0 26.994516
1328.1327 49.0 27.104748
1330.0215 49.0 27.143295
1328.1322 49.0 27.104738
1340.011 49.0 27.347164
1309.231 49.0 26.719
1334.3418 49.0 27.231464
1313.2822 49.0 26.801678
1324.6213 49.0 27.033089
1313.5511 49.0 26.807167
1291.6812 49.0 26.36084
1328.6714 49.0 27.115742
1311.1222 49.0 26.757595
1338.6614 49.0 27.31962
1313.8214 49.0 26.812681
1299.7817 49.0 26.526157
1324.6217 49.0 27.033096
1317.8717 49.0 26.89534
1301.1323 49.0 26.55372
1318.1412 49.0 26.90084
1315.1716 49.0 26.840237
1310.312 49.0 26.741062
1313.5516 49.0 26.807177
1332.452 49.0 27.1929
1294.1111 50.0 25.882221
1302.4824 50.0 26.049648
1301.1323 50.0 26.022646
1301.9419 50.0 26.038837
1283.3121 50.0 25.666243
1291.6814 50.0 25.833628
1295.4618 50.0 25.909237
1299.7827 50.0 25.995653
1309.2316 50.0 26.184631
1293.0322 50.0 25.860643
1298.7014 50.0 25.97403
1292.4924 50.0 25.84985
1298.1614 50.0 25.963226
1303.8315 50.0 26.076632
1303.2924 50.0 26.065847
1296.2714 50.0 25.925428
1285.2008 50.0 25.704016
1298.9707 50.0 25.979414
1310.5813 50.0 26.211626
1302.7517 50.0 26.055035
1271.1614 50.0 25.423227
1299.7817 50.0 25.995636
1297.3514 50.0 25.94703
1280.6111 50.0 25.61222
1295.4614 50.0 25.90923
1308.1519 50.0 26.163038
1274.6719 50.0 25.493439
1281.151 50.0 25.62302
1295.4615 50.0 25.909231
1297.6223 50.0 25.952446
1301.6714 50.0 26.033428
1299.5116 50.0 25.990232
1289.2523 50.0 25.785046
1290.0618 50.0 25.801235
1287.3612 50.0 25.747225
1291.1421 50.0 25.822842
1302.7512 50.0 26.055025
1316.5208 50.0 26.330416
1292.7625 50.0 25.85525
1271.9716 50.0 25.43943
1303.0214 50.0 26.060427
1277.6409 51.0 25.051783
1266.0316 51.0 24.824148
1270.6217 51.0 24.91415
1277.9114 51.0 25.057087
1266.8425 51.0 24.84005
1273.8615 51.0 24.977676
1272.511 51.0 24.951197
1259.2821 51.0 24.691805
1268.4613 51.0 24.87179
1277.3712 51.0 25.046494
1278.9911 51.0 25.078257
1266.8413 51.0 24.840025
1266.8419 51.0 24.840038
1270.081 51.0 24.903551
1276.2915 51.0 25.025324
1268.4617 51.0 24.871798
1276.2905 51.0 25.025305
1279.5321 51.0 25.088865
1275.2114 51.0 25.004145
1271.1622 51.0 24.92475
1270.6213 51.0 24.914145
1285.7422 51.0 25.21063
1258.741 51.0 24.681196
1271.1621 51.0 24.924747
1271.7013 51.0 24.93532
1279.2616 51.0 25.08356
1268.7325 51.0 24.877108
1283.0421 51.0 25.157688
1270.3527 51.0 24.908876
1253.8821 51.0 24.585922
1260.092 51.0 24.707687
1269.0007 51.0 24.882366
1257.3914 51.0 24.654734
1272.511 51.0 24.951197
1272.5117 51.0 24.95121
1277.3717 51.0 25.046503
1267.6517 51.0 24.855917
1267.651 51.0 24.855902
1257.9319 51.0 24.66533
1267.112 51.0 24.845335
1262.5212 51.0 24.75532
1243.622 52.0 23.915808
1250.9121 52.0 24.056002
1252.2616 52.0 24.081953
1242.8113 52.0 23.900217
1254.1517 52.0 24.118303
1255.5018 52.0 24.144266
1247.6715 52.0 23.993683
1255.5011 52.0 24.14425
1249.2925 52.0 24.024855
1237.9514 52.0 23.806759
1224.9927 52.0 23.55755
1254.9609 52.0 24.133863
1237.4132 52.0 23.796408
1238.222 52.0 23.811962
1247.4016 52.0 23.988493
1246.051 52.0 23.962519
1248.4822 52.0 24.009272
1252.8018 52.0 24.09234
1238.2223 52.0 23.811968
1238.4918 52.0 23.81715
1250.3713 52.0 24.045603
1250.9113 52.0 24.055986
1246.3213 52.0 23.967716
1235.7922 52.0 23.765236
1246.051 52.0 23.962519
1244.9719 52.0 23.941769
1242.272 52.0 23.889847
1243.0828 52.0 23.905437
1241.4614 52.0 23.874258
1251.1826 52.0 24.061205
1247.4025 52.0 23.988508
1250.3722 52.0 24.045618
1254.1523 52.0 24.118315
1254.6913 52.0 24.12868
1248.482 52.0 24.00927
1248.4822 52.0 24.009272
1234.7112 52.0 23.744446
1244.431 52.0 23.931366
1256.0421 52.0 24.154655
1239.3014 52.0 23.83272
1240.922 52.0 23.863884
1219.3927 52.999996 23.00741
1221.2827 52.999996 23.043072
1225.8778 52.999996 23.129772
1224.2566 52.999996 23.099182
1219.1216 52.999996 23.002295
1206.6908 52.999996 22.767754
1219.6626 52.999996 23.012505
1226.6893 52.999996 23.145082
1229.1216 52.999996 23.190975
1208.8513 52.999996 22.808517
1229.121 52.999996 23.190964
1231.0127 52.999996 23.226656
1236.4183 52.999996 23.32865
1227.4993 52.999996 23.160364
1222.0945 52.999996 23.058388
1205.88 52.999996 22.752455
1226.9598 52.999996 23.150188
1222.3649 52.999996 23.06349
1232.9043 52.999996 23.262346
1215.3385 52.999996 22.930918
1218.0408 52.999996 22.981903
1229.3909 52.999996 23.196056
1226.4185 52.999996 23.139973
1235.0664 52.999996 23.303143
1216.1493 52.999996 22.946215
1224.5271 52.999996 23.104286
1229.9316 52.999996 23.206259
1225.0674 52.999996 23.114481
1222.6348 52.999996 23.068583
1228.3102 52.999996 23.175665
1222.3651 52.999996 23.063494
1214.7974 52.999996 22.920708
1224.5266 52.999996 23.104277
1221.0137 52.999996 23.037996
1229.9315 52.999996 23.206257
1210.7444 52.999996 22.844236
1230.7423 52.999996 23.221554
1231.5533 52.999996 23.236858
1223.1763 52.999996 23.078798
1228.8506 52.999996 23.185862
1226.1477 52.999996 23.134865
1188.0016 54.000004 22.000029
1193.4019 54.000004 22.100033
1183.1421 54.000004 21.910038
1196.1012 54.000004 22.15002
1185.3007 54.000004 21.95001
1203.1216 54.000004 22.280027
1202.0421 54.000004 22.260036
1190.9719 54.000004 22.055035
1195.832 54.000004 22.145037
1198.262 54.000004 22.190035
1188.5421 54.000004 22.010036
1186.382 54.000004 21.970036
1194.2119 54.000004 22.115034
1197.9918 54.000004 22.185032
1207.1715 54.000004 22.355026
1195.0231 54.000004 22.130054
1193.6713 54.000004 22.105022
1198.2623 54.000004 22.190042
1186.1127 54.000004 21.965048
1182.062 54.000004 21.890036
1196.1018 54.000004 22.150032
1190.7025 54.000004 22.050045
1196.6422 54.000004 22.16004
1201.2319 54.000004 22.245033
1185.842 54.000004 21.960035
1184.4923 54.000004 21.935041
1193.9417 54.000004 22.11003
1183.9518 54.000004 21.925032
1197.1827 54.000004 22.17005
1188.0013 54.000004 22.000023
1183.1421 54.000004 21.910036
1202.3118 54.000004 22.265032
1181.2517 54.000004 21.87503
1191.2413 54.000004 22.060022
1190.1615 54.000004 22.040026
1184.2218 54.000004 21.930033
1186.6526 54.000004 21.975046
1203.9329 54.000004 22.295052
1177.7424 54.000004 21.810043
1188.0022 54.000004 22.000038
1202.0424 54.000004 22.260042
1177.2013 55.0 21.40366
1168.2931 55.0 21.241693
1167.4829 55.0 21.226961
1162.082 55.0 21.128765
1162.082 55.0 21.128765
1174.7719 55.0 21.359488
1156.9517 55.0 21.035484
1180.4415 55.0 21.462574
1174.2314 55.0 21.349663
1170.4509 55.0 21.280926
1174.2311 55.0 21.349655
1175.8514 55.0 21.379118
1178.2816 55.0 21.423302
1168.0221 55.0 21.236765
1175.0419 55.0 21.364397
1150.2015 55.0 20.912756
1171.5321 55.0 21.300585
1168.8317 55.0 21.251486
1159.6515 55.0 21.084572
1169.6422 55.0 21.266222
1170.7217 55.0 21.285849
1176.6628 55.0 21.39387
1162.3516 55.0 21.133665
1162.8917 55.0 21.143486
1159.112 55.0 21.074764
1169.9122 55.0 21.271132
1175.8519 55.0 21.379126
1176.1221 55.0 21.384037
1167.7518 55.0 21.231852
1167.2114 55.0 21.222025
1161.5421 55.0 21.118948
1179.9014 55.0 21.452751
1180.1715 55.0 21.457664
1162.6222 55.0 21.138586
1175.0421 55.0 21.364403
1152.6318 55.0 20.956944
1159.6519 55.0 21.08458
1153.7117 55.0 20.976576
1172.8811 55.0 21.325111
1161.2706 55.0 21.114012
1176.3931 55.0 21.388966
1143.4518 56.0 20.418781
1147.2314 56.0 20.486275
1136.4313 56.0 20.293415
1137.5114 56.0 20.312702
1141.5618 56.0 20.385033
1141.5614 56.0 20.385025
1142.6433 56.0 20.404345
1143.7214 56.0 20.423597
1133.192 56.0 20.23557
1134.8113 56.0 20.264486
1135.6208 56.0 20.278944
1143.4507 56.0 20.418762
1149.1223 56.0 20.520042
1134.2726 56.0 20.254868
1143.4519 56.0 20.418785
1130.7614 56.0 20.192167
1155.8711 56.0 20.640556
1149.1215 56.0 20.520025
1142.3722 56.0 20.399504
1141.022 56.0 20.375393
1146.692 56.0 20.476643
1136.1622 56.0 20.28861
1143.4518 56.0 20.418781
1140.4825 56.0 20.365759
1143.7206 56.0 20.423582
1130.4921 56.0 20.187359
1141.8318 56.0 20.389853
1155.3319 56.0 20.630926
1146.6908 56.0 20.476622
1151.5518 56.0 20.563425
1137.7815 56.0 20.317528
1135.6218 56.0 20.278961
1145.881 56.0 20.46216
1135.8914 56.0 20.283773
1149.9314 56.0 20.534489
1143.4514 56.0 20.418776
1152.0918 56.0 20.573069
1148.5814 56.0 20.510382
1137.7805 56.0 20.317509
1149.9316 56.0 20.534494
1156.9512 56.0 20.659843
1129.4122 57.0 19.814249
1117.5317 57.0 19.60582
1120.5016 57.0 19.657923
1118.882 57.0 19.629507
1124.8218 57.0 19.733715
1121.8514 57.0 19.681604
1122.3917 57.0 19.691084
1117.2617 57.0 19.601084
1121.852 57.0 19.681616
1108.8914 57.0 19.454235
1120.232 57.0 19.653194
1128.6019 57.0 19.800034
1124.8209 57.0 19.7337
1114.5613 57.0 19.553707
1121.5822 57.0 19.67688
1124.8228 57.0 19.733732
1121.5818 57.0 19.676874
1113.4819 57.0 19.534771
1112.6719 57.0 19.52056
1116.1824 57.0 19.582148
1123.2024 57.0 19.705305
1116.7216 57.0 19.591606
1123.4713 57.0 19.710024
1116.9918 57.0 19.596348
1107.5408 57.0 19.43054
1122.1213 57.0 19.686338
1104.3021 57.0 19.373722
1128.3318 57.0 19.795294
1125.0922 57.0 19.738459
1105.9222 57.0 19.402145
1112.9419 57.0 19.525297
1123.4716 57.0 19.710028
1130.7617 57.0 19.837925
1120.5012 57.0 19.657915
1107.5414 57.0 19.430552
1118.8827 57.0 19.62952
1123.2019 57.0 19.705297
1123.2009 57.0 19.705278
1131.3022 57.0 19.847408
1119.4213 57.0 19.63897
1107.5424 57.0 19.430567
1088.3723 58.0 18.76504
1095.1223 58.0 18.881418
1092.9614 58.0 18.844162
1087.2925 58.0 18.746422
1098.0922 58.0 18.932623
1088.6423 58.0 18.769695
1097.8214 58.0 18.927956
1086.482 58.0 18.732449
1098.0912 58.0 18.932608
1082.7006 58.0 18.667252
1089.4521 58.0 18.783657
1089.9921 58.0 18.792967
1095.3918 58.0 18.886066
1099.7114 58.0 18.960543
1090.8021 58.0 18.806932
1084.591 58.0 18.699844
1090.2607 58.0 18.7976
1090.8013 58.0 18.80692
1100.7922 58.0 18.979177
1092.9623 58.0 18.844177
1103.2231 58.0 19.02109
1074.8723 58.0 18.532282
1084.0518 58.0 18.690548
1101.8718 58.0 18.99779
1080.8121 58.0 18.634691
1099.4415 58.0 18.955889
1085.4016 58.0 18.713821
1094.5818 58.0 18.872099
1091.0704 58.0 18.81156
1095.1217 58.0 18.881409
1092.962 58.0 18.844173
1094.3115 58.0 18.86744
1092.1521 58.0 18.830208
1102.4125 58.0 19.007113
1080.2725 58.0 18.625387
1090.8018 58.0 18.806927
1103.4922 58.0 19.025728
1081.0818 58.0 18.639341
1092.6918 58.0 18.839514
1082.1626 58.0 18.657976
1091.6124 58.0 18.820904
1064.9738 58.999996 18.050404
1081.4585 58.999996 18.329805
1063.3527 58.999996 18.022928
1067.6763 58.999996 18.096209
1066.8655 58.999996 18.082466
1069.5686 58.999996 18.128283
1061.1909 58.999996 17.986288
1055.7859 58.999996 17.894676
1071.4597 58.999996 18.160336
1076.0536 58.999996 18.238197
1074.433 58.999996 18.21073
1057.6779 58.999996 17.926744
1083.3505 58.999996 18.361874
1062.0027 58.999996 18.000048
1067.9459 58.999996 18.10078
1070.918 58.999996 18.151154
1074.7018 58.999996 18.215286
1070.6484 58.999996 18.146585
1069.0282 58.999996 18.119123
1072.2701 58.999996 18.17407
1066.8661 58.999996 18.082478
1064.4343 58.999996 18.041262
1069.0276 58.999996 18.119112
1076.5936 58.999996 18.24735
1074.4326 58.999996 18.210724
1073.0809 58.999996 18.187813
1067.9467 58.999996 18.100792
1075.7837 58.999996 18.233624
1071.1897 58.999996 18.155758
1086.593 58.999996 18.416832
1066.0549 58.999996 18.06873
1070.65 58.999996 18.146612
1061.7317 58.999996 17.995453
1072.0005 58.999996 18.1695
1071.46 58.999996 18.16034
1066.055 58.999996 18.068731
1080.6486 58.999996 18.316078
1068.7574 58.999996 18.114534
1061.4604 58.999996 17.990856
1072.5402 58.999996 18.178648
1070.6498 58.999996 18.146608
1042.202 60.000004 17.370033
1040.5808 60.000004 17.343012
1032.4822 60.000004 17.208035
1040.3112 60.000004 17.338518
1036.262 60.000004 17.271032
1051.9225 60.000004 17.53204
1047.3323 60.000004 17.455536
1041.3923 60.000004 17.356539
1035.9917 60.000004 17.266527
1034.6422 60.000004 17.244036
1044.6317 60.000004 17.410528
1049.2214 60.000004 17.487022
1049.4922 60.000004 17.491535
1040.3119 60.000004 17.33853
1026.0017 60.000004 17.100027
1042.2001 60.000004 17.37
1053.8136 60.000004 17.563559
1048.9523 60.000004 17.482536
1042.2015 60.000004 17.370024
1037.0717 60.000004 17.284527
1053.8115 60.000004 17.563524
1034.912 60.000004 17.248531
1030.5912 60.000004 17.17652
1031.4016 60.000004 17.190025
1044.9021 60.000004 17.415033
1048.6815 60.000004 17.478024
1045.4415 60.000004 17.424025
1045.7118 60.000004 17.428528
1036.5314 60.000004 17.275522
1037.8823 60.000004 17.298038
1041.3923 60.000004 17.356539
1037.6112 60.000004 17.293518
1029.7811 60.000004 17.163017
1041.3925 60.000004 17.35654
1040.8519 60.000004 17.34753
1041.3918 60.000004 17.35653
1038.4209 60.000004 17.307014
1049.2208 60.000004 17.487013
1050.3022 60.000004 17.505037
1045.9822 60.000004 17.433035
1041.9323 60.000004 17.365536
1017.6323 61.0 16.682497
1001.1609 61.0 16.412474
1017.6321 61.0 16.682493
1024.3816 61.0 16.79314
1018.98254 61.0 16.704632
1018.1716 61.0 16.691338
1010.3418 61.0 16.56298
1018.1722 61.0 16.691347
1004.4017 61.0 16.465601
1016.8216 61.0 16.669207
1013.0422 61.0 16.607248
1017.6321 61.0 16.682493
1021.68054 61.0 16.748861
1008.18195 61.0 16.527573
1019.52203 61.0 16.713476
1019.79224 61.0 16.717905
1014.932 61.0 16.63823
1011.4226 61.0 16.580698
1017.9014 61.0 16.686909
1018.1717 61.0 16.69134
1013.58167 61.0 16.616093
1016.82196 61.0 16.669212
1008.72205 61.0 16.536427
1011.9616 61.0 16.589535
1017.9019 61.0 16.686916
1009.2618 61.0 16.545275
1011.9616 61.0 16.589535
1014.12115 61.0 16.624937
1004.67194 61.0 16.470032
1024.1113 61.0 16.78871
1024.112 61.0 16.788723
1013.58167 61.0 16.616093
1015.74164 61.0 16.651503
1019.79224 61.0 16.717905
1002.24164 61.0 16.430191
1018.17194 61.0 16.691343
1014.9319 61.0 16.638227
1007.37134 61.0 16.514284
1015.2024 61.0 16.642662
1015.4723 61.0 16.647087
1019.2511 61.0 16.709034
992.7924 62.0 16.012781
991.4422 62.0 15.991003
975.2423 62.0 15.729714
978.7521 62.0 15.786324
997.65204 62.0 16.091162
994.14136 62.0 16.034538
994.952 62.0 16.047613
995.2213 62.0 16.051956
991.1718 62.0 15.986642
993.06134 62.0 16.017118
1000.6226 62.0 16.139074
993.33215 62.0 16.021486
989.55096 62.0 15.9605
989.8205 62.0 15.964847
994.9514 62.0 16.047604
986.85205 62.0 15.916968
998.1918 62.0 16.099867
1001.97156 62.0 16.160831
981.45264 62.0 15.829882
989.2814 62.0 15.956151
990.6311 62.0 15.9779215
991.4416 62.0 15.9909935
987.39154 62.0 15.92567
986.0418 62.0 15.9039
1001.97107 62.0 16.160824
991.1711 62.0 15.98663
991.9822 62.0 15.999713
993.8723 62.0 16.0302
997.11145 62.0 16.082443
991.9819 62.0 15.999707
1001.4316 62.0 16.152122
984.15063 62.0 15.873397
993.872 62.0 16.030193
988.4714 62.0 15.943087
996.30133 62.0 16.069376
984.4216 62.0 15.877768
995.4918 62.0 16.05632
1000.3512 62.0 16.134697
991.98175 62.0 15.999705
993.602 62.0 16.025839
997.38135 62.0 16.086796
973.3522 63.0 15.450034
971.1919 63.0 15.415745
964.7125 63.0 15.312897
967.6815 63.0 15.360024
957.96173 63.0 15.205742
963.0917 63.0 15.287169
967.952 63.0 15.364318
960.66144 63.0 15.248594
952.5622 63.0 15.120035
968.4924 63.0 15.372895
958.5022 63.0 15.21432
961.7418 63.0 15.265743
976.0524 63.0 15.492896
964.71216 63.0 15.312891
957.15186 63.0 15.192886
967.1422 63.0 15.351463
961.2011 63.0 15.25716
954.45215 63.0 15.150034
965.5223 63.0 15.32575
959.85156 63.0 15.235739
970.9222 63.0 15.411463
967.4114 63.0 15.355736
960.93176 63.0 15.252885
967.95215 63.0 15.36432
967.9528 63.0 15.36433
963.90186 63.0 15.30003
973.89136 63.0 15.458593
963.36145 63.0 15.291451
965.52136 63.0 15.325736
951.21173 63.0 15.0985985
971.46094 63.0 15.420015
967.1408 63.0 15.351441
957.9611 63.0 15.205732
964.71075 63.0 15.312869
967.682 63.0 15.360032
954.1815 63.0 15.145739
966.60144 63.0 15.34288
965.522 63.0 15.325746
968.7619 63.0 15.377173
962.01105 63.0 15.270017
959.3118 63.0 15.227172
935.01135 64.0 14.609552
942.3019 64.0 14.723467
946.8918 64.0 14.795184
943.65137 64.0 14.744553
937.9821 64.0 14.655971
933.3906 64.0 14.5842285
944.46124 64.0 14.757207
930.4207 64.0 14.537824
937.1719 64.0 14.643311
937.7118 64.0 14.651747
941.76184 64.0 14.715029
938.25214 64.0 14.66019
935.55206 64.0 14.618001
936.092 64.0 14.626437
932.58167 64.0 14.5715885
944.73175 64.0 14.761434
938.7921 64.0 14.668627
938.2508 64.0 14.660169
950.402 64.0 14.850031
937.98114 64.0 14.655955
938.2503 64.0 14.660161
927.9914 64.0 14.499866
941.221 64.0 14.706578
950.6712 64.0 14.854238
931.5005 64.0 14.554695
942.8417 64.0 14.731901
942.8419 64.0 14.731905
940.95197 64.0 14.702374
945.0002 64.0 14.765628
939.0609 64.0 14.672827
942.3019 64.0 14.723467
943.1115 64.0 14.736117
946.6221 64.0 14.79097
935.01056 64.0 14.60954
950.6717 64.0 14.854245
938.52185 64.0 14.664404
941.4917 64.0 14.710808
943.11163 64.0 14.736119
938.7913 64.0 14.668614
935.5519 64.0 14.617998
931.23193 64.0 14.550499
905.3118 65.0 13.927875
916.1112 65.0 14.094019
920.43134 65.0 14.160482
920.1618 65.0 14.156336
922.3224 65.0 14.189575
920.9714 65.0 14.168791
908.82166 65.0 13.981872
906.39185 65.0 13.9444895
914.2213 65.0 14.064943
912.33105 65.0 14.035862
912.8716 65.0 14.044178
915.5718 65.0 14.08572
911.791 65.0 14.0275545
918.81104 65.0 14.135554
915.57153 65.0 14.085716
906.6613 65.0 13.948636
906.3921 65.0 13.944493
912.06116 65.0 14.03171
911.25085 65.0 14.019244
920.70166 65.0 14.164641
913.95184 65.0 14.060798
912.6011 65.0 14.040016
920.1616 65.0 14.156333
909.6325 65.0 13.994347
916.1118 65.0 14.0940275
915.30096 65.0 14.081553
915.5724 65.0 14.085729
904.7715 65.0 13.919561
923.1317 65.0 14.202026
915.0322 65.0 14.077419
912.60187 65.0 14.040029
914.76154 65.0 14.073255
916.11176 65.0 14.094027
908.5511 65.0 13.977709
907.2014 65.0 13.956944
910.9818 65.0 14.015105
916.1114 65.0 14.094022
913.1413 65.0 14.048327
917.73157 65.0 14.118947
910.1714 65.0 14.002637
909.6314 65.0 13.994329
883.4419 66.0 13.385483
882.3615 66.0 13.369114
883.17126 66.0 13.381383
885.8716 66.0 13.422297
884.5209 66.0 13.401832
892.0814 66.0 13.516385
885.06085 66.0 13.410013
896.6717 66.0 13.585935
881.012 66.0 13.348667
887.7611 66.0 13.450926
888.84155 66.0 13.467297
899.9115 66.0 13.635023
893.43066 66.0 13.536828
887.7607 66.0 13.450919
888.8414 66.0 13.467294
891.00085 66.0 13.500013
884.5212 66.0 13.401836
892.08124 66.0 13.516382
895.05133 66.0 13.561384
888.30194 66.0 13.459121
894.5117 66.0 13.553207
884.52216 66.0 13.401851
876.6903 66.0 13.283187
896.6716 66.0 13.585933
886.41125 66.0 13.430473
887.7622 66.0 13.450943
894.78174 66.0 13.557299
891.00165 66.0 13.500025
888.30096 66.0 13.4591055
885.87134 66.0 13.422293
886.952 66.0 13.438667
891.0018 66.0 13.500027
885.6022 66.0 13.418215
882.091 66.0 13.365015
893.4317 66.0 13.536844
892.35156 66.0 13.520478
875.88116 66.0 13.270926
891.00073 66.0 13.500011
879.9313 66.0 13.332292
892.08124 66.0 13.516382
890.4605 66.0 13.491826
858.0616 67.0 12.80689
860.762 67.0 12.847195
858.061 67.0 12.80688
865.8911 67.0 12.923748
861.03107 67.0 12.85121
863.191 67.0 12.883448
872.9106 67.0 13.028516
860.7616 67.0 12.847188
855.631 67.0 12.770612
866.16174 67.0 12.927787
856.7119 67.0 12.786745
866.43195 67.0 12.93182
861.8414 67.0 12.863304
856.9814 67.0 12.790767
855.9017 67.0 12.774652
858.6009 67.0 12.814939
857.79156 67.0 12.802859
860.49133 67.0 12.843154
862.9222 67.0 12.879436
862.9212 67.0 12.879421
855.0908 67.0 12.762549
859.4114 67.0 12.827036
850.771 67.0 12.698074
858.872 67.0 12.818985
857.521 67.0 12.7988205
864.2716 67.0 12.899576
863.1911 67.0 12.88345
859.1412 67.0 12.823003
864.0018 67.0 12.895549
866.4308 67.0 12.931803
864.5422 67.0 12.903615
868.86053 67.0 12.968068
859.1416 67.0 12.823009
866.1626 67.0 12.9278
862.65137 67.0 12.875394
869.13153 67.0 12.972113
868.8618 67.0 12.968087
871.0213 67.0 13.000318
867.78076 67.0 12.951952
865.351 67.0 12.915687
864.0012 67.0 12.89554
842.4013 68.0 12.388254
834.571 68.0 12.273103
839.9717 68.0 12.352525
830.7905 68.0 12.217507
831.8707 68.0 12.233393
841.59094 68.0 12.376337
840.241 68.0 12.356485
832.6809 68.0 12.245308
835.6512 68.0 12.288988
829.711 68.0 12.2016325
836.46094 68.0 12.300896
841.3214 68.0 12.372374
830.521 68.0 12.213544
840.5119 68.0 12.360469
834.03076 68.0 12.265159
842.9407 68.0 12.396187
836.1912 68.0 12.296929
832.9513 68.0 12.249284
841.32104 68.0 12.372368
835.92096 68.0 12.292955
837.00134 68.0 12.308844
834.03125 68.0 12.265165
834.8409 68.0 12.277072
835.9216 68.0 12.292964
834.031 68.0 12.2651615
833.221 68.0 12.25325
838.08026 68.0 12.32471
837.8112 68.0 12.320753
844.8313 68.0 12.423989
828.9025 68.0 12.189743
838.62134 68.0 12.332666
842.6713 68.0 12.392225
833.2214 68.0 12.253256
841.3213 68.0 12.372372
834.30145 68.0 12.269139
835.92096 68.0 12.292955
832.1412 68.0 12.2373705
833.76117 68.0 12.261193
830.521 68.0 12.213544
842.13086 68.0 12.384277
832.6807 68.0 12.245305
807.8404 69.0 11.707831
808.1113 69.0 11.711759
807.03186 69.0 11.696114
804.0612 69.0 11.653061
811.0812 69.0 11.7548
811.0808 69.0 11.754794
811.62036 69.0 11.762614
812.971 69.0 11.782188
809.1908 69.0 11.727403
798.661 69.0 11.574798
811.3512 69.0 11.758713
808.6513 69.0 11.719584
800.0115 69.0 11.594369
808.11053 69.0 11.711747
807.3009 69.0 11.700013
817.0207 69.0 11.840879
810.001 69.0 11.739144
810.8103 69.0 11.750874
811.0811 69.0 11.754799
812.9706 69.0 11.782183
812.7017 69.0 11.778286
812.971 69.0 11.782188
806.49133 69.0 11.68828
817.02075 69.0 11.84088
818.3707 69.0 11.860445
817.8304 69.0 11.852614
822.9608 69.0 11.926969
805.41095 69.0 11.672623
815.671 69.0 11.82132
808.6507 69.0 11.719575
809.7309 69.0 11.73523
815.4012 69.0 11.817409
813.7814 69.0 11.793933
811.6214 69.0 11.762629
805.95105 69.0 11.68045
809.19147 69.0 11.727412
814.3215 69.0 11.801761
818.911 69.0 11.868276
816.4812 69.0 11.833061
808.11066 69.0 11.711749
812.70123 69.0 11.778278
791.64197 70.0 11.309171
788.13074 70.0 11.25901
785.1609 70.0 11.216584
784.621 70.0 11.208871
784.3507 70.0 11.20501
786.78107 70.0 11.23973
780.57104 70.0 11.151015
783.54126 70.0 11.193446
783.5417 70.0 11.193453
791.3711 70.0 11.305302
784.6216 70.0 11.208879
786.51105 70.0 11.235872
794.0711 70.0 11.343873
783.00116 70.0 11.185731
789.2112 70.0 11.274446
776.5213 70.0 11.093162
787.8613 70.0 11.255162
786.5111 70.0 11.235873
794.3413 70.0 11.347733
792.4505 70.0 11.320722
791.9111 70.0 11.313015
783.2705 70.0 11.189579
788.6706 70.0 11.266723
787.05084 70.0 11.243584
784.62146 70.0 11.208878
782.4613 70.0 11.178019
785.9717 70.0 11.228167
784.0802 70.0 11.201146
787.5911 70.0 11.251302
788.13104 70.0 11.259015
787.32104 70.0 11.247443
787.8608 70.0 11.255154
788.94147 70.0 11.270593
781.1116 70.0 11.158737
793.26117 70.0 11.332302
779.49146 70.0 11.135592
787.5917 70.0 11.251309
786.2416 70.0 11.232022
787.321 70.0 11.247442
790.0206 70.0 11.286009
788.94037 70.0 11.2705765
761.13135 71.0 10.72016
752.2206 71.0 10.594656
754.9214 71.0 10.632695
759.51086 71.0 10.697336
764.3711 71.0 10.76579
762.7511 71.0 10.742973
758.4312 71.0 10.68213
760.32056 71.0 10.70874
764.6412 71.0 10.769594
763.56055 71.0 10.754374
760.3213 71.0 10.708751
756.54095 71.0 10.655506
760.32104 71.0 10.708747
756.5416 71.0 10.655516
753.8406 71.0 10.617473
763.29065 71.0 10.750572
760.86145 71.0 10.716358
757.35095 71.0 10.666915
761.40076 71.0 10.723954
763.83057 71.0 10.758177
763.0209 71.0 10.746773
762.75055 71.0 10.742966
758.70087 71.0 10.685927
762.751 71.0 10.742971
763.83044 71.0 10.758175
761.9409 71.0 10.731563
768.6912 71.0 10.826637
760.0513 71.0 10.704947
760.8616 71.0 10.71636
758.97125 71.0 10.689736
759.511 71.0 10.697338
763.8306 71.0 10.758178
758.43066 71.0 10.682122
760.3212 71.0 10.70875
767.3409 71.0 10.807618
764.1014 71.0 10.7619915
759.24054 71.0 10.693529
758.431 71.0 10.682127
758.97125 71.0 10.689736
761.67096 71.0 10.72776
754.3812 71.0 10.625088
734.40063 72.0 10.200008
730.8913 72.0 10.151268
732.24097 72.0 10.170013
734.1307 72.0 10.1962595
733.59155 72.0 10.188771
724.951 72.0 10.068764
735.48096 72.0 10.2150135
731.97156 72.0 10.166271
736.02124 72.0 10.222517
733.5911 72.0 10.188766
730.0806 72.0 10.140009
731.1609 72.0 10.155012
736.8312 72.0 10.233767
730.8912 72.0 10.151266
740.8812 72.0 10.290017
734.67126 72.0 10.203768
737.1006 72.0 10.237508
734.9407 72.0 10.207509
734.40045 72.0 10.2000065
725.7613 72.0 10.080018
733.321 72.0 10.185014
729.0009 72.0 10.125012
727.651 72.0 10.106264
731.16077 72.0 10.15501
723.87036 72.0 10.053755
727.3812 72.0 10.102517
733.5907 72.0 10.18876
733.861 72.0 10.192514
729.8107 72.0 10.13626
737.9105 72.0 10.248757
733.05054 72.0 10.181257
741.96124 72.0 10.305017
733.051 72.0 10.181264
734.67126 72.0 10.203768
738.99133 72.0 10.263768
733.05066 72.0 10.181259
731.1615 72.0 10.155021
731.9703 72.0 10.166254
736.8313 72.0 10.233768
737.3709 72.0 10.241262
732.7808 72.0 10.177511
709.0204 73.0 9.712608
711.1812 73.0 9.7422085
704.701 73.0 9.653439
710.9113 73.0 9.738511
711.7213 73.0 9.749607
705.5112 73.0 9.664537
707.6707 73.0 9.694119
704.9708 73.0 9.657135
699.57104 73.0 9.583165
706.3207 73.0 9.675626
712.26056 73.0 9.756994
708.2111 73.0 9.701522
708.75024 73.0 9.708907
706.3208 73.0 9.675628
699.3012 73.0 9.579469
706.8606 73.0 9.683022
707.94086 73.0 9.69782
700.37994 73.0 9.594246
710.10114 73.0 9.727413
712.261 73.0 9.757
708.2113 73.0 9.701525
700.3804 73.0 9.594252
707.6705 73.0 9.694116
712.26056 73.0 9.756994
710.1011 73.0 9.727412
711.1811 73.0 9.742207
708.21075 73.0 9.701517
708.75055 73.0 9.708912
710.9106 73.0 9.738502
704.971 73.0 9.657137
707.94037 73.0 9.697813
706.8608 73.0 9.683024
704.4313 73.0 9.649743
714.1506 73.0 9.782885
708.21045 73.0 9.701513
719.8203 73.0 9.860552
708.2111 73.0 9.701522
703.8905 73.0 9.642336
703.8907 73.0 9.642338
710.10016 73.0 9.7274
714.4208 73.0 9.786586
669.87054 74.0 9.052304
682.0202 74.0 9.216489
679.59045 74.0 9.183655
683.3709 74.0 9.234742
685.80084 74.0 9.267579
680.941 74.0 9.201905
686.3414 74.0 9.274883
671.7606 74.0 9.077847
684.4511 74.0 9.249339
681.2109 74.0 9.205552
683.1009 74.0 9.231093
678.78064 74.0 9.172711
686.61115 74.0 9.278529
679.8613 74.0 9.187315
686.88104 74.0 9.282176
680.13104 74.0 9.19096
684.1811 74.0 9.24569
682.56104 74.0 9.223798
677.70087 74.0 9.15812
682.56085 74.0 9.223795
681.7507 74.0 9.212847
684.1807 74.0 9.245686
679.3209 74.0 9.180013
687.4207 74.0 9.289469
680.6702 74.0 9.198246
677.7006 74.0 9.158116
678.78064 74.0 9.172711
689.04126 74.0 9.311368
677.4306 74.0 9.154468
677.1608 74.0 9.150822
685.2605 74.0 9.260277
684.99097 74.0 9.256635
673.92114 74.0 9.107042
679.8607 74.0 9.187307
679.86053 74.0 9.1873045
680.9408 74.0 9.201902
684.99097 74.0 9.256635
674.461 74.0 9.114338
679.0509 74.0 9.176364
679.051 74.0 9.176365
678.5105 74.0 9.169061
662.8505 75.0 8.838007
656.3707 75.0 8.75161
657.18066 75.0 8.762409
661.77075 75.0 8.82361
663.9315 75.0 8.85242
654.75037 75.0 8.730005
655.83093 75.0 8.744412
652.3203 75.0 8.697604
657.1808 75.0 8.76241
658.80054 75.0 8.784007
656.1002 75.0 8.748003
658.8004 75.0 8.784005
651.5108 75.0 8.6868105
658.26086 75.0 8.776812
655.02106 75.0 8.733614
656.10095 75.0 8.748013
652.5909 75.0 8.701212
656.6403 75.0 8.755204
655.021 75.0 8.733613
656.10095 75.0 8.748013
662.5803 75.0 8.834404
652.32104 75.0 8.697614
653.1306 75.0 8.708408
654.48065 75.0 8.726409
659.07074 75.0 8.78761
651.51056 75.0 8.686808
655.8302 75.0 8.744403
648.54047 75.0 8.647206
658.5304 75.0 8.780405
657.99066 75.0 8.773209
652.321 75.0 8.697613
663.1206 75.0 8.841608
646.9209 75.0 8.625612
654.7506 75.0 8.730008
653.1308 75.0 8.70841
655.02045 75.0 8.733606
654.7513 75.0 8.730017
662.8515 75.0 8.83802
659.3406 75.0 8.791207
654.2107 75.0 8.722809
653.40015 75.0 8.712002
627.4804 76.0 8.256321
630.7203 76.0 8.298951
627.4804 76.0 8.256321
625.32043 76.0 8.2279005
628.8307 76.0 8.274088
633.6908 76.0 8.338037
633.42017 76.0 8.3344755
634.5005 76.0 8.348691
628.02057 76.0 8.263429
638.5507 76.0 8.401983
630.18066 76.0 8.291851
631.7999 76.0 8.313157
631.80054 76.0 8.313165
628.8307 76.0 8.274088
631.2605 76.0 8.306059
633.96045 76.0 8.341585
637.7401 76.0 8.391317
634.23016 76.0 8.345134
626.1305 76.0 8.238559
627.4805 76.0 8.256323
631.8001 76.0 8.313159
633.4212 76.0 8.33449
633.1509 76.0 8.330933
626.6706 76.0 8.245666
636.3904 76.0 8.373558
632.07074 76.0 8.31672
632.0708 76.0 8.316721
636.6603 76.0 8.377109
632.88055 76.0 8.327375
637.4706 76.0 8.387771
632.88074 76.0 8.327378
630.7206 76.0 8.298955
633.1509 76.0 8.330933
626.1307 76.0 8.238562
629.3706 76.0 8.281192
633.6904 76.0 8.338032
635.85065 76.0 8.366456
631.53046 76.0 8.309611
627.2102 76.0 8.252766
639.6311 76.0 8.416199
627.4809 76.0 8.256328
604.2609 77.0 7.847544
602.9103 77.0 7.8300037
605.61066 77.0 7.865073
603.7205 77.0 7.8405266
602.91046 77.0 7.8300056
608.0401 77.0 7.896625
605.87964 77.0 7.8685665
602.3707 77.0 7.8229966
603.72 77.0 7.840519
603.18066 77.0 7.833515
599.6706 77.0 7.7879295
610.2011 77.0 7.92469
605.8802 77.0 7.8685737
601.0206 77.0 7.8054624
606.69055 77.0 7.879098
606.69073 77.0 7.879101
602.90967 77.0 7.8299956
602.10016 77.0 7.8194823
609.12103 77.0 7.910663
603.18085 77.0 7.8335176
607.5004 77.0 7.889616
598.8605 77.0 7.777409
605.61035 77.0 7.8650694
606.15045 77.0 7.872084
605.34076 77.0 7.861568
606.4213 77.0 7.875602
598.8608 77.0 7.7774124
604.25977 77.0 7.8475294
603.4505 77.0 7.8370194
609.39014 77.0 7.9141574
603.9913 77.0 7.844043
602.1006 77.0 7.819488
606.4212 77.0 7.8756
602.6401 77.0 7.826494
608.0403 77.0 7.896627
603.7207 77.0 7.8405285
607.7697 77.0 7.893113
604.80035 77.0 7.85455
597.78064 77.0 7.763385
606.42035 77.0 7.875589
606.15 77.0 7.8720784
580.6034 78.0 7.443633
579.7929 78.0 7.4332423
586.54675 78.0 7.51983
574.1185 78.0 7.3604937
578.98114 78.0 7.422835
579.5219 78.0 7.429768
583.8446 78.0 7.4851875
579.7917 78.0 7.4332266
586.2764 78.0 7.5163646
578.71136 78.0 7.4193764
580.8727 78.0 7.447086
579.2509 78.0 7.426294
576.00934 78.0 7.384735
580.8728 78.0 7.4470873
584.65546 78.0 7.495583
579.79175 78.0 7.4332275
583.5744 78.0 7.4817233
584.3849 78.0 7.492114
577.0901 78.0 7.398591
583.8447 78.0 7.4851885
582.4938 78.0 7.467869
578.711 78.0 7.419372
571.957 78.0 7.332782
586.00616 78.0 7.5128994
577.3608 78.0 7.4020615
577.3602 78.0 7.4020543
577.0898 78.0 7.398587
580.0621 78.0 7.436693
577.3602 78.0 7.4020543
579.2513 78.0 7.426298
584.65533 78.0 7.495581
580.06195 78.0 7.4366918
580.3328 78.0 7.440164
578.71136 78.0 7.4193764
579.5216 78.0 7.429764
583.8451 78.0 7.4851933
578.4411 78.0 7.4159117
583.5746 78.0 7.481725
581.41284 78.0 7.454011
580.8728 78.0 7.4470873
584.6553 78.0 7.4955807
554.0398 79.0 7.013162
556.4702 79.0 7.0439267
558.6307 79.0 7.0712743
551.8797 79.0 6.9858193
556.4703 79.0 7.043927
548.09955 79.0 6.9379687
555.9308 79.0 7.0370984
552.9599 79.0 6.9994926
554.84955 79.0 7.023412
552.9597 79.0 6.9994903
550.2602 79.0 6.965319
555.3899 79.0 7.030252
552.42053 79.0 6.992665
550.5294 79.0 6.968727
554.04047 79.0 7.0131707
554.58026 79.0 7.0200033
554.0403 79.0 7.0131683
551.88043 79.0 6.985828
554.8502 79.0 7.0234203
551.8802 79.0 6.9858255
550.5298 79.0 6.9687314
550.2596 79.0 6.9653115
556.2003 79.0 7.0405107
554.5797 79.0 7.019996
553.5004 79.0 7.006335
557.55035 79.0 7.057599
553.2301 79.0 7.002913
556.46954 79.0 7.043918
547.5597 79.0 6.9311357
551.0702 79.0 6.975572
545.9404 79.0 6.9106383
553.49994 79.0 7.0063286
553.23016 79.0 7.0029135
556.2 79.0 7.040507
552.9599 79.0 6.999492
549.17975 79.0 6.951642
554.5799 79.0 7.019999
547.0208 79.0 6.924314
547.55994 79.0 6.9311385
552.4206 79.0 6.992666
545.67053 79.0 6.907222
527.85004 80.0 6.5981255
525.69006 80.0 6.571126
525.15027 80.0 6.5643787
526.50006 80.0 6.5812507
525.4198 80.0 6.567747
531.08984 80.0 6.638623
527.8502 80.0 6.5981274
526.7702 80.0 6.5846276
532.1701 80.0 6.6521263
527.84985 80.0 6.5981236
528.92993 80.0 6.611624
528.92993 80.0 6.611624
522.71924 80.0 6.5339904
524.60986 80.0 6.5576234
528.3895 80.0 6.604869
522.7202 80.0 6.534003
525.96014 80.0 6.5745015
525.95966 80.0 6.574496
527.57947 80.0 6.5947437
525.95953 80.0 6.574494
527.3097 80.0 6.5913715
529.46954 80.0 6.618369
526.7697 80.0 6.5846214
522.71985 80.0 6.5339985
530.2799 80.0 6.6284986
532.4401 80.0 6.655502
527.30994 80.0 6.5913744
528.66016 80.0 6.6082516
529.1997 80.0 6.6149964
527.8496 80.0 6.59812
532.4398 80.0 6.655498
525.96 80.0 6.5745006
530.54987 80.0 6.631873
527.8496 80.0 6.5981197
527.57965 80.0 6.5947456
525.95984 80.0 6.5744977
531.0894 80.0 6.6386175
525.6896 80.0 6.57112
525.14996 80.0 6.5643744
530.00995 80.0 6.6251245
523.8004 80.0 6.5475054
500.8493 81.0 6.183325
499.22977 81.0 6.1633306
500.84982 81.0 6.183331
498.68967 81.0 6.1566625
499.76935 81.0 6.169992
498.68973 81.0 6.1566634
498.14926 81.0 6.149991
498.6891 81.0 6.1566553
499.22955 81.0 6.1633277
502.7396 81.0 6.2066617
500.57925 81.0 6.179991
503.27963 81.0 6.213329
504.0901 81.0 6.2233343
501.92966 81.0 6.1966624
499.76944 81.0 6.169993
502.46942 81.0 6.203326
503.54947 81.0 6.21666
504.62946 81.0 6.2299933
504.35983 81.0 6.2266645
495.44882 81.0 6.116652
497.60965 81.0 6.143329
499.49933 81.0 6.1666584
503.81982 81.0 6.219998
501.6595 81.0 6.193327
501.65964 81.0 6.193329
501.1193 81.0 6.186658
501.65967 81.0 6.1933293
505.43994 81.0 6.2399993
504.0895 81.0 6.223327
499.76907 81.0 6.1699886
501.38974 81.0 6.1899967
499.76978 81.0 6.169997
502.19977 81.0 6.199997
502.47 81.0 6.2033334
497.06973 81.0 6.1366634
501.11914 81.0 6.186656
495.44983 81.0 6.1166644
504.0893 81.0 6.223325
503.00964 81.0 6.2099957
500.57996 81.0 6.1799994
503.0093 81.0 6.2099915
473.30908 82.0 5.772062
477.35922 82.0 5.821454
479.24878 82.0 5.844497
474.3893 82.0 5.7852354
476.2788 82.0 5.808278
473.03937 82.0 5.7687726
475.46918 82.0 5.7984047
477.08917 82.0 5.8181605
473.30917 82.0 5.7720633
472.22916 82.0 5.758892
476.27914 82.0 5.8082824
474.11917 82.0 5.781941
474.65903 82.0 5.7885246
474.1185 82.0 5.781933
471.14926 82.0 5.745723
477.62927 82.0 5.824747
475.19897 82.0 5.7951093
475.19928 82.0 5.795113
474.38916 82.0 5.7852335
474.92923 82.0 5.79182
476.00912 82.0 5.8049893
474.38922 82.0 5.7852345
473.84927 82.0 5.77865
476.54926 82.0 5.8115764
475.73917 82.0 5.8016973
473.30896 82.0 5.7720604
476.81937 82.0 5.8148704
474.11905 82.0 5.7819395
474.9294 82.0 5.791822
471.41913 82.0 5.749014
471.4189 82.0 5.749011
470.60922 82.0 5.7391367
473.0391 82.0 5.7687693
473.30884 82.0 5.772059
471.14948 82.0 5.745725
476.00873 82.0 5.8049846
476.00916 82.0 5.80499
474.65952 82.0 5.788531
469.79892 82.0 5.729255
476.8195 82.0 5.814872
475.19943 82.0 5.795115
447.65894 83.0 5.3934813
447.92874 83.0 5.396732
451.16882 83.0 5.435769
445.22885 83.0 5.364203
445.49847 83.0 5.3674517
449.81876 83.0 5.419503
451.43884 83.0 5.439022
447.65875 83.0 5.393479
448.73853 83.0 5.4064884
444.14838 83.0 5.3511853
447.92828 83.0 5.396726
449.54852 83.0 5.4162474
448.73917 83.0 5.406496
447.65836 83.0 5.393474
449.27838 83.0 5.4129925
451.16843 83.0 5.4357643
445.76825 83.0 5.370702
449.5489 83.0 5.4162517
451.43863 83.0 5.4390197
447.65836 83.0 5.393474
450.08896 83.0 5.4227586
450.0885 83.0 5.422753
447.92862 83.0 5.3967304
450.62872 83.0 5.4292617
450.35883 83.0 5.42601
450.35873 83.0 5.4260087
449.0091 83.0 5.409748
448.1986 83.0 5.3999834
449.00885 83.0 5.409745
446.8486 83.0 5.383718
445.22833 83.0 5.364197
446.30844 83.0 5.37721
446.5785 83.0 5.3804636
447.9287 83.0 5.3967314
451.16895 83.0 5.4357705
447.92856 83.0 5.3967295
451.97885 83.0 5.4455285
449.00916 83.0 5.409749
445.7684 83.0 5.3707037
446.5789 83.0 5.3804684
450.6289 83.0 5.429264
421.1983 84.0 5.0142655
424.16806 84.0 5.0496197
423.35794 84.0 5.0399756
425.51813 84.0 5.065692
422.5482 84.0 5.0303354
419.84802 84.0 4.998191
423.8983 84.0 5.046408
420.38815 84.0 5.004621
421.7382 84.0 5.020693
420.38794 84.0 5.004618
427.13843 84.0 5.0849814
418.49802 84.0 4.982119
417.95792 84.0 4.9756894
424.70825 84.0 5.056051
423.0882 84.0 5.036764
422.00824 84.0 5.0239077
423.62793 84.0 5.0431895
425.2482 84.0 5.0624785
427.13824 84.0 5.084979
424.7081 84.0 5.056049
423.0882 84.0 5.036764
420.928 84.0 5.011048
423.89807 84.0 5.046406
414.71783 84.0 4.937117
423.35825 84.0 5.039979
421.1977 84.0 5.0142584
423.08835 84.0 5.036766
421.4681 84.0 5.0174775
423.35825 84.0 5.039979
418.22836 84.0 4.978909
424.16794 84.0 5.0496182
423.3582 84.0 5.0399785
420.92813 84.0 5.0110493
421.19818 84.0 5.014264
420.9284 84.0 5.0110526
426.8684 84.0 5.0817666
423.62787 84.0 5.043189
419.84778 84.0 4.998188
421.738 84.0 5.0206904
421.73788 84.0 5.020689
423.35825 84.0 5.039979
396.08817 85.0 4.6598606
397.70786 85.0 4.678916
395.54794 85.0 4.6535053
396.08774 85.0 4.659856
394.73788 85.0 4.6439753
393.38785 85.0 4.6280923
397.16742 85.0 4.672558
397.97772 85.0 4.6820908
397.7077 85.0 4.678914
395.27777 85.0 4.6503267
396.35797 85.0 4.663035
397.43774 85.0 4.6757383
395.81802 85.0 4.6566825
395.8179 85.0 4.656681
397.97784 85.0 4.682092
397.16797 85.0 4.6725645
393.92795 85.0 4.6344466
397.43796 85.0 4.6757407
390.41788 85.0 4.5931516
396.62796 85.0 4.666211
399.59802 85.0 4.7011533
394.7376 85.0 4.643972
396.62762 85.0 4.6662073
394.46793 85.0 4.640799
397.43762 85.0 4.675737
400.13776 85.0 4.707503
399.05786 85.0 4.6947985
399.59778 85.0 4.7011504
397.43787 85.0 4.67574
396.62772 85.0 4.6662083
400.40768 85.0 4.7106786
397.97787 85.0 4.6820927
395.2778 85.0 4.650327
396.08768 85.0 4.659855
397.43774 85.0 4.6757383
393.92764 85.0 4.634443
391.76776 85.0 4.6090326
393.92776 85.0 4.634444
392.8478 85.0 4.621739
399.0578 85.0 4.6947975
395.54755 85.0 4.6535006
370.708 86.0 4.3105583
372.59766 86.0 4.332531
372.86795 86.0 4.335674
369.3579 86.0 4.2948594
368.81805 86.0 4.288582
370.97784 86.0 4.313696
366.92798 86.0 4.2666044
372.86783 86.0 4.3356724
371.51813 86.0 4.319978
368.27783 86.0 4.2823005
369.89798 86.0 4.3011394
368.2782 86.0 4.282305
368.54797 86.0 4.2854414
370.43787 86.0 4.307417
374.21793 86.0 4.3513713
371.51788 86.0 4.3199754
369.89786 86.0 4.301138
371.51804 86.0 4.3199773
369.62784 86.0 4.297998
369.08798 86.0 4.291721
372.05807 86.0 4.3262568
369.08786 86.0 4.2917194
372.328 86.0 4.3293953
370.70825 86.0 4.310561
369.35776 86.0 4.2948575
372.32776 86.0 4.3293924
369.62802 86.0 4.2980003
371.24768 86.0 4.3168335
370.7079 86.0 4.310557
371.5178 86.0 4.3199744
370.70813 86.0 4.3105597
367.46793 86.0 4.272883
369.0881 86.0 4.2917223
371.51816 86.0 4.3199787
368.278 86.0 4.2823024
372.32782 86.0 4.3293934
373.1379 86.0 4.338813
371.24796 86.0 4.316837
371.78793 86.0 4.3231153
372.32794 86.0 4.329395
370.43802 86.0 4.307419
341.81787 87.0 3.928941
341.81815 87.0 3.928944
346.40784 87.0 3.9816992
344.24777 87.0 3.956871
340.46823 87.0 3.913428
344.51797 87.0 3.9599767
345.86795 87.0 3.9754937
343.70834 87.0 3.9506707
343.978 87.0 3.9537702
344.24792 87.0 3.9568727
344.78818 87.0 3.9630826
341.2781 87.0 3.922737
343.43805 87.0 3.9475636
344.5182 87.0 3.9599793
341.54813 87.0 3.9258404
343.43808 87.0 3.9475641
342.89822 87.0 3.941359
345.32797 87.0 3.9692872
342.0882 87.0 3.932048
346.9479 87.0 3.987907
344.5181 87.0 3.959978
346.94797 87.0 3.9879076
343.43826 87.0 3.9475663
344.51794 87.0 3.9599764
343.168 87.0 3.94446
345.59793 87.0 3.9723902
343.16803 87.0 3.9444602
343.70813 87.0 3.950668
344.51807 87.0 3.9599779
343.43826 87.0 3.9475663
345.05804 87.0 3.9661844
344.51813 87.0 3.9599786
341.00818 87.0 3.9196343
344.78802 87.0 3.963081
343.70792 87.0 3.9506657
343.70813 87.0 3.9506683
341.5482 87.0 3.9258413
344.7879 87.0 3.9630795
343.70813 87.0 3.950668
345.86768 87.0 3.9754906
342.0878 87.0 3.9320436
316.7081 88.0 3.5989556
318.59833 88.0 3.6204355
319.4081 88.0 3.6296375
317.7882 88.0 3.6112297
317.51804 88.0 3.6081595
318.8681 88.0 3.6235013
319.94785 88.0 3.635771
319.4084 88.0 3.6296408
317.51813 88.0 3.6081605
318.59808 88.0 3.6204329
318.058 88.0 3.6142957
318.32822 88.0 3.617366
319.9483 88.0 3.6357763
315.6282 88.0 3.586684
319.13828 88.0 3.6265712
318.59824 88.0 3.6204345
318.59833 88.0 3.6204355
315.89825 88.0 3.589753
316.97818 88.0 3.6020248
316.70807 88.0 3.5989552
319.94806 88.0 3.6357734
316.43814 88.0 3.595888
312.65836 88.0 3.5529358
319.4082 88.0 3.6296387
315.35825 88.0 3.5836165
318.86838 88.0 3.6235044
316.43823 88.0 3.595889
317.24817 88.0 3.605093
318.3282 88.0 3.6173656
319.94824 88.0 3.6357756
320.2182 88.0 3.6388433
319.94803 88.0 3.635773
316.1683 88.0 3.5928216
318.05826 88.0 3.6142983
318.86835 88.0 3.623504
318.058 88.0 3.6142957
316.97833 88.0 3.6020265
320.7583 88.0 3.6449807
315.35837 88.0 3.5836177
319.13834 88.0 3.6265721
315.62823 88.0 3.5866845
289.16827 89.0 3.2490816
291.5985 89.0 3.276388
293.75836 89.0 3.3006556
292.94855 89.0 3.2915566
291.86823 89.0 3.2794182
288.08844 89.0 3.2369487
291.59833 89.0 3.2763858
290.7884 89.0 3.2672853
291.3285 89.0 3.2733538
292.13858 89.0 3.282456
292.6784 89.0 3.2885213
294.02835 89.0 3.3036892
292.40857 89.0 3.2854896
291.05847 89.0 3.27032
292.6783 89.0 3.2885203
291.8685 89.0 3.2794213
293.75854 89.0 3.3006577
290.7884 89.0 3.2672853
288.08835 89.0 3.2369478
294.0282 89.0 3.3036876
293.75842 89.0 3.3006563
291.59842 89.0 3.2763867
292.1384 89.0 3.2824538
291.59845 89.0 3.2763872
290.7884 89.0 3.2672853
292.67853 89.0 3.2885227
290.24857 89.0 3.2612197
291.5983 89.0 3.2763853
291.05817 89.0 3.2703166
291.59845 89.0 3.276387
290.51834 89.0 3.264251
294.56815 89.0 3.3097546
291.86832 89.0 3.2794192
291.8685 89.0 3.2794213
292.94827 89.0 3.2915535
294.83817 89.0 3.3127885
291.8683 89.0 3.279419
292.1383 89.0 3.2824528
291.32834 89.0 3.2733521
292.6784 89.0 3.2885213
290.51837 89.0 3.2642512
265.9486 90.0 2.9549844
264.0585 90.0 2.9339833
263.5186 90.0 2.9279842
264.32852 90.0 2.9369836
262.9786 90.0 2.9219844
263.24872 90.0 2.924986
264.05853 90.0 2.9339836
266.7587 90.0 2.9639857
265.67865 90.0 2.9519851
264.59866 90.0 2.939985
267.2987 90.0 2.9699857
264.86862 90.0 2.9429848
265.4087 90.0 2.9489856
263.24872 90.0 2.9249856
267.56876 90.0 2.9729862
265.4086 90.0 2.9489844
263.7885 90.0 2.9309835
265.94864 90.0 2.954985
260.81873 90.0 2.897986
265.6787 90.0 2.9519856
265.13858 90.0 2.9459844
265.40875 90.0 2.948986
264.32855 90.0 2.9369838
264.59857 90.0 2.939984
263.78848 90.0 2.930983
266.75864 90.0 2.963985
260.54855 90.0 2.894984
262.7085 90.0 2.9189835
265.6786 90.0 2.9519842
265.13843 90.0 2.9459825
265.67862 90.0 2.9519846
265.13867 90.0 2.945985
265.40875 90.0 2.9489863
264.86856 90.0 2.9429839
267.56882 90.0 2.9729867
265.40854 90.0 2.948984
264.3289 90.0 2.9369876
265.1387 90.0 2.9459856
264.3287 90.0 2.9369857
265.4086 90.0 2.9489844
264.86862 90.0 2.9429848
