127.43998 1.0 127.43998
128.51999 1.0 128.51999
127.43999 1.0 127.43999
128.24998 1.0 128.24998
127.709984 1.0 127.709984
128.79 1.0 128.79
126.08999 1.0 126.08999
129.87 1.0 129.87
127.71001 1.0 127.71001
127.17 1.0 127.17
125.81999 1.0 125.81999
125.27999 1.0 125.27999
128.25 1.0 128.25
127.170006 1.0 127.170006
125.54997 1.0 125.54997
127.17 1.0 127.17
127.43999 1.0 127.43999
129.6 1.0 129.6
128.24998 1.0 128.24998
126.08999 1.0 126.08999
126.08998 1.0 126.08998
128.24998 1.0 128.24998
126.62999 1.0 126.62999
127.979996 1.0 127.979996
127.17 1.0 127.17
127.979996 1.0 127.979996
128.51999 1.0 128.51999
128.25 1.0 128.25
126.630005 1.0 126.630005
127.44 1.0 127.44
127.43999 1.0 127.43999
125.27999 1.0 125.27999
127.709984 1.0 127.709984
126.62999 1.0 126.62999
128.25 1.0 128.25
129.32999 1.0 129.32999
126.08999 1.0 126.08999
125.81999 1.0 125.81999
126.36 1.0 126.36
128.79 1.0 128.79
125.54999 1.0 125.54999
258.66003 2.0 129.33002
255.96005 2.0 127.98003
256.50006 2.0 128.25003
254.34001 2.0 127.170006
255.69003 2.0 127.84502
255.42004 2.0 127.71002
252.18002 2.0 126.09001
257.31 2.0 128.655
254.61006 2.0 127.30503
255.42004 2.0 127.71002
257.31 2.0 128.655
256.50006 2.0 128.25003
254.07004 2.0 127.03502
254.34004 2.0 127.17002
255.96004 2.0 127.98002
255.96004 2.0 127.98002
254.07002 2.0 127.03501
256.23007 2.0 128.11504
257.58005 2.0 128.79002
253.26001 2.0 126.630005
254.06999 2.0 127.034996
255.15002 2.0 127.57501
256.50006 2.0 128.25003
257.58002 2.0 128.79001
252.45 2.0 126.225
256.50003 2.0 128.25002
255.6901 2.0 127.84505
254.34004 2.0 127.17002
253.53008 2.0 126.76504
256.23004 2.0 128.11502
255.69002 2.0 127.84501
256.77002 2.0 128.38501
257.04007 2.0 128.52003
255.15007 2.0 127.575035
255.96004 2.0 127.98002
254.88004 2.0 127.44002
253.53003 2.0 126.765015
254.34006 2.0 127.17003
257.31003 2.0 128.65501
252.72002 2.0 126.36001
257.31003 2.0 128.65501
381.78015 3.0 127.26005
386.3702 3.0 128.79007
383.67014 3.0 127.890045
383.9402 3.0 127.980064
385.56012 3.0 128.52003
382.8601 3.0 127.62004
382.8601 3.0 127.62004
383.40012 3.0 127.80004
383.40005 3.0 127.80002
383.1301 3.0 127.71003
382.59015 3.0 127.530045
381.5102 3.0 127.17007
382.05017 3.0 127.35006
382.05008 3.0 127.35003
382.86008 3.0 127.620026
382.59012 3.0 127.53004
379.0802 3.0 126.36006
385.56015 3.0 128.52005
380.4301 3.0 126.81004
380.70007 3.0 126.900024
379.08002 3.0 126.36001
381.24008 3.0 127.080025
381.7801 3.0 127.260025
384.4802 3.0 128.16006
382.05014 3.0 127.350044
381.51007 3.0 127.17002
380.70007 3.0 126.900024
384.75012 3.0 128.25005
381.24017 3.0 127.080055
381.51013 3.0 127.170044
386.1001 3.0 128.70003
382.32013 3.0 127.44005
385.2901 3.0 128.43004
384.75012 3.0 128.25005
384.2101 3.0 128.07004
385.56015 3.0 128.52005
380.97018 3.0 126.99006
380.70013 3.0 126.90005
385.02008 3.0 128.34003
380.70013 3.0 126.90005
385.02008 3.0 128.34003
511.38013 4.0 127.84503
502.47012 4.0 125.61753
503.82016 4.0 125.95504
507.33017 4.0 126.83254
506.52002 4.0 126.630005
507.87006 4.0 126.967514
508.68018 4.0 127.170044
507.06006 4.0 126.765015
508.41006 4.0 127.102516
508.41016 4.0 127.10254
511.1101 4.0 127.77753
508.4101 4.0 127.10252
505.98007 4.0 126.49502
506.79013 4.0 126.69753
508.9501 4.0 127.237526
508.9501 4.0 127.237526
509.48993 4.0 127.37248
509.76016 4.0 127.44004
508.13998 4.0 127.034996
511.92007 4.0 127.98002
509.22012 4.0 127.30503
508.68002 4.0 127.170006
510.0301 4.0 127.50752
509.76007 4.0 127.44002
504.9002 4.0 126.22505
508.9501 4.0 127.237526
505.44003 4.0 126.36001
511.38004 4.0 127.84501
510.0301 4.0 127.50752
507.33017 4.0 126.83254
508.68 4.0 127.17
511.1101 4.0 127.77753
510.57007 4.0 127.64252
510.57007 4.0 127.64252
509.7601 4.0 127.440025
508.68018 4.0 127.170044
509.49008 4.0 127.37252
508.4101 4.0 127.10252
511.6501 4.0 127.91252
509.22003 4.0 127.30501
510.57007 4.0 127.64252
418.2301 5.0 83.64602
455.49008 5.0 91.098015
424.71005 5.0 84.94201
359.64 5.0 71.928
338.58008 5.0 67.71602
351.00006 5.0 70.20001
359.91003 5.0 71.98201
432.27014 5.0 86.454025
407.16 5.0 81.432
392.31006 5.0 78.46201
346.9501 5.0 69.39002
402.84 5.0 80.568
352.62 5.0 70.524
377.46002 5.0 75.492004
341.55002 5.0 68.310005
326.97006 5.0 65.39401
304.29 5.0 60.858
336.69006 5.0 67.33801
399.06006 5.0 79.81201
390.9601 5.0 78.192024
371.79004 5.0 74.35801
382.86005 5.0 76.57201
417.42 5.0 83.484
391.77008 5.0 78.35402
355.05008 5.0 71.01002
380.1601 5.0 76.03202
372.33002 5.0 74.466
328.59003 5.0 65.718
365.04004 5.0 73.00801
334.5301 5.0 66.90602
389.34003 5.0 77.868004
441.9901 5.0 88.398026
369.63007 5.0 73.92601
373.95004 5.0 74.79001
348.84003 5.0 69.768005
403.11 5.0 80.621994
433.08014 5.0 86.61603
401.22006 5.0 80.24401
370.9801 5.0 74.19602
330.21002 5.0 66.04201
420.66016 5.0 84.132034
393.12012 6.0 65.52002
345.6001 6.0 57.600014
367.47012 6.0 61.24502
377.46008 6.0 62.91001
382.05005 6.0 63.67501
352.08017 6.0 58.680027
324.81003 6.0 54.135006
387.72015 6.0 64.620026
387.72006 6.0 64.62001
406.3501 6.0 67.72501
347.22 6.0 57.87
311.58005 6.0 51.930008
319.68005 6.0 53.28001
352.62003 6.0 58.770004
386.64008 6.0 64.44001
365.04007 6.0 60.84001
368.82007 6.0 61.470013
369.36005 6.0 61.56001
356.1301 6.0 59.355015
358.28995 6.0 59.714993
368.55017 6.0 61.425026
403.9201 6.0 67.320015
401.22006 6.0 66.87001
367.2 6.0 61.200005
373.40997 6.0 62.234997
379.89008 6.0 63.315014
374.2201 6.0 62.370014
344.7901 6.0 57.465015
308.07007 6.0 51.34501
316.16998 6.0 52.695
386.10004 6.0 64.350006
376.11002 6.0 62.685
380.43008 6.0 63.405014
378.27014 6.0 63.04502
353.42996 6.0 58.904995
385.83008 6.0 64.305016
386.37018 6.0 64.39503
369.9001 6.0 61.650013
390.9601 6.0 65.16002
376.1101 6.0 62.685017
444.96002 6.0 74.16
386.10004 7.0 55.157146
419.8501 7.0 59.978584
337.5 7.0 48.214287
461.97003 7.0 65.99572
426.87012 7.0 60.981445
404.46008 7.0 57.78001
379.35004 7.0 54.192863
358.02005 7.0 51.14572
380.9701 7.0 54.424297
368.82 7.0 52.688572
342.09003 7.0 48.870003
390.96008 7.0 55.85144
329.94006 7.0 47.134296
332.1 7.0 47.44286
377.73007 7.0 53.961437
366.39008 7.0 52.34144
336.15002 7.0 48.02143
379.62 7.0 54.23143
378.80994 7.0 54.115704
413.64014 7.0 59.09145
369.89996 7.0 52.842854
381.51 7.0 54.50143
311.58005 7.0 44.511436
325.6201 7.0 46.517155
351.00006 7.0 50.142864
392.85 7.0 56.12143
392.58005 7.0 56.082863
405.81003 7.0 57.972862
415.26 7.0 59.322857
412.83008 7.0 58.975727
434.7001 7.0 62.100014
412.0201 7.0 58.860016
422.82013 7.0 60.402874
389.61008 7.0 55.65858
358.56012 7.0 51.222874
431.46005 7.0 61.63715
443.07007 7.0 63.295723
411.48007 7.0 58.782867
403.64996 7.0 57.66428
399.0601 7.0 57.008583
338.31003 7.0 48.330006
368.2801 8.0 46.03501
393.38998 8.0 49.173748
393.39008 8.0 49.17376
356.66998 8.0 44.583748
349.3799 8.0 43.67249
401.2199 8.0 50.15249
391.23 8.0 48.90375
433.35004 8.0 54.168755
434.97003 8.0 54.371254
387.72006 8.0 48.465008
378.81003 8.0 47.351254
318.05994 8.0 39.757492
356.12994 8.0 44.516243
372.87 8.0 46.60875
426.33008 8.0 53.29126
397.71002 8.0 49.713753
424.71002 8.0 53.088753
385.56006 8.0 48.195007
373.41003 8.0 46.676254
356.4 8.0 44.55
348.30002 8.0 43.537502
369.89996 8.0 46.237495
340.74002 8.0 42.592503
356.39993 8.0 44.54999
343.17004 8.0 42.896255
344.25006 8.0 43.031258
332.64014 8.0 41.580017
333.45 8.0 41.68125
360.44998 8.0 45.056248
323.19006 8.0 40.398758
336.14996 8.0 42.018745
345.87006 8.0 43.233757
356.94012 8.0 44.617516
360.45 8.0 45.05625
388.5301 8.0 48.56626
434.69995 8.0 54.337494
453.06 8.0 56.6325
391.77008 8.0 48.97126
326.16003 8.0 40.770004
412.0201 8.0 51.502514
390.42004 8.0 48.802505
372.6 9.0 41.4
366.92996 9.0 40.769997
384.2099 9.0 42.689987
379.35004 9.0 42.150005
426.87012 9.0 47.43001
407.43 9.0 45.27
454.67987 9.0 50.519985
356.94006 9.0 39.660007
377.73004 9.0 41.970005
358.28998 9.0 39.809998
393.11996 9.0 43.679996
365.04016 9.0 40.560017
415.53003 9.0 46.170002
302.12997 9.0 33.569996
379.89 9.0 42.210003
458.72998 9.0 50.969997
344.51996 9.0 38.279995
400.94995 9.0 44.549995
375.0301 9.0 41.67001
360.9899 9.0 40.10999
314.54993 9.0 34.949993
304.02002 9.0 33.780003
437.13 9.0 48.57
389.07007 9.0 43.230007
276.74997 9.0 30.749998
317.79004 9.0 35.310005
303.47995 9.0 33.719994
362.34003 9.0 40.260002
364.50012 9.0 40.500015
404.73004 9.0 44.970005
422.28003 9.0 46.920002
354.78012 9.0 39.420013
353.15994 9.0 39.239994
384.48 9.0 42.72
367.74 9.0 40.86
319.13995 9.0 35.459995
347.76004 9.0 38.640003
375.5699 9.0 41.72999
365.8499 9.0 40.64999
387.17996 9.0 43.019997
403.37988 9.0 44.81999
379.35 10.0 37.935
413.64 10.0 41.364002
372.59985 10.0 37.259987
358.0199 10.0 35.80199
432.81003 10.0 43.281002
410.12997 10.0 41.012997
399.3299 10.0 39.93299
389.61002 10.0 38.961002
395.55005 10.0 39.555004
369.63007 10.0 36.963005
372.60007 10.0 37.260006
418.49988 10.0 41.849987
349.11 10.0 34.911
370.44003 10.0 37.044003
330.74994 10.0 33.074993
373.14 10.0 37.314003
383.93994 10.0 38.393993
365.30994 10.0 36.530994
369.62994 10.0 36.962994
431.46 10.0 43.146
331.02002 10.0 33.102
351.00006 10.0 35.100006
358.5599 10.0 35.85599
422.55002 10.0 42.255
361.53 10.0 36.153
359.36996 10.0 35.936996
413.90994 10.0 41.390995
366.39 10.0 36.639
320.76 10.0 32.076
389.88004 10.0 38.988003
353.70007 10.0 35.370007
373.40997 10.0 37.340996
362.07007 10.0 36.20701
396.89987 10.0 39.689987
364.22998 10.0 36.422997
346.14 10.0 34.614002
371.52008 10.0 37.152008
401.22006 10.0 40.122005
349.3799 10.0 34.937992
332.09998 10.0 33.21
401.7601 10.0 40.17601
365.31 11.0 33.21
340.46997 11.0 30.951815
403.91992 11.0 36.719994
345.8699 11.0 31.442719
402.83997 11.0 36.621815
353.42987 11.0 32.12999
369.35995 11.0 33.57818
361.25986 11.0 32.841805
343.4401 11.0 31.221827
374.48993 11.0 34.04454
380.69998 11.0 34.60909
358.8299 11.0 32.6209
432.54004 11.0 39.321823
419.85 11.0 38.168182
391.23 11.0 35.566364
397.1699 11.0 36.106354
369.89996 11.0 33.62727
397.70993 11.0 36.15545
341.54996 11.0 31.049995
360.17996 11.0 32.743633
356.39996 11.0 32.399998
360.18008 11.0 32.743645
319.94998 11.0 29.08636
366.39008 11.0 33.30819
359.63995 11.0 32.694542
356.66992 11.0 32.424538
341.27988 11.0 31.025444
340.19992 11.0 30.927265
403.6499 11.0 36.695446
352.34988 11.0 32.031807
429.84 11.0 39.076363
359.10004 11.0 32.64546
347.75998 11.0 31.614544
330.74997 11.0 30.06818
386.63995 11.0 35.149086
389.60995 11.0 35.419086
365.04004 11.0 33.18546
346.6799 11.0 31.516354
365.57996 11.0 33.234543
365.84985 11.0 33.25908
338.30994 11.0 30.75545
387.9898 12.0 32.332485
388.52997 12.0 32.3775
355.05 12.0 29.5875
345.06 12.0 28.755
367.2001 12.0 30.600008
368.8198 12.0 30.734983
373.95004 12.0 31.162504
392.0399 12.0 32.66999
390.68988 12.0 32.55749
420.9299 12.0 35.07749
405.27008 12.0 33.772507
370.9799 12.0 30.914991
342.62988 12.0 28.55249
340.19995 12.0 28.349995
338.03995 12.0 28.169996
401.49005 12.0 33.457504
342.90002 12.0 28.575003
392.57983 12.0 32.714985
415.52997 12.0 34.6275
322.11 12.0 26.842499
355.86002 12.0 29.655
406.3499 12.0 33.86249
419.85004 12.0 34.987503
377.73004 12.0 31.477503
350.7298 12.0 29.227484
390.95993 12.0 32.579994
414.1799 12.0 34.51499
363.1499 12.0 30.262491
350.19 12.0 29.182499
346.40997 12.0 28.867498
339.65997 12.0 28.304998
383.6699 12.0 31.97249
433.0799 12.0 36.089993
337.2299 12.0 28.102491
365.03983 12.0 30.419985
389.07 12.0 32.4225
361.52988 12.0 30.12749
422.01007 12.0 35.167507
364.77002 12.0 30.397503
372.5999 12.0 31.049992
374.48993 12.0 31.207493
358.01996 13.0 27.539997
377.72992 13.0 29.056149
365.84998 13.0 28.142305
380.15988 13.0 29.243069
393.65997 13.0 30.281536
374.75992 13.0 28.827686
368.2799 13.0 28.329224
365.58008 13.0 28.121544
343.43988 13.0 26.418453
384.2099 13.0 29.554607
412.02002 13.0 31.693848
319.13998 13.0 24.549229
357.20993 13.0 27.477688
413.09998 13.0 31.776922
333.72003 13.0 25.670773
354.77988 13.0 27.29076
390.41992 13.0 30.032303
361.52994 13.0 27.809996
341.28 13.0 26.252308
344.78992 13.0 26.5223
342.08997 13.0 26.314613
364.50003 13.0 28.038464
384.74997 13.0 29.596151
341.0099 13.0 26.23153
414.9899 13.0 31.9223
403.10974 13.0 31.008442
403.64987 13.0 31.04999
321.83994 13.0 24.756918
393.11993 13.0 30.239996
413.63992 13.0 31.818457
392.03995 13.0 30.15692
387.44983 13.0 29.803833
351.80997 13.0 27.062305
390.41992 13.0 30.032303
417.6899 13.0 32.129993
393.11987 13.0 30.23999
342.62988 13.0 26.356144
331.0199 13.0 25.463068
369.08984 13.0 28.391525
387.71994 13.0 29.82461
395.55 13.0 30.426922
379.88983 14.0 27.134989
325.61993 14.0 23.258566
377.18985 14.0 26.942133
407.42993 14.0 29.102139
331.28992 14.0 23.663567
296.99994 14.0 21.214281
398.78992 14.0 28.484995
351.80988 14.0 25.129276
385.55978 14.0 27.539984
373.67996 14.0 26.691425
384.48 14.0 27.462858
351.53992 14.0 25.109995
293.76 14.0 20.982857
347.49 14.0 24.820713
375.02997 14.0 26.787855
369.3599 14.0 26.382849
337.49994 14.0 24.107138
335.33997 14.0 23.952854
305.64 14.0 21.83143
380.96997 14.0 27.212141
373.41 14.0 26.672144
385.28986 14.0 27.520704
362.61002 14.0 25.900715
343.44 14.0 24.53143
328.04993 14.0 23.432137
363.95996 14.0 25.997139
367.73993 14.0 26.267138
322.64996 14.0 23.046425
363.95996 14.0 25.99714
376.65002 14.0 26.903574
414.1799 14.0 29.584278
416.8801 14.0 29.77715
337.22995 14.0 24.087854
351.80994 14.0 25.129282
383.66986 14.0 27.40499
360.98996 14.0 25.784998
405.53986 14.0 28.967133
337.2298 14.0 24.087843
349.64987 14.0 24.97499
319.94995 14.0 22.853567
380.15985 14.0 27.154274
345.05975 15.000001 23.003983
332.36987 15.000001 22.15799
354.77988 15.000001 23.65199
366.12 15.000001 24.407997
370.71 15.000001 24.713999
377.99997 15.000001 25.199997
391.22995 15.000001 26.081995
354.23987 15.000001 23.61599
376.9199 15.000001 25.12799
398.25 15.000001 26.55
392.57996 15.000001 26.171995
454.68 15.000001 30.311998
389.06995 15.000001 25.937994
352.34988 15.000001 23.48999
320.75995 15.000001 21.383995
371.24988 15.000001 24.74999
378.26996 15.000001 25.217997
351.0 15.000001 23.399998
376.37988 15.000001 25.091991
408.77994 15.000001 27.251993
336.6899 15.000001 22.445993
353.6999 15.000001 23.57999
394.74 15.000001 26.315998
345.05988 15.000001 23.00399
339.65988 15.000001 22.643991
380.97 15.000001 25.397999
356.6699 15.000001 23.777992
358.28992 15.000001 23.885994
394.74002 15.000001 26.316
345.8699 15.000001 23.057993
373.4099 15.000001 24.893993
363.96002 15.000001 24.264
346.40985 15.000001 23.093988
371.51987 15.000001 24.76799
392.57983 15.000001 26.171988
336.95978 15.000001 22.463984
363.68988 15.000001 24.24599
338.8499 15.000001 22.589993
380.15985 15.000001 25.343988
349.91983 15.000001 23.327988
390.95975 15.000001 26.063982
324.80988 16.0 20.300617
347.2199 16.0 21.701244
362.87997 16.0 22.679998
366.92978 16.0 22.933111
339.11993 16.0 21.194996
348.83997 16.0 21.802498
370.97986 16.0 23.186241
386.6398 16.0 24.164988
349.3799 16.0 21.836245
356.39996 16.0 22.274998
337.22992 16.0 21.07687
318.05988 16.0 19.878742
344.78998 16.0 21.549374
320.4899 16.0 20.030619
406.62006 16.0 25.413754
384.47995 16.0 24.029997
363.69006 16.0 22.730629
331.55975 16.0 20.722485
338.03998 16.0 21.127499
373.94992 16.0 23.37187
337.7699 16.0 21.110619
380.96985 16.0 23.810616
365.57993 16.0 22.848745
387.98987 16.0 24.249367
342.35992 16.0 21.397495
349.10983 16.0 21.819365
303.4799 16.0 18.967493
346.13995 16.0 21.633747
403.6498 16.0 25.228113
344.24994 16.0 21.515621
360.98987 16.0 22.561867
384.74988 16.0 24.046867
364.76984 16.0 22.798115
435.23984 16.0 27.20249
335.0699 16.0 20.941868
413.90997 16.0 25.869373
400.67996 16.0 25.042498
313.4699 16.0 19.59187
333.7199 16.0 20.857494
397.16998 16.0 24.823124
360.72 16.0 22.545
341.54974 17.0 20.091162
376.3798 17.0 22.139988
375.8398 17.0 22.108225
372.86993 17.0 21.933525
364.7699 17.0 21.457052
345.05988 17.0 20.29764
386.10004 17.0 22.711767
363.14993 17.0 21.361761
358.01996 17.0 21.059998
378.26978 17.0 22.251163
333.17996 17.0 19.598822
373.40985 17.0 21.965286
325.07993 17.0 19.122349
364.22983 17.0 21.425283
325.6199 17.0 19.154112
366.92987 17.0 21.58411
359.36993 17.0 21.139408
363.9599 17.0 21.409407
347.48993 17.0 20.440584
350.72977 17.0 20.631163
321.56982 17.0 18.915873
329.66986 17.0 19.392345
407.96994 17.0 23.998232
374.21985 17.0 22.012932
315.0899 17.0 18.5347
361.25983 17.0 21.250578
380.42987 17.0 22.378227
357.74982 17.0 21.044107
348.56998 17.0 20.504116
395.2799 17.0 23.251759
350.9998 17.0 20.647047
365.5799 17.0 21.5047
333.17993 17.0 19.59882
363.14993 17.0 21.361761
323.46002 17.0 19.02706
362.33987 17.0 21.31411
322.6498 17.0 18.9794
365.84982 17.0 21.520578
332.36987 17.0 19.551168
391.49982 17.0 23.029402
323.99988 17.0 19.058817
356.12982 18.0 19.78499
341.00983 18.0 18.94499
345.87 18.0 19.215
294.03003 18.0 16.335001
362.6098 18.0 20.144989
287.0099 18.0 15.944994
349.37982 18.0 19.40999
347.2199 18.0 19.289995
398.5199 18.0 22.139994
329.12982 18.0 18.28499
374.21994 18.0 20.789997
360.7199 18.0 20.039995
322.64978 18.0 17.924988
352.3499 18.0 19.574995
375.02985 18.0 20.834991
295.91983 18.0 16.439991
364.76978 18.0 20.264988
350.99982 18.0 19.49999
338.0398 18.0 18.77999
374.7599 18.0 20.819994
353.69983 18.0 19.64999
361.52994 18.0 20.084997
336.41974 18.0 18.689985
369.3599 18.0 20.519995
343.70993 18.0 19.094995
326.15994 18.0 18.119997
356.12982 18.0 19.78499
325.34985 18.0 18.074991
333.71985 18.0 18.539991
356.66992 18.0 19.814995
352.88986 18.0 19.604992
315.62985 18.0 17.534992
362.33997 18.0 20.129997
303.75 18.0 16.875
392.3099 18.0 21.794994
374.2201 18.0 20.790005
339.3899 18.0 18.854994
363.68994 18.0 20.204996
348.5698 18.0 19.364988
381.77988 18.0 21.209993
354.50977 18.0 19.694986
351.5399 19.0 18.5021
347.76 19.0 18.303158
319.40985 19.0 16.811045
335.60983 19.0 17.663675
341.0099 19.0 17.94789
334.79984 19.0 17.621044
335.0698 19.0 17.635252
352.07977 19.0 18.530514
378.53983 19.0 19.92315
339.38992 19.0 17.862627
355.31992 19.0 18.701048
320.4899 19.0 16.86789
331.28986 19.0 17.436308
349.91998 19.0 18.416842
379.07986 19.0 19.951572
375.5701 19.0 19.766848
308.33994 19.0 16.228418
367.73996 19.0 19.354734
379.88998 19.0 19.99421
372.5998 19.0 19.610516
367.1998 19.0 19.326305
352.0798 19.0 18.530516
362.60986 19.0 19.08473
350.72974 19.0 18.45946
358.01987 19.0 18.843151
368.27985 19.0 19.38315
372.87 19.0 19.624737
358.0198 19.0 18.843147
348.83984 19.0 18.359991
322.6499 19.0 16.981573
361.2599 19.0 19.013678
320.4899 19.0 16.86789
358.01978 19.0 18.843145
361.25983 19.0 19.013676
378.53992 19.0 19.923153
386.90985 19.0 20.363676
356.9398 19.0 18.786304
357.74985 19.0 18.82894
314.2797 19.0 16.541037
325.61975 19.0 17.137882
316.9798 19.0 16.683147
363.95993 20.0 18.197996
327.50992 20.0 16.375496
332.63977 20.0 16.631989
334.5297 20.0 16.726484
368.81982 20.0 18.44099
345.5999 20.0 17.279995
347.75986 20.0 17.387993
385.0198 20.0 19.25099
368.54977 20.0 18.427488
359.9098 20.0 17.99549
360.71976 20.0 18.035988
325.88992 20.0 16.294497
312.3899 20.0 15.619494
398.24988 20.0 19.912495
329.1298 20.0 16.45649
338.84985 20.0 16.942493
369.89978 20.0 18.49499
359.63992 20.0 17.981997
342.8998 20.0 17.14499
342.8998 20.0 17.14499
328.04987 20.0 16.402493
323.72992 20.0 16.186497
363.95996 20.0 18.197998
387.98987 20.0 19.399494
359.36975 20.0 17.968487
344.7899 20.0 17.239494
332.36993 20.0 16.618496
325.6198 20.0 16.28099
396.63 20.0 19.831501
348.8397 20.0 17.441984
357.20984 20.0 17.860493
361.7999 20.0 18.089994
368.0099 20.0 18.400494
360.17993 20.0 18.008997
344.7899 20.0 17.239494
323.45984 20.0 16.172993
365.57986 20.0 18.278994
343.43994 20.0 17.171997
338.57983 20.0 16.928991
365.84988 20.0 18.292494
346.6798 20.0 17.33399
350.18988 21.0 16.675709
336.41986 21.0 16.019993
343.9797 21.0 16.379986
370.97983 21.0 17.665707
340.73984 21.0 16.225706
329.13004 21.0 15.672858
356.39993 21.0 16.971426
291.86987 21.0 13.898565
346.6797 21.0 16.508556
318.59995 21.0 15.171426
316.16986 21.0 15.055708
330.2099 21.0 15.724281
362.87982 21.0 17.279991
335.0698 21.0 15.955705
341.00983 21.0 16.238564
368.00977 21.0 17.524275
338.57974 21.0 16.122845
362.06982 21.0 17.24142
338.30978 21.0 16.10999
348.29977 21.0 16.585703
358.8299 21.0 17.087137
358.5599 21.0 17.074282
355.58984 21.0 16.93285
364.7701 21.0 17.370005
357.47977 21.0 17.022846
350.72977 21.0 16.701418
335.06982 21.0 15.955706
361.52994 21.0 17.215712
370.70972 21.0 17.652843
367.46976 21.0 17.49856
344.5198 21.0 16.405704
373.94974 21.0 17.80713
371.24985 21.0 17.678564
342.08984 21.0 16.289993
357.74985 21.0 17.035707
331.01978 21.0 15.762846
359.0999 21.0 17.099997
382.04965 21.0 18.19284
386.36987 21.0 18.398565
343.16995 21.0 16.341427
341.5499 21.0 16.26428
354.77988 22.0 16.126358
395.54993 22.0 17.979542
355.58966 22.0 16.163166
366.11996 22.0 16.641817
354.50983 22.0 16.114082
391.4997 22.0 17.79544
287.5499 22.0 13.07045
339.11978 22.0 15.4145355
341.27988 22.0 15.512722
323.7299 22.0 14.714995
364.49985 22.0 16.568174
359.09973 22.0 16.322716
358.2898 22.0 16.2859
334.79984 22.0 15.218174
363.95972 22.0 16.543623
308.60992 22.0 14.027723
358.83 22.0 16.310453
372.32983 22.0 16.924084
351.26984 22.0 15.966811
339.38992 22.0 15.426814
331.02002 22.0 15.046365
308.87982 22.0 14.039992
357.4799 22.0 16.249086
347.4898 22.0 15.794991
344.24985 22.0 15.64772
311.3098 22.0 14.150446
345.5997 22.0 15.709078
361.25974 22.0 16.420897
360.9897 22.0 16.408623
305.36984 22.0 13.880447
338.57968 22.0 15.389986
349.91974 22.0 15.905442
309.41995 22.0 14.064544
347.4899 22.0 15.794995
315.89975 22.0 14.359079
336.14978 22.0 15.279535
344.24982 22.0 15.647718
373.9499 22.0 16.997723
398.24985 22.0 18.102266
344.78973 22.0 15.672261
342.89984 22.0 15.586356
363.41974 23.0 15.8008585
324.27005 23.0 14.098698
287.00983 23.0 12.478688
340.46982 23.0 14.803036
375.57 23.0 16.32913
349.64957 23.0 15.202155
373.6797 23.0 16.246943
326.42984 23.0 14.192602
321.02982 23.0 13.957818
344.2498 23.0 14.967382
330.20984 23.0 14.356949
365.5798 23.0 15.894774
375.29977 23.0 16.31738
339.9298 23.0 14.779556
348.29984 23.0 15.143471
301.31976 23.0 13.10086
349.9199 23.0 15.213908
313.7398 23.0 13.640861
355.0499 23.0 15.436952
355.85986 23.0 15.472168
359.91 23.0 15.648261
362.60974 23.0 15.76564
366.6599 23.0 15.941735
326.42996 23.0 14.192607
321.02982 23.0 13.957818
355.04984 23.0 15.436949
345.86984 23.0 15.03782
341.27975 23.0 14.83825
341.54987 23.0 14.849995
297.80975 23.0 12.948251
361.2598 23.0 15.706947
323.72968 23.0 14.075203
356.39975 23.0 15.495642
393.3898 23.0 17.103905
315.35992 23.0 13.711301
396.89984 23.0 17.256516
326.96973 23.0 14.216075
319.94983 23.0 13.910862
346.9497 23.0 15.08477
349.37985 23.0 15.190428
304.82983 23.0 13.253471
322.1097 24.0 13.421238
337.7699 24.0 14.073746
362.8798 24.0 15.119991
307.5298 24.0 12.813742
298.8897 24.0 12.453738
356.12988 24.0 14.838745
351.2696 24.0 14.636233
330.74976 24.0 13.78124
329.3997 24.0 13.724987
304.8297 24.0 12.701238
379.8897 24.0 15.828737
341.5498 24.0 14.231241
312.38986 24.0 13.016244
359.90985 24.0 14.9962435
331.55978 24.0 13.814991
330.74985 24.0 13.781243
335.87976 24.0 13.99499
349.10974 24.0 14.54624
366.3897 24.0 15.266237
306.9898 24.0 12.791243
320.21982 24.0 13.342492
342.89972 24.0 14.287488
334.25983 24.0 13.927493
339.38974 24.0 14.141239
364.49988 24.0 15.187494
363.9598 24.0 15.164992
383.9397 24.0 15.997487
345.06 24.0 14.3775
350.9999 24.0 14.624996
342.09 24.0 14.25375
366.92993 24.0 15.288747
308.33984 24.0 12.847494
338.03992 24.0 14.084996
352.07993 24.0 14.669997
307.52982 24.0 12.813743
312.92987 24.0 13.038744
296.99994 24.0 12.374998
328.58978 24.0 13.69124
358.55975 24.0 14.939989
313.1998 24.0 13.049992
323.45978 24.0 13.477491
366.65982 25.0 14.666392
322.3797 25.0 12.895188
363.6897 25.0 14.547588
329.93967 25.0 13.197587
343.70984 25.0 13.748394
344.78995 25.0 13.791597
340.1997 25.0 13.607988
331.55978 25.0 13.262391
339.65976 25.0 13.5863905
329.9398 25.0 13.197592
345.86972 25.0 13.834789
311.03976 25.0 12.44159
337.7698 25.0 13.510792
367.46976 25.0 14.698791
357.74976 25.0 14.30999
342.89975 25.0 13.71599
344.24985 25.0 13.769994
333.98975 25.0 13.35959
340.73972 25.0 13.629589
320.21976 25.0 12.80879
339.11966 25.0 13.564787
378.5399 25.0 15.141596
333.4498 25.0 13.337992
348.56976 25.0 13.942791
325.61984 25.0 13.024794
322.10986 25.0 12.884395
328.04984 25.0 13.121993
351.80994 25.0 14.072397
358.01996 25.0 14.320799
332.09973 25.0 13.283989
339.65973 25.0 13.586389
331.01987 25.0 13.240794
340.19977 25.0 13.607991
368.54984 25.0 14.741993
294.0298 25.0 11.761191
355.31982 25.0 14.212792
336.14987 25.0 13.445994
354.7798 25.0 14.191192
351.00006 25.0 14.040002
336.14996 25.0 13.445998
329.6699 25.0 13.186795
362.06982 26.0 13.925762
328.85992 26.0 12.6484585
329.9398 26.0 12.689992
376.3798 26.0 14.476146
325.0798 26.0 12.503069
313.1999 26.0 12.046149
361.25998 26.0 13.894614
342.08972 26.0 13.157297
361.7998 26.0 13.915377
318.3297 26.0 12.24345
343.97983 26.0 13.229994
301.31964 26.0 11.589217
329.3998 26.0 12.669224
305.09982 26.0 11.734609
338.57983 26.0 13.022302
337.76987 26.0 12.991149
344.24982 26.0 13.240377
304.5598 26.0 11.71384
342.8996 26.0 13.188446
347.48975 26.0 13.36499
364.76984 26.0 14.029609
315.62985 26.0 12.139609
295.3798 26.0 11.360762
352.34976 26.0 13.551914
320.48978 26.0 12.3265295
369.35974 26.0 14.206144
292.67987 26.0 11.256918
309.6898 26.0 11.911145
342.89984 26.0 13.188456
306.17987 26.0 11.776149
355.58978 26.0 13.67653
315.35977 26.0 12.129222
339.11987 26.0 13.043072
333.1798 26.0 12.814608
347.75983 26.0 13.375378
338.30988 26.0 13.011918
336.14972 26.0 12.928836
354.50977 26.0 13.634991
313.46976 26.0 12.056529
304.01968 26.0 11.693065
307.7999 26.0 11.838457
353.15985 27.000002 13.079993
342.62982 27.000002 12.689992
312.38995 27.000002 11.569998
357.47983 27.000002 13.239992
348.2999 27.000002 12.899995
355.04968 27.000002 13.149987
315.08984 27.000002 11.669993
306.17984 27.000002 11.3399935
308.0698 27.000002 11.409991
311.3098 27.000002 11.529992
351.80966 27.000002 13.029986
330.20972 27.000002 12.229989
318.59973 27.000002 11.799989
305.6399 27.000002 11.319995
325.6199 27.000002 12.059996
306.17978 27.000002 11.339992
331.5597 27.000002 12.279988
322.91995 27.000002 11.959997
342.35986 27.000002 12.679995
336.68985 27.000002 12.469994
279.71973 27.000002 10.359989
340.19974 27.000002 12.599989
272.42987 27.000002 10.089994
337.4998 27.000002 12.499991
346.40967 27.000002 12.829987
311.5799 27.000002 11.539995
315.89975 27.000002 11.69999
304.8298 27.000002 11.289992
328.58975 27.000002 12.16999
314.81973 27.000002 11.659989
347.21985 27.000002 12.859993
288.89987 27.000002 10.699994
316.70984 27.000002 11.729993
303.7498 27.000002 11.249991
321.83984 27.000002 11.919993
297.80984 27.000002 11.029993
300.50992 27.000002 11.129996
312.3897 27.000002 11.569988
311.30988 27.000002 11.529994
316.1698 27.000002 11.709991
348.0299 27.000002 12.889996
306.1798 28.0 10.934993
333.71967 28.0 11.91856
337.7697 28.0 12.063204
368.54974 28.0 13.162491
308.60974 28.0 11.021776
304.28986 28.0 10.867495
316.70972 28.0 11.311061
372.0597 28.0 13.287847
327.23965 28.0 11.687131
350.18988 28.0 12.506782
329.94 28.0 11.783571
328.85977 28.0 11.744992
291.86972 28.0 10.423919
275.12973 28.0 9.826062
318.59982 28.0 11.378565
334.79974 28.0 11.957133
294.02975 28.0 10.501062
322.91983 28.0 11.532851
311.03973 28.0 11.108562
321.29974 28.0 11.474991
341.5496 28.0 12.198199
349.3797 28.0 12.477846
327.50967 28.0 11.6967745
295.10986 28.0 10.539638
360.17975 28.0 12.863563
343.97983 28.0 12.284994
330.74988 28.0 11.812495
297.53973 28.0 10.626419
321.5698 28.0 11.484635
338.30972 28.0 12.08249
317.51974 28.0 11.339991
323.99994 28.0 11.571426
315.08984 28.0 11.253209
354.5098 28.0 12.661064
341.81955 28.0 12.207841
304.0198 28.0 10.85785
332.09988 28.0 11.86071
303.2099 28.0 10.828925
313.7398 28.0 11.204993
317.7898 28.0 11.349635
324.80988 28.0 11.600353
340.19986 29.0 11.7310295
299.69986 29.0 10.334478
332.63983 29.0 11.470339
318.32986 29.0 10.9768915
339.65982 29.0 11.712407
328.86 29.0 11.339999
324.53976 29.0 11.191027
332.90994 29.0 11.479653
353.15976 29.0 12.177923
317.51974 29.0 10.9489565
341.0098 29.0 11.758959
329.93967 29.0 11.37723
331.82974 29.0 11.442405
299.1597 29.0 10.315852
317.7898 29.0 10.958269
343.7098 29.0 11.852062
326.15982 29.0 11.24689
322.3797 29.0 11.116541
321.0298 29.0 11.069993
321.56964 29.0 11.088608
310.22977 29.0 10.697578
360.98975 29.0 12.447923
315.35992 29.0 10.87448
333.44983 29.0 11.49827
317.51968 29.0 10.948955
342.08975 29.0 11.796198
323.1897 29.0 11.144472
352.07956 29.0 12.140675
303.47958 29.0 10.464813
325.07974 29.0 11.209646
304.2898 29.0 10.492751
345.3298 29.0 11.907925
289.9797 29.0 9.9993
313.1998 29.0 10.799993
356.12985 29.0 12.280339
343.1699 29.0 11.833445
306.7198 29.0 10.576545
317.78983 29.0 10.95827
312.65967 29.0 10.781368
302.9399 29.0 10.446204
313.4697 29.0 10.809299
338.0398 30.000002 11.267992
349.6497 30.000002 11.654989
306.7199 30.000002 10.223996
317.5198 30.000002 10.583993
318.32965 30.000002 10.610988
314.27985 30.000002 10.475994
328.3198 30.000002 10.943993
342.35977 30.000002 11.411992
305.90982 30.000002 10.196994
339.38977 30.000002 11.312991
306.4497 30.000002 10.21499
327.50974 30.000002 10.91699
296.72977 30.000002 9.890991
314.2798 30.000002 10.475992
315.89963 30.000002 10.529987
320.75977 30.000002 10.691992
295.64987 30.000002 9.854995
337.76984 30.000002 11.258994
287.00974 30.000002 9.566991
374.21973 30.000002 12.47399
323.45993 30.000002 10.781997
358.55975 30.000002 11.951991
294.83972 30.000002 9.827991
334.5298 30.000002 11.150992
307.2598 30.000002 10.241993
294.02972 30.000002 9.80099
329.66968 30.000002 10.988989
337.76978 30.000002 11.258992
308.33972 30.000002 10.27799
323.18976 30.000002 10.772991
298.88986 30.000002 9.962995
294.56967 30.000002 9.818989
330.7497 30.000002 11.024989
299.6998 30.000002 9.989993
344.2498 30.000002 11.474992
319.9497 30.000002 10.664989
320.2198 30.000002 10.673992
294.83978 30.000002 9.827992
318.32983 30.000002 10.610993
320.7597 30.000002 10.69199
315.8998 30.000002 10.529993
320.4898 31.0 10.338381
319.9498 31.0 10.320961
351.26978 31.0 11.331284
301.58987 31.0 9.728705
318.32974 31.0 10.268702
274.04993 31.0 8.840321
328.3198 31.0 10.590961
323.99957 31.0 10.451599
310.2296 31.0 10.007407
274.85977 31.0 8.866445
307.52988 31.0 9.920319
290.5197 31.0 9.371604
336.14975 31.0 10.84354
373.67957 31.0 12.054179
309.14972 31.0 9.972571
338.0399 31.0 10.904512
294.8398 31.0 9.510962
337.7698 31.0 10.895801
317.78967 31.0 10.25128
315.3598 31.0 10.172896
286.46976 31.0 9.24096
337.4997 31.0 10.887087
295.10983 31.0 9.519672
341.81976 31.0 11.026444
318.32974 31.0 10.268702
342.6298 31.0 11.052574
322.91977 31.0 10.416767
326.42984 31.0 10.529995
334.79974 31.0 10.799992
317.78995 31.0 10.251288
338.30963 31.0 10.913214
315.08984 31.0 10.164188
329.9396 31.0 10.643213
326.69983 31.0 10.538704
318.86972 31.0 10.28612
338.57974 31.0 10.921927
296.7298 31.0 9.571929
303.4798 31.0 9.789671
363.6897 31.0 11.731926
311.3097 31.0 10.042248
334.52954 31.0 10.791275
295.91986 32.0 9.247496
317.24966 32.0 9.914052
317.5197 32.0 9.922491
263.24976 32.0 8.226555
310.22964 32.0 9.694676
302.66974 32.0 9.458429
299.42978 32.0 9.357181
325.07977 32.0 10.158743
295.91974 32.0 9.247492
302.39972 32.0 9.449991
297.53976 32.0 9.298118
327.23978 32.0 10.226243
274.85968 32.0 8.589365
350.45978 32.0 10.951868
322.37973 32.0 10.074367
296.45975 32.0 9.264367
315.35974 32.0 9.854992
326.96976 32.0 10.217805
314.0098 32.0 9.812806
320.21973 32.0 10.006866
309.4197 32.0 9.669366
337.22983 32.0 10.538432
307.25983 32.0 9.60187
333.71957 32.0 10.428737
335.33963 32.0 10.479363
294.29965 32.0 9.196864
294.56985 32.0 9.205308
304.82974 32.0 9.525929
321.83978 32.0 10.057493
302.12982 32.0 9.441557
310.2296 32.0 9.694675
302.93964 32.0 9.466864
286.19974 32.0 8.943742
310.4998 32.0 9.703118
307.5296 32.0 9.6103
301.04968 32.0 9.407803
333.7198 32.0 10.428743
317.78976 32.0 9.93093
304.55966 32.0 9.517489
270.5397 32.0 8.454366
315.6298 32.0 9.863431
329.66965 33.0 9.989989
316.97998 33.0 9.6054535
326.42966 33.0 9.891808
278.90985 33.0 8.451814
305.09982 33.0 9.245449
311.57983 33.0 9.441813
306.9897 33.0 9.302718
304.8298 33.0 9.237267
295.64948 33.0 8.959075
326.69974 33.0 9.899992
306.44962 33.0 9.286352
285.11993 33.0 8.639998
311.3098 33.0 9.433631
334.25986 33.0 10.1290865
312.38962 33.0 9.466352
335.0697 33.0 10.153627
318.86963 33.0 9.662716
301.85968 33.0 9.147263
314.81982 33.0 9.539994
320.48962 33.0 9.711807
304.0197 33.0 9.212719
292.94974 33.0 8.877265
333.71976 33.0 10.11272
289.16977 33.0 8.76272
324.5396 33.0 9.834534
320.75967 33.0 9.71999
328.31958 33.0 9.949079
319.40982 33.0 9.679086
339.38983 33.0 10.28454
332.90985 33.0 10.088178
318.05972 33.0 9.638173
310.76962 33.0 9.417261
314.0098 33.0 9.515449
308.33966 33.0 9.343626
310.4998 33.0 9.409084
316.43967 33.0 9.589081
291.86972 33.0 8.844537
295.9197 33.0 8.967264
299.15967 33.0 9.065445
289.1697 33.0 8.762718
315.8997 33.0 9.572718
301.58975 34.0 8.870287
289.9799 34.0 8.52882
287.00983 34.0 8.441465
323.72974 34.0 9.521462
313.46985 34.0 9.219702
297.53973 34.0 8.751168
285.92978 34.0 8.409699
293.48975 34.0 8.632051
317.2497 34.0 9.3308735
292.13983 34.0 8.592348
314.54965 34.0 9.25146
287.81982 34.0 8.465289
328.0496 34.0 9.648518
303.47968 34.0 8.925873
340.7397 34.0 10.021755
307.52972 34.0 9.0449915
329.66965 34.0 9.696166
284.30984 34.0 8.362054
304.82974 34.0 8.965581
304.82962 34.0 8.965577
299.96973 34.0 8.822639
285.6598 34.0 8.401758
300.23972 34.0 8.83058
305.36978 34.0 8.981464
288.89975 34.0 8.497051
312.6597 34.0 9.195873
321.56955 34.0 9.457928
293.4897 34.0 8.63205
286.4698 34.0 8.425582
290.78967 34.0 8.552637
293.21982 34.0 8.624112
353.96973 34.0 10.410874
300.50977 34.0 8.838523
313.73975 34.0 9.227639
314.2798 34.0 9.243523
307.2597 34.0 9.03705
275.93976 34.0 8.115875
282.14984 34.0 8.298525
320.21954 34.0 9.418221
303.20972 34.0 8.9179325
291.05984 34.0 8.560584
294.29962 35.0 8.408561
319.67984 35.0 9.13371
287.8198 35.0 8.223423
300.23978 35.0 8.5782795
305.09973 35.0 8.717135
261.08994 35.0 7.459712
304.01978 35.0 8.686279
274.31964 35.0 7.837704
281.3397 35.0 8.038277
302.39966 35.0 8.63999
323.45975 35.0 9.241707
300.77972 35.0 8.593706
289.97977 35.0 8.285136
298.3498 35.0 8.52428
283.7697 35.0 8.107706
293.48965 35.0 8.385419
279.17975 35.0 7.976564
303.20978 35.0 8.6631365
301.5896 35.0 8.616846
298.88968 35.0 8.539705
309.68967 35.0 8.848276
293.48975 35.0 8.385422
318.32968 35.0 9.095134
289.9797 35.0 8.285134
324.53955 35.0 9.272558
313.19974 35.0 8.948564
291.8697 35.0 8.339134
304.8295 35.0 8.7094145
264.8697 35.0 7.567705
303.47958 35.0 8.670845
308.33978 35.0 8.809708
294.29977 35.0 8.408565
312.11975 35.0 8.917707
317.24976 35.0 9.064279
309.68976 35.0 8.848279
279.98975 35.0 7.999707
304.01978 35.0 8.686279
302.66983 35.0 8.64771
294.29968 35.0 8.408563
310.76978 35.0 8.879136
304.2897 35.0 8.693992
292.67987 36.0 8.129996
288.3595 36.0 8.009986
280.79962 36.0 7.7999897
309.14987 36.0 8.587497
275.39954 36.0 7.649987
301.58984 36.0 8.377496
316.97986 36.0 8.8049965
300.50977 36.0 8.347493
287.81982 36.0 7.994995
279.98944 36.0 7.777485
319.6798 36.0 8.879994
326.96982 36.0 9.082495
281.33972 36.0 7.8149924
330.4797 36.0 9.179992
293.7597 36.0 8.159992
267.8397 36.0 7.4399915
326.42963 36.0 9.06749
296.1898 36.0 8.227494
287.81964 36.0 7.9949903
278.63965 36.0 7.73999
280.52975 36.0 7.7924933
303.4798 36.0 8.429995
290.78964 36.0 8.07749
304.01968 36.0 8.444991
296.9997 36.0 8.249991
304.28973 36.0 8.452493
287.27963 36.0 7.97999
314.0097 36.0 8.722492
276.4799 36.0 7.679997
282.14978 36.0 7.837494
283.22977 36.0 7.867493
284.30963 36.0 7.8974895
268.9198 36.0 7.4699945
293.75983 36.0 8.159995
317.7897 36.0 8.827492
286.7398 36.0 7.964995
289.16983 36.0 8.0324955
316.97968 36.0 8.804991
303.2096 36.0 8.422489
314.81964 36.0 8.74499
301.31973 36.0 8.369992
301.5898 37.0 8.151076
303.4797 37.0 8.202154
283.22977 37.0 7.6548586
302.9397 37.0 8.187559
284.57983 37.0 7.6913466
317.51962 37.0 8.581612
316.43982 37.0 8.552427
298.3496 37.0 8.063503
316.9796 37.0 8.567017
315.8997 37.0 8.537829
305.09982 37.0 8.245941
297.2697 37.0 8.034317
296.72974 37.0 8.019723
331.8297 37.0 8.96837
294.2996 37.0 7.9540434
265.40976 37.0 7.173237
295.91977 37.0 7.9978313
319.13968 37.0 8.625397
287.54974 37.0 7.7716146
332.36963 37.0 8.982963
280.7997 37.0 7.5891814
315.62982 37.0 8.530536
306.17972 37.0 8.275127
273.23975 37.0 7.384858
293.2198 37.0 7.9248595
295.91977 37.0 7.9978313
279.17984 37.0 7.545401
289.70975 37.0 7.829993
305.63965 37.0 8.260531
288.35974 37.0 7.7935066
279.44977 37.0 7.552696
292.67972 37.0 7.9102626
286.7399 37.0 7.749727
305.09967 37.0 8.245937
259.46976 37.0 7.012696
298.88977 37.0 8.078102
297.53964 37.0 8.041612
317.2497 37.0 8.574316
297.53992 37.0 8.041619
297.26965 37.0 8.034315
307.5298 37.0 8.311616
298.0798 38.0 7.8442054
319.6798 38.0 8.412626
278.09973 38.0 7.318414
291.8698 38.0 7.680784
287.00974 38.0 7.5528874
302.3997 38.0 7.957886
301.58957 38.0 7.936568
275.66986 38.0 7.25447
296.72986 38.0 7.8086805
302.3998 38.0 7.9578896
286.46967 38.0 7.538676
289.43967 38.0 7.6168337
286.19974 38.0 7.531572
271.61972 38.0 7.1478877
277.01978 38.0 7.2899942
309.14963 38.0 8.135516
314.81964 38.0 8.284727
293.7597 38.0 7.730519
292.67975 38.0 7.702099
280.79977 38.0 7.3894677
290.24957 38.0 7.6381464
285.11984 38.0 7.503154
265.9497 38.0 6.9986763
305.0996 38.0 8.028937
299.96973 38.0 7.89394
274.31982 38.0 7.2189426
262.1697 38.0 6.899203
265.94977 38.0 6.998678
282.41983 38.0 7.432101
277.28983 38.0 7.2971005
292.40973 38.0 7.694993
311.84976 38.0 8.206573
277.55978 38.0 7.304205
274.85974 38.0 7.233151
273.23972 38.0 7.190519
277.2899 38.0 7.297102
308.06973 38.0 8.107099
283.76968 38.0 7.467623
266.48978 38.0 7.012889
284.84967 38.0 7.496044
288.89987 38.0 7.602628
294.13678 39.0 7.541969
293.05536 39.0 7.5142403
286.56693 39.0 7.34787
303.86935 39.0 7.791522
286.0265 39.0 7.3340125
326.8488 39.0 8.380738
278.18637 39.0 7.132984
272.2386 39.0 6.980477
310.89832 39.0 7.9717517
261.96555 39.0 6.7170653
302.24722 39.0 7.749929
289.27063 39.0 7.4171953
260.8842 39.0 6.689338
284.13394 39.0 7.2854857
301.1658 39.0 7.7222
285.21533 39.0 7.3132133
285.4857 39.0 7.3201456
269.26486 39.0 6.9042273
288.18915 39.0 7.3894653
267.10223 39.0 6.848775
306.30246 39.0 7.8539095
297.92157 39.0 7.6390142
293.05548 39.0 7.514243
279.26767 39.0 7.16071
266.83185 39.0 6.841842
292.5147 39.0 7.500377
274.4015 39.0 7.0359354
279.8086 39.0 7.174579
286.29675 39.0 7.3409424
285.4856 39.0 7.3201437
286.29688 39.0 7.3409457
245.74472 39.0 6.3011465
281.70084 39.0 7.2230983
279.2679 39.0 7.1607156
272.77945 39.0 6.994345
287.9187 39.0 7.382531
303.0583 39.0 7.7707253
288.45953 39.0 7.396398
304.6803 39.0 7.812315
275.48297 39.0 7.063666
283.8635 39.0 7.278551
299.15952 40.0 7.478988
288.89966 40.0 7.2224913
281.3397 40.0 7.0334926
267.56982 40.0 6.689245
298.88986 40.0 7.4722466
296.1895 40.0 7.404738
283.2298 40.0 7.080745
281.33978 40.0 7.0334945
298.3497 40.0 7.4587426
304.5597 40.0 7.6139927
256.49973 40.0 6.412493
277.82968 40.0 6.945742
254.33972 40.0 6.358493
266.75974 40.0 6.6689935
294.83966 40.0 7.3709917
278.6398 40.0 6.965995
296.99966 40.0 7.4249916
267.0297 40.0 6.6757426
290.5199 40.0 7.2629976
305.6396 40.0 7.64099
274.8598 40.0 6.871495
296.4597 40.0 7.411492
261.89984 40.0 6.547496
264.0597 40.0 6.6014924
271.8898 40.0 6.797245
277.82986 40.0 6.945747
299.15964 40.0 7.478991
297.26956 40.0 7.4317393
298.34976 40.0 7.458744
273.50977 40.0 6.837744
299.6998 40.0 7.492495
288.3597 40.0 7.2089925
274.85974 40.0 6.8714933
269.18964 40.0 6.729741
288.62967 40.0 7.2157416
298.3496 40.0 7.45874
287.0097 40.0 7.175243
300.77966 40.0 7.519491
262.43982 40.0 6.560995
314.00974 40.0 7.850243
269.1897 40.0 6.729742
284.5797 41.0 6.9409685
263.51978 41.0 6.4273114
275.39975 41.0 6.717067
261.89972 41.0 6.387798
288.62952 41.0 7.0397444
291.5997 41.0 7.112188
269.7296 41.0 6.578771
262.7099 41.0 6.4075584
271.34964 41.0 6.6182837
294.5697 41.0 7.184627
281.06967 41.0 6.855358
250.28969 41.0 6.1046267
276.20972 41.0 6.736822
260.2798 41.0 6.3482876
289.43976 41.0 7.0595064
267.29965 41.0 6.519504
280.79965 41.0 6.848772
286.73965 41.0 6.99365
278.09976 41.0 6.7829213
276.7496 41.0 6.74999
296.45975 41.0 7.2307253
282.9598 41.0 6.9014587
279.9898 41.0 6.8290195
289.4397 41.0 7.059505
287.54974 41.0 7.0134087
268.64975 41.0 6.552433
282.68964 41.0 6.894869
276.7498 41.0 6.7499948
262.97958 41.0 6.414136
278.90964 41.0 6.8026743
275.12988 41.0 6.710485
260.54965 41.0 6.35487
269.99966 41.0 6.5853577
272.69968 41.0 6.6512117
262.97958 41.0 6.4141364
289.7096 41.0 7.0660877
269.9998 41.0 6.5853605
274.04984 41.0 6.684142
265.40973 41.0 6.473408
300.50964 41.0 7.3295035
277.28986 41.0 6.7631674
264.86978 42.0 6.3064237
279.7197 42.0 6.6599927
276.47977 42.0 6.582852
292.1397 42.0 6.955707
287.5497 42.0 6.8464217
278.90982 42.0 6.64071
294.29962 42.0 7.007134
291.5997 42.0 6.94285
269.18964 42.0 6.409277
278.3696 42.0 6.6278477
263.24966 42.0 6.2678494
279.7198 42.0 6.6599946
254.06976 42.0 6.04928
269.99973 42.0 6.4285645
285.65955 42.0 6.801418
280.52972 42.0 6.679279
249.74971 42.0 5.9464216
288.6297 42.0 6.8721356
254.87967 42.0 6.0685635
277.55975 42.0 6.608566
297.26956 42.0 7.077847
296.99957 42.0 7.0714183
272.15952 42.0 6.4799886
267.8397 42.0 6.3771358
288.35962 42.0 6.865705
256.2299 42.0 6.1007113
265.6797 42.0 6.325707
268.64975 42.0 6.396423
305.3697 42.0 7.2707067
272.96967 42.0 6.4992776
253.25964 42.0 6.0299916
278.63968 42.0 6.6342783
277.55972 42.0 6.608565
296.72964 42.0 7.0649915
282.41974 42.0 6.7242794
297.80972 42.0 7.090708
284.30963 42.0 6.7692766
285.6595 42.0 6.8014164
278.36948 42.0 6.6278443
277.01978 42.0 6.595709
292.13968 42.0 6.9557066
255.68976 43.0 5.9462733
265.67953 43.0 6.1785936
272.1597 43.0 6.329295
265.94974 43.0 6.1848774
285.92966 43.0 6.6495266
259.46976 43.0 6.03418
301.31967 43.0 7.0074344
306.71964 43.0 7.1330147
266.21982 43.0 6.1911583
273.77972 43.0 6.36697
260.54968 43.0 6.059295
271.6198 43.0 6.31674
262.70978 43.0 6.1095295
271.8897 43.0 6.323016
249.20978 43.0 5.795576
285.92975 43.0 6.649529
265.9498 43.0 6.1848793
268.37976 43.0 6.2413898
258.9296 43.0 6.0216184
267.5698 43.0 6.2225533
301.04984 43.0 7.0011587
254.60973 43.0 5.9211564
244.07967 43.0 5.6762714
289.43958 43.0 6.731153
271.88977 43.0 6.323018
249.47972 43.0 5.801854
280.2597 43.0 6.517668
277.55975 43.0 6.454878
245.15965 43.0 5.7013874
289.4395 43.0 6.7311516
288.3595 43.0 6.7060347
277.55963 43.0 6.4548755
271.6197 43.0 6.316737
286.46964 43.0 6.6620846
284.5797 43.0 6.618133
260.2796 43.0 6.053014
263.24963 43.0 6.1220846
254.6098 43.0 5.9211583
256.2297 43.0 5.9588304
237.86974 43.0 5.531854
262.70972 43.0 6.109528
269.7298 44.0 6.1302223
245.96974 44.0 5.5902214
260.54977 44.0 5.921586
289.97974 44.0 6.5904484
262.97964 44.0 5.97681
270.53973 44.0 6.1486306
246.2399 44.0 5.596361
272.69968 44.0 6.19772
254.0697 44.0 5.7743115
280.5297 44.0 6.3756747
279.44974 44.0 6.3511305
299.69962 44.0 6.8113546
251.36981 44.0 5.71295
273.77975 44.0 6.222267
247.8598 44.0 5.6331773
262.97986 44.0 5.9768147
255.95966 44.0 5.817265
261.8997 44.0 5.9522657
279.17972 44.0 6.3449936
286.19946 44.0 6.5045333
255.95972 44.0 5.8172665
245.42969 44.0 5.5779476
256.22964 44.0 5.823401
240.83969 44.0 5.4736295
265.40982 44.0 6.032041
284.57965 44.0 6.467719
266.75983 44.0 6.062723
284.8496 44.0 6.4738545
282.6896 44.0 6.4247637
274.3197 44.0 6.2345386
253.25974 44.0 5.7559032
248.1298 44.0 5.6393137
271.0797 44.0 6.1609025
281.87964 44.0 6.4063554
254.06976 44.0 5.774313
270.2697 44.0 6.1424932
235.97978 44.0 5.363177
270.53976 44.0 6.148631
295.64972 44.0 6.7193117
267.56955 44.0 6.081126
267.29977 44.0 6.0749946
269.99966 45.0 5.999993
270.80948 45.0 6.017988
254.60974 45.0 5.6579943
244.61978 45.0 5.435995
254.06972 45.0 5.6459937
281.3397 45.0 6.251993
254.06963 45.0 5.645992
250.55975 45.0 5.5679946
249.20975 45.0 5.5379944
255.95975 45.0 5.6879945
270.26953 45.0 6.0059896
270.2697 45.0 6.0059934
267.56955 45.0 5.94599
275.93964 45.0 6.131992
281.3397 45.0 6.251993
241.37971 45.0 5.3639936
257.57962 45.0 5.723992
259.19968 45.0 5.759993
274.58957 45.0 6.1019907
279.98962 45.0 6.2219915
254.87973 45.0 5.663994
278.09958 45.0 6.179991
264.59973 45.0 5.879994
250.01967 45.0 5.5559926
249.74979 45.0 5.5499954
273.7799 45.0 6.0839977
273.50974 45.0 6.077994
275.1297 45.0 6.113993
261.3598 45.0 5.8079953
244.61978 45.0 5.435995
248.93973 45.0 5.531994
259.73965 45.0 5.771992
262.97955 45.0 5.84399
253.52975 45.0 5.6339946
273.77963 45.0 6.0839915
278.63968 45.0 6.1919928
274.58957 45.0 6.1019907
269.72964 45.0 5.993992
268.91962 45.0 5.9759917
261.0899 45.0 5.801998
260.54962 45.0 5.789992
273.77975 46.0 5.9517336
257.30978 46.0 5.593691
280.52972 46.0 6.0984726
273.23953 46.0 5.93999
253.2598 46.0 5.5056477
263.24976 46.0 5.7228208
236.78966 46.0 5.147601
277.5596 46.0 6.033904
247.04977 46.0 5.3706474
260.54965 46.0 5.664123
270.26978 46.0 5.87543
258.11975 46.0 5.611299
266.75977 46.0 5.7991257
256.76968 46.0 5.5819497
254.33965 46.0 5.529123
254.60966 46.0 5.5349927
268.91968 46.0 5.84608
242.45985 46.0 5.2708664
252.71973 46.0 5.493907
248.1297 46.0 5.394124
226.5297 46.0 4.9245586
271.07962 46.0 5.893035
253.25975 46.0 5.5056467
253.25977 46.0 5.505647
238.94989 46.0 5.194563
252.98961 46.0 5.499774
221.93964 46.0 4.8247747
267.5697 46.0 5.816733
272.42972 46.0 5.922385
250.2896 46.0 5.441078
257.30972 46.0 5.5936894
239.2198 46.0 5.2004304
257.8496 46.0 5.6054263
241.10959 46.0 5.241513
257.0399 46.0 5.5878234
270.26965 46.0 5.8754272
261.08963 46.0 5.675862
264.05963 46.0 5.740427
253.2598 46.0 5.5056477
277.82968 46.0 6.039776
245.15968 46.0 5.3295584
250.82959 47.0 5.3367996
231.92964 47.0 4.9346733
256.49966 47.0 5.45744
268.10974 47.0 5.7044625
245.15971 47.0 5.216164
244.3497 47.0 5.19893
245.15976 47.0 5.216165
256.76984 47.0 5.463188
233.27982 47.0 4.9634004
245.96974 47.0 5.233399
230.84978 47.0 4.9116974
264.05966 47.0 5.618291
239.48976 47.0 5.0955267
247.04977 47.0 5.256378
259.19952 47.0 5.5148835
263.51962 47.0 5.6068006
226.52982 47.0 4.819783
267.0297 47.0 5.681483
246.77972 47.0 5.2506323
263.7897 47.0 5.612547
268.37967 47.0 5.710206
221.3999 47.0 4.710636
262.16968 47.0 5.5780783
255.95963 47.0 5.4459496
235.16983 47.0 5.0036135
264.05966 47.0 5.6182904
259.19965 47.0 5.514886
238.67972 47.0 5.078292
250.01968 47.0 5.3195677
293.4897 47.0 6.244461
252.44969 47.0 5.37127
232.46965 47.0 4.9461627
269.72974 47.0 5.7389307
243.80974 47.0 5.1874413
245.96974 47.0 5.233399
274.31964 47.0 5.8365884
268.10965 47.0 5.7044606
273.50967 47.0 5.819355
244.6197 47.0 5.2046747
243.80972 47.0 5.187441
254.33968 47.0 5.4114823
271.34955 48.0 5.6531157
285.38962 48.0 5.945617
240.56961 48.0 5.011867
250.2897 48.0 5.214369
250.55965 48.0 5.2199926
273.5097 48.0 5.6981187
245.42969 48.0 5.1131186
262.16956 48.0 5.461866
251.9097 48.0 5.248119
237.86972 48.0 4.9556193
248.39963 48.0 5.174992
260.54962 48.0 5.4281173
260.81967 48.0 5.433743
247.58968 48.0 5.1581182
278.90967 48.0 5.8106184
252.98973 48.0 5.2706194
210.59982 48.0 4.3874965
224.90982 48.0 4.6856213
240.83984 48.0 5.0174966
245.6997 48.0 5.118744
276.2096 48.0 5.754367
241.64972 48.0 5.034369
252.17972 48.0 5.253744
273.23975 48.0 5.692495
242.45953 48.0 5.0512404
231.38977 48.0 4.82062
234.89972 48.0 4.893744
266.75964 48.0 5.5574923
252.44966 48.0 5.259368
260.8197 48.0 5.4337435
244.88971 48.0 5.101869
244.07973 48.0 5.0849943
257.30972 48.0 5.360619
256.4997 48.0 5.3437433
232.46982 48.0 4.843121
244.34962 48.0 5.090617
252.9895 48.0 5.2706146
264.05966 48.0 5.501243
233.81978 48.0 4.8712454
260.81973 48.0 5.4337444
241.91974 48.0 5.0399947
245.96974 49.0 5.0197906
245.96957 49.0 5.0197873
241.37968 49.0 4.926116
253.79973 49.0 5.1795864
257.57968 49.0 5.256728
237.05984 49.0 4.837956
247.85971 49.0 5.0583615
246.77965 49.0 5.0363193
237.05971 49.0 4.837953
247.85966 49.0 5.0583606
240.83981 49.0 4.915098
254.87962 49.0 5.201625
225.71968 49.0 4.606524
247.58984 49.0 5.052854
236.51962 49.0 4.826931
254.60968 49.0 5.196116
260.27975 49.0 5.311832
244.61969 49.0 4.9922385
236.51971 49.0 4.826933
247.8596 49.0 5.058359
259.73956 49.0 5.3008075
258.1198 49.0 5.267751
234.62976 49.0 4.7883625
245.4296 49.0 5.008767
265.40955 49.0 5.4165215
254.33968 49.0 5.1906056
240.83978 49.0 4.9150977
240.29971 49.0 4.9040756
232.73962 49.0 4.7497883
249.4798 49.0 5.0914245
260.8196 49.0 5.3228493
238.40958 49.0 4.8655014
241.37956 49.0 4.9261136
248.3997 49.0 5.0693817
245.96967 49.0 5.019789
256.22958 49.0 5.229175
264.86972 49.0 5.4055047
248.12975 49.0 5.0638723
246.50974 49.0 5.030811
234.8995 49.0 4.7938676
243.26968 49.0 4.9646873
250.55959 50.0 5.011192
251.90968 50.0 5.0381937
232.46982 50.0 4.6493964
244.61975 50.0 4.892395
240.83977 50.0 4.8167953
259.46954 50.0 5.189391
244.61983 50.0 4.8923965
254.33984 50.0 5.0867968
261.62964 50.0 5.2325926
241.3798 50.0 4.827596
238.13968 50.0 4.7627935
242.99968 50.0 4.8599935
254.0696 50.0 5.081392
248.66968 50.0 4.9733934
234.08957 50.0 4.6817913
248.12944 50.0 4.962589
245.96964 50.0 4.9193926
250.82956 50.0 5.016591
271.61963 50.0 5.4323926
251.6397 50.0 5.032794
231.92975 50.0 4.638595
242.18953 50.0 4.8437905
246.23965 50.0 4.9247932
250.55981 50.0 5.011196
238.13963 50.0 4.7627926
228.41975 50.0 4.568395
248.93987 50.0 4.9787974
248.66974 50.0 4.973395
238.40985 50.0 4.768197
252.44963 50.0 5.0489926
225.44972 50.0 4.5089946
257.57962 50.0 5.1515923
253.79965 50.0 5.075993
252.7197 50.0 5.054394
253.52953 50.0 5.0705905
241.10965 50.0 4.822193
235.70972 50.0 4.7141943
268.3796 50.0 5.3675923
252.98978 50.0 5.0597954
237.86967 50.0 4.7573934
234.35991 50.0 4.687198
231.65982 51.0 4.5423493
221.93973 51.0 4.3517594
242.9996 51.0 4.764698
248.93964 51.0 4.8811693
232.4697 51.0 4.5582294
244.8897 51.0 4.801759
252.7198 51.0 4.9552903
245.6998 51.0 4.817643
225.44986 51.0 4.4205856
231.11964 51.0 4.531758
236.51976 51.0 4.6376424
216.26976 51.0 4.2405834
237.86964 51.0 4.6641107
245.69968 51.0 4.817641
252.71976 51.0 4.9552894
257.84964 51.0 5.0558753
263.24963 51.0 5.1617575
227.3396 51.0 4.457639
232.19978 51.0 4.552937
232.73952 51.0 4.56352
231.92969 51.0 4.547641
235.70978 51.0 4.6217604
232.19972 51.0 4.5529356
241.91954 51.0 4.7435203
229.76976 51.0 4.5052896
223.01973 51.0 4.372936
259.46976 51.0 5.087642
254.06969 51.0 4.9817586
246.7797 51.0 4.8388176
244.07971 51.0 4.7858768
225.17978 51.0 4.41529
250.82956 51.0 4.9182267
240.83975 51.0 4.722348
248.39961 51.0 4.8705807
233.81973 51.0 4.5847006
232.46957 51.0 4.558227
221.66977 51.0 4.346466
254.60954 51.0 4.992344
254.6098 51.0 4.992349
241.10966 51.0 4.7276406
231.65962 51.0 4.5423455
243.53973 52.0 4.6834564
233.81984 52.0 4.4965353
223.01984 52.0 4.288843
226.79974 52.0 4.3615336
229.76984 52.0 4.4186506
248.12965 52.0 4.771724
221.66975 52.0 4.26288
229.49956 52.0 4.413453
246.23972 52.0 4.735379
234.35971 52.0 4.5069175
251.6397 52.0 4.839225
251.36961 52.0 4.834031
240.29982 52.0 4.6211505
211.13971 52.0 4.060379
232.19969 52.0 4.4653788
250.28955 52.0 4.8132606
240.02983 52.0 4.615958
246.5096 52.0 4.740569
236.51971 52.0 4.548456
233.00974 52.0 4.4809566
245.42978 52.0 4.7198033
226.79977 52.0 4.361534
229.76973 52.0 4.4186487
234.35963 52.0 4.506916
206.27974 52.0 3.966918
244.6196 52.0 4.704223
227.60966 52.0 4.377109
221.6698 52.0 4.262881
215.99986 52.0 4.1538434
255.41962 52.0 4.911916
220.04974 52.0 4.2317257
229.76971 52.0 4.4186482
233.81973 52.0 4.4965334
218.42987 52.0 4.2005744
236.7896 52.0 4.553646
223.2898 52.0 4.2940345
214.91971 52.0 4.1330714
257.84982 52.0 4.9586506
242.18974 52.0 4.657495
227.60977 52.0 4.377111
248.66975 52.0 4.7821107
221.87898 52.999996 4.186396
228.3652 52.999996 4.308778
235.39166 52.999996 4.4413524
249.17485 52.999996 4.7014127
234.85133 52.999996 4.4311576
251.3367 52.999996 4.7422023
218.36566 52.999996 4.120107
204.85312 52.999996 3.8651536
225.3924 52.999996 4.252687
219.17656 52.999996 4.135407
231.60822 52.999996 4.3699665
220.25755 52.999996 4.155803
262.6875 52.999996 4.9563684
233.77028 52.999996 4.4107604
227.28418 52.999996 4.288381
214.04166 52.999996 4.0385222
226.47337 52.999996 4.2730827
225.12209 52.999996 4.2475867
229.17589 52.999996 4.324074
233.22969 52.999996 4.4005604
244.03986 52.999996 4.604526
223.77084 52.999996 4.2220917
234.3108 52.999996 4.420959
245.3912 52.999996 4.630023
226.47337 52.999996 4.2730827
248.36385 52.999996 4.6861105
227.5544 52.999996 4.2934794
232.68916 52.999996 4.390362
218.90631 52.999996 4.130308
247.28294 52.999996 4.665716
232.41902 52.999996 4.385265
231.06761 52.999996 4.3597665
211.06897 52.999996 3.9824338
221.33853 52.999996 4.176199
229.98671 52.999996 4.339372
205.93399 52.999996 3.8855472
227.28409 52.999996 4.288379
212.96066 52.999996 4.018126
233.77034 52.999996 4.4107614
229.71632 52.999996 4.3342705
213.77142 52.999996 4.0334234
226.25974 54.000004 4.189995
231.38976 54.000004 4.284995
224.63976 54.000004 4.159995
244.61961 54.000004 4.5299926
223.2898 54.000004 4.134996
221.39975 54.000004 4.099995
214.37978 54.000004 3.9699955
217.07979 54.000004 4.0199957
215.99973 54.000004 3.9999945
227.60974 54.000004 4.214995
211.13982 54.000004 3.9099963
221.39973 54.000004 4.0999947
224.09969 54.000004 4.149994
219.77971 54.000004 4.0699944
222.20975 54.000004 4.114995
240.2998 54.000004 4.449996
215.18968 54.000004 3.984994
224.09969 54.000004 4.149994
237.05972 54.000004 4.3899946
218.69969 54.000004 4.049994
220.58966 54.000004 4.0849934
226.25986 54.000004 4.189997
218.1598 54.000004 4.039996
242.99968 54.000004 4.499994
237.86967 54.000004 4.4049935
212.21973 54.000004 3.9299946
203.30984 54.000004 3.7649968
230.03967 54.000004 4.2599936
228.68982 54.000004 4.2349963
215.72978 54.000004 3.9949956
237.05965 54.000004 4.389993
231.38983 54.000004 4.2849965
229.49976 54.000004 4.249995
232.19969 54.000004 4.299994
219.77974 54.000004 4.069995
218.15984 54.000004 4.0399966
220.0498 54.000004 4.074996
225.71977 54.000004 4.1799955
222.20975 54.000004 4.114995
245.15973 54.000004 4.5399947
221.39978 54.000004 4.0999956
227.60983 55.0 4.1383605
219.7798 55.0 3.9959965
216.5397 55.0 3.9370854
206.27971 55.0 3.7505403
214.91975 55.0 3.9076319
231.65958 55.0 4.2119923
207.8997 55.0 3.7799947
214.10966 55.0 3.892903
223.28975 55.0 4.0598135
231.65965 55.0 4.2119937
200.6099 55.0 3.6474526
223.28976 55.0 4.059814
218.69975 55.0 3.9763591
220.85982 55.0 4.015633
235.43985 55.0 4.2807245
223.28966 55.0 4.059812
230.0396 55.0 4.182538
231.11958 55.0 4.202174
207.89986 55.0 3.7799973
217.61975 55.0 3.9567227
232.46976 55.0 4.2267227
231.6596 55.0 4.2119927
225.4498 55.0 4.099087
220.58977 55.0 4.010723
205.19986 55.0 3.7309065
213.83977 55.0 3.8879957
224.63971 55.0 4.084358
230.0397 55.0 4.18254
225.44969 55.0 4.0990853
225.17982 55.0 4.0941787
210.5997 55.0 3.8290856
209.78976 55.0 3.8143594
217.07959 55.0 3.9469016
231.6596 55.0 4.2119927
216.8097 55.0 3.9419944
220.04974 55.0 4.0009046
219.50981 55.0 3.9910874
217.07973 55.0 3.9469042
228.41974 55.0 4.153086
218.69983 55.0 3.9763606
220.8598 55.0 4.0156326
218.9697 56.0 3.9101732
221.66965 56.0 3.9583867
237.86975 56.0 4.247674
233.27972 56.0 4.1657095
233.27972 56.0 4.1657095
202.76984 56.0 3.62089
221.1297 56.0 3.9487448
193.58986 56.0 3.4569619
213.02982 56.0 3.8041039
205.19981 56.0 3.6642823
204.92976 56.0 3.65946
215.45982 56.0 3.8474967
218.69978 56.0 3.9053533
240.29976 56.0 4.291067
201.68982 56.0 3.601604
215.45982 56.0 3.8474967
221.39961 56.0 3.9535644
224.90971 56.0 4.016245
192.23982 56.0 3.432854
217.07979 56.0 3.8764248
210.86981 56.0 3.7655323
205.19983 56.0 3.6642826
227.87961 56.0 4.0692787
231.9298 56.0 4.1416035
221.12964 56.0 3.9487436
213.83972 56.0 3.8185666
215.72969 56.0 3.852316
213.5697 56.0 3.8137448
218.42972 56.0 3.9005306
197.09987 56.0 3.5196404
225.17969 56.0 4.0210657
208.43976 56.0 3.7221384
213.83981 56.0 3.8185682
226.25967 56.0 4.0403514
218.6998 56.0 3.9053535
218.69974 56.0 3.9053524
220.31973 56.0 3.9342809
221.39981 56.0 3.953568
219.5098 56.0 3.9198177
212.48978 56.0 3.7944603
220.58984 56.0 3.9391043
215.18976 57.0 3.775259
208.70982 57.0 3.6615758
211.6797 57.0 3.713679
230.84958 57.0 4.0499926
205.19983 57.0 3.599997
204.92986 57.0 3.5952606
208.97974 57.0 3.6663113
218.42981 57.0 3.8321018
226.79979 57.0 3.9789436
214.91965 57.0 3.7705202
214.37984 57.0 3.7610497
199.25974 57.0 3.4957848
218.9697 57.0 3.8415737
205.19975 57.0 3.5999956
220.0498 57.0 3.860523
220.58972 57.0 3.869995
217.34969 57.0 3.8131523
217.07971 57.0 3.808416
221.66965 57.0 3.8889413
236.78967 57.0 4.154205
225.9898 57.0 3.9647334
201.68974 57.0 3.5384166
195.47984 57.0 3.429471
232.19965 57.0 4.073678
200.60986 57.0 3.5194714
207.08975 57.0 3.6331534
203.30981 57.0 3.5668387
213.56973 57.0 3.7468374
184.67987 57.0 3.2399976
203.0398 57.0 3.5621016
209.78983 57.0 3.6805232
232.46982 57.0 4.078418
215.18979 57.0 3.7752595
208.1698 57.0 3.6521018
218.42969 57.0 3.8320997
222.20987 57.0 3.8984187
219.77968 57.0 3.855784
224.36984 57.0 3.9363132
204.38976 57.0 3.5857852
208.16974 57.0 3.6521008
225.4496 57.0 3.9552562
215.72969 58.0 3.7194774
211.13986 58.0 3.6403425
187.91985 58.0 3.2399974
217.88988 58.0 3.756722
223.2898 58.0 3.849824
210.05981 58.0 3.621721
216.80975 58.0 3.738099
201.14972 58.0 3.4680986
205.19977 58.0 3.5379272
201.95985 58.0 3.4820664
210.32971 58.0 3.6263742
179.00987 58.0 3.0863771
218.96965 58.0 3.775339
217.6196 58.0 3.752062
201.41974 58.0 3.472754
210.86989 58.0 3.6356878
214.91975 58.0 3.705513
206.27983 58.0 3.5565488
205.46983 58.0 3.5425832
197.0998 58.0 3.3982723
214.6498 58.0 3.7008586
198.17978 58.0 3.4168928
204.65976 58.0 3.5286167
216.80977 58.0 3.7380993
214.64978 58.0 3.7008584
214.64975 58.0 3.7008579
217.34973 58.0 3.747409
194.39984 58.0 3.3517215
231.65984 58.0 3.9941351
212.75986 58.0 3.6682734
209.78972 58.0 3.6170642
201.95975 58.0 3.4820645
223.28958 58.0 3.8498204
240.56963 58.0 4.1477523
220.58978 58.0 3.803272
207.62984 58.0 3.5798247
203.57977 58.0 3.5099962
198.9898 58.0 3.4308589
194.66986 58.0 3.356377
217.61958 58.0 3.7520618
201.41975 58.0 3.4727545
197.26703 58.999996 3.3435092
225.64091 58.999996 3.8244226
195.91583 58.999996 3.3206074
215.1021 58.999996 3.6457984
196.72649 58.999996 3.3343475
214.83183 58.999996 3.6412177
211.31885 58.999996 3.5816755
206.45467 58.999996 3.4992318
221.04707 58.999996 3.7465608
209.42725 58.999996 3.5496147
211.04872 58.999996 3.5770972
215.64252 58.999996 3.6549582
209.15697 58.999996 3.5450337
205.3738 58.999996 3.480912
205.9143 58.999996 3.4900732
220.23625 58.999996 3.7328181
204.29285 58.999996 3.462591
205.64395 58.999996 3.485491
208.8868 58.999996 3.5404544
189.7006 58.999996 3.2152648
198.61813 58.999996 3.3664093
195.10512 58.999996 3.3068666
195.64561 58.999996 3.3160276
204.29295 58.999996 3.4625926
202.40132 58.999996 3.430531
211.31879 58.999996 3.5816746
198.88823 58.999996 3.3709872
198.88818 58.999996 3.3709865
213.75084 58.999996 3.6228957
183.48535 58.999996 3.1099215
210.23792 58.999996 3.5633547
207.53566 58.999996 3.5175538
212.39975 58.999996 3.599996
212.1295 58.999996 3.5954156
195.37541 58.999996 3.3114479
194.29437 58.999996 3.2931252
194.02432 58.999996 3.288548
186.99829 58.999996 3.1694627
194.83498 58.999996 3.3022878
206.45467 58.999996 3.4992318
231.04536 58.999996 3.9160235
212.4897 60.000004 3.5414948
204.11986 60.000004 3.4019973
194.6698 60.000004 3.2444966
214.91986 60.000004 3.5819974
200.60985 60.000004 3.3434973
214.91971 60.000004 3.581995
213.29965 60.000004 3.5549939
207.35992 60.000004 3.4559984
200.87973 60.000004 3.3479953
213.56967 60.000004 3.5594943
217.07974 60.000004 3.6179955
221.39972 60.000004 3.689995
186.83977 60.000004 3.113996
200.0697 60.000004 3.3344948
179.5499 60.000004 2.9924982
177.92987 60.000004 2.9654977
197.36984 60.000004 3.2894971
194.93988 60.000004 3.248998
222.74973 60.000004 3.712495
197.90977 60.000004 3.298496
204.11981 60.000004 3.4019966
203.57983 60.000004 3.392997
203.0398 60.000004 3.3839965
217.07965 60.000004 3.617994
211.13966 60.000004 3.518994
188.99977 60.000004 3.149996
223.28967 60.000004 3.7214944
190.61984 60.000004 3.1769972
205.73973 60.000004 3.4289954
202.22978 60.000004 3.370496
202.2298 60.000004 3.3704965
184.67984 60.000004 3.0779972
206.27972 60.000004 3.4379952
211.94981 60.000004 3.5324967
199.79974 60.000004 3.3299956
197.63982 60.000004 3.2939968
206.54982 60.000004 3.4424968
208.43985 60.000004 3.4739974
203.57979 60.000004 3.3929963
192.2398 60.000004 3.2039967
187.37979 60.000004 3.1229963
203.03983 61.0 3.3285217
201.41962 61.0 3.301961
209.24979 61.0 3.4303243
198.4498 61.0 3.2532754
202.22975 61.0 3.3152418
206.27974 61.0 3.381635
188.1898 61.0 3.0850787
198.44977 61.0 3.253275
174.95981 61.0 2.8681936
187.10979 61.0 3.0673735
199.52975 61.0 3.2709796
212.21973 61.0 3.479012
197.36978 61.0 3.2355702
202.22978 61.0 3.3152423
191.96976 61.0 3.1470451
191.96992 61.0 3.147048
197.36984 61.0 3.2355711
172.52988 61.0 2.8283587
189.53976 61.0 3.1072092
203.57976 61.0 3.337373
186.29973 61.0 3.0540938
202.76971 61.0 3.3240936
195.20982 61.0 3.200161
194.12988 61.0 3.1824572
201.4198 61.0 3.301964
191.15974 61.0 3.1337664
179.00981 61.0 2.934587
204.38983 61.0 3.350653
208.43979 61.0 3.4170458
201.95975 61.0 3.3108156
209.78967 61.0 3.439175
185.21983 61.0 3.0363908
203.30977 61.0 3.332947
212.75966 61.0 3.4878633
211.40968 61.0 3.4657326
201.41975 61.0 3.301963
199.52963 61.0 3.2709775
189.26984 61.0 3.1027842
203.03981 61.0 3.3285215
205.73975 61.0 3.3727827
201.68973 61.0 3.306389
177.65985 62.0 2.8654814
201.95981 62.0 3.2574162
182.78972 62.0 2.9482212
186.56975 62.0 3.0091894
182.24977 62.0 2.9395125
187.64981 62.0 3.02661
189.8098 62.0 3.0614483
195.2098 62.0 3.148545
192.50978 62.0 3.1049964
188.72977 62.0 3.0440285
191.42976 62.0 3.0875769
192.77982 62.0 3.1093519
183.3298 62.0 2.9569323
174.68988 62.0 2.8175788
171.71982 62.0 2.7696745
180.62984 62.0 2.9133844
188.4598 62.0 3.039674
187.10976 62.0 3.0178993
188.18982 62.0 3.0353196
182.78983 62.0 2.9482229
203.57985 62.0 3.283546
189.53972 62.0 3.0570922
194.93988 62.0 3.1441915
197.36981 62.0 3.1833842
183.86975 62.0 2.9656413
186.83992 62.0 3.0135472
196.28978 62.0 3.1659641
194.12984 62.0 3.1311264
188.45982 62.0 3.0396745
192.23973 62.0 3.1006408
187.9198 62.0 3.0309646
187.10979 62.0 3.0178998
187.64987 62.0 3.0266109
185.21979 62.0 2.987416
212.21965 62.0 3.4228976
185.21986 62.0 2.9874172
193.5898 62.0 3.122416
195.47977 62.0 3.1528995
188.45978 62.0 3.0396738
197.63979 62.0 3.1877384
194.12984 62.0 3.1311264
188.99977 63.0 2.9999964
186.83975 63.0 2.9657104
187.10976 63.0 2.9699962
205.73967 63.0 3.2657092
182.51974 63.0 2.8971388
176.30994 63.0 2.7985704
185.21979 63.0 2.9399967
206.81973 63.0 3.282853
187.10982 63.0 2.9699972
209.78976 63.0 3.3299963
176.57979 63.0 2.8028538
194.93974 63.0 3.0942817
175.49991 63.0 2.7857127
176.5798 63.0 2.802854
190.34975 63.0 3.0214245
186.83987 63.0 2.9657123
190.6198 63.0 3.025711
194.39977 63.0 3.0857105
185.75983 63.0 2.9485686
192.50987 63.0 3.0557122
179.2799 63.0 2.845713
180.62987 63.0 2.8671408
206.54976 63.0 3.2785676
181.43983 63.0 2.8799975
202.22978 63.0 3.2099965
192.23976 63.0 3.0514247
192.2398 63.0 3.0514255
196.01985 63.0 3.111426
186.8398 63.0 2.965711
200.60979 63.0 3.1842823
187.10977 63.0 2.9699965
188.72986 63.0 2.995712
181.16982 63.0 2.8757114
182.78992 63.0 2.9014273
181.70982 63.0 2.8842828
196.8298 63.0 3.1242826
189.53981 63.0 3.0085685
173.60983 63.0 2.7557116
199.52974 63.0 3.1671388
182.51984 63.0 2.8971403
186.29979 63.0 2.9571395
186.56982 64.0 2.9151535
190.34988 64.0 2.974217
190.34972 64.0 2.9742143
198.44981 64.0 3.1007783
207.08977 64.0 3.2357776
198.44974 64.0 3.1007771
184.13982 64.0 2.8771846
188.45978 64.0 2.944684
180.89986 64.0 2.8265603
180.35977 64.0 2.8181214
175.76987 64.0 2.7464042
184.40988 64.0 2.8814044
189.80981 64.0 2.9657784
172.79987 64.0 2.699998
189.80975 64.0 2.9657774
187.37979 64.0 2.9278092
179.27975 64.0 2.8012462
164.96977 64.0 2.5776527
171.44989 64.0 2.6789045
184.67987 64.0 2.885623
178.1998 64.0 2.7843719
188.4598 64.0 2.9446843
191.15985 64.0 2.9868727
189.80989 64.0 2.9657795
183.59978 64.0 2.8687465
184.13976 64.0 2.8771837
175.22989 64.0 2.737967
187.37967 64.0 2.9278073
177.38982 64.0 2.7717159
199.52977 64.0 3.1176527
176.03973 64.0 2.7506208
186.56982 64.0 2.9151535
194.66982 64.0 3.0417159
168.47983 64.0 2.6324973
187.37979 64.0 2.9278092
172.79965 64.0 2.6999946
175.22989 64.0 2.737967
183.59978 64.0 2.8687465
188.18976 64.0 2.940465
175.22989 64.0 2.737967
182.2498 64.0 2.8476532
182.24976 65.0 2.8038423
170.09991 65.0 2.6169217
166.31993 65.0 2.5587683
174.41985 65.0 2.6833823
182.51978 65.0 2.8079965
197.90974 65.0 3.0447652
171.71994 65.0 2.6418452
177.92986 65.0 2.7373824
184.94986 65.0 2.8453825
161.99985 65.0 2.4923053
176.04 65.0 2.7083075
169.82977 65.0 2.6127658
173.60982 65.0 2.6709204
184.67972 65.0 2.8412263
174.41982 65.0 2.6833818
176.30992 65.0 2.7124603
181.97969 65.0 2.7996876
180.08987 65.0 2.7706134
175.22975 65.0 2.6958423
179.54982 65.0 2.762305
188.18985 65.0 2.8952284
178.46982 65.0 2.7456894
180.62968 65.0 2.7789183
181.70984 65.0 2.795536
179.81981 65.0 2.7664585
185.21979 65.0 2.8495352
173.60974 65.0 2.6709192
176.0399 65.0 2.708306
173.06996 65.0 2.6626148
182.24979 65.0 2.8038428
176.57976 65.0 2.7166116
184.40979 65.0 2.8370738
189.26971 65.0 2.9118419
174.68977 65.0 2.687535
171.44981 65.0 2.6376894
174.14987 65.0 2.6792288
169.55981 65.0 2.6086125
185.48979 65.0 2.8536892
166.85985 65.0 2.5670745
179.00978 65.0 2.7539966
184.67989 65.0 2.841229
182.51979 66.0 2.7654514
171.71983 66.0 2.6018157
174.6899 66.0 2.6468165
183.32976 66.0 2.7777236
170.36987 66.0 2.5813618
158.75992 66.0 2.4054532
186.02975 66.0 2.8186326
175.76982 66.0 2.6631792
176.57979 66.0 2.6754513
165.77979 66.0 2.5118148
183.59978 66.0 2.7818148
170.63985 66.0 2.5854523
168.74979 66.0 2.556815
169.55981 66.0 2.569088
169.55992 66.0 2.5690897
172.25984 66.0 2.6099975
182.24983 66.0 2.7613611
158.75989 66.0 2.4054527
169.0198 66.0 2.5609062
181.70981 66.0 2.7531788
176.84976 66.0 2.6795418
169.82982 66.0 2.573179
172.79977 66.0 2.6181784
166.31976 66.0 2.5199964
181.9798 66.0 2.7572696
189.80986 66.0 2.875907
168.47983 66.0 2.5527246
183.32982 66.0 2.7777245
176.30986 66.0 2.6713614
177.92986 66.0 2.6959069
175.49985 66.0 2.6590886
183.32986 66.0 2.7777252
170.90984 66.0 2.5895429
181.70984 66.0 2.7531793
177.65979 66.0 2.691815
170.9099 66.0 2.5895438
158.21988 66.0 2.397271
184.67973 66.0 2.7981777
191.69986 66.0 2.9045434
169.01978 66.0 2.5609057
175.76985 66.0 2.6631796
161.1898 67.0 2.405818
173.33984 67.0 2.5871618
179.81975 67.0 2.6838768
163.61989 67.0 2.442088
170.09984 67.0 2.5388036
164.6999 67.0 2.4582076
146.06989 67.0 2.1801476
167.1298 67.0 2.4944746
163.07985 67.0 2.4340277
172.2599 67.0 2.5710433
157.13992 67.0 2.345372
171.44972 67.0 2.5589511
176.57983 67.0 2.63552
168.20973 67.0 2.510593
168.7499 67.0 2.518655
176.57976 67.0 2.6355188
191.96979 67.0 2.8652208
151.73996 67.0 2.2647755
179.5498 67.0 2.6798477
180.62993 67.0 2.695969
156.32991 67.0 2.3332822
146.87991 67.0 2.1922376
164.42989 67.0 2.4541774
173.60982 67.0 2.5911913
166.04984 67.0 2.4783556
170.36993 67.0 2.5428348
162.26982 67.0 2.4219377
179.81985 67.0 2.6838784
159.5698 67.0 2.3816388
173.60979 67.0 2.5911908
181.70982 67.0 2.712087
173.87982 67.0 2.5952213
177.38979 67.0 2.6476088
179.00977 67.0 2.6717875
158.75987 67.0 2.3695502
166.04993 67.0 2.478357
173.06981 67.0 2.5831316
181.43985 67.0 2.7080574
176.57983 67.0 2.63552
163.61986 67.0 2.4420874
157.40985 67.0 2.3494008
157.94986 68.0 2.322792
164.96991 68.0 2.426028
148.76988 68.0 2.1877923
162.26987 68.0 2.3863215
167.93983 68.0 2.4697034
154.43985 68.0 2.2711742
178.1997 68.0 2.620584
164.96992 68.0 2.4260283
159.03 68.0 2.3386765
158.75989 68.0 2.3347042
169.28978 68.0 2.4895556
171.71985 68.0 2.525292
169.8298 68.0 2.497497
154.97983 68.0 2.2791152
166.31996 68.0 2.4458818
163.61984 68.0 2.4061742
163.34991 68.0 2.4022045
154.16985 68.0 2.2672036
164.42987 68.0 2.4180863
173.60983 68.0 2.5530858
172.79985 68.0 2.5411742
164.15988 68.0 2.414116
166.31982 68.0 2.4458797
162.53987 68.0 2.3902922
161.99979 68.0 2.3823497
168.74992 68.0 2.4816165
159.56989 68.0 2.346616
164.42986 68.0 2.418086
175.4998 68.0 2.5808794
169.55983 68.0 2.493527
171.44981 68.0 2.5213208
174.14986 68.0 2.5610273
148.76994 68.0 2.1877933
168.47993 68.0 2.477646
158.48978 68.0 2.330732
147.69003 68.0 2.1719122
162.80997 68.0 2.3942642
154.43988 68.0 2.2711747
158.21983 68.0 2.3267622
165.77986 68.0 2.4379392
151.73988 68.0 2.231469
150.11989 69.0 2.1756506
158.21988 69.0 2.2930417
155.51993 69.0 2.253912
154.70985 69.0 2.2421718
161.18985 69.0 2.3360848
153.89986 69.0 2.2304327
174.68982 69.0 2.5317366
148.49991 69.0 2.1521726
163.0798 69.0 2.3634753
173.6098 69.0 2.5160842
154.43988 69.0 2.238259
162.53984 69.0 2.35565
150.92984 69.0 2.187389
167.39977 69.0 2.4260836
169.28992 69.0 2.4534771
174.41982 69.0 2.5278234
160.1099 69.0 2.3204331
157.13985 69.0 2.277389
162.26985 69.0 2.351737
157.13991 69.0 2.27739
165.77985 69.0 2.4026065
159.56987 69.0 2.3126068
150.1199 69.0 2.1756508
161.72998 69.0 2.3439128
165.77986 69.0 2.4026067
169.55965 69.0 2.4573863
160.64992 69.0 2.3282597
173.87975 69.0 2.5199964
151.19987 69.0 2.1913025
158.48987 69.0 2.2969546
144.17996 69.0 2.0895646
164.15988 69.0 2.3791287
156.3299 69.0 2.2656507
147.1499 69.0 2.1326072
150.65996 69.0 2.1834776
164.9698 69.0 2.3908668
145.79991 69.0 2.113042
162.26987 69.0 2.3517373
163.61983 69.0 2.371302
172.25993 69.0 2.4965208
155.78984 69.0 2.2578237
157.1399 70.0 2.2448556
158.2199 70.0 2.2602842
151.46994 70.0 2.1638563
156.86993 70.0 2.240999
148.22995 70.0 2.1175706
155.51984 70.0 2.2217119
153.0898 70.0 2.1869972
152.27985 70.0 2.1754265
145.52983 70.0 2.0789976
158.48982 70.0 2.2641404
151.19995 70.0 2.1599994
149.30989 70.0 2.1329985
147.95992 70.0 2.113713
156.32996 70.0 2.2332852
165.23976 70.0 2.360568
156.59987 70.0 2.237141
149.30989 70.0 2.1329985
161.4599 70.0 2.30657
147.6899 70.0 2.1098557
150.38986 70.0 2.1484265
151.73988 70.0 2.1677127
167.66986 70.0 2.3952837
148.22997 70.0 2.1175709
157.40991 70.0 2.248713
149.57993 70.0 2.136856
166.04979 70.0 2.37214
156.59998 70.0 2.2371426
165.50987 70.0 2.3644269
152.81985 70.0 2.1831408
160.64973 70.0 2.2949963
147.68987 70.0 2.1098552
149.84984 70.0 2.140712
146.3399 70.0 2.09057
146.33984 70.0 2.0905693
167.39986 70.0 2.3914266
157.40985 70.0 2.248712
142.28987 70.0 2.0327125
161.18983 70.0 2.302712
169.0198 70.0 2.4145687
146.06985 70.0 2.0867121
147.95996 70.0 2.1137137
156.05986 71.0 2.1980262
157.94989 71.0 2.2246463
142.55997 71.0 2.007887
152.27994 71.0 2.1447878
149.84991 71.0 2.110562
145.79997 71.0 2.0535207
149.03993 71.0 2.099154
143.36987 71.0 2.019294
149.30992 71.0 2.1029565
148.22998 71.0 2.0877461
150.38997 71.0 2.1181686
143.10002 71.0 2.0154932
143.36996 71.0 2.0192952
141.21002 71.0 1.9888736
160.91989 71.0 2.2664773
150.65991 71.0 2.1219707
144.71992 71.0 2.0383089
146.06992 71.0 2.0573227
158.4899 71.0 2.2322521
148.22986 71.0 2.0877445
144.72 71.0 2.0383098
168.7498 71.0 2.3767579
146.06992 71.0 2.0573227
147.14989 71.0 2.0725336
140.94005 71.0 1.9850712
151.19986 71.0 2.1295755
147.95993 71.0 2.0839427
147.9599 71.0 2.0839422
145.79996 71.0 2.0535204
141.20993 71.0 1.9888722
133.92007 71.0 1.8861983
143.63992 71.0 2.0230975
144.98993 71.0 2.0421116
159.29982 71.0 2.2436595
140.40004 71.0 1.9774653
158.4899 71.0 2.2322521
170.63988 71.0 2.4033785
151.19995 71.0 2.1295767
144.98991 71.0 2.0421114
154.70987 71.0 2.1790123
145.52977 71.0 2.049715
153.89992 72.0 2.1374989
128.51994 72.0 1.7849991
152.54988 72.0 2.1187484
136.35 72.0 1.8937502
139.3199 72.0 1.9349986
150.65996 72.0 2.0924995
148.4999 72.0 2.0624986
159.29985 72.0 2.212498
136.61987 72.0 1.8974983
151.19987 72.0 2.0999982
157.13983 72.0 2.1824977
133.38 72.0 1.8525001
147.41983 72.0 2.0474977
146.06995 72.0 2.0287492
130.13997 72.0 1.8074996
132.30002 72.0 1.8375003
140.9399 72.0 1.9574986
140.93999 72.0 1.9574999
140.12997 72.0 1.9462496
147.14989 72.0 2.0437484
141.20993 72.0 1.9612491
137.42996 72.0 1.9087496
142.29 72.0 1.9762498
147.1499 72.0 2.0437486
142.82996 72.0 1.9837494
153.90002 72.0 2.1375003
151.46997 72.0 2.1037495
148.23001 72.0 2.0587502
144.7199 72.0 2.0099986
138.23996 72.0 1.9199994
141.20993 72.0 1.961249
140.12997 72.0 1.9462496
155.78986 72.0 2.163748
156.8698 72.0 2.1787472
142.01996 72.0 1.9724994
133.38002 72.0 1.8525002
149.30994 72.0 2.073749
134.18994 72.0 1.8637491
136.07996 72.0 1.8899994
139.85999 72.0 1.9424998
136.34998 72.0 1.8937497
152.81989 73.0 2.0934231
135.80989 73.0 1.8604094
143.9099 73.0 1.9713686
148.22997 73.0 2.0305474
142.28993 73.0 1.9491771
146.6099 73.0 2.0083547
136.62 73.0 1.8715068
129.05998 73.0 1.767945
138.78001 73.0 1.901096
147.68999 73.0 2.0231504
140.94 73.0 1.9306849
152.00992 73.0 2.0823276
153.35992 73.0 2.1008208
146.60994 73.0 2.0083554
142.01993 73.0 1.9454784
149.30989 73.0 2.045341
153.62994 73.0 2.1045198
144.17989 73.0 1.975067
128.52005 73.0 1.7605486
142.55994 73.0 1.9528759
126.90004 73.0 1.7383567
152.00989 73.0 2.0823271
137.16 73.0 1.8789041
143.63994 73.0 1.9676703
123.39005 73.0 1.6902747
135.27003 73.0 1.8530141
136.08 73.0 1.8641095
136.88994 73.0 1.8752047
139.58992 73.0 1.9121907
130.68004 73.0 1.7901375
142.82997 73.0 1.956575
137.43 73.0 1.8826027
136.88995 73.0 1.8752048
137.42998 73.0 1.8826025
151.46986 73.0 2.0749297
147.1499 73.0 2.015752
142.82997 73.0 1.9565749
140.40001 73.0 1.9232879
149.57996 73.0 2.0490406
137.69998 73.0 1.8863012
127.98002 73.0 1.7531509
145.52986 74.0 1.9666197
134.45998 74.0 1.8170266
134.18996 74.0 1.8133779
142.82991 74.0 1.9301339
132.03 74.0 1.7841892
133.65001 74.0 1.8060813
123.93007 74.0 1.6747307
140.39993 74.0 1.8972964
137.97 74.0 1.8644594
139.04991 74.0 1.8790528
138.5099 74.0 1.8717554
139.58994 74.0 1.8863504
132.02997 74.0 1.7841887
135.26993 74.0 1.827972
131.76004 74.0 1.7805412
144.17986 74.0 1.9483764
125.55005 74.0 1.6966223
130.14006 74.0 1.7586495
138.50992 74.0 1.8717557
138.23985 74.0 1.8681061
133.37993 74.0 1.8024315
134.99997 74.0 1.824324
138.77997 74.0 1.875405
137.97 74.0 1.8644595
132.30002 74.0 1.787838
143.36998 74.0 1.9374322
142.01994 74.0 1.9191885
130.67992 74.0 1.7659448
129.33005 74.0 1.7477033
130.95003 74.0 1.7695949
120.689995 74.0 1.6309459
142.28993 74.0 1.922837
130.94992 74.0 1.7695936
144.17993 74.0 1.9483775
142.5598 74.0 1.9264839
142.55988 74.0 1.9264848
132.0299 74.0 1.7841879
142.55988 74.0 1.9264848
138.51 74.0 1.8717567
140.39996 74.0 1.8972968
138.23991 74.0 1.868107
116.3701 75.0 1.5516014
122.31004 75.0 1.6308006
130.95003 75.0 1.7460003
138.78001 75.0 1.8504001
142.82985 75.0 1.9043981
143.90996 75.0 1.9187995
127.9799 75.0 1.7063986
147.14992 75.0 1.9619988
130.95004 75.0 1.7460005
123.93006 75.0 1.6524009
144.98996 75.0 1.9331994
131.75995 75.0 1.7567993
127.98002 75.0 1.7064003
126.09 75.0 1.6811999
142.82985 75.0 1.904398
121.77008 75.0 1.6236011
129.59999 75.0 1.7279998
122.58 75.0 1.6344
120.42008 75.0 1.6056011
138.77989 75.0 1.8503987
123.11992 75.0 1.6415989
128.78996 75.0 1.7171996
124.47001 75.0 1.6596001
139.32005 75.0 1.8576008
132.03001 75.0 1.7604002
130.41005 75.0 1.7388006
123.66006 75.0 1.6488007
123.930016 75.0 1.6524003
134.73003 75.0 1.7964004
138.23996 75.0 1.8431995
131.75998 75.0 1.7567998
123.12007 75.0 1.641601
138.50989 75.0 1.8467985
120.69007 75.0 1.609201
125.00999 75.0 1.6667998
127.9799 75.0 1.7063986
126.63002 75.0 1.6884003
137.42998 75.0 1.8323997
123.66001 75.0 1.6488001
123.929985 75.0 1.6523998
131.48997 75.0 1.7531997
126.62994 76.0 1.6661834
131.21994 76.0 1.7265781
117.990074 76.0 1.552501
126.630005 76.0 1.6661843
123.93002 76.0 1.6306581
129.86995 76.0 1.7088151
132.83994 76.0 1.7478939
133.91994 76.0 1.7621045
133.91989 76.0 1.7621038
117.99003 76.0 1.5525004
127.980034 76.0 1.6839478
109.890076 76.0 1.445922
122.57996 76.0 1.6128943
131.21992 76.0 1.7265779
127.44002 76.0 1.6768423
128.52003 76.0 1.6910532
127.170074 76.0 1.6732905
128.51996 76.0 1.6910521
134.73001 76.0 1.7727633
121.50002 76.0 1.5986845
131.22002 76.0 1.7265791
136.08 76.0 1.7905264
115.02008 76.0 1.5134221
122.040054 76.0 1.6057901
126.89996 76.0 1.6697364
120.96009 76.0 1.5915802
122.04008 76.0 1.6057905
117.18005 76.0 1.5418428
130.13998 76.0 1.7123681
129.87 76.0 1.7088157
132.56998 76.0 1.7443419
118.26009 76.0 1.5560539
127.709984 76.0 1.6803945
123.66003 76.0 1.6271056
139.58989 76.0 1.8367091
128.24998 76.0 1.6874999
119.87998 76.0 1.5773681
139.05002 76.0 1.8296055
126.35995 76.0 1.6626309
123.660065 76.0 1.6271061
133.37999 76.0 1.7549999
114.48009 77.0 1.4867544
117.720116 77.0 1.5288327
119.34003 77.0 1.5498705
116.370125 77.0 1.5113003
132.83998 77.0 1.7251946
116.91006 77.0 1.5183125
111.240105 77.0 1.4446766
130.13994 77.0 1.6901292
128.79004 77.0 1.6725979
125.55005 77.0 1.6305201
125.55006 77.0 1.6305202
123.930046 77.0 1.6094811
114.75 77.0 1.4902598
112.32007 77.0 1.4587022
126.630005 77.0 1.6445456
111.78013 77.0 1.45169
123.39002 77.0 1.6024678
123.65997 77.0 1.6059737
125.27999 77.0 1.6270128
115.83008 77.0 1.5042868
113.67013 77.0 1.4762354
118.530014 77.0 1.5393509
106.65017 77.0 1.3850671
114.75012 77.0 1.4902613
126.9 77.0 1.648052
131.22 77.0 1.7041558
123.390114 77.0 1.602469
126.62998 77.0 1.6445452
115.02007 77.0 1.4937671
120.96002 77.0 1.5709094
128.79004 77.0 1.6725979
121.22998 77.0 1.5744153
132.57 77.0 1.7216884
127.98004 77.0 1.6620785
125.55006 77.0 1.6305202
102.06018 77.0 1.3254569
103.140114 77.0 1.339482
109.62009 77.0 1.4236375
123.66002 77.0 1.6059743
120.15001 77.0 1.5603898
121.770035 77.0 1.581429
103.20631 78.0 1.3231578
129.68307 78.0 1.6626035
121.30784 78.0 1.5552287
116.17451 78.0 1.4894167
109.420265 78.0 1.4028239
127.791954 78.0 1.6383584
118.065796 78.0 1.513664
106.448364 78.0 1.3647226
116.17449 78.0 1.4894166
127.5217 78.0 1.6348935
119.41659 78.0 1.5309819
109.690445 78.0 1.4062878
117.25522 78.0 1.503272
119.95695 78.0 1.5379096
114.01318 78.0 1.4617075
111.851814 78.0 1.4339976
118.06581 78.0 1.5136642
122.92876 78.0 1.5760098
104.55716 78.0 1.3404764
111.31144 78.0 1.4270698
105.09748 78.0 1.3474036
115.90438 78.0 1.4859536
107.79926 78.0 1.3820418
122.65868 78.0 1.5725472
111.311455 78.0 1.4270699
128.33232 78.0 1.6452862
119.686775 78.0 1.5344459
121.57797 78.0 1.558692
121.84815 78.0 1.5621558
117.255226 78.0 1.5032722
122.92883 78.0 1.5760107
120.49732 78.0 1.5448375
119.14641 78.0 1.527518
124.27972 78.0 1.5933297
118.6061 78.0 1.520591
118.33593 78.0 1.5171273
115.09391 78.0 1.4755629
111.31144 78.0 1.4270698
123.469124 78.0 1.5829375
124.27968 78.0 1.5933292
124.00952 78.0 1.5898657
112.32013 79.0 1.4217738
120.149925 79.0 1.5208851
115.560005 79.0 1.4627849
112.32012 79.0 1.4217737
111.78009 79.0 1.4149379
103.68016 79.0 1.3124071
109.35012 79.0 1.3841788
106.92018 79.0 1.35342
117.18007 79.0 1.483292
109.89012 79.0 1.3910142
116.64008 79.0 1.4764568
115.29013 79.0 1.4593687
108.27013 79.0 1.370508
110.160095 79.0 1.3944316
114.21006 79.0 1.445697
108.270164 79.0 1.3705084
118.26013 79.0 1.4969637
100.44018 79.0 1.2713946
109.89012 79.0 1.3910142
110.97008 79.0 1.4046845
103.680176 79.0 1.3124073
109.62014 79.0 1.3875967
119.61007 79.0 1.5140516
107.19013 79.0 1.3568372
98.55015 79.0 1.2474703
122.31 79.0 1.5482278
111.2401 79.0 1.4081025
107.46014 79.0 1.3602549
109.35016 79.0 1.3841792
107.190094 79.0 1.3568367
116.100105 79.0 1.4696215
109.89011 79.0 1.391014
106.65016 79.0 1.350002
113.130104 79.0 1.4320266
117.18003 79.0 1.4832915
101.79017 79.0 1.2884831
108.81015 79.0 1.3773437
113.130135 79.0 1.432027
111.51015 79.0 1.4115208
120.15009 79.0 1.5208873
110.700134 79.0 1.4012675
108.00015 80.0 1.3500019
109.080086 80.0 1.3635011
111.780136 80.0 1.3972517
103.14018 80.0 1.2892523
105.30017 80.0 1.3162521
111.78009 80.0 1.3972511
112.05005 80.0 1.4006256
108.54013 80.0 1.3567517
116.10012 80.0 1.4512515
99.36014 80.0 1.2420018
112.59012 80.0 1.4073765
109.62013 80.0 1.3702517
99.63017 80.0 1.2453772
106.3801 80.0 1.3297513
104.22019 80.0 1.3027524
108.81013 80.0 1.3601266
100.1702 80.0 1.2521274
108.54015 80.0 1.3567519
98.82019 80.0 1.2352524
86.40013 80.0 1.0800016
103.950165 80.0 1.2993771
113.94009 80.0 1.4242511
111.78013 80.0 1.3972516
113.67008 80.0 1.420876
103.95015 80.0 1.2993768
86.40016 80.0 1.0800021
103.14018 80.0 1.2892523
106.11018 80.0 1.3263773
113.130066 80.0 1.4141258
112.59006 80.0 1.4073757
100.170204 80.0 1.2521275
111.510124 80.0 1.3938766
102.87017 80.0 1.2858771
108.54012 80.0 1.3567516
105.84015 80.0 1.3230019
113.67009 80.0 1.4208761
113.13013 80.0 1.4141266
105.03017 80.0 1.312877
113.130104 80.0 1.4141263
111.24012 80.0 1.3905015
110.970116 80.0 1.3871264
100.9802 81.0 1.2466692
110.16015 81.0 1.3600018
107.460205 81.0 1.3266692
96.66016 81.0 1.1933353
101.520195 81.0 1.2533357
105.30016 81.0 1.300002
92.61018 81.0 1.1433356
104.76014 81.0 1.2933351
108.27016 81.0 1.3366686
94.50017 81.0 1.1666688
104.49016 81.0 1.290002
102.870155 81.0 1.2700019
96.12017 81.0 1.1866688
100.710175 81.0 1.2433355
94.23017 81.0 1.1633354
114.21003 81.0 1.4100003
99.900154 81.0 1.2333353
100.17016 81.0 1.2366686
100.440186 81.0 1.2400023
89.100136 81.0 1.1000017
93.69017 81.0 1.1566688
102.870155 81.0 1.2700019
97.20015 81.0 1.2000018
107.19015 81.0 1.3233352
91.26013 81.0 1.1266683
98.82016 81.0 1.2200019
106.11017 81.0 1.3100021
107.7301 81.0 1.3300012
99.36018 81.0 1.226669
102.330154 81.0 1.2633352
99.90016 81.0 1.2333354
91.26015 81.0 1.1266685
109.08017 81.0 1.3466687
92.61016 81.0 1.1433353
103.95014 81.0 1.2833351
97.20016 81.0 1.200002
104.76019 81.0 1.2933357
94.23017 81.0 1.1633354
104.76017 81.0 1.2933354
103.68017 81.0 1.2800021
94.50013 81.0 1.1666683
94.230156 82.0 1.1491482
93.69018 82.0 1.1425631
86.94013 82.0 1.0602455
99.630196 82.0 1.2150024
99.90013 82.0 1.2182943
103.1402 82.0 1.2578073
93.69016 82.0 1.142563
101.52018 82.0 1.2380509
108.00012 82.0 1.3170747
90.72016 82.0 1.1063434
99.900215 82.0 1.2182953
101.790184 82.0 1.2413437
105.30016 82.0 1.2841483
93.960205 82.0 1.1458561
98.01016 82.0 1.1952459
96.12014 82.0 1.1721969
96.12018 82.0 1.1721973
90.99016 82.0 1.1096361
92.07016 82.0 1.1228068
90.72016 82.0 1.1063434
99.63021 82.0 1.2150025
97.47019 82.0 1.1886609
103.140175 82.0 1.257807
96.93016 82.0 1.1820751
90.18013 82.0 1.0997577
95.310135 82.0 1.1623187
106.92014 82.0 1.3039042
92.34015 82.0 1.1260993
99.09018 82.0 1.2084168
95.310135 82.0 1.1623187
116.10008 82.0 1.4158547
97.74018 82.0 1.1919534
96.12016 82.0 1.1721971
94.23019 82.0 1.1491486
90.720184 82.0 1.1063437
105.03015 82.0 1.2808555
99.09016 82.0 1.2084166
99.9002 82.0 1.2182951
92.88016 82.0 1.1326848
98.55018 82.0 1.2018315
89.64016 82.0 1.0931727
80.19013 83.0 0.9661462
96.12014 83.0 1.158074
86.40016 83.0 1.0409658
92.61015 83.0 1.115785
100.98021 83.0 1.216629
83.430145 83.0 1.0051825
87.480194 83.0 1.0539782
86.40013 83.0 1.0409654
87.48015 83.0 1.0539777
82.35015 83.0 0.9921705
95.850204 83.0 1.1548218
95.04016 83.0 1.1450622
88.29018 83.0 1.063737
83.43016 83.0 1.0051826
89.640175 83.0 1.0800021
92.88015 83.0 1.119038
91.53017 83.0 1.1027731
89.91014 83.0 1.0832547
85.32012 83.0 1.0279533
91.53015 83.0 1.102773
82.08013 83.0 0.9889173
93.15016 83.0 1.1222911
91.53017 83.0 1.1027731
82.35015 83.0 0.99217045
88.83018 83.0 1.0702431
95.85016 83.0 1.1548212
91.80016 83.0 1.106026
84.78016 83.0 1.0214477
96.66017 83.0 1.1645803
88.02019 83.0 1.0604842
97.2002 83.0 1.1710868
87.48013 83.0 1.0539775
85.860146 83.0 1.0344596
87.48015 83.0 1.0539777
95.850174 83.0 1.1548214
98.01018 83.0 1.1808455
94.77017 83.0 1.1418093
92.88017 83.0 1.1190382
84.51013 83.0 1.0181943
90.99014 83.0 1.0962667
89.64015 83.0 1.0800018
94.50018 84.0 1.1250021
81.27015 84.0 0.9675018
78.30013 84.0 0.93214446
88.29017 84.0 1.0510734
85.050156 84.0 1.0125018
84.24011 84.0 1.0028585
88.83018 84.0 1.0575022
90.99016 84.0 1.0832162
93.96014 84.0 1.1185731
90.18017 84.0 1.0735735
90.18018 84.0 1.0735736
87.750145 84.0 1.0446446
82.62011 84.0 0.9835727
88.83014 84.0 1.0575017
81.81015 84.0 0.97393036
93.690155 84.0 1.115359
85.32015 84.0 1.0157161
86.67015 84.0 1.0317875
82.89016 84.0 0.9867876
87.75012 84.0 1.0446444
87.750206 84.0 1.0446453
90.45019 84.0 1.076788
72.90012 84.0 0.86785865
87.750145 84.0 1.0446446
89.370186 84.0 1.0639307
89.10017 84.0 1.0607163
88.83014 84.0 1.0575017
91.530174 84.0 1.0896449
82.89012 84.0 0.98678714
77.490105 84.0 0.9225012
82.62011 84.0 0.9835727
93.15017 84.0 1.1089306
85.86018 84.0 1.022145
85.32014 84.0 1.015716
93.42017 84.0 1.112145
83.43014 84.0 0.9932159
85.590126 84.0 1.0189301
74.250114 84.0 0.88392997
95.31016 84.0 1.1346447
93.15015 84.0 1.1089303
82.62015 84.0 0.9835732
87.75017 85.0 1.032355
71.280106 85.0 0.8385895
91.26016 85.0 1.0736489
76.140114 85.0 0.8957661
85.86012 85.0 1.0101191
80.190094 85.0 0.9434129
80.73014 85.0 0.9497664
82.89014 85.0 0.97517806
68.8501 85.0 0.81000113
84.24016 85.0 0.9910607
76.4101 85.0 0.89894235
83.43016 85.0 0.98153126
76.41013 85.0 0.8989427
88.83018 85.0 1.0450609
76.680145 85.0 0.9021194
76.41012 85.0 0.8989426
79.650116 85.0 0.9370602
83.970184 85.0 0.9878845
75.60013 85.0 0.8894133
73.98015 85.0 0.87035465
85.59016 85.0 1.006943
77.49011 85.0 0.9116484
84.78015 85.0 0.9974135
85.860146 85.0 1.0101193
88.83018 85.0 1.0450609
74.52014 85.0 0.87670755
83.16014 85.0 0.97835463
77.76014 85.0 0.91482514
81.540115 85.0 0.95929545
81.270134 85.0 0.95611924
88.02017 85.0 1.0355314
70.470116 85.0 0.8290602
75.60013 85.0 0.8894133
78.84015 85.0 0.9275312
85.590164 85.0 1.0069431
76.41013 85.0 0.8989427
81.540146 85.0 0.95929587
78.84011 85.0 0.9275307
78.57014 85.0 0.92435455
92.340164 85.0 1.0863549
75.06011 85.0 0.88306016
76.14012 86.0 0.8853502
84.240135 86.0 0.9795365
68.85012 86.0 0.80058277
72.90013 86.0 0.8476759
82.62014 86.0 0.96069926
72.360146 86.0 0.84139705
79.920135 86.0 0.9293039
70.7401 86.0 0.82255924
69.390114 86.0 0.8068618
75.87013 86.0 0.88221085
78.03012 86.0 0.907327
82.35014 86.0 0.9575598
82.62015 86.0 0.9606994
88.02015 86.0 1.0234901
83.43013 86.0 0.97011775
74.52013 86.0 0.86651313
82.35013 86.0 0.9575596
72.9001 86.0 0.8476756
71.8201 86.0 0.8351174
78.84013 86.0 0.9167457
75.060135 86.0 0.8727923
72.90013 86.0 0.8476759
65.07009 86.0 0.75662893
73.440125 86.0 0.8539549
75.06013 86.0 0.8727922
63.990097 86.0 0.7440709
80.46014 86.0 0.935583
80.19012 86.0 0.93244326
77.76013 86.0 0.90418756
75.33012 86.0 0.8759316
86.400154 86.0 1.004653
73.170135 86.0 0.85081553
71.28013 86.0 0.8288387
76.14014 86.0 0.8853504
65.34011 86.0 0.7597687
69.660095 86.0 0.81000113
75.870125 86.0 0.88221073
71.28011 86.0 0.8288385
69.390114 86.0 0.8068618
72.63012 86.0 0.84453624
68.58009 86.0 0.7974429
68.5801 87.0 0.78827703
68.85011 87.0 0.7913806
74.79009 87.0 0.8596563
79.65012 87.0 0.9155187
70.7401 87.0 0.81310457
71.55012 87.0 0.8224151
71.8201 87.0 0.82551837
61.830082 87.0 0.7106906
75.0601 87.0 0.86275977
62.640102 87.0 0.72000116
66.690094 87.0 0.7665528
76.14011 87.0 0.8751736
75.870125 87.0 0.8720704
67.77013 87.0 0.77896696
74.52016 87.0 0.8565535
67.7701 87.0 0.77896667
69.66012 87.0 0.800691
74.25014 87.0 0.8534498
73.98012 87.0 0.85034615
67.7701 87.0 0.77896667
69.1201 87.0 0.7944839
67.77013 87.0 0.77896696
69.66011 87.0 0.8006909
73.71012 87.0 0.8472428
65.61009 87.0 0.75413895
69.390114 87.0 0.7975875
76.140144 87.0 0.87517405
70.47014 87.0 0.8100016
74.520134 87.0 0.85655326
70.74013 87.0 0.8131049
61.56009 87.0 0.70758724
69.66008 87.0 0.8006906
68.3101 87.0 0.78517354
69.12013 87.0 0.79448426
60.480053 87.0 0.695173
72.09011 87.0 0.8286219
66.96009 87.0 0.76965624
68.0401 87.0 0.78207016
70.7401 87.0 0.81310457
73.98011 87.0 0.8503461
68.31011 87.0 0.7851737
61.290085 88.0 0.69647825
66.9601 88.0 0.7609102
73.17012 88.0 0.83147866
64.800095 88.0 0.7363647
61.290096 88.0 0.69647837
67.7701 88.0 0.77011484
68.3101 88.0 0.77625114
78.570145 88.0 0.8928426
64.530106 88.0 0.73329663
68.85012 88.0 0.78238773
63.450104 88.0 0.7210239
66.6901 88.0 0.75784206
71.82011 88.0 0.81613755
63.990116 88.0 0.7271604
65.88009 88.0 0.7486374
65.0701 88.0 0.73943293
66.690094 88.0 0.757842
65.3401 88.0 0.74250114
68.31012 88.0 0.7762513
63.45009 88.0 0.72102374
60.750088 88.0 0.6903419
68.3101 88.0 0.7762511
62.910095 88.0 0.71488744
61.56009 88.0 0.69954646
69.39012 88.0 0.78852415
61.560093 88.0 0.6995465
71.0101 88.0 0.806933
75.060104 88.0 0.85295576
53.73006 88.0 0.6105689
61.56008 88.0 0.6995464
62.640083 88.0 0.7118191
65.34011 88.0 0.74250126
61.830105 88.0 0.70261484
61.290077 88.0 0.6964781
65.8801 88.0 0.74863744
60.750088 88.0 0.6903419
65.88008 88.0 0.7486373
67.50011 88.0 0.7670467
73.98013 88.0 0.84068334
59.130074 88.0 0.67193264
59.940094 88.0 0.68113744
61.83008 89.0 0.69472
60.210087 89.0 0.67651784
63.9901 89.0 0.7189899
66.42009 89.0 0.7462931
56.430058 89.0 0.6340456
55.620094 89.0 0.62494487
58.320072 89.0 0.6552817
59.40008 89.0 0.66741663
63.4501 89.0 0.71292245
59.670074 89.0 0.67045027
60.750088 89.0 0.68258524
57.78006 89.0 0.64921415
54.540085 89.0 0.61280996
66.42011 89.0 0.74629337
63.990097 89.0 0.71898985
65.880066 89.0 0.74022543
63.990097 89.0 0.71898985
61.560078 89.0 0.6916863
67.50009 89.0 0.758428
60.210083 89.0 0.6765178
58.860073 89.0 0.6613491
62.100082 89.0 0.6977537
58.590084 89.0 0.65831554
59.67008 89.0 0.6704503
66.6901 89.0 0.74932694
63.180096 89.0 0.7098887
62.100082 89.0 0.6977537
62.640076 89.0 0.70382106
58.590084 89.0 0.65831554
61.29009 89.0 0.6886527
59.40008 89.0 0.66741663
62.910114 89.0 0.70685524
69.66011 89.0 0.78269786
62.9101 89.0 0.70685506
58.860073 89.0 0.6613491
65.340096 89.0 0.73415834
59.670094 89.0 0.6704505
59.940063 89.0 0.67348385
68.8501 89.0 0.77359664
63.990097 89.0 0.71898985
60.75008 89.0 0.6825852
54.81005 90.0 0.60900056
51.300056 90.0 0.57000065
56.700073 90.0 0.6300008
53.460052 90.0 0.5940006
58.590088 90.0 0.651001
56.430077 90.0 0.62700087
56.700073 90.0 0.6300008
55.620068 90.0 0.61800075
49.95004 90.0 0.5550004
49.41005 90.0 0.54900056
61.83008 90.0 0.6870009
51.570053 90.0 0.5730006
60.21008 90.0 0.66900086
56.700058 90.0 0.63000065
50.220062 90.0 0.5580007
59.94007 90.0 0.6660008
63.99008 90.0 0.7110009
59.40008 90.0 0.6600009
63.450108 90.0 0.7050012
66.96011 90.0 0.74400127
55.35006 90.0 0.61500067
57.780067 90.0 0.64200073
53.19005 90.0 0.59100056
52.920055 90.0 0.5880006
52.110054 90.0 0.5790006
56.43005 90.0 0.6270006
58.86006 90.0 0.6540007
56.970066 90.0 0.63300073
57.51008 90.0 0.6390009
52.380054 90.0 0.5820006
51.840046 90.0 0.5760005
57.240067 90.0 0.63600075
56.16006 90.0 0.62400067
56.43006 90.0 0.6270007
55.89008 90.0 0.6210009
50.49005 90.0 0.5610006
52.380054 90.0 0.5820006
55.890064 90.0 0.6210007
61.290073 90.0 0.6810008
59.40007 90.0 0.6600008
52.920055 90.0 0.5880006
