0.1 10001 135
0.1 10002 118
0.1 10003 118
0.1 10004 129
0.1 10005 135
0.1 10006 135
0.1 10007 113
0.1 10008 113
0.1 10009 113
0.1 10010 129
0.1 10011 135
0.1 10012 118
0.1 10013 118
0.1 10014 124
0.1 10015 135
0.1 10016 135
0.1 10017 135
0.1 10018 135
0.1 10019 129
0.1 10020 129
0.1 10021 118
0.1 10022 124
0.1 10023 135
0.1 10024 135
0.1 10025 135
0.1 10026 135
0.1 10027 135
0.1 10028 124
0.1 10029 129
0.1 10030 108
0.1 10031 118
0.1 10032 118
0.1 10033 135
0.1 10034 113
0.1 10035 108
0.1 10036 124
0.1 10037 135
0.1 10038 135
0.1 10039 135
0.1 10040 124
0.1 10041 118
0.1 10042 118
0.1 10043 118
0.1 10044 129
0.1 10045 129
0.1 10046 135
0.1 10047 135
0.1 10048 135
0.1 10049 135
0.1 10050 135
0.1 10051 113
0.1 10052 135
0.1 10053 129
0.1 10054 135
0.1 10055 135
0.1 10056 135
0.1 10057 129
0.1 10058 135
0.1 10059 135
0.1 10060 135
0.1 10061 124
0.1 10062 129
0.1 10063 135
0.1 10064 135
0.1 10065 135
0.1 10066 135
0.1 10067 135
0.1 10068 129
0.1 10069 135
0.1 10070 135
0.1 10071 135
0.1 10072 135
0.1 10073 135
0.1 10074 135
0.1 10075 124
0.1 10076 135
0.1 10077 135
0.1 10078 118
0.1 10079 129
0.1 10080 124
0.1 10081 124
0.1 10082 135
0.1 10083 118
0.1 10084 118
0.1 10085 124
0.1 10086 135
0.1 10087 135
0.1 10088 135
0.1 10089 135
0.1 10090 118
0.1 10091 135
0.1 10092 135
0.1 10093 124
0.1 10094 118
0.1 10095 135
0.1 10096 135
0.1 10097 135
0.1 10098 135
0.1 10099 129
0.1 10100 124
0.1 10101 91
0.1 10102 97
0.1 10103 97
0.1 10104 108
0.1 10105 129
0.1 10106 113
0.1 10107 113
0.1 10108 118
0.1 10109 118
0.1 10110 135
0.1 10111 124
0.1 10112 129
0.1 10113 135
0.1 10114 108
0.1 10115 113
0.1 10116 118
0.1 10117 135
0.1 10118 135
0.1 10119 135
0.1 10120 135
0.1 10121 135
0.1 10122 129
0.1 10123 135
0.1 10124 135
0.1 10125 135
0.1 10126 135
0.1 10127 135
0.1 10128 124
0.1 10129 118
0.1 10130 135
0.1 10131 129
0.1 10132 135
0.1 10133 135
0.1 10134 135
0.1 10135 118
0.1 10136 124
0.1 10137 135
0.1 10138 135
0.1 10139 135
0.1 10140 129
0.1 10141 135
0.1 10142 129
0.1 10143 124
0.1 10144 118
0.1 10145 118
0.1 10146 118
0.1 10147 118
0.1 10148 135
0.1 10149 135
0.1 10150 135
0.1 10151 129
0.1 10152 135
0.1 10153 135
0.1 10154 118
0.1 10155 135
0.1 10156 135
0.1 10157 118
0.1 10158 129
0.1 10159 135
0.1 10160 135
0.1 10161 135
0.1 10162 124
0.1 10163 118
0.1 10164 118
0.1 10165 135
0.1 10166 75
0.1 10167 0
0.1 10168 5
0.1 10169 0
0.1 10170 0
0.1 10171 16
0.1 10172 32
0.1 10173 43
0.1 10174 10
0.1 10175 10
0.1 10176 16
0.1 10177 16
0.1 10178 16
0.1 10179 16
0.1 10180 32
0.1 10181 43
0.1 10182 54
0.1 10183 48
0.1 10184 48
0.1 10185 48
0.1 10186 64
0.1 10187 81
0.1 10188 102
0.1 10189 108
0.1 10190 81
0.1 10191 81
0.1 10192 86
0.1 10193 102
0.1 10194 102
0.1 10195 124
0.1 10196 135
0.1 10197 135
0.1 10198 135
0.1 10199 135
0.1 10200 113
0.1 10201 124
0.1 10202 135
0.1 10203 124
0.1 10204 129
0.1 10205 135
0.1 10206 135
0.1 10207 118
0.1 10208 129
0.1 10209 135
0.1 10210 113
0.1 10211 124
0.1 10212 135
0.1 10213 135
0.1 10214 118
0.1 10215 118
0.1 10216 118
0.1 10217 135
0.1 10218 124
0.1 10219 124
0.1 10220 135
0.1 10221 135
0.1 10222 135
0.1 10223 135
0.1 10224 135
0.1 10225 129
0.1 10226 135
0.1 10227 124
0.1 10228 135
0.1 10229 135
0.1 10230 135
0.1 10231 135
0.1 10232 135
0.1 10233 135
0.1 10234 135
0.1 10235 135
0.1 10236 124
0.1 10237 135
0.1 10238 135
0.1 10239 135
0.1 10240 124
0.1 10241 135
0.1 10242 135
0.1 10243 135
0.1 10244 118
0.1 10245 135
0.1 10246 135
0.1 10247 118
0.1 10248 135
0.1 10249 135
0.1 10250 135
0.1 10251 135
0.1 10252 135
0.1 10253 135
0.1 10254 113
0.1 10255 135
0.1 10256 129
0.1 10257 135
0.1 10258 124
0.1 10259 118
0.1 10260 10
0.1 10261 21
0.1 10262 21
0.1 10263 0
0.1 10264 10
0.1 10265 5
0.1 10266 0
0.1 10267 5
0.1 10268 0
0.1 10269 0
0.1 10270 0
0.1 10271 0
0.1 10272 5
0.1 10273 21
0.1 10274 32
0.1 10275 32
0.1 10276 27
0.1 10277 0
0.1 10278 0
0.1 10279 0
0.1 10280 0
0.1 10281 0
0.1 10282 5
0.1 10283 10
0.1 10284 10
0.1 10285 27
0.1 10286 37
0.1 10287 54
0.1 10288 75
0.1 10289 81
0.1 10290 81
0.1 10291 91
0.1 10292 75
0.1 10293 59
0.1 10294 59
0.1 10295 64
0.1 10296 86
0.1 10297 108
0.1 10298 124
0.1 10299 135
0.1 10300 135
0.1 10301 135
0.1 10302 135
0.1 10303 118
0.1 10304 118
0.1 10305 129
0.1 10306 135
0.1 10307 135
0.1 10308 108
0.1 10309 108
0.1 10310 108
0.1 10311 129
0.1 10312 129
0.1 10313 135
0.1 10314 135
0.1 10315 118
0.1 10316 124
0.1 10317 135
0.1 10318 135
0.1 10319 135
0.1 10320 135
0.1 10321 124
0.1 10322 129
0.1 10323 135
0.1 10324 124
0.1 10325 129
0.1 10326 135
0.1 10327 135
0.1 10328 135
0.1 10329 135
0.1 10330 118
0.1 10331 135
0.1 10332 135
0.1 10333 135
0.1 10334 129
0.1 10335 113
0.1 10336 129
0.1 10337 135
0.1 10338 135
0.1 10339 135
0.1 10340 135
0.1 10341 135
0.1 10342 135
0.1 10343 135
0.1 10344 124
0.1 10345 118
0.1 10346 124
0.1 10347 118
0.1 10348 97
0.1 10349 86
0.1 10350 97
0.1 10351 97
0.1 10352 118
0.1 10353 135
0.1 10354 135
0.1 10355 124
0.1 10356 124
0.1 10357 118
0.1 10358 129
0.1 10359 129
0.1 10360 129
0.1 10361 135
0.1 10362 108
0.1 10363 118
0.1 10364 135
0.1 10365 135
0.1 10366 135
0.1 10367 135
0.1 10368 135
0.1 10369 135
0.1 10370 135
0.1 10371 135
0.1 10372 135
0.1 10373 135
0.1 10374 124
0.1 10375 135
0.1 10376 113
0.1 10377 135
0.1 10378 135
0.1 10379 135
0.1 10380 135
0.1 10381 135
0.1 10382 124
0.1 10383 135
0.1 10384 129
0.1 10385 113
0.1 10386 118
0.1 10387 118
0.1 10388 118
0.1 10389 135
0.1 10390 113
0.1 10391 129
0.1 10392 135
0.1 10393 135
0.1 10394 135
0.1 10395 135
0.1 10396 124
0.1 10397 135
0.1 10398 113
0.1 10399 135
0.1 10400 135
0.1 10401 135
0.1 10402 118
0.1 10403 129
0.1 10404 124
0.1 10405 135
0.1 10406 135
0.1 10407 118
0.1 10408 118
0.1 10409 118
0.1 10410 135
0.1 10411 135
0.1 10412 113
0.1 10413 113
0.1 10414 113
0.1 10415 129
0.1 10416 135
0.1 10417 118
0.1 10418 129
0.1 10419 135
0.1 10420 135
0.1 10421 135
0.1 10422 135
0.1 10423 135
0.1 10424 129
0.1 10425 118
0.1 10426 135
0.1 10427 135
0.1 10428 135
0.1 10429 118
0.1 10430 118
0.1 10431 118
0.1 10432 118
0.1 10433 118
0.1 10434 129
0.1 10435 135
0.1 10436 118
0.1 10437 118
0.1 10438 135
0.1 10439 118
0.1 10440 135
0.1 10441 118
0.1 10442 135
0.1 10443 124
0.1 10444 135
0.1 10445 124
0.1 10446 124
0.1 10447 124
0.1 10448 124
0.1 10449 135
0.1 10450 135
0.1 10451 124
0.1 10452 135
0.1 10453 135
0.1 10454 135
0.1 10455 135
0.1 10456 135
0.1 10457 118
0.1 10458 135
0.1 10459 135
0.1 10460 113
0.1 10461 135
0.1 10462 124
0.1 10463 135
0.1 10464 135
0.1 10465 124
0.1 10466 118
0.1 10467 124
0.1 10468 118
0.1 10469 135
0.1 10470 135
0.1 10471 135
0.1 10472 135
0.1 10473 135
0.1 10474 118
0.1 10475 129
0.1 10476 135
0.1 10477 135
0.1 10478 135
0.1 10479 135
0.1 10480 118
0.1 10481 97
0.1 10482 108
0.1 10483 108
0.1 10484 108
0.1 10485 108
0.1 10486 129
0.1 10487 135
0.1 10488 118
0.1 10489 129
0.1 10490 135
0.1 10491 135
0.1 10492 124
0.1 10493 124
0.1 10494 108
0.1 10495 129
0.1 10496 135
0.1 10497 135
0.1 10498 113
0.1 10499 124
0.1 10500 124
0.1 10501 135
0.1 10502 113
0.1 10503 124
0.1 10504 113
0.1 10505 129
0.1 10506 135
0.1 10507 118
0.1 10508 118
0.1 10509 129
0.1 10510 135
0.1 10511 135
0.1 10512 135
0.1 10513 135
0.1 10514 135
0.1 10515 135
0.1 10516 118
0.1 10517 135
0.1 10518 135
0.1 10519 135
0.1 10520 135
0.1 10521 135
0.1 10522 135
0.1 10523 135
0.1 10524 118
0.1 10525 118
0.1 10526 118
0.1 10527 135
0.1 10528 135
0.1 10529 135
0.1 10530 135
0.1 10531 129
0.1 10532 124
0.1 10533 135
0.1 10534 135
0.1 10535 135
0.1 10536 135
0.1 10537 135
0.1 10538 135
0.1 10539 135
0.1 10540 129
0.1 10541 135
0.1 10542 135
0.1 10543 124
0.1 10544 135
0.1 10545 135
0.1 10546 135
0.1 10547 135
0.1 10548 135
0.1 10549 135
0.1 10550 118
0.1 10551 135
0.1 10552 113
0.1 10553 124
0.1 10554 135
0.1 10555 135
0.1 10556 124
0.1 10557 113
0.1 10558 129
0.1 10559 135
0.1 10560 118
0.1 10561 118
0.1 10562 118
0.1 10563 135
0.1 10564 129
0.1 10565 135
0.1 10566 135
0.1 10567 124
0.1 10568 118
0.1 10569 118
0.1 10570 129
0.1 10571 124
0.1 10572 135
0.1 10573 135
0.1 10574 135
0.1 10575 135
0.1 10576 135
0.1 10577 135
0.1 10578 124
0.1 10579 135
0.1 10580 124
0.1 10581 135
0.1 10582 135
0.1 10583 135
0.1 10584 135
0.1 10585 129
0.1 10586 129
0.1 10587 135
0.1 10588 135
0.1 10589 135
0.1 10590 135
0.1 10591 135
0.1 10592 118
0.1 10593 129
0.1 10594 135
0.1 10595 135
0.1 10596 135
0.1 10597 124
0.1 10598 129
0.1 10599 16
0.1 10600 0
0.1 10601 0
0.1 10602 0
0.1 10603 0
0.1 10604 0
0.1 10605 0
0.1 10606 5
0.1 10607 16
0.1 10608 16
0.1 10609 21
0.1 10610 27
0.1 10611 27
0.1 10612 27
0.1 10613 43
0.1 10614 59
0.1 10615 75
0.1 10616 81
0.1 10617 81
0.1 10618 81
0.1 10619 0
0.1 10620 0
0.1 10621 0
0.1 10622 0
0.1 10623 0
0.1 10624 5
0.1 10625 16
0.1 10626 32
0.1 10627 37
0.1 10628 43
0.1 10629 54
0.1 10630 59
0.1 10631 81
0.1 10632 91
0.1 10633 91
0.1 10634 108
0.1 10635 108
0.1 10636 124
0.1 10637 129
0.1 10638 113
0.1 10639 135
0.1 10640 135
0.1 10641 135
0.1 10642 135
0.1 10643 129
0.1 10644 135
0.1 10645 135
0.1 10646 135
0.1 10647 118
0.1 10648 118
0.1 10649 135
0.1 10650 129
0.1 10651 135
0.1 10652 135
0.1 10653 135
0.1 10654 135
0.1 10655 135
0.1 10656 113
0.1 10657 118
0.1 10658 124
0.1 10659 118
0.1 10660 129
0.1 10661 135
0.1 10662 129
0.1 10663 118
0.1 10664 135
0.1 10665 135
0.1 10666 118
0.1 10667 124
0.1 10668 135
0.1 10669 124
0.1 10670 135
0.1 10671 135
0.1 10672 135
0.1 10673 135
0.1 10674 135
0.1 10675 135
0.1 10676 135
0.1 10677 135
0.1 10678 135
0.1 10679 135
0.1 10680 108
0.1 10681 124
0.1 10682 124
0.1 10683 124
0.1 10684 129
0.1 10685 129
0.1 10686 129
0.1 10687 108
0.1 10688 118
0.1 10689 97
0.1 10690 113
0.1 10691 135
0.1 10692 135
0.1 10693 113
0.1 10694 113
0.1 10695 129
0.1 10696 124
0.1 10697 135
0.1 10698 135
0.1 10699 135
0.1 10700 135
0.1 10701 135
0.1 10702 135
0.1 10703 129
0.1 10704 135
0.1 10705 5
0.1 10706 0
0.1 10707 0
0.1 10708 0
0.1 10709 0
0.1 10710 0
0.1 10711 5
0.1 10712 0
0.1 10713 0
0.1 10714 0
0.1 10715 5
0.1 10716 0
0.1 10717 10
0.1 10718 5
0.1 10719 16
0.1 10720 10
0.1 10721 0
0.1 10722 10
0.1 10723 16
0.1 10724 0
0.1 10725 0
0.1 10726 0
0.1 10727 0
0.1 10728 0
0.1 10729 0
0.1 10730 0
0.1 10731 5
0.1 10732 0
0.1 10733 0
0.1 10734 0
0.1 10735 0
0.1 10736 0
0.1 10737 21
0.1 10738 37
0.1 10739 48
0.1 10740 70
0.1 10741 70
0.1 10742 70
0.1 10743 70
0.1 10744 70
0.1 10745 81
0.1 10746 81
0.1 10747 97
0.1 10748 97
0.1 10749 113
0.1 10750 124
0.1 10751 135
0.1 10752 135
0.1 10753 135
0.1 10754 135
0.1 10755 135
0.1 10756 135
0.1 10757 135
0.1 10758 135
0.1 10759 135
0.1 10760 129
0.1 10761 135
0.1 10762 135
0.1 10763 135
0.1 10764 135
0.1 10765 135
0.1 10766 129
0.1 10767 135
0.1 10768 124
0.1 10769 135
0.1 10770 135
0.1 10771 135
0.1 10772 135
0.1 10773 113
0.1 10774 124
0.1 10775 135
0.1 10776 135
0.1 10777 129
0.1 10778 135
0.1 10779 135
0.1 10780 135
0.1 10781 135
0.1 10782 129
0.1 10783 113
0.1 10784 113
0.1 10785 129
0.1 10786 135
0.1 10787 135
0.1 10788 118
0.1 10789 135
0.1 10790 135
0.1 10791 135
0.1 10792 135
0.1 10793 124
0.1 10794 135
0.1 10795 135
0.1 10796 129
0.1 10797 124
0.1 10798 135
0.1 10799 135
0.1 10800 135
0.1 10801 135
0.1 10802 113
0.1 10803 129
0.1 10804 135
0.1 10805 135
0.1 10806 135
0.1 10807 135
0.1 10808 135
0.1 10809 135
0.1 10810 135
0.1 10811 135
0.1 10812 135
0.1 10813 135
0.1 10814 118
0.1 10815 135
0.1 10816 124
0.1 10817 135
0.1 10818 129
0.1 10819 135
0.1 10820 135
0.1 10821 118
0.1 10822 108
0.1 10823 108
0.1 10824 118
0.1 10825 129
0.1 10826 135
0.1 10827 113
0.1 10828 113
0.1 10829 129
0.1 10830 135
0.1 10831 135
0.1 10832 129
0.1 10833 135
0.1 10834 135
0.1 10835 135
0.1 10836 135
0.1 10837 135
0.1 10838 124
0.1 10839 124
0.1 10840 113
0.1 10841 135
0.1 10842 135
0.1 10843 135
0.1 10844 113
0.1 10845 113
0.1 10846 129
0.1 10847 135
0.1 10848 135
0.1 10849 135
0.1 10850 124
0.1 10851 135
0.1 10852 135
0.1 10853 118
0.1 10854 124
0.1 10855 113
0.1 10856 113
0.1 10857 129
0.1 10858 135
0.1 10859 135
0.1 10860 129
0.1 10861 124
0.1 10862 129
0.1 10863 129
0.1 10864 135
0.1 10865 118
0.1 10866 124
0.1 10867 135
0.1 10868 135
0.1 10869 118
0.1 10870 135
0.1 10871 135
0.1 10872 118
0.1 10873 118
0.1 10874 124
0.1 10875 118
0.1 10876 135
0.1 10877 124
0.1 10878 135
0.1 10879 135
0.1 10880 135
0.1 10881 135
0.1 10882 135
0.1 10883 135
0.1 10884 124
0.1 10885 135
0.1 10886 135
0.1 10887 129
0.1 10888 135
0.1 10889 135
0.1 10890 124
0.1 10891 135
0.1 10892 135
0.1 10893 135
0.1 10894 118
0.1 10895 135
0.1 10896 124
0.1 10897 135
0.1 10898 124
0.1 10899 135
0.1 10900 135
0.1 10901 135
0.1 10902 113
0.1 10903 113
0.1 10904 124
0.1 10905 124
0.1 10906 135
0.1 10907 135
0.1 10908 135
0.1 10909 135
0.1 10910 135
0.1 10911 118
0.1 10912 129
0.1 10913 113
0.1 10914 124
0.1 10915 135
0.1 10916 135
0.1 10917 113
0.1 10918 113
0.1 10919 124
0.1 10920 113
0.1 10921 129
0.1 10922 135
0.1 10923 118
0.1 10924 113
0.1 10925 124
0.1 10926 124
0.1 10927 135
0.1 10928 124
0.1 10929 124
0.1 10930 118
0.1 10931 135
0.1 10932 135
0.1 10933 124
0.1 10934 129
0.1 10935 135
0.1 10936 135
0.1 10937 124
0.1 10938 118
0.1 10939 118
0.1 10940 135
0.1 10941 129
0.1 10942 135
0.1 10943 118
0.1 10944 135
0.1 10945 113
0.1 10946 129
0.1 10947 135
0.1 10948 135
0.1 10949 108
0.1 10950 124
0.1 10951 135
0.1 10952 129
0.1 10953 124
0.1 10954 135
0.1 10955 124
0.1 10956 129
0.1 10957 124
0.1 10958 135
0.1 10959 135
0.1 10960 135
0.1 10961 135
0.1 10962 135
0.1 10963 118
0.1 10964 118
0.1 10965 135
0.1 10966 135
0.1 10967 135
0.1 10968 135
0.1 10969 135
0.1 10970 124
0.1 10971 135
0.1 10972 135
0.1 10973 135
0.1 10974 135
0.1 10975 118
0.1 10976 129
0.1 10977 135
0.1 10978 135
0.1 10979 135
0.1 10980 135
0.1 10981 135
0.1 10982 129
0.1 10983 135
0.1 10984 135
0.1 10985 135
0.1 10986 135
0.1 10987 135
0.1 10988 118
0.1 10989 135
0.1 10990 135
0.1 10991 135
0.1 10992 135
0.1 10993 135
0.1 10994 135
0.1 10995 135
0.1 10996 135
0.1 10997 135
0.1 10998 124
0.1 10999 108
0.1 11000 108
0.1 11001 108
0.1 11002 129
0.1 11003 135
0.1 11004 135
0.1 11005 135
0.1 11006 135
0.1 11007 135
0.1 11008 135
0.1 11009 118
0.1 11010 135
0.1 11011 129
0.1 11012 135
0.1 11013 135
0.1 11014 118
0.1 11015 135
0.1 11016 124
0.1 11017 108
0.1 11018 124
0.1 11019 135
0.1 11020 135
0.1 11021 135
0.1 11022 124
0.1 11023 124
0.1 11024 135
0.1 11025 135
0.1 11026 118
0.1 11027 113
0.1 11028 124
0.1 11029 135
0.1 11030 135
0.1 11031 135
0.1 11032 135
0.1 11033 135
0.1 11034 135
0.1 11035 135
0.1 11036 135
0.1 11037 124
0.1 11038 135
0.1 11039 135
0.1 11040 129
0.1 11041 118
0.1 11042 118
0.1 11043 135
0.1 11044 129
0.1 11045 135
0.1 11046 135
0.1 11047 113
0.1 11048 124
0.1 11049 135
0.1 11050 135
0.1 11051 135
0.1 11052 135
0.1 11053 135
0.1 11054 118
0.1 11055 129
0.1 11056 113
0.1 11057 135
0.1 11058 135
0.1 11059 135
0.1 11060 135
0.1 11061 118
0.1 11062 102
0.1 11063 102
0.1 11064 102
0.1 11065 102
0.1 11066 118
0.1 11067 124
0.1 11068 135
0.1 11069 118
0.1 11070 124
0.1 11071 75
0.1 11072 0
0.1 11073 5
0.1 11074 5
0.1 11075 16
0.1 11076 5
0.1 11077 0
0.1 11078 0
0.1 11079 0
0.1 11080 0
0.1 11081 10
0.1 11082 10
0.1 11083 10
0.1 11084 27
0.1 11085 43
0.1 11086 59
0.1 11087 81
0.1 11088 97
0.1 11089 102
0.1 11090 102
0.1 11091 118
0.1 11092 124
0.1 11093 118
0.1 11094 135
0.1 11095 118
0.1 11096 135
0.1 11097 129
0.1 11098 32
0.1 11099 37
0.1 11100 0
0.1 11101 0
0.1 11102 0
0.1 11103 21
0.1 11104 37
0.1 11105 32
0.1 11106 5
0.1 11107 5
0.1 11108 16
0.1 11109 16
0.1 11110 16
0.1 11111 32
0.1 11112 48
0.1 11113 48
0.1 11114 64
0.1 11115 64
0.1 11116 64
0.1 11117 70
0.1 11118 86
0.1 11119 97
0.1 11120 108
0.1 11121 135
0.1 11122 135
0.1 11123 108
0.1 11124 108
0.1 11125 124
0.1 11126 118
0.1 11127 118
0.1 11128 129
0.1 11129 129
0.1 11130 135
0.1 11131 135
0.1 11132 135
0.1 11133 135
0.1 11134 124
0.1 11135 135
0.1 11136 135
0.1 11137 113
0.1 11138 113
0.1 11139 113
0.1 11140 129
0.1 11141 113
0.1 11142 129
0.1 11143 113
0.1 11144 129
0.1 11145 129
0.1 11146 135
0.1 11147 135
0.1 11148 135
0.1 11149 135
0.1 11150 135
0.1 11151 135
0.1 11152 135
0.1 11153 135
0.1 11154 135
0.1 11155 135
0.1 11156 135
0.1 11157 118
0.1 11158 118
0.1 11159 135
0.1 11160 135
0.1 11161 135
0.1 11162 86
0.1 11163 0
0.1 11164 0
0.1 11165 0
0.1 11166 10
0.1 11167 32
0.1 11168 21
0.1 11169 0
0.1 11170 0
0.1 11171 5
0.1 11172 5
0.1 11173 10
0.1 11174 10
0.1 11175 10
0.1 11176 27
0.1 11177 27
0.1 11178 27
0.1 11179 37
0.1 11180 37
0.1 11181 37
0.1 11182 37
0.1 11183 37
0.1 11184 59
0.1 11185 59
0.1 11186 59
0.1 11187 59
0.1 11188 59
0.1 11189 59
0.1 11190 59
0.1 11191 75
0.1 11192 75
0.1 11193 75
0.1 11194 91
0.1 11195 108
0.1 11196 118
0.1 11197 113
0.1 11198 113
0.1 11199 124
0.1 11200 124
0.1 11201 135
0.1 11202 135
0.1 11203 135
0.1 11204 48
0.1 11205 0
0.1 11206 5
0.1 11207 5
0.1 11208 0
0.1 11209 5
0.1 11210 5
0.1 11211 10
0.1 11212 10
0.1 11213 0
0.1 11214 0
0.1 11215 0
0.1 11216 0
0.1 11217 0
0.1 11218 16
0.1 11219 27
0.1 11220 37
0.1 11221 37
0.1 11222 27
0.1 11223 27
0.1 11224 10
0.1 11225 5
0.1 11226 21
0.1 11227 5
0.1 11228 0
0.1 11229 0
0.1 11230 21
0.1 11231 21
0.1 11232 27
0.1 11233 37
0.1 11234 59
0.1 11235 70
0.1 11236 70
0.1 11237 86
0.1 11238 102
0.1 11239 113
0.1 11240 124
0.1 11241 113
0.1 11242 129
0.1 11243 135
0.1 11244 135
0.1 11245 135
0.1 11246 135
0.1 11247 129
0.1 11248 135
0.1 11249 135
0.1 11250 135
0.1 11251 135
0.1 11252 135
0.1 11253 118
0.1 11254 124
0.1 11255 118
0.1 11256 129
0.1 11257 135
0.1 11258 135
0.1 11259 135
0.1 11260 135
0.1 11261 135
0.1 11262 135
0.1 11263 135
0.1 11264 135
0.1 11265 135
0.1 11266 118
0.1 11267 135
0.1 11268 124
0.1 11269 135
0.1 11270 135
0.1 11271 113
0.1 11272 113
0.1 11273 135
0.1 11274 135
0.1 11275 135
0.1 11276 135
0.1 11277 118
0.1 11278 118
0.1 11279 129
0.1 11280 135
0.1 11281 135
0.1 11282 135
0.1 11283 118
0.1 11284 135
0.1 11285 135
0.1 11286 135
0.1 11287 113
0.1 11288 124
0.1 11289 135
0.1 11290 135
0.1 11291 135
0.1 11292 118
0.1 11293 118
0.1 11294 135
0.1 11295 113
0.1 11296 113
0.1 11297 129
0.1 11298 135
0.1 11299 124
0.1 11300 135
0.1 11301 124
0.1 11302 118
0.1 11303 135
0.1 11304 135
0.1 11305 135
0.1 11306 135
0.1 11307 113
0.1 11308 129
0.1 11309 135
0.1 11310 135
0.1 11311 124
0.1 11312 135
0.1 11313 124
0.1 11314 135
0.1 11315 118
0.1 11316 118
0.1 11317 135
0.1 11318 135
0.1 11319 135
0.1 11320 135
0.1 11321 135
0.1 11322 135
0.1 11323 135
0.1 11324 135
0.1 11325 135
0.1 11326 118
0.1 11327 118
0.1 11328 135
0.1 11329 135
0.1 11330 118
0.1 11331 124
0.1 11332 129
0.1 11333 135
0.1 11334 135
0.1 11335 135
0.1 11336 135
0.1 11337 135
0.1 11338 135
0.1 11339 135
0.1 11340 135
0.1 11341 135
0.1 11342 124
0.1 11343 129
0.1 11344 129
0.1 11345 135
0.1 11346 135
0.1 11347 135
0.1 11348 135
0.1 11349 135
0.1 11350 129
0.1 11351 135
0.1 11352 108
0.1 11353 118
0.1 11354 124
0.1 11355 135
0.1 11356 135
0.1 11357 135
0.1 11358 135
0.1 11359 135
0.1 11360 135
0.1 11361 124
0.1 11362 118
0.1 11363 118
0.1 11364 135
0.1 11365 135
0.1 11366 135
0.1 11367 135
0.1 11368 129
0.1 11369 118
0.1 11370 135
0.1 11371 135
0.1 11372 108
0.1 11373 118
0.1 11374 118
0.1 11375 135
0.1 11376 135
0.1 11377 135
0.1 11378 135
0.1 11379 135
0.1 11380 135
0.1 11381 135
0.1 11382 135
0.1 11383 135
0.1 11384 135
0.1 11385 129
0.1 11386 129
0.1 11387 113
0.1 11388 129
0.1 11389 102
0.1 11390 118
0.1 11391 118
0.1 11392 124
0.1 11393 135
0.1 11394 135
0.1 11395 135
0.1 11396 135
0.1 11397 135
0.1 11398 135
0.1 11399 135
0.1 11400 129
0.1 11401 118
0.1 11402 118
0.1 11403 118
0.1 11404 124
0.1 11405 135
0.1 11406 135
0.1 11407 135
0.1 11408 129
0.1 11409 129
0.1 11410 135
0.1 11411 124
0.1 11412 135
0.1 11413 135
0.1 11414 135
0.1 11415 135
0.1 11416 135
0.1 11417 135
0.1 11418 135
0.1 11419 108
0.1 11420 108
0.1 11421 124
0.1 11422 135
0.1 11423 135
0.1 11424 135
0.1 11425 135
0.1 11426 124
0.1 11427 102
0.1 11428 102
0.1 11429 113
0.1 11430 135
0.1 11431 124
0.1 11432 129
0.1 11433 135
0.1 11434 135
0.1 11435 135
0.1 11436 118
0.1 11437 124
0.1 11438 113
0.1 11439 113
0.1 11440 113
0.1 11441 135
0.1 11442 118
0.1 11443 135
0.1 11444 135
0.1 11445 135
0.1 11446 135
0.1 11447 135
0.1 11448 129
0.1 11449 135
0.1 11450 135
0.1 11451 135
0.1 11452 135
0.1 11453 135
0.1 11454 135
0.1 11455 135
0.1 11456 108
0.1 11457 108
0.1 11458 108
0.1 11459 124
0.1 11460 135
0.1 11461 118
0.1 11462 113
0.1 11463 129
0.1 11464 135
0.1 11465 118
0.1 11466 129
0.1 11467 135
0.1 11468 135
0.1 11469 135
0.1 11470 118
0.1 11471 118
0.1 11472 129
0.1 11473 124
0.1 11474 124
0.1 11475 135
0.1 11476 135
0.1 11477 135
0.1 11478 135
0.1 11479 135
0.1 11480 135
0.1 11481 118
0.1 11482 113
0.1 11483 113
0.1 11484 118
0.1 11485 124
0.1 11486 118
0.1 11487 118
0.1 11488 118
0.1 11489 129
0.1 11490 135
0.1 11491 135
0.1 11492 135
0.1 11493 135
0.1 11494 118
0.1 11495 118
0.1 11496 124
0.1 11497 129
0.1 11498 135
0.1 11499 135
0.1 11500 135
0.1 11501 129
0.1 11502 135
0.1 11503 135
0.1 11504 118
0.1 11505 118
0.1 11506 124
0.1 11507 124
0.1 11508 129
0.1 11509 135
0.1 11510 135
0.1 11511 124
0.1 11512 118
0.1 11513 113
0.1 11514 113
0.1 11515 113
0.1 11516 124
0.1 11517 124
0.1 11518 135
0.1 11519 135
0.1 11520 135
0.1 11521 135
0.1 11522 135
0.1 11523 124
0.1 11524 113
0.1 11525 124
0.1 11526 118
0.1 11527 135
0.1 11528 135
0.1 11529 118
0.1 11530 118
0.1 11531 118
0.1 11532 113
0.1 11533 135
0.1 11534 135
0.1 11535 135
0.1 11536 135
0.1 11537 135
0.1 11538 135
0.1 11539 135
0.1 11540 118
0.1 11541 118
0.1 11542 118
0.1 11543 118
0.1 11544 124
0.1 11545 129
0.1 11546 135
0.1 11547 135
0.1 11548 135
0.1 11549 135
0.1 11550 135
0.1 11551 118
0.1 11552 124
0.1 11553 129
0.1 11554 118
0.1 11555 129
0.1 11556 135
0.1 11557 135
0.1 11558 135
0.1 11559 135
0.1 11560 135
0.1 11561 135
0.1 11562 135
0.1 11563 135
0.1 11564 135
0.1 11565 118
0.1 11566 129
0.1 11567 135
0.1 11568 135
0.1 11569 135
0.1 11570 124
0.1 11571 135
0.1 11572 135
0.1 11573 113
0.1 11574 129
0.1 11575 135
0.1 11576 135
0.1 11577 135
0.1 11578 135
0.1 11579 118
0.1 11580 118
0.1 11581 113
0.1 11582 124
0.1 11583 135
0.1 11584 124
0.1 11585 129
0.1 11586 135
0.1 11587 135
0.1 11588 113
0.1 11589 129
0.1 11590 129
0.1 11591 135
0.1 11592 118
0.1 11593 129
0.1 11594 113
0.1 11595 113
0.1 11596 113
0.1 11597 135
0.1 11598 135
0.1 11599 135
0.1 11600 135
0.1 11601 135
0.1 11602 118
0.1 11603 124
0.1 11604 129
0.1 11605 135
0.1 11606 135
0.1 11607 118
0.1 11608 135
0.1 11609 135
0.1 11610 129
0.1 11611 135
0.1 11612 135
0.1 11613 113
0.1 11614 5
0.1 11615 0
0.1 11616 0
0.1 11617 0
0.1 11618 0
0.1 11619 0
0.1 11620 16
0.1 11621 10
0.1 11622 0
0.1 11623 0
0.1 11624 0
0.1 11625 0
0.1 11626 0
0.1 11627 0
0.1 11628 5
0.1 11629 16
0.1 11630 32
0.1 11631 27
0.1 11632 0
0.1 11633 5
0.1 11634 16
0.1 11635 0
0.1 11636 5
0.1 11637 5
0.1 11638 27
0.1 11639 27
0.1 11640 27
0.1 11641 32
0.1 11642 43
0.1 11643 43
0.1 11644 43
0.1 11645 43
0.1 11646 43
0.1 11647 48
0.1 11648 5
0.1 11649 5
0.1 11650 10
0.1 11651 0
0.1 11652 0
0.1 11653 0
0.1 11654 0
0.1 11655 0
0.1 11656 21
0.1 11657 32
0.1 11658 37
0.1 11659 16
0.1 11660 0
0.1 11661 0
0.1 11662 10
0.1 11663 5
0.1 11664 10
0.1 11665 21
0.1 11666 0
0.1 11667 16
0.1 11668 27
0.1 11669 21
0.1 11670 37
0.1 11671 43
0.1 11672 59
0.1 11673 70
0.1 11674 64
0.1 11675 81
0.1 11676 81
0.1 11677 91
0.1 11678 97
0.1 11679 102
0.1 11680 97
0.1 11681 108
0.1 11682 118
0.1 11683 97
0.1 11684 0
0.1 11685 10
0.1 11686 27
0.1 11687 0
0.1 11688 0
0.1 11689 0
0.1 11690 0
0.1 11691 0
0.1 11692 0
0.1 11693 0
0.1 11694 5
0.1 11695 5
0.1 11696 5
0.1 11697 5
0.1 11698 5
0.1 11699 10
0.1 11700 21
0.1 11701 37
0.1 11702 43
0.1 11703 59
0.1 11704 75
0.1 11705 97
0.1 11706 54
0.1 11707 64
0.1 11708 64
0.1 11709 64
0.1 11710 64
0.1 11711 86
0.1 11712 102
0.1 11713 124
0.1 11714 135
0.1 11715 135
0.1 11716 124
0.1 11717 129
0.1 11718 135
0.1 11719 48
0.1 11720 48
0.1 11721 59
0.1 11722 59
0.1 11723 59
0.1 11724 75
0.1 11725 91
0.1 11726 86
0.1 11727 102
0.1 11728 108
0.1 11729 86
0.1 11730 70
0.1 11731 70
0.1 11732 81
0.1 11733 97
0.1 11734 113
0.1 11735 124
0.1 11736 135
0.1 11737 118
0.1 11738 124
0.1 11739 108
0.1 11740 124
0.1 11741 135
0.1 11742 113
0.1 11743 118
0.1 11744 124
0.1 11745 135
0.1 11746 135
0.1 11747 118
0.1 11748 124
0.1 11749 135
0.1 11750 118
0.1 11751 118
0.1 11752 118
0.1 11753 135
0.1 11754 124
0.1 11755 129
0.1 11756 135
0.1 11757 135
0.1 11758 113
0.1 11759 124
0.1 11760 135
0.1 11761 124
0.1 11762 135
0.1 11763 118
0.1 11764 118
0.1 11765 135
0.1 11766 135
0.1 11767 118
0.1 11768 129
0.1 11769 135
0.1 11770 135
0.1 11771 135
0.1 11772 135
0.1 11773 135
0.1 11774 118
0.1 11775 129
0.1 11776 129
0.1 11777 124
0.1 11778 124
0.1 11779 124
0.1 11780 108
0.1 11781 124
0.1 11782 135
0.1 11783 113
0.1 11784 135
0.1 11785 135
0.1 11786 135
0.1 11787 135
0.1 11788 129
0.1 11789 124
0.1 11790 135
0.1 11791 135
0.1 11792 135
0.1 11793 135
0.1 11794 135
0.1 11795 118
0.1 11796 108
0.1 11797 108
0.1 11798 108
0.1 11799 124
0.1 11800 135
0.1 11801 135
0.1 11802 135
0.1 11803 135
0.1 11804 113
0.1 11805 118
0.1 11806 129
0.1 11807 135
0.1 11808 135
0.1 11809 113
0.1 11810 113
0.1 11811 129
0.1 11812 129
0.1 11813 135
0.1 11814 118
0.1 11815 135
0.1 11816 135
0.1 11817 135
0.1 11818 124
0.1 11819 135
0.1 11820 135
0.1 11821 113
0.1 11822 124
0.1 11823 135
0.1 11824 129
0.1 11825 135
0.1 11826 135
0.1 11827 124
0.1 11828 135
0.1 11829 129
0.1 11830 118
0.1 11831 135
0.1 11832 135
0.1 11833 118
0.1 11834 124
0.1 11835 135
0.1 11836 135
0.1 11837 135
0.1 11838 118
0.1 11839 129
0.1 11840 135
0.1 11841 135
0.1 11842 135
0.1 11843 135
0.1 11844 118
0.1 11845 118
0.1 11846 118
0.1 11847 129
0.1 11848 135
0.1 11849 135
0.1 11850 135
0.1 11851 135
0.1 11852 135
0.1 11853 118
0.1 11854 118
0.1 11855 135
0.1 11856 135
0.1 11857 135
0.1 11858 135
0.1 11859 135
0.1 11860 135
0.1 11861 135
0.1 11862 118
0.1 11863 129
0.1 11864 135
0.1 11865 135
0.1 11866 118
0.1 11867 118
0.1 11868 135
0.1 11869 124
0.1 11870 135
0.1 11871 135
0.1 11872 135
0.1 11873 135
0.1 11874 135
0.1 11875 135
0.1 11876 113
0.1 11877 108
0.1 11878 113
0.1 11879 124
0.1 11880 135
0.1 11881 118
0.1 11882 118
0.1 11883 118
0.1 11884 135
0.1 11885 135
0.1 11886 135
0.1 11887 135
0.1 11888 135
0.1 11889 135
0.1 11890 135
0.1 11891 135
0.1 11892 113
0.1 11893 135
0.1 11894 135
0.1 11895 135
0.1 11896 124
0.1 11897 129
0.1 11898 124
0.1 11899 135
0.1 11900 135
0.1 11901 129
0.1 11902 118
0.1 11903 135
0.1 11904 135
0.1 11905 135
0.1 11906 135
0.1 11907 135
0.1 11908 113
0.1 11909 124
0.1 11910 135
0.1 11911 113
0.1 11912 113
0.1 11913 124
0.1 11914 135
0.1 11915 124
0.1 11916 135
0.1 11917 135
0.1 11918 135
0.1 11919 135
0.1 11920 135
0.1 11921 135
0.1 11922 135
0.1 11923 124
0.1 11924 118
0.1 11925 135
0.1 11926 135
0.1 11927 135
0.1 11928 135
0.1 11929 135
0.1 11930 135
0.1 11931 135
0.1 11932 135
0.1 11933 135
0.1 11934 118
0.1 11935 129
0.1 11936 124
0.1 11937 135
0.1 11938 135
0.1 11939 118
0.1 11940 118
0.1 11941 135
0.1 11942 135
0.1 11943 135
0.1 11944 135
0.1 11945 135
0.1 11946 135
0.1 11947 135
0.1 11948 135
0.1 11949 135
0.1 11950 129
0.1 11951 135
0.1 11952 129
0.1 11953 118
0.1 11954 124
0.1 11955 108
0.1 11956 124
0.1 11957 135
0.1 11958 118
0.1 11959 118
0.1 11960 124
0.1 11961 135
0.1 11962 118
0.1 11963 118
0.1 11964 124
0.1 11965 124
0.1 11966 135
0.1 11967 135
0.1 11968 129
0.1 11969 124
0.1 11970 135
0.1 11971 135
0.1 11972 135
0.1 11973 135
0.1 11974 118
0.1 11975 129
0.1 11976 135
0.1 11977 135
0.1 11978 135
0.1 11979 118
0.1 11980 135
0.1 11981 135
0.1 11982 135
0.1 11983 124
0.1 11984 135
0.1 11985 135
0.1 11986 135
0.1 11987 86
0.1 11988 86
0.1 11989 97
0.1 11990 108
0.1 11991 124
0.1 11992 118
0.1 11993 118
0.1 11994 118
0.1 11995 129
0.1 11996 135
0.1 11997 135
0.1 11998 135
0.1 11999 135
0.1 12000 135
0.1 12001 135
0.1 12002 135
0.1 12003 135
0.1 12004 135
0.1 12005 135
0.1 12006 108
0.1 12007 108
0.1 12008 118
0.1 12009 124
0.1 12010 129
0.1 12011 118
0.1 12012 135
0.1 12013 135
0.1 12014 129
0.1 12015 135
0.1 12016 135
0.1 12017 124
0.1 12018 118
0.1 12019 135
0.1 12020 135
0.1 12021 135
0.1 12022 135
0.1 12023 135
0.1 12024 135
0.1 12025 135
0.1 12026 135
0.1 12027 135
0.1 12028 135
0.1 12029 135
0.1 12030 135
0.1 12031 124
0.1 12032 135
0.1 12033 135
0.1 12034 135
0.1 12035 135
0.1 12036 135
0.1 12037 135
0.1 12038 135
0.1 12039 135
0.1 12040 124
0.1 12041 135
0.1 12042 135
0.1 12043 108
0.1 12044 118
0.1 12045 135
0.1 12046 129
0.1 12047 135
0.1 12048 135
0.1 12049 135
0.1 12050 135
0.1 12051 135
0.1 12052 102
0.1 12053 113
0.1 12054 129
0.1 12055 135
0.1 12056 135
0.1 12057 135
0.1 12058 135
0.1 12059 135
0.1 12060 135
0.1 12061 135
0.1 12062 135
0.1 12063 124
0.1 12064 135
0.1 12065 135
0.1 12066 113
0.1 12067 129
0.1 12068 135
0.1 12069 135
0.1 12070 135
0.1 12071 135
0.1 12072 135
0.1 12073 113
0.1 12074 124
0.1 12075 135
0.1 12076 118
0.1 12077 129
0.1 12078 118
0.1 12079 129
0.1 12080 129
0.1 12081 124
0.1 12082 135
0.1 12083 97
0.1 12084 108
0.1 12085 124
0.1 12086 97
0.1 12087 0
0.1 12088 0
0.1 12089 10
0.1 12090 0
0.1 12091 0
0.1 12092 0
0.1 12093 0
0.1 12094 16
0.1 12095 27
0.1 12096 10
0.1 12097 10
0.1 12098 27
0.1 12099 27
0.1 12100 32
0.1 12101 0
0.1 12102 0
0.1 12103 16
0.1 12104 16
0.1 12105 27
0.1 12106 5
0.1 12107 0
0.1 12108 0
0.1 12109 0
0.1 12110 16
0.1 12111 32
0.1 12112 32
0.1 12113 32
0.1 12114 32
0.1 12115 43
0.1 12116 43
0.1 12117 43
0.1 12118 43
0.1 12119 48
0.1 12120 70
0.1 12121 70
0.1 12122 81
0.1 12123 81
0.1 12124 97
0.1 12125 108
0.1 12126 124
0.1 12127 113
0.1 12128 135
0.1 12129 135
0.1 12130 135
0.1 12131 102
0.1 12132 102
0.1 12133 102
0.1 12134 118
0.1 12135 124
0.1 12136 135
0.1 12137 135
0.1 12138 135
0.1 12139 135
0.1 12140 129
0.1 12141 113
0.1 12142 135
0.1 12143 135
0.1 12144 113
0.1 12145 113
0.1 12146 113
0.1 12147 118
0.1 12148 124
0.1 12149 135
0.1 12150 135
0.1 12151 113
0.1 12152 113
0.1 12153 97
0.1 12154 97
0.1 12155 102
0.1 12156 113
0.1 12157 124
0.1 12158 129
0.1 12159 135
0.1 12160 124
0.1 12161 129
0.1 12162 113
0.1 12163 91
0.1 12164 102
0.1 12165 102
0.1 12166 102
0.1 12167 113
0.1 12168 129
0.1 12169 124
0.1 12170 135
0.1 12171 135
0.1 12172 135
0.1 12173 124
0.1 12174 124
0.1 12175 135
0.1 12176 135
0.1 12177 135
0.1 12178 124
0.1 12179 124
0.1 12180 135
0.1 12181 135
0.1 12182 135
0.1 12183 135
0.1 12184 135
0.1 12185 135
0.1 12186 118
0.1 12187 135
0.1 12188 135
0.1 12189 135
0.1 12190 135
0.1 12191 135
0.1 12192 124
0.1 12193 129
0.1 12194 118
0.1 12195 129
0.1 12196 135
0.1 12197 135
0.1 12198 135
0.1 12199 135
0.1 12200 135
0.1 12201 135
0.1 12202 135
0.1 12203 135
0.1 12204 135
0.1 12205 124
0.1 12206 129
0.1 12207 135
0.1 12208 135
0.1 12209 135
0.1 12210 135
0.1 12211 135
0.1 12212 135
0.1 12213 135
0.1 12214 135
0.1 12215 118
0.1 12216 118
0.1 12217 135
0.1 12218 135
0.1 12219 135
0.1 12220 135
0.1 12221 135
0.1 12222 113
0.1 12223 113
0.1 12224 129
0.1 12225 118
0.1 12226 135
0.1 12227 135
0.1 12228 118
0.1 12229 129
0.1 12230 135
0.1 12231 135
0.1 12232 135
0.1 12233 135
0.1 12234 135
0.1 12235 135
0.1 12236 135
0.1 12237 135
0.1 12238 129
0.1 12239 124
0.1 12240 129
0.1 12241 135
0.1 12242 135
0.1 12243 135
0.1 12244 124
0.1 12245 135
0.1 12246 135
0.1 12247 135
0.1 12248 124
0.1 12249 113
0.1 12250 124
0.1 12251 135
0.1 12252 129
0.1 12253 135
0.1 12254 135
0.1 12255 118
0.1 12256 108
0.1 12257 118
0.1 12258 124
0.1 12259 113
0.1 12260 124
0.1 12261 135
0.1 12262 135
0.1 12263 129
0.1 12264 135
0.1 12265 135
0.1 12266 135
0.1 12267 135
0.1 12268 108
0.1 12269 129
0.1 12270 135
0.1 12271 135
0.1 12272 129
0.1 12273 135
0.1 12274 135
0.1 12275 124
0.1 12276 135
0.1 12277 135
0.1 12278 135
0.1 12279 135
0.1 12280 135
0.1 12281 118
0.1 12282 129
0.1 12283 135
0.1 12284 118
0.1 12285 129
0.1 12286 124
0.1 12287 118
0.1 12288 135
0.1 12289 135
0.1 12290 124
0.1 12291 135
0.1 12292 135
0.1 12293 129
0.1 12294 135
0.1 12295 124
0.1 12296 118
0.1 12297 124
0.1 12298 135
0.1 12299 113
0.1 12300 113
0.1 12301 118
0.1 12302 135
0.1 12303 135
0.1 12304 135
0.1 12305 118
0.1 12306 135
0.1 12307 135
0.1 12308 135
0.1 12309 135
0.1 12310 118
0.1 12311 129
0.1 12312 124
0.1 12313 135
0.1 12314 135
0.1 12315 135
0.1 12316 135
0.1 12317 135
0.1 12318 135
0.1 12319 129
0.1 12320 118
0.1 12321 97
0.1 12322 108
0.1 12323 108
0.1 12324 108
0.1 12325 124
0.1 12326 129
0.1 12327 135
0.1 12328 135
0.1 12329 135
0.1 12330 135
0.1 12331 135
0.1 12332 135
0.1 12333 124
0.1 12334 135
0.1 12335 135
0.1 12336 135
0.1 12337 118
0.1 12338 135
0.1 12339 135
0.1 12340 135
0.1 12341 129
0.1 12342 108
0.1 12343 129
0.1 12344 135
0.1 12345 135
0.1 12346 135
0.1 12347 135
0.1 12348 135
0.1 12349 135
0.1 12350 124
0.1 12351 118
0.1 12352 118
0.1 12353 129
0.1 12354 135
0.1 12355 135
0.1 12356 135
0.1 12357 135
0.1 12358 135
0.1 12359 135
0.1 12360 135
0.1 12361 135
0.1 12362 135
0.1 12363 135
0.1 12364 124
0.1 12365 135
0.1 12366 135
0.1 12367 135
0.1 12368 113
0.1 12369 129
0.1 12370 135
0.1 12371 135
0.1 12372 135
0.1 12373 135
0.1 12374 135
0.1 12375 135
0.1 12376 124
0.1 12377 135
0.1 12378 135
0.1 12379 129
0.1 12380 135
0.1 12381 135
0.1 12382 124
0.1 12383 135
0.1 12384 135
0.1 12385 102
0.1 12386 113
0.1 12387 124
0.1 12388 129
0.1 12389 118
0.1 12390 124
0.1 12391 113
0.1 12392 102
0.1 12393 102
0.1 12394 102
0.1 12395 118
0.1 12396 118
0.1 12397 135
0.1 12398 135
0.1 12399 135
0.1 12400 118
0.1 12401 135
0.1 12402 124
0.1 12403 135
0.1 12404 113
0.1 12405 135
0.1 12406 135
0.1 12407 135
0.1 12408 135
0.1 12409 135
0.1 12410 135
0.1 12411 113
0.1 12412 113
0.1 12413 135
0.1 12414 135
0.1 12415 124
0.1 12416 118
0.1 12417 124
0.1 12418 129
0.1 12419 135
0.1 12420 118
0.1 12421 129
0.1 12422 135
0.1 12423 135
0.1 12424 135
0.1 12425 118
0.1 12426 118
0.1 12427 129
0.1 12428 135
0.1 12429 135
0.1 12430 135
0.1 12431 135
0.1 12432 124
0.1 12433 135
0.1 12434 135
0.1 12435 113
0.1 12436 129
0.1 12437 135
0.1 12438 135
0.1 12439 124
0.1 12440 135
0.1 12441 135
0.1 12442 118
0.1 12443 118
0.1 12444 118
0.1 12445 118
0.1 12446 124
0.1 12447 135
0.1 12448 135
0.1 12449 135
0.1 12450 135
0.1 12451 124
0.1 12452 118
0.1 12453 118
0.1 12454 135
0.1 12455 135
0.1 12456 124
0.1 12457 135
0.1 12458 135
0.1 12459 124
0.1 12460 124
0.1 12461 135
0.1 12462 135
0.1 12463 118
0.1 12464 129
0.1 12465 135
0.1 12466 135
0.1 12467 135
0.1 12468 135
0.1 12469 113
0.1 12470 118
0.1 12471 124
0.1 12472 135
0.1 12473 135
0.1 12474 118
0.1 12475 135
0.1 12476 135
0.1 12477 135
0.1 12478 135
0.1 12479 135
0.1 12480 135
0.1 12481 135
0.1 12482 135
0.1 12483 135
0.1 12484 135
0.1 12485 135
0.1 12486 102
0.1 12487 113
0.1 12488 108
0.1 12489 118
0.1 12490 118
0.1 12491 129
0.1 12492 124
0.1 12493 113
0.1 12494 118
0.1 12495 118
0.1 12496 135
0.1 12497 135
0.1 12498 118
0.1 12499 118
0.1 12500 129
0.1 12501 16
0.1 12502 0
0.1 12503 0
0.1 12504 0
0.1 12505 5
0.1 12506 16
0.1 12507 16
0.1 12508 16
0.1 12509 16
0.1 12510 37
0.1 12511 48
0.1 12512 59
0.1 12513 75
0.1 12514 59
0.1 12515 59
0.1 12516 59
0.1 12517 59
0.1 12518 64
0.1 12519 75
0.1 12520 91
0.1 12521 108
0.1 12522 124
0.1 12523 135
0.1 12524 32
0.1 12525 43
0.1 12526 54
0.1 12527 32
0.1 12528 0
0.1 12529 0
0.1 12530 21
0.1 12531 16
0.1 12532 0
0.1 12533 0
0.1 12534 0
0.1 12535 5
0.1 12536 5
0.1 12537 27
0.1 12538 43
0.1 12539 59
0.1 12540 75
0.1 12541 86
0.1 12542 97
0.1 12543 91
0.1 12544 86
0.1 12545 70
0.1 12546 70
0.1 12547 91
0.1 12548 108
0.1 12549 124
0.1 12550 118
0.1 12551 135
0.1 12552 118
0.1 12553 135
0.1 12554 118
0.1 12555 118
0.1 12556 118
0.1 12557 135
0.1 12558 135
0.1 12559 135
0.1 12560 135
0.1 12561 135
0.1 12562 135
0.1 12563 124
0.1 12564 135
0.1 12565 118
0.1 12566 135
0.1 12567 124
0.1 12568 135
0.1 12569 135
0.1 12570 135
0.1 12571 135
0.1 12572 129
0.1 12573 135
0.1 12574 129
0.1 12575 129
0.1 12576 135
0.1 12577 135
0.1 12578 135
0.1 12579 135
0.1 12580 113
0.1 12581 113
0.1 12582 135
0.1 12583 135
0.1 12584 135
0.1 12585 135
0.1 12586 135
0.1 12587 135
0.1 12588 135
0.1 12589 113
0.1 12590 113
0.1 12591 124
0.1 12592 113
0.1 12593 124
0.1 12594 135
0.1 12595 135
0.1 12596 135
0.1 12597 135
0.1 12598 129
0.1 12599 108
0.1 12600 108
0.1 12601 118
0.1 12602 118
0.1 12603 118
0.1 12604 129
0.1 12605 135
0.1 12606 135
0.1 12607 135
0.1 12608 135
0.1 12609 129
0.1 12610 135
0.1 12611 135
0.1 12612 135
0.1 12613 118
0.1 12614 118
0.1 12615 118
0.1 12616 129
0.1 12617 135
0.1 12618 113
0.1 12619 135
0.1 12620 135
0.1 12621 135
0.1 12622 118
0.1 12623 129
0.1 12624 135
0.1 12625 124
0.1 12626 129
0.1 12627 135
0.1 12628 118
0.1 12629 135
0.1 12630 135
0.1 12631 135
0.1 12632 135
0.1 12633 118
0.1 12634 118
0.1 12635 124
0.1 12636 135
0.1 12637 135
0.1 12638 135
0.1 12639 124
0.1 12640 129
0.1 12641 124
0.1 12642 135
0.1 12643 135
0.1 12644 113
0.1 12645 113
0.1 12646 113
0.1 12647 135
0.1 12648 135
0.1 12649 135
0.1 12650 135
0.1 12651 135
0.1 12652 135
0.1 12653 135
0.1 12654 118
0.1 12655 124
0.1 12656 102
0.1 12657 113
0.1 12658 113
0.1 12659 124
0.1 12660 129
0.1 12661 135
0.1 12662 135
0.1 12663 135
0.1 12664 135
0.1 12665 135
0.1 12666 129
0.1 12667 135
0.1 12668 124
0.1 12669 135
0.1 12670 135
0.1 12671 135
0.1 12672 135
0.1 12673 135
0.1 12674 135
0.1 12675 135
0.1 12676 135
0.1 12677 135
0.1 12678 113
0.1 12679 124
0.1 12680 118
0.1 12681 118
0.1 12682 113
0.1 12683 113
0.1 12684 124
0.1 12685 135
0.1 12686 135
0.1 12687 135
0.1 12688 135
0.1 12689 135
0.1 12690 135
0.1 12691 135
0.1 12692 113
0.1 12693 124
0.1 12694 129
0.1 12695 129
0.1 12696 118
0.1 12697 124
0.1 12698 118
0.1 12699 118
0.1 12700 129
0.1 12701 135
0.1 12702 135
0.1 12703 135
0.1 12704 135
0.1 12705 135
0.1 12706 135
0.1 12707 135
0.1 12708 135
0.1 12709 135
0.1 12710 135
0.1 12711 135
0.1 12712 124
0.1 12713 124
0.1 12714 135
0.1 12715 135
0.1 12716 135
0.1 12717 129
0.1 12718 113
0.1 12719 113
0.1 12720 124
0.1 12721 135
0.1 12722 129
0.1 12723 135
0.1 12724 135
0.1 12725 135
0.1 12726 135
0.1 12727 135
0.1 12728 135
0.1 12729 135
0.1 12730 135
0.1 12731 135
0.1 12732 118
0.1 12733 118
0.1 12734 124
0.1 12735 135
0.1 12736 135
0.1 12737 135
0.1 12738 135
0.1 12739 135
0.1 12740 135
0.1 12741 135
0.1 12742 135
0.1 12743 135
0.1 12744 135
0.1 12745 135
0.1 12746 135
0.1 12747 135
0.1 12748 124
0.1 12749 135
0.1 12750 135
0.1 12751 135
0.1 12752 135
0.1 12753 135
0.1 12754 135
0.1 12755 97
0.1 12756 113
0.1 12757 124
0.1 12758 102
0.1 12759 124
0.1 12760 135
0.1 12761 118
0.1 12762 118
0.1 12763 118
0.1 12764 135
0.1 12765 135
0.1 12766 135
0.1 12767 113
0.1 12768 129
0.1 12769 113
0.1 12770 135
0.1 12771 135
0.1 12772 135
0.1 12773 135
0.1 12774 135
0.1 12775 135
0.1 12776 129
0.1 12777 124
0.1 12778 129
0.1 12779 102
0.1 12780 102
0.1 12781 108
0.1 12782 124
0.1 12783 135
0.1 12784 135
0.1 12785 135
0.1 12786 135
0.1 12787 135
0.1 12788 124
0.1 12789 135
0.1 12790 135
0.1 12791 135
0.1 12792 135
0.1 12793 118
0.1 12794 113
0.1 12795 129
0.1 12796 135
0.1 12797 135
0.1 12798 118
0.1 12799 113
0.1 12800 129
0.1 12801 129
0.1 12802 118
0.1 12803 129
0.1 12804 135
0.1 12805 124
0.1 12806 135
0.1 12807 135
0.1 12808 135
0.1 12809 135
0.1 12810 135
0.1 12811 118
0.1 12812 135
0.1 12813 124
0.1 12814 135
0.1 12815 135
0.1 12816 135
0.1 12817 135
0.1 12818 129
0.1 12819 135
0.1 12820 135
0.1 12821 113
0.1 12822 113
0.1 12823 135
0.1 12824 135
0.1 12825 113
0.1 12826 124
0.1 12827 129
0.1 12828 135
0.1 12829 135
0.1 12830 135
0.1 12831 129
0.1 12832 102
0.1 12833 108
0.1 12834 124
0.1 12835 113
0.1 12836 113
0.1 12837 113
0.1 12838 113
0.1 12839 124
0.1 12840 135
0.1 12841 135
0.1 12842 135
0.1 12843 135
0.1 12844 135
0.1 12845 124
0.1 12846 108
0.1 12847 108
0.1 12848 124
0.1 12849 129
0.1 12850 129
0.1 12851 118
0.1 12852 118
0.1 12853 135
0.1 12854 135
0.1 12855 135
0.1 12856 118
0.1 12857 129
0.1 12858 135
0.1 12859 135
0.1 12860 135
0.1 12861 135
0.1 12862 129
0.1 12863 135
0.1 12864 124
0.1 12865 135
0.1 12866 124
0.1 12867 129
0.1 12868 124
0.1 12869 118
0.1 12870 135
0.1 12871 135
0.1 12872 118
0.1 12873 135
0.1 12874 124
0.1 12875 124
0.1 12876 129
0.1 12877 135
0.1 12878 135
0.1 12879 135
0.1 12880 124
0.1 12881 135
0.1 12882 135
0.1 12883 135
0.1 12884 124
0.1 12885 129
0.1 12886 118
0.1 12887 118
0.1 12888 135
0.1 12889 129
0.1 12890 108
0.1 12891 124
0.1 12892 135
0.1 12893 135
0.1 12894 135
0.1 12895 113
0.1 12896 113
0.1 12897 113
0.1 12898 124
0.1 12899 135
0.1 12900 135
0.1 12901 135
0.1 12902 135
0.1 12903 135
0.1 12904 135
0.1 12905 129
0.1 12906 135
0.1 12907 135
0.1 12908 135
0.1 12909 135
0.1 12910 135
0.1 12911 135
0.1 12912 118
0.1 12913 91
0.1 12914 5
0.1 12915 5
0.1 12916 21
0.1 12917 0
0.1 12918 10
0.1 12919 27
0.1 12920 10
0.1 12921 10
0.1 12922 5
0.1 12923 16
0.1 12924 27
0.1 12925 16
0.1 12926 0
0.1 12927 0
0.1 12928 10
0.1 12929 16
0.1 12930 16
0.1 12931 27
0.1 12932 37
0.1 12933 43
0.1 12934 10
0.1 12935 16
0.1 12936 0
0.1 12937 0
0.1 12938 16
0.1 12939 21
0.1 12940 16
0.1 12941 27
0.1 12942 37
0.1 12943 43
0.1 12944 43
0.1 12945 54
0.1 12946 64
0.1 12947 5
0.1 12948 5
0.1 12949 21
0.1 12950 21
0.1 12951 0
0.1 12952 10
0.1 12953 21
0.1 12954 37
0.1 12955 21
0.1 12956 21
0.1 12957 32
0.1 12958 16
0.1 12959 16
0.1 12960 27
0.1 12961 48
0.1 12962 64
0.1 12963 5
0.1 12964 5
0.1 12965 5
0.1 12966 10
0.1 12967 32
0.1 12968 59
0.1 12969 59
0.1 12970 0
0.1 12971 5
0.1 12972 21
0.1 12973 37
0.1 12974 43
0.1 12975 37
0.1 12976 54
0.1 12977 70
0.1 12978 91
0.1 12979 102
0.1 12980 75
0.1 12981 75
0.1 12982 97
0.1 12983 75
0.1 12984 91
0.1 12985 75
0.1 12986 81
0.1 12987 81
0.1 12988 81
0.1 12989 91
0.1 12990 108
0.1 12991 129
0.1 12992 113
0.1 12993 118
0.1 12994 124
0.1 12995 135
0.1 12996 135
0.1 12997 129
0.1 12998 135
0.1 12999 135
0.1 13000 135
0.1 13001 118
0.1 13002 118
0.1 13003 118
0.1 13004 135
0.1 13005 118
0.1 13006 135
0.1 13007 135
0.1 13008 135
0.1 13009 124
0.1 13010 124
0.1 13011 135
0.1 13012 135
0.1 13013 135
0.1 13014 118
0.1 13015 118
0.1 13016 118
0.1 13017 108
0.1 13018 129
0.1 13019 135
0.1 13020 135
0.1 13021 135
0.1 13022 135
0.1 13023 135
0.1 13024 135
0.1 13025 135
0.1 13026 135
0.1 13027 135
0.1 13028 135
0.1 13029 118
0.1 13030 113
0.1 13031 129
0.1 13032 135
0.1 13033 135
0.1 13034 118
0.1 13035 124
0.1 13036 129
0.1 13037 135
0.1 13038 124
0.1 13039 108
0.1 13040 124
0.1 13041 135
0.1 13042 135
0.1 13043 135
0.1 13044 135
0.1 13045 135
0.1 13046 129
0.1 13047 118
0.1 13048 135
0.1 13049 129
0.1 13050 129
0.1 13051 135
0.1 13052 118
0.1 13053 135
0.1 13054 135
0.1 13055 135
0.1 13056 129
0.1 13057 135
0.1 13058 135
0.1 13059 135
0.1 13060 135
0.1 13061 102
0.1 13062 113
0.1 13063 118
0.1 13064 118
0.1 13065 118
0.1 13066 118
0.1 13067 118
0.1 13068 124
0.1 13069 135
0.1 13070 135
0.1 13071 135
0.1 13072 135
0.1 13073 135
0.1 13074 135
0.1 13075 135
0.1 13076 118
0.1 13077 129
0.1 13078 135
0.1 13079 135
0.1 13080 135
0.1 13081 135
0.1 13082 129
0.1 13083 129
0.1 13084 124
0.1 13085 124
0.1 13086 129
0.1 13087 129
0.1 13088 135
0.1 13089 118
0.1 13090 124
0.1 13091 97
0.1 13092 102
0.1 13093 102
0.1 13094 124
0.1 13095 118
0.1 13096 124
0.1 13097 108
0.1 13098 113
0.1 13099 129
0.1 13100 135
0.1 13101 118
0.1 13102 135
0.1 13103 124
0.1 13104 135
0.1 13105 118
0.1 13106 129
0.1 13107 135
0.1 13108 135
0.1 13109 118
0.1 13110 135
0.1 13111 135
0.1 13112 135
0.1 13113 113
0.1 13114 124
0.1 13115 135
0.1 13116 135
0.1 13117 135
0.1 13118 129
0.1 13119 124
0.1 13120 135
0.1 13121 135
0.1 13122 135
0.1 13123 124
0.1 13124 135
0.1 13125 135
0.1 13126 118
0.1 13127 135
0.1 13128 135
0.1 13129 135
0.1 13130 113
0.1 13131 129
0.1 13132 135
0.1 13133 135
0.1 13134 135
0.1 13135 135
0.1 13136 135
0.1 13137 124
0.1 13138 118
0.1 13139 129
0.1 13140 129
0.1 13141 135
0.1 13142 135
0.1 13143 118
0.1 13144 135
0.1 13145 135
0.1 13146 135
0.1 13147 135
0.1 13148 135
0.1 13149 135
0.1 13150 135
0.1 13151 135
0.1 13152 135
0.1 13153 135
0.1 13154 135
0.1 13155 118
0.1 13156 118
0.1 13157 129
0.1 13158 124
0.1 13159 135
0.1 13160 135
0.1 13161 135
0.1 13162 129
0.1 13163 129
0.1 13164 135
0.1 13165 135
0.1 13166 113
0.1 13167 124
0.1 13168 118
0.1 13169 135
0.1 13170 135
0.1 13171 135
0.1 13172 135
0.1 13173 113
0.1 13174 113
0.1 13175 113
0.1 13176 113
0.1 13177 124
0.1 13178 135
0.1 13179 135
0.1 13180 135
0.1 13181 135
0.1 13182 135
0.1 13183 135
0.1 13184 113
0.1 13185 124
0.1 13186 118
0.1 13187 135
0.1 13188 135
0.1 13189 118
0.1 13190 113
0.1 13191 129
0.1 13192 135
0.1 13193 135
0.1 13194 135
0.1 13195 124
0.1 13196 135
0.1 13197 118
0.1 13198 135
0.1 13199 135
0.1 13200 135
0.1 13201 124
0.1 13202 118
0.1 13203 118
0.1 13204 135
0.1 13205 135
0.1 13206 135
0.1 13207 135
0.1 13208 135
0.1 13209 124
0.1 13210 129
0.1 13211 135
0.1 13212 135
0.1 13213 135
0.1 13214 124
0.1 13215 135
0.1 13216 135
0.1 13217 118
0.1 13218 135
0.1 13219 135
0.1 13220 135
0.1 13221 135
0.1 13222 135
0.1 13223 135
0.1 13224 118
0.1 13225 129
0.1 13226 135
0.1 13227 135
0.1 13228 135
0.1 13229 135
0.1 13230 135
0.1 13231 135
0.1 13232 135
0.1 13233 135
0.1 13234 135
0.1 13235 118
0.1 13236 135
0.1 13237 124
0.1 13238 124
0.1 13239 135
0.1 13240 135
0.1 13241 135
0.1 13242 129
0.1 13243 129
0.1 13244 135
0.1 13245 135
0.1 13246 118
0.1 13247 135
0.1 13248 135
0.1 13249 124
0.1 13250 124
0.1 13251 135
0.1 13252 124
0.1 13253 118
0.1 13254 118
0.1 13255 135
0.1 13256 129
0.1 13257 135
0.1 13258 135
0.1 13259 135
0.1 13260 129
0.1 13261 135
0.1 13262 135
0.1 13263 135
0.1 13264 135
0.1 13265 135
0.1 13266 118
0.1 13267 135
0.1 13268 118
0.1 13269 113
0.1 13270 124
0.1 13271 124
0.1 13272 129
0.1 13273 135
0.1 13274 135
0.1 13275 124
0.1 13276 135
0.1 13277 135
0.1 13278 124
0.1 13279 129
0.1 13280 135
0.1 13281 135
0.1 13282 129
0.1 13283 135
0.1 13284 135
0.1 13285 135
0.1 13286 135
0.1 13287 135
0.1 13288 135
0.1 13289 135
0.1 13290 124
0.1 13291 135
0.1 13292 135
0.1 13293 135
0.1 13294 113
0.1 13295 113
0.1 13296 129
0.1 13297 135
0.1 13298 124
0.1 13299 124
0.1 13300 135
0.1 13301 135
0.1 13302 135
0.1 13303 135
0.1 13304 113
0.1 13305 124
0.1 13306 135
0.1 13307 135
0.1 13308 135
0.1 13309 135
0.1 13310 135
0.1 13311 135
0.1 13312 113
0.1 13313 135
0.1 13314 135
0.1 13315 135
0.1 13316 124
0.1 13317 135
0.1 13318 135
0.1 13319 135
0.1 13320 135
0.1 13321 118
0.1 13322 135
0.1 13323 135
0.1 13324 135
0.1 13325 135
0.1 13326 135
0.1 13327 135
0.1 13328 113
0.1 13329 124
0.1 13330 129
0.1 13331 135
0.1 13332 135
0.1 13333 135
0.1 13334 129
0.1 13335 135
0.1 13336 135
0.1 13337 135
0.1 13338 135
0.1 13339 135
0.1 13340 135
0.1 13341 135
0.1 13342 135
0.1 13343 135
0.1 13344 135
0.1 13345 135
0.1 13346 118
0.1 13347 135
0.1 13348 118
0.1 13349 113
0.1 13350 124
0.1 13351 118
0.1 13352 118
0.1 13353 129
0.1 13354 124
0.1 13355 135
0.1 13356 135
0.1 13357 135
0.1 13358 135
0.1 13359 135
0.1 13360 16
0.1 13361 0
0.1 13362 0
0.1 13363 16
0.1 13364 0
0.1 13365 5
0.1 13366 0
0.1 13367 0
0.1 13368 10
0.1 13369 0
0.1 13370 16
0.1 13371 0
0.1 13372 16
0.1 13373 16
0.1 13374 0
0.1 13375 0
0.1 13376 0
0.1 13377 0
0.1 13378 21
0.1 13379 10
0.1 13380 21
0.1 13381 27
0.1 13382 37
0.1 13383 59
0.1 13384 70
0.1 13385 86
0.1 13386 64
0.1 13387 59
0.1 13388 81
0.1 13389 75
0.1 13390 91
0.1 13391 91
0.1 13392 91
0.1 13393 37
0.1 13394 32
0.1 13395 0
0.1 13396 0
0.1 13397 10
0.1 13398 0
0.1 13399 0
0.1 13400 0
0.1 13401 0
0.1 13402 10
0.1 13403 21
0.1 13404 21
0.1 13405 0
0.1 13406 5
0.1 13407 16
0.1 13408 27
0.1 13409 32
0.1 13410 16
0.1 13411 10
0.1 13412 0
0.1 13413 0
0.1 13414 0
0.1 13415 0
0.1 13416 0
0.1 13417 0
0.1 13418 10
0.1 13419 32
0.1 13420 16
0.1 13421 27
0.1 13422 37
0.1 13423 32
0.1 13424 48
0.1 13425 48
0.1 13426 54
0.1 13427 75
0.1 13428 97
0.1 13429 113
0.1 13430 102
0.1 13431 0
0.1 13432 0
0.1 13433 5
0.1 13434 0
0.1 13435 0
0.1 13436 0
0.1 13437 0
0.1 13438 5
0.1 13439 0
0.1 13440 0
0.1 13441 5
0.1 13442 10
0.1 13443 27
0.1 13444 43
0.1 13445 43
0.1 13446 43
0.1 13447 21
0.1 13448 43
0.1 13449 54
0.1 13450 59
0.1 13451 70
0.1 13452 10
0.1 13453 10
0.1 13454 32
0.1 13455 43
0.1 13456 48
0.1 13457 48
0.1 13458 48
0.1 13459 64
0.1 13460 64
0.1 13461 70
0.1 13462 75
0.1 13463 75
0.1 13464 86
0.1 13465 97
0.1 13466 102
0.1 13467 124
0.1 13468 129
0.1 13469 135
0.1 13470 135
0.1 13471 135
0.1 13472 135
0.1 13473 135
0.1 13474 129
0.1 13475 124
0.1 13476 129
0.1 13477 135
0.1 13478 118
0.1 13479 118
0.1 13480 124
0.1 13481 135
0.1 13482 135
0.1 13483 135
0.1 13484 135
0.1 13485 113
0.1 13486 135
0.1 13487 135
0.1 13488 135
0.1 13489 135
0.1 13490 124
0.1 13491 135
0.1 13492 135
0.1 13493 118
0.1 13494 135
0.1 13495 135
0.1 13496 135
0.1 13497 135
0.1 13498 118
0.1 13499 129
0.1 13500 118
0.1 13501 113
0.1 13502 129
0.1 13503 135
0.1 13504 118
0.1 13505 135
0.1 13506 113
0.1 13507 129
0.1 13508 135
0.1 13509 135
0.1 13510 124
0.1 13511 135
0.1 13512 118
0.1 13513 135
0.1 13514 129
0.1 13515 135
0.1 13516 135
0.1 13517 135
0.1 13518 135
0.1 13519 113
0.1 13520 113
0.1 13521 113
0.1 13522 118
0.1 13523 118
0.1 13524 135
0.1 13525 135
0.1 13526 135
0.1 13527 124
0.1 13528 135
0.1 13529 124
0.1 13530 135
0.1 13531 135
0.1 13532 124
0.1 13533 124
0.1 13534 124
0.1 13535 129
0.1 13536 135
0.1 13537 135
0.1 13538 135
0.1 13539 135
0.1 13540 135
0.1 13541 118
0.1 13542 118
0.1 13543 135
0.1 13544 135
0.1 13545 135
0.1 13546 135
0.1 13547 135
0.1 13548 135
0.1 13549 124
0.1 13550 135
0.1 13551 135
0.1 13552 135
0.1 13553 135
0.1 13554 129
0.1 13555 135
0.1 13556 118
0.1 13557 118
0.1 13558 129
0.1 13559 113
0.1 13560 124
0.1 13561 135
0.1 13562 135
0.1 13563 135
0.1 13564 124
0.1 13565 118
0.1 13566 129
0.1 13567 135
0.1 13568 135
0.1 13569 124
0.1 13570 129
0.1 13571 135
0.1 13572 124
0.1 13573 124
0.1 13574 118
0.1 13575 129
0.1 13576 135
0.1 13577 113
0.1 13578 135
0.1 13579 135
0.1 13580 135
0.1 13581 135
0.1 13582 135
0.1 13583 135
0.1 13584 135
0.1 13585 135
0.1 13586 135
0.1 13587 135
0.1 13588 135
0.1 13589 135
0.1 13590 135
0.1 13591 135
0.1 13592 135
0.1 13593 124
0.1 13594 118
0.1 13595 124
0.1 13596 129
0.1 13597 135
0.1 13598 124
0.1 13599 135
0.1 13600 135
0.1 13601 135
0.1 13602 135
0.1 13603 135
0.1 13604 135
0.1 13605 135
0.1 13606 135
0.1 13607 135
0.1 13608 129
0.1 13609 118
0.1 13610 124
0.1 13611 124
0.1 13612 135
0.1 13613 135
0.1 13614 135
0.1 13615 135
0.1 13616 118
0.1 13617 124
0.1 13618 124
0.1 13619 135
0.1 13620 135
0.1 13621 135
0.1 13622 129
0.1 13623 135
0.1 13624 135
0.1 13625 135
0.1 13626 118
0.1 13627 118
0.1 13628 118
0.1 13629 135
0.1 13630 135
0.1 13631 118
0.1 13632 135
0.1 13633 124
0.1 13634 135
0.1 13635 135
0.1 13636 135
0.1 13637 135
0.1 13638 135
0.1 13639 135
0.1 13640 135
0.1 13641 124
0.1 13642 113
0.1 13643 113
0.1 13644 118
0.1 13645 135
0.1 13646 135
0.1 13647 124
0.1 13648 124
0.1 13649 135
0.1 13650 135
0.1 13651 118
0.1 13652 124
0.1 13653 135
0.1 13654 135
0.1 13655 135
0.1 13656 129
0.1 13657 118
0.1 13658 135
0.1 13659 124
0.1 13660 135
0.1 13661 113
0.1 13662 113
0.1 13663 124
0.1 13664 135
0.1 13665 135
0.1 13666 135
0.1 13667 135
0.1 13668 135
0.1 13669 118
0.1 13670 135
0.1 13671 135
0.1 13672 135
0.1 13673 135
0.1 13674 135
0.1 13675 135
0.1 13676 113
0.1 13677 113
0.1 13678 124
0.1 13679 129
0.1 13680 124
0.1 13681 129
0.1 13682 135
0.1 13683 135
0.1 13684 118
0.1 13685 124
0.1 13686 129
0.1 13687 118
0.1 13688 124
0.1 13689 135
0.1 13690 135
0.1 13691 135
0.1 13692 135
0.1 13693 135
0.1 13694 135
0.1 13695 118
0.1 13696 135
0.1 13697 135
0.1 13698 113
0.1 13699 129
0.1 13700 118
0.1 13701 135
0.1 13702 135
0.1 13703 135
0.1 13704 135
0.1 13705 135
0.1 13706 135
0.1 13707 135
0.1 13708 135
0.1 13709 135
0.1 13710 135
0.1 13711 113
0.1 13712 113
0.1 13713 129
0.1 13714 135
0.1 13715 135
0.1 13716 124
0.1 13717 118
0.1 13718 135
0.1 13719 135
0.1 13720 135
0.1 13721 135
0.1 13722 135
0.1 13723 124
0.1 13724 135
0.1 13725 118
0.1 13726 135
0.1 13727 135
0.1 13728 135
0.1 13729 135
0.1 13730 135
0.1 13731 135
0.1 13732 135
0.1 13733 135
0.1 13734 135
0.1 13735 135
0.1 13736 135
0.1 13737 135
0.1 13738 135
0.1 13739 118
0.1 13740 118
0.1 13741 124
0.1 13742 135
0.1 13743 135
0.1 13744 135
0.1 13745 118
0.1 13746 135
0.1 13747 135
0.1 13748 135
0.1 13749 135
0.1 13750 129
0.1 13751 135
0.1 13752 135
0.1 13753 135
0.1 13754 135
0.1 13755 135
0.1 13756 135
0.1 13757 135
0.1 13758 135
0.1 13759 135
0.1 13760 135
0.1 13761 135
0.1 13762 135
0.1 13763 135
0.1 13764 135
0.1 13765 135
0.1 13766 135
0.1 13767 135
0.1 13768 135
0.1 13769 135
0.1 13770 135
0.1 13771 113
0.1 13772 135
0.1 13773 135
0.1 13774 108
0.1 13775 108
0.1 13776 108
0.1 13777 124
0.1 13778 124
0.1 13779 135
0.1 13780 135
0.1 13781 135
0.1 13782 124
0.1 13783 118
0.1 13784 129
0.1 13785 129
0.1 13786 135
0.1 13787 118
0.1 13788 129
0.1 13789 135
0.1 13790 135
0.1 13791 124
0.1 13792 124
0.1 13793 135
0.1 13794 135
0.1 13795 118
0.1 13796 135
0.1 13797 135
0.1 13798 135
0.1 13799 118
0.1 13800 129
0.1 13801 135
0.1 13802 118
0.1 13803 135
0.1 13804 135
0.1 13805 135
0.1 13806 135
0.1 13807 135
0.1 13808 124
0.1 13809 124
0.1 13810 118
0.1 13811 118
0.1 13812 135
0.1 13813 135
0.1 13814 135
0.1 13815 135
0.1 13816 135
0.1 13817 135
0.1 13818 135
0.1 13819 135
0.1 13820 124
0.1 13821 135
0.1 13822 113
0.1 13823 118
0.1 13824 118
0.1 13825 124
0.1 13826 129
0.1 13827 135
0.1 13828 135
0.1 13829 118
0.1 13830 135
0.1 13831 129
0.1 13832 135
0.1 13833 0
0.1 13834 0
0.1 13835 16
0.1 13836 21
0.1 13837 27
0.1 13838 16
0.1 13839 16
0.1 13840 16
0.1 13841 37
0.1 13842 37
0.1 13843 37
0.1 13844 37
0.1 13845 0
0.1 13846 0
0.1 13847 0
0.1 13848 16
0.1 13849 16
0.1 13850 0
0.1 13851 0
0.1 13852 0
0.1 13853 5
0.1 13854 21
0.1 13855 21
0.1 13856 16
0.1 13857 16
0.1 13858 27
0.1 13859 48
0.1 13860 21
0.1 13861 27
0.1 13862 0
0.1 13863 0
0.1 13864 0
0.1 13865 21
0.1 13866 5
0.1 13867 16
0.1 13868 16
0.1 13869 21
0.1 13870 32
0.1 13871 10
0.1 13872 16
0.1 13873 16
0.1 13874 27
0.1 13875 32
0.1 13876 5
0.1 13877 21
0.1 13878 21
0.1 13879 48
0.1 13880 64
0.1 13881 70
0.1 13882 86
0.1 13883 59
0.1 13884 75
0.1 13885 21
0.1 13886 21
0.1 13887 5
0.1 13888 10
0.1 13889 16
0.1 13890 10
0.1 13891 10
0.1 13892 21
0.1 13893 43
0.1 13894 54
0.1 13895 54
0.1 13896 54
0.1 13897 5
0.1 13898 5
0.1 13899 0
0.1 13900 10
0.1 13901 21
0.1 13902 16
0.1 13903 37
0.1 13904 43
0.1 13905 48
0.1 13906 70
0.1 13907 86
0.1 13908 108
0.1 13909 118
0.1 13910 108
0.1 13911 86
0.1 13912 86
0.1 13913 59
0.1 13914 48
0.1 13915 59
0.1 13916 64
0.1 13917 81
0.1 13918 81
0.1 13919 81
0.1 13920 91
0.1 13921 108
0.1 13922 129
0.1 13923 135
0.1 13924 124
0.1 13925 124
0.1 13926 135
0.1 13927 135
0.1 13928 124
0.1 13929 135
0.1 13930 118
0.1 13931 129
0.1 13932 135
0.1 13933 135
0.1 13934 135
0.1 13935 118
0.1 13936 124
0.1 13937 135
0.1 13938 135
0.1 13939 135
0.1 13940 135
0.1 13941 135
0.1 13942 135
0.1 13943 135
0.1 13944 124
0.1 13945 129
0.1 13946 118
0.1 13947 135
0.1 13948 135
0.1 13949 135
0.1 13950 135
0.1 13951 135
0.1 13952 124
0.1 13953 135
0.1 13954 124
0.1 13955 124
0.1 13956 118
0.1 13957 135
0.1 13958 135
0.1 13959 135
0.1 13960 135
0.1 13961 135
0.1 13962 135
0.1 13963 135
0.1 13964 118
0.1 13965 118
0.1 13966 118
0.1 13967 129
0.1 13968 135
0.1 13969 135
0.1 13970 135
0.1 13971 118
0.1 13972 135
0.1 13973 124
0.1 13974 135
0.1 13975 129
0.1 13976 135
0.1 13977 135
0.1 13978 135
0.1 13979 135
0.1 13980 135
0.1 13981 118
0.1 13982 135
0.1 13983 135
0.1 13984 135
0.1 13985 124
0.1 13986 135
0.1 13987 135
0.1 13988 124
0.1 13989 124
0.1 13990 135
0.1 13991 135
0.1 13992 135
0.1 13993 124
0.1 13994 135
0.1 13995 135
0.1 13996 118
0.1 13997 124
0.1 13998 129
0.1 13999 135
0.1 14000 135
0.1 14001 135
0.1 14002 135
0.1 14003 135
0.1 14004 135
0.1 14005 129
0.1 14006 129
0.1 14007 135
0.1 14008 135
0.1 14009 118
0.1 14010 113
0.1 14011 135
0.1 14012 135
0.1 14013 135
0.1 14014 135
0.1 14015 135
0.1 14016 135
0.1 14017 118
0.1 14018 135
0.1 14019 135
0.1 14020 118
0.1 14021 129
0.1 14022 118
0.1 14023 113
0.1 14024 129
0.1 14025 135
0.1 14026 135
0.1 14027 135
0.1 14028 118
0.1 14029 118
0.1 14030 129
0.1 14031 129
0.1 14032 135
0.1 14033 113
0.1 14034 129
0.1 14035 135
0.1 14036 135
0.1 14037 135
0.1 14038 135
0.1 14039 135
0.1 14040 135
0.1 14041 135
0.1 14042 118
0.1 14043 135
0.1 14044 118
0.1 14045 129
0.1 14046 124
0.1 14047 135
0.1 14048 135
0.1 14049 124
0.1 14050 118
0.1 14051 135
0.1 14052 135
0.1 14053 135
0.1 14054 129
0.1 14055 118
0.1 14056 129
0.1 14057 135
0.1 14058 135
0.1 14059 135
0.1 14060 124
0.1 14061 124
0.1 14062 118
0.1 14063 118
0.1 14064 135
0.1 14065 135
0.1 14066 135
0.1 14067 135
0.1 14068 135
0.1 14069 135
0.1 14070 135
0.1 14071 135
0.1 14072 135
0.1 14073 135
0.1 14074 135
0.1 14075 135
0.1 14076 135
0.1 14077 135
0.1 14078 135
0.1 14079 135
0.1 14080 135
0.1 14081 135
0.1 14082 135
0.1 14083 113
0.1 14084 129
0.1 14085 135
0.1 14086 135
0.1 14087 113
0.1 14088 118
0.1 14089 118
0.1 14090 135
0.1 14091 135
0.1 14092 124
0.1 14093 124
0.1 14094 108
0.1 14095 113
0.1 14096 118
0.1 14097 124
0.1 14098 135
0.1 14099 135
0.1 14100 124
0.1 14101 135
0.1 14102 135
0.1 14103 135
0.1 14104 135
0.1 14105 118
0.1 14106 118
0.1 14107 135
0.1 14108 135
0.1 14109 135
0.1 14110 135
0.1 14111 135
0.1 14112 129
0.1 14113 135
0.1 14114 135
0.1 14115 135
0.1 14116 135
0.1 14117 135
0.1 14118 118
0.1 14119 135
0.1 14120 118
0.1 14121 113
0.1 14122 113
0.1 14123 113
0.1 14124 113
0.1 14125 113
0.1 14126 135
0.1 14127 135
0.1 14128 113
0.1 14129 118
0.1 14130 135
0.1 14131 129
0.1 14132 113
0.1 14133 129
0.1 14134 108
0.1 14135 129
0.1 14136 124
0.1 14137 135
0.1 14138 113
0.1 14139 113
0.1 14140 129
0.1 14141 135
0.1 14142 118
0.1 14143 129
0.1 14144 118
0.1 14145 124
0.1 14146 135
0.1 14147 135
0.1 14148 135
0.1 14149 135
0.1 14150 135
0.1 14151 135
0.1 14152 135
0.1 14153 135
0.1 14154 118
0.1 14155 124
0.1 14156 129
0.1 14157 135
0.1 14158 135
0.1 14159 135
0.1 14160 135
0.1 14161 135
0.1 14162 135
0.1 14163 135
0.1 14164 124
0.1 14165 135
0.1 14166 135
0.1 14167 135
0.1 14168 135
0.1 14169 135
0.1 14170 135
0.1 14171 129
0.1 14172 118
0.1 14173 129
0.1 14174 135
0.1 14175 118
0.1 14176 135
0.1 14177 135
0.1 14178 135
0.1 14179 113
0.1 14180 124
0.1 14181 113
0.1 14182 113
0.1 14183 124
0.1 14184 135
0.1 14185 129
0.1 14186 135
0.1 14187 135
0.1 14188 113
0.1 14189 129
0.1 14190 135
0.1 14191 135
0.1 14192 135
0.1 14193 135
0.1 14194 118
0.1 14195 129
0.1 14196 135
0.1 14197 135
0.1 14198 118
0.1 14199 135
0.1 14200 113
0.1 14201 113
0.1 14202 124
0.1 14203 135
0.1 14204 124
0.1 14205 135
0.1 14206 118
0.1 14207 124
0.1 14208 135
0.1 14209 135
0.1 14210 124
0.1 14211 135
0.1 14212 135
0.1 14213 108
0.1 14214 108
0.1 14215 124
0.1 14216 135
0.1 14217 135
0.1 14218 135
0.1 14219 113
0.1 14220 129
0.1 14221 135
0.1 14222 135
0.1 14223 135
0.1 14224 135
0.1 14225 135
0.1 14226 135
0.1 14227 135
0.1 14228 135
0.1 14229 135
0.1 14230 135
0.1 14231 135
0.1 14232 129
0.1 14233 135
0.1 14234 135
0.1 14235 135
0.1 14236 135
0.1 14237 135
0.1 14238 135
0.1 14239 135
0.1 14240 124
0.1 14241 129
0.1 14242 124
0.1 14243 124
0.1 14244 118
0.1 14245 113
0.1 14246 113
0.1 14247 113
0.1 14248 129
0.1 14249 135
0.1 14250 118
0.1 14251 129
0.1 14252 135
0.1 14253 124
0.1 14254 135
0.1 14255 135
0.1 14256 124
0.1 14257 135
0.1 14258 135
0.1 14259 124
0.1 14260 135
0.1 14261 135
0.1 14262 135
0.1 14263 135
0.1 14264 135
0.1 14265 135
0.1 14266 113
0.1 14267 113
0.1 14268 124
0.1 14269 135
0.1 14270 118
0.1 14271 135
0.1 14272 135
0.1 14273 135
0.1 14274 135
0.1 14275 135
0.1 14276 124
0.1 14277 124
0.1 14278 135
0.1 14279 129
0.1 14280 135
0.1 14281 135
0.1 14282 135
0.1 14283 43
0.1 14284 5
0.1 14285 16
0.1 14286 10
0.1 14287 16
0.1 14288 0
0.1 14289 10
0.1 14290 27
0.1 14291 37
0.1 14292 37
0.1 14293 48
0.1 14294 64
0.1 14295 64
0.1 14296 37
0.1 14297 0
0.1 14298 0
0.1 14299 0
0.1 14300 10
0.1 14301 21
0.1 14302 10
0.1 14303 27
0.1 14304 21
0.1 14305 43
0.1 14306 43
0.1 14307 43
0.1 14308 43
0.1 14309 0
0.1 14310 0
0.1 14311 21
0.1 14312 5
0.1 14313 10
0.1 14314 21
0.1 14315 32
0.1 14316 37
0.1 14317 37
0.1 14318 0
0.1 14319 0
0.1 14320 5
0.1 14321 5
0.1 14322 16
0.1 14323 16
0.1 14324 27
0.1 14325 32
0.1 14326 32
0.1 14327 43
0.1 14328 43
0.1 14329 48
0.1 14330 16
0.1 14331 0
0.1 14332 0
0.1 14333 0
0.1 14334 0
0.1 14335 0
0.1 14336 21
0.1 14337 27
0.1 14338 27
0.1 14339 10
0.1 14340 10
0.1 14341 16
0.1 14342 27
0.1 14343 27
0.1 14344 37
0.1 14345 43
0.1 14346 59
0.1 14347 59
0.1 14348 59
0.1 14349 59
0.1 14350 59
0.1 14351 70
0.1 14352 70
0.1 14353 70
0.1 14354 91
0.1 14355 113
0.1 14356 135
0.1 14357 135
0.1 14358 113
0.1 14359 124
0.1 14360 135
0.1 14361 124
0.1 14362 135
0.1 14363 135
0.1 14364 118
0.1 14365 129
0.1 14366 118
0.1 14367 118
0.1 14368 124
0.1 14369 118
0.1 14370 135
0.1 14371 129
0.1 14372 135
0.1 14373 135
0.1 14374 135
0.1 14375 135
0.1 14376 124
0.1 14377 135
0.1 14378 135
0.1 14379 135
0.1 14380 118
0.1 14381 118
0.1 14382 124
0.1 14383 118
0.1 14384 118
0.1 14385 135
0.1 14386 135
0.1 14387 135
0.1 14388 135
0.1 14389 135
0.1 14390 135
0.1 14391 135
0.1 14392 129
0.1 14393 135
0.1 14394 135
0.1 14395 113
0.1 14396 135
0.1 14397 135
0.1 14398 135
0.1 14399 135
0.1 14400 135
0.1 14401 135
0.1 14402 135
0.1 14403 135
0.1 14404 135
0.1 14405 135
0.1 14406 135
0.1 14407 113
0.1 14408 135
0.1 14409 135
0.1 14410 118
0.1 14411 135
0.1 14412 124
0.1 14413 135
0.1 14414 124
0.1 14415 135
0.1 14416 135
0.1 14417 135
0.1 14418 135
0.1 14419 118
0.1 14420 135
0.1 14421 118
0.1 14422 129
0.1 14423 135
0.1 14424 135
0.1 14425 124
0.1 14426 118
0.1 14427 113
0.1 14428 129
0.1 14429 135
0.1 14430 118
0.1 14431 135
0.1 14432 135
0.1 14433 135
0.1 14434 135
0.1 14435 124
0.1 14436 135
0.1 14437 135
0.1 14438 135
0.1 14439 135
0.1 14440 135
0.1 14441 124
0.1 14442 135
0.1 14443 118
0.1 14444 118
0.1 14445 129
0.1 14446 135
0.1 14447 124
0.1 14448 124
0.1 14449 135
0.1 14450 124
0.1 14451 135
0.1 14452 118
0.1 14453 118
0.1 14454 124
0.1 14455 135
0.1 14456 113
0.1 14457 124
0.1 14458 108
0.1 14459 124
0.1 14460 124
0.1 14461 135
0.1 14462 135
0.1 14463 118
0.1 14464 124
0.1 14465 124
0.1 14466 118
0.1 14467 129
0.1 14468 118
0.1 14469 118
0.1 14470 135
0.1 14471 118
0.1 14472 118
0.1 14473 118
0.1 14474 129
0.1 14475 135
0.1 14476 135
0.1 14477 135
0.1 14478 129
0.1 14479 118
0.1 14480 135
0.1 14481 135
0.1 14482 135
0.1 14483 135
0.1 14484 118
0.1 14485 118
0.1 14486 118
0.1 14487 118
0.1 14488 118
0.1 14489 135
0.1 14490 135
0.1 14491 135
0.1 14492 135
0.1 14493 124
0.1 14494 113
0.1 14495 113
0.1 14496 113
0.1 14497 113
0.1 14498 124
0.1 14499 129
0.1 14500 135
0.1 14501 135
0.1 14502 135
0.1 14503 129
0.1 14504 135
0.1 14505 135
0.1 14506 135
0.1 14507 135
0.1 14508 135
0.1 14509 135
0.1 14510 135
0.1 14511 129
0.1 14512 135
0.1 14513 135
0.1 14514 135
0.1 14515 124
0.1 14516 124
0.1 14517 135
0.1 14518 118
0.1 14519 129
0.1 14520 135
0.1 14521 135
0.1 14522 135
0.1 14523 135
0.1 14524 135
0.1 14525 124
0.1 14526 135
0.1 14527 129
0.1 14528 135
0.1 14529 135
0.1 14530 135
0.1 14531 135
0.1 14532 118
0.1 14533 118
0.1 14534 124
0.1 14535 129
0.1 14536 135
0.1 14537 135
0.1 14538 135
0.1 14539 135
0.1 14540 135
0.1 14541 135
0.1 14542 135
0.1 14543 118
0.1 14544 135
0.1 14545 118
0.1 14546 135
0.1 14547 113
0.1 14548 113
0.1 14549 124
0.1 14550 118
0.1 14551 118
0.1 14552 113
0.1 14553 118
0.1 14554 124
0.1 14555 135
0.1 14556 135
0.1 14557 135
0.1 14558 129
0.1 14559 129
0.1 14560 135
0.1 14561 135
0.1 14562 135
0.1 14563 135
0.1 14564 118
0.1 14565 135
0.1 14566 124
0.1 14567 135
0.1 14568 135
0.1 14569 135
0.1 14570 118
0.1 14571 129
0.1 14572 135
0.1 14573 135
0.1 14574 135
0.1 14575 118
0.1 14576 135
0.1 14577 135
0.1 14578 135
0.1 14579 129
0.1 14580 135
0.1 14581 135
0.1 14582 118
0.1 14583 129
0.1 14584 135
0.1 14585 135
0.1 14586 118
0.1 14587 124
0.1 14588 118
0.1 14589 129
0.1 14590 129
0.1 14591 135
0.1 14592 135
0.1 14593 124
0.1 14594 135
0.1 14595 135
0.1 14596 135
0.1 14597 135
0.1 14598 135
0.1 14599 135
0.1 14600 135
0.1 14601 135
0.1 14602 135
0.1 14603 124
0.1 14604 135
0.1 14605 135
0.1 14606 135
0.1 14607 135
0.1 14608 129
0.1 14609 135
0.1 14610 135
0.1 14611 135
0.1 14612 113
0.1 14613 113
0.1 14614 113
0.1 14615 129
0.1 14616 135
0.1 14617 135
0.1 14618 135
0.1 14619 135
0.1 14620 118
0.1 14621 129
0.1 14622 135
0.1 14623 135
0.1 14624 135
0.1 14625 135
0.1 14626 118
0.1 14627 135
0.1 14628 135
0.1 14629 124
0.1 14630 135
0.1 14631 129
0.1 14632 118
0.1 14633 118
0.1 14634 135
0.1 14635 129
0.1 14636 135
0.1 14637 135
0.1 14638 124
0.1 14639 135
0.1 14640 135
0.1 14641 113
0.1 14642 113
0.1 14643 124
0.1 14644 124
0.1 14645 124
0.1 14646 135
0.1 14647 135
0.1 14648 135
0.1 14649 113
0.1 14650 124
0.1 14651 135
0.1 14652 124
0.1 14653 135
0.1 14654 135
0.1 14655 135
0.1 14656 113
0.1 14657 129
0.1 14658 135
0.1 14659 135
0.1 14660 124
0.1 14661 135
0.1 14662 118
0.1 14663 118
0.1 14664 135
0.1 14665 135
0.1 14666 129
0.1 14667 135
0.1 14668 135
0.1 14669 135
0.1 14670 124
0.1 14671 135
0.1 14672 135
0.1 14673 135
0.1 14674 135
0.1 14675 135
0.1 14676 118
0.1 14677 118
0.1 14678 124
0.1 14679 135
0.1 14680 129
0.1 14681 129
0.1 14682 135
0.1 14683 124
0.1 14684 135
0.1 14685 118
0.1 14686 118
0.1 14687 129
0.1 14688 118
0.1 14689 135
0.1 14690 135
0.1 14691 135
0.1 14692 135
0.1 14693 135
0.1 14694 135
0.1 14695 135
0.1 14696 135
0.1 14697 135
0.1 14698 118
0.1 14699 135
0.1 14700 124
0.1 14701 135
0.1 14702 113
0.1 14703 118
0.1 14704 135
0.1 14705 135
0.1 14706 129
0.1 14707 118
0.1 14708 135
0.1 14709 118
0.1 14710 135
0.1 14711 118
0.1 14712 129
0.1 14713 124
0.1 14714 124
0.1 14715 135
0.1 14716 118
0.1 14717 135
0.1 14718 135
0.1 14719 118
0.1 14720 135
0.1 14721 135
0.1 14722 135
0.1 14723 135
0.1 14724 135
0.1 14725 124
0.1 14726 135
0.1 14727 43
0.1 14728 0
0.1 14729 0
0.1 14730 0
0.1 14731 10
0.1 14732 27
0.1 14733 27
0.1 14734 37
0.1 14735 37
0.1 14736 37
0.1 14737 48
0.1 14738 70
0.1 14739 21
0.1 14740 32
0.1 14741 10
0.1 14742 27
0.1 14743 37
0.1 14744 37
0.1 14745 21
0.1 14746 0
0.1 14747 0
0.1 14748 21
0.1 14749 10
0.1 14750 5
0.1 14751 16
0.1 14752 21
0.1 14753 10
0.1 14754 0
0.1 14755 5
0.1 14756 0
0.1 14757 10
0.1 14758 21
0.1 14759 21
0.1 14760 43
0.1 14761 54
0.1 14762 59
0.1 14763 32
0.1 14764 21
0.1 14765 21
0.1 14766 37
0.1 14767 37
0.1 14768 27
0.1 14769 27
0.1 14770 27
0.1 14771 27
0.1 14772 27
0.1 14773 27
0.1 14774 37
0.1 14775 59
0.1 14776 59
0.1 14777 64
0.1 14778 81
0.1 14779 102
0.1 14780 124
0.1 14781 124
0.1 14782 129
0.1 14783 135
0.1 14784 118
0.1 14785 118
0.1 14786 113
0.1 14787 129
0.1 14788 135
0.1 14789 135
0.1 14790 118
0.1 14791 118
0.1 14792 113
0.1 14793 129
0.1 14794 135
0.1 14795 135
0.1 14796 135
0.1 14797 118
0.1 14798 118
0.1 14799 118
0.1 14800 129
0.1 14801 118
0.1 14802 129
0.1 14803 135
0.1 14804 135
0.1 14805 135
0.1 14806 113
0.1 14807 113
0.1 14808 129
0.1 14809 135
0.1 14810 135
0.1 14811 129
0.1 14812 135
0.1 14813 135
0.1 14814 135
0.1 14815 124
0.1 14816 129
0.1 14817 135
0.1 14818 135
0.1 14819 118
0.1 14820 129
0.1 14821 129
0.1 14822 135
0.1 14823 118
0.1 14824 118
0.1 14825 118
0.1 14826 135
0.1 14827 135
0.1 14828 135
0.1 14829 135
0.1 14830 135
0.1 14831 124
0.1 14832 135
0.1 14833 135
0.1 14834 135
0.1 14835 135
0.1 14836 135
0.1 14837 124
0.1 14838 124
0.1 14839 135
0.1 14840 135
0.1 14841 135
0.1 14842 135
0.1 14843 113
0.1 14844 135
0.1 14845 113
0.1 14846 113
0.1 14847 118
0.1 14848 118
0.1 14849 135
0.1 14850 135
0.1 14851 135
0.1 14852 118
0.1 14853 118
0.1 14854 135
0.1 14855 124
0.1 14856 124
0.1 14857 124
0.1 14858 129
0.1 14859 135
0.1 14860 135
0.1 14861 135
0.1 14862 135
0.1 14863 135
0.1 14864 124
0.1 14865 135
0.1 14866 135
0.1 14867 118
0.1 14868 135
0.1 14869 124
0.1 14870 124
0.1 14871 135
0.1 14872 118
0.1 14873 118
0.1 14874 135
0.1 14875 124
0.1 14876 135
0.1 14877 135
0.1 14878 135
0.1 14879 135
0.1 14880 135
0.1 14881 113
0.1 14882 118
0.1 14883 118
0.1 14884 124
0.1 14885 135
0.1 14886 135
0.1 14887 135
0.1 14888 135
0.1 14889 135
0.1 14890 118
0.1 14891 135
0.1 14892 135
0.1 14893 113
0.1 14894 135
0.1 14895 118
0.1 14896 135
0.1 14897 135
0.1 14898 135
0.1 14899 135
0.1 14900 124
0.1 14901 135
0.1 14902 124
0.1 14903 124
0.1 14904 135
0.1 14905 135
0.1 14906 124
0.1 14907 135
0.1 14908 135
0.1 14909 129
0.1 14910 135
0.1 14911 124
0.1 14912 129
0.1 14913 135
0.1 14914 135
0.1 14915 108
0.1 14916 118
0.1 14917 124
0.1 14918 135
0.1 14919 124
0.1 14920 118
0.1 14921 135
0.1 14922 113
0.1 14923 113
0.1 14924 118
0.1 14925 118
0.1 14926 135
0.1 14927 135
0.1 14928 135
0.1 14929 135
0.1 14930 135
0.1 14931 135
0.1 14932 118
0.1 14933 118
0.1 14934 135
0.1 14935 135
0.1 14936 135
0.1 14937 135
0.1 14938 135
0.1 14939 135
0.1 14940 124
0.1 14941 135
0.1 14942 135
0.1 14943 135
0.1 14944 124
0.1 14945 124
0.1 14946 135
0.1 14947 135
0.1 14948 118
0.1 14949 113
0.1 14950 135
0.1 14951 135
0.1 14952 135
0.1 14953 118
0.1 14954 135
0.1 14955 135
0.1 14956 118
0.1 14957 129
0.1 14958 113
0.1 14959 124
0.1 14960 135
0.1 14961 118
0.1 14962 129
0.1 14963 118
0.1 14964 135
0.1 14965 135
0.1 14966 135
0.1 14967 135
0.1 14968 135
0.1 14969 135
0.1 14970 113
0.1 14971 113
0.1 14972 113
0.1 14973 124
0.1 14974 135
0.1 14975 135
0.1 14976 118
0.1 14977 118
0.1 14978 129
0.1 14979 135
0.1 14980 135
0.1 14981 135
0.1 14982 135
0.1 14983 135
0.1 14984 124
0.1 14985 118
0.1 14986 129
0.1 14987 135
0.1 14988 135
0.1 14989 135
0.1 14990 113
0.1 14991 124
0.1 14992 135
0.1 14993 135
0.1 14994 135
0.1 14995 135
0.1 14996 135
0.1 14997 124
0.1 14998 118
0.1 14999 129
