0.3 10001 102
0.3 10002 102
0.3 10003 102
0.3 10004 102
0.3 10005 124
0.3 10006 135
0.3 10007 135
0.3 10008 124
0.3 10009 91
0.3 10010 113
0.3 10011 135
0.3 10012 135
0.3 10013 135
0.3 10014 118
0.3 10015 129
0.3 10016 118
0.3 10017 124
0.3 10018 0
0.3 10019 0
0.3 10020 0
0.3 10021 0
0.3 10022 0
0.3 10023 0
0.3 10024 0
0.3 10025 0
0.3 10026 16
0.3 10027 32
0.3 10028 5
0.3 10029 0
0.3 10030 21
0.3 10031 0
0.3 10032 0
0.3 10033 0
0.3 10034 0
0.3 10035 0
0.3 10036 16
0.3 10037 5
0.3 10038 0
0.3 10039 0
0.3 10040 0
0.3 10041 5
0.3 10042 0
0.3 10043 0
0.3 10044 0
0.3 10045 0
0.3 10046 16
0.3 10047 16
0.3 10048 32
0.3 10049 0
0.3 10050 0
0.3 10051 0
0.3 10052 0
0.3 10053 0
0.3 10054 0
0.3 10055 0
0.3 10056 0
0.3 10057 0
0.3 10058 0
0.3 10059 10
0.3 10060 10
0.3 10061 10
0.3 10062 21
0.3 10063 37
0.3 10064 54
0.3 10065 54
0.3 10066 75
0.3 10067 70
0.3 10068 0
0.3 10069 0
0.3 10070 16
0.3 10071 5
0.3 10072 0
0.3 10073 16
0.3 10074 32
0.3 10075 0
0.3 10076 0
0.3 10077 0
0.3 10078 0
0.3 10079 21
0.3 10080 0
0.3 10081 16
0.3 10082 0
0.3 10083 0
0.3 10084 0
0.3 10085 0
0.3 10086 16
0.3 10087 16
0.3 10088 16
0.3 10089 16
0.3 10090 16
0.3 10091 16
0.3 10092 43
0.3 10093 43
0.3 10094 59
0.3 10095 75
0.3 10096 75
0.3 10097 16
0.3 10098 0
0.3 10099 10
0.3 10100 27
0.3 10101 27
0.3 10102 27
0.3 10103 10
0.3 10104 21
0.3 10105 48
0.3 10106 59
0.3 10107 43
0.3 10108 43
0.3 10109 21
0.3 10110 10
0.3 10111 0
0.3 10112 0
0.3 10113 10
0.3 10114 16
0.3 10115 16
0.3 10116 16
0.3 10117 16
0.3 10118 16
0.3 10119 27
0.3 10120 43
0.3 10121 43
0.3 10122 32
0.3 10123 0
0.3 10124 16
0.3 10125 0
0.3 10126 0
0.3 10127 0
0.3 10128 0
0.3 10129 0
0.3 10130 0
0.3 10131 16
0.3 10132 0
0.3 10133 0
0.3 10134 0
0.3 10135 0
0.3 10136 0
0.3 10137 21
0.3 10138 0
0.3 10139 0
0.3 10140 0
0.3 10141 16
0.3 10142 32
0.3 10143 32
0.3 10144 21
0.3 10145 0
0.3 10146 0
0.3 10147 0
0.3 10148 10
0.3 10149 5
0.3 10150 27
0.3 10151 48
0.3 10152 59
0.3 10153 59
0.3 10154 59
0.3 10155 59
0.3 10156 21
0.3 10157 10
0.3 10158 5
0.3 10159 21
0.3 10160 10
0.3 10161 10
0.3 10162 21
0.3 10163 0
0.3 10164 10
0.3 10165 10
0.3 10166 16
0.3 10167 0
0.3 10168 0
0.3 10169 0
0.3 10170 16
0.3 10171 5
0.3 10172 21
0.3 10173 0
0.3 10174 0
0.3 10175 16
0.3 10176 16
0.3 10177 37
0.3 10178 32
0.3 10179 0
0.3 10180 16
0.3 10181 37
0.3 10182 10
0.3 10183 10
0.3 10184 27
0.3 10185 21
0.3 10186 0
0.3 10187 16
0.3 10188 0
0.3 10189 16
0.3 10190 32
0.3 10191 37
0.3 10192 54
0.3 10193 16
0.3 10194 32
0.3 10195 48
0.3 10196 48
0.3 10197 48
0.3 10198 48
0.3 10199 48
0.3 10200 48
0.3 10201 70
0.3 10202 81
0.3 10203 81
0.3 10204 81
0.3 10205 97
0.3 10206 124
0.3 10207 54
0.3 10208 5
0.3 10209 21
0.3 10210 0
0.3 10211 0
0.3 10212 10
0.3 10213 27
0.3 10214 5
0.3 10215 0
0.3 10216 0
0.3 10217 27
0.3 10218 32
0.3 10219 16
0.3 10220 32
0.3 10221 48
0.3 10222 0
0.3 10223 0
0.3 10224 10
0.3 10225 16
0.3 10226 16
0.3 10227 27
0.3 10228 0
0.3 10229 0
0.3 10230 21
0.3 10231 43
0.3 10232 64
0.3 10233 86
0.3 10234 86
0.3 10235 86
0.3 10236 86
0.3 10237 113
0.3 10238 129
0.3 10239 135
0.3 10240 135
0.3 10241 135
0.3 10242 113
0.3 10243 129
0.3 10244 135
0.3 10245 135
0.3 10246 129
0.3 10247 135
0.3 10248 113
0.3 10249 113
0.3 10250 135
0.3 10251 135
0.3 10252 118
0.3 10253 118
0.3 10254 129
0.3 10255 48
0.3 10256 10
0.3 10257 0
0.3 10258 21
0.3 10259 10
0.3 10260 16
0.3 10261 32
0.3 10262 43
0.3 10263 43
0.3 10264 0
0.3 10265 0
0.3 10266 0
0.3 10267 0
0.3 10268 0
0.3 10269 10
0.3 10270 27
0.3 10271 43
0.3 10272 21
0.3 10273 43
0.3 10274 21
0.3 10275 10
0.3 10276 37
0.3 10277 0
0.3 10278 0
0.3 10279 21
0.3 10280 16
0.3 10281 37
0.3 10282 43
0.3 10283 21
0.3 10284 43
0.3 10285 54
0.3 10286 0
0.3 10287 21
0.3 10288 37
0.3 10289 59
0.3 10290 70
0.3 10291 64
0.3 10292 81
0.3 10293 59
0.3 10294 70
0.3 10295 91
0.3 10296 91
0.3 10297 118
0.3 10298 135
0.3 10299 113
0.3 10300 113
0.3 10301 113
0.3 10302 135
0.3 10303 135
0.3 10304 135
0.3 10305 135
0.3 10306 135
0.3 10307 135
0.3 10308 113
0.3 10309 48
0.3 10310 37
0.3 10311 0
0.3 10312 0
0.3 10313 0
0.3 10314 0
0.3 10315 0
0.3 10316 0
0.3 10317 16
0.3 10318 0
0.3 10319 21
0.3 10320 5
0.3 10321 0
0.3 10322 16
0.3 10323 5
0.3 10324 5
0.3 10325 16
0.3 10326 32
0.3 10327 32
0.3 10328 54
0.3 10329 70
0.3 10330 70
0.3 10331 70
0.3 10332 64
0.3 10333 0
0.3 10334 0
0.3 10335 10
0.3 10336 0
0.3 10337 0
0.3 10338 5
0.3 10339 5
0.3 10340 0
0.3 10341 0
0.3 10342 0
0.3 10343 0
0.3 10344 0
0.3 10345 0
0.3 10346 0
0.3 10347 0
0.3 10348 10
0.3 10349 0
0.3 10350 5
0.3 10351 21
0.3 10352 0
0.3 10353 5
0.3 10354 0
0.3 10355 0
0.3 10356 10
0.3 10357 21
0.3 10358 16
0.3 10359 32
0.3 10360 32
0.3 10361 32
0.3 10362 27
0.3 10363 43
0.3 10364 70
0.3 10365 86
0.3 10366 86
0.3 10367 86
0.3 10368 27
0.3 10369 0
0.3 10370 16
0.3 10371 32
0.3 10372 48
0.3 10373 16
0.3 10374 21
0.3 10375 10
0.3 10376 0
0.3 10377 0
0.3 10378 0
0.3 10379 0
0.3 10380 0
0.3 10381 21
0.3 10382 32
0.3 10383 0
0.3 10384 0
0.3 10385 0
0.3 10386 0
0.3 10387 10
0.3 10388 0
0.3 10389 16
0.3 10390 32
0.3 10391 0
0.3 10392 0
0.3 10393 0
0.3 10394 16
0.3 10395 16
0.3 10396 43
0.3 10397 43
0.3 10398 43
0.3 10399 54
0.3 10400 75
0.3 10401 16
0.3 10402 0
0.3 10403 16
0.3 10404 5
0.3 10405 27
0.3 10406 48
0.3 10407 27
0.3 10408 16
0.3 10409 16
0.3 10410 16
0.3 10411 32
0.3 10412 48
0.3 10413 70
0.3 10414 43
0.3 10415 21
0.3 10416 21
0.3 10417 43
0.3 10418 43
0.3 10419 64
0.3 10420 64
0.3 10421 64
0.3 10422 86
0.3 10423 86
0.3 10424 86
0.3 10425 43
0.3 10426 0
0.3 10427 10
0.3 10428 21
0.3 10429 0
0.3 10430 16
0.3 10431 16
0.3 10432 27
0.3 10433 27
0.3 10434 43
0.3 10435 54
0.3 10436 10
0.3 10437 21
0.3 10438 21
0.3 10439 37
0.3 10440 59
0.3 10441 59
0.3 10442 59
0.3 10443 59
0.3 10444 75
0.3 10445 97
0.3 10446 113
0.3 10447 113
0.3 10448 135
0.3 10449 135
0.3 10450 135
0.3 10451 16
0.3 10452 5
0.3 10453 16
0.3 10454 0
0.3 10455 0
0.3 10456 0
0.3 10457 0
0.3 10458 16
0.3 10459 27
0.3 10460 54
0.3 10461 43
0.3 10462 0
0.3 10463 0
0.3 10464 0
0.3 10465 0
0.3 10466 21
0.3 10467 48
0.3 10468 48
0.3 10469 70
0.3 10470 0
0.3 10471 21
0.3 10472 16
0.3 10473 0
0.3 10474 0
0.3 10475 0
0.3 10476 0
0.3 10477 0
0.3 10478 10
0.3 10479 0
0.3 10480 16
0.3 10481 16
0.3 10482 0
0.3 10483 0
0.3 10484 0
0.3 10485 0
0.3 10486 10
0.3 10487 5
0.3 10488 0
0.3 10489 16
0.3 10490 27
0.3 10491 37
0.3 10492 32
0.3 10493 43
0.3 10494 16
0.3 10495 0
0.3 10496 0
0.3 10497 10
0.3 10498 10
0.3 10499 10
0.3 10500 16
0.3 10501 0
0.3 10502 0
0.3 10503 0
0.3 10504 0
0.3 10505 21
0.3 10506 10
0.3 10507 0
0.3 10508 16
0.3 10509 5
0.3 10510 27
0.3 10511 0
0.3 10512 0
0.3 10513 21
0.3 10514 16
0.3 10515 16
0.3 10516 0
0.3 10517 0
0.3 10518 5
0.3 10519 0
0.3 10520 16
0.3 10521 0
0.3 10522 0
0.3 10523 0
0.3 10524 0
0.3 10525 0
0.3 10526 0
0.3 10527 0
0.3 10528 0
0.3 10529 10
0.3 10530 21
0.3 10531 21
0.3 10532 43
0.3 10533 59
0.3 10534 59
0.3 10535 59
0.3 10536 59
0.3 10537 70
0.3 10538 91
0.3 10539 108
0.3 10540 129
0.3 10541 113
0.3 10542 10
0.3 10543 27
0.3 10544 27
0.3 10545 37
0.3 10546 37
0.3 10547 16
0.3 10548 0
0.3 10549 16
0.3 10550 0
0.3 10551 16
0.3 10552 0
0.3 10553 16
0.3 10554 16
0.3 10555 43
0.3 10556 54
0.3 10557 59
0.3 10558 54
0.3 10559 0
0.3 10560 0
0.3 10561 0
0.3 10562 0
0.3 10563 0
0.3 10564 10
0.3 10565 0
0.3 10566 0
0.3 10567 0
0.3 10568 21
0.3 10569 21
0.3 10570 37
0.3 10571 10
0.3 10572 5
0.3 10573 27
0.3 10574 0
0.3 10575 16
0.3 10576 32
0.3 10577 37
0.3 10578 27
0.3 10579 27
0.3 10580 48
0.3 10581 64
0.3 10582 86
0.3 10583 86
0.3 10584 86
0.3 10585 108
0.3 10586 124
0.3 10587 75
0.3 10588 75
0.3 10589 97
0.3 10590 97
0.3 10591 113
0.3 10592 86
0.3 10593 86
0.3 10594 102
0.3 10595 118
0.3 10596 135
0.3 10597 135
0.3 10598 135
0.3 10599 135
0.3 10600 118
0.3 10601 135
0.3 10602 135
0.3 10603 135
0.3 10604 135
0.3 10605 135
0.3 10606 135
0.3 10607 135
0.3 10608 118
0.3 10609 135
0.3 10610 135
0.3 10611 21
0.3 10612 5
0.3 10613 5
0.3 10614 27
0.3 10615 32
0.3 10616 0
0.3 10617 16
0.3 10618 0
0.3 10619 16
0.3 10620 0
0.3 10621 0
0.3 10622 0
0.3 10623 0
0.3 10624 0
0.3 10625 10
0.3 10626 5
0.3 10627 10
0.3 10628 0
0.3 10629 0
0.3 10630 0
0.3 10631 0
0.3 10632 0
0.3 10633 0
0.3 10634 0
0.3 10635 0
0.3 10636 16
0.3 10637 43
0.3 10638 43
0.3 10639 54
0.3 10640 32
0.3 10641 37
0.3 10642 37
0.3 10643 54
0.3 10644 54
0.3 10645 70
0.3 10646 70
0.3 10647 54
0.3 10648 0
0.3 10649 0
0.3 10650 0
0.3 10651 0
0.3 10652 0
0.3 10653 0
0.3 10654 10
0.3 10655 0
0.3 10656 16
0.3 10657 5
0.3 10658 0
0.3 10659 0
0.3 10660 0
0.3 10661 10
0.3 10662 5
0.3 10663 0
0.3 10664 0
0.3 10665 0
0.3 10666 0
0.3 10667 16
0.3 10668 21
0.3 10669 10
0.3 10670 0
0.3 10671 0
0.3 10672 0
0.3 10673 0
0.3 10674 0
0.3 10675 0
0.3 10676 0
0.3 10677 21
0.3 10678 0
0.3 10679 0
0.3 10680 16
0.3 10681 27
0.3 10682 27
0.3 10683 27
0.3 10684 43
0.3 10685 43
0.3 10686 59
0.3 10687 59
0.3 10688 59
0.3 10689 59
0.3 10690 75
0.3 10691 54
0.3 10692 43
0.3 10693 43
0.3 10694 59
0.3 10695 81
0.3 10696 97
0.3 10697 113
0.3 10698 108
0.3 10699 108
0.3 10700 129
0.3 10701 118
0.3 10702 135
0.3 10703 113
0.3 10704 21
0.3 10705 0
0.3 10706 0
0.3 10707 16
0.3 10708 5
0.3 10709 16
0.3 10710 32
0.3 10711 21
0.3 10712 37
0.3 10713 10
0.3 10714 0
0.3 10715 0
0.3 10716 0
0.3 10717 16
0.3 10718 37
0.3 10719 0
0.3 10720 21
0.3 10721 10
0.3 10722 32
0.3 10723 54
0.3 10724 75
0.3 10725 91
0.3 10726 75
0.3 10727 59
0.3 10728 81
0.3 10729 97
0.3 10730 108
0.3 10731 0
0.3 10732 16
0.3 10733 16
0.3 10734 37
0.3 10735 37
0.3 10736 37
0.3 10737 37
0.3 10738 59
0.3 10739 75
0.3 10740 97
0.3 10741 124
0.3 10742 129
0.3 10743 135
0.3 10744 135
0.3 10745 135
0.3 10746 135
0.3 10747 113
0.3 10748 135
0.3 10749 135
0.3 10750 135
0.3 10751 37
0.3 10752 0
0.3 10753 0
0.3 10754 10
0.3 10755 5
0.3 10756 0
0.3 10757 0
0.3 10758 0
0.3 10759 0
0.3 10760 0
0.3 10761 16
0.3 10762 0
0.3 10763 10
0.3 10764 0
0.3 10765 16
0.3 10766 0
0.3 10767 0
0.3 10768 0
0.3 10769 16
0.3 10770 0
0.3 10771 0
0.3 10772 0
0.3 10773 16
0.3 10774 27
0.3 10775 48
0.3 10776 64
0.3 10777 86
0.3 10778 54
0.3 10779 70
0.3 10780 48
0.3 10781 43
0.3 10782 43
0.3 10783 0
0.3 10784 0
0.3 10785 0
0.3 10786 0
0.3 10787 0
0.3 10788 0
0.3 10789 0
0.3 10790 16
0.3 10791 37
0.3 10792 0
0.3 10793 0
0.3 10794 10
0.3 10795 0
0.3 10796 0
0.3 10797 0
0.3 10798 0
0.3 10799 0
0.3 10800 16
0.3 10801 16
0.3 10802 37
0.3 10803 48
0.3 10804 70
0.3 10805 64
0.3 10806 54
0.3 10807 0
0.3 10808 0
0.3 10809 0
0.3 10810 16
0.3 10811 0
0.3 10812 21
0.3 10813 5
0.3 10814 21
0.3 10815 0
0.3 10816 21
0.3 10817 27
0.3 10818 16
0.3 10819 27
0.3 10820 37
0.3 10821 32
0.3 10822 32
0.3 10823 54
0.3 10824 54
0.3 10825 54
0.3 10826 70
0.3 10827 86
0.3 10828 75
0.3 10829 91
0.3 10830 70
0.3 10831 21
0.3 10832 32
0.3 10833 0
0.3 10834 0
0.3 10835 0
0.3 10836 0
0.3 10837 0
0.3 10838 21
0.3 10839 21
0.3 10840 0
0.3 10841 0
0.3 10842 10
0.3 10843 0
0.3 10844 5
0.3 10845 5
0.3 10846 5
0.3 10847 27
0.3 10848 43
0.3 10849 48
0.3 10850 64
0.3 10851 59
0.3 10852 59
0.3 10853 86
0.3 10854 64
0.3 10855 5
0.3 10856 0
0.3 10857 10
0.3 10858 27
0.3 10859 48
0.3 10860 48
0.3 10861 75
0.3 10862 91
0.3 10863 108
0.3 10864 135
0.3 10865 118
0.3 10866 102
0.3 10867 124
0.3 10868 97
0.3 10869 113
0.3 10870 135
0.3 10871 135
0.3 10872 135
0.3 10873 113
0.3 10874 129
0.3 10875 135
0.3 10876 135
0.3 10877 135
0.3 10878 135
0.3 10879 135
0.3 10880 86
0.3 10881 0
0.3 10882 16
0.3 10883 0
0.3 10884 0
0.3 10885 0
0.3 10886 0
0.3 10887 10
0.3 10888 27
0.3 10889 0
0.3 10890 16
0.3 10891 10
0.3 10892 16
0.3 10893 5
0.3 10894 10
0.3 10895 0
0.3 10896 0
0.3 10897 0
0.3 10898 0
0.3 10899 0
0.3 10900 0
0.3 10901 0
0.3 10902 10
0.3 10903 0
0.3 10904 0
0.3 10905 10
0.3 10906 0
0.3 10907 0
0.3 10908 0
0.3 10909 0
0.3 10910 0
0.3 10911 0
0.3 10912 10
0.3 10913 0
0.3 10914 5
0.3 10915 0
0.3 10916 16
0.3 10917 0
0.3 10918 16
0.3 10919 0
0.3 10920 21
0.3 10921 0
0.3 10922 16
0.3 10923 0
0.3 10924 0
0.3 10925 16
0.3 10926 5
0.3 10927 0
0.3 10928 21
0.3 10929 27
0.3 10930 48
0.3 10931 64
0.3 10932 43
0.3 10933 10
0.3 10934 0
0.3 10935 0
0.3 10936 0
0.3 10937 10
0.3 10938 21
0.3 10939 37
0.3 10940 37
0.3 10941 37
0.3 10942 48
0.3 10943 64
0.3 10944 64
0.3 10945 64
0.3 10946 91
0.3 10947 91
0.3 10948 0
0.3 10949 0
0.3 10950 0
0.3 10951 16
0.3 10952 27
0.3 10953 43
0.3 10954 32
0.3 10955 48
0.3 10956 64
0.3 10957 75
0.3 10958 102
0.3 10959 113
0.3 10960 124
0.3 10961 135
0.3 10962 113
0.3 10963 129
0.3 10964 75
0.3 10965 21
0.3 10966 0
0.3 10967 21
0.3 10968 5
0.3 10969 0
0.3 10970 0
0.3 10971 0
0.3 10972 0
0.3 10973 0
0.3 10974 16
0.3 10975 27
0.3 10976 37
0.3 10977 32
0.3 10978 0
0.3 10979 16
0.3 10980 16
0.3 10981 27
0.3 10982 16
0.3 10983 16
0.3 10984 27
0.3 10985 48
0.3 10986 16
0.3 10987 32
0.3 10988 32
0.3 10989 21
0.3 10990 37
0.3 10991 59
0.3 10992 48
0.3 10993 0
0.3 10994 0
0.3 10995 0
0.3 10996 0
0.3 10997 21
0.3 10998 21
0.3 10999 0
0.3 11000 16
0.3 11001 0
0.3 11002 0
0.3 11003 16
0.3 11004 0
0.3 11005 0
0.3 11006 5
0.3 11007 0
0.3 11008 0
0.3 11009 16
0.3 11010 16
0.3 11011 16
0.3 11012 32
0.3 11013 32
0.3 11014 21
0.3 11015 0
0.3 11016 0
0.3 11017 0
0.3 11018 16
0.3 11019 21
0.3 11020 32
0.3 11021 48
0.3 11022 48
0.3 11023 48
0.3 11024 48
0.3 11025 59
0.3 11026 75
0.3 11027 16
0.3 11028 0
0.3 11029 0
0.3 11030 5
0.3 11031 0
0.3 11032 0
0.3 11033 0
0.3 11034 0
0.3 11035 0
0.3 11036 0
0.3 11037 0
0.3 11038 0
0.3 11039 0
0.3 11040 0
0.3 11041 0
0.3 11042 0
0.3 11043 0
0.3 11044 0
0.3 11045 0
0.3 11046 0
0.3 11047 10
0.3 11048 5
0.3 11049 0
0.3 11050 16
0.3 11051 0
0.3 11052 0
0.3 11053 0
0.3 11054 0
0.3 11055 21
0.3 11056 43
0.3 11057 59
0.3 11058 54
0.3 11059 0
0.3 11060 16
0.3 11061 0
0.3 11062 21
0.3 11063 0
0.3 11064 0
0.3 11065 0
0.3 11066 0
0.3 11067 10
0.3 11068 37
0.3 11069 16
0.3 11070 16
0.3 11071 32
0.3 11072 54
0.3 11073 0
0.3 11074 0
0.3 11075 0
0.3 11076 0
0.3 11077 0
0.3 11078 0
0.3 11079 0
0.3 11080 0
0.3 11081 0
0.3 11082 16
0.3 11083 0
0.3 11084 0
0.3 11085 0
0.3 11086 0
0.3 11087 16
0.3 11088 0
0.3 11089 0
0.3 11090 0
0.3 11091 0
0.3 11092 16
0.3 11093 37
0.3 11094 48
0.3 11095 59
0.3 11096 75
0.3 11097 75
0.3 11098 91
0.3 11099 91
0.3 11100 91
0.3 11101 113
0.3 11102 129
0.3 11103 135
0.3 11104 113
0.3 11105 113
0.3 11106 135
0.3 11107 135
0.3 11108 113
0.3 11109 43
0.3 11110 21
0.3 11111 0
0.3 11112 0
0.3 11113 0
0.3 11114 16
0.3 11115 16
0.3 11116 27
0.3 11117 48
0.3 11118 21
0.3 11119 37
0.3 11120 59
0.3 11121 32
0.3 11122 43
0.3 11123 5
0.3 11124 21
0.3 11125 21
0.3 11126 32
0.3 11127 54
0.3 11128 70
0.3 11129 91
0.3 11130 91
0.3 11131 91
0.3 11132 91
0.3 11133 108
0.3 11134 129
0.3 11135 135
0.3 11136 118
0.3 11137 129
0.3 11138 135
0.3 11139 108
0.3 11140 108
0.3 11141 108
0.3 11142 129
0.3 11143 113
0.3 11144 108
0.3 11145 124
0.3 11146 135
0.3 11147 135
0.3 11148 135
0.3 11149 32
0.3 11150 32
0.3 11151 10
0.3 11152 0
0.3 11153 0
0.3 11154 0
0.3 11155 16
0.3 11156 5
0.3 11157 0
0.3 11158 0
0.3 11159 0
0.3 11160 21
0.3 11161 21
0.3 11162 37
0.3 11163 32
0.3 11164 48
0.3 11165 27
0.3 11166 54
0.3 11167 70
0.3 11168 86
0.3 11169 10
0.3 11170 0
0.3 11171 0
0.3 11172 0
0.3 11173 0
0.3 11174 16
0.3 11175 37
0.3 11176 16
0.3 11177 16
0.3 11178 0
0.3 11179 0
0.3 11180 16
0.3 11181 16
0.3 11182 16
0.3 11183 37
0.3 11184 27
0.3 11185 21
0.3 11186 0
0.3 11187 16
0.3 11188 16
0.3 11189 27
0.3 11190 37
0.3 11191 37
0.3 11192 37
0.3 11193 54
0.3 11194 70
0.3 11195 70
0.3 11196 86
0.3 11197 86
0.3 11198 102
0.3 11199 118
0.3 11200 135
0.3 11201 118
0.3 11202 135
0.3 11203 124
0.3 11204 43
0.3 11205 0
0.3 11206 16
0.3 11207 27
0.3 11208 32
0.3 11209 0
0.3 11210 10
0.3 11211 0
0.3 11212 16
0.3 11213 37
0.3 11214 37
0.3 11215 10
0.3 11216 27
0.3 11217 0
0.3 11218 16
0.3 11219 16
0.3 11220 16
0.3 11221 32
0.3 11222 48
0.3 11223 48
0.3 11224 64
0.3 11225 75
0.3 11226 91
0.3 11227 64
0.3 11228 0
0.3 11229 16
0.3 11230 5
0.3 11231 0
0.3 11232 0
0.3 11233 0
0.3 11234 0
0.3 11235 21
0.3 11236 10
0.3 11237 21
0.3 11238 10
0.3 11239 21
0.3 11240 0
0.3 11241 0
0.3 11242 16
0.3 11243 5
0.3 11244 0
0.3 11245 0
0.3 11246 10
0.3 11247 5
0.3 11248 0
0.3 11249 0
0.3 11250 16
0.3 11251 0
0.3 11252 10
0.3 11253 5
0.3 11254 0
0.3 11255 16
0.3 11256 0
0.3 11257 0
0.3 11258 21
0.3 11259 0
0.3 11260 0
0.3 11261 16
0.3 11262 10
0.3 11263 27
0.3 11264 27
0.3 11265 37
0.3 11266 0
0.3 11267 0
0.3 11268 0
0.3 11269 0
0.3 11270 0
0.3 11271 0
0.3 11272 16
0.3 11273 0
0.3 11274 10
0.3 11275 5
0.3 11276 27
0.3 11277 5
0.3 11278 0
0.3 11279 0
0.3 11280 10
0.3 11281 0
0.3 11282 0
0.3 11283 0
0.3 11284 0
0.3 11285 0
0.3 11286 0
0.3 11287 0
0.3 11288 0
0.3 11289 0
0.3 11290 0
0.3 11291 0
0.3 11292 0
0.3 11293 0
0.3 11294 0
0.3 11295 16
0.3 11296 16
0.3 11297 16
0.3 11298 32
0.3 11299 16
0.3 11300 0
0.3 11301 16
0.3 11302 32
0.3 11303 0
0.3 11304 0
0.3 11305 5
0.3 11306 10
0.3 11307 0
0.3 11308 5
0.3 11309 0
0.3 11310 0
0.3 11311 5
0.3 11312 0
0.3 11313 0
0.3 11314 0
0.3 11315 0
0.3 11316 0
0.3 11317 0
0.3 11318 10
0.3 11319 0
0.3 11320 0
0.3 11321 0
0.3 11322 0
0.3 11323 16
0.3 11324 27
0.3 11325 0
0.3 11326 0
0.3 11327 0
0.3 11328 16
0.3 11329 21
0.3 11330 37
0.3 11331 21
0.3 11332 16
0.3 11333 43
0.3 11334 64
0.3 11335 16
0.3 11336 0
0.3 11337 0
0.3 11338 0
0.3 11339 10
0.3 11340 0
0.3 11341 0
0.3 11342 16
0.3 11343 32
0.3 11344 21
0.3 11345 0
0.3 11346 21
0.3 11347 32
0.3 11348 16
0.3 11349 16
0.3 11350 16
0.3 11351 37
0.3 11352 37
0.3 11353 37
0.3 11354 37
0.3 11355 0
0.3 11356 16
0.3 11357 16
0.3 11358 37
0.3 11359 59
0.3 11360 86
0.3 11361 59
0.3 11362 48
0.3 11363 43
0.3 11364 43
0.3 11365 64
0.3 11366 75
0.3 11367 75
0.3 11368 91
0.3 11369 54
0.3 11370 32
0.3 11371 10
0.3 11372 27
0.3 11373 5
0.3 11374 5
0.3 11375 16
0.3 11376 0
0.3 11377 16
0.3 11378 27
0.3 11379 43
0.3 11380 59
0.3 11381 59
0.3 11382 59
0.3 11383 59
0.3 11384 81
0.3 11385 75
0.3 11386 16
0.3 11387 0
0.3 11388 0
0.3 11389 27
0.3 11390 0
0.3 11391 21
0.3 11392 37
0.3 11393 48
0.3 11394 70
0.3 11395 81
0.3 11396 81
0.3 11397 81
0.3 11398 81
0.3 11399 108
0.3 11400 129
0.3 11401 135
0.3 11402 113
0.3 11403 113
0.3 11404 129
0.3 11405 135
0.3 11406 118
0.3 11407 135
0.3 11408 113
0.3 11409 129
0.3 11410 135
0.3 11411 135
0.3 11412 118
0.3 11413 135
0.3 11414 135
0.3 11415 113
0.3 11416 129
0.3 11417 135
0.3 11418 135
0.3 11419 135
0.3 11420 10
0.3 11421 16
0.3 11422 0
0.3 11423 0
0.3 11424 0
0.3 11425 0
0.3 11426 0
0.3 11427 0
0.3 11428 0
0.3 11429 21
0.3 11430 21
0.3 11431 37
0.3 11432 37
0.3 11433 59
0.3 11434 86
0.3 11435 102
0.3 11436 97
0.3 11437 10
0.3 11438 27
0.3 11439 0
0.3 11440 21
0.3 11441 43
0.3 11442 48
0.3 11443 37
0.3 11444 21
0.3 11445 10
0.3 11446 32
0.3 11447 32
0.3 11448 54
0.3 11449 75
0.3 11450 91
0.3 11451 70
0.3 11452 54
0.3 11453 64
0.3 11454 43
0.3 11455 43
0.3 11456 64
0.3 11457 81
0.3 11458 81
0.3 11459 108
0.3 11460 129
0.3 11461 135
0.3 11462 135
0.3 11463 118
0.3 11464 118
0.3 11465 135
0.3 11466 118
0.3 11467 135
0.3 11468 37
0.3 11469 0
0.3 11470 0
0.3 11471 0
0.3 11472 0
0.3 11473 0
0.3 11474 0
0.3 11475 0
0.3 11476 21
0.3 11477 32
0.3 11478 0
0.3 11479 0
0.3 11480 0
0.3 11481 16
0.3 11482 0
0.3 11483 5
0.3 11484 0
0.3 11485 0
0.3 11486 0
0.3 11487 0
0.3 11488 0
0.3 11489 16
0.3 11490 16
0.3 11491 43
0.3 11492 16
0.3 11493 16
0.3 11494 0
0.3 11495 0
0.3 11496 21
0.3 11497 21
0.3 11498 0
0.3 11499 0
0.3 11500 0
0.3 11501 0
0.3 11502 27
0.3 11503 21
0.3 11504 0
0.3 11505 0
0.3 11506 0
0.3 11507 0
0.3 11508 5
0.3 11509 0
0.3 11510 16
0.3 11511 5
0.3 11512 21
0.3 11513 0
0.3 11514 0
0.3 11515 0
0.3 11516 16
0.3 11517 32
0.3 11518 37
0.3 11519 32
0.3 11520 32
0.3 11521 32
0.3 11522 48
0.3 11523 32
0.3 11524 43
0.3 11525 21
0.3 11526 0
0.3 11527 0
0.3 11528 16
0.3 11529 10
0.3 11530 5
0.3 11531 0
0.3 11532 16
0.3 11533 0
0.3 11534 0
0.3 11535 0
0.3 11536 0
0.3 11537 0
0.3 11538 0
0.3 11539 0
0.3 11540 0
0.3 11541 0
0.3 11542 0
0.3 11543 0
0.3 11544 0
0.3 11545 0
0.3 11546 0
0.3 11547 16
0.3 11548 16
0.3 11549 32
0.3 11550 48
0.3 11551 64
0.3 11552 75
0.3 11553 86
0.3 11554 86
0.3 11555 108
0.3 11556 124
0.3 11557 135
0.3 11558 113
0.3 11559 118
0.3 11560 0
0.3 11561 0
0.3 11562 10
0.3 11563 0
0.3 11564 0
0.3 11565 16
0.3 11566 5
0.3 11567 27
0.3 11568 43
0.3 11569 21
0.3 11570 21
0.3 11571 43
0.3 11572 59
0.3 11573 64
0.3 11574 0
0.3 11575 0
0.3 11576 0
0.3 11577 16
0.3 11578 16
0.3 11579 0
0.3 11580 0
0.3 11581 0
0.3 11582 16
0.3 11583 27
0.3 11584 21
0.3 11585 37
0.3 11586 37
0.3 11587 54
0.3 11588 48
0.3 11589 48
0.3 11590 70
0.3 11591 91
0.3 11592 108
0.3 11593 129
0.3 11594 135
0.3 11595 135
0.3 11596 135
0.3 11597 135
0.3 11598 37
0.3 11599 37
0.3 11600 0
0.3 11601 0
0.3 11602 0
0.3 11603 0
0.3 11604 21
0.3 11605 0
0.3 11606 0
0.3 11607 16
0.3 11608 16
0.3 11609 16
0.3 11610 32
0.3 11611 48
0.3 11612 64
0.3 11613 27
0.3 11614 0
0.3 11615 0
0.3 11616 0
0.3 11617 0
0.3 11618 21
0.3 11619 21
0.3 11620 21
0.3 11621 37
0.3 11622 48
0.3 11623 64
0.3 11624 81
0.3 11625 81
0.3 11626 102
0.3 11627 48
0.3 11628 0
0.3 11629 0
0.3 11630 0
0.3 11631 10
0.3 11632 27
0.3 11633 5
0.3 11634 27
0.3 11635 21
0.3 11636 21
0.3 11637 43
0.3 11638 59
0.3 11639 10
0.3 11640 0
0.3 11641 0
0.3 11642 21
0.3 11643 21
0.3 11644 37
0.3 11645 21
0.3 11646 21
0.3 11647 10
0.3 11648 16
0.3 11649 0
0.3 11650 0
0.3 11651 0
0.3 11652 16
0.3 11653 32
0.3 11654 32
0.3 11655 27
0.3 11656 43
0.3 11657 64
0.3 11658 37
0.3 11659 32
0.3 11660 32
0.3 11661 54
0.3 11662 54
0.3 11663 54
0.3 11664 70
0.3 11665 86
0.3 11666 102
0.3 11667 113
0.3 11668 91
0.3 11669 0
0.3 11670 0
0.3 11671 0
0.3 11672 27
0.3 11673 21
0.3 11674 0
0.3 11675 21
0.3 11676 0
0.3 11677 0
0.3 11678 10
0.3 11679 5
0.3 11680 32
0.3 11681 0
0.3 11682 0
0.3 11683 16
0.3 11684 0
0.3 11685 5
0.3 11686 10
0.3 11687 21
0.3 11688 0
0.3 11689 0
0.3 11690 0
0.3 11691 16
0.3 11692 0
0.3 11693 21
0.3 11694 5
0.3 11695 27
0.3 11696 32
0.3 11697 48
0.3 11698 21
0.3 11699 37
0.3 11700 37
0.3 11701 54
0.3 11702 75
0.3 11703 81
0.3 11704 75
0.3 11705 32
0.3 11706 32
0.3 11707 0
0.3 11708 10
0.3 11709 32
0.3 11710 59
0.3 11711 0
0.3 11712 0
0.3 11713 5
0.3 11714 0
0.3 11715 0
0.3 11716 0
0.3 11717 0
0.3 11718 0
0.3 11719 0
0.3 11720 0
0.3 11721 16
0.3 11722 32
0.3 11723 48
0.3 11724 70
0.3 11725 70
0.3 11726 10
0.3 11727 0
0.3 11728 10
0.3 11729 5
0.3 11730 21
0.3 11731 0
0.3 11732 0
0.3 11733 21
0.3 11734 0
0.3 11735 0
0.3 11736 0
0.3 11737 0
0.3 11738 0
0.3 11739 0
0.3 11740 0
0.3 11741 21
0.3 11742 5
0.3 11743 0
0.3 11744 10
0.3 11745 0
0.3 11746 16
0.3 11747 0
0.3 11748 0
0.3 11749 16
0.3 11750 32
0.3 11751 54
0.3 11752 54
0.3 11753 70
0.3 11754 32
0.3 11755 10
0.3 11756 0
0.3 11757 21
0.3 11758 16
0.3 11759 16
0.3 11760 32
0.3 11761 54
0.3 11762 54
0.3 11763 70
0.3 11764 91
0.3 11765 91
0.3 11766 113
0.3 11767 129
0.3 11768 135
0.3 11769 135
0.3 11770 135
0.3 11771 113
0.3 11772 129
0.3 11773 135
0.3 11774 135
0.3 11775 135
0.3 11776 135
0.3 11777 135
0.3 11778 135
0.3 11779 135
0.3 11780 43
0.3 11781 0
0.3 11782 0
0.3 11783 16
0.3 11784 0
0.3 11785 0
0.3 11786 0
0.3 11787 27
0.3 11788 0
0.3 11789 0
0.3 11790 0
0.3 11791 16
0.3 11792 0
0.3 11793 0
0.3 11794 21
0.3 11795 43
0.3 11796 54
0.3 11797 0
0.3 11798 21
0.3 11799 32
0.3 11800 48
0.3 11801 48
0.3 11802 64
0.3 11803 16
0.3 11804 5
0.3 11805 5
0.3 11806 16
0.3 11807 43
0.3 11808 70
0.3 11809 54
0.3 11810 27
0.3 11811 32
0.3 11812 32
0.3 11813 48
0.3 11814 64
0.3 11815 86
0.3 11816 37
0.3 11817 37
0.3 11818 37
0.3 11819 54
0.3 11820 81
0.3 11821 75
0.3 11822 91
0.3 11823 108
0.3 11824 0
0.3 11825 21
0.3 11826 0
0.3 11827 5
0.3 11828 10
0.3 11829 0
0.3 11830 0
0.3 11831 10
0.3 11832 32
0.3 11833 32
0.3 11834 43
0.3 11835 43
0.3 11836 37
0.3 11837 0
0.3 11838 16
0.3 11839 16
0.3 11840 16
0.3 11841 37
0.3 11842 59
0.3 11843 75
0.3 11844 43
0.3 11845 48
0.3 11846 48
0.3 11847 64
0.3 11848 64
0.3 11849 54
0.3 11850 70
0.3 11851 86
0.3 11852 102
0.3 11853 118
0.3 11854 27
0.3 11855 43
0.3 11856 43
0.3 11857 32
0.3 11858 48
0.3 11859 64
0.3 11860 75
0.3 11861 64
0.3 11862 64
0.3 11863 86
0.3 11864 108
0.3 11865 108
0.3 11866 108
0.3 11867 64
0.3 11868 0
0.3 11869 16
0.3 11870 0
0.3 11871 16
0.3 11872 0
0.3 11873 16
0.3 11874 0
0.3 11875 0
0.3 11876 10
0.3 11877 0
0.3 11878 0
0.3 11879 0
0.3 11880 0
0.3 11881 0
0.3 11882 0
0.3 11883 16
0.3 11884 5
0.3 11885 0
0.3 11886 0
0.3 11887 0
0.3 11888 0
0.3 11889 0
0.3 11890 10
0.3 11891 10
0.3 11892 27
0.3 11893 48
0.3 11894 70
0.3 11895 37
0.3 11896 32
0.3 11897 0
0.3 11898 0
0.3 11899 0
0.3 11900 0
0.3 11901 21
0.3 11902 0
0.3 11903 0
0.3 11904 10
0.3 11905 10
0.3 11906 10
0.3 11907 27
0.3 11908 43
0.3 11909 59
0.3 11910 81
0.3 11911 97
0.3 11912 0
0.3 11913 16
0.3 11914 16
0.3 11915 21
0.3 11916 0
0.3 11917 16
0.3 11918 16
0.3 11919 32
0.3 11920 43
0.3 11921 48
0.3 11922 16
0.3 11923 16
0.3 11924 37
0.3 11925 54
0.3 11926 75
0.3 11927 91
0.3 11928 91
0.3 11929 108
0.3 11930 0
0.3 11931 0
0.3 11932 0
0.3 11933 0
0.3 11934 0
0.3 11935 0
0.3 11936 0
0.3 11937 21
0.3 11938 5
0.3 11939 0
0.3 11940 0
0.3 11941 0
0.3 11942 0
0.3 11943 0
0.3 11944 0
0.3 11945 0
0.3 11946 0
0.3 11947 21
0.3 11948 16
0.3 11949 0
0.3 11950 0
0.3 11951 16
0.3 11952 37
0.3 11953 48
0.3 11954 48
0.3 11955 0
0.3 11956 5
0.3 11957 21
0.3 11958 10
0.3 11959 5
0.3 11960 5
0.3 11961 21
0.3 11962 43
0.3 11963 64
0.3 11964 75
0.3 11965 86
0.3 11966 0
0.3 11967 0
0.3 11968 0
0.3 11969 0
0.3 11970 0
0.3 11971 0
0.3 11972 16
0.3 11973 0
0.3 11974 10
0.3 11975 5
0.3 11976 0
0.3 11977 0
0.3 11978 21
0.3 11979 37
0.3 11980 27
0.3 11981 5
0.3 11982 21
0.3 11983 21
0.3 11984 21
0.3 11985 43
0.3 11986 64
0.3 11987 64
0.3 11988 81
0.3 11989 81
0.3 11990 108
0.3 11991 124
0.3 11992 135
0.3 11993 124
0.3 11994 118
0.3 11995 97
0.3 11996 27
0.3 11997 48
0.3 11998 70
0.3 11999 48
0.3 12000 32
0.3 12001 32
0.3 12002 54
0.3 12003 70
0.3 12004 70
0.3 12005 91
0.3 12006 102
0.3 12007 124
0.3 12008 135
0.3 12009 113
0.3 12010 113
0.3 12011 135
0.3 12012 135
0.3 12013 135
0.3 12014 124
0.3 12015 135
0.3 12016 113
0.3 12017 113
0.3 12018 129
0.3 12019 135
0.3 12020 135
0.3 12021 135
0.3 12022 102
0.3 12023 48
0.3 12024 43
0.3 12025 54
0.3 12026 21
0.3 12027 16
0.3 12028 16
0.3 12029 16
0.3 12030 0
0.3 12031 0
0.3 12032 10
0.3 12033 5
0.3 12034 16
0.3 12035 0
0.3 12036 0
0.3 12037 0
0.3 12038 0
0.3 12039 0
0.3 12040 0
0.3 12041 10
0.3 12042 27
0.3 12043 5
0.3 12044 16
0.3 12045 21
0.3 12046 32
0.3 12047 27
0.3 12048 0
0.3 12049 0
0.3 12050 21
0.3 12051 32
0.3 12052 0
0.3 12053 0
0.3 12054 0
0.3 12055 0
0.3 12056 0
0.3 12057 0
0.3 12058 0
0.3 12059 0
0.3 12060 0
0.3 12061 0
0.3 12062 0
0.3 12063 0
0.3 12064 0
0.3 12065 0
0.3 12066 0
0.3 12067 10
0.3 12068 16
0.3 12069 10
0.3 12070 27
0.3 12071 43
0.3 12072 43
0.3 12073 59
0.3 12074 75
0.3 12075 81
0.3 12076 27
0.3 12077 27
0.3 12078 43
0.3 12079 37
0.3 12080 64
0.3 12081 81
0.3 12082 97
0.3 12083 97
0.3 12084 113
0.3 12085 97
0.3 12086 118
0.3 12087 113
0.3 12088 113
0.3 12089 129
0.3 12090 113
0.3 12091 91
0.3 12092 113
0.3 12093 91
0.3 12094 21
0.3 12095 37
0.3 12096 32
0.3 12097 48
0.3 12098 48
0.3 12099 0
0.3 12100 16
0.3 12101 16
0.3 12102 27
0.3 12103 48
0.3 12104 0
0.3 12105 16
0.3 12106 27
0.3 12107 27
0.3 12108 43
0.3 12109 0
0.3 12110 16
0.3 12111 0
0.3 12112 21
0.3 12113 32
0.3 12114 21
0.3 12115 16
0.3 12116 0
0.3 12117 0
0.3 12118 0
0.3 12119 0
0.3 12120 16
0.3 12121 16
0.3 12122 32
0.3 12123 32
0.3 12124 5
0.3 12125 0
0.3 12126 0
0.3 12127 0
0.3 12128 5
0.3 12129 27
0.3 12130 5
0.3 12131 27
0.3 12132 48
0.3 12133 75
0.3 12134 91
0.3 12135 37
0.3 12136 27
0.3 12137 48
0.3 12138 64
0.3 12139 86
0.3 12140 108
0.3 12141 129
0.3 12142 54
0.3 12143 16
0.3 12144 5
0.3 12145 0
0.3 12146 0
0.3 12147 0
0.3 12148 0
0.3 12149 0
0.3 12150 16
0.3 12151 0
0.3 12152 10
0.3 12153 0
0.3 12154 0
0.3 12155 0
0.3 12156 0
0.3 12157 0
0.3 12158 0
0.3 12159 21
0.3 12160 5
0.3 12161 21
0.3 12162 32
0.3 12163 32
0.3 12164 0
0.3 12165 0
0.3 12166 0
0.3 12167 16
0.3 12168 0
0.3 12169 16
0.3 12170 16
0.3 12171 32
0.3 12172 32
0.3 12173 27
0.3 12174 0
0.3 12175 0
0.3 12176 0
0.3 12177 0
0.3 12178 10
0.3 12179 27
0.3 12180 43
0.3 12181 43
0.3 12182 59
0.3 12183 0
0.3 12184 0
0.3 12185 0
0.3 12186 21
0.3 12187 10
0.3 12188 0
0.3 12189 0
0.3 12190 0
0.3 12191 0
0.3 12192 21
0.3 12193 0
0.3 12194 0
0.3 12195 0
0.3 12196 16
0.3 12197 16
0.3 12198 27
0.3 12199 0
0.3 12200 0
0.3 12201 10
0.3 12202 5
0.3 12203 10
0.3 12204 0
0.3 12205 0
0.3 12206 0
0.3 12207 21
0.3 12208 0
0.3 12209 0
0.3 12210 0
0.3 12211 16
0.3 12212 16
0.3 12213 37
0.3 12214 59
0.3 12215 75
0.3 12216 32
0.3 12217 0
0.3 12218 5
0.3 12219 0
0.3 12220 0
0.3 12221 16
0.3 12222 0
0.3 12223 10
0.3 12224 0
0.3 12225 0
0.3 12226 0
0.3 12227 0
0.3 12228 0
0.3 12229 0
0.3 12230 0
0.3 12231 0
0.3 12232 16
0.3 12233 16
0.3 12234 16
0.3 12235 16
0.3 12236 0
0.3 12237 0
0.3 12238 16
0.3 12239 16
0.3 12240 37
0.3 12241 27
0.3 12242 21
0.3 12243 16
0.3 12244 0
0.3 12245 16
0.3 12246 16
0.3 12247 32
0.3 12248 48
0.3 12249 59
0.3 12250 70
0.3 12251 91
0.3 12252 48
0.3 12253 32
0.3 12254 32
0.3 12255 32
0.3 12256 54
0.3 12257 54
0.3 12258 75
0.3 12259 75
0.3 12260 43
0.3 12261 37
0.3 12262 54
0.3 12263 54
0.3 12264 43
0.3 12265 54
0.3 12266 64
0.3 12267 75
0.3 12268 91
0.3 12269 108
0.3 12270 135
0.3 12271 91
0.3 12272 108
0.3 12273 124
0.3 12274 135
0.3 12275 135
0.3 12276 108
0.3 12277 43
0.3 12278 54
0.3 12279 54
0.3 12280 16
0.3 12281 0
0.3 12282 0
0.3 12283 0
0.3 12284 16
0.3 12285 5
0.3 12286 0
0.3 12287 0
0.3 12288 0
0.3 12289 16
0.3 12290 10
0.3 12291 27
0.3 12292 32
0.3 12293 0
0.3 12294 0
0.3 12295 0
0.3 12296 0
0.3 12297 0
0.3 12298 0
0.3 12299 0
0.3 12300 0
0.3 12301 10
0.3 12302 32
0.3 12303 16
0.3 12304 21
0.3 12305 32
0.3 12306 54
0.3 12307 16
0.3 12308 32
0.3 12309 10
0.3 12310 21
0.3 12311 10
0.3 12312 16
0.3 12313 32
0.3 12314 48
0.3 12315 16
0.3 12316 32
0.3 12317 32
0.3 12318 54
0.3 12319 81
0.3 12320 97
0.3 12321 118
0.3 12322 135
0.3 12323 113
0.3 12324 135
0.3 12325 135
0.3 12326 113
0.3 12327 129
0.3 12328 135
0.3 12329 135
0.3 12330 135
0.3 12331 91
0.3 12332 0
0.3 12333 0
0.3 12334 0
0.3 12335 0
0.3 12336 16
0.3 12337 21
0.3 12338 21
0.3 12339 5
0.3 12340 0
0.3 12341 0
0.3 12342 21
0.3 12343 21
0.3 12344 21
0.3 12345 43
0.3 12346 59
0.3 12347 70
0.3 12348 70
0.3 12349 70
0.3 12350 86
0.3 12351 86
0.3 12352 102
0.3 12353 129
0.3 12354 135
0.3 12355 27
0.3 12356 0
0.3 12357 0
0.3 12358 0
0.3 12359 10
0.3 12360 10
0.3 12361 10
0.3 12362 21
0.3 12363 21
0.3 12364 43
0.3 12365 43
0.3 12366 43
0.3 12367 59
0.3 12368 75
0.3 12369 91
0.3 12370 113
0.3 12371 124
0.3 12372 75
0.3 12373 27
0.3 12374 16
0.3 12375 21
0.3 12376 21
0.3 12377 0
0.3 12378 10
0.3 12379 10
0.3 12380 21
0.3 12381 0
0.3 12382 10
0.3 12383 0
0.3 12384 0
0.3 12385 21
0.3 12386 37
0.3 12387 0
0.3 12388 0
0.3 12389 0
0.3 12390 0
0.3 12391 0
0.3 12392 21
0.3 12393 27
0.3 12394 32
0.3 12395 43
0.3 12396 37
0.3 12397 0
0.3 12398 0
0.3 12399 21
0.3 12400 21
0.3 12401 21
0.3 12402 37
0.3 12403 37
0.3 12404 37
0.3 12405 37
0.3 12406 64
0.3 12407 64
0.3 12408 43
0.3 12409 16
0.3 12410 27
0.3 12411 43
0.3 12412 43
0.3 12413 43
0.3 12414 43
0.3 12415 59
0.3 12416 0
0.3 12417 0
0.3 12418 21
0.3 12419 37
0.3 12420 21
0.3 12421 21
0.3 12422 0
0.3 12423 0
0.3 12424 0
0.3 12425 0
0.3 12426 0
0.3 12427 0
0.3 12428 10
0.3 12429 5
0.3 12430 16
0.3 12431 5
0.3 12432 5
0.3 12433 5
0.3 12434 21
0.3 12435 21
0.3 12436 37
0.3 12437 5
0.3 12438 16
0.3 12439 16
0.3 12440 10
0.3 12441 10
0.3 12442 32
0.3 12443 0
0.3 12444 0
0.3 12445 0
0.3 12446 0
0.3 12447 0
0.3 12448 0
0.3 12449 0
0.3 12450 5
0.3 12451 21
0.3 12452 10
0.3 12453 0
0.3 12454 10
0.3 12455 0
0.3 12456 0
0.3 12457 0
0.3 12458 16
0.3 12459 16
0.3 12460 37
0.3 12461 43
0.3 12462 0
0.3 12463 21
0.3 12464 37
0.3 12465 59
0.3 12466 70
0.3 12467 5
0.3 12468 0
0.3 12469 0
0.3 12470 0
0.3 12471 21
0.3 12472 0
0.3 12473 0
0.3 12474 0
0.3 12475 0
0.3 12476 0
0.3 12477 16
0.3 12478 0
0.3 12479 0
0.3 12480 16
0.3 12481 10
0.3 12482 0
0.3 12483 0
0.3 12484 21
0.3 12485 16
0.3 12486 37
0.3 12487 54
0.3 12488 64
0.3 12489 37
0.3 12490 59
0.3 12491 59
0.3 12492 27
0.3 12493 0
0.3 12494 10
0.3 12495 5
0.3 12496 5
0.3 12497 16
0.3 12498 37
0.3 12499 59
0.3 12500 32
0.3 12501 10
0.3 12502 0
0.3 12503 16
0.3 12504 5
0.3 12505 5
0.3 12506 16
0.3 12507 0
0.3 12508 10
0.3 12509 21
0.3 12510 10
0.3 12511 10
0.3 12512 27
0.3 12513 32
0.3 12514 0
0.3 12515 10
0.3 12516 0
0.3 12517 21
0.3 12518 21
0.3 12519 21
0.3 12520 43
0.3 12521 16
0.3 12522 32
0.3 12523 32
0.3 12524 32
0.3 12525 54
0.3 12526 54
0.3 12527 70
0.3 12528 64
0.3 12529 0
0.3 12530 5
0.3 12531 0
0.3 12532 0
0.3 12533 0
0.3 12534 0
0.3 12535 0
0.3 12536 0
0.3 12537 0
0.3 12538 0
0.3 12539 0
0.3 12540 21
0.3 12541 10
0.3 12542 16
0.3 12543 5
0.3 12544 27
0.3 12545 43
0.3 12546 59
0.3 12547 81
0.3 12548 64
0.3 12549 37
0.3 12550 0
0.3 12551 0
0.3 12552 0
0.3 12553 0
0.3 12554 5
0.3 12555 0
0.3 12556 0
0.3 12557 0
0.3 12558 10
0.3 12559 10
0.3 12560 10
0.3 12561 10
0.3 12562 32
0.3 12563 48
0.3 12564 64
0.3 12565 64
0.3 12566 75
0.3 12567 75
0.3 12568 75
0.3 12569 75
0.3 12570 75
0.3 12571 97
0.3 12572 113
0.3 12573 113
0.3 12574 135
0.3 12575 135
0.3 12576 118
0.3 12577 135
0.3 12578 135
0.3 12579 135
0.3 12580 118
0.3 12581 135
0.3 12582 113
0.3 12583 135
0.3 12584 135
0.3 12585 118
0.3 12586 135
0.3 12587 118
0.3 12588 135
0.3 12589 118
0.3 12590 113
0.3 12591 135
0.3 12592 135
0.3 12593 124
0.3 12594 135
0.3 12595 113
0.3 12596 113
0.3 12597 135
0.3 12598 135
0.3 12599 135
0.3 12600 118
0.3 12601 135
0.3 12602 135
0.3 12603 135
0.3 12604 135
0.3 12605 135
0.3 12606 43
0.3 12607 0
0.3 12608 10
0.3 12609 0
0.3 12610 5
0.3 12611 0
0.3 12612 0
0.3 12613 16
0.3 12614 0
0.3 12615 5
0.3 12616 0
0.3 12617 0
0.3 12618 16
0.3 12619 32
0.3 12620 21
0.3 12621 0
0.3 12622 10
0.3 12623 0
0.3 12624 0
0.3 12625 0
0.3 12626 10
0.3 12627 27
0.3 12628 27
0.3 12629 43
0.3 12630 43
0.3 12631 59
0.3 12632 81
0.3 12633 97
0.3 12634 97
0.3 12635 124
0.3 12636 135
0.3 12637 37
0.3 12638 32
0.3 12639 32
0.3 12640 32
0.3 12641 32
0.3 12642 43
0.3 12643 48
0.3 12644 75
0.3 12645 54
0.3 12646 16
0.3 12647 0
0.3 12648 0
0.3 12649 0
0.3 12650 16
0.3 12651 21
0.3 12652 0
0.3 12653 0
0.3 12654 0
0.3 12655 0
0.3 12656 0
0.3 12657 0
0.3 12658 0
0.3 12659 0
0.3 12660 0
0.3 12661 21
0.3 12662 37
0.3 12663 37
0.3 12664 54
0.3 12665 0
0.3 12666 0
0.3 12667 16
0.3 12668 27
0.3 12669 0
0.3 12670 0
0.3 12671 0
0.3 12672 0
0.3 12673 0
0.3 12674 10
0.3 12675 0
0.3 12676 16
0.3 12677 5
0.3 12678 5
0.3 12679 16
0.3 12680 37
0.3 12681 21
0.3 12682 48
0.3 12683 43
0.3 12684 0
0.3 12685 10
0.3 12686 16
0.3 12687 16
0.3 12688 5
0.3 12689 21
0.3 12690 0
0.3 12691 0
0.3 12692 0
0.3 12693 0
0.3 12694 0
0.3 12695 0
0.3 12696 0
0.3 12697 0
0.3 12698 0
0.3 12699 16
0.3 12700 16
0.3 12701 27
0.3 12702 0
0.3 12703 0
0.3 12704 0
0.3 12705 16
0.3 12706 0
0.3 12707 0
0.3 12708 0
0.3 12709 21
0.3 12710 21
0.3 12711 27
0.3 12712 0
0.3 12713 0
0.3 12714 10
0.3 12715 10
0.3 12716 5
0.3 12717 5
0.3 12718 5
0.3 12719 21
0.3 12720 21
0.3 12721 43
0.3 12722 64
0.3 12723 48
0.3 12724 21
0.3 12725 37
0.3 12726 59
0.3 12727 81
0.3 12728 81
0.3 12729 86
0.3 12730 108
0.3 12731 75
0.3 12732 0
0.3 12733 16
0.3 12734 0
0.3 12735 16
0.3 12736 27
0.3 12737 37
0.3 12738 48
0.3 12739 70
0.3 12740 86
0.3 12741 48
0.3 12742 21
0.3 12743 32
0.3 12744 43
0.3 12745 32
0.3 12746 48
0.3 12747 70
0.3 12748 81
0.3 12749 81
0.3 12750 81
0.3 12751 81
0.3 12752 81
0.3 12753 81
0.3 12754 102
0.3 12755 118
0.3 12756 91
0.3 12757 0
0.3 12758 5
0.3 12759 0
0.3 12760 0
0.3 12761 0
0.3 12762 16
0.3 12763 32
0.3 12764 21
0.3 12765 32
0.3 12766 5
0.3 12767 10
0.3 12768 0
0.3 12769 5
0.3 12770 5
0.3 12771 27
0.3 12772 27
0.3 12773 48
0.3 12774 64
0.3 12775 64
0.3 12776 81
0.3 12777 91
0.3 12778 118
0.3 12779 118
0.3 12780 135
0.3 12781 113
0.3 12782 27
0.3 12783 0
0.3 12784 10
0.3 12785 10
0.3 12786 32
0.3 12787 21
0.3 12788 0
0.3 12789 0
0.3 12790 10
0.3 12791 0
0.3 12792 0
0.3 12793 0
0.3 12794 0
0.3 12795 0
0.3 12796 0
0.3 12797 10
0.3 12798 0
0.3 12799 0
0.3 12800 0
0.3 12801 16
0.3 12802 0
0.3 12803 10
0.3 12804 0
0.3 12805 0
0.3 12806 0
0.3 12807 21
0.3 12808 0
0.3 12809 0
0.3 12810 0
0.3 12811 0
0.3 12812 0
0.3 12813 10
0.3 12814 10
0.3 12815 0
0.3 12816 0
0.3 12817 0
0.3 12818 10
0.3 12819 21
0.3 12820 10
0.3 12821 32
0.3 12822 48
0.3 12823 70
0.3 12824 59
0.3 12825 0
0.3 12826 0
0.3 12827 10
0.3 12828 10
0.3 12829 10
0.3 12830 10
0.3 12831 10
0.3 12832 10
0.3 12833 32
0.3 12834 32
0.3 12835 59
0.3 12836 37
0.3 12837 37
0.3 12838 21
0.3 12839 32
0.3 12840 16
0.3 12841 10
0.3 12842 10
0.3 12843 10
0.3 12844 27
0.3 12845 21
0.3 12846 27
0.3 12847 0
0.3 12848 0
0.3 12849 0
0.3 12850 16
0.3 12851 43
0.3 12852 64
0.3 12853 70
0.3 12854 64
0.3 12855 16
0.3 12856 27
0.3 12857 21
0.3 12858 0
0.3 12859 0
0.3 12860 16
0.3 12861 37
0.3 12862 37
0.3 12863 48
0.3 12864 48
0.3 12865 70
0.3 12866 70
0.3 12867 37
0.3 12868 0
0.3 12869 0
0.3 12870 10
0.3 12871 21
0.3 12872 0
0.3 12873 0
0.3 12874 0
0.3 12875 0
0.3 12876 0
0.3 12877 21
0.3 12878 21
0.3 12879 21
0.3 12880 32
0.3 12881 54
0.3 12882 81
0.3 12883 108
0.3 12884 129
0.3 12885 43
0.3 12886 43
0.3 12887 43
0.3 12888 43
0.3 12889 43
0.3 12890 32
0.3 12891 0
0.3 12892 21
0.3 12893 21
0.3 12894 43
0.3 12895 43
0.3 12896 32
0.3 12897 0
0.3 12898 0
0.3 12899 21
0.3 12900 0
0.3 12901 21
0.3 12902 37
0.3 12903 59
0.3 12904 70
0.3 12905 70
0.3 12906 86
0.3 12907 86
0.3 12908 102
0.3 12909 124
0.3 12910 135
0.3 12911 135
0.3 12912 135
0.3 12913 16
0.3 12914 27
0.3 12915 0
0.3 12916 10
0.3 12917 0
0.3 12918 0
0.3 12919 0
0.3 12920 0
0.3 12921 0
0.3 12922 0
0.3 12923 16
0.3 12924 16
0.3 12925 0
0.3 12926 0
0.3 12927 0
0.3 12928 0
0.3 12929 0
0.3 12930 0
0.3 12931 0
0.3 12932 0
0.3 12933 10
0.3 12934 10
0.3 12935 0
0.3 12936 0
0.3 12937 0
0.3 12938 21
0.3 12939 5
0.3 12940 10
0.3 12941 10
0.3 12942 0
0.3 12943 0
0.3 12944 21
0.3 12945 10
0.3 12946 10
0.3 12947 27
0.3 12948 37
0.3 12949 54
0.3 12950 54
0.3 12951 75
0.3 12952 102
0.3 12953 118
0.3 12954 113
0.3 12955 135
0.3 12956 118
0.3 12957 135
0.3 12958 135
0.3 12959 113
0.3 12960 124
0.3 12961 118
0.3 12962 135
0.3 12963 135
0.3 12964 135
0.3 12965 135
0.3 12966 113
0.3 12967 135
0.3 12968 43
0.3 12969 16
0.3 12970 10
0.3 12971 27
0.3 12972 16
0.3 12973 0
0.3 12974 21
0.3 12975 48
0.3 12976 10
0.3 12977 10
0.3 12978 32
0.3 12979 32
0.3 12980 43
0.3 12981 0
0.3 12982 16
0.3 12983 0
0.3 12984 0
0.3 12985 0
0.3 12986 0
0.3 12987 21
0.3 12988 37
0.3 12989 54
0.3 12990 70
0.3 12991 70
0.3 12992 70
0.3 12993 86
0.3 12994 97
0.3 12995 118
0.3 12996 113
0.3 12997 135
0.3 12998 135
0.3 12999 135
0.3 13000 118
0.3 13001 135
0.3 13002 135
0.3 13003 135
0.3 13004 135
0.3 13005 135
0.3 13006 86
0.3 13007 0
0.3 13008 0
0.3 13009 0
0.3 13010 0
0.3 13011 0
0.3 13012 0
0.3 13013 0
0.3 13014 16
0.3 13015 0
0.3 13016 16
0.3 13017 0
0.3 13018 0
0.3 13019 16
0.3 13020 27
0.3 13021 27
0.3 13022 43
0.3 13023 0
0.3 13024 0
0.3 13025 0
0.3 13026 16
0.3 13027 16
0.3 13028 16
0.3 13029 0
0.3 13030 0
0.3 13031 5
0.3 13032 0
0.3 13033 0
0.3 13034 5
0.3 13035 10
0.3 13036 0
0.3 13037 21
0.3 13038 5
0.3 13039 5
0.3 13040 0
0.3 13041 0
0.3 13042 0
0.3 13043 0
0.3 13044 16
0.3 13045 0
0.3 13046 0
0.3 13047 0
0.3 13048 0
0.3 13049 0
0.3 13050 16
0.3 13051 0
0.3 13052 0
0.3 13053 0
0.3 13054 10
0.3 13055 0
0.3 13056 10
0.3 13057 21
0.3 13058 0
0.3 13059 21
0.3 13060 43
0.3 13061 0
0.3 13062 10
0.3 13063 0
0.3 13064 0
0.3 13065 0
0.3 13066 16
0.3 13067 0
0.3 13068 0
0.3 13069 10
0.3 13070 10
0.3 13071 5
0.3 13072 5
0.3 13073 27
0.3 13074 43
0.3 13075 64
0.3 13076 54
0.3 13077 0
0.3 13078 0
0.3 13079 0
0.3 13080 0
0.3 13081 10
0.3 13082 32
0.3 13083 32
0.3 13084 43
0.3 13085 43
0.3 13086 43
0.3 13087 70
0.3 13088 70
0.3 13089 86
0.3 13090 102
0.3 13091 129
0.3 13092 135
0.3 13093 135
0.3 13094 135
0.3 13095 21
0.3 13096 0
0.3 13097 0
0.3 13098 0
0.3 13099 0
0.3 13100 0
0.3 13101 0
0.3 13102 16
0.3 13103 0
0.3 13104 21
0.3 13105 37
0.3 13106 37
0.3 13107 10
0.3 13108 16
0.3 13109 0
0.3 13110 0
0.3 13111 0
0.3 13112 10
0.3 13113 0
0.3 13114 16
0.3 13115 32
0.3 13116 21
0.3 13117 0
0.3 13118 0
0.3 13119 16
0.3 13120 43
0.3 13121 43
0.3 13122 54
0.3 13123 27
0.3 13124 21
0.3 13125 16
0.3 13126 43
0.3 13127 21
0.3 13128 0
0.3 13129 0
0.3 13130 16
0.3 13131 27
0.3 13132 27
0.3 13133 27
0.3 13134 48
0.3 13135 64
0.3 13136 81
0.3 13137 102
0.3 13138 124
0.3 13139 91
0.3 13140 108
0.3 13141 118
0.3 13142 0
0.3 13143 5
0.3 13144 0
0.3 13145 0
0.3 13146 0
0.3 13147 0
0.3 13148 0
0.3 13149 21
0.3 13150 32
0.3 13151 0
0.3 13152 16
0.3 13153 0
0.3 13154 16
0.3 13155 27
0.3 13156 0
0.3 13157 27
0.3 13158 21
0.3 13159 0
0.3 13160 0
0.3 13161 10
0.3 13162 5
0.3 13163 0
0.3 13164 0
0.3 13165 0
0.3 13166 0
0.3 13167 21
0.3 13168 37
0.3 13169 21
0.3 13170 0
0.3 13171 0
0.3 13172 0
0.3 13173 21
0.3 13174 5
0.3 13175 0
0.3 13176 16
0.3 13177 16
0.3 13178 0
0.3 13179 5
0.3 13180 16
0.3 13181 16
0.3 13182 32
0.3 13183 37
0.3 13184 48
0.3 13185 43
0.3 13186 64
0.3 13187 64
0.3 13188 81
0.3 13189 81
0.3 13190 81
0.3 13191 81
0.3 13192 102
0.3 13193 124
0.3 13194 135
0.3 13195 135
0.3 13196 135
0.3 13197 135
0.3 13198 135
0.3 13199 135
0.3 13200 124
0.3 13201 108
0.3 13202 108
0.3 13203 124
0.3 13204 135
0.3 13205 129
0.3 13206 86
0.3 13207 108
0.3 13208 108
0.3 13209 108
0.3 13210 108
0.3 13211 108
0.3 13212 118
0.3 13213 118
0.3 13214 81
0.3 13215 21
0.3 13216 0
0.3 13217 0
0.3 13218 0
0.3 13219 0
0.3 13220 16
0.3 13221 0
0.3 13222 0
0.3 13223 0
0.3 13224 16
0.3 13225 27
0.3 13226 16
0.3 13227 16
0.3 13228 0
0.3 13229 0
0.3 13230 0
0.3 13231 0
0.3 13232 16
0.3 13233 10
0.3 13234 10
0.3 13235 32
0.3 13236 48
0.3 13237 64
0.3 13238 81
0.3 13239 97
0.3 13240 108
0.3 13241 118
0.3 13242 37
0.3 13243 48
0.3 13244 43
0.3 13245 43
0.3 13246 59
0.3 13247 81
0.3 13248 32
0.3 13249 16
0.3 13250 0
0.3 13251 16
0.3 13252 10
0.3 13253 27
0.3 13254 27
0.3 13255 27
0.3 13256 43
0.3 13257 70
0.3 13258 32
0.3 13259 5
0.3 13260 5
0.3 13261 27
0.3 13262 16
0.3 13263 0
0.3 13264 0
0.3 13265 0
0.3 13266 16
0.3 13267 10
0.3 13268 21
0.3 13269 10
0.3 13270 21
0.3 13271 21
0.3 13272 21
0.3 13273 32
0.3 13274 54
0.3 13275 75
0.3 13276 97
0.3 13277 118
0.3 13278 135
0.3 13279 124
0.3 13280 91
0.3 13281 97
0.3 13282 113
0.3 13283 113
0.3 13284 113
0.3 13285 135
0.3 13286 113
0.3 13287 0
0.3 13288 0
0.3 13289 5
0.3 13290 0
0.3 13291 16
0.3 13292 0
0.3 13293 0
0.3 13294 0
0.3 13295 10
0.3 13296 16
0.3 13297 0
0.3 13298 0
0.3 13299 0
0.3 13300 16
0.3 13301 0
0.3 13302 0
0.3 13303 0
0.3 13304 0
0.3 13305 16
0.3 13306 0
0.3 13307 0
0.3 13308 0
0.3 13309 16
0.3 13310 5
0.3 13311 0
0.3 13312 16
0.3 13313 5
0.3 13314 10
0.3 13315 0
0.3 13316 0
0.3 13317 0
0.3 13318 0
0.3 13319 0
0.3 13320 10
0.3 13321 0
0.3 13322 21
0.3 13323 0
0.3 13324 0
0.3 13325 10
0.3 13326 16
0.3 13327 21
0.3 13328 32
0.3 13329 32
0.3 13330 16
0.3 13331 21
0.3 13332 0
0.3 13333 16
0.3 13334 0
0.3 13335 0
0.3 13336 0
0.3 13337 0
0.3 13338 10
0.3 13339 10
0.3 13340 27
0.3 13341 43
0.3 13342 43
0.3 13343 43
0.3 13344 43
0.3 13345 59
0.3 13346 59
0.3 13347 75
0.3 13348 97
0.3 13349 75
0.3 13350 0
0.3 13351 0
0.3 13352 0
0.3 13353 0
0.3 13354 16
0.3 13355 0
0.3 13356 5
0.3 13357 10
0.3 13358 10
0.3 13359 21
0.3 13360 32
0.3 13361 48
0.3 13362 43
0.3 13363 0
0.3 13364 0
0.3 13365 16
0.3 13366 0
0.3 13367 0
0.3 13368 0
0.3 13369 0
0.3 13370 0
0.3 13371 16
0.3 13372 10
0.3 13373 0
0.3 13374 0
0.3 13375 0
0.3 13376 16
0.3 13377 0
0.3 13378 0
0.3 13379 0
0.3 13380 16
0.3 13381 0
0.3 13382 0
0.3 13383 0
0.3 13384 0
0.3 13385 21
0.3 13386 0
0.3 13387 0
0.3 13388 0
0.3 13389 0
0.3 13390 0
0.3 13391 0
0.3 13392 0
0.3 13393 21
0.3 13394 10
0.3 13395 0
0.3 13396 0
0.3 13397 16
0.3 13398 0
0.3 13399 5
0.3 13400 0
0.3 13401 0
0.3 13402 0
0.3 13403 0
0.3 13404 5
0.3 13405 0
0.3 13406 0
0.3 13407 0
0.3 13408 0
0.3 13409 21
0.3 13410 21
0.3 13411 37
0.3 13412 64
0.3 13413 64
0.3 13414 81
0.3 13415 108
0.3 13416 129
0.3 13417 129
0.3 13418 135
0.3 13419 135
0.3 13420 86
0.3 13421 108
0.3 13422 129
0.3 13423 118
0.3 13424 113
0.3 13425 81
0.3 13426 108
0.3 13427 81
0.3 13428 81
0.3 13429 102
0.3 13430 102
0.3 13431 118
0.3 13432 108
0.3 13433 108
0.3 13434 124
0.3 13435 135
0.3 13436 135
0.3 13437 135
0.3 13438 37
0.3 13439 0
0.3 13440 21
0.3 13441 21
0.3 13442 10
0.3 13443 5
0.3 13444 0
0.3 13445 0
0.3 13446 0
0.3 13447 0
0.3 13448 16
0.3 13449 37
0.3 13450 16
0.3 13451 32
0.3 13452 5
0.3 13453 10
0.3 13454 0
0.3 13455 0
0.3 13456 0
0.3 13457 0
0.3 13458 0
0.3 13459 0
0.3 13460 21
0.3 13461 21
0.3 13462 21
0.3 13463 48
0.3 13464 75
0.3 13465 75
0.3 13466 70
0.3 13467 37
0.3 13468 0
0.3 13469 21
0.3 13470 32
0.3 13471 21
0.3 13472 27
0.3 13473 21
0.3 13474 0
0.3 13475 0
0.3 13476 21
0.3 13477 0
0.3 13478 0
0.3 13479 10
0.3 13480 10
0.3 13481 0
0.3 13482 0
0.3 13483 0
0.3 13484 0
0.3 13485 10
0.3 13486 10
0.3 13487 0
0.3 13488 0
0.3 13489 0
0.3 13490 10
0.3 13491 16
0.3 13492 27
0.3 13493 27
0.3 13494 10
0.3 13495 27
0.3 13496 43
0.3 13497 0
0.3 13498 21
0.3 13499 21
0.3 13500 21
0.3 13501 37
0.3 13502 64
0.3 13503 81
0.3 13504 81
0.3 13505 97
0.3 13506 5
0.3 13507 21
0.3 13508 0
0.3 13509 0
0.3 13510 16
0.3 13511 0
0.3 13512 16
0.3 13513 27
0.3 13514 0
0.3 13515 0
0.3 13516 0
0.3 13517 21
0.3 13518 0
0.3 13519 21
0.3 13520 32
0.3 13521 0
0.3 13522 0
0.3 13523 21
0.3 13524 27
0.3 13525 10
0.3 13526 27
0.3 13527 43
0.3 13528 64
0.3 13529 81
0.3 13530 97
0.3 13531 59
0.3 13532 5
0.3 13533 21
0.3 13534 16
0.3 13535 27
0.3 13536 0
0.3 13537 16
0.3 13538 16
0.3 13539 32
0.3 13540 21
0.3 13541 43
0.3 13542 59
0.3 13543 75
0.3 13544 102
0.3 13545 86
0.3 13546 81
0.3 13547 102
0.3 13548 102
0.3 13549 118
0.3 13550 135
0.3 13551 118
0.3 13552 129
0.3 13553 135
0.3 13554 135
0.3 13555 118
0.3 13556 113
0.3 13557 108
0.3 13558 124
0.3 13559 135
0.3 13560 135
0.3 13561 70
0.3 13562 27
0.3 13563 21
0.3 13564 16
0.3 13565 16
0.3 13566 16
0.3 13567 16
0.3 13568 37
0.3 13569 21
0.3 13570 0
0.3 13571 0
0.3 13572 10
0.3 13573 0
0.3 13574 0
0.3 13575 0
0.3 13576 16
0.3 13577 0
0.3 13578 0
0.3 13579 21
0.3 13580 16
0.3 13581 0
0.3 13582 0
0.3 13583 10
0.3 13584 0
0.3 13585 0
0.3 13586 5
0.3 13587 27
0.3 13588 43
0.3 13589 27
0.3 13590 21
0.3 13591 0
0.3 13592 0
0.3 13593 0
0.3 13594 0
0.3 13595 0
0.3 13596 0
0.3 13597 0
0.3 13598 0
0.3 13599 0
0.3 13600 16
0.3 13601 16
0.3 13602 43
0.3 13603 54
0.3 13604 75
0.3 13605 97
0.3 13606 86
0.3 13607 21
0.3 13608 0
0.3 13609 0
0.3 13610 0
0.3 13611 21
0.3 13612 27
0.3 13613 0
0.3 13614 0
0.3 13615 0
0.3 13616 0
0.3 13617 0
0.3 13618 21
0.3 13619 21
0.3 13620 43
0.3 13621 27
0.3 13622 0
0.3 13623 10
0.3 13624 0
0.3 13625 0
0.3 13626 0
0.3 13627 0
0.3 13628 0
0.3 13629 0
0.3 13630 10
0.3 13631 5
0.3 13632 0
0.3 13633 0
0.3 13634 27
0.3 13635 48
0.3 13636 59
0.3 13637 64
0.3 13638 86
0.3 13639 108
0.3 13640 86
0.3 13641 86
0.3 13642 16
0.3 13643 0
0.3 13644 16
0.3 13645 32
0.3 13646 48
0.3 13647 0
0.3 13648 10
0.3 13649 16
0.3 13650 0
0.3 13651 0
0.3 13652 0
0.3 13653 21
0.3 13654 0
0.3 13655 0
0.3 13656 10
0.3 13657 0
0.3 13658 0
0.3 13659 0
0.3 13660 21
0.3 13661 21
0.3 13662 37
0.3 13663 54
0.3 13664 0
0.3 13665 21
0.3 13666 32
0.3 13667 59
0.3 13668 54
0.3 13669 54
0.3 13670 54
0.3 13671 70
0.3 13672 86
0.3 13673 97
0.3 13674 32
0.3 13675 0
0.3 13676 21
0.3 13677 16
0.3 13678 0
0.3 13679 0
0.3 13680 0
0.3 13681 0
0.3 13682 16
0.3 13683 16
0.3 13684 16
0.3 13685 32
0.3 13686 59
0.3 13687 59
0.3 13688 75
0.3 13689 97
0.3 13690 97
0.3 13691 118
0.3 13692 135
0.3 13693 135
0.3 13694 118
0.3 13695 135
0.3 13696 0
0.3 13697 0
0.3 13698 0
0.3 13699 16
0.3 13700 0
0.3 13701 0
0.3 13702 21
0.3 13703 32
0.3 13704 0
0.3 13705 0
0.3 13706 27
0.3 13707 37
0.3 13708 43
0.3 13709 43
0.3 13710 64
0.3 13711 27
0.3 13712 16
0.3 13713 0
0.3 13714 0
0.3 13715 0
0.3 13716 0
0.3 13717 10
0.3 13718 0
0.3 13719 16
0.3 13720 5
0.3 13721 5
0.3 13722 21
0.3 13723 43
0.3 13724 64
0.3 13725 81
0.3 13726 97
0.3 13727 32
0.3 13728 37
0.3 13729 16
0.3 13730 37
0.3 13731 54
0.3 13732 75
0.3 13733 37
0.3 13734 37
0.3 13735 54
0.3 13736 54
0.3 13737 75
0.3 13738 91
0.3 13739 113
0.3 13740 129
0.3 13741 135
0.3 13742 108
0.3 13743 108
0.3 13744 124
0.3 13745 0
0.3 13746 5
0.3 13747 0
0.3 13748 10
0.3 13749 21
0.3 13750 21
0.3 13751 21
0.3 13752 43
0.3 13753 0
0.3 13754 16
0.3 13755 32
0.3 13756 21
0.3 13757 32
0.3 13758 43
0.3 13759 43
0.3 13760 0
0.3 13761 0
0.3 13762 10
0.3 13763 21
0.3 13764 21
0.3 13765 43
0.3 13766 70
0.3 13767 43
0.3 13768 37
0.3 13769 0
0.3 13770 0
0.3 13771 0
0.3 13772 0
0.3 13773 0
0.3 13774 0
0.3 13775 16
0.3 13776 21
0.3 13777 0
0.3 13778 21
0.3 13779 21
0.3 13780 21
0.3 13781 21
0.3 13782 32
0.3 13783 32
0.3 13784 48
0.3 13785 43
0.3 13786 0
0.3 13787 0
0.3 13788 0
0.3 13789 0
0.3 13790 0
0.3 13791 0
0.3 13792 0
0.3 13793 21
0.3 13794 43
0.3 13795 64
0.3 13796 91
0.3 13797 113
0.3 13798 113
0.3 13799 113
0.3 13800 113
0.3 13801 129
0.3 13802 59
0.3 13803 81
0.3 13804 75
0.3 13805 91
0.3 13806 118
0.3 13807 118
0.3 13808 135
0.3 13809 135
0.3 13810 135
0.3 13811 135
0.3 13812 113
0.3 13813 135
0.3 13814 135
0.3 13815 124
0.3 13816 113
0.3 13817 129
0.3 13818 135
0.3 13819 43
0.3 13820 48
0.3 13821 5
0.3 13822 10
0.3 13823 0
0.3 13824 0
0.3 13825 0
0.3 13826 0
0.3 13827 0
0.3 13828 10
0.3 13829 0
0.3 13830 0
0.3 13831 0
0.3 13832 0
0.3 13833 0
0.3 13834 10
0.3 13835 0
0.3 13836 10
0.3 13837 0
0.3 13838 0
0.3 13839 10
0.3 13840 0
0.3 13841 16
0.3 13842 0
0.3 13843 0
0.3 13844 0
0.3 13845 16
0.3 13846 27
0.3 13847 5
0.3 13848 16
0.3 13849 0
0.3 13850 0
0.3 13851 10
0.3 13852 0
0.3 13853 16
0.3 13854 27
0.3 13855 0
0.3 13856 10
0.3 13857 21
0.3 13858 16
0.3 13859 37
0.3 13860 0
0.3 13861 16
0.3 13862 32
0.3 13863 48
0.3 13864 37
0.3 13865 54
0.3 13866 21
0.3 13867 0
0.3 13868 0
0.3 13869 10
0.3 13870 0
0.3 13871 0
0.3 13872 0
0.3 13873 21
0.3 13874 32
0.3 13875 5
0.3 13876 0
0.3 13877 0
0.3 13878 0
0.3 13879 0
0.3 13880 16
0.3 13881 10
0.3 13882 10
0.3 13883 37
0.3 13884 21
0.3 13885 43
0.3 13886 64
0.3 13887 64
0.3 13888 37
0.3 13889 54
0.3 13890 75
0.3 13891 75
0.3 13892 75
0.3 13893 75
0.3 13894 75
0.3 13895 91
0.3 13896 113
0.3 13897 135
0.3 13898 64
0.3 13899 27
0.3 13900 5
0.3 13901 0
0.3 13902 0
0.3 13903 0
0.3 13904 0
0.3 13905 0
0.3 13906 16
0.3 13907 0
0.3 13908 0
0.3 13909 0
0.3 13910 10
0.3 13911 16
0.3 13912 37
0.3 13913 48
0.3 13914 0
0.3 13915 16
0.3 13916 0
0.3 13917 21
0.3 13918 21
0.3 13919 21
0.3 13920 43
0.3 13921 59
0.3 13922 75
0.3 13923 91
0.3 13924 108
0.3 13925 124
0.3 13926 135
0.3 13927 135
0.3 13928 135
0.3 13929 113
0.3 13930 135
0.3 13931 118
0.3 13932 0
0.3 13933 0
0.3 13934 10
0.3 13935 32
0.3 13936 5
0.3 13937 16
0.3 13938 37
0.3 13939 27
0.3 13940 43
0.3 13941 21
0.3 13942 27
0.3 13943 0
0.3 13944 0
0.3 13945 0
0.3 13946 0
0.3 13947 0
0.3 13948 0
0.3 13949 16
0.3 13950 0
0.3 13951 27
0.3 13952 32
0.3 13953 5
0.3 13954 16
0.3 13955 0
0.3 13956 0
0.3 13957 16
0.3 13958 0
0.3 13959 0
0.3 13960 0
0.3 13961 16
0.3 13962 10
0.3 13963 10
0.3 13964 27
0.3 13965 43
0.3 13966 59
0.3 13967 59
0.3 13968 75
0.3 13969 91
0.3 13970 102
0.3 13971 0
0.3 13972 0
0.3 13973 16
0.3 13974 0
0.3 13975 0
0.3 13976 0
0.3 13977 0
0.3 13978 0
0.3 13979 0
0.3 13980 0
0.3 13981 16
0.3 13982 21
0.3 13983 0
0.3 13984 0
0.3 13985 0
0.3 13986 0
0.3 13987 0
0.3 13988 0
0.3 13989 0
0.3 13990 0
0.3 13991 21
0.3 13992 0
0.3 13993 16
0.3 13994 21
0.3 13995 43
0.3 13996 59
0.3 13997 59
0.3 13998 75
0.3 13999 75
0.3 14000 75
0.3 14001 81
0.3 14002 21
0.3 14003 43
0.3 14004 10
0.3 14005 0
0.3 14006 16
0.3 14007 10
0.3 14008 32
0.3 14009 10
0.3 14010 10
0.3 14011 5
0.3 14012 16
0.3 14013 0
0.3 14014 10
0.3 14015 0
0.3 14016 0
0.3 14017 0
0.3 14018 0
0.3 14019 16
0.3 14020 0
0.3 14021 21
0.3 14022 37
0.3 14023 0
0.3 14024 0
0.3 14025 0
0.3 14026 16
0.3 14027 16
0.3 14028 0
0.3 14029 16
0.3 14030 16
0.3 14031 32
0.3 14032 32
0.3 14033 10
0.3 14034 0
0.3 14035 16
0.3 14036 0
0.3 14037 0
0.3 14038 0
0.3 14039 21
0.3 14040 10
0.3 14041 27
0.3 14042 10
0.3 14043 27
0.3 14044 43
0.3 14045 64
0.3 14046 54
0.3 14047 32
0.3 14048 32
0.3 14049 48
0.3 14050 16
0.3 14051 0
0.3 14052 16
0.3 14053 21
0.3 14054 5
0.3 14055 0
0.3 14056 0
0.3 14057 16
0.3 14058 37
0.3 14059 59
0.3 14060 27
0.3 14061 16
0.3 14062 16
0.3 14063 32
0.3 14064 48
0.3 14065 48
0.3 14066 48
0.3 14067 70
0.3 14068 86
0.3 14069 86
0.3 14070 108
0.3 14071 129
0.3 14072 135
0.3 14073 135
0.3 14074 135
0.3 14075 118
0.3 14076 135
0.3 14077 118
0.3 14078 135
0.3 14079 81
0.3 14080 0
0.3 14081 0
0.3 14082 0
0.3 14083 10
0.3 14084 0
0.3 14085 0
0.3 14086 0
0.3 14087 16
0.3 14088 32
0.3 14089 32
0.3 14090 21
0.3 14091 37
0.3 14092 48
0.3 14093 16
0.3 14094 0
0.3 14095 16
0.3 14096 37
0.3 14097 0
0.3 14098 5
0.3 14099 0
0.3 14100 0
0.3 14101 0
0.3 14102 0
0.3 14103 16
0.3 14104 5
0.3 14105 16
0.3 14106 0
0.3 14107 16
0.3 14108 16
0.3 14109 16
0.3 14110 37
0.3 14111 48
0.3 14112 64
0.3 14113 86
0.3 14114 64
0.3 14115 32
0.3 14116 16
0.3 14117 0
0.3 14118 0
0.3 14119 10
0.3 14120 0
0.3 14121 10
0.3 14122 0
0.3 14123 0
0.3 14124 0
0.3 14125 16
0.3 14126 0
0.3 14127 0
0.3 14128 0
0.3 14129 0
0.3 14130 0
0.3 14131 16
0.3 14132 5
0.3 14133 0
0.3 14134 0
0.3 14135 0
0.3 14136 16
0.3 14137 43
0.3 14138 59
0.3 14139 59
0.3 14140 81
0.3 14141 81
0.3 14142 102
0.3 14143 75
0.3 14144 59
0.3 14145 70
0.3 14146 70
0.3 14147 91
0.3 14148 113
0.3 14149 113
0.3 14150 113
0.3 14151 135
0.3 14152 75
0.3 14153 0
0.3 14154 10
0.3 14155 10
0.3 14156 0
0.3 14157 0
0.3 14158 0
0.3 14159 0
0.3 14160 0
0.3 14161 0
0.3 14162 0
0.3 14163 16
0.3 14164 16
0.3 14165 32
0.3 14166 48
0.3 14167 75
0.3 14168 91
0.3 14169 113
0.3 14170 124
0.3 14171 113
0.3 14172 135
0.3 14173 135
0.3 14174 135
0.3 14175 108
0.3 14176 124
0.3 14177 135
0.3 14178 135
0.3 14179 124
0.3 14180 118
0.3 14181 135
0.3 14182 135
0.3 14183 135
0.3 14184 135
0.3 14185 118
0.3 14186 135
0.3 14187 129
0.3 14188 0
0.3 14189 16
0.3 14190 32
0.3 14191 54
0.3 14192 27
0.3 14193 43
0.3 14194 16
0.3 14195 5
0.3 14196 5
0.3 14197 5
0.3 14198 21
0.3 14199 21
0.3 14200 0
0.3 14201 21
0.3 14202 10
0.3 14203 5
0.3 14204 21
0.3 14205 0
0.3 14206 0
0.3 14207 0
0.3 14208 0
0.3 14209 0
0.3 14210 0
0.3 14211 0
0.3 14212 21
0.3 14213 0
0.3 14214 0
0.3 14215 0
0.3 14216 0
0.3 14217 0
0.3 14218 10
0.3 14219 0
0.3 14220 0
0.3 14221 16
0.3 14222 16
0.3 14223 32
0.3 14224 32
0.3 14225 48
0.3 14226 48
0.3 14227 64
0.3 14228 86
0.3 14229 70
0.3 14230 81
0.3 14231 86
0.3 14232 70
0.3 14233 5
0.3 14234 27
0.3 14235 43
0.3 14236 0
0.3 14237 21
0.3 14238 5
0.3 14239 10
0.3 14240 21
0.3 14241 0
0.3 14242 16
0.3 14243 0
0.3 14244 0
0.3 14245 27
0.3 14246 10
0.3 14247 16
0.3 14248 32
0.3 14249 5
0.3 14250 27
0.3 14251 48
0.3 14252 43
0.3 14253 0
0.3 14254 21
0.3 14255 48
0.3 14256 48
0.3 14257 48
0.3 14258 70
0.3 14259 70
0.3 14260 97
0.3 14261 64
0.3 14262 16
0.3 14263 32
0.3 14264 43
0.3 14265 59
0.3 14266 59
0.3 14267 59
0.3 14268 81
0.3 14269 97
0.3 14270 0
0.3 14271 16
0.3 14272 0
0.3 14273 0
0.3 14274 0
0.3 14275 0
0.3 14276 0
0.3 14277 16
0.3 14278 5
0.3 14279 5
0.3 14280 0
0.3 14281 0
0.3 14282 0
0.3 14283 0
0.3 14284 21
0.3 14285 32
0.3 14286 5
0.3 14287 0
0.3 14288 16
0.3 14289 21
0.3 14290 0
0.3 14291 0
0.3 14292 0
0.3 14293 0
0.3 14294 10
0.3 14295 32
0.3 14296 0
0.3 14297 0
0.3 14298 0
0.3 14299 16
0.3 14300 0
0.3 14301 10
0.3 14302 27
0.3 14303 21
0.3 14304 5
0.3 14305 0
0.3 14306 16
0.3 14307 0
0.3 14308 0
0.3 14309 0
0.3 14310 0
0.3 14311 0
0.3 14312 0
0.3 14313 21
0.3 14314 27
0.3 14315 5
0.3 14316 5
0.3 14317 32
0.3 14318 48
0.3 14319 48
0.3 14320 59
0.3 14321 59
0.3 14322 70
0.3 14323 75
0.3 14324 27
0.3 14325 43
0.3 14326 70
0.3 14327 70
0.3 14328 86
0.3 14329 102
0.3 14330 118
0.3 14331 91
0.3 14332 16
0.3 14333 5
0.3 14334 0
0.3 14335 0
0.3 14336 21
0.3 14337 32
0.3 14338 48
0.3 14339 16
0.3 14340 0
0.3 14341 10
0.3 14342 0
0.3 14343 0
0.3 14344 27
0.3 14345 10
0.3 14346 10
0.3 14347 10
0.3 14348 27
0.3 14349 43
0.3 14350 59
0.3 14351 81
0.3 14352 81
0.3 14353 81
0.3 14354 81
0.3 14355 81
0.3 14356 97
0.3 14357 97
0.3 14358 97
0.3 14359 113
0.3 14360 113
0.3 14361 113
0.3 14362 113
0.3 14363 113
0.3 14364 37
0.3 14365 27
0.3 14366 16
0.3 14367 0
0.3 14368 0
0.3 14369 0
0.3 14370 0
0.3 14371 0
0.3 14372 0
0.3 14373 0
0.3 14374 0
0.3 14375 0
0.3 14376 0
0.3 14377 0
0.3 14378 16
0.3 14379 27
0.3 14380 43
0.3 14381 0
0.3 14382 0
0.3 14383 0
0.3 14384 0
0.3 14385 21
0.3 14386 27
0.3 14387 43
0.3 14388 43
0.3 14389 64
0.3 14390 81
0.3 14391 81
0.3 14392 102
0.3 14393 81
0.3 14394 81
0.3 14395 0
0.3 14396 16
0.3 14397 0
0.3 14398 16
0.3 14399 32
0.3 14400 54
0.3 14401 54
0.3 14402 43
0.3 14403 59
0.3 14404 37
0.3 14405 37
0.3 14406 10
0.3 14407 10
0.3 14408 27
0.3 14409 43
0.3 14410 59
0.3 14411 64
0.3 14412 0
0.3 14413 21
0.3 14414 43
0.3 14415 32
0.3 14416 32
0.3 14417 27
0.3 14418 16
0.3 14419 0
0.3 14420 0
0.3 14421 0
0.3 14422 16
0.3 14423 21
0.3 14424 10
0.3 14425 0
0.3 14426 10
0.3 14427 16
0.3 14428 16
0.3 14429 0
0.3 14430 21
0.3 14431 21
0.3 14432 21
0.3 14433 37
0.3 14434 59
0.3 14435 59
0.3 14436 59
0.3 14437 81
0.3 14438 97
0.3 14439 75
0.3 14440 75
0.3 14441 91
0.3 14442 113
0.3 14443 129
0.3 14444 135
0.3 14445 113
0.3 14446 135
0.3 14447 135
0.3 14448 118
0.3 14449 135
0.3 14450 97
0.3 14451 124
0.3 14452 113
0.3 14453 129
0.3 14454 135
0.3 14455 135
0.3 14456 135
0.3 14457 135
0.3 14458 135
0.3 14459 21
0.3 14460 16
0.3 14461 21
0.3 14462 0
0.3 14463 0
0.3 14464 0
0.3 14465 21
0.3 14466 0
0.3 14467 0
0.3 14468 0
0.3 14469 0
0.3 14470 0
0.3 14471 0
0.3 14472 0
0.3 14473 21
0.3 14474 16
0.3 14475 16
0.3 14476 0
0.3 14477 21
0.3 14478 21
0.3 14479 0
0.3 14480 0
0.3 14481 0
0.3 14482 0
0.3 14483 0
0.3 14484 0
0.3 14485 16
0.3 14486 5
0.3 14487 16
0.3 14488 16
0.3 14489 0
0.3 14490 0
0.3 14491 0
0.3 14492 0
0.3 14493 0
0.3 14494 0
0.3 14495 0
0.3 14496 16
0.3 14497 27
0.3 14498 0
0.3 14499 0
0.3 14500 16
0.3 14501 0
0.3 14502 0
0.3 14503 0
0.3 14504 0
0.3 14505 16
0.3 14506 0
0.3 14507 10
0.3 14508 10
0.3 14509 0
0.3 14510 16
0.3 14511 16
0.3 14512 10
0.3 14513 32
0.3 14514 48
0.3 14515 59
0.3 14516 75
0.3 14517 43
0.3 14518 0
0.3 14519 16
0.3 14520 16
0.3 14521 0
0.3 14522 0
0.3 14523 0
0.3 14524 0
0.3 14525 0
0.3 14526 0
0.3 14527 0
0.3 14528 0
0.3 14529 0
0.3 14530 0
0.3 14531 0
0.3 14532 0
0.3 14533 0
0.3 14534 16
0.3 14535 0
0.3 14536 0
0.3 14537 21
0.3 14538 32
0.3 14539 48
0.3 14540 59
0.3 14541 0
0.3 14542 0
0.3 14543 16
0.3 14544 16
0.3 14545 16
0.3 14546 16
0.3 14547 32
0.3 14548 54
0.3 14549 10
0.3 14550 32
0.3 14551 27
0.3 14552 43
0.3 14553 64
0.3 14554 16
0.3 14555 16
0.3 14556 32
0.3 14557 48
0.3 14558 48
0.3 14559 0
0.3 14560 0
0.3 14561 16
0.3 14562 0
0.3 14563 16
0.3 14564 5
0.3 14565 0
0.3 14566 0
0.3 14567 0
0.3 14568 0
0.3 14569 0
0.3 14570 16
0.3 14571 0
0.3 14572 0
0.3 14573 16
0.3 14574 0
0.3 14575 16
0.3 14576 10
0.3 14577 27
0.3 14578 37
0.3 14579 0
0.3 14580 10
0.3 14581 10
0.3 14582 0
0.3 14583 16
0.3 14584 16
0.3 14585 32
0.3 14586 27
0.3 14587 37
0.3 14588 0
0.3 14589 0
0.3 14590 0
0.3 14591 10
0.3 14592 21
0.3 14593 27
0.3 14594 0
0.3 14595 0
0.3 14596 0
0.3 14597 0
0.3 14598 21
0.3 14599 37
0.3 14600 27
0.3 14601 5
0.3 14602 21
0.3 14603 32
0.3 14604 43
0.3 14605 48
0.3 14606 43
0.3 14607 59
0.3 14608 70
0.3 14609 70
0.3 14610 0
0.3 14611 0
0.3 14612 0
0.3 14613 21
0.3 14614 0
0.3 14615 0
0.3 14616 16
0.3 14617 0
0.3 14618 16
0.3 14619 21
0.3 14620 21
0.3 14621 37
0.3 14622 37
0.3 14623 54
0.3 14624 75
0.3 14625 75
0.3 14626 91
0.3 14627 108
0.3 14628 129
0.3 14629 118
0.3 14630 135
0.3 14631 135
0.3 14632 108
0.3 14633 129
0.3 14634 135
0.3 14635 135
0.3 14636 135
0.3 14637 124
0.3 14638 135
0.3 14639 113
0.3 14640 113
0.3 14641 135
0.3 14642 113
0.3 14643 135
0.3 14644 21
0.3 14645 0
0.3 14646 16
0.3 14647 16
0.3 14648 0
0.3 14649 0
0.3 14650 16
0.3 14651 0
0.3 14652 0
0.3 14653 27
0.3 14654 43
0.3 14655 64
0.3 14656 59
0.3 14657 32
0.3 14658 5
0.3 14659 27
0.3 14660 37
0.3 14661 54
0.3 14662 48
0.3 14663 5
0.3 14664 5
0.3 14665 27
0.3 14666 43
0.3 14667 43
0.3 14668 64
0.3 14669 75
0.3 14670 91
0.3 14671 27
0.3 14672 0
0.3 14673 0
0.3 14674 0
0.3 14675 21
0.3 14676 37
0.3 14677 37
0.3 14678 59
0.3 14679 75
0.3 14680 86
0.3 14681 97
0.3 14682 108
0.3 14683 75
0.3 14684 75
0.3 14685 64
0.3 14686 64
0.3 14687 86
0.3 14688 32
0.3 14689 5
0.3 14690 0
0.3 14691 16
0.3 14692 0
0.3 14693 0
0.3 14694 10
0.3 14695 10
0.3 14696 0
0.3 14697 0
0.3 14698 0
0.3 14699 0
0.3 14700 16
0.3 14701 16
0.3 14702 37
0.3 14703 37
0.3 14704 59
0.3 14705 27
0.3 14706 37
0.3 14707 0
0.3 14708 16
0.3 14709 32
0.3 14710 48
0.3 14711 64
0.3 14712 48
0.3 14713 27
0.3 14714 27
0.3 14715 48
0.3 14716 48
0.3 14717 0
0.3 14718 10
0.3 14719 27
0.3 14720 27
0.3 14721 27
0.3 14722 48
0.3 14723 48
0.3 14724 48
0.3 14725 75
0.3 14726 91
0.3 14727 113
0.3 14728 108
0.3 14729 75
0.3 14730 75
0.3 14731 91
0.3 14732 113
0.3 14733 43
0.3 14734 0
0.3 14735 0
0.3 14736 16
0.3 14737 32
0.3 14738 0
0.3 14739 0
0.3 14740 0
0.3 14741 0
0.3 14742 0
0.3 14743 0
0.3 14744 0
0.3 14745 0
0.3 14746 0
0.3 14747 16
0.3 14748 21
0.3 14749 0
0.3 14750 10
0.3 14751 16
0.3 14752 0
0.3 14753 21
0.3 14754 21
0.3 14755 48
0.3 14756 27
0.3 14757 16
0.3 14758 0
0.3 14759 0
0.3 14760 0
0.3 14761 16
0.3 14762 16
0.3 14763 32
0.3 14764 54
0.3 14765 64
0.3 14766 0
0.3 14767 10
0.3 14768 5
0.3 14769 21
0.3 14770 37
0.3 14771 10
0.3 14772 0
0.3 14773 0
0.3 14774 0
0.3 14775 0
0.3 14776 16
0.3 14777 37
0.3 14778 48
0.3 14779 48
0.3 14780 43
0.3 14781 54
0.3 14782 70
0.3 14783 91
0.3 14784 48
0.3 14785 70
0.3 14786 59
0.3 14787 81
0.3 14788 97
0.3 14789 97
0.3 14790 118
0.3 14791 75
0.3 14792 16
0.3 14793 0
0.3 14794 16
0.3 14795 10
0.3 14796 21
0.3 14797 32
0.3 14798 27
0.3 14799 0
0.3 14800 5
0.3 14801 10
0.3 14802 0
0.3 14803 0
0.3 14804 5
0.3 14805 0
0.3 14806 0
0.3 14807 0
0.3 14808 0
0.3 14809 16
0.3 14810 10
0.3 14811 32
0.3 14812 10
0.3 14813 0
0.3 14814 0
0.3 14815 21
0.3 14816 43
0.3 14817 54
0.3 14818 70
0.3 14819 91
0.3 14820 91
0.3 14821 59
0.3 14822 37
0.3 14823 37
0.3 14824 37
0.3 14825 59
0.3 14826 59
0.3 14827 54
0.3 14828 10
0.3 14829 0
0.3 14830 0
0.3 14831 0
0.3 14832 21
0.3 14833 32
0.3 14834 0
0.3 14835 16
0.3 14836 37
0.3 14837 37
0.3 14838 37
0.3 14839 59
0.3 14840 75
0.3 14841 75
0.3 14842 75
0.3 14843 91
0.3 14844 91
0.3 14845 91
0.3 14846 118
0.3 14847 135
0.3 14848 135
0.3 14849 124
0.3 14850 135
0.3 14851 135
0.3 14852 118
0.3 14853 86
0.3 14854 37
0.3 14855 0
0.3 14856 0
0.3 14857 0
0.3 14858 0
0.3 14859 0
0.3 14860 0
0.3 14861 0
0.3 14862 0
0.3 14863 21
0.3 14864 16
0.3 14865 16
0.3 14866 16
0.3 14867 16
0.3 14868 16
0.3 14869 37
0.3 14870 5
0.3 14871 0
0.3 14872 0
0.3 14873 0
0.3 14874 21
0.3 14875 10
0.3 14876 5
0.3 14877 27
0.3 14878 43
0.3 14879 21
0.3 14880 37
0.3 14881 0
0.3 14882 5
0.3 14883 0
0.3 14884 0
0.3 14885 0
0.3 14886 0
0.3 14887 10
0.3 14888 0
0.3 14889 0
0.3 14890 0
0.3 14891 10
0.3 14892 10
0.3 14893 10
0.3 14894 21
0.3 14895 16
0.3 14896 0
0.3 14897 0
0.3 14898 0
0.3 14899 0
0.3 14900 0
0.3 14901 16
0.3 14902 0
0.3 14903 0
0.3 14904 0
0.3 14905 0
0.3 14906 16
0.3 14907 16
0.3 14908 43
0.3 14909 32
0.3 14910 0
0.3 14911 0
0.3 14912 0
0.3 14913 0
0.3 14914 10
0.3 14915 5
0.3 14916 0
0.3 14917 16
0.3 14918 27
0.3 14919 43
0.3 14920 43
0.3 14921 0
0.3 14922 0
0.3 14923 16
0.3 14924 21
0.3 14925 0
0.3 14926 0
0.3 14927 0
0.3 14928 10
0.3 14929 27
0.3 14930 27
0.3 14931 48
0.3 14932 54
0.3 14933 48
0.3 14934 48
0.3 14935 48
0.3 14936 59
0.3 14937 81
0.3 14938 91
0.3 14939 32
0.3 14940 32
0.3 14941 0
0.3 14942 21
0.3 14943 21
0.3 14944 0
0.3 14945 0
0.3 14946 0
0.3 14947 0
0.3 14948 0
0.3 14949 0
0.3 14950 0
0.3 14951 0
0.3 14952 0
0.3 14953 0
0.3 14954 0
0.3 14955 16
0.3 14956 32
0.3 14957 54
0.3 14958 54
0.3 14959 75
0.3 14960 97
0.3 14961 113
0.3 14962 129
0.3 14963 135
0.3 14964 135
0.3 14965 135
0.3 14966 135
0.3 14967 135
0.3 14968 135
0.3 14969 135
0.3 14970 135
0.3 14971 108
0.3 14972 108
0.3 14973 135
0.3 14974 113
0.3 14975 135
0.3 14976 118
0.3 14977 118
0.3 14978 135
0.3 14979 118
0.3 14980 135
0.3 14981 108
0.3 14982 129
0.3 14983 135
0.3 14984 135
0.3 14985 135
0.3 14986 81
0.3 14987 0
0.3 14988 0
0.3 14989 10
0.3 14990 0
0.3 14991 0
0.3 14992 0
0.3 14993 5
0.3 14994 0
0.3 14995 0
0.3 14996 0
0.3 14997 0
0.3 14998 0
0.3 14999 0
