0.3 10001 0
0.3 10002 0
0.3 10003 0
0.3 10004 0
0.3 10005 0
0.3 10006 0
0.3 10007 5
0.3 10008 5
0.3 10009 16
0.3 10010 10
0.3 10011 5
0.3 10012 0
0.3 10013 0
0.3 10014 5
0.3 10015 16
0.3 10016 21
0.3 10017 27
0.3 10018 32
0.3 10019 32
0.3 10020 32
0.3 10021 43
0.3 10022 27
0.3 10023 27
0.3 10024 27
0.3 10025 27
0.3 10026 37
0.3 10027 37
0.3 10028 43
0.3 10029 48
0.3 10030 59
0.3 10031 59
0.3 10032 64
0.3 10033 70
0.3 10034 75
0.3 10035 64
0.3 10036 5
0.3 10037 16
0.3 10038 5
0.3 10039 5
0.3 10040 16
0.3 10041 21
0.3 10042 27
0.3 10043 27
0.3 10044 27
0.3 10045 27
0.3 10046 27
0.3 10047 37
0.3 10048 43
0.3 10049 43
0.3 10050 43
0.3 10051 48
0.3 10052 54
0.3 10053 59
0.3 10054 70
0.3 10055 75
0.3 10056 81
0.3 10057 81
0.3 10058 86
0.3 10059 86
0.3 10060 86
0.3 10061 102
0.3 10062 113
0.3 10063 113
0.3 10064 118
0.3 10065 135
0.3 10066 135
0.3 10067 129
0.3 10068 135
0.3 10069 124
0.3 10070 124
0.3 10071 124
0.3 10072 135
0.3 10073 118
0.3 10074 124
0.3 10075 124
0.3 10076 135
0.3 10077 124
0.3 10078 135
0.3 10079 118
0.3 10080 118
0.3 10081 124
0.3 10082 135
0.3 10083 135
0.3 10084 10
0.3 10085 5
0.3 10086 5
0.3 10087 5
0.3 10088 0
0.3 10089 0
0.3 10090 0
0.3 10091 5
0.3 10092 5
0.3 10093 0
0.3 10094 0
0.3 10095 0
0.3 10096 0
0.3 10097 0
0.3 10098 0
0.3 10099 5
0.3 10100 5
0.3 10101 10
0.3 10102 0
0.3 10103 0
0.3 10104 0
0.3 10105 0
0.3 10106 0
0.3 10107 16
0.3 10108 0
0.3 10109 5
0.3 10110 5
0.3 10111 5
0.3 10112 0
0.3 10113 0
0.3 10114 0
0.3 10115 0
0.3 10116 0
0.3 10117 0
0.3 10118 0
0.3 10119 0
0.3 10120 5
0.3 10121 5
0.3 10122 5
0.3 10123 5
0.3 10124 16
0.3 10125 5
0.3 10126 10
0.3 10127 0
0.3 10128 5
0.3 10129 0
0.3 10130 0
0.3 10131 0
0.3 10132 5
0.3 10133 16
0.3 10134 0
0.3 10135 0
0.3 10136 5
0.3 10137 5
0.3 10138 5
0.3 10139 21
0.3 10140 37
0.3 10141 48
0.3 10142 37
0.3 10143 5
0.3 10144 0
0.3 10145 0
0.3 10146 0
0.3 10147 5
0.3 10148 16
0.3 10149 0
0.3 10150 0
0.3 10151 0
0.3 10152 0
0.3 10153 5
0.3 10154 21
0.3 10155 0
0.3 10156 0
0.3 10157 0
0.3 10158 0
0.3 10159 0
0.3 10160 10
0.3 10161 0
0.3 10162 0
0.3 10163 0
0.3 10164 0
0.3 10165 5
0.3 10166 5
0.3 10167 5
0.3 10168 10
0.3 10169 5
0.3 10170 5
0.3 10171 0
0.3 10172 0
0.3 10173 0
0.3 10174 0
0.3 10175 0
0.3 10176 0
0.3 10177 0
0.3 10178 0
0.3 10179 5
0.3 10180 16
0.3 10181 21
0.3 10182 27
0.3 10183 10
0.3 10184 16
0.3 10185 0
0.3 10186 10
0.3 10187 10
0.3 10188 10
0.3 10189 10
0.3 10190 16
0.3 10191 16
0.3 10192 21
0.3 10193 27
0.3 10194 27
0.3 10195 37
0.3 10196 37
0.3 10197 37
0.3 10198 48
0.3 10199 54
0.3 10200 54
0.3 10201 64
0.3 10202 75
0.3 10203 75
0.3 10204 81
0.3 10205 81
0.3 10206 27
0.3 10207 16
0.3 10208 0
0.3 10209 0
0.3 10210 0
0.3 10211 5
0.3 10212 10
0.3 10213 10
0.3 10214 10
0.3 10215 16
0.3 10216 16
0.3 10217 21
0.3 10218 10
0.3 10219 5
0.3 10220 16
0.3 10221 21
0.3 10222 37
0.3 10223 32
0.3 10224 37
0.3 10225 37
0.3 10226 48
0.3 10227 59
0.3 10228 54
0.3 10229 0
0.3 10230 0
0.3 10231 5
0.3 10232 5
0.3 10233 0
0.3 10234 0
0.3 10235 0
0.3 10236 0
0.3 10237 5
0.3 10238 10
0.3 10239 21
0.3 10240 0
0.3 10241 0
0.3 10242 0
0.3 10243 0
0.3 10244 0
0.3 10245 0
0.3 10246 0
0.3 10247 5
0.3 10248 21
0.3 10249 37
0.3 10250 10
0.3 10251 5
0.3 10252 5
0.3 10253 5
0.3 10254 16
0.3 10255 27
0.3 10256 32
0.3 10257 37
0.3 10258 43
0.3 10259 54
0.3 10260 64
0.3 10261 70
0.3 10262 81
0.3 10263 70
0.3 10264 5
0.3 10265 0
0.3 10266 0
0.3 10267 0
0.3 10268 0
0.3 10269 0
0.3 10270 0
0.3 10271 5
0.3 10272 5
0.3 10273 27
0.3 10274 0
0.3 10275 0
0.3 10276 5
0.3 10277 5
0.3 10278 0
0.3 10279 5
0.3 10280 5
0.3 10281 5
0.3 10282 16
0.3 10283 16
0.3 10284 5
0.3 10285 5
0.3 10286 16
0.3 10287 5
0.3 10288 0
0.3 10289 0
0.3 10290 0
0.3 10291 5
0.3 10292 5
0.3 10293 5
0.3 10294 5
0.3 10295 5
0.3 10296 5
0.3 10297 0
0.3 10298 5
0.3 10299 10
0.3 10300 21
0.3 10301 21
0.3 10302 32
0.3 10303 43
0.3 10304 54
0.3 10305 0
0.3 10306 5
0.3 10307 10
0.3 10308 5
0.3 10309 5
0.3 10310 16
0.3 10311 27
0.3 10312 5
0.3 10313 5
0.3 10314 0
0.3 10315 0
0.3 10316 0
0.3 10317 5
0.3 10318 10
0.3 10319 10
0.3 10320 21
0.3 10321 5
0.3 10322 0
0.3 10323 0
0.3 10324 5
0.3 10325 0
0.3 10326 10
0.3 10327 5
0.3 10328 5
0.3 10329 10
0.3 10330 27
0.3 10331 27
0.3 10332 16
0.3 10333 10
0.3 10334 16
0.3 10335 16
0.3 10336 27
0.3 10337 16
0.3 10338 16
0.3 10339 21
0.3 10340 21
0.3 10341 21
0.3 10342 32
0.3 10343 43
0.3 10344 54
0.3 10345 59
0.3 10346 59
0.3 10347 70
0.3 10348 81
0.3 10349 70
0.3 10350 48
0.3 10351 0
0.3 10352 0
0.3 10353 0
0.3 10354 0
0.3 10355 0
0.3 10356 0
0.3 10357 5
0.3 10358 10
0.3 10359 10
0.3 10360 5
0.3 10361 5
0.3 10362 10
0.3 10363 16
0.3 10364 16
0.3 10365 16
0.3 10366 27
0.3 10367 27
0.3 10368 32
0.3 10369 43
0.3 10370 54
0.3 10371 54
0.3 10372 70
0.3 10373 70
0.3 10374 70
0.3 10375 81
0.3 10376 81
0.3 10377 86
0.3 10378 86
0.3 10379 97
0.3 10380 108
0.3 10381 108
0.3 10382 113
0.3 10383 113
0.3 10384 118
0.3 10385 118
0.3 10386 129
0.3 10387 129
0.3 10388 135
0.3 10389 124
0.3 10390 129
0.3 10391 129
0.3 10392 124
0.3 10393 129
0.3 10394 135
0.3 10395 135
0.3 10396 124
0.3 10397 129
0.3 10398 129
0.3 10399 124
0.3 10400 129
0.3 10401 135
0.3 10402 135
0.3 10403 135
0.3 10404 124
0.3 10405 97
0.3 10406 5
0.3 10407 0
0.3 10408 0
0.3 10409 0
0.3 10410 0
0.3 10411 0
0.3 10412 0
0.3 10413 5
0.3 10414 10
0.3 10415 16
0.3 10416 32
0.3 10417 32
0.3 10418 48
0.3 10419 59
0.3 10420 37
0.3 10421 0
0.3 10422 0
0.3 10423 16
0.3 10424 21
0.3 10425 21
0.3 10426 21
0.3 10427 32
0.3 10428 37
0.3 10429 43
0.3 10430 43
0.3 10431 54
0.3 10432 59
0.3 10433 64
0.3 10434 70
0.3 10435 70
0.3 10436 81
0.3 10437 86
0.3 10438 86
0.3 10439 86
0.3 10440 102
0.3 10441 108
0.3 10442 113
0.3 10443 113
0.3 10444 113
0.3 10445 118
0.3 10446 124
0.3 10447 129
0.3 10448 135
0.3 10449 124
0.3 10450 81
0.3 10451 48
0.3 10452 48
0.3 10453 48
0.3 10454 59
0.3 10455 59
0.3 10456 64
0.3 10457 70
0.3 10458 86
0.3 10459 86
0.3 10460 75
0.3 10461 0
0.3 10462 5
0.3 10463 0
0.3 10464 0
0.3 10465 0
0.3 10466 0
0.3 10467 0
0.3 10468 5
0.3 10469 21
0.3 10470 21
0.3 10471 32
0.3 10472 37
0.3 10473 43
0.3 10474 27
0.3 10475 0
0.3 10476 0
0.3 10477 0
0.3 10478 0
0.3 10479 21
0.3 10480 0
0.3 10481 5
0.3 10482 5
0.3 10483 0
0.3 10484 0
0.3 10485 5
0.3 10486 5
0.3 10487 16
0.3 10488 21
0.3 10489 27
0.3 10490 27
0.3 10491 16
0.3 10492 21
0.3 10493 21
0.3 10494 27
0.3 10495 27
0.3 10496 37
0.3 10497 5
0.3 10498 0
0.3 10499 16
0.3 10500 0
0.3 10501 0
0.3 10502 0
0.3 10503 0
0.3 10504 5
0.3 10505 5
0.3 10506 0
0.3 10507 0
0.3 10508 0
0.3 10509 10
0.3 10510 16
0.3 10511 21
0.3 10512 16
0.3 10513 21
0.3 10514 32
0.3 10515 37
0.3 10516 10
0.3 10517 5
0.3 10518 10
0.3 10519 16
0.3 10520 10
0.3 10521 0
0.3 10522 0
0.3 10523 0
0.3 10524 0
0.3 10525 0
0.3 10526 0
0.3 10527 0
0.3 10528 0
0.3 10529 0
0.3 10530 0
0.3 10531 0
0.3 10532 0
0.3 10533 5
0.3 10534 0
0.3 10535 0
0.3 10536 5
0.3 10537 5
0.3 10538 5
0.3 10539 5
0.3 10540 10
0.3 10541 10
0.3 10542 27
0.3 10543 27
0.3 10544 27
0.3 10545 27
0.3 10546 27
0.3 10547 32
0.3 10548 37
0.3 10549 0
0.3 10550 0
0.3 10551 5
0.3 10552 0
0.3 10553 0
0.3 10554 5
0.3 10555 5
0.3 10556 5
0.3 10557 10
0.3 10558 16
0.3 10559 16
0.3 10560 16
0.3 10561 32
0.3 10562 43
0.3 10563 27
0.3 10564 0
0.3 10565 5
0.3 10566 10
0.3 10567 0
0.3 10568 0
0.3 10569 0
0.3 10570 0
0.3 10571 10
0.3 10572 21
0.3 10573 21
0.3 10574 27
0.3 10575 27
0.3 10576 37
0.3 10577 43
0.3 10578 54
0.3 10579 32
0.3 10580 0
0.3 10581 0
0.3 10582 10
0.3 10583 0
0.3 10584 0
0.3 10585 0
0.3 10586 0
0.3 10587 5
0.3 10588 10
0.3 10589 10
0.3 10590 0
0.3 10591 0
0.3 10592 0
0.3 10593 0
0.3 10594 0
0.3 10595 0
0.3 10596 0
0.3 10597 0
0.3 10598 0
0.3 10599 0
0.3 10600 0
0.3 10601 0
0.3 10602 10
0.3 10603 16
0.3 10604 16
0.3 10605 16
0.3 10606 16
0.3 10607 16
0.3 10608 21
0.3 10609 27
0.3 10610 37
0.3 10611 32
0.3 10612 5
0.3 10613 5
0.3 10614 0
0.3 10615 0
0.3 10616 5
0.3 10617 0
0.3 10618 0
0.3 10619 5
0.3 10620 5
0.3 10621 0
0.3 10622 5
0.3 10623 5
0.3 10624 10
0.3 10625 10
0.3 10626 16
0.3 10627 21
0.3 10628 5
0.3 10629 5
0.3 10630 10
0.3 10631 21
0.3 10632 21
0.3 10633 27
0.3 10634 32
0.3 10635 32
0.3 10636 37
0.3 10637 37
0.3 10638 43
0.3 10639 43
0.3 10640 48
0.3 10641 59
0.3 10642 59
0.3 10643 64
0.3 10644 37
0.3 10645 0
0.3 10646 0
0.3 10647 5
0.3 10648 5
0.3 10649 0
0.3 10650 10
0.3 10651 5
0.3 10652 10
0.3 10653 10
0.3 10654 0
0.3 10655 10
0.3 10656 5
0.3 10657 0
0.3 10658 0
0.3 10659 0
0.3 10660 0
0.3 10661 0
0.3 10662 0
0.3 10663 0
0.3 10664 0
0.3 10665 0
0.3 10666 0
0.3 10667 5
0.3 10668 5
0.3 10669 0
0.3 10670 5
0.3 10671 10
0.3 10672 16
0.3 10673 16
0.3 10674 21
0.3 10675 21
0.3 10676 21
0.3 10677 27
0.3 10678 32
0.3 10679 43
0.3 10680 54
0.3 10681 43
0.3 10682 16
0.3 10683 5
0.3 10684 5
0.3 10685 0
0.3 10686 0
0.3 10687 0
0.3 10688 0
0.3 10689 5
0.3 10690 5
0.3 10691 5
0.3 10692 21
0.3 10693 27
0.3 10694 21
0.3 10695 16
0.3 10696 10
0.3 10697 10
0.3 10698 16
0.3 10699 27
0.3 10700 32
0.3 10701 43
0.3 10702 48
0.3 10703 0
0.3 10704 0
0.3 10705 0
0.3 10706 0
0.3 10707 0
0.3 10708 0
0.3 10709 0
0.3 10710 0
0.3 10711 0
0.3 10712 0
0.3 10713 0
0.3 10714 0
0.3 10715 0
0.3 10716 5
0.3 10717 16
0.3 10718 21
0.3 10719 21
0.3 10720 32
0.3 10721 43
0.3 10722 48
0.3 10723 54
0.3 10724 32
0.3 10725 0
0.3 10726 0
0.3 10727 0
0.3 10728 5
0.3 10729 10
0.3 10730 0
0.3 10731 0
0.3 10732 5
0.3 10733 5
0.3 10734 5
0.3 10735 16
0.3 10736 21
0.3 10737 21
0.3 10738 27
0.3 10739 32
0.3 10740 43
0.3 10741 59
0.3 10742 59
0.3 10743 70
0.3 10744 70
0.3 10745 64
0.3 10746 48
0.3 10747 48
0.3 10748 54
0.3 10749 64
0.3 10750 64
0.3 10751 64
0.3 10752 70
0.3 10753 70
0.3 10754 75
0.3 10755 75
0.3 10756 91
0.3 10757 91
0.3 10758 32
0.3 10759 21
0.3 10760 27
0.3 10761 43
0.3 10762 43
0.3 10763 43
0.3 10764 10
0.3 10765 5
0.3 10766 5
0.3 10767 10
0.3 10768 16
0.3 10769 0
0.3 10770 0
0.3 10771 10
0.3 10772 10
0.3 10773 16
0.3 10774 16
0.3 10775 27
0.3 10776 27
0.3 10777 21
0.3 10778 10
0.3 10779 16
0.3 10780 27
0.3 10781 32
0.3 10782 32
0.3 10783 43
0.3 10784 54
0.3 10785 64
0.3 10786 48
0.3 10787 48
0.3 10788 59
0.3 10789 64
0.3 10790 70
0.3 10791 75
0.3 10792 75
0.3 10793 75
0.3 10794 86
0.3 10795 86
0.3 10796 97
0.3 10797 102
0.3 10798 108
0.3 10799 129
0.3 10800 135
0.3 10801 135
0.3 10802 135
0.3 10803 124
0.3 10804 129
0.3 10805 135
0.3 10806 124
0.3 10807 129
0.3 10808 124
0.3 10809 124
0.3 10810 135
0.3 10811 118
0.3 10812 124
0.3 10813 118
0.3 10814 129
0.3 10815 124
0.3 10816 118
0.3 10817 135
0.3 10818 135
0.3 10819 86
0.3 10820 86
0.3 10821 91
0.3 10822 91
0.3 10823 91
0.3 10824 91
0.3 10825 97
0.3 10826 102
0.3 10827 118
0.3 10828 124
0.3 10829 135
0.3 10830 124
0.3 10831 135
0.3 10832 129
0.3 10833 135
0.3 10834 108
0.3 10835 0
0.3 10836 0
0.3 10837 0
0.3 10838 0
0.3 10839 0
0.3 10840 5
0.3 10841 5
0.3 10842 16
0.3 10843 10
0.3 10844 10
0.3 10845 0
0.3 10846 5
0.3 10847 5
0.3 10848 16
0.3 10849 27
0.3 10850 16
0.3 10851 5
0.3 10852 10
0.3 10853 10
0.3 10854 16
0.3 10855 16
0.3 10856 21
0.3 10857 10
0.3 10858 0
0.3 10859 5
0.3 10860 0
0.3 10861 0
0.3 10862 0
0.3 10863 0
0.3 10864 5
0.3 10865 16
0.3 10866 16
0.3 10867 16
0.3 10868 16
0.3 10869 21
0.3 10870 32
0.3 10871 16
0.3 10872 5
0.3 10873 10
0.3 10874 10
0.3 10875 16
0.3 10876 5
0.3 10877 0
0.3 10878 0
0.3 10879 0
0.3 10880 5
0.3 10881 0
0.3 10882 0
0.3 10883 0
0.3 10884 0
0.3 10885 0
0.3 10886 5
0.3 10887 5
0.3 10888 5
0.3 10889 16
0.3 10890 16
0.3 10891 21
0.3 10892 27
0.3 10893 32
0.3 10894 32
0.3 10895 32
0.3 10896 32
0.3 10897 37
0.3 10898 43
0.3 10899 37
0.3 10900 43
0.3 10901 43
0.3 10902 43
0.3 10903 54
0.3 10904 59
0.3 10905 64
0.3 10906 70
0.3 10907 81
0.3 10908 86
0.3 10909 91
0.3 10910 102
0.3 10911 108
0.3 10912 113
0.3 10913 118
0.3 10914 118
0.3 10915 118
0.3 10916 124
0.3 10917 135
0.3 10918 135
0.3 10919 129
0.3 10920 135
0.3 10921 135
0.3 10922 135
0.3 10923 135
0.3 10924 135
0.3 10925 124
0.3 10926 124
0.3 10927 124
0.3 10928 135
0.3 10929 124
0.3 10930 135
0.3 10931 135
0.3 10932 135
0.3 10933 135
0.3 10934 135
0.3 10935 135
0.3 10936 135
0.3 10937 124
0.3 10938 129
0.3 10939 135
0.3 10940 135
0.3 10941 10
0.3 10942 10
0.3 10943 0
0.3 10944 0
0.3 10945 0
0.3 10946 0
0.3 10947 0
0.3 10948 0
0.3 10949 0
0.3 10950 5
0.3 10951 5
0.3 10952 10
0.3 10953 21
0.3 10954 0
0.3 10955 0
0.3 10956 0
0.3 10957 0
0.3 10958 5
0.3 10959 0
0.3 10960 0
0.3 10961 0
0.3 10962 0
0.3 10963 0
0.3 10964 0
0.3 10965 0
0.3 10966 5
0.3 10967 0
0.3 10968 0
0.3 10969 5
0.3 10970 0
0.3 10971 5
0.3 10972 5
0.3 10973 10
0.3 10974 10
0.3 10975 5
0.3 10976 16
0.3 10977 16
0.3 10978 10
0.3 10979 0
0.3 10980 5
0.3 10981 5
0.3 10982 10
0.3 10983 16
0.3 10984 27
0.3 10985 37
0.3 10986 43
0.3 10987 54
0.3 10988 64
0.3 10989 54
0.3 10990 27
0.3 10991 21
0.3 10992 10
0.3 10993 10
0.3 10994 10
0.3 10995 10
0.3 10996 16
0.3 10997 21
0.3 10998 27
0.3 10999 43
0.3 11000 54
0.3 11001 54
0.3 11002 54
0.3 11003 59
0.3 11004 64
0.3 11005 70
0.3 11006 81
0.3 11007 54
0.3 11008 21
0.3 11009 0
0.3 11010 0
0.3 11011 0
0.3 11012 5
0.3 11013 0
0.3 11014 0
0.3 11015 0
0.3 11016 0
0.3 11017 5
0.3 11018 10
0.3 11019 5
0.3 11020 5
0.3 11021 0
0.3 11022 5
0.3 11023 5
0.3 11024 0
0.3 11025 0
0.3 11026 5
0.3 11027 16
0.3 11028 5
0.3 11029 16
0.3 11030 16
0.3 11031 16
0.3 11032 16
0.3 11033 0
0.3 11034 0
0.3 11035 5
0.3 11036 10
0.3 11037 16
0.3 11038 21
0.3 11039 16
0.3 11040 16
0.3 11041 16
0.3 11042 5
0.3 11043 16
0.3 11044 27
0.3 11045 27
0.3 11046 37
0.3 11047 37
0.3 11048 48
0.3 11049 59
0.3 11050 16
0.3 11051 0
0.3 11052 10
0.3 11053 0
0.3 11054 0
0.3 11055 0
0.3 11056 0
0.3 11057 0
0.3 11058 0
0.3 11059 0
0.3 11060 0
0.3 11061 0
0.3 11062 5
0.3 11063 0
0.3 11064 0
0.3 11065 0
0.3 11066 0
0.3 11067 0
0.3 11068 0
0.3 11069 0
0.3 11070 0
0.3 11071 0
0.3 11072 0
0.3 11073 5
0.3 11074 10
0.3 11075 5
0.3 11076 5
0.3 11077 10
0.3 11078 21
0.3 11079 27
0.3 11080 27
0.3 11081 32
0.3 11082 43
0.3 11083 32
0.3 11084 0
0.3 11085 0
0.3 11086 0
0.3 11087 10
0.3 11088 10
0.3 11089 5
0.3 11090 0
0.3 11091 0
0.3 11092 0
0.3 11093 0
0.3 11094 5
0.3 11095 5
0.3 11096 0
0.3 11097 0
0.3 11098 5
0.3 11099 16
0.3 11100 5
0.3 11101 5
0.3 11102 0
0.3 11103 5
0.3 11104 0
0.3 11105 0
0.3 11106 0
0.3 11107 0
0.3 11108 0
0.3 11109 0
0.3 11110 0
0.3 11111 0
0.3 11112 10
0.3 11113 0
0.3 11114 0
0.3 11115 5
0.3 11116 5
0.3 11117 0
0.3 11118 5
0.3 11119 10
0.3 11120 5
0.3 11121 0
0.3 11122 10
0.3 11123 16
0.3 11124 0
0.3 11125 0
0.3 11126 0
0.3 11127 5
0.3 11128 10
0.3 11129 0
0.3 11130 5
0.3 11131 16
0.3 11132 16
0.3 11133 0
0.3 11134 0
0.3 11135 0
0.3 11136 0
0.3 11137 0
0.3 11138 5
0.3 11139 10
0.3 11140 10
0.3 11141 10
0.3 11142 21
0.3 11143 21
0.3 11144 32
0.3 11145 37
0.3 11146 27
0.3 11147 5
0.3 11148 16
0.3 11149 16
0.3 11150 21
0.3 11151 27
0.3 11152 32
0.3 11153 43
0.3 11154 54
0.3 11155 54
0.3 11156 59
0.3 11157 59
0.3 11158 59
0.3 11159 59
0.3 11160 64
0.3 11161 70
0.3 11162 70
0.3 11163 75
0.3 11164 81
0.3 11165 86
0.3 11166 86
0.3 11167 102
0.3 11168 102
0.3 11169 118
0.3 11170 124
0.3 11171 113
0.3 11172 0
0.3 11173 0
0.3 11174 10
0.3 11175 10
0.3 11176 10
0.3 11177 5
0.3 11178 0
0.3 11179 5
0.3 11180 5
0.3 11181 10
0.3 11182 16
0.3 11183 27
0.3 11184 16
0.3 11185 5
0.3 11186 16
0.3 11187 21
0.3 11188 5
0.3 11189 0
0.3 11190 0
0.3 11191 0
0.3 11192 0
0.3 11193 5
0.3 11194 16
0.3 11195 16
0.3 11196 0
0.3 11197 5
0.3 11198 5
0.3 11199 0
0.3 11200 10
0.3 11201 10
0.3 11202 16
0.3 11203 27
0.3 11204 27
0.3 11205 37
0.3 11206 43
0.3 11207 43
0.3 11208 54
0.3 11209 54
0.3 11210 48
0.3 11211 37
0.3 11212 10
0.3 11213 5
0.3 11214 0
0.3 11215 0
0.3 11216 5
0.3 11217 0
0.3 11218 0
0.3 11219 0
0.3 11220 0
0.3 11221 0
0.3 11222 0
0.3 11223 0
0.3 11224 0
0.3 11225 0
0.3 11226 0
0.3 11227 0
0.3 11228 0
0.3 11229 10
0.3 11230 0
0.3 11231 5
0.3 11232 0
0.3 11233 0
0.3 11234 0
0.3 11235 0
0.3 11236 5
0.3 11237 5
0.3 11238 5
0.3 11239 0
0.3 11240 0
0.3 11241 5
0.3 11242 10
0.3 11243 10
0.3 11244 21
0.3 11245 32
0.3 11246 32
0.3 11247 43
0.3 11248 48
0.3 11249 48
0.3 11250 43
0.3 11251 37
0.3 11252 37
0.3 11253 43
0.3 11254 0
0.3 11255 0
0.3 11256 0
0.3 11257 5
0.3 11258 5
0.3 11259 5
0.3 11260 16
0.3 11261 5
0.3 11262 5
0.3 11263 16
0.3 11264 32
0.3 11265 32
0.3 11266 37
0.3 11267 32
0.3 11268 5
0.3 11269 10
0.3 11270 0
0.3 11271 10
0.3 11272 0
0.3 11273 0
0.3 11274 0
0.3 11275 0
0.3 11276 0
0.3 11277 0
0.3 11278 0
0.3 11279 0
0.3 11280 5
0.3 11281 0
0.3 11282 0
0.3 11283 0
0.3 11284 0
0.3 11285 0
0.3 11286 0
0.3 11287 5
0.3 11288 0
0.3 11289 0
0.3 11290 5
0.3 11291 5
0.3 11292 10
0.3 11293 5
0.3 11294 0
0.3 11295 5
0.3 11296 5
0.3 11297 0
0.3 11298 10
0.3 11299 10
0.3 11300 10
0.3 11301 5
0.3 11302 10
0.3 11303 5
0.3 11304 0
0.3 11305 0
0.3 11306 0
0.3 11307 10
0.3 11308 10
0.3 11309 5
0.3 11310 10
0.3 11311 10
0.3 11312 10
0.3 11313 10
0.3 11314 10
0.3 11315 27
0.3 11316 27
0.3 11317 27
0.3 11318 16
0.3 11319 0
0.3 11320 0
0.3 11321 0
0.3 11322 5
0.3 11323 5
0.3 11324 10
0.3 11325 16
0.3 11326 16
0.3 11327 32
0.3 11328 37
0.3 11329 27
0.3 11330 10
0.3 11331 0
0.3 11332 0
0.3 11333 0
0.3 11334 0
0.3 11335 5
0.3 11336 5
0.3 11337 5
0.3 11338 5
0.3 11339 0
0.3 11340 5
0.3 11341 16
0.3 11342 16
0.3 11343 10
0.3 11344 0
0.3 11345 0
0.3 11346 0
0.3 11347 16
0.3 11348 16
0.3 11349 27
0.3 11350 32
0.3 11351 32
0.3 11352 16
0.3 11353 5
0.3 11354 5
0.3 11355 5
0.3 11356 5
0.3 11357 10
0.3 11358 0
0.3 11359 0
0.3 11360 10
0.3 11361 10
0.3 11362 16
0.3 11363 27
0.3 11364 21
0.3 11365 27
0.3 11366 32
0.3 11367 32
0.3 11368 32
0.3 11369 32
0.3 11370 43
0.3 11371 48
0.3 11372 27
0.3 11373 10
0.3 11374 16
0.3 11375 21
0.3 11376 10
0.3 11377 16
0.3 11378 27
0.3 11379 27
0.3 11380 5
0.3 11381 0
0.3 11382 5
0.3 11383 5
0.3 11384 0
0.3 11385 0
0.3 11386 0
0.3 11387 0
0.3 11388 0
0.3 11389 0
0.3 11390 0
0.3 11391 0
0.3 11392 10
0.3 11393 21
0.3 11394 21
0.3 11395 0
0.3 11396 5
0.3 11397 0
0.3 11398 0
0.3 11399 10
0.3 11400 0
0.3 11401 0
0.3 11402 5
0.3 11403 5
0.3 11404 5
0.3 11405 10
0.3 11406 10
0.3 11407 21
0.3 11408 21
0.3 11409 37
0.3 11410 37
0.3 11411 10
0.3 11412 16
0.3 11413 32
0.3 11414 32
0.3 11415 43
0.3 11416 59
0.3 11417 54
0.3 11418 43
0.3 11419 48
0.3 11420 59
0.3 11421 70
0.3 11422 5
0.3 11423 10
0.3 11424 10
0.3 11425 16
0.3 11426 16
0.3 11427 16
0.3 11428 21
0.3 11429 21
0.3 11430 21
0.3 11431 21
0.3 11432 21
0.3 11433 27
0.3 11434 32
0.3 11435 43
0.3 11436 43
0.3 11437 43
0.3 11438 43
0.3 11439 48
0.3 11440 59
0.3 11441 75
0.3 11442 86
0.3 11443 86
0.3 11444 86
0.3 11445 86
0.3 11446 97
0.3 11447 108
0.3 11448 108
0.3 11449 113
0.3 11450 118
0.3 11451 118
0.3 11452 118
0.3 11453 129
0.3 11454 135
0.3 11455 135
0.3 11456 135
0.3 11457 135
0.3 11458 70
0.3 11459 10
0.3 11460 0
0.3 11461 10
0.3 11462 0
0.3 11463 0
0.3 11464 5
0.3 11465 0
0.3 11466 0
0.3 11467 0
0.3 11468 0
0.3 11469 0
0.3 11470 10
0.3 11471 0
0.3 11472 0
0.3 11473 0
0.3 11474 0
0.3 11475 0
0.3 11476 0
0.3 11477 0
0.3 11478 0
0.3 11479 10
0.3 11480 0
0.3 11481 10
0.3 11482 5
0.3 11483 0
0.3 11484 0
0.3 11485 5
0.3 11486 0
0.3 11487 0
0.3 11488 0
0.3 11489 0
0.3 11490 0
0.3 11491 5
0.3 11492 0
0.3 11493 0
0.3 11494 0
0.3 11495 0
0.3 11496 0
0.3 11497 0
0.3 11498 0
0.3 11499 5
0.3 11500 0
0.3 11501 0
0.3 11502 0
0.3 11503 5
0.3 11504 10
0.3 11505 10
0.3 11506 0
0.3 11507 0
0.3 11508 5
0.3 11509 0
0.3 11510 0
0.3 11511 5
0.3 11512 10
0.3 11513 10
0.3 11514 5
0.3 11515 16
0.3 11516 16
0.3 11517 27
0.3 11518 37
0.3 11519 37
0.3 11520 37
0.3 11521 48
0.3 11522 59
0.3 11523 16
0.3 11524 0
0.3 11525 0
0.3 11526 5
0.3 11527 10
0.3 11528 16
0.3 11529 21
0.3 11530 5
0.3 11531 0
0.3 11532 0
0.3 11533 5
0.3 11534 0
0.3 11535 5
0.3 11536 0
0.3 11537 0
0.3 11538 0
0.3 11539 0
0.3 11540 5
0.3 11541 0
0.3 11542 0
0.3 11543 10
0.3 11544 21
0.3 11545 21
0.3 11546 27
0.3 11547 27
0.3 11548 37
0.3 11549 37
0.3 11550 37
0.3 11551 54
0.3 11552 48
0.3 11553 48
0.3 11554 43
0.3 11555 43
0.3 11556 43
0.3 11557 43
0.3 11558 0
0.3 11559 0
0.3 11560 0
0.3 11561 5
0.3 11562 0
0.3 11563 0
0.3 11564 0
0.3 11565 0
0.3 11566 5
0.3 11567 5
0.3 11568 0
0.3 11569 0
0.3 11570 0
0.3 11571 0
0.3 11572 10
0.3 11573 10
0.3 11574 10
0.3 11575 21
0.3 11576 21
0.3 11577 32
0.3 11578 27
0.3 11579 10
0.3 11580 10
0.3 11581 10
0.3 11582 21
0.3 11583 37
0.3 11584 48
0.3 11585 43
0.3 11586 43
0.3 11587 43
0.3 11588 48
0.3 11589 59
0.3 11590 59
0.3 11591 59
0.3 11592 54
0.3 11593 59
0.3 11594 59
0.3 11595 43
0.3 11596 43
0.3 11597 43
0.3 11598 48
0.3 11599 59
0.3 11600 70
0.3 11601 70
0.3 11602 70
0.3 11603 86
0.3 11604 86
0.3 11605 97
0.3 11606 113
0.3 11607 124
0.3 11608 129
0.3 11609 129
0.3 11610 129
0.3 11611 135
0.3 11612 135
0.3 11613 135
0.3 11614 97
0.3 11615 10
0.3 11616 16
0.3 11617 21
0.3 11618 27
0.3 11619 27
0.3 11620 27
0.3 11621 27
0.3 11622 32
0.3 11623 37
0.3 11624 37
0.3 11625 5
0.3 11626 0
0.3 11627 0
0.3 11628 0
0.3 11629 0
0.3 11630 0
0.3 11631 0
0.3 11632 0
0.3 11633 0
0.3 11634 0
0.3 11635 0
0.3 11636 5
0.3 11637 0
0.3 11638 0
0.3 11639 0
0.3 11640 0
0.3 11641 0
0.3 11642 5
0.3 11643 0
0.3 11644 0
0.3 11645 10
0.3 11646 16
0.3 11647 0
0.3 11648 0
0.3 11649 0
0.3 11650 5
0.3 11651 10
0.3 11652 16
0.3 11653 0
0.3 11654 0
0.3 11655 0
0.3 11656 5
0.3 11657 0
0.3 11658 16
0.3 11659 16
0.3 11660 21
0.3 11661 16
0.3 11662 16
0.3 11663 27
0.3 11664 21
0.3 11665 21
0.3 11666 21
0.3 11667 32
0.3 11668 37
0.3 11669 43
0.3 11670 43
0.3 11671 37
0.3 11672 37
0.3 11673 37
0.3 11674 48
0.3 11675 64
0.3 11676 54
0.3 11677 43
0.3 11678 54
0.3 11679 59
0.3 11680 59
0.3 11681 64
0.3 11682 75
0.3 11683 75
0.3 11684 86
0.3 11685 86
0.3 11686 102
0.3 11687 102
0.3 11688 43
0.3 11689 0
0.3 11690 0
0.3 11691 0
0.3 11692 0
0.3 11693 0
0.3 11694 0
0.3 11695 0
0.3 11696 0
0.3 11697 5
0.3 11698 10
0.3 11699 10
0.3 11700 10
0.3 11701 16
0.3 11702 10
0.3 11703 16
0.3 11704 10
0.3 11705 0
0.3 11706 0
0.3 11707 5
0.3 11708 0
0.3 11709 0
0.3 11710 0
0.3 11711 5
0.3 11712 5
0.3 11713 0
0.3 11714 0
0.3 11715 0
0.3 11716 0
0.3 11717 5
0.3 11718 10
0.3 11719 21
0.3 11720 21
0.3 11721 16
0.3 11722 21
0.3 11723 21
0.3 11724 21
0.3 11725 32
0.3 11726 43
0.3 11727 10
0.3 11728 16
0.3 11729 0
0.3 11730 0
0.3 11731 5
0.3 11732 10
0.3 11733 16
0.3 11734 21
0.3 11735 27
0.3 11736 32
0.3 11737 48
0.3 11738 59
0.3 11739 59
0.3 11740 59
0.3 11741 59
0.3 11742 43
0.3 11743 0
0.3 11744 0
0.3 11745 0
0.3 11746 0
0.3 11747 0
0.3 11748 0
0.3 11749 0
0.3 11750 16
0.3 11751 5
0.3 11752 0
0.3 11753 0
0.3 11754 0
0.3 11755 5
0.3 11756 5
0.3 11757 5
0.3 11758 5
0.3 11759 10
0.3 11760 0
0.3 11761 0
0.3 11762 0
0.3 11763 0
0.3 11764 0
0.3 11765 16
0.3 11766 27
0.3 11767 32
0.3 11768 48
0.3 11769 48
0.3 11770 48
0.3 11771 48
0.3 11772 54
0.3 11773 70
0.3 11774 70
0.3 11775 70
0.3 11776 37
0.3 11777 0
0.3 11778 0
0.3 11779 5
0.3 11780 10
0.3 11781 10
0.3 11782 16
0.3 11783 21
0.3 11784 21
0.3 11785 27
0.3 11786 27
0.3 11787 37
0.3 11788 37
0.3 11789 37
0.3 11790 48
0.3 11791 10
0.3 11792 0
0.3 11793 0
0.3 11794 0
0.3 11795 5
0.3 11796 0
0.3 11797 5
0.3 11798 0
0.3 11799 0
0.3 11800 0
0.3 11801 5
0.3 11802 16
0.3 11803 16
0.3 11804 0
0.3 11805 5
0.3 11806 5
0.3 11807 5
0.3 11808 5
0.3 11809 10
0.3 11810 10
0.3 11811 16
0.3 11812 21
0.3 11813 27
0.3 11814 32
0.3 11815 32
0.3 11816 32
0.3 11817 32
0.3 11818 43
0.3 11819 54
0.3 11820 54
0.3 11821 59
0.3 11822 75
0.3 11823 81
0.3 11824 81
0.3 11825 86
0.3 11826 86
0.3 11827 97
0.3 11828 102
0.3 11829 108
0.3 11830 108
0.3 11831 118
0.3 11832 118
0.3 11833 118
0.3 11834 118
0.3 11835 124
0.3 11836 124
0.3 11837 124
0.3 11838 124
0.3 11839 135
0.3 11840 135
0.3 11841 135
0.3 11842 135
0.3 11843 135
0.3 11844 135
0.3 11845 135
0.3 11846 135
0.3 11847 135
0.3 11848 135
0.3 11849 135
0.3 11850 135
0.3 11851 135
0.3 11852 135
0.3 11853 135
0.3 11854 135
0.3 11855 124
0.3 11856 135
0.3 11857 135
0.3 11858 124
0.3 11859 124
0.3 11860 135
0.3 11861 135
0.3 11862 135
0.3 11863 129
0.3 11864 135
0.3 11865 124
0.3 11866 129
0.3 11867 135
0.3 11868 124
0.3 11869 135
0.3 11870 124
0.3 11871 124
0.3 11872 129
0.3 11873 16
0.3 11874 0
0.3 11875 0
0.3 11876 5
0.3 11877 5
0.3 11878 10
0.3 11879 10
0.3 11880 10
0.3 11881 10
0.3 11882 21
0.3 11883 27
0.3 11884 27
0.3 11885 27
0.3 11886 37
0.3 11887 48
0.3 11888 0
0.3 11889 0
0.3 11890 0
0.3 11891 0
0.3 11892 5
0.3 11893 5
0.3 11894 5
0.3 11895 16
0.3 11896 16
0.3 11897 21
0.3 11898 27
0.3 11899 21
0.3 11900 16
0.3 11901 0
0.3 11902 5
0.3 11903 16
0.3 11904 10
0.3 11905 5
0.3 11906 0
0.3 11907 0
0.3 11908 0
0.3 11909 5
0.3 11910 16
0.3 11911 0
0.3 11912 0
0.3 11913 10
0.3 11914 0
0.3 11915 0
0.3 11916 0
0.3 11917 0
0.3 11918 5
0.3 11919 0
0.3 11920 0
0.3 11921 5
0.3 11922 5
0.3 11923 0
0.3 11924 0
0.3 11925 0
0.3 11926 5
0.3 11927 10
0.3 11928 16
0.3 11929 16
0.3 11930 16
0.3 11931 32
0.3 11932 43
0.3 11933 43
0.3 11934 54
0.3 11935 27
0.3 11936 32
0.3 11937 37
0.3 11938 37
0.3 11939 0
0.3 11940 0
0.3 11941 0
0.3 11942 5
0.3 11943 0
0.3 11944 0
0.3 11945 0
0.3 11946 0
0.3 11947 0
0.3 11948 0
0.3 11949 0
0.3 11950 0
0.3 11951 0
0.3 11952 5
0.3 11953 16
0.3 11954 16
0.3 11955 10
0.3 11956 0
0.3 11957 10
0.3 11958 10
0.3 11959 21
0.3 11960 21
0.3 11961 32
0.3 11962 37
0.3 11963 48
0.3 11964 32
0.3 11965 0
0.3 11966 0
0.3 11967 0
0.3 11968 0
0.3 11969 0
0.3 11970 0
0.3 11971 0
0.3 11972 5
0.3 11973 0
0.3 11974 5
0.3 11975 0
0.3 11976 0
0.3 11977 5
0.3 11978 0
0.3 11979 0
0.3 11980 0
0.3 11981 0
0.3 11982 0
0.3 11983 5
0.3 11984 16
0.3 11985 5
0.3 11986 5
0.3 11987 16
0.3 11988 0
0.3 11989 0
0.3 11990 5
0.3 11991 0
0.3 11992 0
0.3 11993 10
0.3 11994 16
0.3 11995 16
0.3 11996 32
0.3 11997 21
0.3 11998 21
0.3 11999 21
0.3 12000 21
0.3 12001 21
0.3 12002 37
0.3 12003 37
0.3 12004 48
0.3 12005 48
0.3 12006 59
0.3 12007 10
0.3 12008 0
0.3 12009 0
0.3 12010 0
0.3 12011 5
0.3 12012 5
0.3 12013 0
0.3 12014 5
0.3 12015 0
0.3 12016 5
0.3 12017 16
0.3 12018 0
0.3 12019 0
0.3 12020 0
0.3 12021 0
0.3 12022 0
0.3 12023 0
0.3 12024 5
0.3 12025 0
0.3 12026 0
0.3 12027 0
0.3 12028 0
0.3 12029 0
0.3 12030 5
0.3 12031 0
0.3 12032 5
0.3 12033 0
0.3 12034 5
0.3 12035 10
0.3 12036 10
0.3 12037 0
0.3 12038 16
0.3 12039 21
0.3 12040 27
0.3 12041 27
0.3 12042 10
0.3 12043 21
0.3 12044 21
0.3 12045 16
0.3 12046 21
0.3 12047 32
0.3 12048 43
0.3 12049 27
0.3 12050 5
0.3 12051 5
0.3 12052 5
0.3 12053 0
0.3 12054 0
0.3 12055 0
0.3 12056 0
0.3 12057 10
0.3 12058 21
0.3 12059 0
0.3 12060 0
0.3 12061 0
0.3 12062 5
0.3 12063 0
0.3 12064 0
0.3 12065 5
0.3 12066 10
0.3 12067 10
0.3 12068 21
0.3 12069 16
0.3 12070 5
0.3 12071 10
0.3 12072 0
0.3 12073 0
0.3 12074 0
0.3 12075 0
0.3 12076 0
0.3 12077 0
0.3 12078 5
0.3 12079 0
0.3 12080 5
0.3 12081 16
0.3 12082 10
0.3 12083 5
0.3 12084 5
0.3 12085 0
0.3 12086 0
0.3 12087 0
0.3 12088 0
0.3 12089 5
0.3 12090 5
0.3 12091 5
0.3 12092 16
0.3 12093 16
0.3 12094 0
0.3 12095 5
0.3 12096 16
0.3 12097 27
0.3 12098 37
0.3 12099 37
0.3 12100 37
0.3 12101 37
0.3 12102 37
0.3 12103 5
0.3 12104 5
0.3 12105 5
0.3 12106 10
0.3 12107 21
0.3 12108 32
0.3 12109 37
0.3 12110 43
0.3 12111 48
0.3 12112 48
0.3 12113 0
0.3 12114 0
0.3 12115 0
0.3 12116 5
0.3 12117 0
0.3 12118 0
0.3 12119 0
0.3 12120 0
0.3 12121 21
0.3 12122 21
0.3 12123 32
0.3 12124 10
0.3 12125 0
0.3 12126 5
0.3 12127 0
0.3 12128 0
0.3 12129 0
0.3 12130 0
0.3 12131 0
0.3 12132 0
0.3 12133 5
0.3 12134 10
0.3 12135 5
0.3 12136 5
0.3 12137 5
0.3 12138 5
0.3 12139 16
0.3 12140 32
0.3 12141 21
0.3 12142 10
0.3 12143 0
0.3 12144 10
0.3 12145 16
0.3 12146 10
0.3 12147 10
0.3 12148 16
0.3 12149 21
0.3 12150 37
0.3 12151 32
0.3 12152 32
0.3 12153 37
0.3 12154 37
0.3 12155 37
0.3 12156 37
0.3 12157 43
0.3 12158 43
0.3 12159 48
0.3 12160 54
0.3 12161 64
0.3 12162 75
0.3 12163 81
0.3 12164 75
0.3 12165 37
0.3 12166 43
0.3 12167 54
0.3 12168 48
0.3 12169 37
0.3 12170 54
0.3 12171 70
0.3 12172 64
0.3 12173 59
0.3 12174 54
0.3 12175 70
0.3 12176 81
0.3 12177 59
0.3 12178 10
0.3 12179 5
0.3 12180 0
0.3 12181 5
0.3 12182 0
0.3 12183 0
0.3 12184 0
0.3 12185 10
0.3 12186 32
0.3 12187 43
0.3 12188 32
0.3 12189 32
0.3 12190 21
0.3 12191 27
0.3 12192 43
0.3 12193 27
0.3 12194 0
0.3 12195 0
0.3 12196 5
0.3 12197 5
0.3 12198 0
0.3 12199 5
0.3 12200 5
0.3 12201 5
0.3 12202 0
0.3 12203 5
0.3 12204 5
0.3 12205 5
0.3 12206 5
0.3 12207 0
0.3 12208 0
0.3 12209 0
0.3 12210 0
0.3 12211 0
0.3 12212 0
0.3 12213 5
0.3 12214 0
0.3 12215 0
0.3 12216 0
0.3 12217 0
0.3 12218 10
0.3 12219 0
0.3 12220 0
0.3 12221 5
0.3 12222 16
0.3 12223 16
0.3 12224 16
0.3 12225 21
0.3 12226 21
0.3 12227 32
0.3 12228 32
0.3 12229 43
0.3 12230 43
0.3 12231 48
0.3 12232 54
0.3 12233 64
0.3 12234 70
0.3 12235 70
0.3 12236 75
0.3 12237 75
0.3 12238 75
0.3 12239 75
0.3 12240 75
0.3 12241 81
0.3 12242 86
0.3 12243 86
0.3 12244 86
0.3 12245 97
0.3 12246 97
0.3 12247 108
0.3 12248 113
0.3 12249 113
0.3 12250 113
0.3 12251 124
0.3 12252 135
0.3 12253 129
0.3 12254 135
0.3 12255 124
0.3 12256 135
0.3 12257 135
0.3 12258 129
0.3 12259 97
0.3 12260 91
0.3 12261 97
0.3 12262 102
0.3 12263 21
0.3 12264 0
0.3 12265 5
0.3 12266 0
0.3 12267 0
0.3 12268 0
0.3 12269 5
0.3 12270 0
0.3 12271 0
0.3 12272 5
0.3 12273 0
0.3 12274 0
0.3 12275 5
0.3 12276 5
0.3 12277 0
0.3 12278 0
0.3 12279 5
0.3 12280 16
0.3 12281 16
0.3 12282 16
0.3 12283 32
0.3 12284 37
0.3 12285 21
0.3 12286 10
0.3 12287 16
0.3 12288 32
0.3 12289 37
0.3 12290 37
0.3 12291 43
0.3 12292 54
0.3 12293 64
0.3 12294 75
0.3 12295 54
0.3 12296 54
0.3 12297 48
0.3 12298 48
0.3 12299 48
0.3 12300 54
0.3 12301 70
0.3 12302 75
0.3 12303 81
0.3 12304 81
0.3 12305 91
0.3 12306 97
0.3 12307 97
0.3 12308 97
0.3 12309 108
0.3 12310 113
0.3 12311 113
0.3 12312 124
0.3 12313 135
0.3 12314 135
0.3 12315 135
0.3 12316 135
0.3 12317 118
0.3 12318 118
0.3 12319 118
0.3 12320 118
0.3 12321 124
0.3 12322 135
0.3 12323 135
0.3 12324 135
0.3 12325 124
0.3 12326 135
0.3 12327 135
0.3 12328 135
0.3 12329 135
0.3 12330 43
0.3 12331 0
0.3 12332 5
0.3 12333 0
0.3 12334 0
0.3 12335 0
0.3 12336 0
0.3 12337 0
0.3 12338 0
0.3 12339 10
0.3 12340 16
0.3 12341 21
0.3 12342 32
0.3 12343 21
0.3 12344 0
0.3 12345 10
0.3 12346 10
0.3 12347 16
0.3 12348 5
0.3 12349 10
0.3 12350 0
0.3 12351 0
0.3 12352 0
0.3 12353 5
0.3 12354 21
0.3 12355 27
0.3 12356 0
0.3 12357 0
0.3 12358 0
0.3 12359 0
0.3 12360 0
0.3 12361 0
0.3 12362 10
0.3 12363 10
0.3 12364 16
0.3 12365 16
0.3 12366 16
0.3 12367 32
0.3 12368 32
0.3 12369 32
0.3 12370 32
0.3 12371 32
0.3 12372 27
0.3 12373 16
0.3 12374 16
0.3 12375 16
0.3 12376 16
0.3 12377 16
0.3 12378 16
0.3 12379 21
0.3 12380 21
0.3 12381 21
0.3 12382 21
0.3 12383 27
0.3 12384 32
0.3 12385 37
0.3 12386 37
0.3 12387 37
0.3 12388 32
0.3 12389 43
0.3 12390 21
0.3 12391 10
0.3 12392 0
0.3 12393 0
0.3 12394 0
0.3 12395 0
0.3 12396 0
0.3 12397 10
0.3 12398 5
0.3 12399 21
0.3 12400 27
0.3 12401 32
0.3 12402 43
0.3 12403 43
0.3 12404 43
0.3 12405 54
0.3 12406 75
0.3 12407 75
0.3 12408 86
0.3 12409 102
0.3 12410 108
0.3 12411 102
0.3 12412 97
0.3 12413 97
0.3 12414 102
0.3 12415 113
0.3 12416 118
0.3 12417 124
0.3 12418 124
0.3 12419 118
0.3 12420 118
0.3 12421 118
0.3 12422 118
0.3 12423 59
0.3 12424 16
0.3 12425 0
0.3 12426 0
0.3 12427 5
0.3 12428 0
0.3 12429 0
0.3 12430 0
0.3 12431 5
0.3 12432 16
0.3 12433 16
0.3 12434 16
0.3 12435 16
0.3 12436 16
0.3 12437 32
0.3 12438 32
0.3 12439 48
0.3 12440 48
0.3 12441 54
0.3 12442 59
0.3 12443 64
0.3 12444 54
0.3 12445 16
0.3 12446 16
0.3 12447 27
0.3 12448 21
0.3 12449 27
0.3 12450 27
0.3 12451 32
0.3 12452 37
0.3 12453 43
0.3 12454 43
0.3 12455 48
0.3 12456 54
0.3 12457 54
0.3 12458 54
0.3 12459 59
0.3 12460 54
0.3 12461 54
0.3 12462 48
0.3 12463 48
0.3 12464 48
0.3 12465 32
0.3 12466 37
0.3 12467 37
0.3 12468 48
0.3 12469 48
0.3 12470 48
0.3 12471 48
0.3 12472 48
0.3 12473 54
0.3 12474 54
0.3 12475 54
0.3 12476 59
0.3 12477 75
0.3 12478 81
0.3 12479 81
0.3 12480 81
0.3 12481 81
0.3 12482 81
0.3 12483 86
0.3 12484 0
0.3 12485 0
0.3 12486 0
0.3 12487 0
0.3 12488 5
0.3 12489 10
0.3 12490 21
0.3 12491 27
0.3 12492 27
0.3 12493 32
0.3 12494 43
0.3 12495 37
0.3 12496 43
0.3 12497 43
0.3 12498 43
0.3 12499 21
0.3 12500 27
0.3 12501 27
0.3 12502 37
0.3 12503 5
0.3 12504 5
0.3 12505 10
0.3 12506 5
0.3 12507 10
0.3 12508 0
0.3 12509 0
0.3 12510 10
0.3 12511 5
0.3 12512 16
0.3 12513 21
0.3 12514 21
0.3 12515 10
0.3 12516 0
0.3 12517 0
0.3 12518 5
0.3 12519 5
0.3 12520 10
0.3 12521 27
0.3 12522 37
0.3 12523 48
0.3 12524 5
0.3 12525 0
0.3 12526 5
0.3 12527 0
0.3 12528 16
0.3 12529 16
0.3 12530 21
0.3 12531 32
0.3 12532 43
0.3 12533 37
0.3 12534 0
0.3 12535 5
0.3 12536 16
0.3 12537 27
0.3 12538 10
0.3 12539 16
0.3 12540 10
0.3 12541 10
0.3 12542 10
0.3 12543 21
0.3 12544 21
0.3 12545 21
0.3 12546 27
0.3 12547 32
0.3 12548 37
0.3 12549 37
0.3 12550 37
0.3 12551 37
0.3 12552 43
0.3 12553 43
0.3 12554 43
0.3 12555 54
0.3 12556 64
0.3 12557 48
0.3 12558 10
0.3 12559 0
0.3 12560 0
0.3 12561 0
0.3 12562 5
0.3 12563 10
0.3 12564 10
0.3 12565 5
0.3 12566 5
0.3 12567 0
0.3 12568 0
0.3 12569 0
0.3 12570 0
0.3 12571 0
0.3 12572 0
0.3 12573 0
0.3 12574 0
0.3 12575 0
0.3 12576 0
0.3 12577 0
0.3 12578 0
0.3 12579 0
0.3 12580 0
0.3 12581 0
0.3 12582 0
0.3 12583 0
0.3 12584 0
0.3 12585 0
0.3 12586 0
0.3 12587 0
0.3 12588 0
0.3 12589 5
0.3 12590 0
0.3 12591 0
0.3 12592 0
0.3 12593 0
0.3 12594 0
0.3 12595 0
0.3 12596 0
0.3 12597 5
0.3 12598 5
0.3 12599 5
0.3 12600 5
0.3 12601 16
0.3 12602 16
0.3 12603 21
0.3 12604 21
0.3 12605 27
0.3 12606 32
0.3 12607 32
0.3 12608 32
0.3 12609 32
0.3 12610 32
0.3 12611 48
0.3 12612 59
0.3 12613 75
0.3 12614 91
0.3 12615 108
0.3 12616 113
0.3 12617 54
0.3 12618 5
0.3 12619 0
0.3 12620 0
0.3 12621 5
0.3 12622 0
0.3 12623 0
0.3 12624 5
0.3 12625 0
0.3 12626 0
0.3 12627 0
0.3 12628 0
0.3 12629 0
0.3 12630 10
0.3 12631 16
0.3 12632 21
0.3 12633 0
0.3 12634 0
0.3 12635 5
0.3 12636 5
0.3 12637 0
0.3 12638 0
0.3 12639 0
0.3 12640 0
0.3 12641 0
0.3 12642 0
0.3 12643 5
0.3 12644 5
0.3 12645 5
0.3 12646 5
0.3 12647 10
0.3 12648 10
0.3 12649 21
0.3 12650 32
0.3 12651 37
0.3 12652 37
0.3 12653 27
0.3 12654 0
0.3 12655 0
0.3 12656 5
0.3 12657 5
0.3 12658 0
0.3 12659 10
0.3 12660 16
0.3 12661 16
0.3 12662 16
0.3 12663 16
0.3 12664 16
0.3 12665 16
0.3 12666 21
0.3 12667 5
0.3 12668 0
0.3 12669 0
0.3 12670 0
0.3 12671 0
0.3 12672 10
0.3 12673 10
0.3 12674 5
0.3 12675 10
0.3 12676 10
0.3 12677 16
0.3 12678 16
0.3 12679 0
0.3 12680 0
0.3 12681 0
0.3 12682 0
0.3 12683 5
0.3 12684 5
0.3 12685 16
0.3 12686 16
0.3 12687 5
0.3 12688 0
0.3 12689 10
0.3 12690 5
0.3 12691 5
0.3 12692 10
0.3 12693 16
0.3 12694 21
0.3 12695 27
0.3 12696 32
0.3 12697 5
0.3 12698 5
0.3 12699 10
0.3 12700 0
0.3 12701 0
0.3 12702 0
0.3 12703 0
0.3 12704 0
0.3 12705 0
0.3 12706 0
0.3 12707 0
0.3 12708 10
0.3 12709 16
0.3 12710 10
0.3 12711 16
0.3 12712 16
0.3 12713 0
0.3 12714 0
0.3 12715 0
0.3 12716 0
0.3 12717 0
0.3 12718 0
0.3 12719 0
0.3 12720 0
0.3 12721 5
0.3 12722 0
0.3 12723 0
0.3 12724 0
0.3 12725 0
0.3 12726 0
0.3 12727 0
0.3 12728 0
0.3 12729 5
0.3 12730 0
0.3 12731 0
0.3 12732 0
0.3 12733 5
0.3 12734 0
0.3 12735 5
0.3 12736 16
0.3 12737 21
0.3 12738 32
0.3 12739 0
0.3 12740 0
0.3 12741 5
0.3 12742 0
0.3 12743 5
0.3 12744 0
0.3 12745 0
0.3 12746 0
0.3 12747 0
0.3 12748 0
0.3 12749 0
0.3 12750 5
0.3 12751 5
0.3 12752 0
0.3 12753 0
0.3 12754 10
0.3 12755 0
0.3 12756 0
0.3 12757 0
0.3 12758 0
0.3 12759 0
0.3 12760 0
0.3 12761 0
0.3 12762 5
0.3 12763 5
0.3 12764 5
0.3 12765 5
0.3 12766 10
0.3 12767 5
0.3 12768 10
0.3 12769 16
0.3 12770 16
0.3 12771 10
0.3 12772 5
0.3 12773 0
0.3 12774 0
0.3 12775 0
0.3 12776 5
0.3 12777 10
0.3 12778 5
0.3 12779 16
0.3 12780 27
0.3 12781 21
0.3 12782 27
0.3 12783 32
0.3 12784 21
0.3 12785 27
0.3 12786 5
0.3 12787 10
0.3 12788 16
0.3 12789 27
0.3 12790 21
0.3 12791 32
0.3 12792 27
0.3 12793 27
0.3 12794 27
0.3 12795 16
0.3 12796 16
0.3 12797 27
0.3 12798 32
0.3 12799 48
0.3 12800 48
0.3 12801 54
0.3 12802 64
0.3 12803 75
0.3 12804 75
0.3 12805 75
0.3 12806 75
0.3 12807 81
0.3 12808 97
0.3 12809 97
0.3 12810 54
0.3 12811 5
0.3 12812 0
0.3 12813 0
0.3 12814 0
0.3 12815 5
0.3 12816 5
0.3 12817 5
0.3 12818 5
0.3 12819 16
0.3 12820 27
0.3 12821 43
0.3 12822 43
0.3 12823 48
0.3 12824 59
0.3 12825 54
0.3 12826 48
0.3 12827 32
0.3 12828 37
0.3 12829 37
0.3 12830 43
0.3 12831 54
0.3 12832 64
0.3 12833 75
0.3 12834 81
0.3 12835 27
0.3 12836 0
0.3 12837 0
0.3 12838 0
0.3 12839 0
0.3 12840 5
0.3 12841 5
0.3 12842 10
0.3 12843 10
0.3 12844 21
0.3 12845 16
0.3 12846 5
0.3 12847 5
0.3 12848 5
0.3 12849 10
0.3 12850 21
0.3 12851 21
0.3 12852 32
0.3 12853 32
0.3 12854 43
0.3 12855 48
0.3 12856 48
0.3 12857 48
0.3 12858 59
0.3 12859 64
0.3 12860 70
0.3 12861 0
0.3 12862 10
0.3 12863 5
0.3 12864 0
0.3 12865 0
0.3 12866 5
0.3 12867 5
0.3 12868 5
0.3 12869 0
0.3 12870 0
0.3 12871 0
0.3 12872 0
0.3 12873 0
0.3 12874 0
0.3 12875 0
0.3 12876 5
0.3 12877 16
0.3 12878 27
0.3 12879 21
0.3 12880 0
0.3 12881 0
0.3 12882 0
0.3 12883 5
0.3 12884 5
0.3 12885 16
0.3 12886 16
0.3 12887 27
0.3 12888 10
0.3 12889 21
0.3 12890 37
0.3 12891 37
0.3 12892 48
0.3 12893 48
0.3 12894 48
0.3 12895 59
0.3 12896 64
0.3 12897 64
0.3 12898 21
0.3 12899 5
0.3 12900 0
0.3 12901 0
0.3 12902 0
0.3 12903 5
0.3 12904 0
0.3 12905 0
0.3 12906 0
0.3 12907 0
0.3 12908 0
0.3 12909 5
0.3 12910 0
0.3 12911 0
0.3 12912 10
0.3 12913 16
0.3 12914 21
0.3 12915 0
0.3 12916 0
0.3 12917 0
0.3 12918 10
0.3 12919 21
0.3 12920 27
0.3 12921 16
0.3 12922 5
0.3 12923 5
0.3 12924 10
0.3 12925 10
0.3 12926 16
0.3 12927 16
0.3 12928 21
0.3 12929 27
0.3 12930 37
0.3 12931 10
0.3 12932 21
0.3 12933 32
0.3 12934 48
0.3 12935 48
0.3 12936 48
0.3 12937 48
0.3 12938 59
0.3 12939 70
0.3 12940 75
0.3 12941 86
0.3 12942 97
0.3 12943 102
0.3 12944 108
0.3 12945 108
0.3 12946 108
0.3 12947 118
0.3 12948 118
0.3 12949 118
0.3 12950 129
0.3 12951 135
0.3 12952 135
0.3 12953 124
0.3 12954 129
0.3 12955 135
0.3 12956 135
0.3 12957 135
0.3 12958 129
0.3 12959 64
0.3 12960 10
0.3 12961 5
0.3 12962 0
0.3 12963 0
0.3 12964 10
0.3 12965 16
0.3 12966 21
0.3 12967 27
0.3 12968 27
0.3 12969 0
0.3 12970 10
0.3 12971 0
0.3 12972 0
0.3 12973 0
0.3 12974 0
0.3 12975 0
0.3 12976 5
0.3 12977 0
0.3 12978 5
0.3 12979 10
0.3 12980 5
0.3 12981 5
0.3 12982 5
0.3 12983 21
0.3 12984 32
0.3 12985 0
0.3 12986 0
0.3 12987 0
0.3 12988 5
0.3 12989 10
0.3 12990 10
0.3 12991 10
0.3 12992 16
0.3 12993 21
0.3 12994 21
0.3 12995 27
0.3 12996 32
0.3 12997 37
0.3 12998 37
0.3 12999 43
0.3 13000 48
0.3 13001 64
0.3 13002 70
0.3 13003 75
0.3 13004 86
0.3 13005 97
0.3 13006 97
0.3 13007 108
0.3 13008 108
0.3 13009 108
0.3 13010 118
0.3 13011 32
0.3 13012 0
0.3 13013 5
0.3 13014 5
0.3 13015 16
0.3 13016 27
0.3 13017 10
0.3 13018 10
0.3 13019 10
0.3 13020 0
0.3 13021 0
0.3 13022 10
0.3 13023 16
0.3 13024 21
0.3 13025 21
0.3 13026 32
0.3 13027 32
0.3 13028 48
0.3 13029 48
0.3 13030 43
0.3 13031 37
0.3 13032 37
0.3 13033 32
0.3 13034 10
0.3 13035 27
0.3 13036 10
0.3 13037 10
0.3 13038 5
0.3 13039 0
0.3 13040 0
0.3 13041 10
0.3 13042 10
0.3 13043 16
0.3 13044 21
0.3 13045 16
0.3 13046 10
0.3 13047 10
0.3 13048 0
0.3 13049 10
0.3 13050 16
0.3 13051 16
0.3 13052 21
0.3 13053 27
0.3 13054 32
0.3 13055 37
0.3 13056 48
0.3 13057 54
0.3 13058 54
0.3 13059 70
0.3 13060 70
0.3 13061 70
0.3 13062 16
0.3 13063 0
0.3 13064 0
0.3 13065 0
0.3 13066 5
0.3 13067 5
0.3 13068 0
0.3 13069 0
0.3 13070 5
0.3 13071 16
0.3 13072 10
0.3 13073 0
0.3 13074 0
0.3 13075 0
0.3 13076 16
0.3 13077 27
0.3 13078 10
0.3 13079 5
0.3 13080 16
0.3 13081 5
0.3 13082 5
0.3 13083 5
0.3 13084 10
0.3 13085 16
0.3 13086 16
0.3 13087 16
0.3 13088 16
0.3 13089 16
0.3 13090 16
0.3 13091 16
0.3 13092 16
0.3 13093 16
0.3 13094 27
0.3 13095 37
0.3 13096 37
0.3 13097 48
0.3 13098 0
0.3 13099 5
0.3 13100 5
0.3 13101 10
0.3 13102 16
0.3 13103 5
0.3 13104 5
0.3 13105 5
0.3 13106 0
0.3 13107 0
0.3 13108 0
0.3 13109 5
0.3 13110 5
0.3 13111 5
0.3 13112 16
0.3 13113 16
0.3 13114 21
0.3 13115 21
0.3 13116 5
0.3 13117 10
0.3 13118 5
0.3 13119 5
0.3 13120 10
0.3 13121 16
0.3 13122 10
0.3 13123 10
0.3 13124 21
0.3 13125 27
0.3 13126 43
0.3 13127 43
0.3 13128 5
0.3 13129 16
0.3 13130 5
0.3 13131 0
0.3 13132 0
0.3 13133 0
0.3 13134 0
0.3 13135 0
0.3 13136 5
0.3 13137 5
0.3 13138 21
0.3 13139 10
0.3 13140 16
0.3 13141 27
0.3 13142 32
0.3 13143 37
0.3 13144 37
0.3 13145 43
0.3 13146 37
0.3 13147 37
0.3 13148 10
0.3 13149 5
0.3 13150 5
0.3 13151 5
0.3 13152 10
0.3 13153 10
0.3 13154 16
0.3 13155 5
0.3 13156 10
0.3 13157 10
0.3 13158 16
0.3 13159 27
0.3 13160 32
0.3 13161 32
0.3 13162 0
0.3 13163 5
0.3 13164 10
0.3 13165 21
0.3 13166 27
0.3 13167 21
0.3 13168 27
0.3 13169 27
0.3 13170 32
0.3 13171 32
0.3 13172 37
0.3 13173 27
0.3 13174 0
0.3 13175 5
0.3 13176 5
0.3 13177 10
0.3 13178 0
0.3 13179 0
0.3 13180 0
0.3 13181 0
0.3 13182 0
0.3 13183 0
0.3 13184 5
0.3 13185 0
0.3 13186 5
0.3 13187 0
0.3 13188 0
0.3 13189 0
0.3 13190 0
0.3 13191 5
0.3 13192 10
0.3 13193 16
0.3 13194 16
0.3 13195 5
0.3 13196 0
0.3 13197 5
0.3 13198 0
0.3 13199 0
0.3 13200 5
0.3 13201 5
0.3 13202 10
0.3 13203 5
0.3 13204 5
0.3 13205 5
0.3 13206 16
0.3 13207 27
0.3 13208 37
0.3 13209 37
0.3 13210 48
0.3 13211 59
0.3 13212 59
0.3 13213 64
0.3 13214 48
0.3 13215 0
0.3 13216 0
0.3 13217 5
0.3 13218 16
0.3 13219 21
0.3 13220 5
0.3 13221 0
0.3 13222 5
0.3 13223 5
0.3 13224 16
0.3 13225 16
0.3 13226 27
0.3 13227 27
0.3 13228 37
0.3 13229 43
0.3 13230 48
0.3 13231 48
0.3 13232 59
0.3 13233 75
0.3 13234 75
0.3 13235 81
0.3 13236 91
0.3 13237 102
0.3 13238 102
0.3 13239 113
0.3 13240 113
0.3 13241 118
0.3 13242 129
0.3 13243 5
0.3 13244 5
0.3 13245 0
0.3 13246 0
0.3 13247 0
0.3 13248 0
0.3 13249 0
0.3 13250 0
0.3 13251 10
0.3 13252 10
0.3 13253 0
0.3 13254 0
0.3 13255 5
0.3 13256 10
0.3 13257 16
0.3 13258 16
0.3 13259 16
0.3 13260 16
0.3 13261 10
0.3 13262 5
0.3 13263 5
0.3 13264 0
0.3 13265 5
0.3 13266 5
0.3 13267 5
0.3 13268 16
0.3 13269 16
0.3 13270 16
0.3 13271 21
0.3 13272 27
0.3 13273 32
0.3 13274 32
0.3 13275 32
0.3 13276 32
0.3 13277 48
0.3 13278 37
0.3 13279 37
0.3 13280 43
0.3 13281 43
0.3 13282 54
0.3 13283 64
0.3 13284 5
0.3 13285 5
0.3 13286 10
0.3 13287 5
0.3 13288 5
0.3 13289 10
0.3 13290 16
0.3 13291 0
0.3 13292 0
0.3 13293 5
0.3 13294 10
0.3 13295 10
0.3 13296 16
0.3 13297 16
0.3 13298 27
0.3 13299 27
0.3 13300 21
0.3 13301 27
0.3 13302 37
0.3 13303 48
0.3 13304 54
0.3 13305 70
0.3 13306 64
0.3 13307 75
0.3 13308 81
0.3 13309 70
0.3 13310 59
0.3 13311 48
0.3 13312 54
0.3 13313 59
0.3 13314 75
0.3 13315 75
0.3 13316 75
0.3 13317 75
0.3 13318 91
0.3 13319 97
0.3 13320 113
0.3 13321 129
0.3 13322 81
0.3 13323 48
0.3 13324 37
0.3 13325 43
0.3 13326 54
0.3 13327 59
0.3 13328 59
0.3 13329 64
0.3 13330 70
0.3 13331 70
0.3 13332 70
0.3 13333 86
0.3 13334 97
0.3 13335 86
0.3 13336 91
0.3 13337 91
0.3 13338 91
0.3 13339 102
0.3 13340 108
0.3 13341 108
0.3 13342 108
0.3 13343 118
0.3 13344 135
0.3 13345 135
0.3 13346 129
0.3 13347 135
0.3 13348 135
0.3 13349 135
0.3 13350 135
0.3 13351 135
0.3 13352 129
0.3 13353 124
0.3 13354 124
0.3 13355 135
0.3 13356 135
0.3 13357 135
0.3 13358 135
0.3 13359 135
0.3 13360 135
0.3 13361 135
0.3 13362 0
0.3 13363 5
0.3 13364 0
0.3 13365 0
0.3 13366 0
0.3 13367 10
0.3 13368 0
0.3 13369 5
0.3 13370 0
0.3 13371 10
0.3 13372 5
0.3 13373 0
0.3 13374 0
0.3 13375 0
0.3 13376 5
0.3 13377 5
0.3 13378 0
0.3 13379 0
0.3 13380 16
0.3 13381 0
0.3 13382 5
0.3 13383 5
0.3 13384 10
0.3 13385 5
0.3 13386 10
0.3 13387 10
0.3 13388 0
0.3 13389 0
0.3 13390 0
0.3 13391 0
0.3 13392 0
0.3 13393 0
0.3 13394 0
0.3 13395 0
0.3 13396 0
0.3 13397 0
0.3 13398 0
0.3 13399 0
0.3 13400 5
0.3 13401 16
0.3 13402 0
0.3 13403 10
0.3 13404 21
0.3 13405 16
0.3 13406 21
0.3 13407 10
0.3 13408 16
0.3 13409 16
0.3 13410 10
0.3 13411 10
0.3 13412 21
0.3 13413 32
0.3 13414 37
0.3 13415 48
0.3 13416 48
0.3 13417 54
0.3 13418 10
0.3 13419 5
0.3 13420 10
0.3 13421 21
0.3 13422 21
0.3 13423 27
0.3 13424 37
0.3 13425 16
0.3 13426 0
0.3 13427 0
0.3 13428 0
0.3 13429 5
0.3 13430 10
0.3 13431 27
0.3 13432 0
0.3 13433 0
0.3 13434 5
0.3 13435 0
0.3 13436 0
0.3 13437 5
0.3 13438 5
0.3 13439 0
0.3 13440 0
0.3 13441 0
0.3 13442 0
0.3 13443 5
0.3 13444 10
0.3 13445 16
0.3 13446 21
0.3 13447 0
0.3 13448 0
0.3 13449 0
0.3 13450 0
0.3 13451 0
0.3 13452 0
0.3 13453 0
0.3 13454 5
0.3 13455 0
0.3 13456 0
0.3 13457 0
0.3 13458 0
0.3 13459 5
0.3 13460 5
0.3 13461 10
0.3 13462 27
0.3 13463 43
0.3 13464 32
0.3 13465 5
0.3 13466 16
0.3 13467 21
0.3 13468 32
0.3 13469 16
0.3 13470 16
0.3 13471 21
0.3 13472 27
0.3 13473 32
0.3 13474 27
0.3 13475 37
0.3 13476 21
0.3 13477 27
0.3 13478 32
0.3 13479 37
0.3 13480 0
0.3 13481 0
0.3 13482 0
0.3 13483 0
0.3 13484 0
0.3 13485 5
0.3 13486 0
0.3 13487 0
0.3 13488 0
0.3 13489 10
0.3 13490 10
0.3 13491 10
0.3 13492 16
0.3 13493 27
0.3 13494 27
0.3 13495 27
0.3 13496 32
0.3 13497 32
0.3 13498 37
0.3 13499 43
0.3 13500 37
0.3 13501 5
0.3 13502 16
0.3 13503 16
0.3 13504 16
0.3 13505 16
0.3 13506 16
0.3 13507 16
0.3 13508 5
0.3 13509 5
0.3 13510 10
0.3 13511 10
0.3 13512 16
0.3 13513 16
0.3 13514 10
0.3 13515 5
0.3 13516 0
0.3 13517 0
0.3 13518 0
0.3 13519 0
0.3 13520 0
0.3 13521 5
0.3 13522 5
0.3 13523 16
0.3 13524 0
0.3 13525 0
0.3 13526 0
0.3 13527 5
0.3 13528 10
0.3 13529 10
0.3 13530 16
0.3 13531 27
0.3 13532 32
0.3 13533 37
0.3 13534 43
0.3 13535 32
0.3 13536 0
0.3 13537 0
0.3 13538 0
0.3 13539 0
0.3 13540 0
0.3 13541 10
0.3 13542 0
0.3 13543 0
0.3 13544 0
0.3 13545 5
0.3 13546 5
0.3 13547 16
0.3 13548 0
0.3 13549 5
0.3 13550 5
0.3 13551 5
0.3 13552 0
0.3 13553 0
0.3 13554 10
0.3 13555 21
0.3 13556 16
0.3 13557 21
0.3 13558 10
0.3 13559 16
0.3 13560 5
0.3 13561 0
0.3 13562 5
0.3 13563 5
0.3 13564 16
0.3 13565 16
0.3 13566 10
0.3 13567 0
0.3 13568 5
0.3 13569 0
0.3 13570 0
0.3 13571 0
0.3 13572 0
0.3 13573 0
0.3 13574 0
0.3 13575 0
0.3 13576 0
0.3 13577 5
0.3 13578 0
0.3 13579 0
0.3 13580 0
0.3 13581 0
0.3 13582 0
0.3 13583 0
0.3 13584 10
0.3 13585 10
0.3 13586 10
0.3 13587 16
0.3 13588 21
0.3 13589 32
0.3 13590 37
0.3 13591 43
0.3 13592 48
0.3 13593 48
0.3 13594 54
0.3 13595 48
0.3 13596 0
0.3 13597 0
0.3 13598 5
0.3 13599 10
0.3 13600 21
0.3 13601 21
0.3 13602 32
0.3 13603 21
0.3 13604 21
0.3 13605 5
0.3 13606 10
0.3 13607 5
0.3 13608 5
0.3 13609 0
0.3 13610 5
0.3 13611 21
0.3 13612 27
0.3 13613 32
0.3 13614 37
0.3 13615 54
0.3 13616 59
0.3 13617 59
0.3 13618 70
0.3 13619 64
0.3 13620 54
0.3 13621 54
0.3 13622 70
0.3 13623 70
0.3 13624 86
0.3 13625 86
0.3 13626 91
0.3 13627 91
0.3 13628 81
0.3 13629 86
0.3 13630 91
0.3 13631 102
0.3 13632 102
0.3 13633 113
0.3 13634 124
0.3 13635 129
0.3 13636 129
0.3 13637 129
0.3 13638 135
0.3 13639 135
0.3 13640 54
0.3 13641 43
0.3 13642 48
0.3 13643 64
0.3 13644 75
0.3 13645 81
0.3 13646 86
0.3 13647 91
0.3 13648 91
0.3 13649 97
0.3 13650 108
0.3 13651 118
0.3 13652 124
0.3 13653 32
0.3 13654 0
0.3 13655 10
0.3 13656 5
0.3 13657 5
0.3 13658 0
0.3 13659 0
0.3 13660 0
0.3 13661 5
0.3 13662 0
0.3 13663 0
0.3 13664 0
0.3 13665 0
0.3 13666 0
0.3 13667 0
0.3 13668 0
0.3 13669 0
0.3 13670 0
0.3 13671 0
0.3 13672 5
0.3 13673 10
0.3 13674 10
0.3 13675 10
0.3 13676 16
0.3 13677 27
0.3 13678 37
0.3 13679 48
0.3 13680 59
0.3 13681 64
0.3 13682 70
0.3 13683 64
0.3 13684 64
0.3 13685 10
0.3 13686 10
0.3 13687 10
0.3 13688 16
0.3 13689 16
0.3 13690 16
0.3 13691 27
0.3 13692 43
0.3 13693 32
0.3 13694 32
0.3 13695 32
0.3 13696 37
0.3 13697 48
0.3 13698 59
0.3 13699 37
0.3 13700 32
0.3 13701 27
0.3 13702 16
0.3 13703 5
0.3 13704 10
0.3 13705 21
0.3 13706 27
0.3 13707 32
0.3 13708 21
0.3 13709 27
0.3 13710 27
0.3 13711 27
0.3 13712 27
0.3 13713 37
0.3 13714 27
0.3 13715 10
0.3 13716 0
0.3 13717 5
0.3 13718 10
0.3 13719 10
0.3 13720 16
0.3 13721 16
0.3 13722 16
0.3 13723 21
0.3 13724 27
0.3 13725 27
0.3 13726 43
0.3 13727 43
0.3 13728 43
0.3 13729 54
0.3 13730 59
0.3 13731 70
0.3 13732 81
0.3 13733 86
0.3 13734 86
0.3 13735 97
0.3 13736 113
0.3 13737 118
0.3 13738 118
0.3 13739 118
0.3 13740 118
0.3 13741 135
0.3 13742 124
0.3 13743 124
0.3 13744 135
0.3 13745 124
0.3 13746 124
0.3 13747 124
0.3 13748 124
0.3 13749 129
0.3 13750 135
0.3 13751 135
0.3 13752 135
0.3 13753 129
0.3 13754 135
0.3 13755 135
0.3 13756 135
0.3 13757 135
0.3 13758 135
0.3 13759 135
0.3 13760 118
0.3 13761 118
0.3 13762 113
0.3 13763 118
0.3 13764 118
0.3 13765 129
0.3 13766 64
0.3 13767 5
0.3 13768 0
0.3 13769 0
0.3 13770 5
0.3 13771 0
0.3 13772 10
0.3 13773 10
0.3 13774 0
0.3 13775 5
0.3 13776 0
0.3 13777 0
0.3 13778 0
0.3 13779 0
0.3 13780 0
0.3 13781 0
0.3 13782 0
0.3 13783 0
0.3 13784 0
0.3 13785 0
0.3 13786 5
0.3 13787 5
0.3 13788 0
0.3 13789 10
0.3 13790 0
0.3 13791 0
0.3 13792 10
0.3 13793 0
0.3 13794 5
0.3 13795 0
0.3 13796 0
0.3 13797 10
0.3 13798 0
0.3 13799 5
0.3 13800 0
0.3 13801 0
0.3 13802 0
0.3 13803 0
0.3 13804 0
0.3 13805 0
0.3 13806 10
0.3 13807 0
0.3 13808 0
0.3 13809 5
0.3 13810 27
0.3 13811 32
0.3 13812 43
0.3 13813 43
0.3 13814 27
0.3 13815 27
0.3 13816 32
0.3 13817 43
0.3 13818 59
0.3 13819 37
0.3 13820 43
0.3 13821 48
0.3 13822 54
0.3 13823 48
0.3 13824 48
0.3 13825 54
0.3 13826 54
0.3 13827 59
0.3 13828 70
0.3 13829 81
0.3 13830 86
0.3 13831 86
0.3 13832 91
0.3 13833 97
0.3 13834 108
0.3 13835 118
0.3 13836 129
0.3 13837 135
0.3 13838 135
0.3 13839 135
0.3 13840 129
0.3 13841 135
0.3 13842 135
0.3 13843 118
0.3 13844 124
0.3 13845 124
0.3 13846 124
0.3 13847 124
0.3 13848 129
0.3 13849 135
0.3 13850 135
0.3 13851 124
0.3 13852 129
0.3 13853 135
0.3 13854 124
0.3 13855 129
0.3 13856 135
0.3 13857 135
0.3 13858 124
0.3 13859 10
0.3 13860 5
0.3 13861 10
0.3 13862 10
0.3 13863 10
0.3 13864 16
0.3 13865 16
0.3 13866 21
0.3 13867 21
0.3 13868 37
0.3 13869 48
0.3 13870 16
0.3 13871 5
0.3 13872 5
0.3 13873 0
0.3 13874 0
0.3 13875 0
0.3 13876 10
0.3 13877 0
0.3 13878 0
0.3 13879 5
0.3 13880 5
0.3 13881 0
0.3 13882 10
0.3 13883 10
0.3 13884 10
0.3 13885 16
0.3 13886 27
0.3 13887 32
0.3 13888 32
0.3 13889 37
0.3 13890 43
0.3 13891 48
0.3 13892 48
0.3 13893 48
0.3 13894 48
0.3 13895 54
0.3 13896 70
0.3 13897 10
0.3 13898 5
0.3 13899 10
0.3 13900 0
0.3 13901 5
0.3 13902 16
0.3 13903 5
0.3 13904 10
0.3 13905 16
0.3 13906 27
0.3 13907 32
0.3 13908 43
0.3 13909 10
0.3 13910 0
0.3 13911 0
0.3 13912 0
0.3 13913 0
0.3 13914 0
0.3 13915 0
0.3 13916 0
0.3 13917 0
0.3 13918 0
0.3 13919 0
0.3 13920 5
0.3 13921 0
0.3 13922 0
0.3 13923 0
0.3 13924 0
0.3 13925 10
0.3 13926 10
0.3 13927 16
0.3 13928 5
0.3 13929 0
0.3 13930 0
0.3 13931 0
0.3 13932 0
0.3 13933 0
0.3 13934 5
0.3 13935 0
0.3 13936 0
0.3 13937 0
0.3 13938 5
0.3 13939 10
0.3 13940 27
0.3 13941 27
0.3 13942 16
0.3 13943 21
0.3 13944 27
0.3 13945 37
0.3 13946 37
0.3 13947 37
0.3 13948 43
0.3 13949 43
0.3 13950 32
0.3 13951 5
0.3 13952 5
0.3 13953 5
0.3 13954 5
0.3 13955 10
0.3 13956 10
0.3 13957 21
0.3 13958 21
0.3 13959 27
0.3 13960 27
0.3 13961 27
0.3 13962 32
0.3 13963 32
0.3 13964 37
0.3 13965 10
0.3 13966 0
0.3 13967 0
0.3 13968 0
0.3 13969 0
0.3 13970 0
0.3 13971 0
0.3 13972 5
0.3 13973 0
0.3 13974 0
0.3 13975 0
0.3 13976 0
0.3 13977 0
0.3 13978 0
0.3 13979 0
0.3 13980 0
0.3 13981 0
0.3 13982 5
0.3 13983 5
0.3 13984 0
0.3 13985 0
0.3 13986 0
0.3 13987 16
0.3 13988 5
0.3 13989 0
0.3 13990 0
0.3 13991 0
0.3 13992 10
0.3 13993 10
0.3 13994 16
0.3 13995 32
0.3 13996 37
0.3 13997 37
0.3 13998 5
0.3 13999 0
0.3 14000 0
0.3 14001 5
0.3 14002 0
0.3 14003 0
0.3 14004 0
0.3 14005 0
0.3 14006 0
0.3 14007 0
0.3 14008 5
0.3 14009 5
0.3 14010 5
0.3 14011 10
0.3 14012 16
0.3 14013 21
0.3 14014 0
0.3 14015 0
0.3 14016 0
0.3 14017 0
0.3 14018 5
0.3 14019 5
0.3 14020 5
0.3 14021 5
0.3 14022 10
0.3 14023 16
0.3 14024 16
0.3 14025 27
0.3 14026 27
0.3 14027 27
0.3 14028 27
0.3 14029 21
0.3 14030 16
0.3 14031 0
0.3 14032 0
0.3 14033 0
0.3 14034 5
0.3 14035 5
0.3 14036 10
0.3 14037 5
0.3 14038 10
0.3 14039 5
0.3 14040 5
0.3 14041 5
0.3 14042 5
0.3 14043 10
0.3 14044 10
0.3 14045 10
0.3 14046 27
0.3 14047 32
0.3 14048 5
0.3 14049 5
0.3 14050 10
0.3 14051 21
0.3 14052 10
0.3 14053 21
0.3 14054 27
0.3 14055 27
0.3 14056 21
0.3 14057 0
0.3 14058 0
0.3 14059 5
0.3 14060 5
0.3 14061 0
0.3 14062 0
0.3 14063 0
0.3 14064 0
0.3 14065 0
0.3 14066 0
0.3 14067 0
0.3 14068 5
0.3 14069 0
0.3 14070 0
0.3 14071 5
0.3 14072 10
0.3 14073 0
0.3 14074 5
0.3 14075 0
0.3 14076 0
0.3 14077 0
0.3 14078 0
0.3 14079 5
0.3 14080 0
0.3 14081 0
0.3 14082 5
0.3 14083 0
0.3 14084 0
0.3 14085 0
0.3 14086 5
0.3 14087 0
0.3 14088 0
0.3 14089 0
0.3 14090 10
0.3 14091 0
0.3 14092 0
0.3 14093 0
0.3 14094 0
0.3 14095 10
0.3 14096 10
0.3 14097 16
0.3 14098 10
0.3 14099 10
0.3 14100 0
0.3 14101 5
0.3 14102 5
0.3 14103 5
0.3 14104 16
0.3 14105 16
0.3 14106 5
0.3 14107 0
0.3 14108 0
0.3 14109 0
0.3 14110 10
0.3 14111 10
0.3 14112 10
0.3 14113 10
0.3 14114 27
0.3 14115 16
0.3 14116 27
0.3 14117 21
0.3 14118 21
0.3 14119 21
0.3 14120 27
0.3 14121 27
0.3 14122 16
0.3 14123 0
0.3 14124 0
0.3 14125 0
0.3 14126 0
0.3 14127 5
0.3 14128 0
0.3 14129 0
0.3 14130 0
0.3 14131 0
0.3 14132 0
0.3 14133 0
0.3 14134 5
0.3 14135 5
0.3 14136 5
0.3 14137 0
0.3 14138 0
0.3 14139 10
0.3 14140 5
0.3 14141 0
0.3 14142 0
0.3 14143 0
0.3 14144 0
0.3 14145 5
0.3 14146 0
0.3 14147 10
0.3 14148 5
0.3 14149 0
0.3 14150 0
0.3 14151 0
0.3 14152 0
0.3 14153 0
0.3 14154 0
0.3 14155 5
0.3 14156 16
0.3 14157 0
0.3 14158 0
0.3 14159 0
0.3 14160 0
0.3 14161 5
0.3 14162 10
0.3 14163 10
0.3 14164 21
0.3 14165 21
0.3 14166 27
0.3 14167 0
0.3 14168 0
0.3 14169 10
0.3 14170 0
0.3 14171 0
0.3 14172 0
0.3 14173 0
0.3 14174 0
0.3 14175 0
0.3 14176 5
0.3 14177 0
0.3 14178 0
0.3 14179 0
0.3 14180 16
0.3 14181 27
0.3 14182 5
0.3 14183 10
0.3 14184 0
0.3 14185 0
0.3 14186 0
0.3 14187 5
0.3 14188 5
0.3 14189 10
0.3 14190 16
0.3 14191 16
0.3 14192 27
0.3 14193 27
0.3 14194 37
0.3 14195 54
0.3 14196 59
0.3 14197 59
0.3 14198 64
0.3 14199 75
0.3 14200 81
0.3 14201 81
0.3 14202 81
0.3 14203 86
0.3 14204 102
0.3 14205 102
0.3 14206 102
0.3 14207 86
0.3 14208 5
0.3 14209 0
0.3 14210 0
0.3 14211 0
0.3 14212 5
0.3 14213 0
0.3 14214 5
0.3 14215 0
0.3 14216 0
0.3 14217 0
0.3 14218 5
0.3 14219 5
0.3 14220 10
0.3 14221 16
0.3 14222 16
0.3 14223 16
0.3 14224 16
0.3 14225 16
0.3 14226 21
0.3 14227 5
0.3 14228 0
0.3 14229 0
0.3 14230 0
0.3 14231 0
0.3 14232 5
0.3 14233 0
0.3 14234 5
0.3 14235 16
0.3 14236 32
0.3 14237 27
0.3 14238 0
0.3 14239 0
0.3 14240 0
0.3 14241 0
0.3 14242 10
0.3 14243 5
0.3 14244 5
0.3 14245 0
0.3 14246 0
0.3 14247 0
0.3 14248 0
0.3 14249 0
0.3 14250 0
0.3 14251 0
0.3 14252 0
0.3 14253 5
0.3 14254 0
0.3 14255 5
0.3 14256 0
0.3 14257 0
0.3 14258 0
0.3 14259 10
0.3 14260 10
0.3 14261 5
0.3 14262 0
0.3 14263 0
0.3 14264 5
0.3 14265 5
0.3 14266 0
0.3 14267 0
0.3 14268 10
0.3 14269 21
0.3 14270 27
0.3 14271 27
0.3 14272 21
0.3 14273 32
0.3 14274 43
0.3 14275 16
0.3 14276 5
0.3 14277 0
0.3 14278 0
0.3 14279 0
0.3 14280 0
0.3 14281 5
0.3 14282 0
0.3 14283 0
0.3 14284 0
0.3 14285 5
0.3 14286 0
0.3 14287 0
0.3 14288 5
0.3 14289 16
0.3 14290 0
0.3 14291 0
0.3 14292 0
0.3 14293 0
0.3 14294 0
0.3 14295 5
0.3 14296 21
0.3 14297 27
0.3 14298 37
0.3 14299 37
0.3 14300 48
0.3 14301 48
0.3 14302 48
0.3 14303 59
0.3 14304 59
0.3 14305 59
0.3 14306 70
0.3 14307 70
0.3 14308 75
0.3 14309 86
0.3 14310 91
0.3 14311 102
0.3 14312 113
0.3 14313 113
0.3 14314 113
0.3 14315 124
0.3 14316 135
0.3 14317 135
0.3 14318 135
0.3 14319 135
0.3 14320 135
0.3 14321 135
0.3 14322 135
0.3 14323 135
0.3 14324 135
0.3 14325 118
0.3 14326 70
0.3 14327 0
0.3 14328 0
0.3 14329 0
0.3 14330 5
0.3 14331 0
0.3 14332 5
0.3 14333 0
0.3 14334 0
0.3 14335 5
0.3 14336 5
0.3 14337 5
0.3 14338 10
0.3 14339 16
0.3 14340 27
0.3 14341 27
0.3 14342 37
0.3 14343 16
0.3 14344 5
0.3 14345 5
0.3 14346 5
0.3 14347 0
0.3 14348 0
0.3 14349 0
0.3 14350 5
0.3 14351 16
0.3 14352 16
0.3 14353 16
0.3 14354 16
0.3 14355 16
0.3 14356 27
0.3 14357 37
0.3 14358 37
0.3 14359 37
0.3 14360 48
0.3 14361 54
0.3 14362 64
0.3 14363 70
0.3 14364 0
0.3 14365 5
0.3 14366 5
0.3 14367 10
0.3 14368 0
0.3 14369 0
0.3 14370 0
0.3 14371 0
0.3 14372 0
0.3 14373 0
0.3 14374 0
0.3 14375 0
0.3 14376 0
0.3 14377 0
0.3 14378 0
0.3 14379 10
0.3 14380 10
0.3 14381 16
0.3 14382 16
0.3 14383 16
0.3 14384 21
0.3 14385 21
0.3 14386 32
0.3 14387 37
0.3 14388 27
0.3 14389 27
0.3 14390 27
0.3 14391 37
0.3 14392 48
0.3 14393 27
0.3 14394 27
0.3 14395 43
0.3 14396 43
0.3 14397 0
0.3 14398 0
0.3 14399 0
0.3 14400 0
0.3 14401 0
0.3 14402 5
0.3 14403 5
0.3 14404 10
0.3 14405 10
0.3 14406 27
0.3 14407 37
0.3 14408 37
0.3 14409 5
0.3 14410 5
0.3 14411 10
0.3 14412 21
0.3 14413 32
0.3 14414 21
0.3 14415 21
0.3 14416 27
0.3 14417 5
0.3 14418 5
0.3 14419 16
0.3 14420 5
0.3 14421 16
0.3 14422 16
0.3 14423 16
0.3 14424 16
0.3 14425 16
0.3 14426 32
0.3 14427 43
0.3 14428 43
0.3 14429 43
0.3 14430 43
0.3 14431 37
0.3 14432 37
0.3 14433 21
0.3 14434 21
0.3 14435 21
0.3 14436 21
0.3 14437 37
0.3 14438 43
0.3 14439 48
0.3 14440 48
0.3 14441 48
0.3 14442 48
0.3 14443 59
0.3 14444 70
0.3 14445 81
0.3 14446 91
0.3 14447 91
0.3 14448 108
0.3 14449 108
0.3 14450 108
0.3 14451 108
0.3 14452 118
0.3 14453 118
0.3 14454 124
0.3 14455 124
0.3 14456 124
0.3 14457 135
0.3 14458 135
0.3 14459 129
0.3 14460 135
0.3 14461 108
0.3 14462 5
0.3 14463 0
0.3 14464 5
0.3 14465 5
0.3 14466 0
0.3 14467 0
0.3 14468 5
0.3 14469 10
0.3 14470 10
0.3 14471 21
0.3 14472 32
0.3 14473 16
0.3 14474 5
0.3 14475 21
0.3 14476 27
0.3 14477 5
0.3 14478 0
0.3 14479 0
0.3 14480 5
0.3 14481 10
0.3 14482 10
0.3 14483 5
0.3 14484 0
0.3 14485 0
0.3 14486 0
0.3 14487 0
0.3 14488 10
0.3 14489 10
0.3 14490 5
0.3 14491 10
0.3 14492 16
0.3 14493 27
0.3 14494 21
0.3 14495 0
0.3 14496 0
0.3 14497 10
0.3 14498 5
0.3 14499 5
0.3 14500 10
0.3 14501 5
0.3 14502 5
0.3 14503 5
0.3 14504 0
0.3 14505 5
0.3 14506 0
0.3 14507 0
0.3 14508 5
0.3 14509 16
0.3 14510 21
0.3 14511 16
0.3 14512 16
0.3 14513 16
0.3 14514 27
0.3 14515 16
0.3 14516 27
0.3 14517 21
0.3 14518 10
0.3 14519 5
0.3 14520 0
0.3 14521 5
0.3 14522 10
0.3 14523 10
0.3 14524 10
0.3 14525 10
0.3 14526 21
0.3 14527 21
0.3 14528 27
0.3 14529 43
0.3 14530 48
0.3 14531 27
0.3 14532 10
0.3 14533 0
0.3 14534 0
0.3 14535 0
0.3 14536 0
0.3 14537 0
0.3 14538 0
0.3 14539 0
0.3 14540 5
0.3 14541 5
0.3 14542 5
0.3 14543 0
0.3 14544 0
0.3 14545 0
0.3 14546 0
0.3 14547 5
0.3 14548 10
0.3 14549 10
0.3 14550 5
0.3 14551 0
0.3 14552 0
0.3 14553 0
0.3 14554 0
0.3 14555 5
0.3 14556 21
0.3 14557 32
0.3 14558 32
0.3 14559 37
0.3 14560 27
0.3 14561 0
0.3 14562 0
0.3 14563 0
0.3 14564 5
0.3 14565 10
0.3 14566 16
0.3 14567 16
0.3 14568 27
0.3 14569 32
0.3 14570 32
0.3 14571 16
0.3 14572 10
0.3 14573 10
0.3 14574 10
0.3 14575 16
0.3 14576 32
0.3 14577 37
0.3 14578 21
0.3 14579 21
0.3 14580 32
0.3 14581 16
0.3 14582 21
0.3 14583 21
0.3 14584 27
0.3 14585 37
0.3 14586 43
0.3 14587 43
0.3 14588 43
0.3 14589 43
0.3 14590 54
0.3 14591 54
0.3 14592 54
0.3 14593 64
0.3 14594 70
0.3 14595 81
0.3 14596 91
0.3 14597 97
0.3 14598 108
0.3 14599 108
0.3 14600 108
0.3 14601 59
0.3 14602 0
0.3 14603 0
0.3 14604 10
0.3 14605 10
0.3 14606 16
0.3 14607 21
0.3 14608 32
0.3 14609 37
0.3 14610 37
0.3 14611 48
0.3 14612 59
0.3 14613 54
0.3 14614 54
0.3 14615 70
0.3 14616 70
0.3 14617 75
0.3 14618 75
0.3 14619 75
0.3 14620 81
0.3 14621 37
0.3 14622 16
0.3 14623 0
0.3 14624 0
0.3 14625 0
0.3 14626 0
0.3 14627 10
0.3 14628 10
0.3 14629 5
0.3 14630 10
0.3 14631 32
0.3 14632 16
0.3 14633 10
0.3 14634 0
0.3 14635 0
0.3 14636 0
0.3 14637 0
0.3 14638 0
0.3 14639 0
0.3 14640 0
0.3 14641 0
0.3 14642 0
0.3 14643 0
0.3 14644 0
0.3 14645 0
0.3 14646 0
0.3 14647 10
0.3 14648 0
0.3 14649 10
0.3 14650 10
0.3 14651 10
0.3 14652 10
0.3 14653 10
0.3 14654 16
0.3 14655 16
0.3 14656 27
0.3 14657 27
0.3 14658 27
0.3 14659 37
0.3 14660 48
0.3 14661 59
0.3 14662 70
0.3 14663 75
0.3 14664 10
0.3 14665 10
0.3 14666 0
0.3 14667 5
0.3 14668 5
0.3 14669 0
0.3 14670 0
0.3 14671 10
0.3 14672 21
0.3 14673 27
0.3 14674 43
0.3 14675 43
0.3 14676 54
0.3 14677 59
0.3 14678 64
0.3 14679 32
0.3 14680 21
0.3 14681 0
0.3 14682 0
0.3 14683 0
0.3 14684 0
0.3 14685 0
0.3 14686 5
0.3 14687 0
0.3 14688 0
0.3 14689 0
0.3 14690 5
0.3 14691 0
0.3 14692 5
0.3 14693 0
0.3 14694 0
0.3 14695 10
0.3 14696 5
0.3 14697 16
0.3 14698 10
0.3 14699 16
0.3 14700 21
0.3 14701 27
0.3 14702 27
0.3 14703 27
0.3 14704 27
0.3 14705 27
0.3 14706 27
0.3 14707 37
0.3 14708 48
0.3 14709 54
0.3 14710 59
0.3 14711 59
0.3 14712 59
0.3 14713 59
0.3 14714 64
0.3 14715 70
0.3 14716 64
0.3 14717 0
0.3 14718 10
0.3 14719 0
0.3 14720 10
0.3 14721 16
0.3 14722 5
0.3 14723 5
0.3 14724 21
0.3 14725 5
0.3 14726 0
0.3 14727 0
0.3 14728 0
0.3 14729 0
0.3 14730 5
0.3 14731 0
0.3 14732 0
0.3 14733 0
0.3 14734 0
0.3 14735 5
0.3 14736 10
0.3 14737 0
0.3 14738 0
0.3 14739 5
0.3 14740 0
0.3 14741 5
0.3 14742 0
0.3 14743 0
0.3 14744 0
0.3 14745 0
0.3 14746 10
0.3 14747 10
0.3 14748 5
0.3 14749 10
0.3 14750 16
0.3 14751 10
0.3 14752 0
0.3 14753 5
0.3 14754 5
0.3 14755 0
0.3 14756 0
0.3 14757 5
0.3 14758 10
0.3 14759 10
0.3 14760 21
0.3 14761 21
0.3 14762 27
0.3 14763 32
0.3 14764 32
0.3 14765 32
0.3 14766 37
0.3 14767 43
0.3 14768 54
0.3 14769 64
0.3 14770 64
0.3 14771 64
0.3 14772 64
0.3 14773 64
0.3 14774 75
0.3 14775 81
0.3 14776 81
0.3 14777 81
0.3 14778 81
0.3 14779 81
0.3 14780 86
0.3 14781 97
0.3 14782 108
0.3 14783 113
0.3 14784 37
0.3 14785 10
0.3 14786 0
0.3 14787 5
0.3 14788 5
0.3 14789 10
0.3 14790 0
0.3 14791 10
0.3 14792 10
0.3 14793 10
0.3 14794 10
0.3 14795 10
0.3 14796 16
0.3 14797 16
0.3 14798 16
0.3 14799 27
0.3 14800 37
0.3 14801 37
0.3 14802 0
0.3 14803 0
0.3 14804 0
0.3 14805 0
0.3 14806 0
0.3 14807 0
0.3 14808 10
0.3 14809 21
0.3 14810 32
0.3 14811 37
0.3 14812 37
0.3 14813 48
0.3 14814 59
0.3 14815 64
0.3 14816 70
0.3 14817 75
0.3 14818 75
0.3 14819 81
0.3 14820 86
0.3 14821 97
0.3 14822 108
0.3 14823 108
0.3 14824 124
0.3 14825 118
0.3 14826 124
0.3 14827 124
0.3 14828 135
0.3 14829 59
0.3 14830 0
0.3 14831 0
0.3 14832 5
0.3 14833 5
0.3 14834 10
0.3 14835 10
0.3 14836 0
0.3 14837 0
0.3 14838 0
0.3 14839 0
0.3 14840 0
0.3 14841 5
0.3 14842 10
0.3 14843 10
0.3 14844 10
0.3 14845 16
0.3 14846 10
0.3 14847 27
0.3 14848 21
0.3 14849 27
0.3 14850 27
0.3 14851 32
0.3 14852 32
0.3 14853 32
0.3 14854 37
0.3 14855 16
0.3 14856 10
0.3 14857 10
0.3 14858 10
0.3 14859 16
0.3 14860 32
0.3 14861 43
0.3 14862 54
0.3 14863 54
0.3 14864 54
0.3 14865 59
0.3 14866 75
0.3 14867 75
0.3 14868 75
0.3 14869 75
0.3 14870 75
0.3 14871 81
0.3 14872 86
0.3 14873 91
0.3 14874 97
0.3 14875 102
0.3 14876 108
0.3 14877 118
0.3 14878 124
0.3 14879 135
0.3 14880 135
0.3 14881 124
0.3 14882 124
0.3 14883 124
0.3 14884 129
0.3 14885 129
0.3 14886 43
0.3 14887 10
0.3 14888 5
0.3 14889 0
0.3 14890 5
0.3 14891 5
0.3 14892 0
0.3 14893 0
0.3 14894 0
0.3 14895 0
0.3 14896 0
0.3 14897 0
0.3 14898 10
0.3 14899 27
0.3 14900 27
0.3 14901 32
0.3 14902 10
0.3 14903 10
0.3 14904 16
0.3 14905 5
0.3 14906 16
0.3 14907 21
0.3 14908 27
0.3 14909 10
0.3 14910 0
0.3 14911 5
0.3 14912 16
0.3 14913 16
0.3 14914 16
0.3 14915 5
0.3 14916 10
0.3 14917 0
0.3 14918 10
0.3 14919 0
0.3 14920 5
0.3 14921 16
0.3 14922 16
0.3 14923 16
0.3 14924 21
0.3 14925 0
0.3 14926 0
0.3 14927 0
0.3 14928 0
0.3 14929 10
0.3 14930 16
0.3 14931 0
0.3 14932 5
0.3 14933 5
0.3 14934 10
0.3 14935 0
0.3 14936 10
0.3 14937 21
0.3 14938 21
0.3 14939 27
0.3 14940 0
0.3 14941 10
0.3 14942 0
0.3 14943 0
0.3 14944 0
0.3 14945 0
0.3 14946 5
0.3 14947 10
0.3 14948 16
0.3 14949 21
0.3 14950 21
0.3 14951 21
0.3 14952 10
0.3 14953 10
0.3 14954 0
0.3 14955 0
0.3 14956 0
0.3 14957 10
0.3 14958 5
0.3 14959 0
0.3 14960 5
0.3 14961 5
0.3 14962 5
0.3 14963 21
0.3 14964 21
0.3 14965 5
0.3 14966 5
0.3 14967 10
0.3 14968 10
0.3 14969 5
0.3 14970 5
0.3 14971 16
0.3 14972 21
0.3 14973 16
0.3 14974 5
0.3 14975 5
0.3 14976 0
0.3 14977 0
0.3 14978 0
0.3 14979 0
0.3 14980 0
0.3 14981 5
0.3 14982 10
0.3 14983 5
0.3 14984 0
0.3 14985 0
0.3 14986 0
0.3 14987 0
0.3 14988 10
0.3 14989 16
0.3 14990 21
0.3 14991 16
0.3 14992 16
0.3 14993 27
0.3 14994 32
0.3 14995 43
0.3 14996 43
0.3 14997 48
0.3 14998 0
0.3 14999 16
