0.1 10001 118
0.1 10002 129
0.1 10003 124
0.1 10004 135
0.1 10005 135
0.1 10006 135
0.1 10007 135
0.1 10008 135
0.1 10009 135
0.1 10010 135
0.1 10011 135
0.1 10012 135
0.1 10013 135
0.1 10014 129
0.1 10015 135
0.1 10016 135
0.1 10017 135
0.1 10018 135
0.1 10019 135
0.1 10020 135
0.1 10021 135
0.1 10022 135
0.1 10023 135
0.1 10024 135
0.1 10025 135
0.1 10026 124
0.1 10027 129
0.1 10028 135
0.1 10029 124
0.1 10030 135
0.1 10031 135
0.1 10032 135
0.1 10033 135
0.1 10034 124
0.1 10035 135
0.1 10036 135
0.1 10037 135
0.1 10038 135
0.1 10039 135
0.1 10040 135
0.1 10041 135
0.1 10042 135
0.1 10043 135
0.1 10044 135
0.1 10045 135
0.1 10046 135
0.1 10047 135
0.1 10048 135
0.1 10049 135
0.1 10050 118
0.1 10051 118
0.1 10052 129
0.1 10053 135
0.1 10054 135
0.1 10055 129
0.1 10056 129
0.1 10057 129
0.1 10058 129
0.1 10059 135
0.1 10060 135
0.1 10061 135
0.1 10062 124
0.1 10063 124
0.1 10064 135
0.1 10065 124
0.1 10066 124
0.1 10067 124
0.1 10068 135
0.1 10069 135
0.1 10070 135
0.1 10071 135
0.1 10072 135
0.1 10073 135
0.1 10074 118
0.1 10075 124
0.1 10076 135
0.1 10077 135
0.1 10078 135
0.1 10079 135
0.1 10080 135
0.1 10081 135
0.1 10082 135
0.1 10083 135
0.1 10084 135
0.1 10085 135
0.1 10086 118
0.1 10087 129
0.1 10088 135
0.1 10089 135
0.1 10090 135
0.1 10091 135
0.1 10092 135
0.1 10093 135
0.1 10094 118
0.1 10095 118
0.1 10096 124
0.1 10097 135
0.1 10098 135
0.1 10099 135
0.1 10100 135
0.1 10101 135
0.1 10102 135
0.1 10103 135
0.1 10104 135
0.1 10105 135
0.1 10106 129
0.1 10107 135
0.1 10108 135
0.1 10109 135
0.1 10110 135
0.1 10111 135
0.1 10112 135
0.1 10113 135
0.1 10114 129
0.1 10115 135
0.1 10116 135
0.1 10117 124
0.1 10118 124
0.1 10119 124
0.1 10120 135
0.1 10121 129
0.1 10122 135
0.1 10123 135
0.1 10124 135
0.1 10125 135
0.1 10126 135
0.1 10127 135
0.1 10128 124
0.1 10129 124
0.1 10130 135
0.1 10131 129
0.1 10132 129
0.1 10133 135
0.1 10134 135
0.1 10135 135
0.1 10136 135
0.1 10137 135
0.1 10138 129
0.1 10139 129
0.1 10140 135
0.1 10141 129
0.1 10142 129
0.1 10143 129
0.1 10144 135
0.1 10145 129
0.1 10146 135
0.1 10147 135
0.1 10148 135
0.1 10149 135
0.1 10150 135
0.1 10151 129
0.1 10152 129
0.1 10153 135
0.1 10154 135
0.1 10155 135
0.1 10156 135
0.1 10157 135
0.1 10158 135
0.1 10159 135
0.1 10160 135
0.1 10161 118
0.1 10162 124
0.1 10163 129
0.1 10164 129
0.1 10165 135
0.1 10166 135
0.1 10167 135
0.1 10168 135
0.1 10169 135
0.1 10170 135
0.1 10171 135
0.1 10172 135
0.1 10173 135
0.1 10174 135
0.1 10175 135
0.1 10176 135
0.1 10177 129
0.1 10178 135
0.1 10179 135
0.1 10180 124
0.1 10181 135
0.1 10182 135
0.1 10183 118
0.1 10184 118
0.1 10185 118
0.1 10186 124
0.1 10187 129
0.1 10188 129
0.1 10189 135
0.1 10190 124
0.1 10191 113
0.1 10192 124
0.1 10193 129
0.1 10194 129
0.1 10195 135
0.1 10196 118
0.1 10197 135
0.1 10198 118
0.1 10199 118
0.1 10200 118
0.1 10201 118
0.1 10202 124
0.1 10203 124
0.1 10204 124
0.1 10205 124
0.1 10206 135
0.1 10207 135
0.1 10208 135
0.1 10209 135
0.1 10210 135
0.1 10211 129
0.1 10212 124
0.1 10213 124
0.1 10214 135
0.1 10215 135
0.1 10216 135
0.1 10217 135
0.1 10218 124
0.1 10219 135
0.1 10220 124
0.1 10221 124
0.1 10222 135
0.1 10223 135
0.1 10224 129
0.1 10225 129
0.1 10226 135
0.1 10227 135
0.1 10228 135
0.1 10229 135
0.1 10230 135
0.1 10231 135
0.1 10232 124
0.1 10233 129
0.1 10234 135
0.1 10235 135
0.1 10236 135
0.1 10237 135
0.1 10238 135
0.1 10239 135
0.1 10240 135
0.1 10241 135
0.1 10242 124
0.1 10243 135
0.1 10244 124
0.1 10245 124
0.1 10246 135
0.1 10247 135
0.1 10248 135
0.1 10249 129
0.1 10250 129
0.1 10251 135
0.1 10252 135
0.1 10253 129
0.1 10254 135
0.1 10255 124
0.1 10256 124
0.1 10257 124
0.1 10258 124
0.1 10259 124
0.1 10260 135
0.1 10261 135
0.1 10262 135
0.1 10263 135
0.1 10264 135
0.1 10265 27
0.1 10266 0
0.1 10267 10
0.1 10268 0
0.1 10269 0
0.1 10270 10
0.1 10271 0
0.1 10272 0
0.1 10273 0
0.1 10274 5
0.1 10275 5
0.1 10276 16
0.1 10277 27
0.1 10278 32
0.1 10279 32
0.1 10280 5
0.1 10281 16
0.1 10282 27
0.1 10283 37
0.1 10284 43
0.1 10285 0
0.1 10286 0
0.1 10287 5
0.1 10288 10
0.1 10289 10
0.1 10290 10
0.1 10291 10
0.1 10292 10
0.1 10293 10
0.1 10294 10
0.1 10295 21
0.1 10296 27
0.1 10297 27
0.1 10298 27
0.1 10299 27
0.1 10300 21
0.1 10301 32
0.1 10302 32
0.1 10303 37
0.1 10304 48
0.1 10305 54
0.1 10306 54
0.1 10307 64
0.1 10308 64
0.1 10309 70
0.1 10310 75
0.1 10311 75
0.1 10312 75
0.1 10313 81
0.1 10314 91
0.1 10315 91
0.1 10316 97
0.1 10317 108
0.1 10318 118
0.1 10319 124
0.1 10320 124
0.1 10321 129
0.1 10322 124
0.1 10323 135
0.1 10324 135
0.1 10325 135
0.1 10326 135
0.1 10327 129
0.1 10328 135
0.1 10329 135
0.1 10330 129
0.1 10331 135
0.1 10332 135
0.1 10333 124
0.1 10334 135
0.1 10335 21
0.1 10336 10
0.1 10337 5
0.1 10338 10
0.1 10339 0
0.1 10340 5
0.1 10341 0
0.1 10342 0
0.1 10343 0
0.1 10344 0
0.1 10345 10
0.1 10346 16
0.1 10347 5
0.1 10348 16
0.1 10349 21
0.1 10350 21
0.1 10351 21
0.1 10352 21
0.1 10353 0
0.1 10354 5
0.1 10355 5
0.1 10356 0
0.1 10357 0
0.1 10358 0
0.1 10359 0
0.1 10360 10
0.1 10361 0
0.1 10362 0
0.1 10363 5
0.1 10364 10
0.1 10365 0
0.1 10366 0
0.1 10367 5
0.1 10368 5
0.1 10369 5
0.1 10370 5
0.1 10371 16
0.1 10372 32
0.1 10373 43
0.1 10374 48
0.1 10375 48
0.1 10376 48
0.1 10377 48
0.1 10378 54
0.1 10379 59
0.1 10380 59
0.1 10381 59
0.1 10382 59
0.1 10383 64
0.1 10384 70
0.1 10385 70
0.1 10386 70
0.1 10387 81
0.1 10388 81
0.1 10389 91
0.1 10390 97
0.1 10391 108
0.1 10392 124
0.1 10393 102
0.1 10394 108
0.1 10395 108
0.1 10396 124
0.1 10397 124
0.1 10398 97
0.1 10399 102
0.1 10400 108
0.1 10401 108
0.1 10402 124
0.1 10403 129
0.1 10404 135
0.1 10405 135
0.1 10406 135
0.1 10407 135
0.1 10408 129
0.1 10409 0
0.1 10410 0
0.1 10411 5
0.1 10412 0
0.1 10413 0
0.1 10414 0
0.1 10415 5
0.1 10416 21
0.1 10417 27
0.1 10418 37
0.1 10419 37
0.1 10420 5
0.1 10421 0
0.1 10422 10
0.1 10423 16
0.1 10424 16
0.1 10425 16
0.1 10426 10
0.1 10427 10
0.1 10428 16
0.1 10429 27
0.1 10430 27
0.1 10431 27
0.1 10432 27
0.1 10433 43
0.1 10434 54
0.1 10435 59
0.1 10436 43
0.1 10437 54
0.1 10438 54
0.1 10439 59
0.1 10440 59
0.1 10441 64
0.1 10442 64
0.1 10443 64
0.1 10444 75
0.1 10445 75
0.1 10446 81
0.1 10447 86
0.1 10448 102
0.1 10449 113
0.1 10450 113
0.1 10451 124
0.1 10452 118
0.1 10453 118
0.1 10454 118
0.1 10455 118
0.1 10456 118
0.1 10457 124
0.1 10458 124
0.1 10459 135
0.1 10460 135
0.1 10461 124
0.1 10462 129
0.1 10463 135
0.1 10464 135
0.1 10465 135
0.1 10466 135
0.1 10467 135
0.1 10468 135
0.1 10469 135
0.1 10470 135
0.1 10471 135
0.1 10472 135
0.1 10473 129
0.1 10474 135
0.1 10475 135
0.1 10476 135
0.1 10477 135
0.1 10478 135
0.1 10479 135
0.1 10480 135
0.1 10481 135
0.1 10482 129
0.1 10483 135
0.1 10484 129
0.1 10485 135
0.1 10486 135
0.1 10487 124
0.1 10488 135
0.1 10489 135
0.1 10490 135
0.1 10491 135
0.1 10492 135
0.1 10493 135
0.1 10494 135
0.1 10495 129
0.1 10496 135
0.1 10497 129
0.1 10498 124
0.1 10499 124
0.1 10500 135
0.1 10501 129
0.1 10502 135
0.1 10503 129
0.1 10504 124
0.1 10505 135
0.1 10506 135
0.1 10507 135
0.1 10508 135
0.1 10509 135
0.1 10510 135
0.1 10511 124
0.1 10512 124
0.1 10513 135
0.1 10514 129
0.1 10515 124
0.1 10516 135
0.1 10517 135
0.1 10518 129
0.1 10519 129
0.1 10520 118
0.1 10521 124
0.1 10522 135
0.1 10523 135
0.1 10524 135
0.1 10525 129
0.1 10526 129
0.1 10527 135
0.1 10528 135
0.1 10529 135
0.1 10530 135
0.1 10531 135
0.1 10532 135
0.1 10533 124
0.1 10534 135
0.1 10535 135
0.1 10536 124
0.1 10537 135
0.1 10538 124
0.1 10539 135
0.1 10540 135
0.1 10541 135
0.1 10542 124
0.1 10543 135
0.1 10544 135
0.1 10545 118
0.1 10546 124
0.1 10547 124
0.1 10548 124
0.1 10549 135
0.1 10550 135
0.1 10551 124
0.1 10552 118
0.1 10553 118
0.1 10554 118
0.1 10555 124
0.1 10556 124
0.1 10557 135
0.1 10558 135
0.1 10559 129
0.1 10560 129
0.1 10561 135
0.1 10562 135
0.1 10563 135
0.1 10564 135
0.1 10565 135
0.1 10566 135
0.1 10567 135
0.1 10568 135
0.1 10569 118
0.1 10570 118
0.1 10571 118
0.1 10572 118
0.1 10573 129
0.1 10574 129
0.1 10575 135
0.1 10576 135
0.1 10577 135
0.1 10578 135
0.1 10579 118
0.1 10580 118
0.1 10581 124
0.1 10582 135
0.1 10583 135
0.1 10584 129
0.1 10585 135
0.1 10586 135
0.1 10587 135
0.1 10588 135
0.1 10589 135
0.1 10590 135
0.1 10591 135
0.1 10592 129
0.1 10593 129
0.1 10594 129
0.1 10595 135
0.1 10596 124
0.1 10597 129
0.1 10598 135
0.1 10599 135
0.1 10600 124
0.1 10601 129
0.1 10602 124
0.1 10603 129
0.1 10604 135
0.1 10605 135
0.1 10606 135
0.1 10607 135
0.1 10608 135
0.1 10609 135
0.1 10610 135
0.1 10611 129
0.1 10612 129
0.1 10613 129
0.1 10614 135
0.1 10615 135
0.1 10616 135
0.1 10617 135
0.1 10618 135
0.1 10619 135
0.1 10620 129
0.1 10621 135
0.1 10622 135
0.1 10623 135
0.1 10624 129
0.1 10625 129
0.1 10626 129
0.1 10627 129
0.1 10628 129
0.1 10629 135
0.1 10630 135
0.1 10631 135
0.1 10632 135
0.1 10633 135
0.1 10634 135
0.1 10635 135
0.1 10636 135
0.1 10637 135
0.1 10638 135
0.1 10639 135
0.1 10640 124
0.1 10641 124
0.1 10642 124
0.1 10643 129
0.1 10644 135
0.1 10645 135
0.1 10646 135
0.1 10647 135
0.1 10648 129
0.1 10649 135
0.1 10650 124
0.1 10651 129
0.1 10652 135
0.1 10653 135
0.1 10654 135
0.1 10655 124
0.1 10656 129
0.1 10657 135
0.1 10658 135
0.1 10659 129
0.1 10660 124
0.1 10661 124
0.1 10662 124
0.1 10663 124
0.1 10664 135
0.1 10665 135
0.1 10666 124
0.1 10667 129
0.1 10668 124
0.1 10669 124
0.1 10670 124
0.1 10671 124
0.1 10672 129
0.1 10673 135
0.1 10674 124
0.1 10675 129
0.1 10676 135
0.1 10677 135
0.1 10678 135
0.1 10679 135
0.1 10680 118
0.1 10681 129
0.1 10682 135
0.1 10683 135
0.1 10684 124
0.1 10685 129
0.1 10686 135
0.1 10687 135
0.1 10688 135
0.1 10689 135
0.1 10690 135
0.1 10691 129
0.1 10692 129
0.1 10693 135
0.1 10694 135
0.1 10695 135
0.1 10696 129
0.1 10697 135
0.1 10698 135
0.1 10699 129
0.1 10700 135
0.1 10701 135
0.1 10702 135
0.1 10703 135
0.1 10704 135
0.1 10705 135
0.1 10706 129
0.1 10707 135
0.1 10708 135
0.1 10709 135
0.1 10710 135
0.1 10711 135
0.1 10712 124
0.1 10713 124
0.1 10714 135
0.1 10715 135
0.1 10716 135
0.1 10717 135
0.1 10718 135
0.1 10719 129
0.1 10720 135
0.1 10721 135
0.1 10722 135
0.1 10723 124
0.1 10724 124
0.1 10725 118
0.1 10726 118
0.1 10727 118
0.1 10728 118
0.1 10729 129
0.1 10730 135
0.1 10731 135
0.1 10732 135
0.1 10733 135
0.1 10734 135
0.1 10735 135
0.1 10736 124
0.1 10737 129
0.1 10738 135
0.1 10739 135
0.1 10740 135
0.1 10741 135
0.1 10742 124
0.1 10743 129
0.1 10744 118
0.1 10745 129
0.1 10746 129
0.1 10747 135
0.1 10748 135
0.1 10749 129
0.1 10750 124
0.1 10751 124
0.1 10752 135
0.1 10753 135
0.1 10754 124
0.1 10755 124
0.1 10756 135
0.1 10757 129
0.1 10758 129
0.1 10759 129
0.1 10760 135
0.1 10761 129
0.1 10762 113
0.1 10763 124
0.1 10764 118
0.1 10765 32
0.1 10766 16
0.1 10767 10
0.1 10768 5
0.1 10769 0
0.1 10770 0
0.1 10771 0
0.1 10772 0
0.1 10773 0
0.1 10774 0
0.1 10775 0
0.1 10776 5
0.1 10777 10
0.1 10778 0
0.1 10779 5
0.1 10780 16
0.1 10781 21
0.1 10782 21
0.1 10783 10
0.1 10784 0
0.1 10785 0
0.1 10786 10
0.1 10787 16
0.1 10788 0
0.1 10789 5
0.1 10790 5
0.1 10791 10
0.1 10792 16
0.1 10793 0
0.1 10794 5
0.1 10795 5
0.1 10796 16
0.1 10797 27
0.1 10798 0
0.1 10799 0
0.1 10800 10
0.1 10801 0
0.1 10802 5
0.1 10803 5
0.1 10804 16
0.1 10805 21
0.1 10806 27
0.1 10807 27
0.1 10808 32
0.1 10809 48
0.1 10810 54
0.1 10811 59
0.1 10812 59
0.1 10813 75
0.1 10814 75
0.1 10815 81
0.1 10816 91
0.1 10817 91
0.1 10818 91
0.1 10819 102
0.1 10820 108
0.1 10821 108
0.1 10822 118
0.1 10823 118
0.1 10824 129
0.1 10825 135
0.1 10826 135
0.1 10827 135
0.1 10828 135
0.1 10829 135
0.1 10830 135
0.1 10831 129
0.1 10832 129
0.1 10833 129
0.1 10834 129
0.1 10835 129
0.1 10836 129
0.1 10837 124
0.1 10838 135
0.1 10839 135
0.1 10840 135
0.1 10841 86
0.1 10842 0
0.1 10843 0
0.1 10844 5
0.1 10845 0
0.1 10846 5
0.1 10847 0
0.1 10848 10
0.1 10849 16
0.1 10850 10
0.1 10851 0
0.1 10852 0
0.1 10853 0
0.1 10854 0
0.1 10855 5
0.1 10856 5
0.1 10857 16
0.1 10858 0
0.1 10859 0
0.1 10860 10
0.1 10861 10
0.1 10862 10
0.1 10863 16
0.1 10864 21
0.1 10865 32
0.1 10866 10
0.1 10867 10
0.1 10868 0
0.1 10869 5
0.1 10870 21
0.1 10871 10
0.1 10872 21
0.1 10873 21
0.1 10874 10
0.1 10875 27
0.1 10876 10
0.1 10877 10
0.1 10878 10
0.1 10879 21
0.1 10880 37
0.1 10881 21
0.1 10882 37
0.1 10883 32
0.1 10884 32
0.1 10885 48
0.1 10886 54
0.1 10887 54
0.1 10888 64
0.1 10889 70
0.1 10890 64
0.1 10891 70
0.1 10892 70
0.1 10893 70
0.1 10894 75
0.1 10895 81
0.1 10896 91
0.1 10897 97
0.1 10898 97
0.1 10899 102
0.1 10900 108
0.1 10901 124
0.1 10902 124
0.1 10903 129
0.1 10904 124
0.1 10905 129
0.1 10906 135
0.1 10907 135
0.1 10908 124
0.1 10909 129
0.1 10910 135
0.1 10911 135
0.1 10912 135
0.1 10913 135
0.1 10914 135
0.1 10915 135
0.1 10916 135
0.1 10917 124
0.1 10918 129
0.1 10919 118
0.1 10920 118
0.1 10921 129
0.1 10922 135
0.1 10923 135
0.1 10924 129
0.1 10925 135
0.1 10926 129
0.1 10927 135
0.1 10928 135
0.1 10929 124
0.1 10930 135
0.1 10931 135
0.1 10932 135
0.1 10933 135
0.1 10934 135
0.1 10935 135
0.1 10936 135
0.1 10937 135
0.1 10938 118
0.1 10939 118
0.1 10940 118
0.1 10941 118
0.1 10942 118
0.1 10943 118
0.1 10944 129
0.1 10945 135
0.1 10946 135
0.1 10947 135
0.1 10948 135
0.1 10949 135
0.1 10950 135
0.1 10951 124
0.1 10952 124
0.1 10953 129
0.1 10954 135
0.1 10955 118
0.1 10956 135
0.1 10957 135
0.1 10958 135
0.1 10959 129
0.1 10960 135
0.1 10961 135
0.1 10962 135
0.1 10963 135
0.1 10964 135
0.1 10965 135
0.1 10966 135
0.1 10967 118
0.1 10968 124
0.1 10969 129
0.1 10970 135
0.1 10971 135
0.1 10972 135
0.1 10973 135
0.1 10974 135
0.1 10975 135
0.1 10976 135
0.1 10977 135
0.1 10978 124
0.1 10979 129
0.1 10980 129
0.1 10981 124
0.1 10982 118
0.1 10983 124
0.1 10984 124
0.1 10985 129
0.1 10986 129
0.1 10987 135
0.1 10988 135
0.1 10989 135
0.1 10990 113
0.1 10991 118
0.1 10992 129
0.1 10993 118
0.1 10994 118
0.1 10995 129
0.1 10996 135
0.1 10997 135
0.1 10998 135
0.1 10999 129
0.1 11000 129
0.1 11001 135
0.1 11002 135
0.1 11003 124
0.1 11004 129
0.1 11005 124
0.1 11006 124
0.1 11007 135
0.1 11008 129
0.1 11009 129
0.1 11010 135
0.1 11011 135
0.1 11012 135
0.1 11013 129
0.1 11014 135
0.1 11015 135
0.1 11016 135
0.1 11017 129
0.1 11018 135
0.1 11019 135
0.1 11020 129
0.1 11021 129
0.1 11022 135
0.1 11023 135
0.1 11024 135
0.1 11025 135
0.1 11026 129
0.1 11027 129
0.1 11028 135
0.1 11029 129
0.1 11030 135
0.1 11031 135
0.1 11032 118
0.1 11033 118
0.1 11034 118
0.1 11035 129
0.1 11036 129
0.1 11037 135
0.1 11038 118
0.1 11039 124
0.1 11040 135
0.1 11041 135
0.1 11042 135
0.1 11043 129
0.1 11044 135
0.1 11045 135
0.1 11046 135
0.1 11047 135
0.1 11048 129
0.1 11049 118
0.1 11050 135
0.1 11051 129
0.1 11052 129
0.1 11053 135
0.1 11054 135
0.1 11055 135
0.1 11056 129
0.1 11057 124
0.1 11058 135
0.1 11059 135
0.1 11060 135
0.1 11061 135
0.1 11062 124
0.1 11063 135
0.1 11064 129
0.1 11065 124
0.1 11066 135
0.1 11067 135
0.1 11068 129
0.1 11069 135
0.1 11070 135
0.1 11071 129
0.1 11072 135
0.1 11073 124
0.1 11074 135
0.1 11075 135
0.1 11076 135
0.1 11077 135
0.1 11078 129
0.1 11079 135
0.1 11080 135
0.1 11081 129
0.1 11082 129
0.1 11083 135
0.1 11084 135
0.1 11085 135
0.1 11086 129
0.1 11087 135
0.1 11088 124
0.1 11089 129
0.1 11090 124
0.1 11091 124
0.1 11092 129
0.1 11093 135
0.1 11094 129
0.1 11095 129
0.1 11096 129
0.1 11097 135
0.1 11098 135
0.1 11099 135
0.1 11100 135
0.1 11101 124
0.1 11102 135
0.1 11103 118
0.1 11104 118
0.1 11105 124
0.1 11106 129
0.1 11107 135
0.1 11108 135
0.1 11109 135
0.1 11110 124
0.1 11111 124
0.1 11112 129
0.1 11113 135
0.1 11114 135
0.1 11115 135
0.1 11116 135
0.1 11117 129
0.1 11118 135
0.1 11119 124
0.1 11120 129
0.1 11121 129
0.1 11122 124
0.1 11123 124
0.1 11124 124
0.1 11125 124
0.1 11126 124
0.1 11127 129
0.1 11128 135
0.1 11129 135
0.1 11130 129
0.1 11131 135
0.1 11132 135
0.1 11133 124
0.1 11134 129
0.1 11135 135
0.1 11136 135
0.1 11137 135
0.1 11138 124
0.1 11139 135
0.1 11140 135
0.1 11141 135
0.1 11142 135
0.1 11143 135
0.1 11144 135
0.1 11145 118
0.1 11146 129
0.1 11147 135
0.1 11148 135
0.1 11149 135
0.1 11150 135
0.1 11151 135
0.1 11152 129
0.1 11153 135
0.1 11154 135
0.1 11155 129
0.1 11156 129
0.1 11157 124
0.1 11158 124
0.1 11159 124
0.1 11160 135
0.1 11161 129
0.1 11162 124
0.1 11163 124
0.1 11164 129
0.1 11165 124
0.1 11166 135
0.1 11167 135
0.1 11168 135
0.1 11169 129
0.1 11170 135
0.1 11171 135
0.1 11172 129
0.1 11173 135
0.1 11174 135
0.1 11175 135
0.1 11176 124
0.1 11177 129
0.1 11178 135
0.1 11179 124
0.1 11180 129
0.1 11181 129
0.1 11182 129
0.1 11183 135
0.1 11184 124
0.1 11185 129
0.1 11186 135
0.1 11187 135
0.1 11188 135
0.1 11189 135
0.1 11190 135
0.1 11191 135
0.1 11192 124
0.1 11193 129
0.1 11194 135
0.1 11195 129
0.1 11196 124
0.1 11197 124
0.1 11198 135
0.1 11199 129
0.1 11200 135
0.1 11201 118
0.1 11202 118
0.1 11203 118
0.1 11204 129
0.1 11205 135
0.1 11206 129
0.1 11207 135
0.1 11208 129
0.1 11209 118
0.1 11210 118
0.1 11211 129
0.1 11212 129
0.1 11213 135
0.1 11214 135
0.1 11215 135
0.1 11216 135
0.1 11217 135
0.1 11218 124
0.1 11219 129
0.1 11220 135
0.1 11221 135
0.1 11222 118
0.1 11223 129
0.1 11224 135
0.1 11225 135
0.1 11226 135
0.1 11227 124
0.1 11228 129
0.1 11229 135
0.1 11230 135
0.1 11231 135
0.1 11232 135
0.1 11233 135
0.1 11234 0
0.1 11235 0
0.1 11236 5
0.1 11237 5
0.1 11238 0
0.1 11239 0
0.1 11240 0
0.1 11241 0
0.1 11242 0
0.1 11243 5
0.1 11244 5
0.1 11245 10
0.1 11246 21
0.1 11247 16
0.1 11248 21
0.1 11249 21
0.1 11250 21
0.1 11251 21
0.1 11252 27
0.1 11253 27
0.1 11254 32
0.1 11255 5
0.1 11256 10
0.1 11257 0
0.1 11258 0
0.1 11259 0
0.1 11260 0
0.1 11261 0
0.1 11262 0
0.1 11263 10
0.1 11264 0
0.1 11265 0
0.1 11266 0
0.1 11267 0
0.1 11268 0
0.1 11269 5
0.1 11270 10
0.1 11271 16
0.1 11272 16
0.1 11273 16
0.1 11274 27
0.1 11275 27
0.1 11276 27
0.1 11277 27
0.1 11278 27
0.1 11279 37
0.1 11280 37
0.1 11281 43
0.1 11282 54
0.1 11283 70
0.1 11284 70
0.1 11285 70
0.1 11286 70
0.1 11287 81
0.1 11288 86
0.1 11289 86
0.1 11290 0
0.1 11291 5
0.1 11292 0
0.1 11293 5
0.1 11294 0
0.1 11295 5
0.1 11296 10
0.1 11297 10
0.1 11298 10
0.1 11299 16
0.1 11300 27
0.1 11301 27
0.1 11302 21
0.1 11303 37
0.1 11304 43
0.1 11305 0
0.1 11306 0
0.1 11307 0
0.1 11308 0
0.1 11309 10
0.1 11310 10
0.1 11311 5
0.1 11312 5
0.1 11313 0
0.1 11314 5
0.1 11315 21
0.1 11316 10
0.1 11317 10
0.1 11318 16
0.1 11319 16
0.1 11320 16
0.1 11321 21
0.1 11322 21
0.1 11323 27
0.1 11324 37
0.1 11325 48
0.1 11326 48
0.1 11327 59
0.1 11328 70
0.1 11329 70
0.1 11330 75
0.1 11331 81
0.1 11332 86
0.1 11333 86
0.1 11334 91
0.1 11335 97
0.1 11336 102
0.1 11337 108
0.1 11338 118
0.1 11339 129
0.1 11340 135
0.1 11341 124
0.1 11342 135
0.1 11343 135
0.1 11344 135
0.1 11345 118
0.1 11346 124
0.1 11347 135
0.1 11348 118
0.1 11349 124
0.1 11350 124
0.1 11351 81
0.1 11352 16
0.1 11353 21
0.1 11354 32
0.1 11355 32
0.1 11356 32
0.1 11357 32
0.1 11358 32
0.1 11359 37
0.1 11360 54
0.1 11361 59
0.1 11362 54
0.1 11363 37
0.1 11364 43
0.1 11365 43
0.1 11366 43
0.1 11367 43
0.1 11368 43
0.1 11369 59
0.1 11370 59
0.1 11371 75
0.1 11372 75
0.1 11373 75
0.1 11374 75
0.1 11375 81
0.1 11376 91
0.1 11377 108
0.1 11378 97
0.1 11379 10
0.1 11380 5
0.1 11381 5
0.1 11382 0
0.1 11383 0
0.1 11384 0
0.1 11385 0
0.1 11386 0
0.1 11387 0
0.1 11388 0
0.1 11389 10
0.1 11390 21
0.1 11391 10
0.1 11392 16
0.1 11393 21
0.1 11394 27
0.1 11395 27
0.1 11396 32
0.1 11397 32
0.1 11398 27
0.1 11399 37
0.1 11400 48
0.1 11401 59
0.1 11402 70
0.1 11403 75
0.1 11404 75
0.1 11405 75
0.1 11406 86
0.1 11407 86
0.1 11408 86
0.1 11409 81
0.1 11410 81
0.1 11411 86
0.1 11412 86
0.1 11413 54
0.1 11414 54
0.1 11415 54
0.1 11416 54
0.1 11417 64
0.1 11418 70
0.1 11419 81
0.1 11420 81
0.1 11421 102
0.1 11422 108
0.1 11423 108
0.1 11424 113
0.1 11425 124
0.1 11426 118
0.1 11427 118
0.1 11428 124
0.1 11429 135
0.1 11430 124
0.1 11431 135
0.1 11432 124
0.1 11433 129
0.1 11434 135
0.1 11435 135
0.1 11436 124
0.1 11437 135
0.1 11438 135
0.1 11439 135
0.1 11440 135
0.1 11441 135
0.1 11442 129
0.1 11443 135
0.1 11444 124
0.1 11445 124
0.1 11446 118
0.1 11447 129
0.1 11448 124
0.1 11449 129
0.1 11450 129
0.1 11451 135
0.1 11452 135
0.1 11453 129
0.1 11454 135
0.1 11455 124
0.1 11456 129
0.1 11457 135
0.1 11458 124
0.1 11459 129
0.1 11460 129
0.1 11461 129
0.1 11462 135
0.1 11463 135
0.1 11464 118
0.1 11465 135
0.1 11466 135
0.1 11467 135
0.1 11468 135
0.1 11469 124
0.1 11470 129
0.1 11471 124
0.1 11472 113
0.1 11473 113
0.1 11474 124
0.1 11475 124
0.1 11476 129
0.1 11477 135
0.1 11478 124
0.1 11479 129
0.1 11480 135
0.1 11481 135
0.1 11482 135
0.1 11483 135
0.1 11484 135
0.1 11485 135
0.1 11486 135
0.1 11487 135
0.1 11488 135
0.1 11489 135
0.1 11490 135
0.1 11491 135
0.1 11492 135
0.1 11493 135
0.1 11494 124
0.1 11495 129
0.1 11496 135
0.1 11497 135
0.1 11498 129
0.1 11499 118
0.1 11500 118
0.1 11501 124
0.1 11502 135
0.1 11503 135
0.1 11504 118
0.1 11505 124
0.1 11506 135
0.1 11507 129
0.1 11508 135
0.1 11509 118
0.1 11510 129
0.1 11511 135
0.1 11512 135
0.1 11513 135
0.1 11514 135
0.1 11515 135
0.1 11516 135
0.1 11517 135
0.1 11518 135
0.1 11519 135
0.1 11520 135
0.1 11521 135
0.1 11522 124
0.1 11523 124
0.1 11524 135
0.1 11525 135
0.1 11526 129
0.1 11527 129
0.1 11528 135
0.1 11529 135
0.1 11530 135
0.1 11531 129
0.1 11532 135
0.1 11533 124
0.1 11534 129
0.1 11535 129
0.1 11536 135
0.1 11537 118
0.1 11538 129
0.1 11539 135
0.1 11540 129
0.1 11541 124
0.1 11542 135
0.1 11543 135
0.1 11544 135
0.1 11545 135
0.1 11546 124
0.1 11547 129
0.1 11548 135
0.1 11549 118
0.1 11550 118
0.1 11551 129
0.1 11552 135
0.1 11553 135
0.1 11554 135
0.1 11555 113
0.1 11556 118
0.1 11557 118
0.1 11558 118
0.1 11559 118
0.1 11560 118
0.1 11561 124
0.1 11562 135
0.1 11563 118
0.1 11564 124
0.1 11565 135
0.1 11566 135
0.1 11567 135
0.1 11568 129
0.1 11569 129
0.1 11570 135
0.1 11571 124
0.1 11572 135
0.1 11573 129
0.1 11574 129
0.1 11575 135
0.1 11576 129
0.1 11577 118
0.1 11578 129
0.1 11579 135
0.1 11580 135
0.1 11581 129
0.1 11582 135
0.1 11583 135
0.1 11584 135
0.1 11585 129
0.1 11586 135
0.1 11587 129
0.1 11588 135
0.1 11589 135
0.1 11590 129
0.1 11591 129
0.1 11592 135
0.1 11593 135
0.1 11594 124
0.1 11595 135
0.1 11596 135
0.1 11597 135
0.1 11598 135
0.1 11599 124
0.1 11600 135
0.1 11601 135
0.1 11602 135
0.1 11603 135
0.1 11604 135
0.1 11605 129
0.1 11606 129
0.1 11607 135
0.1 11608 135
0.1 11609 135
0.1 11610 135
0.1 11611 129
0.1 11612 129
0.1 11613 135
0.1 11614 135
0.1 11615 129
0.1 11616 135
0.1 11617 124
0.1 11618 129
0.1 11619 135
0.1 11620 135
0.1 11621 135
0.1 11622 135
0.1 11623 129
0.1 11624 135
0.1 11625 135
0.1 11626 118
0.1 11627 124
0.1 11628 124
0.1 11629 129
0.1 11630 135
0.1 11631 135
0.1 11632 135
0.1 11633 129
0.1 11634 129
0.1 11635 124
0.1 11636 135
0.1 11637 135
0.1 11638 135
0.1 11639 135
0.1 11640 135
0.1 11641 129
0.1 11642 129
0.1 11643 129
0.1 11644 129
0.1 11645 135
0.1 11646 135
0.1 11647 129
0.1 11648 135
0.1 11649 129
0.1 11650 135
0.1 11651 118
0.1 11652 118
0.1 11653 118
0.1 11654 118
0.1 11655 124
0.1 11656 135
0.1 11657 135
0.1 11658 135
0.1 11659 135
0.1 11660 135
0.1 11661 124
0.1 11662 124
0.1 11663 135
0.1 11664 135
0.1 11665 135
0.1 11666 124
0.1 11667 135
0.1 11668 135
0.1 11669 124
0.1 11670 129
0.1 11671 135
0.1 11672 135
0.1 11673 135
0.1 11674 135
0.1 11675 135
0.1 11676 135
0.1 11677 135
0.1 11678 135
0.1 11679 129
0.1 11680 135
0.1 11681 135
0.1 11682 135
0.1 11683 135
0.1 11684 135
0.1 11685 135
0.1 11686 118
0.1 11687 129
0.1 11688 135
0.1 11689 135
0.1 11690 135
0.1 11691 135
0.1 11692 124
0.1 11693 129
0.1 11694 135
0.1 11695 129
0.1 11696 135
0.1 11697 135
0.1 11698 135
0.1 11699 135
0.1 11700 135
0.1 11701 118
0.1 11702 118
0.1 11703 135
0.1 11704 135
0.1 11705 135
0.1 11706 135
0.1 11707 135
0.1 11708 124
0.1 11709 135
0.1 11710 129
0.1 11711 129
0.1 11712 135
0.1 11713 135
0.1 11714 135
0.1 11715 124
0.1 11716 124
0.1 11717 135
0.1 11718 135
0.1 11719 135
0.1 11720 135
0.1 11721 124
0.1 11722 129
0.1 11723 129
0.1 11724 118
0.1 11725 118
0.1 11726 129
0.1 11727 135
0.1 11728 135
0.1 11729 135
0.1 11730 135
0.1 11731 135
0.1 11732 135
0.1 11733 135
0.1 11734 135
0.1 11735 135
0.1 11736 124
0.1 11737 129
0.1 11738 135
0.1 11739 135
0.1 11740 129
0.1 11741 135
0.1 11742 135
0.1 11743 135
0.1 11744 135
0.1 11745 129
0.1 11746 135
0.1 11747 135
0.1 11748 124
0.1 11749 129
0.1 11750 108
0.1 11751 10
0.1 11752 0
0.1 11753 5
0.1 11754 0
0.1 11755 0
0.1 11756 5
0.1 11757 0
0.1 11758 5
0.1 11759 5
0.1 11760 0
0.1 11761 5
0.1 11762 16
0.1 11763 0
0.1 11764 0
0.1 11765 0
0.1 11766 10
0.1 11767 0
0.1 11768 5
0.1 11769 10
0.1 11770 27
0.1 11771 21
0.1 11772 0
0.1 11773 0
0.1 11774 0
0.1 11775 0
0.1 11776 0
0.1 11777 0
0.1 11778 0
0.1 11779 5
0.1 11780 0
0.1 11781 16
0.1 11782 5
0.1 11783 5
0.1 11784 16
0.1 11785 10
0.1 11786 10
0.1 11787 16
0.1 11788 16
0.1 11789 27
0.1 11790 32
0.1 11791 32
0.1 11792 5
0.1 11793 5
0.1 11794 0
0.1 11795 0
0.1 11796 0
0.1 11797 0
0.1 11798 5
0.1 11799 5
0.1 11800 5
0.1 11801 16
0.1 11802 16
0.1 11803 21
0.1 11804 27
0.1 11805 32
0.1 11806 43
0.1 11807 43
0.1 11808 48
0.1 11809 21
0.1 11810 0
0.1 11811 5
0.1 11812 5
0.1 11813 10
0.1 11814 0
0.1 11815 0
0.1 11816 5
0.1 11817 10
0.1 11818 21
0.1 11819 32
0.1 11820 10
0.1 11821 16
0.1 11822 0
0.1 11823 16
0.1 11824 5
0.1 11825 5
0.1 11826 5
0.1 11827 16
0.1 11828 16
0.1 11829 21
0.1 11830 27
0.1 11831 32
0.1 11832 37
0.1 11833 43
0.1 11834 48
0.1 11835 54
0.1 11836 70
0.1 11837 70
0.1 11838 75
0.1 11839 75
0.1 11840 75
0.1 11841 75
0.1 11842 86
0.1 11843 86
0.1 11844 86
0.1 11845 91
0.1 11846 91
0.1 11847 102
0.1 11848 81
0.1 11849 81
0.1 11850 75
0.1 11851 81
0.1 11852 86
0.1 11853 86
0.1 11854 86
0.1 11855 91
0.1 11856 97
0.1 11857 108
0.1 11858 108
0.1 11859 118
0.1 11860 118
0.1 11861 118
0.1 11862 129
0.1 11863 135
0.1 11864 135
0.1 11865 135
0.1 11866 135
0.1 11867 135
0.1 11868 124
0.1 11869 135
0.1 11870 135
0.1 11871 135
0.1 11872 135
0.1 11873 135
0.1 11874 102
0.1 11875 0
0.1 11876 5
0.1 11877 5
0.1 11878 0
0.1 11879 0
0.1 11880 0
0.1 11881 0
0.1 11882 0
0.1 11883 5
0.1 11884 0
0.1 11885 0
0.1 11886 10
0.1 11887 16
0.1 11888 10
0.1 11889 10
0.1 11890 16
0.1 11891 5
0.1 11892 16
0.1 11893 21
0.1 11894 27
0.1 11895 27
0.1 11896 27
0.1 11897 32
0.1 11898 37
0.1 11899 37
0.1 11900 37
0.1 11901 48
0.1 11902 48
0.1 11903 59
0.1 11904 59
0.1 11905 70
0.1 11906 70
0.1 11907 70
0.1 11908 70
0.1 11909 70
0.1 11910 86
0.1 11911 86
0.1 11912 91
0.1 11913 97
0.1 11914 102
0.1 11915 108
0.1 11916 113
0.1 11917 118
0.1 11918 124
0.1 11919 135
0.1 11920 135
0.1 11921 135
0.1 11922 135
0.1 11923 135
0.1 11924 135
0.1 11925 129
0.1 11926 135
0.1 11927 135
0.1 11928 124
0.1 11929 135
0.1 11930 135
0.1 11931 135
0.1 11932 135
0.1 11933 124
0.1 11934 135
0.1 11935 135
0.1 11936 124
0.1 11937 124
0.1 11938 129
0.1 11939 135
0.1 11940 135
0.1 11941 135
0.1 11942 135
0.1 11943 118
0.1 11944 118
0.1 11945 129
0.1 11946 135
0.1 11947 135
0.1 11948 135
0.1 11949 135
0.1 11950 135
0.1 11951 124
0.1 11952 129
0.1 11953 135
0.1 11954 135
0.1 11955 135
0.1 11956 135
0.1 11957 135
0.1 11958 135
0.1 11959 135
0.1 11960 135
0.1 11961 135
0.1 11962 135
0.1 11963 135
0.1 11964 135
0.1 11965 135
0.1 11966 135
0.1 11967 135
0.1 11968 129
0.1 11969 129
0.1 11970 135
0.1 11971 135
0.1 11972 135
0.1 11973 135
0.1 11974 135
0.1 11975 135
0.1 11976 124
0.1 11977 135
0.1 11978 135
0.1 11979 135
0.1 11980 118
0.1 11981 124
0.1 11982 135
0.1 11983 135
0.1 11984 135
0.1 11985 124
0.1 11986 124
0.1 11987 135
0.1 11988 135
0.1 11989 135
0.1 11990 135
0.1 11991 135
0.1 11992 135
0.1 11993 135
0.1 11994 118
0.1 11995 118
0.1 11996 124
0.1 11997 124
0.1 11998 129
0.1 11999 129
0.1 12000 129
0.1 12001 135
0.1 12002 135
0.1 12003 135
0.1 12004 135
0.1 12005 135
0.1 12006 135
0.1 12007 135
0.1 12008 135
0.1 12009 135
0.1 12010 124
0.1 12011 135
0.1 12012 129
0.1 12013 135
0.1 12014 135
0.1 12015 135
0.1 12016 118
0.1 12017 135
0.1 12018 129
0.1 12019 129
0.1 12020 124
0.1 12021 129
0.1 12022 124
0.1 12023 124
0.1 12024 129
0.1 12025 118
0.1 12026 135
0.1 12027 135
0.1 12028 135
0.1 12029 135
0.1 12030 135
0.1 12031 135
0.1 12032 135
0.1 12033 129
0.1 12034 118
0.1 12035 118
0.1 12036 124
0.1 12037 129
0.1 12038 135
0.1 12039 135
0.1 12040 135
0.1 12041 135
0.1 12042 135
0.1 12043 135
0.1 12044 129
0.1 12045 129
0.1 12046 135
0.1 12047 129
0.1 12048 124
0.1 12049 124
0.1 12050 124
0.1 12051 129
0.1 12052 135
0.1 12053 135
0.1 12054 118
0.1 12055 129
0.1 12056 135
0.1 12057 129
0.1 12058 135
0.1 12059 135
0.1 12060 135
0.1 12061 135
0.1 12062 135
0.1 12063 135
0.1 12064 135
0.1 12065 135
0.1 12066 135
0.1 12067 135
0.1 12068 135
0.1 12069 129
0.1 12070 135
0.1 12071 135
0.1 12072 118
0.1 12073 129
0.1 12074 129
0.1 12075 135
0.1 12076 135
0.1 12077 118
0.1 12078 118
0.1 12079 124
0.1 12080 129
0.1 12081 135
0.1 12082 135
0.1 12083 135
0.1 12084 129
0.1 12085 135
0.1 12086 135
0.1 12087 135
0.1 12088 135
0.1 12089 135
0.1 12090 129
0.1 12091 135
0.1 12092 129
0.1 12093 129
0.1 12094 135
0.1 12095 135
0.1 12096 135
0.1 12097 124
0.1 12098 135
0.1 12099 135
0.1 12100 135
0.1 12101 135
0.1 12102 135
0.1 12103 135
0.1 12104 135
0.1 12105 135
0.1 12106 135
0.1 12107 135
0.1 12108 135
0.1 12109 135
0.1 12110 129
0.1 12111 129
0.1 12112 135
0.1 12113 135
0.1 12114 135
0.1 12115 135
0.1 12116 124
0.1 12117 135
0.1 12118 135
0.1 12119 135
0.1 12120 135
0.1 12121 135
0.1 12122 135
0.1 12123 135
0.1 12124 135
0.1 12125 129
0.1 12126 129
0.1 12127 124
0.1 12128 135
0.1 12129 135
0.1 12130 135
0.1 12131 135
0.1 12132 135
0.1 12133 135
0.1 12134 135
0.1 12135 135
0.1 12136 124
0.1 12137 129
0.1 12138 129
0.1 12139 135
0.1 12140 135
0.1 12141 135
0.1 12142 135
0.1 12143 118
0.1 12144 118
0.1 12145 124
0.1 12146 129
0.1 12147 135
0.1 12148 135
0.1 12149 113
0.1 12150 118
0.1 12151 118
0.1 12152 124
0.1 12153 124
0.1 12154 129
0.1 12155 124
0.1 12156 124
0.1 12157 118
0.1 12158 135
0.1 12159 135
0.1 12160 135
0.1 12161 135
0.1 12162 124
0.1 12163 135
0.1 12164 135
0.1 12165 135
0.1 12166 129
0.1 12167 135
0.1 12168 135
0.1 12169 135
0.1 12170 135
0.1 12171 124
0.1 12172 129
0.1 12173 135
0.1 12174 124
0.1 12175 129
0.1 12176 135
0.1 12177 135
0.1 12178 135
0.1 12179 135
0.1 12180 129
0.1 12181 135
0.1 12182 135
0.1 12183 129
0.1 12184 135
0.1 12185 113
0.1 12186 113
0.1 12187 118
0.1 12188 118
0.1 12189 135
0.1 12190 135
0.1 12191 135
0.1 12192 135
0.1 12193 135
0.1 12194 135
0.1 12195 135
0.1 12196 124
0.1 12197 129
0.1 12198 129
0.1 12199 129
0.1 12200 135
0.1 12201 135
0.1 12202 135
0.1 12203 135
0.1 12204 135
0.1 12205 135
0.1 12206 135
0.1 12207 129
0.1 12208 129
0.1 12209 129
0.1 12210 124
0.1 12211 124
0.1 12212 129
0.1 12213 135
0.1 12214 129
0.1 12215 135
0.1 12216 135
0.1 12217 124
0.1 12218 129
0.1 12219 135
0.1 12220 135
0.1 12221 135
0.1 12222 124
0.1 12223 129
0.1 12224 135
0.1 12225 135
0.1 12226 135
0.1 12227 135
0.1 12228 135
0.1 12229 118
0.1 12230 124
0.1 12231 135
0.1 12232 129
0.1 12233 129
0.1 12234 129
0.1 12235 135
0.1 12236 135
0.1 12237 135
0.1 12238 129
0.1 12239 129
0.1 12240 129
0.1 12241 102
0.1 12242 10
0.1 12243 0
0.1 12244 0
0.1 12245 0
0.1 12246 0
0.1 12247 0
0.1 12248 0
0.1 12249 0
0.1 12250 0
0.1 12251 0
0.1 12252 0
0.1 12253 0
0.1 12254 0
0.1 12255 0
0.1 12256 0
0.1 12257 10
0.1 12258 16
0.1 12259 10
0.1 12260 10
0.1 12261 10
0.1 12262 10
0.1 12263 21
0.1 12264 32
0.1 12265 32
0.1 12266 32
0.1 12267 43
0.1 12268 16
0.1 12269 16
0.1 12270 5
0.1 12271 5
0.1 12272 10
0.1 12273 0
0.1 12274 0
0.1 12275 0
0.1 12276 0
0.1 12277 0
0.1 12278 5
0.1 12279 5
0.1 12280 10
0.1 12281 16
0.1 12282 16
0.1 12283 0
0.1 12284 5
0.1 12285 0
0.1 12286 0
0.1 12287 0
0.1 12288 0
0.1 12289 5
0.1 12290 5
0.1 12291 5
0.1 12292 5
0.1 12293 21
0.1 12294 27
0.1 12295 32
0.1 12296 21
0.1 12297 10
0.1 12298 5
0.1 12299 5
0.1 12300 5
0.1 12301 21
0.1 12302 32
0.1 12303 43
0.1 12304 43
0.1 12305 43
0.1 12306 54
0.1 12307 59
0.1 12308 59
0.1 12309 64
0.1 12310 59
0.1 12311 0
0.1 12312 0
0.1 12313 0
0.1 12314 0
0.1 12315 10
0.1 12316 5
0.1 12317 5
0.1 12318 0
0.1 12319 0
0.1 12320 0
0.1 12321 10
0.1 12322 16
0.1 12323 21
0.1 12324 21
0.1 12325 21
0.1 12326 21
0.1 12327 21
0.1 12328 16
0.1 12329 21
0.1 12330 32
0.1 12331 37
0.1 12332 43
0.1 12333 54
0.1 12334 54
0.1 12335 59
0.1 12336 59
0.1 12337 70
0.1 12338 70
0.1 12339 70
0.1 12340 86
0.1 12341 97
0.1 12342 102
0.1 12343 108
0.1 12344 108
0.1 12345 108
0.1 12346 108
0.1 12347 108
0.1 12348 108
0.1 12349 113
0.1 12350 113
0.1 12351 129
0.1 12352 135
0.1 12353 129
0.1 12354 135
0.1 12355 135
0.1 12356 135
0.1 12357 135
0.1 12358 135
0.1 12359 118
0.1 12360 129
0.1 12361 135
0.1 12362 135
0.1 12363 135
0.1 12364 135
0.1 12365 129
0.1 12366 129
0.1 12367 118
0.1 12368 118
0.1 12369 118
0.1 12370 129
0.1 12371 135
0.1 12372 135
0.1 12373 135
0.1 12374 135
0.1 12375 129
0.1 12376 135
0.1 12377 135
0.1 12378 135
0.1 12379 135
0.1 12380 54
0.1 12381 0
0.1 12382 0
0.1 12383 5
0.1 12384 10
0.1 12385 5
0.1 12386 10
0.1 12387 21
0.1 12388 21
0.1 12389 32
0.1 12390 43
0.1 12391 48
0.1 12392 48
0.1 12393 54
0.1 12394 21
0.1 12395 10
0.1 12396 5
0.1 12397 0
0.1 12398 0
0.1 12399 10
0.1 12400 16
0.1 12401 16
0.1 12402 21
0.1 12403 32
0.1 12404 43
0.1 12405 43
0.1 12406 48
0.1 12407 54
0.1 12408 64
0.1 12409 75
0.1 12410 86
0.1 12411 86
0.1 12412 86
0.1 12413 86
0.1 12414 86
0.1 12415 91
0.1 12416 102
0.1 12417 108
0.1 12418 108
0.1 12419 108
0.1 12420 118
0.1 12421 118
0.1 12422 113
0.1 12423 113
0.1 12424 118
0.1 12425 129
0.1 12426 129
0.1 12427 118
0.1 12428 124
0.1 12429 124
0.1 12430 135
0.1 12431 129
0.1 12432 135
0.1 12433 124
0.1 12434 129
0.1 12435 129
0.1 12436 124
0.1 12437 135
0.1 12438 135
0.1 12439 135
0.1 12440 135
0.1 12441 135
0.1 12442 135
0.1 12443 135
0.1 12444 124
0.1 12445 118
0.1 12446 118
0.1 12447 118
0.1 12448 118
0.1 12449 124
0.1 12450 135
0.1 12451 129
0.1 12452 135
0.1 12453 135
0.1 12454 135
0.1 12455 135
0.1 12456 135
0.1 12457 135
0.1 12458 135
0.1 12459 135
0.1 12460 135
0.1 12461 135
0.1 12462 135
0.1 12463 135
0.1 12464 124
0.1 12465 124
0.1 12466 135
0.1 12467 124
0.1 12468 129
0.1 12469 102
0.1 12470 108
0.1 12471 113
0.1 12472 124
0.1 12473 135
0.1 12474 124
0.1 12475 124
0.1 12476 129
0.1 12477 129
0.1 12478 135
0.1 12479 135
0.1 12480 135
0.1 12481 135
0.1 12482 135
0.1 12483 135
0.1 12484 135
0.1 12485 135
0.1 12486 135
0.1 12487 135
0.1 12488 124
0.1 12489 129
0.1 12490 124
0.1 12491 124
0.1 12492 135
0.1 12493 135
0.1 12494 135
0.1 12495 129
0.1 12496 124
0.1 12497 129
0.1 12498 135
0.1 12499 135
0.1 12500 135
0.1 12501 129
0.1 12502 135
0.1 12503 135
0.1 12504 124
0.1 12505 124
0.1 12506 124
0.1 12507 124
0.1 12508 124
0.1 12509 124
0.1 12510 135
0.1 12511 135
0.1 12512 135
0.1 12513 135
0.1 12514 135
0.1 12515 135
0.1 12516 118
0.1 12517 124
0.1 12518 135
0.1 12519 124
0.1 12520 129
0.1 12521 129
0.1 12522 135
0.1 12523 124
0.1 12524 135
0.1 12525 135
0.1 12526 129
0.1 12527 135
0.1 12528 135
0.1 12529 135
0.1 12530 135
0.1 12531 135
0.1 12532 135
0.1 12533 124
0.1 12534 124
0.1 12535 129
0.1 12536 135
0.1 12537 135
0.1 12538 135
0.1 12539 135
0.1 12540 113
0.1 12541 118
0.1 12542 124
0.1 12543 135
0.1 12544 135
0.1 12545 135
0.1 12546 135
0.1 12547 135
0.1 12548 135
0.1 12549 135
0.1 12550 124
0.1 12551 129
0.1 12552 129
0.1 12553 124
0.1 12554 135
0.1 12555 135
0.1 12556 135
0.1 12557 124
0.1 12558 124
0.1 12559 135
0.1 12560 135
0.1 12561 129
0.1 12562 135
0.1 12563 135
0.1 12564 135
0.1 12565 124
0.1 12566 135
0.1 12567 118
0.1 12568 129
0.1 12569 135
0.1 12570 135
0.1 12571 135
0.1 12572 129
0.1 12573 124
0.1 12574 135
0.1 12575 135
0.1 12576 135
0.1 12577 135
0.1 12578 135
0.1 12579 135
0.1 12580 124
0.1 12581 129
0.1 12582 135
0.1 12583 124
0.1 12584 129
0.1 12585 135
0.1 12586 124
0.1 12587 124
0.1 12588 129
0.1 12589 129
0.1 12590 129
0.1 12591 124
0.1 12592 135
0.1 12593 135
0.1 12594 124
0.1 12595 129
0.1 12596 124
0.1 12597 129
0.1 12598 135
0.1 12599 118
0.1 12600 118
0.1 12601 118
0.1 12602 118
0.1 12603 118
0.1 12604 124
0.1 12605 124
0.1 12606 135
0.1 12607 135
0.1 12608 135
0.1 12609 135
0.1 12610 135
0.1 12611 124
0.1 12612 129
0.1 12613 129
0.1 12614 124
0.1 12615 135
0.1 12616 135
0.1 12617 135
0.1 12618 135
0.1 12619 135
0.1 12620 135
0.1 12621 124
0.1 12622 135
0.1 12623 135
0.1 12624 135
0.1 12625 135
0.1 12626 135
0.1 12627 135
0.1 12628 135
0.1 12629 135
0.1 12630 135
0.1 12631 135
0.1 12632 135
0.1 12633 129
0.1 12634 135
0.1 12635 135
0.1 12636 135
0.1 12637 129
0.1 12638 135
0.1 12639 135
0.1 12640 135
0.1 12641 129
0.1 12642 124
0.1 12643 124
0.1 12644 135
0.1 12645 135
0.1 12646 135
0.1 12647 129
0.1 12648 135
0.1 12649 135
0.1 12650 129
0.1 12651 124
0.1 12652 135
0.1 12653 129
0.1 12654 124
0.1 12655 135
0.1 12656 135
0.1 12657 135
0.1 12658 118
0.1 12659 118
0.1 12660 129
0.1 12661 129
0.1 12662 129
0.1 12663 135
0.1 12664 135
0.1 12665 135
0.1 12666 135
0.1 12667 135
0.1 12668 135
0.1 12669 124
0.1 12670 135
0.1 12671 135
0.1 12672 108
0.1 12673 113
0.1 12674 113
0.1 12675 113
0.1 12676 113
0.1 12677 113
0.1 12678 118
0.1 12679 129
0.1 12680 135
0.1 12681 135
0.1 12682 135
0.1 12683 135
0.1 12684 135
0.1 12685 135
0.1 12686 135
0.1 12687 135
0.1 12688 124
0.1 12689 129
0.1 12690 135
0.1 12691 135
0.1 12692 135
0.1 12693 135
0.1 12694 135
0.1 12695 135
0.1 12696 135
0.1 12697 135
0.1 12698 135
0.1 12699 135
0.1 12700 135
0.1 12701 135
0.1 12702 135
0.1 12703 124
0.1 12704 124
0.1 12705 135
0.1 12706 135
0.1 12707 118
0.1 12708 129
0.1 12709 129
0.1 12710 129
0.1 12711 113
0.1 12712 118
0.1 12713 124
0.1 12714 124
0.1 12715 135
0.1 12716 135
0.1 12717 135
0.1 12718 135
0.1 12719 135
0.1 12720 135
0.1 12721 129
0.1 12722 124
0.1 12723 129
0.1 12724 135
0.1 12725 135
0.1 12726 135
0.1 12727 135
0.1 12728 135
0.1 12729 135
0.1 12730 135
0.1 12731 129
0.1 12732 135
0.1 12733 135
0.1 12734 135
0.1 12735 32
0.1 12736 16
0.1 12737 21
0.1 12738 0
0.1 12739 0
0.1 12740 5
0.1 12741 5
0.1 12742 0
0.1 12743 5
0.1 12744 5
0.1 12745 10
0.1 12746 10
0.1 12747 16
0.1 12748 32
0.1 12749 48
0.1 12750 43
0.1 12751 16
0.1 12752 21
0.1 12753 0
0.1 12754 0
0.1 12755 16
0.1 12756 27
0.1 12757 21
0.1 12758 27
0.1 12759 43
0.1 12760 54
0.1 12761 43
0.1 12762 48
0.1 12763 54
0.1 12764 48
0.1 12765 21
0.1 12766 21
0.1 12767 0
0.1 12768 10
0.1 12769 10
0.1 12770 10
0.1 12771 5
0.1 12772 0
0.1 12773 5
0.1 12774 0
0.1 12775 5
0.1 12776 5
0.1 12777 0
0.1 12778 0
0.1 12779 10
0.1 12780 10
0.1 12781 27
0.1 12782 32
0.1 12783 43
0.1 12784 43
0.1 12785 43
0.1 12786 48
0.1 12787 48
0.1 12788 27
0.1 12789 27
0.1 12790 32
0.1 12791 37
0.1 12792 37
0.1 12793 54
0.1 12794 59
0.1 12795 70
0.1 12796 70
0.1 12797 70
0.1 12798 81
0.1 12799 86
0.1 12800 97
0.1 12801 102
0.1 12802 113
0.1 12803 118
0.1 12804 124
0.1 12805 97
0.1 12806 91
0.1 12807 97
0.1 12808 108
0.1 12809 108
0.1 12810 108
0.1 12811 113
0.1 12812 124
0.1 12813 135
0.1 12814 135
0.1 12815 135
0.1 12816 135
0.1 12817 135
0.1 12818 135
0.1 12819 135
0.1 12820 135
0.1 12821 135
0.1 12822 124
0.1 12823 124
0.1 12824 124
0.1 12825 124
0.1 12826 135
0.1 12827 135
0.1 12828 129
0.1 12829 129
0.1 12830 118
0.1 12831 129
0.1 12832 129
0.1 12833 118
0.1 12834 118
0.1 12835 118
0.1 12836 118
0.1 12837 118
0.1 12838 48
0.1 12839 0
0.1 12840 10
0.1 12841 10
0.1 12842 0
0.1 12843 0
0.1 12844 0
0.1 12845 0
0.1 12846 5
0.1 12847 0
0.1 12848 0
0.1 12849 5
0.1 12850 16
0.1 12851 21
0.1 12852 32
0.1 12853 21
0.1 12854 32
0.1 12855 43
0.1 12856 37
0.1 12857 27
0.1 12858 27
0.1 12859 27
0.1 12860 32
0.1 12861 43
0.1 12862 43
0.1 12863 43
0.1 12864 48
0.1 12865 48
0.1 12866 54
0.1 12867 43
0.1 12868 43
0.1 12869 54
0.1 12870 10
0.1 12871 0
0.1 12872 0
0.1 12873 5
0.1 12874 0
0.1 12875 0
0.1 12876 0
0.1 12877 0
0.1 12878 5
0.1 12879 10
0.1 12880 21
0.1 12881 10
0.1 12882 16
0.1 12883 16
0.1 12884 5
0.1 12885 10
0.1 12886 5
0.1 12887 5
0.1 12888 10
0.1 12889 21
0.1 12890 21
0.1 12891 37
0.1 12892 48
0.1 12893 48
0.1 12894 59
0.1 12895 59
0.1 12896 43
0.1 12897 0
0.1 12898 0
0.1 12899 5
0.1 12900 5
0.1 12901 0
0.1 12902 10
0.1 12903 10
0.1 12904 10
0.1 12905 10
0.1 12906 16
0.1 12907 32
0.1 12908 37
0.1 12909 43
0.1 12910 37
0.1 12911 16
0.1 12912 21
0.1 12913 21
0.1 12914 10
0.1 12915 5
0.1 12916 0
0.1 12917 0
0.1 12918 5
0.1 12919 10
0.1 12920 10
0.1 12921 16
0.1 12922 21
0.1 12923 21
0.1 12924 21
0.1 12925 32
0.1 12926 37
0.1 12927 43
0.1 12928 54
0.1 12929 64
0.1 12930 70
0.1 12931 81
0.1 12932 97
0.1 12933 108
0.1 12934 113
0.1 12935 118
0.1 12936 113
0.1 12937 97
0.1 12938 102
0.1 12939 108
0.1 12940 113
0.1 12941 113
0.1 12942 124
0.1 12943 124
0.1 12944 124
0.1 12945 124
0.1 12946 129
0.1 12947 135
0.1 12948 129
0.1 12949 129
0.1 12950 129
0.1 12951 135
0.1 12952 135
0.1 12953 135
0.1 12954 135
0.1 12955 135
0.1 12956 135
0.1 12957 135
0.1 12958 135
0.1 12959 135
0.1 12960 135
0.1 12961 113
0.1 12962 129
0.1 12963 124
0.1 12964 129
0.1 12965 135
0.1 12966 129
0.1 12967 129
0.1 12968 135
0.1 12969 135
0.1 12970 135
0.1 12971 129
0.1 12972 135
0.1 12973 129
0.1 12974 135
0.1 12975 135
0.1 12976 135
0.1 12977 129
0.1 12978 135
0.1 12979 129
0.1 12980 129
0.1 12981 124
0.1 12982 135
0.1 12983 135
0.1 12984 135
0.1 12985 129
0.1 12986 135
0.1 12987 124
0.1 12988 129
0.1 12989 135
0.1 12990 135
0.1 12991 135
0.1 12992 135
0.1 12993 135
0.1 12994 118
0.1 12995 118
0.1 12996 129
0.1 12997 135
0.1 12998 135
0.1 12999 135
0.1 13000 135
0.1 13001 135
0.1 13002 135
0.1 13003 135
0.1 13004 135
0.1 13005 124
0.1 13006 135
0.1 13007 135
0.1 13008 113
0.1 13009 124
0.1 13010 124
0.1 13011 135
0.1 13012 135
0.1 13013 135
0.1 13014 129
0.1 13015 135
0.1 13016 135
0.1 13017 135
0.1 13018 135
0.1 13019 135
0.1 13020 129
0.1 13021 129
0.1 13022 135
0.1 13023 135
0.1 13024 129
0.1 13025 135
0.1 13026 135
0.1 13027 135
0.1 13028 135
0.1 13029 135
0.1 13030 135
0.1 13031 135
0.1 13032 135
0.1 13033 135
0.1 13034 135
0.1 13035 124
0.1 13036 124
0.1 13037 135
0.1 13038 124
0.1 13039 129
0.1 13040 135
0.1 13041 135
0.1 13042 129
0.1 13043 135
0.1 13044 135
0.1 13045 135
0.1 13046 135
0.1 13047 135
0.1 13048 135
0.1 13049 135
0.1 13050 129
0.1 13051 135
0.1 13052 124
0.1 13053 129
0.1 13054 135
0.1 13055 135
0.1 13056 135
0.1 13057 135
0.1 13058 135
0.1 13059 135
0.1 13060 135
0.1 13061 124
0.1 13062 129
0.1 13063 135
0.1 13064 135
0.1 13065 135
0.1 13066 135
0.1 13067 135
0.1 13068 135
0.1 13069 135
0.1 13070 135
0.1 13071 129
0.1 13072 135
0.1 13073 135
0.1 13074 135
0.1 13075 124
0.1 13076 124
0.1 13077 135
0.1 13078 135
0.1 13079 124
0.1 13080 135
0.1 13081 135
0.1 13082 129
0.1 13083 135
0.1 13084 135
0.1 13085 124
0.1 13086 135
0.1 13087 135
0.1 13088 124
0.1 13089 135
0.1 13090 129
0.1 13091 135
0.1 13092 135
0.1 13093 124
0.1 13094 135
0.1 13095 135
0.1 13096 135
0.1 13097 135
0.1 13098 129
0.1 13099 129
0.1 13100 129
0.1 13101 135
0.1 13102 135
0.1 13103 135
0.1 13104 135
0.1 13105 135
0.1 13106 135
0.1 13107 118
0.1 13108 118
0.1 13109 118
0.1 13110 129
0.1 13111 135
0.1 13112 135
0.1 13113 135
0.1 13114 135
0.1 13115 129
0.1 13116 135
0.1 13117 135
0.1 13118 135
0.1 13119 135
0.1 13120 135
0.1 13121 135
0.1 13122 129
0.1 13123 118
0.1 13124 118
0.1 13125 118
0.1 13126 118
0.1 13127 129
0.1 13128 135
0.1 13129 135
0.1 13130 135
0.1 13131 135
0.1 13132 135
0.1 13133 135
0.1 13134 135
0.1 13135 129
0.1 13136 135
0.1 13137 135
0.1 13138 135
0.1 13139 129
0.1 13140 135
0.1 13141 124
0.1 13142 129
0.1 13143 129
0.1 13144 135
0.1 13145 135
0.1 13146 135
0.1 13147 129
0.1 13148 135
0.1 13149 135
0.1 13150 135
0.1 13151 129
0.1 13152 124
0.1 13153 135
0.1 13154 124
0.1 13155 129
0.1 13156 135
0.1 13157 135
0.1 13158 135
0.1 13159 135
0.1 13160 135
0.1 13161 135
0.1 13162 135
0.1 13163 135
0.1 13164 135
0.1 13165 129
0.1 13166 129
0.1 13167 135
0.1 13168 135
0.1 13169 124
0.1 13170 124
0.1 13171 135
0.1 13172 124
0.1 13173 129
0.1 13174 135
0.1 13175 135
0.1 13176 135
0.1 13177 124
0.1 13178 129
0.1 13179 135
0.1 13180 129
0.1 13181 129
0.1 13182 135
0.1 13183 129
0.1 13184 124
0.1 13185 135
0.1 13186 129
0.1 13187 135
0.1 13188 129
0.1 13189 135
0.1 13190 124
0.1 13191 135
0.1 13192 124
0.1 13193 135
0.1 13194 124
0.1 13195 135
0.1 13196 135
0.1 13197 135
0.1 13198 135
0.1 13199 124
0.1 13200 135
0.1 13201 135
0.1 13202 135
0.1 13203 129
0.1 13204 129
0.1 13205 135
0.1 13206 124
0.1 13207 135
0.1 13208 135
0.1 13209 124
0.1 13210 124
0.1 13211 124
0.1 13212 135
0.1 13213 124
0.1 13214 108
0.1 13215 108
0.1 13216 108
0.1 13217 113
0.1 13218 129
0.1 13219 129
0.1 13220 135
0.1 13221 135
0.1 13222 124
0.1 13223 129
0.1 13224 135
0.1 13225 135
0.1 13226 135
0.1 13227 118
0.1 13228 118
0.1 13229 124
0.1 13230 129
0.1 13231 129
0.1 13232 124
0.1 13233 135
0.1 13234 124
0.1 13235 135
0.1 13236 124
0.1 13237 135
0.1 13238 135
0.1 13239 118
0.1 13240 135
0.1 13241 135
0.1 13242 124
0.1 13243 129
0.1 13244 135
0.1 13245 124
0.1 13246 135
0.1 13247 135
0.1 13248 135
0.1 13249 135
0.1 13250 135
0.1 13251 135
0.1 13252 124
0.1 13253 129
0.1 13254 135
0.1 13255 135
0.1 13256 118
0.1 13257 118
0.1 13258 129
0.1 13259 135
0.1 13260 135
0.1 13261 59
0.1 13262 27
0.1 13263 37
0.1 13264 37
0.1 13265 37
0.1 13266 48
0.1 13267 54
0.1 13268 64
0.1 13269 70
0.1 13270 75
0.1 13271 75
0.1 13272 16
0.1 13273 5
0.1 13274 0
0.1 13275 0
0.1 13276 0
0.1 13277 0
0.1 13278 0
0.1 13279 5
0.1 13280 16
0.1 13281 10
0.1 13282 0
0.1 13283 5
0.1 13284 16
0.1 13285 16
0.1 13286 5
0.1 13287 5
0.1 13288 21
0.1 13289 10
0.1 13290 0
0.1 13291 0
0.1 13292 0
0.1 13293 0
0.1 13294 0
0.1 13295 5
0.1 13296 10
0.1 13297 10
0.1 13298 27
0.1 13299 27
0.1 13300 27
0.1 13301 37
0.1 13302 37
0.1 13303 43
0.1 13304 43
0.1 13305 43
0.1 13306 43
0.1 13307 5
0.1 13308 10
0.1 13309 16
0.1 13310 10
0.1 13311 16
0.1 13312 21
0.1 13313 27
0.1 13314 32
0.1 13315 37
0.1 13316 54
0.1 13317 64
0.1 13318 64
0.1 13319 70
0.1 13320 59
0.1 13321 54
0.1 13322 59
0.1 13323 59
0.1 13324 75
0.1 13325 81
0.1 13326 81
0.1 13327 70
0.1 13328 70
0.1 13329 75
0.1 13330 81
0.1 13331 91
0.1 13332 108
0.1 13333 108
0.1 13334 118
0.1 13335 124
0.1 13336 129
0.1 13337 135
0.1 13338 113
0.1 13339 118
0.1 13340 118
0.1 13341 118
0.1 13342 129
0.1 13343 135
0.1 13344 135
0.1 13345 135
0.1 13346 118
0.1 13347 118
0.1 13348 124
0.1 13349 124
0.1 13350 135
0.1 13351 135
0.1 13352 129
0.1 13353 135
0.1 13354 59
0.1 13355 16
0.1 13356 10
0.1 13357 5
0.1 13358 16
0.1 13359 16
0.1 13360 16
0.1 13361 16
0.1 13362 16
0.1 13363 21
0.1 13364 21
0.1 13365 21
0.1 13366 32
0.1 13367 27
0.1 13368 37
0.1 13369 21
0.1 13370 32
0.1 13371 37
0.1 13372 37
0.1 13373 37
0.1 13374 43
0.1 13375 54
0.1 13376 64
0.1 13377 75
0.1 13378 75
0.1 13379 86
0.1 13380 91
0.1 13381 91
0.1 13382 97
0.1 13383 108
0.1 13384 108
0.1 13385 118
0.1 13386 118
0.1 13387 118
0.1 13388 86
0.1 13389 37
0.1 13390 37
0.1 13391 43
0.1 13392 48
0.1 13393 48
0.1 13394 48
0.1 13395 48
0.1 13396 64
0.1 13397 70
0.1 13398 75
0.1 13399 75
0.1 13400 91
0.1 13401 91
0.1 13402 102
0.1 13403 102
0.1 13404 102
0.1 13405 113
0.1 13406 124
0.1 13407 124
0.1 13408 124
0.1 13409 129
0.1 13410 129
0.1 13411 129
0.1 13412 135
0.1 13413 124
0.1 13414 124
0.1 13415 135
0.1 13416 135
0.1 13417 135
0.1 13418 135
0.1 13419 135
0.1 13420 129
0.1 13421 135
0.1 13422 135
0.1 13423 129
0.1 13424 135
0.1 13425 124
0.1 13426 129
0.1 13427 124
0.1 13428 135
0.1 13429 135
0.1 13430 135
0.1 13431 129
0.1 13432 124
0.1 13433 129
0.1 13434 124
0.1 13435 129
0.1 13436 129
0.1 13437 135
0.1 13438 135
0.1 13439 135
0.1 13440 129
0.1 13441 135
0.1 13442 135
0.1 13443 135
0.1 13444 135
0.1 13445 124
0.1 13446 129
0.1 13447 135
0.1 13448 135
0.1 13449 135
0.1 13450 135
0.1 13451 129
0.1 13452 135
0.1 13453 135
0.1 13454 135
0.1 13455 135
0.1 13456 135
0.1 13457 135
0.1 13458 129
0.1 13459 135
0.1 13460 129
0.1 13461 135
0.1 13462 135
0.1 13463 135
0.1 13464 135
0.1 13465 135
0.1 13466 135
0.1 13467 135
0.1 13468 135
0.1 13469 129
0.1 13470 135
0.1 13471 135
0.1 13472 135
0.1 13473 135
0.1 13474 135
0.1 13475 135
0.1 13476 135
0.1 13477 135
0.1 13478 135
0.1 13479 135
0.1 13480 129
0.1 13481 129
0.1 13482 135
0.1 13483 135
0.1 13484 135
0.1 13485 135
0.1 13486 135
0.1 13487 135
0.1 13488 124
0.1 13489 129
0.1 13490 129
0.1 13491 129
0.1 13492 135
0.1 13493 135
0.1 13494 135
0.1 13495 135
0.1 13496 135
0.1 13497 135
0.1 13498 135
0.1 13499 135
0.1 13500 135
0.1 13501 118
0.1 13502 135
0.1 13503 135
0.1 13504 135
0.1 13505 135
0.1 13506 135
0.1 13507 135
0.1 13508 124
0.1 13509 135
0.1 13510 135
0.1 13511 135
0.1 13512 135
0.1 13513 135
0.1 13514 135
0.1 13515 135
0.1 13516 135
0.1 13517 135
0.1 13518 135
0.1 13519 113
0.1 13520 118
0.1 13521 129
0.1 13522 129
0.1 13523 135
0.1 13524 135
0.1 13525 135
0.1 13526 135
0.1 13527 135
0.1 13528 135
0.1 13529 135
0.1 13530 135
0.1 13531 129
0.1 13532 129
0.1 13533 135
0.1 13534 135
0.1 13535 135
0.1 13536 135
0.1 13537 135
0.1 13538 135
0.1 13539 129
0.1 13540 135
0.1 13541 124
0.1 13542 135
0.1 13543 135
0.1 13544 135
0.1 13545 135
0.1 13546 135
0.1 13547 135
0.1 13548 135
0.1 13549 135
0.1 13550 135
0.1 13551 135
0.1 13552 124
0.1 13553 124
0.1 13554 135
0.1 13555 135
0.1 13556 124
0.1 13557 124
0.1 13558 124
0.1 13559 124
0.1 13560 124
0.1 13561 129
0.1 13562 135
0.1 13563 135
0.1 13564 124
0.1 13565 135
0.1 13566 124
0.1 13567 129
0.1 13568 129
0.1 13569 135
0.1 13570 124
0.1 13571 135
0.1 13572 135
0.1 13573 124
0.1 13574 129
0.1 13575 135
0.1 13576 124
0.1 13577 129
0.1 13578 135
0.1 13579 135
0.1 13580 135
0.1 13581 135
0.1 13582 135
0.1 13583 135
0.1 13584 135
0.1 13585 135
0.1 13586 135
0.1 13587 135
0.1 13588 135
0.1 13589 135
0.1 13590 135
0.1 13591 135
0.1 13592 129
0.1 13593 129
0.1 13594 135
0.1 13595 135
0.1 13596 135
0.1 13597 135
0.1 13598 135
0.1 13599 135
0.1 13600 135
0.1 13601 135
0.1 13602 135
0.1 13603 124
0.1 13604 124
0.1 13605 129
0.1 13606 135
0.1 13607 135
0.1 13608 135
0.1 13609 135
0.1 13610 124
0.1 13611 135
0.1 13612 135
0.1 13613 135
0.1 13614 135
0.1 13615 135
0.1 13616 129
0.1 13617 129
0.1 13618 124
0.1 13619 135
0.1 13620 135
0.1 13621 135
0.1 13622 135
0.1 13623 124
0.1 13624 129
0.1 13625 135
0.1 13626 118
0.1 13627 129
0.1 13628 135
0.1 13629 135
0.1 13630 135
0.1 13631 135
0.1 13632 118
0.1 13633 118
0.1 13634 124
0.1 13635 135
0.1 13636 124
0.1 13637 135
0.1 13638 135
0.1 13639 135
0.1 13640 135
0.1 13641 124
0.1 13642 135
0.1 13643 135
0.1 13644 124
0.1 13645 129
0.1 13646 124
0.1 13647 118
0.1 13648 108
0.1 13649 108
0.1 13650 118
0.1 13651 129
0.1 13652 135
0.1 13653 135
0.1 13654 135
0.1 13655 129
0.1 13656 135
0.1 13657 135
0.1 13658 118
0.1 13659 124
0.1 13660 124
0.1 13661 135
0.1 13662 135
0.1 13663 124
0.1 13664 129
0.1 13665 135
0.1 13666 135
0.1 13667 135
0.1 13668 124
0.1 13669 135
0.1 13670 135
0.1 13671 135
0.1 13672 135
0.1 13673 135
0.1 13674 135
0.1 13675 135
0.1 13676 118
0.1 13677 124
0.1 13678 124
0.1 13679 129
0.1 13680 129
0.1 13681 118
0.1 13682 124
0.1 13683 124
0.1 13684 135
0.1 13685 124
0.1 13686 129
0.1 13687 135
0.1 13688 118
0.1 13689 118
0.1 13690 118
0.1 13691 135
0.1 13692 135
0.1 13693 135
0.1 13694 135
0.1 13695 135
0.1 13696 135
0.1 13697 135
0.1 13698 129
0.1 13699 124
0.1 13700 129
0.1 13701 135
0.1 13702 129
0.1 13703 135
0.1 13704 135
0.1 13705 129
0.1 13706 129
0.1 13707 135
0.1 13708 135
0.1 13709 135
0.1 13710 135
0.1 13711 135
0.1 13712 135
0.1 13713 118
0.1 13714 118
0.1 13715 118
0.1 13716 135
0.1 13717 129
0.1 13718 129
0.1 13719 135
0.1 13720 129
0.1 13721 135
0.1 13722 135
0.1 13723 21
0.1 13724 5
0.1 13725 5
0.1 13726 16
0.1 13727 5
0.1 13728 5
0.1 13729 0
0.1 13730 5
0.1 13731 10
0.1 13732 0
0.1 13733 0
0.1 13734 0
0.1 13735 0
0.1 13736 0
0.1 13737 0
0.1 13738 0
0.1 13739 0
0.1 13740 5
0.1 13741 5
0.1 13742 10
0.1 13743 10
0.1 13744 0
0.1 13745 0
0.1 13746 0
0.1 13747 0
0.1 13748 16
0.1 13749 27
0.1 13750 10
0.1 13751 0
0.1 13752 5
0.1 13753 5
0.1 13754 0
0.1 13755 0
0.1 13756 0
0.1 13757 0
0.1 13758 5
0.1 13759 16
0.1 13760 5
0.1 13761 10
0.1 13762 0
0.1 13763 16
0.1 13764 16
0.1 13765 27
0.1 13766 0
0.1 13767 0
0.1 13768 5
0.1 13769 0
0.1 13770 0
0.1 13771 0
0.1 13772 0
0.1 13773 0
0.1 13774 5
0.1 13775 5
0.1 13776 5
0.1 13777 0
0.1 13778 10
0.1 13779 5
0.1 13780 5
0.1 13781 0
0.1 13782 5
0.1 13783 0
0.1 13784 5
0.1 13785 0
0.1 13786 0
0.1 13787 0
0.1 13788 0
0.1 13789 0
0.1 13790 0
0.1 13791 0
0.1 13792 5
0.1 13793 0
0.1 13794 0
0.1 13795 0
0.1 13796 0
0.1 13797 0
0.1 13798 0
0.1 13799 0
0.1 13800 0
0.1 13801 10
0.1 13802 16
0.1 13803 10
0.1 13804 10
0.1 13805 10
0.1 13806 10
0.1 13807 10
0.1 13808 21
0.1 13809 27
0.1 13810 5
0.1 13811 5
0.1 13812 0
0.1 13813 0
0.1 13814 0
0.1 13815 0
0.1 13816 10
0.1 13817 21
0.1 13818 37
0.1 13819 32
0.1 13820 27
0.1 13821 32
0.1 13822 43
0.1 13823 43
0.1 13824 43
0.1 13825 48
0.1 13826 64
0.1 13827 64
0.1 13828 70
0.1 13829 48
0.1 13830 43
0.1 13831 43
0.1 13832 54
0.1 13833 64
0.1 13834 59
0.1 13835 54
0.1 13836 59
0.1 13837 64
0.1 13838 64
0.1 13839 75
0.1 13840 91
0.1 13841 102
0.1 13842 108
0.1 13843 86
0.1 13844 86
0.1 13845 97
0.1 13846 102
0.1 13847 86
0.1 13848 102
0.1 13849 102
0.1 13850 102
0.1 13851 102
0.1 13852 108
0.1 13853 118
0.1 13854 70
0.1 13855 21
0.1 13856 10
0.1 13857 21
0.1 13858 16
0.1 13859 21
0.1 13860 27
0.1 13861 32
0.1 13862 32
0.1 13863 32
0.1 13864 37
0.1 13865 48
0.1 13866 48
0.1 13867 54
0.1 13868 64
0.1 13869 64
0.1 13870 75
0.1 13871 75
0.1 13872 75
0.1 13873 86
0.1 13874 86
0.1 13875 86
0.1 13876 97
0.1 13877 97
0.1 13878 102
0.1 13879 118
0.1 13880 124
0.1 13881 118
0.1 13882 118
0.1 13883 124
0.1 13884 124
0.1 13885 124
0.1 13886 129
0.1 13887 129
0.1 13888 129
0.1 13889 129
0.1 13890 135
0.1 13891 135
0.1 13892 135
0.1 13893 135
0.1 13894 135
0.1 13895 129
0.1 13896 135
0.1 13897 135
0.1 13898 135
0.1 13899 135
0.1 13900 135
0.1 13901 135
0.1 13902 129
0.1 13903 135
0.1 13904 129
0.1 13905 135
0.1 13906 135
0.1 13907 135
0.1 13908 113
0.1 13909 118
0.1 13910 135
0.1 13911 135
0.1 13912 135
0.1 13913 135
0.1 13914 129
0.1 13915 118
0.1 13916 129
0.1 13917 135
0.1 13918 124
0.1 13919 129
0.1 13920 129
0.1 13921 129
0.1 13922 135
0.1 13923 135
0.1 13924 129
0.1 13925 129
0.1 13926 135
0.1 13927 135
0.1 13928 135
0.1 13929 135
0.1 13930 135
0.1 13931 113
0.1 13932 118
0.1 13933 135
0.1 13934 135
0.1 13935 135
0.1 13936 135
0.1 13937 129
0.1 13938 129
0.1 13939 129
0.1 13940 135
0.1 13941 135
0.1 13942 135
0.1 13943 135
0.1 13944 118
0.1 13945 124
0.1 13946 135
0.1 13947 135
0.1 13948 129
0.1 13949 129
0.1 13950 135
0.1 13951 135
0.1 13952 135
0.1 13953 129
0.1 13954 118
0.1 13955 124
0.1 13956 124
0.1 13957 129
0.1 13958 135
0.1 13959 124
0.1 13960 135
0.1 13961 135
0.1 13962 135
0.1 13963 135
0.1 13964 135
0.1 13965 135
0.1 13966 135
0.1 13967 135
0.1 13968 113
0.1 13969 118
0.1 13970 118
0.1 13971 124
0.1 13972 129
0.1 13973 129
0.1 13974 135
0.1 13975 135
0.1 13976 135
0.1 13977 135
0.1 13978 124
0.1 13979 129
0.1 13980 135
0.1 13981 135
0.1 13982 135
0.1 13983 118
0.1 13984 135
0.1 13985 135
0.1 13986 135
0.1 13987 135
0.1 13988 135
0.1 13989 108
0.1 13990 108
0.1 13991 113
0.1 13992 113
0.1 13993 129
0.1 13994 129
0.1 13995 135
0.1 13996 135
0.1 13997 135
0.1 13998 135
0.1 13999 135
0.1 14000 135
0.1 14001 129
0.1 14002 135
0.1 14003 129
0.1 14004 135
0.1 14005 135
0.1 14006 135
0.1 14007 135
0.1 14008 135
0.1 14009 135
0.1 14010 129
0.1 14011 118
0.1 14012 124
0.1 14013 124
0.1 14014 124
0.1 14015 135
0.1 14016 135
0.1 14017 135
0.1 14018 135
0.1 14019 135
0.1 14020 129
0.1 14021 135
0.1 14022 135
0.1 14023 124
0.1 14024 124
0.1 14025 129
0.1 14026 135
0.1 14027 135
0.1 14028 135
0.1 14029 135
0.1 14030 135
0.1 14031 135
0.1 14032 135
0.1 14033 135
0.1 14034 135
0.1 14035 124
0.1 14036 129
0.1 14037 135
0.1 14038 135
0.1 14039 135
0.1 14040 135
0.1 14041 135
0.1 14042 135
0.1 14043 124
0.1 14044 118
0.1 14045 124
0.1 14046 129
0.1 14047 135
0.1 14048 135
0.1 14049 124
0.1 14050 124
0.1 14051 135
0.1 14052 135
0.1 14053 135
0.1 14054 129
0.1 14055 129
0.1 14056 129
0.1 14057 124
0.1 14058 135
0.1 14059 135
0.1 14060 135
0.1 14061 135
0.1 14062 124
0.1 14063 124
0.1 14064 129
0.1 14065 135
0.1 14066 135
0.1 14067 135
0.1 14068 135
0.1 14069 108
0.1 14070 113
0.1 14071 129
0.1 14072 135
0.1 14073 124
0.1 14074 129
0.1 14075 135
0.1 14076 118
0.1 14077 124
0.1 14078 129
0.1 14079 135
0.1 14080 135
0.1 14081 135
0.1 14082 135
0.1 14083 129
0.1 14084 135
0.1 14085 135
0.1 14086 135
0.1 14087 135
0.1 14088 124
0.1 14089 129
0.1 14090 129
0.1 14091 135
0.1 14092 129
0.1 14093 135
0.1 14094 135
0.1 14095 135
0.1 14096 135
0.1 14097 129
0.1 14098 129
0.1 14099 129
0.1 14100 113
0.1 14101 118
0.1 14102 124
0.1 14103 135
0.1 14104 124
0.1 14105 129
0.1 14106 135
0.1 14107 135
0.1 14108 118
0.1 14109 124
0.1 14110 135
0.1 14111 135
0.1 14112 135
0.1 14113 124
0.1 14114 129
0.1 14115 124
0.1 14116 129
0.1 14117 135
0.1 14118 135
0.1 14119 118
0.1 14120 118
0.1 14121 124
0.1 14122 129
0.1 14123 135
0.1 14124 135
0.1 14125 135
0.1 14126 135
0.1 14127 124
0.1 14128 129
0.1 14129 129
0.1 14130 135
0.1 14131 124
0.1 14132 124
0.1 14133 135
0.1 14134 135
0.1 14135 135
0.1 14136 118
0.1 14137 113
0.1 14138 124
0.1 14139 129
0.1 14140 129
0.1 14141 135
0.1 14142 118
0.1 14143 124
0.1 14144 124
0.1 14145 135
0.1 14146 124
0.1 14147 135
0.1 14148 135
0.1 14149 135
0.1 14150 124
0.1 14151 129
0.1 14152 135
0.1 14153 135
0.1 14154 113
0.1 14155 129
0.1 14156 129
0.1 14157 135
0.1 14158 135
0.1 14159 135
0.1 14160 135
0.1 14161 135
0.1 14162 135
0.1 14163 135
0.1 14164 135
0.1 14165 135
0.1 14166 135
0.1 14167 135
0.1 14168 135
0.1 14169 135
0.1 14170 135
0.1 14171 124
0.1 14172 129
0.1 14173 135
0.1 14174 135
0.1 14175 135
0.1 14176 135
0.1 14177 135
0.1 14178 135
0.1 14179 135
0.1 14180 135
0.1 14181 135
0.1 14182 129
0.1 14183 124
0.1 14184 129
0.1 14185 129
0.1 14186 135
0.1 14187 135
0.1 14188 124
0.1 14189 124
0.1 14190 135
0.1 14191 135
0.1 14192 129
0.1 14193 135
0.1 14194 129
0.1 14195 118
0.1 14196 124
0.1 14197 118
0.1 14198 118
0.1 14199 124
0.1 14200 129
0.1 14201 129
0.1 14202 118
0.1 14203 124
0.1 14204 129
0.1 14205 135
0.1 14206 135
0.1 14207 135
0.1 14208 129
0.1 14209 124
0.1 14210 124
0.1 14211 129
0.1 14212 135
0.1 14213 124
0.1 14214 124
0.1 14215 135
0.1 14216 124
0.1 14217 124
0.1 14218 135
0.1 14219 135
0.1 14220 135
0.1 14221 135
0.1 14222 54
0.1 14223 0
0.1 14224 0
0.1 14225 0
0.1 14226 5
0.1 14227 0
0.1 14228 0
0.1 14229 0
0.1 14230 0
0.1 14231 5
0.1 14232 0
0.1 14233 0
0.1 14234 5
0.1 14235 16
0.1 14236 5
0.1 14237 5
0.1 14238 10
0.1 14239 10
0.1 14240 10
0.1 14241 16
0.1 14242 5
0.1 14243 0
0.1 14244 10
0.1 14245 0
0.1 14246 0
0.1 14247 0
0.1 14248 0
0.1 14249 5
0.1 14250 16
0.1 14251 21
0.1 14252 5
0.1 14253 10
0.1 14254 0
0.1 14255 5
0.1 14256 16
0.1 14257 0
0.1 14258 0
0.1 14259 0
0.1 14260 10
0.1 14261 5
0.1 14262 5
0.1 14263 16
0.1 14264 27
0.1 14265 27
0.1 14266 27
0.1 14267 37
0.1 14268 43
0.1 14269 48
0.1 14270 54
0.1 14271 54
0.1 14272 54
0.1 14273 54
0.1 14274 16
0.1 14275 10
0.1 14276 0
0.1 14277 0
0.1 14278 0
0.1 14279 0
0.1 14280 0
0.1 14281 0
0.1 14282 0
0.1 14283 0
0.1 14284 21
0.1 14285 21
0.1 14286 0
0.1 14287 0
0.1 14288 0
0.1 14289 5
0.1 14290 0
0.1 14291 0
0.1 14292 0
0.1 14293 5
0.1 14294 5
0.1 14295 10
0.1 14296 10
0.1 14297 10
0.1 14298 10
0.1 14299 10
0.1 14300 10
0.1 14301 16
0.1 14302 16
0.1 14303 16
0.1 14304 21
0.1 14305 21
0.1 14306 16
0.1 14307 16
0.1 14308 5
0.1 14309 5
0.1 14310 5
0.1 14311 5
0.1 14312 16
0.1 14313 16
0.1 14314 21
0.1 14315 27
0.1 14316 27
0.1 14317 27
0.1 14318 37
0.1 14319 48
0.1 14320 59
0.1 14321 59
0.1 14322 59
0.1 14323 59
0.1 14324 59
0.1 14325 70
0.1 14326 70
0.1 14327 81
0.1 14328 86
0.1 14329 97
0.1 14330 97
0.1 14331 97
0.1 14332 102
0.1 14333 108
0.1 14334 108
0.1 14335 118
0.1 14336 118
0.1 14337 124
0.1 14338 135
0.1 14339 135
0.1 14340 135
0.1 14341 129
0.1 14342 124
0.1 14343 129
0.1 14344 124
0.1 14345 135
0.1 14346 118
0.1 14347 135
0.1 14348 135
0.1 14349 135
0.1 14350 135
0.1 14351 135
0.1 14352 124
0.1 14353 129
0.1 14354 124
0.1 14355 135
0.1 14356 135
0.1 14357 135
0.1 14358 91
0.1 14359 0
0.1 14360 0
0.1 14361 0
0.1 14362 0
0.1 14363 0
0.1 14364 5
0.1 14365 0
0.1 14366 0
0.1 14367 0
0.1 14368 0
0.1 14369 0
0.1 14370 0
0.1 14371 0
0.1 14372 0
0.1 14373 0
0.1 14374 0
0.1 14375 0
0.1 14376 0
0.1 14377 0
0.1 14378 0
0.1 14379 5
0.1 14380 5
0.1 14381 10
0.1 14382 16
0.1 14383 0
0.1 14384 0
0.1 14385 0
0.1 14386 5
0.1 14387 5
0.1 14388 5
0.1 14389 10
0.1 14390 0
0.1 14391 0
0.1 14392 0
0.1 14393 5
0.1 14394 16
0.1 14395 10
0.1 14396 5
0.1 14397 0
0.1 14398 0
0.1 14399 0
0.1 14400 0
0.1 14401 0
0.1 14402 10
0.1 14403 10
0.1 14404 16
0.1 14405 21
0.1 14406 21
0.1 14407 21
0.1 14408 21
0.1 14409 27
0.1 14410 27
0.1 14411 32
0.1 14412 37
0.1 14413 54
0.1 14414 64
0.1 14415 64
0.1 14416 70
0.1 14417 75
0.1 14418 81
0.1 14419 86
0.1 14420 81
0.1 14421 81
0.1 14422 81
0.1 14423 70
0.1 14424 37
0.1 14425 37
0.1 14426 37
0.1 14427 37
0.1 14428 37
0.1 14429 48
0.1 14430 64
0.1 14431 64
0.1 14432 70
0.1 14433 70
0.1 14434 64
0.1 14435 70
0.1 14436 75
0.1 14437 75
0.1 14438 75
0.1 14439 86
0.1 14440 91
0.1 14441 102
0.1 14442 108
0.1 14443 113
0.1 14444 124
0.1 14445 135
0.1 14446 135
0.1 14447 135
0.1 14448 135
0.1 14449 135
0.1 14450 129
0.1 14451 129
0.1 14452 129
0.1 14453 135
0.1 14454 135
0.1 14455 124
0.1 14456 129
0.1 14457 129
0.1 14458 135
0.1 14459 135
0.1 14460 135
0.1 14461 124
0.1 14462 129
0.1 14463 135
0.1 14464 135
0.1 14465 135
0.1 14466 135
0.1 14467 124
0.1 14468 129
0.1 14469 135
0.1 14470 135
0.1 14471 135
0.1 14472 135
0.1 14473 135
0.1 14474 135
0.1 14475 124
0.1 14476 135
0.1 14477 135
0.1 14478 124
0.1 14479 129
0.1 14480 135
0.1 14481 135
0.1 14482 135
0.1 14483 129
0.1 14484 135
0.1 14485 124
0.1 14486 124
0.1 14487 124
0.1 14488 135
0.1 14489 124
0.1 14490 135
0.1 14491 135
0.1 14492 124
0.1 14493 129
0.1 14494 135
0.1 14495 135
0.1 14496 135
0.1 14497 135
0.1 14498 129
0.1 14499 135
0.1 14500 135
0.1 14501 135
0.1 14502 124
0.1 14503 124
0.1 14504 124
0.1 14505 135
0.1 14506 135
0.1 14507 135
0.1 14508 135
0.1 14509 135
0.1 14510 135
0.1 14511 135
0.1 14512 135
0.1 14513 135
0.1 14514 135
0.1 14515 135
0.1 14516 129
0.1 14517 135
0.1 14518 135
0.1 14519 135
0.1 14520 135
0.1 14521 135
0.1 14522 135
0.1 14523 135
0.1 14524 135
0.1 14525 124
0.1 14526 135
0.1 14527 129
0.1 14528 129
0.1 14529 118
0.1 14530 118
0.1 14531 129
0.1 14532 135
0.1 14533 135
0.1 14534 113
0.1 14535 118
0.1 14536 124
0.1 14537 135
0.1 14538 135
0.1 14539 135
0.1 14540 135
0.1 14541 135
0.1 14542 135
0.1 14543 135
0.1 14544 135
0.1 14545 135
0.1 14546 124
0.1 14547 135
0.1 14548 135
0.1 14549 135
0.1 14550 135
0.1 14551 135
0.1 14552 135
0.1 14553 135
0.1 14554 135
0.1 14555 135
0.1 14556 124
0.1 14557 129
0.1 14558 97
0.1 14559 102
0.1 14560 108
0.1 14561 118
0.1 14562 118
0.1 14563 124
0.1 14564 124
0.1 14565 135
0.1 14566 118
0.1 14567 124
0.1 14568 135
0.1 14569 135
0.1 14570 124
0.1 14571 135
0.1 14572 135
0.1 14573 135
0.1 14574 135
0.1 14575 129
0.1 14576 135
0.1 14577 129
0.1 14578 124
0.1 14579 124
0.1 14580 135
0.1 14581 124
0.1 14582 129
0.1 14583 135
0.1 14584 135
0.1 14585 135
0.1 14586 135
0.1 14587 135
0.1 14588 135
0.1 14589 135
0.1 14590 135
0.1 14591 129
0.1 14592 135
0.1 14593 135
0.1 14594 135
0.1 14595 135
0.1 14596 135
0.1 14597 135
0.1 14598 135
0.1 14599 135
0.1 14600 135
0.1 14601 129
0.1 14602 118
0.1 14603 135
0.1 14604 135
0.1 14605 135
0.1 14606 135
0.1 14607 135
0.1 14608 135
0.1 14609 135
0.1 14610 135
0.1 14611 135
0.1 14612 124
0.1 14613 129
0.1 14614 135
0.1 14615 135
0.1 14616 135
0.1 14617 135
0.1 14618 135
0.1 14619 135
0.1 14620 124
0.1 14621 113
0.1 14622 118
0.1 14623 118
0.1 14624 124
0.1 14625 124
0.1 14626 118
0.1 14627 124
0.1 14628 135
0.1 14629 135
0.1 14630 135
0.1 14631 135
0.1 14632 135
0.1 14633 135
0.1 14634 135
0.1 14635 118
0.1 14636 124
0.1 14637 124
0.1 14638 124
0.1 14639 129
0.1 14640 135
0.1 14641 129
0.1 14642 135
0.1 14643 135
0.1 14644 135
0.1 14645 135
0.1 14646 135
0.1 14647 135
0.1 14648 135
0.1 14649 135
0.1 14650 135
0.1 14651 124
0.1 14652 129
0.1 14653 129
0.1 14654 129
0.1 14655 135
0.1 14656 135
0.1 14657 135
0.1 14658 135
0.1 14659 135
0.1 14660 135
0.1 14661 135
0.1 14662 118
0.1 14663 118
0.1 14664 118
0.1 14665 129
0.1 14666 135
0.1 14667 135
0.1 14668 135
0.1 14669 118
0.1 14670 124
0.1 14671 124
0.1 14672 129
0.1 14673 135
0.1 14674 135
0.1 14675 135
0.1 14676 135
0.1 14677 135
0.1 14678 135
0.1 14679 135
0.1 14680 135
0.1 14681 129
0.1 14682 129
0.1 14683 135
0.1 14684 135
0.1 14685 135
0.1 14686 135
0.1 14687 135
0.1 14688 113
0.1 14689 129
0.1 14690 135
0.1 14691 135
0.1 14692 124
0.1 14693 129
0.1 14694 135
0.1 14695 135
0.1 14696 124
0.1 14697 124
0.1 14698 135
0.1 14699 113
0.1 14700 113
0.1 14701 108
0.1 14702 118
0.1 14703 124
0.1 14704 135
0.1 14705 124
0.1 14706 129
0.1 14707 135
0.1 14708 135
0.1 14709 135
0.1 14710 135
0.1 14711 135
0.1 14712 129
0.1 14713 135
0.1 14714 135
0.1 14715 135
0.1 14716 129
0.1 14717 118
0.1 14718 129
0.1 14719 124
0.1 14720 129
0.1 14721 135
0.1 14722 129
0.1 14723 135
0.1 14724 124
0.1 14725 129
0.1 14726 135
0.1 14727 135
0.1 14728 118
0.1 14729 118
0.1 14730 129
0.1 14731 135
0.1 14732 135
0.1 14733 124
0.1 14734 124
0.1 14735 135
0.1 14736 135
0.1 14737 135
0.1 14738 135
0.1 14739 129
0.1 14740 124
0.1 14741 124
0.1 14742 129
0.1 14743 129
0.1 14744 124
0.1 14745 124
0.1 14746 135
0.1 14747 135
0.1 14748 135
0.1 14749 124
0.1 14750 135
0.1 14751 124
0.1 14752 135
0.1 14753 129
0.1 14754 129
0.1 14755 135
0.1 14756 135
0.1 14757 135
0.1 14758 135
0.1 14759 135
0.1 14760 135
0.1 14761 135
0.1 14762 135
0.1 14763 135
0.1 14764 135
0.1 14765 135
0.1 14766 64
0.1 14767 0
0.1 14768 5
0.1 14769 5
0.1 14770 5
0.1 14771 10
0.1 14772 0
0.1 14773 5
0.1 14774 5
0.1 14775 5
0.1 14776 5
0.1 14777 0
0.1 14778 5
0.1 14779 5
0.1 14780 5
0.1 14781 5
0.1 14782 5
0.1 14783 5
0.1 14784 5
0.1 14785 5
0.1 14786 5
0.1 14787 10
0.1 14788 16
0.1 14789 21
0.1 14790 27
0.1 14791 32
0.1 14792 37
0.1 14793 48
0.1 14794 10
0.1 14795 5
0.1 14796 5
0.1 14797 0
0.1 14798 10
0.1 14799 10
0.1 14800 10
0.1 14801 10
0.1 14802 10
0.1 14803 16
0.1 14804 21
0.1 14805 21
0.1 14806 16
0.1 14807 21
0.1 14808 21
0.1 14809 21
0.1 14810 32
0.1 14811 43
0.1 14812 48
0.1 14813 48
0.1 14814 54
0.1 14815 75
0.1 14816 75
0.1 14817 59
0.1 14818 48
0.1 14819 54
0.1 14820 54
0.1 14821 54
0.1 14822 64
0.1 14823 70
0.1 14824 81
0.1 14825 81
0.1 14826 81
0.1 14827 81
0.1 14828 81
0.1 14829 91
0.1 14830 102
0.1 14831 118
0.1 14832 129
0.1 14833 135
0.1 14834 129
0.1 14835 124
0.1 14836 124
0.1 14837 124
0.1 14838 135
0.1 14839 135
0.1 14840 135
0.1 14841 135
0.1 14842 135
0.1 14843 135
0.1 14844 135
0.1 14845 129
0.1 14846 135
0.1 14847 135
0.1 14848 135
0.1 14849 135
0.1 14850 135
0.1 14851 27
0.1 14852 16
0.1 14853 16
0.1 14854 21
0.1 14855 16
0.1 14856 0
0.1 14857 5
0.1 14858 5
0.1 14859 10
0.1 14860 16
0.1 14861 21
0.1 14862 21
0.1 14863 37
0.1 14864 37
0.1 14865 48
0.1 14866 59
0.1 14867 64
0.1 14868 37
0.1 14869 37
0.1 14870 43
0.1 14871 48
0.1 14872 48
0.1 14873 59
0.1 14874 48
0.1 14875 54
0.1 14876 54
0.1 14877 70
0.1 14878 75
0.1 14879 75
0.1 14880 75
0.1 14881 86
0.1 14882 97
0.1 14883 86
0.1 14884 86
0.1 14885 81
0.1 14886 0
0.1 14887 5
0.1 14888 5
0.1 14889 0
0.1 14890 0
0.1 14891 5
0.1 14892 5
0.1 14893 10
0.1 14894 10
0.1 14895 27
0.1 14896 27
0.1 14897 27
0.1 14898 27
0.1 14899 27
0.1 14900 32
0.1 14901 37
0.1 14902 37
0.1 14903 48
0.1 14904 54
0.1 14905 54
0.1 14906 54
0.1 14907 54
0.1 14908 37
0.1 14909 10
0.1 14910 10
0.1 14911 16
0.1 14912 0
0.1 14913 10
0.1 14914 10
0.1 14915 10
0.1 14916 10
0.1 14917 21
0.1 14918 16
0.1 14919 16
0.1 14920 16
0.1 14921 21
0.1 14922 21
0.1 14923 27
0.1 14924 37
0.1 14925 43
0.1 14926 43
0.1 14927 43
0.1 14928 48
0.1 14929 43
0.1 14930 5
0.1 14931 10
0.1 14932 21
0.1 14933 27
0.1 14934 21
0.1 14935 27
0.1 14936 32
0.1 14937 43
0.1 14938 32
0.1 14939 37
0.1 14940 54
0.1 14941 59
0.1 14942 59
0.1 14943 70
0.1 14944 70
0.1 14945 81
0.1 14946 91
0.1 14947 97
0.1 14948 108
0.1 14949 102
0.1 14950 102
0.1 14951 102
0.1 14952 102
0.1 14953 113
0.1 14954 124
0.1 14955 129
0.1 14956 135
0.1 14957 135
0.1 14958 124
0.1 14959 129
0.1 14960 135
0.1 14961 129
0.1 14962 124
0.1 14963 135
0.1 14964 135
0.1 14965 135
0.1 14966 135
0.1 14967 118
0.1 14968 118
0.1 14969 118
0.1 14970 124
0.1 14971 124
0.1 14972 118
0.1 14973 118
0.1 14974 124
0.1 14975 135
0.1 14976 135
0.1 14977 118
0.1 14978 118
0.1 14979 124
0.1 14980 129
0.1 14981 124
0.1 14982 124
0.1 14983 124
0.1 14984 124
0.1 14985 124
0.1 14986 129
0.1 14987 135
0.1 14988 135
0.1 14989 135
0.1 14990 124
0.1 14991 135
0.1 14992 135
0.1 14993 135
0.1 14994 135
0.1 14995 135
0.1 14996 135
0.1 14997 135
0.1 14998 129
0.1 14999 124
