0.1 10001 135
0.1 10002 135
0.1 10003 108
0.1 10004 135
0.1 10005 135
0.1 10006 135
0.1 10007 135
0.1 10008 108
0.1 10009 135
0.1 10010 135
0.1 10011 135
0.1 10012 135
0.1 10013 135
0.1 10014 135
0.1 10015 135
0.1 10016 135
0.1 10017 135
0.1 10018 108
0.1 10019 135
0.1 10020 135
0.1 10021 135
0.1 10022 108
0.1 10023 135
0.1 10024 135
0.1 10025 135
0.1 10026 108
0.1 10027 135
0.1 10028 108
0.1 10029 135
0.1 10030 108
0.1 10031 135
0.1 10032 108
0.1 10033 135
0.1 10034 135
0.1 10035 135
0.1 10036 108
0.1 10037 108
0.1 10038 135
0.1 10039 135
0.1 10040 135
0.1 10041 108
0.1 10042 135
0.1 10043 135
0.1 10044 135
0.1 10045 108
0.1 10046 135
0.1 10047 108
0.1 10048 135
0.1 10049 135
0.1 10050 135
0.1 10051 108
0.1 10052 135
0.1 10053 135
0.1 10054 108
0.1 10055 135
0.1 10056 108
0.1 10057 108
0.1 10058 108
0.1 10059 135
0.1 10060 135
0.1 10061 135
0.1 10062 108
0.1 10063 135
0.1 10064 108
0.1 10065 108
0.1 10066 135
0.1 10067 108
0.1 10068 108
0.1 10069 108
0.1 10070 108
0.1 10071 135
0.1 10072 135
0.1 10073 135
0.1 10074 135
0.1 10075 108
0.1 10076 135
0.1 10077 108
0.1 10078 135
0.1 10079 135
0.1 10080 108
0.1 10081 135
0.1 10082 135
0.1 10083 108
0.1 10084 135
0.1 10085 135
0.1 10086 135
0.1 10087 108
0.1 10088 135
0.1 10089 135
0.1 10090 135
0.1 10091 135
0.1 10092 135
0.1 10093 108
0.1 10094 135
0.1 10095 135
0.1 10096 135
0.1 10097 135
0.1 10098 135
0.1 10099 135
0.1 10100 135
0.1 10101 108
0.1 10102 135
0.1 10103 108
0.1 10104 135
0.1 10105 108
0.1 10106 108
0.1 10107 135
0.1 10108 135
0.1 10109 135
0.1 10110 135
0.1 10111 135
0.1 10112 108
0.1 10113 135
0.1 10114 135
0.1 10115 135
0.1 10116 135
0.1 10117 108
0.1 10118 135
0.1 10119 108
0.1 10120 135
0.1 10121 135
0.1 10122 135
0.1 10123 135
0.1 10124 108
0.1 10125 135
0.1 10126 135
0.1 10127 135
0.1 10128 135
0.1 10129 135
0.1 10130 108
0.1 10131 108
0.1 10132 108
0.1 10133 108
0.1 10134 135
0.1 10135 108
0.1 10136 108
0.1 10137 135
0.1 10138 135
0.1 10139 135
0.1 10140 135
0.1 10141 135
0.1 10142 135
0.1 10143 135
0.1 10144 135
0.1 10145 135
0.1 10146 135
0.1 10147 135
0.1 10148 135
0.1 10149 81
0.1 10150 108
0.1 10151 135
0.1 10152 135
0.1 10153 135
0.1 10154 135
0.1 10155 135
0.1 10156 135
0.1 10157 135
0.1 10158 108
0.1 10159 135
0.1 10160 135
0.1 10161 108
0.1 10162 108
0.1 10163 108
0.1 10164 135
0.1 10165 135
0.1 10166 108
0.1 10167 135
0.1 10168 108
0.1 10169 135
0.1 10170 135
0.1 10171 108
0.1 10172 108
0.1 10173 135
0.1 10174 135
0.1 10175 135
0.1 10176 135
0.1 10177 135
0.1 10178 108
0.1 10179 135
0.1 10180 135
0.1 10181 108
0.1 10182 135
0.1 10183 135
0.1 10184 135
0.1 10185 135
0.1 10186 135
0.1 10187 108
0.1 10188 108
0.1 10189 135
0.1 10190 135
0.1 10191 135
0.1 10192 135
0.1 10193 135
0.1 10194 108
0.1 10195 135
0.1 10196 135
0.1 10197 135
0.1 10198 108
0.1 10199 108
0.1 10200 135
0.1 10201 108
0.1 10202 135
0.1 10203 135
0.1 10204 108
0.1 10205 108
0.1 10206 135
0.1 10207 135
0.1 10208 108
0.1 10209 135
0.1 10210 135
0.1 10211 135
0.1 10212 135
0.1 10213 108
0.1 10214 108
0.1 10215 135
0.1 10216 135
0.1 10217 135
0.1 10218 108
0.1 10219 108
0.1 10220 135
0.1 10221 135
0.1 10222 108
0.1 10223 135
0.1 10224 135
0.1 10225 135
0.1 10226 135
0.1 10227 135
0.1 10228 135
0.1 10229 135
0.1 10230 108
0.1 10231 135
0.1 10232 108
0.1 10233 135
0.1 10234 135
0.1 10235 135
0.1 10236 108
0.1 10237 108
0.1 10238 108
0.1 10239 135
0.1 10240 135
0.1 10241 108
0.1 10242 135
0.1 10243 135
0.1 10244 135
0.1 10245 108
0.1 10246 135
0.1 10247 135
0.1 10248 135
0.1 10249 135
0.1 10250 135
0.1 10251 135
0.1 10252 135
0.1 10253 135
0.1 10254 108
0.1 10255 135
0.1 10256 135
0.1 10257 135
0.1 10258 135
0.1 10259 135
0.1 10260 135
0.1 10261 135
0.1 10262 135
0.1 10263 135
0.1 10264 135
0.1 10265 135
0.1 10266 135
0.1 10267 135
0.1 10268 108
0.1 10269 108
0.1 10270 135
0.1 10271 135
0.1 10272 108
0.1 10273 135
0.1 10274 135
0.1 10275 108
0.1 10276 135
0.1 10277 108
0.1 10278 135
0.1 10279 135
0.1 10280 135
0.1 10281 135
0.1 10282 135
0.1 10283 135
0.1 10284 135
0.1 10285 135
0.1 10286 135
0.1 10287 135
0.1 10288 135
0.1 10289 108
0.1 10290 108
0.1 10291 135
0.1 10292 108
0.1 10293 108
0.1 10294 108
0.1 10295 108
0.1 10296 81
0.1 10297 108
0.1 10298 135
0.1 10299 135
0.1 10300 135
0.1 10301 135
0.1 10302 135
0.1 10303 108
0.1 10304 135
0.1 10305 108
0.1 10306 135
0.1 10307 135
0.1 10308 108
0.1 10309 135
0.1 10310 135
0.1 10311 135
0.1 10312 108
0.1 10313 135
0.1 10314 135
0.1 10315 135
0.1 10316 108
0.1 10317 108
0.1 10318 108
0.1 10319 135
0.1 10320 135
0.1 10321 135
0.1 10322 135
0.1 10323 108
0.1 10324 108
0.1 10325 135
0.1 10326 135
0.1 10327 135
0.1 10328 135
0.1 10329 135
0.1 10330 135
0.1 10331 135
0.1 10332 135
0.1 10333 135
0.1 10334 135
0.1 10335 135
0.1 10336 135
0.1 10337 135
0.1 10338 135
0.1 10339 108
0.1 10340 108
0.1 10341 108
0.1 10342 135
0.1 10343 135
0.1 10344 108
0.1 10345 135
0.1 10346 135
0.1 10347 135
0.1 10348 135
0.1 10349 108
0.1 10350 135
0.1 10351 108
0.1 10352 108
0.1 10353 81
0.1 10354 108
0.1 10355 54
0.1 10356 54
0.1 10357 54
0.1 10358 81
0.1 10359 81
0.1 10360 108
0.1 10361 135
0.1 10362 108
0.1 10363 135
0.1 10364 108
0.1 10365 108
0.1 10366 135
0.1 10367 135
0.1 10368 135
0.1 10369 135
0.1 10370 135
0.1 10371 108
0.1 10372 108
0.1 10373 108
0.1 10374 135
0.1 10375 108
0.1 10376 135
0.1 10377 135
0.1 10378 135
0.1 10379 135
0.1 10380 135
0.1 10381 108
0.1 10382 135
0.1 10383 135
0.1 10384 135
0.1 10385 135
0.1 10386 108
0.1 10387 108
0.1 10388 135
0.1 10389 135
0.1 10390 135
0.1 10391 135
0.1 10392 135
0.1 10393 135
0.1 10394 135
0.1 10395 135
0.1 10396 135
0.1 10397 135
0.1 10398 135
0.1 10399 108
0.1 10400 135
0.1 10401 135
0.1 10402 135
0.1 10403 135
0.1 10404 135
0.1 10405 108
0.1 10406 135
0.1 10407 135
0.1 10408 135
0.1 10409 135
0.1 10410 108
0.1 10411 135
0.1 10412 135
0.1 10413 108
0.1 10414 135
0.1 10415 108
0.1 10416 135
0.1 10417 108
0.1 10418 135
0.1 10419 108
0.1 10420 135
0.1 10421 135
0.1 10422 135
0.1 10423 135
0.1 10424 135
0.1 10425 108
0.1 10426 108
0.1 10427 135
0.1 10428 108
0.1 10429 135
0.1 10430 135
0.1 10431 135
0.1 10432 135
0.1 10433 108
0.1 10434 108
0.1 10435 108
0.1 10436 135
0.1 10437 135
0.1 10438 108
0.1 10439 135
0.1 10440 135
0.1 10441 81
0.1 10442 81
0.1 10443 108
0.1 10444 108
0.1 10445 108
0.1 10446 135
0.1 10447 135
0.1 10448 108
0.1 10449 135
0.1 10450 135
0.1 10451 135
0.1 10452 135
0.1 10453 135
0.1 10454 108
0.1 10455 135
0.1 10456 135
0.1 10457 135
0.1 10458 135
0.1 10459 108
0.1 10460 108
0.1 10461 135
0.1 10462 135
0.1 10463 108
0.1 10464 135
0.1 10465 108
0.1 10466 81
0.1 10467 54
0.1 10468 54
0.1 10469 81
0.1 10470 108
0.1 10471 135
0.1 10472 108
0.1 10473 135
0.1 10474 135
0.1 10475 108
0.1 10476 135
0.1 10477 135
0.1 10478 108
0.1 10479 108
0.1 10480 135
0.1 10481 135
0.1 10482 135
0.1 10483 135
0.1 10484 135
0.1 10485 135
0.1 10486 135
0.1 10487 135
0.1 10488 108
0.1 10489 135
0.1 10490 108
0.1 10491 108
0.1 10492 135
0.1 10493 135
0.1 10494 135
0.1 10495 135
0.1 10496 135
0.1 10497 108
0.1 10498 81
0.1 10499 108
0.1 10500 108
0.1 10501 135
0.1 10502 81
0.1 10503 108
0.1 10504 135
0.1 10505 135
0.1 10506 135
0.1 10507 135
0.1 10508 135
0.1 10509 135
0.1 10510 108
0.1 10511 135
0.1 10512 135
0.1 10513 108
0.1 10514 135
0.1 10515 135
0.1 10516 135
0.1 10517 135
0.1 10518 135
0.1 10519 135
0.1 10520 108
0.1 10521 135
0.1 10522 135
0.1 10523 135
0.1 10524 108
0.1 10525 135
0.1 10526 135
0.1 10527 108
0.1 10528 135
0.1 10529 135
0.1 10530 135
0.1 10531 135
0.1 10532 135
0.1 10533 108
0.1 10534 108
0.1 10535 135
0.1 10536 135
0.1 10537 81
0.1 10538 108
0.1 10539 108
0.1 10540 108
0.1 10541 135
0.1 10542 108
0.1 10543 135
0.1 10544 135
0.1 10545 108
0.1 10546 108
0.1 10547 135
0.1 10548 135
0.1 10549 81
0.1 10550 81
0.1 10551 108
0.1 10552 135
0.1 10553 135
0.1 10554 135
0.1 10555 135
0.1 10556 135
0.1 10557 135
0.1 10558 108
0.1 10559 135
0.1 10560 108
0.1 10561 135
0.1 10562 108
0.1 10563 108
0.1 10564 135
0.1 10565 108
0.1 10566 135
0.1 10567 135
0.1 10568 135
0.1 10569 108
0.1 10570 135
0.1 10571 135
0.1 10572 135
0.1 10573 108
0.1 10574 135
0.1 10575 108
0.1 10576 135
0.1 10577 135
0.1 10578 108
0.1 10579 135
0.1 10580 135
0.1 10581 135
0.1 10582 108
0.1 10583 81
0.1 10584 108
0.1 10585 108
0.1 10586 135
0.1 10587 108
0.1 10588 108
0.1 10589 135
0.1 10590 135
0.1 10591 108
0.1 10592 135
0.1 10593 135
0.1 10594 135
0.1 10595 135
0.1 10596 108
0.1 10597 135
0.1 10598 135
0.1 10599 135
0.1 10600 135
0.1 10601 135
0.1 10602 135
0.1 10603 135
0.1 10604 135
0.1 10605 135
0.1 10606 108
0.1 10607 108
0.1 10608 135
0.1 10609 135
0.1 10610 135
0.1 10611 135
0.1 10612 108
0.1 10613 108
0.1 10614 108
0.1 10615 108
0.1 10616 135
0.1 10617 135
0.1 10618 135
0.1 10619 135
0.1 10620 135
0.1 10621 81
0.1 10622 108
0.1 10623 135
0.1 10624 108
0.1 10625 135
0.1 10626 135
0.1 10627 135
0.1 10628 108
0.1 10629 135
0.1 10630 135
0.1 10631 135
0.1 10632 108
0.1 10633 108
0.1 10634 135
0.1 10635 135
0.1 10636 135
0.1 10637 135
0.1 10638 135
0.1 10639 135
0.1 10640 135
0.1 10641 135
0.1 10642 135
0.1 10643 108
0.1 10644 135
0.1 10645 108
0.1 10646 135
0.1 10647 135
0.1 10648 108
0.1 10649 135
0.1 10650 135
0.1 10651 135
0.1 10652 135
0.1 10653 135
0.1 10654 135
0.1 10655 135
0.1 10656 135
0.1 10657 0
0.1 10658 27
0.1 10659 27
0.1 10660 54
0.1 10661 81
0.1 10662 81
0.1 10663 81
0.1 10664 81
0.1 10665 108
0.1 10666 135
0.1 10667 135
0.1 10668 135
0.1 10669 135
0.1 10670 135
0.1 10671 108
0.1 10672 108
0.1 10673 135
0.1 10674 135
0.1 10675 135
0.1 10676 108
0.1 10677 108
0.1 10678 135
0.1 10679 135
0.1 10680 135
0.1 10681 108
0.1 10682 135
0.1 10683 135
0.1 10684 135
0.1 10685 108
0.1 10686 135
0.1 10687 135
0.1 10688 108
0.1 10689 108
0.1 10690 108
0.1 10691 135
0.1 10692 135
0.1 10693 108
0.1 10694 135
0.1 10695 135
0.1 10696 108
0.1 10697 135
0.1 10698 108
0.1 10699 135
0.1 10700 135
0.1 10701 135
0.1 10702 135
0.1 10703 135
0.1 10704 135
0.1 10705 135
0.1 10706 135
0.1 10707 135
0.1 10708 135
0.1 10709 135
0.1 10710 135
0.1 10711 108
0.1 10712 135
0.1 10713 135
0.1 10714 135
0.1 10715 135
0.1 10716 135
0.1 10717 135
0.1 10718 135
0.1 10719 108
0.1 10720 135
0.1 10721 135
0.1 10722 135
0.1 10723 108
0.1 10724 135
0.1 10725 135
0.1 10726 135
0.1 10727 108
0.1 10728 135
0.1 10729 108
0.1 10730 135
0.1 10731 108
0.1 10732 135
0.1 10733 108
0.1 10734 135
0.1 10735 108
0.1 10736 135
0.1 10737 135
0.1 10738 108
0.1 10739 135
0.1 10740 135
0.1 10741 135
0.1 10742 135
0.1 10743 135
0.1 10744 135
0.1 10745 27
0.1 10746 27
0.1 10747 54
0.1 10748 81
0.1 10749 108
0.1 10750 81
0.1 10751 54
0.1 10752 81
0.1 10753 81
0.1 10754 108
0.1 10755 108
0.1 10756 135
0.1 10757 135
0.1 10758 108
0.1 10759 108
0.1 10760 108
0.1 10761 135
0.1 10762 135
0.1 10763 108
0.1 10764 108
0.1 10765 108
0.1 10766 135
0.1 10767 135
0.1 10768 135
0.1 10769 135
0.1 10770 108
0.1 10771 135
0.1 10772 135
0.1 10773 135
0.1 10774 135
0.1 10775 135
0.1 10776 108
0.1 10777 108
0.1 10778 108
0.1 10779 135
0.1 10780 108
0.1 10781 135
0.1 10782 135
0.1 10783 135
0.1 10784 108
0.1 10785 135
0.1 10786 108
0.1 10787 135
0.1 10788 135
0.1 10789 135
0.1 10790 108
0.1 10791 135
0.1 10792 135
0.1 10793 135
0.1 10794 135
0.1 10795 135
0.1 10796 135
0.1 10797 135
0.1 10798 108
0.1 10799 108
0.1 10800 135
0.1 10801 108
0.1 10802 135
0.1 10803 135
0.1 10804 108
0.1 10805 135
0.1 10806 135
0.1 10807 135
0.1 10808 135
0.1 10809 108
0.1 10810 108
0.1 10811 135
0.1 10812 135
0.1 10813 108
0.1 10814 135
0.1 10815 135
0.1 10816 108
0.1 10817 135
0.1 10818 135
0.1 10819 135
0.1 10820 108
0.1 10821 108
0.1 10822 108
0.1 10823 135
0.1 10824 108
0.1 10825 108
0.1 10826 108
0.1 10827 135
0.1 10828 135
0.1 10829 135
0.1 10830 108
0.1 10831 135
0.1 10832 108
0.1 10833 135
0.1 10834 135
0.1 10835 135
0.1 10836 108
0.1 10837 135
0.1 10838 135
0.1 10839 135
0.1 10840 108
0.1 10841 135
0.1 10842 135
0.1 10843 108
0.1 10844 135
0.1 10845 135
0.1 10846 135
0.1 10847 135
0.1 10848 135
0.1 10849 135
0.1 10850 135
0.1 10851 135
0.1 10852 135
0.1 10853 135
0.1 10854 54
0.1 10855 81
0.1 10856 81
0.1 10857 81
0.1 10858 81
0.1 10859 108
0.1 10860 135
0.1 10861 108
0.1 10862 135
0.1 10863 135
0.1 10864 135
0.1 10865 135
0.1 10866 135
0.1 10867 135
0.1 10868 135
0.1 10869 135
0.1 10870 135
0.1 10871 135
0.1 10872 135
0.1 10873 135
0.1 10874 108
0.1 10875 135
0.1 10876 135
0.1 10877 135
0.1 10878 108
0.1 10879 108
0.1 10880 108
0.1 10881 135
0.1 10882 108
0.1 10883 108
0.1 10884 135
0.1 10885 108
0.1 10886 135
0.1 10887 135
0.1 10888 135
0.1 10889 108
0.1 10890 135
0.1 10891 135
0.1 10892 108
0.1 10893 135
0.1 10894 135
0.1 10895 135
0.1 10896 108
0.1 10897 108
0.1 10898 135
0.1 10899 135
0.1 10900 135
0.1 10901 108
0.1 10902 108
0.1 10903 135
0.1 10904 108
0.1 10905 108
0.1 10906 108
0.1 10907 135
0.1 10908 135
0.1 10909 135
0.1 10910 135
0.1 10911 135
0.1 10912 108
0.1 10913 135
0.1 10914 135
0.1 10915 135
0.1 10916 108
0.1 10917 108
0.1 10918 108
0.1 10919 135
0.1 10920 135
0.1 10921 135
0.1 10922 108
0.1 10923 108
0.1 10924 135
0.1 10925 135
0.1 10926 135
0.1 10927 135
0.1 10928 108
0.1 10929 135
0.1 10930 135
0.1 10931 135
0.1 10932 135
0.1 10933 135
0.1 10934 135
0.1 10935 108
0.1 10936 135
0.1 10937 135
0.1 10938 135
0.1 10939 135
0.1 10940 108
0.1 10941 135
0.1 10942 108
0.1 10943 108
0.1 10944 135
0.1 10945 135
0.1 10946 135
0.1 10947 135
0.1 10948 135
0.1 10949 135
0.1 10950 135
0.1 10951 108
0.1 10952 135
0.1 10953 108
0.1 10954 135
0.1 10955 135
0.1 10956 135
0.1 10957 135
0.1 10958 135
0.1 10959 81
0.1 10960 108
0.1 10961 135
0.1 10962 135
0.1 10963 135
0.1 10964 108
0.1 10965 135
0.1 10966 135
0.1 10967 135
0.1 10968 135
0.1 10969 108
0.1 10970 108
0.1 10971 135
0.1 10972 135
0.1 10973 108
0.1 10974 135
0.1 10975 108
0.1 10976 135
0.1 10977 108
0.1 10978 135
0.1 10979 135
0.1 10980 108
0.1 10981 108
0.1 10982 108
0.1 10983 135
0.1 10984 108
0.1 10985 135
0.1 10986 108
0.1 10987 108
0.1 10988 108
0.1 10989 135
0.1 10990 108
0.1 10991 108
0.1 10992 135
0.1 10993 135
0.1 10994 135
0.1 10995 135
0.1 10996 135
0.1 10997 135
0.1 10998 108
0.1 10999 135
0.1 11000 135
0.1 11001 135
0.1 11002 108
0.1 11003 135
0.1 11004 108
0.1 11005 81
0.1 11006 108
0.1 11007 135
0.1 11008 135
0.1 11009 135
0.1 11010 108
0.1 11011 135
0.1 11012 108
0.1 11013 135
0.1 11014 108
0.1 11015 135
0.1 11016 135
0.1 11017 108
0.1 11018 135
0.1 11019 108
0.1 11020 108
0.1 11021 108
0.1 11022 108
0.1 11023 135
0.1 11024 135
0.1 11025 135
0.1 11026 108
0.1 11027 135
0.1 11028 135
0.1 11029 108
0.1 11030 135
0.1 11031 108
0.1 11032 108
0.1 11033 108
0.1 11034 135
0.1 11035 135
0.1 11036 108
0.1 11037 135
0.1 11038 108
0.1 11039 135
0.1 11040 135
0.1 11041 135
0.1 11042 108
0.1 11043 108
0.1 11044 135
0.1 11045 135
0.1 11046 135
0.1 11047 108
0.1 11048 108
0.1 11049 135
0.1 11050 135
0.1 11051 135
0.1 11052 135
0.1 11053 135
0.1 11054 108
0.1 11055 135
0.1 11056 135
0.1 11057 135
0.1 11058 135
0.1 11059 108
0.1 11060 135
0.1 11061 135
0.1 11062 108
0.1 11063 135
0.1 11064 108
0.1 11065 135
0.1 11066 108
0.1 11067 135
0.1 11068 135
0.1 11069 135
0.1 11070 135
0.1 11071 135
0.1 11072 135
0.1 11073 135
0.1 11074 135
0.1 11075 135
0.1 11076 108
0.1 11077 135
0.1 11078 108
0.1 11079 135
0.1 11080 135
0.1 11081 108
0.1 11082 108
0.1 11083 135
0.1 11084 135
0.1 11085 108
0.1 11086 108
0.1 11087 108
0.1 11088 108
0.1 11089 135
0.1 11090 108
0.1 11091 135
0.1 11092 135
0.1 11093 135
0.1 11094 135
0.1 11095 135
0.1 11096 135
0.1 11097 135
0.1 11098 108
0.1 11099 135
0.1 11100 135
0.1 11101 135
0.1 11102 108
0.1 11103 135
0.1 11104 135
0.1 11105 135
0.1 11106 135
0.1 11107 135
0.1 11108 135
0.1 11109 135
0.1 11110 135
0.1 11111 135
0.1 11112 135
0.1 11113 108
0.1 11114 108
0.1 11115 108
0.1 11116 108
0.1 11117 135
0.1 11118 108
0.1 11119 135
0.1 11120 135
0.1 11121 135
0.1 11122 108
0.1 11123 108
0.1 11124 108
0.1 11125 108
0.1 11126 108
0.1 11127 108
0.1 11128 108
0.1 11129 135
0.1 11130 135
0.1 11131 135
0.1 11132 135
0.1 11133 108
0.1 11134 135
0.1 11135 135
0.1 11136 108
0.1 11137 108
0.1 11138 108
0.1 11139 135
0.1 11140 108
0.1 11141 135
0.1 11142 135
0.1 11143 135
0.1 11144 135
0.1 11145 135
0.1 11146 135
0.1 11147 135
0.1 11148 108
0.1 11149 108
0.1 11150 108
0.1 11151 108
0.1 11152 135
0.1 11153 135
0.1 11154 108
0.1 11155 135
0.1 11156 108
0.1 11157 135
0.1 11158 135
0.1 11159 135
0.1 11160 135
0.1 11161 135
0.1 11162 135
0.1 11163 135
0.1 11164 135
0.1 11165 108
0.1 11166 135
0.1 11167 135
0.1 11168 108
0.1 11169 135
0.1 11170 135
0.1 11171 135
0.1 11172 135
0.1 11173 108
0.1 11174 108
0.1 11175 108
0.1 11176 135
0.1 11177 135
0.1 11178 135
0.1 11179 135
0.1 11180 135
0.1 11181 135
0.1 11182 135
0.1 11183 135
0.1 11184 135
0.1 11185 108
0.1 11186 135
0.1 11187 135
0.1 11188 135
0.1 11189 108
0.1 11190 135
0.1 11191 135
0.1 11192 135
0.1 11193 135
0.1 11194 135
0.1 11195 135
0.1 11196 135
0.1 11197 108
0.1 11198 108
0.1 11199 108
0.1 11200 108
0.1 11201 135
0.1 11202 135
0.1 11203 135
0.1 11204 135
0.1 11205 135
0.1 11206 135
0.1 11207 108
0.1 11208 108
0.1 11209 135
0.1 11210 135
0.1 11211 135
0.1 11212 135
0.1 11213 135
0.1 11214 135
0.1 11215 108
0.1 11216 135
0.1 11217 108
0.1 11218 135
0.1 11219 108
0.1 11220 135
0.1 11221 135
0.1 11222 108
0.1 11223 135
0.1 11224 135
0.1 11225 135
0.1 11226 108
0.1 11227 108
0.1 11228 108
0.1 11229 135
0.1 11230 81
0.1 11231 81
0.1 11232 81
0.1 11233 108
0.1 11234 135
0.1 11235 135
0.1 11236 135
0.1 11237 135
0.1 11238 135
0.1 11239 135
0.1 11240 135
0.1 11241 135
0.1 11242 135
0.1 11243 135
0.1 11244 135
0.1 11245 135
0.1 11246 135
0.1 11247 108
0.1 11248 108
0.1 11249 108
0.1 11250 135
0.1 11251 135
0.1 11252 108
0.1 11253 108
0.1 11254 135
0.1 11255 108
0.1 11256 108
0.1 11257 135
0.1 11258 135
0.1 11259 135
0.1 11260 135
0.1 11261 108
0.1 11262 108
0.1 11263 108
0.1 11264 108
0.1 11265 135
0.1 11266 108
0.1 11267 135
0.1 11268 135
0.1 11269 135
0.1 11270 135
0.1 11271 135
0.1 11272 108
0.1 11273 135
0.1 11274 135
0.1 11275 135
0.1 11276 108
0.1 11277 135
0.1 11278 135
0.1 11279 135
0.1 11280 135
0.1 11281 108
0.1 11282 135
0.1 11283 135
0.1 11284 108
0.1 11285 108
0.1 11286 135
0.1 11287 108
0.1 11288 135
0.1 11289 135
0.1 11290 135
0.1 11291 135
0.1 11292 135
0.1 11293 81
0.1 11294 108
0.1 11295 108
0.1 11296 135
0.1 11297 135
0.1 11298 135
0.1 11299 135
0.1 11300 108
0.1 11301 135
0.1 11302 135
0.1 11303 108
0.1 11304 135
0.1 11305 135
0.1 11306 108
0.1 11307 108
0.1 11308 135
0.1 11309 135
0.1 11310 135
0.1 11311 135
0.1 11312 135
0.1 11313 135
0.1 11314 135
0.1 11315 108
0.1 11316 135
0.1 11317 135
0.1 11318 135
0.1 11319 108
0.1 11320 108
0.1 11321 108
0.1 11322 135
0.1 11323 108
0.1 11324 108
0.1 11325 135
0.1 11326 108
0.1 11327 135
0.1 11328 108
0.1 11329 135
0.1 11330 108
0.1 11331 135
0.1 11332 135
0.1 11333 108
0.1 11334 135
0.1 11335 135
0.1 11336 108
0.1 11337 135
0.1 11338 108
0.1 11339 135
0.1 11340 135
0.1 11341 108
0.1 11342 135
0.1 11343 135
0.1 11344 135
0.1 11345 135
0.1 11346 135
0.1 11347 108
0.1 11348 135
0.1 11349 108
0.1 11350 108
0.1 11351 135
0.1 11352 81
0.1 11353 108
0.1 11354 135
0.1 11355 135
0.1 11356 135
0.1 11357 108
0.1 11358 135
0.1 11359 135
0.1 11360 135
0.1 11361 108
0.1 11362 135
0.1 11363 108
0.1 11364 135
0.1 11365 135
0.1 11366 135
0.1 11367 108
0.1 11368 135
0.1 11369 135
0.1 11370 135
0.1 11371 108
0.1 11372 135
0.1 11373 135
0.1 11374 108
0.1 11375 135
0.1 11376 135
0.1 11377 135
0.1 11378 135
0.1 11379 108
0.1 11380 135
0.1 11381 81
0.1 11382 108
0.1 11383 108
0.1 11384 108
0.1 11385 108
0.1 11386 135
0.1 11387 108
0.1 11388 108
0.1 11389 135
0.1 11390 135
0.1 11391 108
0.1 11392 135
0.1 11393 135
0.1 11394 108
0.1 11395 135
0.1 11396 81
0.1 11397 108
0.1 11398 135
0.1 11399 108
0.1 11400 135
0.1 11401 135
0.1 11402 135
0.1 11403 135
0.1 11404 135
0.1 11405 135
0.1 11406 108
0.1 11407 135
0.1 11408 135
0.1 11409 108
0.1 11410 135
0.1 11411 135
0.1 11412 135
0.1 11413 135
0.1 11414 135
0.1 11415 108
0.1 11416 135
0.1 11417 135
0.1 11418 135
0.1 11419 135
0.1 11420 108
0.1 11421 135
0.1 11422 108
0.1 11423 135
0.1 11424 135
0.1 11425 135
0.1 11426 108
0.1 11427 135
0.1 11428 108
0.1 11429 108
0.1 11430 135
0.1 11431 135
0.1 11432 108
0.1 11433 135
0.1 11434 135
0.1 11435 135
0.1 11436 108
0.1 11437 108
0.1 11438 135
0.1 11439 135
0.1 11440 135
0.1 11441 108
0.1 11442 135
0.1 11443 108
0.1 11444 135
0.1 11445 135
0.1 11446 135
0.1 11447 135
0.1 11448 135
0.1 11449 108
0.1 11450 135
0.1 11451 108
0.1 11452 135
0.1 11453 135
0.1 11454 135
0.1 11455 108
0.1 11456 135
0.1 11457 108
0.1 11458 108
0.1 11459 135
0.1 11460 108
0.1 11461 135
0.1 11462 135
0.1 11463 135
0.1 11464 135
0.1 11465 108
0.1 11466 108
0.1 11467 135
0.1 11468 135
0.1 11469 135
0.1 11470 108
0.1 11471 108
0.1 11472 135
0.1 11473 108
0.1 11474 135
0.1 11475 135
0.1 11476 108
0.1 11477 135
0.1 11478 108
0.1 11479 108
0.1 11480 108
0.1 11481 135
0.1 11482 135
0.1 11483 108
0.1 11484 108
0.1 11485 108
0.1 11486 135
0.1 11487 135
0.1 11488 135
0.1 11489 135
0.1 11490 135
0.1 11491 108
0.1 11492 108
0.1 11493 135
0.1 11494 135
0.1 11495 108
0.1 11496 108
0.1 11497 135
0.1 11498 108
0.1 11499 108
0.1 11500 108
0.1 11501 135
0.1 11502 135
0.1 11503 135
0.1 11504 135
0.1 11505 108
0.1 11506 108
0.1 11507 135
0.1 11508 108
0.1 11509 135
0.1 11510 135
0.1 11511 108
0.1 11512 135
0.1 11513 135
0.1 11514 108
0.1 11515 135
0.1 11516 135
0.1 11517 108
0.1 11518 135
0.1 11519 135
0.1 11520 135
0.1 11521 135
0.1 11522 135
0.1 11523 135
0.1 11524 108
0.1 11525 135
0.1 11526 135
0.1 11527 135
0.1 11528 135
0.1 11529 135
0.1 11530 135
0.1 11531 135
0.1 11532 108
0.1 11533 135
0.1 11534 135
0.1 11535 108
0.1 11536 108
0.1 11537 135
0.1 11538 108
0.1 11539 135
0.1 11540 135
0.1 11541 108
0.1 11542 135
0.1 11543 108
0.1 11544 135
0.1 11545 108
0.1 11546 135
0.1 11547 135
0.1 11548 135
0.1 11549 135
0.1 11550 135
0.1 11551 135
0.1 11552 108
0.1 11553 108
0.1 11554 135
0.1 11555 108
0.1 11556 108
0.1 11557 108
0.1 11558 108
0.1 11559 135
0.1 11560 108
0.1 11561 135
0.1 11562 135
0.1 11563 135
0.1 11564 135
0.1 11565 108
0.1 11566 135
0.1 11567 135
0.1 11568 135
0.1 11569 108
0.1 11570 108
0.1 11571 135
0.1 11572 135
0.1 11573 108
0.1 11574 135
0.1 11575 108
0.1 11576 135
0.1 11577 135
0.1 11578 135
0.1 11579 108
0.1 11580 135
0.1 11581 135
0.1 11582 135
0.1 11583 135
0.1 11584 108
0.1 11585 108
0.1 11586 135
0.1 11587 135
0.1 11588 108
0.1 11589 108
0.1 11590 135
0.1 11591 135
0.1 11592 135
0.1 11593 135
0.1 11594 135
0.1 11595 135
0.1 11596 135
0.1 11597 135
0.1 11598 135
0.1 11599 135
0.1 11600 135
0.1 11601 135
0.1 11602 135
0.1 11603 135
0.1 11604 135
0.1 11605 108
0.1 11606 135
0.1 11607 135
0.1 11608 135
0.1 11609 135
0.1 11610 135
0.1 11611 135
0.1 11612 135
0.1 11613 135
0.1 11614 108
0.1 11615 135
0.1 11616 135
0.1 11617 135
0.1 11618 135
0.1 11619 135
0.1 11620 108
0.1 11621 108
0.1 11622 135
0.1 11623 108
0.1 11624 135
0.1 11625 108
0.1 11626 135
0.1 11627 135
0.1 11628 135
0.1 11629 135
0.1 11630 108
0.1 11631 135
0.1 11632 135
0.1 11633 135
0.1 11634 108
0.1 11635 81
0.1 11636 108
0.1 11637 108
0.1 11638 135
0.1 11639 108
0.1 11640 108
0.1 11641 108
0.1 11642 135
0.1 11643 135
0.1 11644 108
0.1 11645 108
0.1 11646 135
0.1 11647 108
0.1 11648 135
0.1 11649 135
0.1 11650 108
0.1 11651 108
0.1 11652 135
0.1 11653 108
0.1 11654 135
0.1 11655 135
0.1 11656 135
0.1 11657 135
0.1 11658 135
0.1 11659 108
0.1 11660 108
0.1 11661 135
0.1 11662 108
0.1 11663 135
0.1 11664 135
0.1 11665 135
0.1 11666 108
0.1 11667 108
0.1 11668 135
0.1 11669 108
0.1 11670 135
0.1 11671 135
0.1 11672 135
0.1 11673 135
0.1 11674 135
0.1 11675 135
0.1 11676 135
0.1 11677 135
0.1 11678 135
0.1 11679 108
0.1 11680 135
0.1 11681 135
0.1 11682 135
0.1 11683 135
0.1 11684 135
0.1 11685 135
0.1 11686 108
0.1 11687 108
0.1 11688 108
0.1 11689 135
0.1 11690 108
0.1 11691 135
0.1 11692 108
0.1 11693 108
0.1 11694 108
0.1 11695 108
0.1 11696 135
0.1 11697 108
0.1 11698 108
0.1 11699 108
0.1 11700 135
0.1 11701 135
0.1 11702 135
0.1 11703 135
0.1 11704 135
0.1 11705 135
0.1 11706 135
0.1 11707 135
0.1 11708 135
0.1 11709 135
0.1 11710 135
0.1 11711 135
0.1 11712 135
0.1 11713 135
0.1 11714 135
0.1 11715 135
0.1 11716 135
0.1 11717 135
0.1 11718 108
0.1 11719 135
0.1 11720 135
0.1 11721 135
0.1 11722 135
0.1 11723 108
0.1 11724 135
0.1 11725 135
0.1 11726 135
0.1 11727 135
0.1 11728 108
0.1 11729 135
0.1 11730 108
0.1 11731 108
0.1 11732 135
0.1 11733 81
0.1 11734 81
0.1 11735 108
0.1 11736 108
0.1 11737 135
0.1 11738 108
0.1 11739 108
0.1 11740 135
0.1 11741 108
0.1 11742 108
0.1 11743 108
0.1 11744 108
0.1 11745 135
0.1 11746 108
0.1 11747 135
0.1 11748 135
0.1 11749 81
0.1 11750 81
0.1 11751 27
0.1 11752 27
0.1 11753 54
0.1 11754 81
0.1 11755 108
0.1 11756 135
0.1 11757 135
0.1 11758 108
0.1 11759 108
0.1 11760 135
0.1 11761 135
0.1 11762 135
0.1 11763 135
0.1 11764 135
0.1 11765 135
0.1 11766 135
0.1 11767 135
0.1 11768 108
0.1 11769 135
0.1 11770 108
0.1 11771 135
0.1 11772 108
0.1 11773 135
0.1 11774 135
0.1 11775 135
0.1 11776 135
0.1 11777 108
0.1 11778 135
0.1 11779 135
0.1 11780 108
0.1 11781 135
0.1 11782 108
0.1 11783 108
0.1 11784 135
0.1 11785 135
0.1 11786 108
0.1 11787 108
0.1 11788 135
0.1 11789 135
0.1 11790 108
0.1 11791 108
0.1 11792 108
0.1 11793 135
0.1 11794 108
0.1 11795 135
0.1 11796 135
0.1 11797 135
0.1 11798 135
0.1 11799 135
0.1 11800 135
0.1 11801 135
0.1 11802 108
0.1 11803 108
0.1 11804 108
0.1 11805 135
0.1 11806 108
0.1 11807 135
0.1 11808 135
0.1 11809 135
0.1 11810 135
0.1 11811 135
0.1 11812 135
0.1 11813 135
0.1 11814 135
0.1 11815 135
0.1 11816 135
0.1 11817 135
0.1 11818 135
0.1 11819 135
0.1 11820 135
0.1 11821 108
0.1 11822 135
0.1 11823 135
0.1 11824 108
0.1 11825 108
0.1 11826 135
0.1 11827 108
0.1 11828 135
0.1 11829 135
0.1 11830 108
0.1 11831 135
0.1 11832 108
0.1 11833 108
0.1 11834 135
0.1 11835 108
0.1 11836 135
0.1 11837 135
0.1 11838 135
0.1 11839 108
0.1 11840 135
0.1 11841 135
0.1 11842 135
0.1 11843 135
0.1 11844 108
0.1 11845 108
0.1 11846 135
0.1 11847 135
0.1 11848 135
0.1 11849 135
0.1 11850 108
0.1 11851 135
0.1 11852 135
0.1 11853 108
0.1 11854 135
0.1 11855 135
0.1 11856 135
0.1 11857 135
0.1 11858 135
0.1 11859 135
0.1 11860 135
0.1 11861 135
0.1 11862 135
0.1 11863 135
0.1 11864 108
0.1 11865 108
0.1 11866 135
0.1 11867 135
0.1 11868 135
0.1 11869 135
0.1 11870 135
0.1 11871 135
0.1 11872 108
0.1 11873 135
0.1 11874 108
0.1 11875 135
0.1 11876 108
0.1 11877 135
0.1 11878 135
0.1 11879 108
0.1 11880 108
0.1 11881 135
0.1 11882 27
0.1 11883 54
0.1 11884 54
0.1 11885 81
0.1 11886 108
0.1 11887 135
0.1 11888 108
0.1 11889 135
0.1 11890 135
0.1 11891 108
0.1 11892 135
0.1 11893 135
0.1 11894 135
0.1 11895 108
0.1 11896 135
0.1 11897 108
0.1 11898 135
0.1 11899 135
0.1 11900 108
0.1 11901 135
0.1 11902 135
0.1 11903 135
0.1 11904 135
0.1 11905 135
0.1 11906 135
0.1 11907 135
0.1 11908 135
0.1 11909 135
0.1 11910 108
0.1 11911 54
0.1 11912 81
0.1 11913 108
0.1 11914 81
0.1 11915 108
0.1 11916 135
0.1 11917 108
0.1 11918 108
0.1 11919 135
0.1 11920 108
0.1 11921 135
0.1 11922 135
0.1 11923 135
0.1 11924 135
0.1 11925 135
0.1 11926 108
0.1 11927 108
0.1 11928 135
0.1 11929 135
0.1 11930 108
0.1 11931 135
0.1 11932 135
0.1 11933 135
0.1 11934 135
0.1 11935 135
0.1 11936 135
0.1 11937 135
0.1 11938 135
0.1 11939 135
0.1 11940 135
0.1 11941 135
0.1 11942 135
0.1 11943 135
0.1 11944 135
0.1 11945 108
0.1 11946 135
0.1 11947 135
0.1 11948 81
0.1 11949 81
0.1 11950 108
0.1 11951 108
0.1 11952 135
0.1 11953 135
0.1 11954 135
0.1 11955 135
0.1 11956 135
0.1 11957 135
0.1 11958 108
0.1 11959 108
0.1 11960 108
0.1 11961 135
0.1 11962 108
0.1 11963 135
0.1 11964 135
0.1 11965 135
0.1 11966 135
0.1 11967 135
0.1 11968 108
0.1 11969 135
0.1 11970 108
0.1 11971 135
0.1 11972 135
0.1 11973 135
0.1 11974 108
0.1 11975 108
0.1 11976 135
0.1 11977 135
0.1 11978 108
0.1 11979 108
0.1 11980 135
0.1 11981 135
0.1 11982 108
0.1 11983 108
0.1 11984 135
0.1 11985 135
0.1 11986 108
0.1 11987 135
0.1 11988 108
0.1 11989 135
0.1 11990 135
0.1 11991 135
0.1 11992 135
0.1 11993 135
0.1 11994 135
0.1 11995 135
0.1 11996 135
0.1 11997 135
0.1 11998 108
0.1 11999 135
0.1 12000 135
0.1 12001 135
0.1 12002 108
0.1 12003 108
0.1 12004 135
0.1 12005 135
0.1 12006 135
0.1 12007 135
0.1 12008 135
0.1 12009 108
0.1 12010 135
0.1 12011 108
0.1 12012 135
0.1 12013 135
0.1 12014 135
0.1 12015 135
0.1 12016 108
0.1 12017 108
0.1 12018 108
0.1 12019 135
0.1 12020 135
0.1 12021 108
0.1 12022 135
0.1 12023 135
0.1 12024 108
0.1 12025 135
0.1 12026 135
0.1 12027 108
0.1 12028 135
0.1 12029 135
0.1 12030 135
0.1 12031 135
0.1 12032 108
0.1 12033 135
0.1 12034 135
0.1 12035 135
0.1 12036 135
0.1 12037 108
0.1 12038 108
0.1 12039 135
0.1 12040 108
0.1 12041 135
0.1 12042 135
0.1 12043 135
0.1 12044 135
0.1 12045 108
0.1 12046 135
0.1 12047 135
0.1 12048 108
0.1 12049 108
0.1 12050 108
0.1 12051 135
0.1 12052 135
0.1 12053 108
0.1 12054 135
0.1 12055 135
0.1 12056 135
0.1 12057 135
0.1 12058 135
0.1 12059 135
0.1 12060 108
0.1 12061 135
0.1 12062 135
0.1 12063 135
0.1 12064 135
0.1 12065 108
0.1 12066 135
0.1 12067 135
0.1 12068 108
0.1 12069 135
0.1 12070 108
0.1 12071 135
0.1 12072 135
0.1 12073 135
0.1 12074 135
0.1 12075 108
0.1 12076 135
0.1 12077 108
0.1 12078 108
0.1 12079 108
0.1 12080 135
0.1 12081 135
0.1 12082 108
0.1 12083 108
0.1 12084 135
0.1 12085 135
0.1 12086 108
0.1 12087 108
0.1 12088 135
0.1 12089 108
0.1 12090 135
0.1 12091 108
0.1 12092 135
0.1 12093 135
0.1 12094 81
0.1 12095 108
0.1 12096 108
0.1 12097 108
0.1 12098 135
0.1 12099 135
0.1 12100 135
0.1 12101 108
0.1 12102 135
0.1 12103 135
0.1 12104 135
0.1 12105 135
0.1 12106 0
0.1 12107 0
0.1 12108 0
0.1 12109 0
0.1 12110 27
0.1 12111 27
0.1 12112 27
0.1 12113 54
0.1 12114 54
0.1 12115 81
0.1 12116 81
0.1 12117 81
0.1 12118 108
0.1 12119 108
0.1 12120 108
0.1 12121 108
0.1 12122 135
0.1 12123 108
0.1 12124 135
0.1 12125 135
0.1 12126 135
0.1 12127 108
0.1 12128 135
0.1 12129 135
0.1 12130 135
0.1 12131 135
0.1 12132 135
0.1 12133 135
0.1 12134 135
0.1 12135 108
0.1 12136 135
0.1 12137 135
0.1 12138 135
0.1 12139 135
0.1 12140 135
0.1 12141 108
0.1 12142 135
0.1 12143 135
0.1 12144 135
0.1 12145 108
0.1 12146 135
0.1 12147 135
0.1 12148 135
0.1 12149 108
0.1 12150 135
0.1 12151 135
0.1 12152 135
0.1 12153 108
0.1 12154 135
0.1 12155 135
0.1 12156 108
0.1 12157 135
0.1 12158 108
0.1 12159 135
0.1 12160 135
0.1 12161 108
0.1 12162 108
0.1 12163 135
0.1 12164 135
0.1 12165 135
0.1 12166 108
0.1 12167 135
0.1 12168 108
0.1 12169 135
0.1 12170 135
0.1 12171 135
0.1 12172 135
0.1 12173 135
0.1 12174 108
0.1 12175 135
0.1 12176 135
0.1 12177 135
0.1 12178 135
0.1 12179 135
0.1 12180 135
0.1 12181 135
0.1 12182 135
0.1 12183 135
0.1 12184 135
0.1 12185 135
0.1 12186 108
0.1 12187 108
0.1 12188 135
0.1 12189 135
0.1 12190 135
0.1 12191 135
0.1 12192 135
0.1 12193 108
0.1 12194 135
0.1 12195 135
0.1 12196 135
0.1 12197 108
0.1 12198 108
0.1 12199 135
0.1 12200 108
0.1 12201 108
0.1 12202 108
0.1 12203 135
0.1 12204 135
0.1 12205 135
0.1 12206 108
0.1 12207 135
0.1 12208 135
0.1 12209 108
0.1 12210 135
0.1 12211 135
0.1 12212 108
0.1 12213 135
0.1 12214 135
0.1 12215 108
0.1 12216 135
0.1 12217 135
0.1 12218 135
0.1 12219 135
0.1 12220 135
0.1 12221 135
0.1 12222 108
0.1 12223 135
0.1 12224 135
0.1 12225 108
0.1 12226 135
0.1 12227 108
0.1 12228 135
0.1 12229 108
0.1 12230 135
0.1 12231 135
0.1 12232 135
0.1 12233 108
0.1 12234 135
0.1 12235 135
0.1 12236 135
0.1 12237 108
0.1 12238 135
0.1 12239 108
0.1 12240 135
0.1 12241 108
0.1 12242 108
0.1 12243 108
0.1 12244 135
0.1 12245 135
0.1 12246 135
0.1 12247 135
0.1 12248 135
0.1 12249 135
0.1 12250 108
0.1 12251 135
0.1 12252 135
0.1 12253 108
0.1 12254 108
0.1 12255 135
0.1 12256 135
0.1 12257 135
0.1 12258 108
0.1 12259 135
0.1 12260 108
0.1 12261 108
0.1 12262 108
0.1 12263 108
0.1 12264 135
0.1 12265 135
0.1 12266 135
0.1 12267 135
0.1 12268 135
0.1 12269 108
0.1 12270 108
0.1 12271 135
0.1 12272 108
0.1 12273 135
0.1 12274 108
0.1 12275 108
0.1 12276 108
0.1 12277 108
0.1 12278 135
0.1 12279 135
0.1 12280 108
0.1 12281 135
0.1 12282 135
0.1 12283 135
0.1 12284 135
0.1 12285 135
0.1 12286 108
0.1 12287 135
0.1 12288 135
0.1 12289 135
0.1 12290 135
0.1 12291 108
0.1 12292 135
0.1 12293 135
0.1 12294 135
0.1 12295 108
0.1 12296 135
0.1 12297 108
0.1 12298 135
0.1 12299 135
0.1 12300 108
0.1 12301 108
0.1 12302 135
0.1 12303 135
0.1 12304 108
0.1 12305 135
0.1 12306 135
0.1 12307 108
0.1 12308 135
0.1 12309 135
0.1 12310 108
0.1 12311 108
0.1 12312 135
0.1 12313 135
0.1 12314 108
0.1 12315 135
0.1 12316 135
0.1 12317 135
0.1 12318 135
0.1 12319 135
0.1 12320 135
0.1 12321 135
0.1 12322 108
0.1 12323 135
0.1 12324 135
0.1 12325 135
0.1 12326 135
0.1 12327 135
0.1 12328 135
0.1 12329 108
0.1 12330 135
0.1 12331 135
0.1 12332 135
0.1 12333 135
0.1 12334 135
0.1 12335 108
0.1 12336 135
0.1 12337 135
0.1 12338 135
0.1 12339 108
0.1 12340 135
0.1 12341 135
0.1 12342 108
0.1 12343 135
0.1 12344 135
0.1 12345 108
0.1 12346 135
0.1 12347 135
0.1 12348 108
0.1 12349 135
0.1 12350 135
0.1 12351 108
0.1 12352 135
0.1 12353 135
0.1 12354 135
0.1 12355 108
0.1 12356 135
0.1 12357 135
0.1 12358 135
0.1 12359 135
0.1 12360 108
0.1 12361 135
0.1 12362 135
0.1 12363 135
0.1 12364 135
0.1 12365 108
0.1 12366 135
0.1 12367 135
0.1 12368 135
0.1 12369 135
0.1 12370 135
0.1 12371 108
0.1 12372 135
0.1 12373 108
0.1 12374 108
0.1 12375 108
0.1 12376 108
0.1 12377 135
0.1 12378 135
0.1 12379 135
0.1 12380 135
0.1 12381 135
0.1 12382 135
0.1 12383 108
0.1 12384 108
0.1 12385 108
0.1 12386 135
0.1 12387 108
0.1 12388 108
0.1 12389 108
0.1 12390 135
0.1 12391 135
0.1 12392 135
0.1 12393 135
0.1 12394 108
0.1 12395 108
0.1 12396 135
0.1 12397 108
0.1 12398 135
0.1 12399 108
0.1 12400 135
0.1 12401 108
0.1 12402 108
0.1 12403 135
0.1 12404 135
0.1 12405 135
0.1 12406 135
0.1 12407 108
0.1 12408 108
0.1 12409 135
0.1 12410 135
0.1 12411 108
0.1 12412 108
0.1 12413 108
0.1 12414 135
0.1 12415 135
0.1 12416 135
0.1 12417 135
0.1 12418 108
0.1 12419 135
0.1 12420 135
0.1 12421 135
0.1 12422 135
0.1 12423 135
0.1 12424 108
0.1 12425 135
0.1 12426 135
0.1 12427 108
0.1 12428 108
0.1 12429 135
0.1 12430 108
0.1 12431 135
0.1 12432 135
0.1 12433 135
0.1 12434 135
0.1 12435 135
0.1 12436 135
0.1 12437 135
0.1 12438 135
0.1 12439 135
0.1 12440 135
0.1 12441 135
0.1 12442 135
0.1 12443 135
0.1 12444 108
0.1 12445 135
0.1 12446 135
0.1 12447 135
0.1 12448 135
0.1 12449 108
0.1 12450 135
0.1 12451 108
0.1 12452 135
0.1 12453 135
0.1 12454 108
0.1 12455 135
0.1 12456 135
0.1 12457 108
0.1 12458 135
0.1 12459 54
0.1 12460 27
0.1 12461 0
0.1 12462 0
0.1 12463 27
0.1 12464 54
0.1 12465 54
0.1 12466 81
0.1 12467 81
0.1 12468 108
0.1 12469 108
0.1 12470 135
0.1 12471 108
0.1 12472 135
0.1 12473 108
0.1 12474 108
0.1 12475 108
0.1 12476 108
0.1 12477 108
0.1 12478 135
0.1 12479 108
0.1 12480 108
0.1 12481 135
0.1 12482 135
0.1 12483 135
0.1 12484 135
0.1 12485 135
0.1 12486 135
0.1 12487 135
0.1 12488 135
0.1 12489 135
0.1 12490 108
0.1 12491 135
0.1 12492 135
0.1 12493 135
0.1 12494 135
0.1 12495 135
0.1 12496 135
0.1 12497 108
0.1 12498 108
0.1 12499 108
0.1 12500 135
0.1 12501 108
0.1 12502 135
0.1 12503 135
0.1 12504 135
0.1 12505 108
0.1 12506 135
0.1 12507 108
0.1 12508 135
0.1 12509 108
0.1 12510 135
0.1 12511 135
0.1 12512 135
0.1 12513 108
0.1 12514 135
0.1 12515 135
0.1 12516 135
0.1 12517 135
0.1 12518 135
0.1 12519 108
0.1 12520 135
0.1 12521 135
0.1 12522 108
0.1 12523 135
0.1 12524 108
0.1 12525 135
0.1 12526 135
0.1 12527 135
0.1 12528 108
0.1 12529 135
0.1 12530 135
0.1 12531 135
0.1 12532 135
0.1 12533 135
0.1 12534 135
0.1 12535 135
0.1 12536 135
0.1 12537 135
0.1 12538 135
0.1 12539 135
0.1 12540 81
0.1 12541 108
0.1 12542 135
0.1 12543 135
0.1 12544 135
0.1 12545 135
0.1 12546 108
0.1 12547 135
0.1 12548 135
0.1 12549 135
0.1 12550 135
0.1 12551 135
0.1 12552 135
0.1 12553 135
0.1 12554 135
0.1 12555 108
0.1 12556 135
0.1 12557 135
0.1 12558 135
0.1 12559 108
0.1 12560 135
0.1 12561 135
0.1 12562 135
0.1 12563 135
0.1 12564 81
0.1 12565 108
0.1 12566 108
0.1 12567 108
0.1 12568 135
0.1 12569 135
0.1 12570 135
0.1 12571 81
0.1 12572 81
0.1 12573 108
0.1 12574 135
0.1 12575 135
0.1 12576 108
0.1 12577 135
0.1 12578 108
0.1 12579 135
0.1 12580 108
0.1 12581 135
0.1 12582 135
0.1 12583 135
0.1 12584 108
0.1 12585 135
0.1 12586 135
0.1 12587 135
0.1 12588 135
0.1 12589 135
0.1 12590 135
0.1 12591 108
0.1 12592 108
0.1 12593 108
0.1 12594 108
0.1 12595 108
0.1 12596 135
0.1 12597 108
0.1 12598 135
0.1 12599 135
0.1 12600 135
0.1 12601 108
0.1 12602 135
0.1 12603 135
0.1 12604 108
0.1 12605 135
0.1 12606 135
0.1 12607 135
0.1 12608 135
0.1 12609 135
0.1 12610 135
0.1 12611 135
0.1 12612 108
0.1 12613 135
0.1 12614 135
0.1 12615 135
0.1 12616 135
0.1 12617 108
0.1 12618 135
0.1 12619 135
0.1 12620 135
0.1 12621 135
0.1 12622 135
0.1 12623 135
0.1 12624 135
0.1 12625 135
0.1 12626 135
0.1 12627 135
0.1 12628 135
0.1 12629 108
0.1 12630 108
0.1 12631 135
0.1 12632 108
0.1 12633 135
0.1 12634 108
0.1 12635 108
0.1 12636 135
0.1 12637 108
0.1 12638 135
0.1 12639 135
0.1 12640 108
0.1 12641 135
0.1 12642 135
0.1 12643 108
0.1 12644 135
0.1 12645 135
0.1 12646 135
0.1 12647 108
0.1 12648 135
0.1 12649 108
0.1 12650 108
0.1 12651 135
0.1 12652 108
0.1 12653 108
0.1 12654 108
0.1 12655 108
0.1 12656 108
0.1 12657 135
0.1 12658 108
0.1 12659 108
0.1 12660 135
0.1 12661 135
0.1 12662 108
0.1 12663 108
0.1 12664 108
0.1 12665 135
0.1 12666 135
0.1 12667 135
0.1 12668 135
0.1 12669 135
0.1 12670 135
0.1 12671 135
0.1 12672 108
0.1 12673 135
0.1 12674 135
0.1 12675 108
0.1 12676 135
0.1 12677 135
0.1 12678 135
0.1 12679 108
0.1 12680 108
0.1 12681 135
0.1 12682 108
0.1 12683 135
0.1 12684 108
0.1 12685 108
0.1 12686 108
0.1 12687 108
0.1 12688 135
0.1 12689 135
0.1 12690 135
0.1 12691 135
0.1 12692 135
0.1 12693 135
0.1 12694 108
0.1 12695 135
0.1 12696 135
0.1 12697 135
0.1 12698 108
0.1 12699 135
0.1 12700 135
0.1 12701 108
0.1 12702 108
0.1 12703 135
0.1 12704 108
0.1 12705 108
0.1 12706 135
0.1 12707 108
0.1 12708 108
0.1 12709 135
0.1 12710 135
0.1 12711 108
0.1 12712 108
0.1 12713 135
0.1 12714 108
0.1 12715 135
0.1 12716 135
0.1 12717 81
0.1 12718 81
0.1 12719 54
0.1 12720 54
0.1 12721 54
0.1 12722 54
0.1 12723 81
0.1 12724 108
0.1 12725 135
0.1 12726 135
0.1 12727 135
0.1 12728 135
0.1 12729 135
0.1 12730 135
0.1 12731 108
0.1 12732 108
0.1 12733 135
0.1 12734 135
0.1 12735 108
0.1 12736 108
0.1 12737 135
0.1 12738 135
0.1 12739 135
0.1 12740 135
0.1 12741 108
0.1 12742 135
0.1 12743 135
0.1 12744 108
0.1 12745 108
0.1 12746 108
0.1 12747 135
0.1 12748 108
0.1 12749 135
0.1 12750 135
0.1 12751 135
0.1 12752 135
0.1 12753 135
0.1 12754 108
0.1 12755 135
0.1 12756 108
0.1 12757 108
0.1 12758 135
0.1 12759 135
0.1 12760 135
0.1 12761 135
0.1 12762 108
0.1 12763 108
0.1 12764 135
0.1 12765 135
0.1 12766 135
0.1 12767 108
0.1 12768 108
0.1 12769 135
0.1 12770 81
0.1 12771 108
0.1 12772 135
0.1 12773 135
0.1 12774 108
0.1 12775 135
0.1 12776 108
0.1 12777 108
0.1 12778 108
0.1 12779 135
0.1 12780 135
0.1 12781 135
0.1 12782 108
0.1 12783 108
0.1 12784 135
0.1 12785 108
0.1 12786 135
0.1 12787 108
0.1 12788 135
0.1 12789 135
0.1 12790 108
0.1 12791 135
0.1 12792 135
0.1 12793 135
0.1 12794 135
0.1 12795 135
0.1 12796 135
0.1 12797 108
0.1 12798 108
0.1 12799 135
0.1 12800 135
0.1 12801 135
0.1 12802 108
0.1 12803 108
0.1 12804 135
0.1 12805 135
0.1 12806 135
0.1 12807 135
0.1 12808 108
0.1 12809 135
0.1 12810 135
0.1 12811 135
0.1 12812 135
0.1 12813 135
0.1 12814 135
0.1 12815 108
0.1 12816 135
0.1 12817 108
0.1 12818 135
0.1 12819 108
0.1 12820 135
0.1 12821 135
0.1 12822 135
0.1 12823 135
0.1 12824 135
0.1 12825 135
0.1 12826 108
0.1 12827 135
0.1 12828 135
0.1 12829 135
0.1 12830 135
0.1 12831 135
0.1 12832 81
0.1 12833 108
0.1 12834 108
0.1 12835 135
0.1 12836 135
0.1 12837 135
0.1 12838 108
0.1 12839 108
0.1 12840 135
0.1 12841 135
0.1 12842 135
0.1 12843 135
0.1 12844 135
0.1 12845 135
0.1 12846 108
0.1 12847 135
0.1 12848 108
0.1 12849 108
0.1 12850 108
0.1 12851 108
0.1 12852 135
0.1 12853 135
0.1 12854 135
0.1 12855 135
0.1 12856 135
0.1 12857 108
0.1 12858 108
0.1 12859 135
0.1 12860 108
0.1 12861 135
0.1 12862 135
0.1 12863 135
0.1 12864 135
0.1 12865 135
0.1 12866 135
0.1 12867 135
0.1 12868 135
0.1 12869 135
0.1 12870 135
0.1 12871 81
0.1 12872 81
0.1 12873 108
0.1 12874 108
0.1 12875 135
0.1 12876 135
0.1 12877 54
0.1 12878 81
0.1 12879 81
0.1 12880 108
0.1 12881 108
0.1 12882 135
0.1 12883 81
0.1 12884 108
0.1 12885 135
0.1 12886 135
0.1 12887 108
0.1 12888 108
0.1 12889 135
0.1 12890 135
0.1 12891 108
0.1 12892 135
0.1 12893 135
0.1 12894 108
0.1 12895 108
0.1 12896 135
0.1 12897 135
0.1 12898 135
0.1 12899 108
0.1 12900 135
0.1 12901 135
0.1 12902 135
0.1 12903 81
0.1 12904 108
0.1 12905 135
0.1 12906 108
0.1 12907 108
0.1 12908 135
0.1 12909 108
0.1 12910 135
0.1 12911 135
0.1 12912 135
0.1 12913 135
0.1 12914 135
0.1 12915 135
0.1 12916 135
0.1 12917 135
0.1 12918 135
0.1 12919 135
0.1 12920 81
0.1 12921 108
0.1 12922 135
0.1 12923 135
0.1 12924 135
0.1 12925 135
0.1 12926 135
0.1 12927 135
0.1 12928 108
0.1 12929 135
0.1 12930 108
0.1 12931 108
0.1 12932 135
0.1 12933 135
0.1 12934 135
0.1 12935 135
0.1 12936 108
0.1 12937 135
0.1 12938 108
0.1 12939 108
0.1 12940 81
0.1 12941 108
0.1 12942 135
0.1 12943 135
0.1 12944 135
0.1 12945 108
0.1 12946 135
0.1 12947 108
0.1 12948 135
0.1 12949 135
0.1 12950 135
0.1 12951 135
0.1 12952 108
0.1 12953 135
0.1 12954 108
0.1 12955 108
0.1 12956 135
0.1 12957 135
0.1 12958 108
0.1 12959 135
0.1 12960 108
0.1 12961 135
0.1 12962 108
0.1 12963 135
0.1 12964 135
0.1 12965 135
0.1 12966 135
0.1 12967 108
0.1 12968 135
0.1 12969 135
0.1 12970 135
0.1 12971 108
0.1 12972 135
0.1 12973 135
0.1 12974 108
0.1 12975 135
0.1 12976 135
0.1 12977 135
0.1 12978 135
0.1 12979 135
0.1 12980 135
0.1 12981 108
0.1 12982 135
0.1 12983 108
0.1 12984 135
0.1 12985 81
0.1 12986 81
0.1 12987 108
0.1 12988 135
0.1 12989 135
0.1 12990 135
0.1 12991 108
0.1 12992 108
0.1 12993 135
0.1 12994 135
0.1 12995 135
0.1 12996 135
0.1 12997 135
0.1 12998 135
0.1 12999 135
0.1 13000 135
0.1 13001 135
0.1 13002 108
0.1 13003 108
0.1 13004 135
0.1 13005 108
0.1 13006 135
0.1 13007 135
0.1 13008 135
0.1 13009 135
0.1 13010 135
0.1 13011 108
0.1 13012 135
0.1 13013 108
0.1 13014 135
0.1 13015 135
0.1 13016 135
0.1 13017 135
0.1 13018 135
0.1 13019 135
0.1 13020 135
0.1 13021 135
0.1 13022 135
0.1 13023 135
0.1 13024 108
0.1 13025 108
0.1 13026 135
0.1 13027 108
0.1 13028 135
0.1 13029 135
0.1 13030 135
0.1 13031 135
0.1 13032 135
0.1 13033 135
0.1 13034 135
0.1 13035 135
0.1 13036 81
0.1 13037 108
0.1 13038 108
0.1 13039 135
0.1 13040 108
0.1 13041 135
0.1 13042 108
0.1 13043 135
0.1 13044 108
0.1 13045 108
0.1 13046 108
0.1 13047 108
0.1 13048 135
0.1 13049 135
0.1 13050 135
0.1 13051 135
0.1 13052 135
0.1 13053 108
0.1 13054 108
0.1 13055 135
0.1 13056 135
0.1 13057 108
0.1 13058 135
0.1 13059 108
0.1 13060 108
0.1 13061 135
0.1 13062 135
0.1 13063 108
0.1 13064 135
0.1 13065 135
0.1 13066 135
0.1 13067 135
0.1 13068 135
0.1 13069 135
0.1 13070 135
0.1 13071 108
0.1 13072 135
0.1 13073 108
0.1 13074 135
0.1 13075 135
0.1 13076 135
0.1 13077 135
0.1 13078 135
0.1 13079 135
0.1 13080 135
0.1 13081 135
0.1 13082 135
0.1 13083 135
0.1 13084 135
0.1 13085 135
0.1 13086 108
0.1 13087 135
0.1 13088 135
0.1 13089 135
0.1 13090 81
0.1 13091 108
0.1 13092 108
0.1 13093 108
0.1 13094 108
0.1 13095 135
0.1 13096 135
0.1 13097 108
0.1 13098 108
0.1 13099 108
0.1 13100 135
0.1 13101 108
0.1 13102 108
0.1 13103 108
0.1 13104 108
0.1 13105 135
0.1 13106 108
0.1 13107 108
0.1 13108 135
0.1 13109 135
0.1 13110 108
0.1 13111 108
0.1 13112 108
0.1 13113 135
0.1 13114 135
0.1 13115 135
0.1 13116 135
0.1 13117 135
0.1 13118 135
0.1 13119 108
0.1 13120 135
0.1 13121 135
0.1 13122 135
0.1 13123 108
0.1 13124 108
0.1 13125 135
0.1 13126 135
0.1 13127 135
0.1 13128 135
0.1 13129 108
0.1 13130 108
0.1 13131 135
0.1 13132 135
0.1 13133 135
0.1 13134 135
0.1 13135 135
0.1 13136 108
0.1 13137 135
0.1 13138 108
0.1 13139 135
0.1 13140 135
0.1 13141 135
0.1 13142 135
0.1 13143 135
0.1 13144 135
0.1 13145 81
0.1 13146 108
0.1 13147 108
0.1 13148 108
0.1 13149 135
0.1 13150 135
0.1 13151 108
0.1 13152 135
0.1 13153 135
0.1 13154 108
0.1 13155 108
0.1 13156 135
0.1 13157 135
0.1 13158 135
0.1 13159 135
0.1 13160 135
0.1 13161 108
0.1 13162 135
0.1 13163 108
0.1 13164 108
0.1 13165 108
0.1 13166 135
0.1 13167 108
0.1 13168 135
0.1 13169 135
0.1 13170 108
0.1 13171 108
0.1 13172 135
0.1 13173 135
0.1 13174 135
0.1 13175 135
0.1 13176 108
0.1 13177 108
0.1 13178 108
0.1 13179 108
0.1 13180 135
0.1 13181 108
0.1 13182 108
0.1 13183 135
0.1 13184 135
0.1 13185 135
0.1 13186 135
0.1 13187 108
0.1 13188 135
0.1 13189 135
0.1 13190 108
0.1 13191 108
0.1 13192 135
0.1 13193 135
0.1 13194 135
0.1 13195 108
0.1 13196 135
0.1 13197 135
0.1 13198 108
0.1 13199 108
0.1 13200 135
0.1 13201 135
0.1 13202 135
0.1 13203 135
0.1 13204 135
0.1 13205 135
0.1 13206 108
0.1 13207 135
0.1 13208 135
0.1 13209 108
0.1 13210 135
0.1 13211 108
0.1 13212 135
0.1 13213 135
0.1 13214 108
0.1 13215 135
0.1 13216 135
0.1 13217 108
0.1 13218 108
0.1 13219 135
0.1 13220 135
0.1 13221 135
0.1 13222 135
0.1 13223 135
0.1 13224 135
0.1 13225 135
0.1 13226 135
0.1 13227 108
0.1 13228 135
0.1 13229 135
0.1 13230 108
0.1 13231 135
0.1 13232 108
0.1 13233 135
0.1 13234 135
0.1 13235 108
0.1 13236 135
0.1 13237 108
0.1 13238 135
0.1 13239 135
0.1 13240 135
0.1 13241 135
0.1 13242 135
0.1 13243 135
0.1 13244 135
0.1 13245 135
0.1 13246 135
0.1 13247 108
0.1 13248 108
0.1 13249 135
0.1 13250 135
0.1 13251 135
0.1 13252 108
0.1 13253 135
0.1 13254 108
0.1 13255 135
0.1 13256 135
0.1 13257 135
0.1 13258 135
0.1 13259 135
0.1 13260 135
0.1 13261 135
0.1 13262 108
0.1 13263 135
0.1 13264 108
0.1 13265 108
0.1 13266 108
0.1 13267 108
0.1 13268 135
0.1 13269 108
0.1 13270 108
0.1 13271 135
0.1 13272 135
0.1 13273 135
0.1 13274 135
0.1 13275 108
0.1 13276 135
0.1 13277 135
0.1 13278 135
0.1 13279 108
0.1 13280 135
0.1 13281 135
0.1 13282 108
0.1 13283 108
0.1 13284 108
0.1 13285 135
0.1 13286 135
0.1 13287 135
0.1 13288 108
0.1 13289 135
0.1 13290 135
0.1 13291 135
0.1 13292 135
0.1 13293 135
0.1 13294 135
0.1 13295 108
0.1 13296 135
0.1 13297 135
0.1 13298 135
0.1 13299 135
0.1 13300 135
0.1 13301 108
0.1 13302 135
0.1 13303 135
0.1 13304 135
0.1 13305 135
0.1 13306 135
0.1 13307 135
0.1 13308 135
0.1 13309 108
0.1 13310 135
0.1 13311 135
0.1 13312 108
0.1 13313 108
0.1 13314 135
0.1 13315 135
0.1 13316 135
0.1 13317 108
0.1 13318 135
0.1 13319 108
0.1 13320 135
0.1 13321 108
0.1 13322 135
0.1 13323 135
0.1 13324 135
0.1 13325 108
0.1 13326 108
0.1 13327 108
0.1 13328 108
0.1 13329 108
0.1 13330 135
0.1 13331 135
0.1 13332 135
0.1 13333 108
0.1 13334 108
0.1 13335 135
0.1 13336 135
0.1 13337 135
0.1 13338 135
0.1 13339 108
0.1 13340 135
0.1 13341 108
0.1 13342 135
0.1 13343 135
0.1 13344 135
0.1 13345 135
0.1 13346 135
0.1 13347 135
0.1 13348 135
0.1 13349 135
0.1 13350 135
0.1 13351 108
0.1 13352 135
0.1 13353 135
0.1 13354 135
0.1 13355 135
0.1 13356 108
0.1 13357 135
0.1 13358 135
0.1 13359 135
0.1 13360 135
0.1 13361 81
0.1 13362 81
0.1 13363 108
0.1 13364 108
0.1 13365 108
0.1 13366 108
0.1 13367 135
0.1 13368 135
0.1 13369 108
0.1 13370 135
0.1 13371 135
0.1 13372 135
0.1 13373 108
0.1 13374 108
0.1 13375 135
0.1 13376 108
0.1 13377 135
0.1 13378 135
0.1 13379 135
0.1 13380 135
0.1 13381 135
0.1 13382 135
0.1 13383 135
0.1 13384 135
0.1 13385 135
0.1 13386 108
0.1 13387 135
0.1 13388 108
0.1 13389 135
0.1 13390 135
0.1 13391 135
0.1 13392 108
0.1 13393 135
0.1 13394 135
0.1 13395 135
0.1 13396 81
0.1 13397 108
0.1 13398 108
0.1 13399 135
0.1 13400 135
0.1 13401 135
0.1 13402 135
0.1 13403 135
0.1 13404 135
0.1 13405 135
0.1 13406 81
0.1 13407 108
0.1 13408 135
0.1 13409 135
0.1 13410 135
0.1 13411 135
0.1 13412 135
0.1 13413 135
0.1 13414 135
0.1 13415 135
0.1 13416 108
0.1 13417 81
0.1 13418 108
0.1 13419 135
0.1 13420 108
0.1 13421 108
0.1 13422 135
0.1 13423 135
0.1 13424 135
0.1 13425 135
0.1 13426 135
0.1 13427 135
0.1 13428 135
0.1 13429 135
0.1 13430 108
0.1 13431 135
0.1 13432 108
0.1 13433 108
0.1 13434 135
0.1 13435 135
0.1 13436 135
0.1 13437 135
0.1 13438 135
0.1 13439 135
0.1 13440 108
0.1 13441 135
0.1 13442 135
0.1 13443 108
0.1 13444 135
0.1 13445 108
0.1 13446 135
0.1 13447 135
0.1 13448 135
0.1 13449 135
0.1 13450 108
0.1 13451 27
0.1 13452 27
0.1 13453 0
0.1 13454 0
0.1 13455 27
0.1 13456 27
0.1 13457 54
0.1 13458 54
0.1 13459 81
0.1 13460 108
0.1 13461 0
0.1 13462 0
0.1 13463 27
0.1 13464 0
0.1 13465 0
0.1 13466 27
0.1 13467 27
0.1 13468 27
0.1 13469 54
0.1 13470 54
0.1 13471 54
0.1 13472 81
0.1 13473 81
0.1 13474 108
0.1 13475 108
0.1 13476 135
0.1 13477 135
0.1 13478 108
0.1 13479 135
0.1 13480 135
0.1 13481 108
0.1 13482 135
0.1 13483 135
0.1 13484 108
0.1 13485 135
0.1 13486 108
0.1 13487 108
0.1 13488 108
0.1 13489 135
0.1 13490 135
0.1 13491 135
0.1 13492 135
0.1 13493 135
0.1 13494 108
0.1 13495 108
0.1 13496 108
0.1 13497 108
0.1 13498 135
0.1 13499 135
0.1 13500 135
0.1 13501 108
0.1 13502 135
0.1 13503 135
0.1 13504 108
0.1 13505 135
0.1 13506 135
0.1 13507 135
0.1 13508 108
0.1 13509 108
0.1 13510 108
0.1 13511 135
0.1 13512 135
0.1 13513 108
0.1 13514 135
0.1 13515 108
0.1 13516 135
0.1 13517 135
0.1 13518 135
0.1 13519 108
0.1 13520 135
0.1 13521 135
0.1 13522 135
0.1 13523 135
0.1 13524 135
0.1 13525 108
0.1 13526 108
0.1 13527 135
0.1 13528 135
0.1 13529 108
0.1 13530 108
0.1 13531 135
0.1 13532 135
0.1 13533 108
0.1 13534 108
0.1 13535 135
0.1 13536 108
0.1 13537 135
0.1 13538 135
0.1 13539 108
0.1 13540 135
0.1 13541 135
0.1 13542 135
0.1 13543 135
0.1 13544 135
0.1 13545 135
0.1 13546 108
0.1 13547 135
0.1 13548 135
0.1 13549 135
0.1 13550 135
0.1 13551 135
0.1 13552 135
0.1 13553 108
0.1 13554 135
0.1 13555 135
0.1 13556 135
0.1 13557 135
0.1 13558 108
0.1 13559 135
0.1 13560 108
0.1 13561 135
0.1 13562 108
0.1 13563 135
0.1 13564 135
0.1 13565 135
0.1 13566 81
0.1 13567 108
0.1 13568 108
0.1 13569 135
0.1 13570 108
0.1 13571 135
0.1 13572 135
0.1 13573 108
0.1 13574 135
0.1 13575 108
0.1 13576 108
0.1 13577 108
0.1 13578 135
0.1 13579 108
0.1 13580 135
0.1 13581 108
0.1 13582 135
0.1 13583 135
0.1 13584 135
0.1 13585 135
0.1 13586 135
0.1 13587 135
0.1 13588 108
0.1 13589 108
0.1 13590 135
0.1 13591 108
0.1 13592 108
0.1 13593 135
0.1 13594 135
0.1 13595 135
0.1 13596 135
0.1 13597 108
0.1 13598 108
0.1 13599 108
0.1 13600 135
0.1 13601 108
0.1 13602 135
0.1 13603 135
0.1 13604 135
0.1 13605 135
0.1 13606 108
0.1 13607 135
0.1 13608 135
0.1 13609 135
0.1 13610 135
0.1 13611 108
0.1 13612 81
0.1 13613 81
0.1 13614 81
0.1 13615 81
0.1 13616 108
0.1 13617 135
0.1 13618 135
0.1 13619 108
0.1 13620 135
0.1 13621 108
0.1 13622 108
0.1 13623 135
0.1 13624 135
0.1 13625 135
0.1 13626 135
0.1 13627 108
0.1 13628 108
0.1 13629 135
0.1 13630 135
0.1 13631 108
0.1 13632 135
0.1 13633 135
0.1 13634 135
0.1 13635 108
0.1 13636 135
0.1 13637 135
0.1 13638 135
0.1 13639 135
0.1 13640 135
0.1 13641 135
0.1 13642 135
0.1 13643 135
0.1 13644 135
0.1 13645 135
0.1 13646 135
0.1 13647 108
0.1 13648 135
0.1 13649 135
0.1 13650 135
0.1 13651 135
0.1 13652 135
0.1 13653 135
0.1 13654 135
0.1 13655 108
0.1 13656 135
0.1 13657 135
0.1 13658 135
0.1 13659 135
0.1 13660 135
0.1 13661 108
0.1 13662 135
0.1 13663 108
0.1 13664 108
0.1 13665 108
0.1 13666 135
0.1 13667 108
0.1 13668 135
0.1 13669 135
0.1 13670 108
0.1 13671 135
0.1 13672 135
0.1 13673 135
0.1 13674 108
0.1 13675 135
0.1 13676 135
0.1 13677 108
0.1 13678 135
0.1 13679 135
0.1 13680 108
0.1 13681 135
0.1 13682 108
0.1 13683 135
0.1 13684 108
0.1 13685 135
0.1 13686 108
0.1 13687 108
0.1 13688 108
0.1 13689 135
0.1 13690 135
0.1 13691 135
0.1 13692 108
0.1 13693 108
0.1 13694 135
0.1 13695 135
0.1 13696 108
0.1 13697 135
0.1 13698 108
0.1 13699 135
0.1 13700 135
0.1 13701 135
0.1 13702 135
0.1 13703 135
0.1 13704 135
0.1 13705 135
0.1 13706 135
0.1 13707 108
0.1 13708 108
0.1 13709 135
0.1 13710 135
0.1 13711 135
0.1 13712 135
0.1 13713 108
0.1 13714 135
0.1 13715 108
0.1 13716 135
0.1 13717 135
0.1 13718 135
0.1 13719 135
0.1 13720 135
0.1 13721 135
0.1 13722 135
0.1 13723 108
0.1 13724 135
0.1 13725 135
0.1 13726 135
0.1 13727 81
0.1 13728 108
0.1 13729 135
0.1 13730 108
0.1 13731 108
0.1 13732 135
0.1 13733 135
0.1 13734 135
0.1 13735 135
0.1 13736 135
0.1 13737 108
0.1 13738 108
0.1 13739 135
0.1 13740 135
0.1 13741 135
0.1 13742 135
0.1 13743 108
0.1 13744 135
0.1 13745 108
0.1 13746 81
0.1 13747 108
0.1 13748 135
0.1 13749 135
0.1 13750 108
0.1 13751 135
0.1 13752 135
0.1 13753 135
0.1 13754 135
0.1 13755 135
0.1 13756 135
0.1 13757 135
0.1 13758 135
0.1 13759 135
0.1 13760 108
0.1 13761 135
0.1 13762 108
0.1 13763 135
0.1 13764 108
0.1 13765 108
0.1 13766 135
0.1 13767 135
0.1 13768 135
0.1 13769 135
0.1 13770 135
0.1 13771 135
0.1 13772 108
0.1 13773 135
0.1 13774 135
0.1 13775 108
0.1 13776 135
0.1 13777 135
0.1 13778 108
0.1 13779 135
0.1 13780 108
0.1 13781 108
0.1 13782 135
0.1 13783 108
0.1 13784 135
0.1 13785 108
0.1 13786 108
0.1 13787 135
0.1 13788 135
0.1 13789 135
0.1 13790 135
0.1 13791 108
0.1 13792 108
0.1 13793 135
0.1 13794 135
0.1 13795 135
0.1 13796 135
0.1 13797 135
0.1 13798 135
0.1 13799 135
0.1 13800 135
0.1 13801 108
0.1 13802 135
0.1 13803 135
0.1 13804 135
0.1 13805 135
0.1 13806 135
0.1 13807 135
0.1 13808 108
0.1 13809 108
0.1 13810 108
0.1 13811 108
0.1 13812 108
0.1 13813 135
0.1 13814 135
0.1 13815 135
0.1 13816 108
0.1 13817 135
0.1 13818 108
0.1 13819 135
0.1 13820 135
0.1 13821 108
0.1 13822 135
0.1 13823 135
0.1 13824 135
0.1 13825 135
0.1 13826 135
0.1 13827 135
0.1 13828 135
0.1 13829 135
0.1 13830 135
0.1 13831 135
0.1 13832 108
0.1 13833 135
0.1 13834 108
0.1 13835 108
0.1 13836 108
0.1 13837 108
0.1 13838 135
0.1 13839 108
0.1 13840 135
0.1 13841 135
0.1 13842 135
0.1 13843 135
0.1 13844 108
0.1 13845 108
0.1 13846 135
0.1 13847 135
0.1 13848 135
0.1 13849 135
0.1 13850 135
0.1 13851 135
0.1 13852 135
0.1 13853 135
0.1 13854 135
0.1 13855 135
0.1 13856 135
0.1 13857 108
0.1 13858 135
0.1 13859 135
0.1 13860 135
0.1 13861 135
0.1 13862 135
0.1 13863 135
0.1 13864 108
0.1 13865 135
0.1 13866 135
0.1 13867 135
0.1 13868 108
0.1 13869 135
0.1 13870 108
0.1 13871 135
0.1 13872 108
0.1 13873 135
0.1 13874 108
0.1 13875 81
0.1 13876 108
0.1 13877 135
0.1 13878 108
0.1 13879 135
0.1 13880 135
0.1 13881 108
0.1 13882 135
0.1 13883 108
0.1 13884 108
0.1 13885 135
0.1 13886 108
0.1 13887 135
0.1 13888 108
0.1 13889 108
0.1 13890 108
0.1 13891 108
0.1 13892 108
0.1 13893 108
0.1 13894 108
0.1 13895 135
0.1 13896 108
0.1 13897 135
0.1 13898 135
0.1 13899 135
0.1 13900 135
0.1 13901 135
0.1 13902 135
0.1 13903 108
0.1 13904 135
0.1 13905 135
0.1 13906 135
0.1 13907 135
0.1 13908 135
0.1 13909 135
0.1 13910 135
0.1 13911 108
0.1 13912 135
0.1 13913 135
0.1 13914 135
0.1 13915 108
0.1 13916 135
0.1 13917 108
0.1 13918 135
0.1 13919 135
0.1 13920 108
0.1 13921 108
0.1 13922 135
0.1 13923 135
0.1 13924 135
0.1 13925 108
0.1 13926 135
0.1 13927 108
0.1 13928 135
0.1 13929 81
0.1 13930 81
0.1 13931 108
0.1 13932 135
0.1 13933 135
0.1 13934 135
0.1 13935 135
0.1 13936 135
0.1 13937 135
0.1 13938 81
0.1 13939 108
0.1 13940 135
0.1 13941 108
0.1 13942 135
0.1 13943 135
0.1 13944 135
0.1 13945 135
0.1 13946 108
0.1 13947 135
0.1 13948 108
0.1 13949 108
0.1 13950 108
0.1 13951 108
0.1 13952 135
0.1 13953 135
0.1 13954 135
0.1 13955 135
0.1 13956 108
0.1 13957 135
0.1 13958 108
0.1 13959 108
0.1 13960 108
0.1 13961 135
0.1 13962 135
0.1 13963 135
0.1 13964 135
0.1 13965 135
0.1 13966 135
0.1 13967 108
0.1 13968 135
0.1 13969 135
0.1 13970 135
0.1 13971 135
0.1 13972 135
0.1 13973 108
0.1 13974 135
0.1 13975 135
0.1 13976 135
0.1 13977 135
0.1 13978 135
0.1 13979 135
0.1 13980 135
0.1 13981 135
0.1 13982 108
0.1 13983 108
0.1 13984 135
0.1 13985 108
0.1 13986 108
0.1 13987 135
0.1 13988 135
0.1 13989 135
0.1 13990 108
0.1 13991 135
0.1 13992 108
0.1 13993 135
0.1 13994 108
0.1 13995 108
0.1 13996 135
0.1 13997 135
0.1 13998 135
0.1 13999 135
0.1 14000 135
0.1 14001 108
0.1 14002 135
0.1 14003 108
0.1 14004 108
0.1 14005 108
0.1 14006 108
0.1 14007 135
0.1 14008 135
0.1 14009 135
0.1 14010 135
0.1 14011 135
0.1 14012 135
0.1 14013 135
0.1 14014 135
0.1 14015 108
0.1 14016 135
0.1 14017 108
0.1 14018 108
0.1 14019 135
0.1 14020 108
0.1 14021 135
0.1 14022 108
0.1 14023 135
0.1 14024 135
0.1 14025 135
0.1 14026 135
0.1 14027 135
0.1 14028 135
0.1 14029 108
0.1 14030 135
0.1 14031 108
0.1 14032 135
0.1 14033 135
0.1 14034 108
0.1 14035 108
0.1 14036 135
0.1 14037 135
0.1 14038 135
0.1 14039 108
0.1 14040 108
0.1 14041 108
0.1 14042 135
0.1 14043 108
0.1 14044 135
0.1 14045 135
0.1 14046 108
0.1 14047 135
0.1 14048 108
0.1 14049 135
0.1 14050 135
0.1 14051 135
0.1 14052 135
0.1 14053 135
0.1 14054 135
0.1 14055 135
0.1 14056 135
0.1 14057 135
0.1 14058 108
0.1 14059 135
0.1 14060 135
0.1 14061 135
0.1 14062 108
0.1 14063 135
0.1 14064 135
0.1 14065 135
0.1 14066 108
0.1 14067 108
0.1 14068 135
0.1 14069 108
0.1 14070 135
0.1 14071 108
0.1 14072 135
0.1 14073 108
0.1 14074 135
0.1 14075 135
0.1 14076 135
0.1 14077 108
0.1 14078 108
0.1 14079 135
0.1 14080 135
0.1 14081 135
0.1 14082 135
0.1 14083 108
0.1 14084 135
0.1 14085 135
0.1 14086 135
0.1 14087 135
0.1 14088 135
0.1 14089 108
0.1 14090 135
0.1 14091 135
0.1 14092 108
0.1 14093 135
0.1 14094 135
0.1 14095 135
0.1 14096 135
0.1 14097 108
0.1 14098 135
0.1 14099 108
0.1 14100 135
0.1 14101 108
0.1 14102 108
0.1 14103 135
0.1 14104 135
0.1 14105 108
0.1 14106 135
0.1 14107 135
0.1 14108 135
0.1 14109 108
0.1 14110 108
0.1 14111 108
0.1 14112 135
0.1 14113 135
0.1 14114 135
0.1 14115 135
0.1 14116 135
0.1 14117 108
0.1 14118 135
0.1 14119 108
0.1 14120 108
0.1 14121 135
0.1 14122 135
0.1 14123 135
0.1 14124 135
0.1 14125 108
0.1 14126 108
0.1 14127 135
0.1 14128 135
0.1 14129 135
0.1 14130 135
0.1 14131 135
0.1 14132 135
0.1 14133 135
0.1 14134 135
0.1 14135 135
0.1 14136 135
0.1 14137 135
0.1 14138 135
0.1 14139 135
0.1 14140 135
0.1 14141 108
0.1 14142 135
0.1 14143 108
0.1 14144 108
0.1 14145 108
0.1 14146 135
0.1 14147 108
0.1 14148 108
0.1 14149 108
0.1 14150 135
0.1 14151 135
0.1 14152 108
0.1 14153 135
0.1 14154 108
0.1 14155 135
0.1 14156 135
0.1 14157 135
0.1 14158 108
0.1 14159 135
0.1 14160 135
0.1 14161 135
0.1 14162 135
0.1 14163 135
0.1 14164 135
0.1 14165 135
0.1 14166 108
0.1 14167 135
0.1 14168 135
0.1 14169 135
0.1 14170 108
0.1 14171 108
0.1 14172 108
0.1 14173 135
0.1 14174 135
0.1 14175 135
0.1 14176 135
0.1 14177 108
0.1 14178 135
0.1 14179 108
0.1 14180 135
0.1 14181 108
0.1 14182 135
0.1 14183 108
0.1 14184 135
0.1 14185 108
0.1 14186 135
0.1 14187 135
0.1 14188 135
0.1 14189 135
0.1 14190 135
0.1 14191 135
0.1 14192 108
0.1 14193 135
0.1 14194 135
0.1 14195 108
0.1 14196 108
0.1 14197 135
0.1 14198 135
0.1 14199 135
0.1 14200 135
0.1 14201 108
0.1 14202 135
0.1 14203 135
0.1 14204 135
0.1 14205 108
0.1 14206 135
0.1 14207 135
0.1 14208 108
0.1 14209 108
0.1 14210 135
0.1 14211 108
0.1 14212 135
0.1 14213 108
0.1 14214 135
0.1 14215 108
0.1 14216 108
0.1 14217 135
0.1 14218 135
0.1 14219 108
0.1 14220 135
0.1 14221 135
0.1 14222 135
0.1 14223 108
0.1 14224 135
0.1 14225 135
0.1 14226 108
0.1 14227 135
0.1 14228 135
0.1 14229 135
0.1 14230 135
0.1 14231 135
0.1 14232 135
0.1 14233 135
0.1 14234 135
0.1 14235 135
0.1 14236 135
0.1 14237 135
0.1 14238 135
0.1 14239 135
0.1 14240 135
0.1 14241 135
0.1 14242 135
0.1 14243 135
0.1 14244 135
0.1 14245 135
0.1 14246 135
0.1 14247 108
0.1 14248 135
0.1 14249 135
0.1 14250 135
0.1 14251 135
0.1 14252 135
0.1 14253 135
0.1 14254 108
0.1 14255 135
0.1 14256 81
0.1 14257 81
0.1 14258 108
0.1 14259 135
0.1 14260 108
0.1 14261 108
0.1 14262 108
0.1 14263 135
0.1 14264 135
0.1 14265 135
0.1 14266 108
0.1 14267 135
0.1 14268 108
0.1 14269 135
0.1 14270 135
0.1 14271 135
0.1 14272 108
0.1 14273 135
0.1 14274 135
0.1 14275 135
0.1 14276 108
0.1 14277 108
0.1 14278 135
0.1 14279 135
0.1 14280 108
0.1 14281 135
0.1 14282 135
0.1 14283 135
0.1 14284 108
0.1 14285 135
0.1 14286 135
0.1 14287 135
0.1 14288 108
0.1 14289 135
0.1 14290 108
0.1 14291 108
0.1 14292 135
0.1 14293 135
0.1 14294 135
0.1 14295 135
0.1 14296 135
0.1 14297 135
0.1 14298 135
0.1 14299 108
0.1 14300 108
0.1 14301 135
0.1 14302 108
0.1 14303 135
0.1 14304 108
0.1 14305 108
0.1 14306 135
0.1 14307 135
0.1 14308 108
0.1 14309 135
0.1 14310 135
0.1 14311 108
0.1 14312 135
0.1 14313 135
0.1 14314 135
0.1 14315 135
0.1 14316 135
0.1 14317 108
0.1 14318 135
0.1 14319 135
0.1 14320 135
0.1 14321 135
0.1 14322 108
0.1 14323 81
0.1 14324 108
0.1 14325 135
0.1 14326 108
0.1 14327 135
0.1 14328 135
0.1 14329 135
0.1 14330 108
0.1 14331 135
0.1 14332 108
0.1 14333 108
0.1 14334 135
0.1 14335 108
0.1 14336 135
0.1 14337 135
0.1 14338 108
0.1 14339 135
0.1 14340 108
0.1 14341 108
0.1 14342 108
0.1 14343 108
0.1 14344 108
0.1 14345 135
0.1 14346 108
0.1 14347 108
0.1 14348 135
0.1 14349 108
0.1 14350 135
0.1 14351 135
0.1 14352 108
0.1 14353 135
0.1 14354 135
0.1 14355 108
0.1 14356 135
0.1 14357 135
0.1 14358 135
0.1 14359 108
0.1 14360 108
0.1 14361 135
0.1 14362 135
0.1 14363 108
0.1 14364 108
0.1 14365 108
0.1 14366 135
0.1 14367 81
0.1 14368 108
0.1 14369 108
0.1 14370 135
0.1 14371 108
0.1 14372 135
0.1 14373 108
0.1 14374 108
0.1 14375 108
0.1 14376 108
0.1 14377 108
0.1 14378 108
0.1 14379 135
0.1 14380 135
0.1 14381 135
0.1 14382 108
0.1 14383 135
0.1 14384 135
0.1 14385 135
0.1 14386 108
0.1 14387 135
0.1 14388 135
0.1 14389 108
0.1 14390 108
0.1 14391 135
0.1 14392 135
0.1 14393 108
0.1 14394 108
0.1 14395 135
0.1 14396 135
0.1 14397 135
0.1 14398 135
0.1 14399 135
0.1 14400 135
0.1 14401 108
0.1 14402 135
0.1 14403 135
0.1 14404 135
0.1 14405 108
0.1 14406 108
0.1 14407 108
0.1 14408 135
0.1 14409 135
0.1 14410 135
0.1 14411 135
0.1 14412 135
0.1 14413 135
0.1 14414 135
0.1 14415 135
0.1 14416 135
0.1 14417 108
0.1 14418 108
0.1 14419 135
0.1 14420 108
0.1 14421 135
0.1 14422 135
0.1 14423 135
0.1 14424 108
0.1 14425 135
0.1 14426 135
0.1 14427 108
0.1 14428 135
0.1 14429 135
0.1 14430 135
0.1 14431 135
0.1 14432 135
0.1 14433 135
0.1 14434 108
0.1 14435 135
0.1 14436 135
0.1 14437 135
0.1 14438 135
0.1 14439 108
0.1 14440 135
0.1 14441 135
0.1 14442 81
0.1 14443 108
0.1 14444 81
0.1 14445 108
0.1 14446 135
0.1 14447 135
0.1 14448 135
0.1 14449 135
0.1 14450 108
0.1 14451 108
0.1 14452 108
0.1 14453 108
0.1 14454 108
0.1 14455 135
0.1 14456 108
0.1 14457 135
0.1 14458 108
0.1 14459 108
0.1 14460 135
0.1 14461 108
0.1 14462 135
0.1 14463 135
0.1 14464 135
0.1 14465 135
0.1 14466 135
0.1 14467 108
0.1 14468 135
0.1 14469 108
0.1 14470 135
0.1 14471 135
0.1 14472 135
0.1 14473 135
0.1 14474 108
0.1 14475 135
0.1 14476 135
0.1 14477 135
0.1 14478 135
0.1 14479 81
0.1 14480 108
0.1 14481 135
0.1 14482 135
0.1 14483 135
0.1 14484 135
0.1 14485 135
0.1 14486 135
0.1 14487 108
0.1 14488 108
0.1 14489 135
0.1 14490 135
0.1 14491 108
0.1 14492 135
0.1 14493 108
0.1 14494 135
0.1 14495 135
0.1 14496 135
0.1 14497 108
0.1 14498 135
0.1 14499 135
0.1 14500 108
0.1 14501 135
0.1 14502 135
0.1 14503 135
0.1 14504 135
0.1 14505 108
0.1 14506 135
0.1 14507 108
0.1 14508 135
0.1 14509 135
0.1 14510 135
0.1 14511 108
0.1 14512 108
0.1 14513 135
0.1 14514 108
0.1 14515 135
0.1 14516 135
0.1 14517 108
0.1 14518 135
0.1 14519 108
0.1 14520 135
0.1 14521 108
0.1 14522 108
0.1 14523 108
0.1 14524 108
0.1 14525 108
0.1 14526 135
0.1 14527 135
0.1 14528 135
0.1 14529 135
0.1 14530 108
0.1 14531 135
0.1 14532 135
0.1 14533 135
0.1 14534 108
0.1 14535 108
0.1 14536 135
0.1 14537 135
0.1 14538 108
0.1 14539 135
0.1 14540 135
0.1 14541 135
0.1 14542 135
0.1 14543 135
0.1 14544 135
0.1 14545 108
0.1 14546 135
0.1 14547 135
0.1 14548 135
0.1 14549 108
0.1 14550 135
0.1 14551 135
0.1 14552 135
0.1 14553 135
0.1 14554 135
0.1 14555 135
0.1 14556 135
0.1 14557 135
0.1 14558 135
0.1 14559 108
0.1 14560 108
0.1 14561 135
0.1 14562 135
0.1 14563 135
0.1 14564 135
0.1 14565 135
0.1 14566 135
0.1 14567 135
0.1 14568 108
0.1 14569 135
0.1 14570 135
0.1 14571 135
0.1 14572 135
0.1 14573 135
0.1 14574 108
0.1 14575 135
0.1 14576 135
0.1 14577 108
0.1 14578 108
0.1 14579 135
0.1 14580 135
0.1 14581 135
0.1 14582 135
0.1 14583 135
0.1 14584 135
0.1 14585 135
0.1 14586 135
0.1 14587 135
0.1 14588 135
0.1 14589 108
0.1 14590 108
0.1 14591 135
0.1 14592 108
0.1 14593 108
0.1 14594 135
0.1 14595 135
0.1 14596 135
0.1 14597 108
0.1 14598 108
0.1 14599 135
0.1 14600 135
0.1 14601 108
0.1 14602 108
0.1 14603 108
0.1 14604 135
0.1 14605 135
0.1 14606 135
0.1 14607 135
0.1 14608 135
0.1 14609 135
0.1 14610 135
0.1 14611 135
0.1 14612 135
0.1 14613 135
0.1 14614 135
0.1 14615 135
0.1 14616 135
0.1 14617 108
0.1 14618 135
0.1 14619 135
0.1 14620 108
0.1 14621 108
0.1 14622 135
0.1 14623 108
0.1 14624 135
0.1 14625 135
0.1 14626 135
0.1 14627 135
0.1 14628 135
0.1 14629 108
0.1 14630 135
0.1 14631 135
0.1 14632 108
0.1 14633 135
0.1 14634 135
0.1 14635 108
0.1 14636 135
0.1 14637 135
0.1 14638 135
0.1 14639 135
0.1 14640 81
0.1 14641 81
0.1 14642 81
0.1 14643 81
0.1 14644 81
0.1 14645 81
0.1 14646 108
0.1 14647 135
0.1 14648 135
0.1 14649 135
0.1 14650 108
0.1 14651 108
0.1 14652 135
0.1 14653 108
0.1 14654 135
0.1 14655 108
0.1 14656 135
0.1 14657 135
0.1 14658 108
0.1 14659 135
0.1 14660 108
0.1 14661 108
0.1 14662 135
0.1 14663 135
0.1 14664 135
0.1 14665 108
0.1 14666 135
0.1 14667 135
0.1 14668 135
0.1 14669 108
0.1 14670 135
0.1 14671 135
0.1 14672 108
0.1 14673 108
0.1 14674 108
0.1 14675 108
0.1 14676 135
0.1 14677 108
0.1 14678 135
0.1 14679 135
0.1 14680 135
0.1 14681 135
0.1 14682 108
0.1 14683 135
0.1 14684 135
0.1 14685 135
0.1 14686 108
0.1 14687 108
0.1 14688 108
0.1 14689 135
0.1 14690 135
0.1 14691 135
0.1 14692 108
0.1 14693 135
0.1 14694 135
0.1 14695 135
0.1 14696 135
0.1 14697 135
0.1 14698 108
0.1 14699 135
0.1 14700 135
0.1 14701 135
0.1 14702 135
0.1 14703 135
0.1 14704 135
0.1 14705 108
0.1 14706 108
0.1 14707 135
0.1 14708 135
0.1 14709 135
0.1 14710 135
0.1 14711 135
0.1 14712 135
0.1 14713 135
0.1 14714 135
0.1 14715 135
0.1 14716 108
0.1 14717 81
0.1 14718 81
0.1 14719 108
0.1 14720 135
0.1 14721 108
0.1 14722 135
0.1 14723 135
0.1 14724 81
0.1 14725 0
0.1 14726 0
0.1 14727 0
0.1 14728 27
0.1 14729 27
0.1 14730 27
0.1 14731 27
0.1 14732 54
0.1 14733 54
0.1 14734 54
0.1 14735 81
0.1 14736 108
0.1 14737 108
0.1 14738 135
0.1 14739 135
0.1 14740 135
0.1 14741 108
0.1 14742 135
0.1 14743 108
0.1 14744 135
0.1 14745 135
0.1 14746 108
0.1 14747 135
0.1 14748 135
0.1 14749 135
0.1 14750 135
0.1 14751 135
0.1 14752 135
0.1 14753 135
0.1 14754 135
0.1 14755 135
0.1 14756 135
0.1 14757 108
0.1 14758 135
0.1 14759 108
0.1 14760 108
0.1 14761 108
0.1 14762 135
0.1 14763 135
0.1 14764 135
0.1 14765 135
0.1 14766 135
0.1 14767 135
0.1 14768 135
0.1 14769 135
0.1 14770 81
0.1 14771 108
0.1 14772 108
0.1 14773 135
0.1 14774 135
0.1 14775 135
0.1 14776 135
0.1 14777 108
0.1 14778 108
0.1 14779 135
0.1 14780 108
0.1 14781 135
0.1 14782 108
0.1 14783 108
0.1 14784 135
0.1 14785 135
0.1 14786 135
0.1 14787 135
0.1 14788 135
0.1 14789 108
0.1 14790 135
0.1 14791 108
0.1 14792 135
0.1 14793 135
0.1 14794 108
0.1 14795 108
0.1 14796 135
0.1 14797 135
0.1 14798 135
0.1 14799 108
0.1 14800 135
0.1 14801 108
0.1 14802 135
0.1 14803 108
0.1 14804 135
0.1 14805 135
0.1 14806 135
0.1 14807 135
0.1 14808 135
0.1 14809 135
0.1 14810 135
0.1 14811 135
0.1 14812 108
0.1 14813 108
0.1 14814 135
0.1 14815 135
0.1 14816 135
0.1 14817 135
0.1 14818 108
0.1 14819 108
0.1 14820 135
0.1 14821 135
0.1 14822 108
0.1 14823 135
0.1 14824 135
0.1 14825 135
0.1 14826 135
0.1 14827 135
0.1 14828 108
0.1 14829 135
0.1 14830 135
0.1 14831 135
0.1 14832 108
0.1 14833 135
0.1 14834 108
0.1 14835 135
0.1 14836 108
0.1 14837 135
0.1 14838 135
0.1 14839 108
0.1 14840 135
0.1 14841 135
0.1 14842 108
0.1 14843 135
0.1 14844 135
0.1 14845 108
0.1 14846 135
0.1 14847 135
0.1 14848 108
0.1 14849 108
0.1 14850 135
0.1 14851 135
0.1 14852 108
0.1 14853 81
0.1 14854 108
0.1 14855 135
0.1 14856 135
0.1 14857 108
0.1 14858 108
0.1 14859 108
0.1 14860 135
0.1 14861 135
0.1 14862 108
0.1 14863 135
0.1 14864 108
0.1 14865 108
0.1 14866 108
0.1 14867 135
0.1 14868 135
0.1 14869 108
0.1 14870 135
0.1 14871 108
0.1 14872 135
0.1 14873 135
0.1 14874 135
0.1 14875 135
0.1 14876 135
0.1 14877 135
0.1 14878 108
0.1 14879 135
0.1 14880 135
0.1 14881 135
0.1 14882 135
0.1 14883 108
0.1 14884 135
0.1 14885 135
0.1 14886 135
0.1 14887 135
0.1 14888 108
0.1 14889 108
0.1 14890 135
0.1 14891 135
0.1 14892 108
0.1 14893 135
0.1 14894 135
0.1 14895 135
0.1 14896 108
0.1 14897 135
0.1 14898 108
0.1 14899 135
0.1 14900 135
0.1 14901 135
0.1 14902 135
0.1 14903 135
0.1 14904 135
0.1 14905 108
0.1 14906 108
0.1 14907 108
0.1 14908 135
0.1 14909 135
0.1 14910 135
0.1 14911 108
0.1 14912 135
0.1 14913 108
0.1 14914 135
0.1 14915 108
0.1 14916 135
0.1 14917 108
0.1 14918 135
0.1 14919 108
0.1 14920 108
0.1 14921 135
0.1 14922 135
0.1 14923 135
0.1 14924 108
0.1 14925 108
0.1 14926 135
0.1 14927 108
0.1 14928 135
0.1 14929 135
0.1 14930 135
0.1 14931 108
0.1 14932 135
0.1 14933 135
0.1 14934 135
0.1 14935 135
0.1 14936 135
0.1 14937 135
0.1 14938 135
0.1 14939 135
0.1 14940 135
0.1 14941 135
0.1 14942 108
0.1 14943 135
0.1 14944 135
0.1 14945 135
0.1 14946 135
0.1 14947 135
0.1 14948 135
0.1 14949 108
0.1 14950 135
0.1 14951 135
0.1 14952 108
0.1 14953 135
0.1 14954 135
0.1 14955 108
0.1 14956 108
0.1 14957 135
0.1 14958 135
0.1 14959 135
0.1 14960 135
0.1 14961 108
0.1 14962 135
0.1 14963 135
0.1 14964 108
0.1 14965 135
0.1 14966 135
0.1 14967 108
0.1 14968 135
0.1 14969 108
0.1 14970 108
0.1 14971 108
0.1 14972 108
0.1 14973 135
0.1 14974 135
0.1 14975 108
0.1 14976 135
0.1 14977 108
0.1 14978 135
0.1 14979 135
0.1 14980 135
0.1 14981 135
0.1 14982 135
0.1 14983 135
0.1 14984 108
0.1 14985 108
0.1 14986 81
0.1 14987 81
0.1 14988 108
0.1 14989 108
0.1 14990 135
0.1 14991 108
0.1 14992 135
0.1 14993 108
0.1 14994 135
0.1 14995 135
0.1 14996 135
0.1 14997 108
0.1 14998 135
0.1 14999 135
