117.45 1.0 117.45
120.15 1.0 120.15
112.05 1.0 112.05
118.8 1.0 118.8
116.1 1.0 116.1
121.5 1.0 121.5
118.8 1.0 118.8
113.4 1.0 113.4
112.05 1.0 112.05
116.1 1.0 116.1
121.5 1.0 121.5
118.8 1.0 118.8
116.1 1.0 116.1
118.8 1.0 118.8
116.1 1.0 116.1
116.1 1.0 116.1
118.8 1.0 118.8
118.8 1.0 118.8
117.45 1.0 117.45
112.05 1.0 112.05
117.45 1.0 117.45
117.45 1.0 117.45
116.1 1.0 116.1
117.45 1.0 117.45
117.45 1.0 117.45
113.4 1.0 113.4
117.45 1.0 117.45
120.15 1.0 120.15
109.35 1.0 109.35
114.75 1.0 114.75
116.1 1.0 116.1
116.1 1.0 116.1
117.45 1.0 117.45
117.45 1.0 117.45
114.75 1.0 114.75
114.75 1.0 114.75
114.75 1.0 114.75
112.05 1.0 112.05
116.1 1.0 116.1
113.4 1.0 113.4
116.1 1.0 116.1
229.5 2.0 114.75
230.85 2.0 115.425
237.6 2.0 118.8
229.5 2.0 114.75
232.2 2.0 116.1
232.2 2.0 116.1
234.9 2.0 117.45
228.15 2.0 114.075
232.2 2.0 116.1
224.1 2.0 112.05
232.2 2.0 116.1
229.5 2.0 114.75
233.55 2.0 116.775
232.2 2.0 116.1
230.85 2.0 115.425
226.8 2.0 113.4
226.8 2.0 113.4
232.2 2.0 116.1
232.2 2.0 116.1
233.55 2.0 116.775
228.15 2.0 114.075
234.9 2.0 117.45
228.15 2.0 114.075
233.55 2.0 116.775
230.85 2.0 115.425
228.15 2.0 114.075
224.1 2.0 112.05
229.5 2.0 114.75
234.9 2.0 117.45
233.55 2.0 116.775
234.9 2.0 117.45
234.9 2.0 117.45
234.9 2.0 117.45
232.2 2.0 116.1
229.5 2.0 114.75
233.55 2.0 116.775
229.5 2.0 114.75
225.45 2.0 112.725
232.2 2.0 116.1
230.85 2.0 115.425
237.6 2.0 118.8
351.0 3.0 117.0
351.0 3.0 117.0
349.65002 3.0 116.55
338.84998 3.0 112.95
344.25 3.0 114.75
345.59998 3.0 115.2
349.65002 3.0 116.55
345.59998 3.0 115.2
342.90002 3.0 114.3
348.3 3.0 116.1
338.84998 3.0 112.95
340.2 3.0 113.4
346.95 3.0 115.65
340.2 3.0 113.4
340.2 3.0 113.4
345.59998 3.0 115.2
348.3 3.0 116.1
355.05 3.0 118.35
344.25 3.0 114.75
346.95 3.0 115.65
348.3 3.0 116.1
356.40002 3.0 118.8
342.90002 3.0 114.3
353.7 3.0 117.9
349.65002 3.0 116.55
346.95 3.0 115.65
352.34998 3.0 117.45
349.65002 3.0 116.55
355.05 3.0 118.35
340.2 3.0 113.4
341.55 3.0 113.85
348.3 3.0 116.1
340.2 3.0 113.4
344.25 3.0 114.75
333.45 3.0 111.15
348.3 3.0 116.1
352.34998 3.0 117.45
338.84998 3.0 112.95
342.90002 3.0 114.3
345.59998 3.0 115.2
346.95 3.0 115.65
452.25 4.0 113.0625
464.4 4.0 116.1
473.85 4.0 118.4625
461.7 4.0 115.425
471.15 4.0 117.7875
457.65 4.0 114.4125
464.4 4.0 116.1
463.05 4.0 115.7625
459.0 4.0 114.75
460.35 4.0 115.0875
464.4 4.0 116.1
459.0 4.0 114.75
473.85 4.0 118.4625
459.0 4.0 114.75
461.7 4.0 115.425
453.6 4.0 113.4
456.3 4.0 114.075
461.7 4.0 115.425
472.5 4.0 118.125
461.7 4.0 115.425
465.75 4.0 116.4375
468.45 4.0 117.1125
471.15 4.0 117.7875
457.65 4.0 114.4125
456.3 4.0 114.075
461.7 4.0 115.425
464.4 4.0 116.1
464.4 4.0 116.1
453.6 4.0 113.4
463.05 4.0 115.7625
465.75 4.0 116.4375
456.3 4.0 114.075
450.9 4.0 112.725
460.35 4.0 115.0875
456.3 4.0 114.075
467.1 4.0 116.775
459.0 4.0 114.75
468.45 4.0 117.1125
475.2 4.0 118.8
465.75 4.0 116.4375
467.1 4.0 116.775
544.05 5.0 108.81
558.9 5.0 111.78
565.64996 5.0 113.13
583.2 5.0 116.64
568.35 5.0 113.67
580.5 5.0 116.1
567.0 5.0 113.4
565.64996 5.0 113.13
584.55005 5.0 116.91
579.15 5.0 115.83
588.6 5.0 117.72
573.75 5.0 114.75
571.05 5.0 114.21
572.4 5.0 114.48
562.94995 5.0 112.59
579.15 5.0 115.83
580.5 5.0 116.1
573.75 5.0 114.75
561.6 5.0 112.32
508.95 5.0 101.79
529.19995 5.0 105.84
518.4 5.0 103.68
511.65002 5.0 102.33
575.1 5.0 115.02
561.6 5.0 112.32
560.25 5.0 112.05
587.25 5.0 117.45
572.4 5.0 114.48
580.5 5.0 116.1
591.3 5.0 118.26
580.5 5.0 116.1
579.15 5.0 115.83
571.05 5.0 114.21
584.55005 5.0 116.91
569.7 5.0 113.94
587.25 5.0 117.45
565.64996 5.0 113.13
577.8 5.0 115.56
585.9 5.0 117.18
581.85004 5.0 116.37
572.4 5.0 114.48
585.9 6.0 97.65
535.94995 6.0 89.325
556.19995 6.0 92.7
480.59998 6.0 80.1
508.94998 6.0 84.825
526.5 6.0 87.75
545.4 6.0 90.9
568.35 6.0 94.725
550.80005 6.0 91.8
562.94995 6.0 93.825
550.80005 6.0 91.8
542.69995 6.0 90.45
544.05005 6.0 90.675
567.0 6.0 94.5
541.35 6.0 90.225
545.4 6.0 90.9
515.69995 6.0 85.95
517.05005 6.0 86.175
545.4 6.0 90.9
468.44998 6.0 78.075
510.30002 6.0 85.05
518.4 6.0 86.4
552.15 6.0 92.025
585.9 6.0 97.65
584.55005 6.0 97.425
581.85 6.0 96.975
554.85 6.0 92.475
581.85 6.0 96.975
541.35 6.0 90.225
537.30005 6.0 89.55
538.65 6.0 89.775
599.4 6.0 99.9
584.55005 6.0 97.425
602.1 6.0 100.35
569.69995 6.0 94.95
503.55002 6.0 83.925
510.30002 6.0 85.05
503.55002 6.0 83.925
517.05005 6.0 86.175
560.25 6.0 93.375
581.85 6.0 96.975
571.05005 7.0 81.578575
533.25 7.0 76.17857
577.8 7.0 82.542854
557.55 7.0 79.65
534.6 7.0 76.37143
513.0 7.0 73.28571
480.6 7.0 68.65714
429.3 7.0 61.32857
444.15 7.0 63.45
436.05002 7.0 62.29286
409.05 7.0 58.435715
452.24997 7.0 64.60714
518.4 7.0 74.057144
548.10004 7.0 78.3
526.5 7.0 75.21429
557.55 7.0 79.65
535.95 7.0 76.564285
500.85004 7.0 71.55
526.5 7.0 75.21429
517.05005 7.0 73.86429
508.95 7.0 72.707146
534.6 7.0 76.37143
549.45 7.0 78.49286
583.2 7.0 83.314285
552.15 7.0 78.87857
531.9 7.0 75.98572
494.1 7.0 70.58572
508.95 7.0 72.707146
519.75 7.0 74.25
522.44995 7.0 74.63571
564.30005 7.0 80.61429
540.0 7.0 77.14286
557.55 7.0 79.65
507.59998 7.0 72.51428
518.4 7.0 74.057144
526.5 7.0 75.21429
588.60004 7.0 84.08572
541.35004 7.0 77.33572
587.25 7.0 83.89286
560.25 7.0 80.03571
579.15 7.0 82.73572
573.75 8.0 71.71875
558.9 8.0 69.8625
488.7 8.0 61.0875
521.1 8.0 65.1375
518.4 8.0 64.8
529.2 8.0 66.15
500.85 8.0 62.60625
488.7 8.0 61.0875
560.25 8.0 70.03125
506.25 8.0 63.28125
488.7 8.0 61.0875
465.75 8.0 58.21875
484.65 8.0 60.58125
545.4 8.0 68.175
550.8 8.0 68.85
560.25 8.0 70.03125
531.9 8.0 66.4875
553.5 8.0 69.1875
542.7 8.0 67.8375
519.75 8.0 64.96875
508.95 8.0 63.61875
494.1 8.0 61.7625
533.25 8.0 66.65625
522.45 8.0 65.30625
525.15 8.0 65.64375
511.65 8.0 63.95625
473.85 8.0 59.23125
526.5 8.0 65.8125
521.1 8.0 65.1375
541.35 8.0 67.66875
569.7 8.0 71.2125
608.85 8.0 76.10625
558.9 8.0 69.8625
484.65 8.0 60.58125
477.9 8.0 59.7375
475.2 8.0 59.4
504.9 8.0 63.1125
499.5 8.0 62.4375
507.6 8.0 63.45
477.9 8.0 59.7375
508.95 8.0 63.61875
503.55002 9.0 55.95
538.64996 9.0 59.85
584.55 9.0 64.95
490.05002 9.0 54.45
484.65 9.0 53.85
580.5 9.0 64.5
527.85004 9.0 58.65
496.80002 9.0 55.2
522.45 9.0 58.05
476.55002 9.0 52.95
468.44998 9.0 52.05
513.0 9.0 57.0
604.8 9.0 67.2
515.7 9.0 57.3
529.2 9.0 58.8
506.25 9.0 56.25
575.10004 9.0 63.9
561.60004 9.0 62.4
522.45 9.0 58.05
463.05002 9.0 51.45
508.94998 9.0 56.55
510.30002 9.0 56.7
453.6 9.0 50.4
549.45 9.0 61.05
545.39996 9.0 60.6
498.15 9.0 55.35
529.2 9.0 58.8
558.89996 9.0 62.1
530.55 9.0 58.95
538.64996 9.0 59.85
500.85 9.0 55.65
535.95 9.0 59.55
465.75 9.0 51.75
504.9 9.0 56.1
502.19998 9.0 55.8
456.30002 9.0 50.7
449.55002 9.0 49.95
460.35 9.0 51.15
477.9 9.0 53.1
499.5 9.0 55.5
553.5 9.0 61.5
414.45 10.0 41.445
533.25 10.0 53.325
529.19995 10.0 52.92
484.65 10.0 48.465
537.3 10.0 53.73
499.5 10.0 49.95
468.45 10.0 46.845
511.65002 10.0 51.165
488.69998 10.0 48.87
525.15 10.0 52.515
507.59998 10.0 50.76
488.69998 10.0 48.87
541.35 10.0 54.135
583.2 10.0 58.32
560.25 10.0 56.025
552.15 10.0 55.215
544.05 10.0 54.405
504.90002 10.0 50.49
499.5 10.0 49.95
541.35 10.0 54.135
625.05 10.0 62.505
526.5 10.0 52.65
553.5 10.0 55.35
480.6 10.0 48.06
456.30002 10.0 45.63
449.55002 10.0 44.955
467.09998 10.0 46.71
465.75 10.0 46.575
476.55 10.0 47.655
522.45 10.0 52.245
541.35 10.0 54.135
449.55002 10.0 44.955
459.0 10.0 45.9
549.45 10.0 54.945
499.5 10.0 49.95
513.0 10.0 51.3
529.19995 10.0 52.92
463.05 10.0 46.305
477.90002 10.0 47.79
527.85 10.0 52.785
540.0 10.0 54.0
465.75 11.0 42.340908
581.85 11.0 52.895454
549.45 11.0 49.95
511.65002 11.0 46.513638
460.34998 11.0 41.85
537.3 11.0 48.845455
581.85 11.0 52.895454
557.55 11.0 50.686363
556.2 11.0 50.563637
484.65 11.0 44.05909
508.94998 11.0 46.26818
530.55 11.0 48.23182
573.75 11.0 52.159092
546.75 11.0 49.704544
477.9 11.0 43.445454
506.25 11.0 46.022728
496.8 11.0 45.163635
522.44995 11.0 47.495453
583.2 11.0 53.01818
521.1 11.0 47.372726
490.05 11.0 44.55
538.65 11.0 48.96818
495.45 11.0 45.04091
495.45 11.0 45.04091
533.25 11.0 48.477272
510.3 11.0 46.390907
483.3 11.0 43.936363
483.3 11.0 43.936363
504.90002 11.0 45.9
467.09998 11.0 42.463634
467.09998 11.0 42.463634
510.3 11.0 46.390907
469.8 11.0 42.70909
445.5 11.0 40.5
508.94998 11.0 46.26818
510.3 11.0 46.390907
546.75 11.0 49.704544
521.1 11.0 47.372726
519.75 11.0 47.25
500.85 11.0 45.53182
561.60004 11.0 51.054546
486.0 12.0 40.5
542.69995 12.0 45.225
490.05002 12.0 40.8375
496.80002 12.0 41.4
522.44995 12.0 43.5375
549.44995 12.0 45.7875
490.05002 12.0 40.8375
490.05002 12.0 40.8375
522.44995 12.0 43.5375
488.69998 12.0 40.725
476.55002 12.0 39.7125
579.15 12.0 48.2625
514.35 12.0 42.8625
562.94995 12.0 46.9125
486.0 12.0 40.5
480.59998 12.0 40.05
518.4 12.0 43.2
499.5 12.0 41.625
517.05005 12.0 43.0875
522.44995 12.0 43.5375
540.0 12.0 45.0
472.5 12.0 39.375
538.65 12.0 44.8875
445.5 12.0 37.125
494.09998 12.0 41.175
480.59998 12.0 40.05
527.85 12.0 43.9875
546.75 12.0 45.5625
456.30002 12.0 38.025
480.59998 12.0 40.05
553.5 12.0 46.125
467.09998 12.0 38.925
471.15002 12.0 39.2625
541.35 12.0 45.1125
484.65002 12.0 40.3875
494.09998 12.0 41.175
460.34998 12.0 38.3625
483.30002 12.0 40.275
467.09998 12.0 38.925
525.15 12.0 43.7625
550.80005 12.0 45.9
457.65 13.0 35.203846
442.8 13.0 34.06154
522.45 13.0 40.18846
481.95 13.0 37.07308
522.45 13.0 40.18846
545.4 13.0 41.953846
491.4 13.0 37.8
548.1 13.0 42.161537
518.4 13.0 39.876923
440.1 13.0 33.853848
515.7 13.0 39.66923
507.6 13.0 39.046154
499.5 13.0 38.423077
517.05 13.0 39.773075
571.05 13.0 43.92692
494.09998 13.0 38.00769
526.5 13.0 40.5
484.65 13.0 37.28077
561.60004 13.0 43.2
558.9 13.0 42.99231
546.75 13.0 42.057693
529.2 13.0 40.70769
480.6 13.0 36.96923
592.65 13.0 45.588463
503.55 13.0 38.734615
500.85 13.0 38.526924
517.05 13.0 39.773075
504.90002 13.0 38.838463
523.8 13.0 40.29231
535.95 13.0 41.226925
490.05002 13.0 37.696156
438.75 13.0 33.75
490.05002 13.0 37.696156
460.34998 13.0 35.411537
475.19998 13.0 36.553844
537.3 13.0 41.33077
479.24997 13.0 36.865383
468.44998 13.0 36.034615
456.3 13.0 35.1
544.05 13.0 41.85
534.6 13.0 41.123077
584.55 14.0 41.75357
511.65 14.0 36.54643
542.7 14.0 38.764286
481.94998 14.0 34.425
499.49997 14.0 35.67857
475.19998 14.0 33.942856
494.1 14.0 35.29286
544.05 14.0 38.860714
465.75 14.0 33.267857
504.9 14.0 36.064285
480.6 14.0 34.32857
498.15 14.0 35.58214
500.85004 14.0 35.775
440.1 14.0 31.435715
484.65002 14.0 34.61786
486.0 14.0 34.714287
477.90002 14.0 34.135715
530.55 14.0 37.896427
481.94998 14.0 34.425
471.15002 14.0 33.653572
526.5 14.0 37.607143
480.6 14.0 34.32857
541.35004 14.0 38.66786
461.7 14.0 32.978573
492.75003 14.0 35.19643
472.5 14.0 33.75
498.15 14.0 35.58214
479.25 14.0 34.232143
467.09998 14.0 33.364285
411.75 14.0 29.410715
504.9 14.0 36.064285
488.7 14.0 34.907143
541.35004 14.0 38.66786
511.65 14.0 36.54643
495.45 14.0 35.389286
508.95 14.0 36.353573
468.44998 14.0 33.460712
472.5 14.0 33.75
488.7 14.0 34.907143
521.1 14.0 37.221428
565.65 14.0 40.403572
526.5 15.000001 35.1
533.25 15.000001 35.55
514.35004 15.000001 34.29
518.4 15.000001 34.56
491.4 15.000001 32.76
546.75006 15.000001 36.45
534.60004 15.000001 35.64
540.00006 15.000001 36.0
479.25003 15.000001 31.95
484.65005 15.000001 32.31
492.75 15.000001 32.85
483.30005 15.000001 32.22
510.30005 15.000001 34.02
513.00006 15.000001 34.2
515.7001 15.000001 34.38
499.50003 15.000001 33.3
486.00006 15.000001 32.4
500.85004 15.000001 33.39
484.65005 15.000001 32.31
452.25003 15.000001 30.15
495.45 15.000001 33.03
504.90002 15.000001 33.66
469.80002 15.000001 31.32
499.50003 15.000001 33.3
460.35004 15.000001 30.69
457.65002 15.000001 30.51
518.4 15.000001 34.56
483.30005 15.000001 32.22
459.00003 15.000001 30.6
513.00006 15.000001 34.2
503.55002 15.000001 33.57
503.55002 15.000001 33.57
504.90002 15.000001 33.66
477.90002 15.000001 31.86
492.75 15.000001 32.85
534.60004 15.000001 35.64
426.60004 15.000001 28.44
529.2 15.000001 35.28
538.65 15.000001 35.91
463.05005 15.000001 30.87
459.00003 15.000001 30.6
496.8 16.0 31.05
510.3 16.0 31.89375
515.7 16.0 32.23125
477.9 16.0 29.86875
529.2 16.0 33.075
521.1 16.0 32.56875
535.95 16.0 33.496876
544.05 16.0 34.003124
457.65 16.0 28.603125
464.4 16.0 29.025
510.3 16.0 31.89375
519.75 16.0 32.484375
476.55 16.0 29.784374
504.9 16.0 31.55625
467.1 16.0 29.19375
484.65 16.0 30.290625
487.35 16.0 30.459375
486.0 16.0 30.375
591.3 16.0 36.95625
465.75 16.0 29.109375
525.15 16.0 32.821877
486.0 16.0 30.375
476.55 16.0 29.784374
495.45 16.0 30.965626
511.65 16.0 31.978125
481.95 16.0 30.121876
475.2 16.0 29.7
480.6 16.0 30.0375
518.4 16.0 32.4
468.45 16.0 29.278126
480.6 16.0 30.0375
487.35 16.0 30.459375
480.6 16.0 30.0375
472.5 16.0 29.53125
526.5 16.0 32.90625
540.0 16.0 33.75
560.25 16.0 35.015625
491.4 16.0 30.7125
484.65 16.0 30.290625
468.45 16.0 29.278126
471.15 16.0 29.446875
521.1 17.0 30.65294
504.90002 17.0 29.7
495.44998 17.0 29.144117
488.7 17.0 28.747059
513.0 17.0 30.17647
506.25 17.0 29.779411
471.15002 17.0 27.714706
486.0 17.0 28.588236
450.9 17.0 26.52353
471.15002 17.0 27.714706
498.15 17.0 29.30294
510.3 17.0 30.017647
531.89996 17.0 31.288235
491.4 17.0 28.905882
473.85 17.0 27.87353
422.55002 17.0 24.855883
569.7 17.0 33.511765
468.44998 17.0 27.555882
449.55002 17.0 26.444118
465.75 17.0 27.397058
504.90002 17.0 29.7
513.0 17.0 30.17647
446.84998 17.0 26.285294
517.05 17.0 30.414705
476.55 17.0 28.032352
535.95 17.0 31.52647
511.65 17.0 30.09706
422.55002 17.0 24.855883
479.25 17.0 28.191177
467.1 17.0 27.47647
553.5 17.0 32.558823
508.95 17.0 29.938236
511.65 17.0 30.09706
469.8 17.0 27.635294
465.75 17.0 27.397058
529.2 17.0 31.129412
499.5 17.0 29.382353
494.1 17.0 29.064707
484.65 17.0 28.508823
487.34998 17.0 28.667646
468.44998 17.0 27.555882
427.94998 18.0 23.775
442.80002 18.0 24.6
519.75 18.0 28.875
522.45 18.0 29.025
496.80002 18.0 27.6
557.55 18.0 30.975
495.44998 18.0 27.525
444.15 18.0 24.675
510.30002 18.0 28.35
507.6 18.0 28.2
438.75 18.0 24.375
446.85 18.0 24.825
508.94998 18.0 28.275
484.65 18.0 26.925
445.5 18.0 24.75
496.80002 18.0 27.6
467.1 18.0 25.95
472.5 18.0 26.25
483.30002 18.0 26.85
437.4 18.0 24.3
494.1 18.0 27.45
473.85 18.0 26.325
538.64996 18.0 29.925
471.15 18.0 26.175
457.65 18.0 25.425
510.30002 18.0 28.35
502.19998 18.0 27.9
464.4 18.0 25.8
465.75 18.0 25.875
479.25 18.0 26.625
445.5 18.0 24.75
510.30002 18.0 28.35
537.3 18.0 29.85
514.35004 18.0 28.575
503.55002 18.0 27.975
495.44998 18.0 27.525
444.15 18.0 24.675
448.19998 18.0 24.9
484.65 18.0 26.925
525.14996 18.0 29.175
507.6 18.0 28.2
456.3 19.0 24.015789
517.05 19.0 27.213158
471.15002 19.0 24.797369
491.4 19.0 25.863157
473.85 19.0 24.939474
468.45 19.0 24.655264
496.8 19.0 26.147367
492.75 19.0 25.93421
502.2 19.0 26.43158
452.25 19.0 23.802631
468.45 19.0 24.655264
488.69998 19.0 25.721052
495.44998 19.0 26.076315
503.55002 19.0 26.502632
436.05002 19.0 22.95
511.65 19.0 26.928947
434.7 19.0 22.878948
448.2 19.0 23.589474
454.94998 19.0 23.944736
460.34998 19.0 24.228947
487.35 19.0 25.65
448.2 19.0 23.589474
491.4 19.0 25.863157
457.65 19.0 24.086842
484.65 19.0 25.507895
453.6 19.0 23.873684
488.69998 19.0 25.721052
515.7 19.0 27.142105
480.6 19.0 25.294737
522.45 19.0 27.497368
499.5 19.0 26.289474
529.2 19.0 27.852633
527.85 19.0 27.781578
456.3 19.0 24.015789
453.6 19.0 23.873684
533.25 19.0 28.06579
499.5 19.0 26.289474
459.0 19.0 24.157894
457.65 19.0 24.086842
534.60004 19.0 28.136843
438.75 19.0 23.092106
446.85 20.0 22.3425
423.9 20.0 21.195
492.75 20.0 24.6375
487.35 20.0 24.3675
467.09998 20.0 23.355
465.75 20.0 23.2875
436.05 20.0 21.8025
471.15002 20.0 23.5575
448.2 20.0 22.41
463.05 20.0 23.1525
479.25 20.0 23.9625
491.4 20.0 24.57
449.55002 20.0 22.4775
511.65002 20.0 25.5825
480.6 20.0 24.03
492.75 20.0 24.6375
446.85 20.0 22.3425
464.4 20.0 23.22
513.0 20.0 25.65
481.95 20.0 24.0975
450.9 20.0 22.545
467.09998 20.0 23.355
465.75 20.0 23.2875
483.30002 20.0 24.165
475.2 20.0 23.76
432.0 20.0 21.6
491.4 20.0 24.57
480.6 20.0 24.03
421.19998 20.0 21.06
507.59998 20.0 25.38
548.10004 20.0 27.405
437.40002 20.0 21.87
473.84998 20.0 23.6925
475.2 20.0 23.76
438.75 20.0 21.9375
453.6 20.0 22.68
425.25 20.0 21.2625
483.30002 20.0 24.165
464.4 20.0 23.22
479.25 20.0 23.9625
499.5 20.0 24.975
459.0 21.0 21.857143
413.1 21.0 19.671429
440.1 21.0 20.957144
487.35 21.0 23.207144
460.35 21.0 21.921429
449.55 21.0 21.407143
461.69998 21.0 21.985714
454.95 21.0 21.664286
502.2 21.0 23.914286
510.3 21.0 24.3
434.7 21.0 20.7
459.0 21.0 21.857143
483.30002 21.0 23.014286
521.1 21.0 24.814285
461.69998 21.0 21.985714
495.45 21.0 23.592857
522.44995 21.0 24.87857
491.4 21.0 23.4
513.0 21.0 24.428572
410.4 21.0 19.542856
502.2 21.0 23.914286
446.85 21.0 21.278572
457.65 21.0 21.792856
452.25003 21.0 21.535715
540.0 21.0 25.714285
457.65 21.0 21.792856
480.59998 21.0 22.885714
500.85 21.0 23.85
459.0 21.0 21.857143
507.6 21.0 24.171429
469.80002 21.0 22.37143
472.5 21.0 22.5
463.05 21.0 22.05
464.40002 21.0 22.114286
432.0 21.0 20.571428
503.55 21.0 23.97857
495.45 21.0 23.592857
504.9 21.0 24.042856
438.75 21.0 20.892857
454.95 21.0 21.664286
490.05 21.0 23.335714
468.45 22.0 21.293182
444.15002 22.0 20.188637
473.85 22.0 21.538637
436.05 22.0 19.820454
452.25 22.0 20.556818
491.4 22.0 22.336363
480.6 22.0 21.845455
486.00003 22.0 22.09091
463.05002 22.0 21.047728
467.09998 22.0 21.231817
434.69998 22.0 19.75909
471.15 22.0 21.415909
434.69998 22.0 19.75909
432.0 22.0 19.636364
515.7 22.0 23.440908
508.94998 22.0 23.13409
448.19998 22.0 20.372726
490.05 22.0 22.275
399.6 22.0 18.163637
483.3 22.0 21.968182
461.7 22.0 20.986364
475.2 22.0 21.6
492.75 22.0 22.397728
494.1 22.0 22.459091
434.69998 22.0 19.75909
457.65 22.0 20.802273
436.05 22.0 19.820454
440.1 22.0 20.004545
437.40002 22.0 19.881819
471.15 22.0 21.415909
448.19998 22.0 20.372726
496.8 22.0 22.581818
465.75 22.0 21.170454
446.84998 22.0 20.311363
469.8 22.0 21.354546
504.90002 22.0 22.95
434.69998 22.0 19.75909
484.65 22.0 22.029545
434.69998 22.0 19.75909
518.4 22.0 23.563637
483.3 22.0 21.968182
454.95 23.0 19.780436
448.19998 23.0 19.486956
469.8 23.0 20.426086
454.95 23.0 19.780436
432.0 23.0 18.782608
467.09998 23.0 20.308695
429.3 23.0 18.665216
430.65 23.0 18.723913
438.74997 23.0 19.076086
471.15002 23.0 20.484783
480.6 23.0 20.895653
467.09998 23.0 20.308695
396.9 23.0 17.256521
450.9 23.0 19.604347
464.40002 23.0 20.191305
473.85 23.0 20.602175
481.94998 23.0 20.954348
473.85 23.0 20.602175
456.3 23.0 19.83913
460.34998 23.0 20.015217
459.0 23.0 19.956522
444.15 23.0 19.31087
419.85004 23.0 18.254349
427.95 23.0 18.606522
500.85 23.0 21.776087
453.6 23.0 19.721739
437.4 23.0 19.017391
457.65 23.0 19.897825
526.5 23.0 22.891304
484.65 23.0 21.07174
436.05002 23.0 18.958696
461.7 23.0 20.073914
444.15 23.0 19.31087
479.25 23.0 20.836956
463.05 23.0 20.132608
459.0 23.0 19.956522
440.1 23.0 19.134783
518.4 23.0 22.539131
464.40002 23.0 20.191305
436.05002 23.0 18.958696
417.15002 23.0 18.136957
507.59998 24.0 21.15
421.19998 24.0 17.55
440.09998 24.0 18.3375
467.09998 24.0 19.4625
421.19998 24.0 17.55
452.25 24.0 18.84375
434.69998 24.0 18.1125
440.09998 24.0 18.3375
444.15002 24.0 18.50625
388.80002 24.0 16.2
440.09998 24.0 18.3375
472.5 24.0 19.6875
471.15002 24.0 19.63125
487.34998 24.0 20.30625
463.05002 24.0 19.29375
475.19998 24.0 19.8
421.19998 24.0 17.55
373.95 24.0 15.58125
498.15002 24.0 20.75625
468.44998 24.0 19.51875
480.59998 24.0 20.025
463.05002 24.0 19.29375
481.94998 24.0 20.08125
441.44998 24.0 18.39375
442.80002 24.0 18.45
407.69998 24.0 16.9875
453.59998 24.0 18.9
407.69998 24.0 16.9875
419.84998 24.0 17.49375
477.90002 24.0 19.9125
448.19998 24.0 18.675
473.84998 24.0 19.74375
476.55002 24.0 19.85625
464.40002 24.0 19.35
426.59998 24.0 17.775
468.44998 24.0 19.51875
488.69998 24.0 20.3625
456.30002 24.0 19.0125
502.19998 24.0 20.925
471.15002 24.0 19.63125
459.0 24.0 19.125
423.9 25.0 16.956
445.5 25.0 17.82
422.55002 25.0 16.902
456.30002 25.0 18.252
441.45 25.0 17.658
453.59998 25.0 18.144
433.34998 25.0 17.334
487.34998 25.0 19.494
394.19998 25.0 15.768
437.4 25.0 17.496
477.9 25.0 19.116
500.85 25.0 20.034
469.8 25.0 18.792
488.7 25.0 19.548
429.30002 25.0 17.172
438.74997 25.0 17.55
440.1 25.0 17.604
467.1 25.0 18.684
452.25 25.0 18.09
480.60004 25.0 19.224
480.60004 25.0 19.224
442.8 25.0 17.712
472.5 25.0 18.9
453.59998 25.0 18.144
456.30002 25.0 18.252
449.55002 25.0 17.982
459.0 25.0 18.36
469.8 25.0 18.792
459.0 25.0 18.36
457.65 25.0 18.306
476.55002 25.0 19.062
426.59998 25.0 17.064
472.5 25.0 18.9
453.59998 25.0 18.144
499.5 25.0 19.98
444.15002 25.0 17.766
429.30002 25.0 17.172
449.55002 25.0 17.982
432.00003 25.0 17.28
467.1 25.0 18.684
469.8 25.0 18.792
471.15002 26.0 18.121155
436.05002 26.0 16.771154
456.3 26.0 17.55
450.90002 26.0 17.342308
434.7 26.0 16.71923
436.05002 26.0 16.771154
432.0 26.0 16.615385
436.05002 26.0 16.771154
448.2 26.0 17.238462
410.4 26.0 15.7846155
433.34998 26.0 16.667307
459.0 26.0 17.653847
492.75 26.0 18.951923
390.15 26.0 15.005769
452.24997 26.0 17.39423
463.05002 26.0 17.809616
492.75 26.0 18.951923
375.3 26.0 14.434615
504.90002 26.0 19.419231
452.24997 26.0 17.39423
390.15 26.0 15.005769
438.75 26.0 16.875
442.8 26.0 17.03077
448.2 26.0 17.238462
479.24997 26.0 18.432692
446.85 26.0 17.186539
426.59998 26.0 16.407692
426.59998 26.0 16.407692
446.85 26.0 17.186539
440.1 26.0 16.926924
446.85 26.0 17.186539
445.5 26.0 17.134615
491.4 26.0 18.9
452.24997 26.0 17.39423
454.95 26.0 17.498077
402.3 26.0 15.473077
436.05002 26.0 16.771154
448.2 26.0 17.238462
487.34998 26.0 18.74423
441.44998 26.0 16.978846
456.3 26.0 17.55
488.70004 27.000002 18.1
475.20004 27.000002 17.6
425.25003 27.000002 15.75
410.40002 27.000002 15.2
441.45004 27.000002 16.35
421.20004 27.000002 15.6
464.40005 27.000002 17.2
426.60004 27.000002 15.8
441.45004 27.000002 16.35
421.20004 27.000002 15.6
427.95004 27.000002 15.85
432.00003 27.000002 16.0
440.1 27.000002 16.3
427.95004 27.000002 15.85
411.75003 27.000002 15.25
423.90002 27.000002 15.7
454.95004 27.000002 16.85
487.35 27.000002 18.05
491.40005 27.000002 18.2
481.95004 27.000002 17.85
434.70004 27.000002 16.1
488.70004 27.000002 18.1
430.65002 27.000002 15.95
432.00003 27.000002 16.0
476.55002 27.000002 17.65
475.20004 27.000002 17.6
425.25003 27.000002 15.75
487.35 27.000002 18.05
438.75003 27.000002 16.25
457.65005 27.000002 16.95
453.6 27.000002 16.8
469.80002 27.000002 17.4
460.35 27.000002 17.05
411.75003 27.000002 15.25
430.65002 27.000002 15.95
446.85 27.000002 16.55
437.40005 27.000002 16.2
432.00003 27.000002 16.0
392.85004 27.000002 14.55
407.70004 27.000002 15.1
541.35004 27.000002 20.05
378.0 28.0 13.5
444.15 28.0 15.8625
479.25 28.0 17.116072
434.69998 28.0 15.525
450.9 28.0 16.10357
476.55002 28.0 17.019644
437.4 28.0 15.6214285
440.1 28.0 15.717857
430.65 28.0 15.380357
407.7 28.0 14.560715
432.0 28.0 15.428572
398.25 28.0 14.223214
425.25 28.0 15.1875
430.65 28.0 15.380357
434.69998 28.0 15.525
426.59998 28.0 15.235714
415.80002 28.0 14.85
387.44998 28.0 13.8375
419.85 28.0 14.994643
460.34998 28.0 16.44107
414.44998 28.0 14.801785
459.0 28.0 16.392857
429.3 28.0 15.332143
444.15 28.0 15.8625
410.4 28.0 14.657143
427.95 28.0 15.283929
457.65 28.0 16.344643
461.7 28.0 16.489286
430.65 28.0 15.380357
425.25 28.0 15.1875
473.84998 28.0 16.923214
391.5 28.0 13.982142
450.9 28.0 16.10357
460.34998 28.0 16.44107
488.7 28.0 17.453571
481.94998 28.0 17.2125
417.15 28.0 14.898214
411.75 28.0 14.705358
471.15002 28.0 16.826786
409.05 28.0 14.608929
425.25 28.0 15.1875
437.4 29.0 15.082759
413.09998 29.0 14.244827
449.55 29.0 15.501724
449.55 29.0 15.501724
384.75 29.0 13.2672415
399.6 29.0 13.77931
411.75 29.0 14.198276
440.1 29.0 15.175862
406.35 29.0 14.012069
453.6 29.0 15.641379
437.4 29.0 15.082759
398.25 29.0 13.7327585
405.0 29.0 13.965517
398.25 29.0 13.7327585
427.95 29.0 14.756897
444.15 29.0 15.315517
460.35 29.0 15.874138
406.35 29.0 14.012069
508.94998 29.0 17.55
465.75 29.0 16.060345
415.8 29.0 14.337931
436.05002 29.0 15.036207
437.4 29.0 15.082759
464.40002 29.0 16.013794
441.45 29.0 15.222414
430.65002 29.0 14.85
486.0 29.0 16.758621
465.75 29.0 16.060345
423.9 29.0 14.617241
465.75 29.0 16.060345
425.25 29.0 14.663794
457.65 29.0 15.781034
457.65 29.0 15.781034
400.94998 29.0 13.825862
391.5 29.0 13.5
417.15 29.0 14.384482
441.45 29.0 15.222414
449.55 29.0 15.501724
422.55 29.0 14.570689
407.69998 29.0 14.05862
449.55 29.0 15.501724
409.05002 30.000002 13.635
375.30002 30.000002 12.51
440.10004 30.000002 14.67
432.00003 30.000002 14.4
456.30002 30.000002 15.21
422.55002 30.000002 14.085
456.30002 30.000002 15.21
398.25 30.000002 13.275
487.35007 30.000002 16.245
391.50003 30.000002 13.05
427.95004 30.000002 14.265
450.90002 30.000002 15.03
454.95004 30.000002 15.165
438.75003 30.000002 14.625
407.70004 30.000002 13.59
440.10004 30.000002 14.67
457.65002 30.000002 15.255
473.85004 30.000002 15.795
491.4 30.000002 16.38
475.20004 30.000002 15.84
468.45 30.000002 15.615
438.75003 30.000002 14.625
430.65002 30.000002 14.355
405.00003 30.000002 13.5
415.80002 30.000002 13.86
440.10004 30.000002 14.67
450.90002 30.000002 15.03
469.80002 30.000002 15.66
367.2 30.000002 12.24
434.7 30.000002 14.49
409.05002 30.000002 13.635
465.75003 30.000002 15.525
430.65002 30.000002 14.355
461.70004 30.000002 15.39
441.45004 30.000002 14.715
413.10004 30.000002 13.77
417.15002 30.000002 13.905
417.15002 30.000002 13.905
476.55005 30.000002 15.885
406.35004 30.000002 13.545
413.10004 30.000002 13.77
395.55002 31.0 12.759678
430.65 31.0 13.891935
398.25 31.0 12.846774
419.85 31.0 13.543549
400.95 31.0 12.933871
464.4 31.0 14.980645
430.65 31.0 13.891935
436.05 31.0 14.066129
418.5 31.0 13.5
446.85 31.0 14.414516
449.55 31.0 14.501613
437.4 31.0 14.109677
426.6 31.0 13.761291
438.75 31.0 14.153226
400.95 31.0 12.933871
475.19998 31.0 15.329032
423.9 31.0 13.674193
430.65 31.0 13.891935
380.7 31.0 12.280645
453.6 31.0 14.632258
422.55 31.0 13.630645
429.3 31.0 13.848387
376.65 31.0 12.15
419.85 31.0 13.543549
403.65 31.0 13.0209675
464.4 31.0 14.980645
405.0 31.0 13.064516
422.55 31.0 13.630645
341.55002 31.0 11.017742
437.4 31.0 14.109677
411.75 31.0 13.282258
403.65 31.0 13.0209675
421.2 31.0 13.587097
429.3 31.0 13.848387
494.09998 31.0 15.938709
415.8 31.0 13.412903
409.05 31.0 13.195161
464.4 31.0 14.980645
471.15 31.0 15.198387
402.3 31.0 12.977419
395.55002 31.0 12.759678
434.7 32.0 13.584375
460.35 32.0 14.385938
427.95 32.0 13.373438
440.1 32.0 13.753125
433.35 32.0 13.542188
382.05 32.0 11.939062
410.4 32.0 12.825
396.9 32.0 12.403125
425.25 32.0 13.2890625
430.65 32.0 13.457812
427.95 32.0 13.373438
399.6 32.0 12.4875
410.4 32.0 12.825
441.45 32.0 13.795313
433.35 32.0 13.542188
422.55 32.0 13.204687
409.05 32.0 12.782812
426.6 32.0 13.33125
413.1 32.0 12.909375
394.2 32.0 12.31875
444.15 32.0 13.879687
378.0 32.0 11.8125
375.3 32.0 11.728125
407.7 32.0 12.740625
452.25 32.0 14.1328125
406.35 32.0 12.698438
403.65 32.0 12.614062
442.8 32.0 13.8375
368.55 32.0 11.517187
353.7 32.0 11.053125
392.85 32.0 12.276563
438.75 32.0 13.7109375
452.25 32.0 14.1328125
464.4 32.0 14.5125
383.4 32.0 11.98125
440.1 32.0 13.753125
468.45 32.0 14.639063
399.6 32.0 12.4875
415.8 32.0 12.99375
421.2 32.0 13.1625
418.5 32.0 13.078125
456.3 33.0 13.827272
369.90002 33.0 11.209091
388.80002 33.0 11.781818
423.9 33.0 12.845454
411.75 33.0 12.477273
433.34998 33.0 13.131818
430.65 33.0 13.05
410.4 33.0 12.436363
410.4 33.0 12.436363
407.7 33.0 12.354546
437.4 33.0 13.254545
373.95 33.0 11.331819
409.05 33.0 12.395454
407.7 33.0 12.354546
403.65 33.0 12.231818
395.55 33.0 11.986363
441.44998 33.0 13.377273
373.95 33.0 11.331819
391.5 33.0 11.863636
391.5 33.0 11.863636
410.4 33.0 12.436363
442.8 33.0 13.418181
418.5 33.0 12.681818
434.7 33.0 13.172728
394.2 33.0 11.945455
386.1 33.0 11.7
403.65 33.0 12.231818
413.1 33.0 12.518182
463.05002 33.0 14.031818
425.25 33.0 12.886364
437.4 33.0 13.254545
414.44998 33.0 12.559091
387.44998 33.0 11.740909
421.2 33.0 12.763637
406.35 33.0 12.313637
413.1 33.0 12.518182
400.94998 33.0 12.15
427.94998 33.0 12.968182
413.1 33.0 12.518182
398.25 33.0 12.068182
398.25 33.0 12.068182
395.55 34.0 11.633823
425.25 34.0 12.507353
433.35 34.0 12.745588
375.30002 34.0 11.038236
429.3 34.0 12.626471
378.0 34.0 11.117647
375.30002 34.0 11.038236
409.05 34.0 12.030882
448.2 34.0 13.182353
425.25 34.0 12.507353
400.95 34.0 11.792647
378.0 34.0 11.117647
395.55 34.0 11.633823
438.75 34.0 12.904411
449.55002 34.0 13.222059
410.4 34.0 12.070588
427.94998 34.0 12.586764
421.19998 34.0 12.388235
438.75 34.0 12.904411
426.6 34.0 12.547059
446.84998 34.0 13.142647
396.9 34.0 11.67353
396.9 34.0 11.67353
433.35 34.0 12.745588
403.65 34.0 11.872059
407.7 34.0 11.991177
454.95 34.0 13.380882
433.35 34.0 12.745588
387.44998 34.0 11.395588
450.9 34.0 13.261765
438.75 34.0 12.904411
445.5 34.0 13.1029415
414.45 34.0 12.189706
387.44998 34.0 11.395588
430.65002 34.0 12.666177
367.2 34.0 10.8
410.4 34.0 12.070588
410.4 34.0 12.070588
436.05 34.0 12.825
426.6 34.0 12.547059
382.05002 34.0 11.236765
394.2 35.0 11.262857
400.95 35.0 11.455714
402.3 35.0 11.494286
390.15 35.0 11.147142
406.34998 35.0 11.61
440.1 35.0 12.5742855
413.1 35.0 11.802857
392.85 35.0 11.224286
403.65 35.0 11.532857
376.65002 35.0 10.761429
425.25 35.0 12.15
388.8 35.0 11.108571
392.85 35.0 11.224286
375.30002 35.0 10.722857
392.85 35.0 11.224286
419.85 35.0 11.995714
429.30002 35.0 12.265715
407.69998 35.0 11.648571
449.55002 35.0 12.844286
367.19998 35.0 10.491428
405.0 35.0 11.571428
438.75 35.0 12.535714
384.75 35.0 10.992857
418.5 35.0 11.957143
414.45 35.0 11.841429
395.55002 35.0 11.301429
400.95 35.0 11.455714
414.45 35.0 11.841429
357.75 35.0 10.221429
406.34998 35.0 11.61
421.19998 35.0 12.034286
395.55002 35.0 11.301429
384.75 35.0 10.992857
411.75 35.0 11.764286
407.69998 35.0 11.648571
418.5 35.0 11.957143
365.85 35.0 10.452857
394.2 35.0 11.262857
409.05002 35.0 11.687143
387.44998 35.0 11.07
407.69998 35.0 11.648571
413.1 36.0 11.475
409.05002 36.0 11.3625
371.25 36.0 10.3125
371.25 36.0 10.3125
380.69998 36.0 10.575
426.6 36.0 11.85
378.0 36.0 10.5
400.94998 36.0 11.1375
406.35 36.0 11.2875
409.05002 36.0 11.3625
346.94998 36.0 9.6375
414.44998 36.0 11.5125
365.85 36.0 10.1625
380.69998 36.0 10.575
405.0 36.0 11.25
417.15 36.0 11.5875
414.44998 36.0 11.5125
403.65 36.0 11.2125
425.25 36.0 11.8125
409.05002 36.0 11.3625
382.05002 36.0 10.6125
415.80002 36.0 11.55
422.55002 36.0 11.7375
376.65 36.0 10.4625
430.65 36.0 11.9625
367.19998 36.0 10.2
423.9 36.0 11.775
376.65 36.0 10.4625
415.80002 36.0 11.55
399.6 36.0 11.1
384.75 36.0 10.6875
418.5 36.0 11.625
417.15 36.0 11.5875
342.9 36.0 9.525
406.35 36.0 11.2875
322.65 36.0 8.9625
369.9 36.0 10.275
387.44998 36.0 10.7625
405.0 36.0 11.25
398.25 36.0 11.0625
414.44998 36.0 11.5125
349.65 37.0 9.45
372.6 37.0 10.070271
384.75 37.0 10.398648
390.15 37.0 10.544595
378.0 37.0 10.216216
433.35 37.0 11.712162
375.3 37.0 10.143243
402.30002 37.0 10.872973
383.40002 37.0 10.362163
344.25 37.0 9.304054
413.09998 37.0 11.164865
391.5 37.0 10.581081
417.15 37.0 11.274324
415.8 37.0 11.237838
376.65 37.0 10.179729
413.09998 37.0 11.164865
403.65 37.0 10.909459
438.75 37.0 11.8581085
402.30002 37.0 10.872973
391.5 37.0 10.581081
392.85 37.0 10.617568
369.9 37.0 9.997297
409.05002 37.0 11.055406
395.55 37.0 10.69054
379.35 37.0 10.252703
395.55 37.0 10.69054
402.30002 37.0 10.872973
333.45 37.0 9.012162
380.7 37.0 10.289189
388.8 37.0 10.508108
396.9 37.0 10.727027
410.40002 37.0 11.091892
390.15 37.0 10.544595
402.30002 37.0 10.872973
333.45 37.0 9.012162
382.05002 37.0 10.325676
359.1 37.0 9.705405
384.75 37.0 10.398648
413.09998 37.0 11.164865
411.74997 37.0 11.128378
383.40002 37.0 10.362163
351.0 38.0 9.236842
359.1 38.0 9.45
382.05 38.0 10.053947
395.55 38.0 10.40921
441.45 38.0 11.6171055
387.45 38.0 10.196053
344.25 38.0 9.059211
440.1 38.0 11.581579
368.55 38.0 9.698684
396.9 38.0 10.4447365
445.5 38.0 11.723684
373.95 38.0 9.84079
364.5 38.0 9.592105
371.25 38.0 9.769737
355.05 38.0 9.343421
359.1 38.0 9.45
395.55 38.0 10.40921
423.9 38.0 11.155263
395.55 38.0 10.40921
398.25 38.0 10.480263
399.59998 38.0 10.515789
378.0 38.0 9.947369
380.7 38.0 10.018421
382.05 38.0 10.053947
379.35 38.0 9.982895
383.4 38.0 10.089474
375.30002 38.0 9.876316
398.25 38.0 10.480263
403.65002 38.0 10.622369
384.75 38.0 10.125
382.05 38.0 10.053947
361.8 38.0 9.521052
430.65 38.0 11.332894
368.55 38.0 9.698684
384.75 38.0 10.125
406.35 38.0 10.693421
390.15 38.0 10.267105
402.30002 38.0 10.586843
391.5 38.0 10.302631
395.55 38.0 10.40921
421.19998 38.0 11.08421
439.31323 39.0 11.2644415
356.85748 39.0 9.150192
379.83698 39.0 9.739409
392.00256 39.0 10.051348
406.8716 39.0 10.432606
379.83698 39.0 9.739409
393.3543 39.0 10.086008
386.5956 39.0 9.912708
397.4095 39.0 10.189987
363.61618 39.0 9.323492
386.5956 39.0 9.912708
371.72656 39.0 9.53145
402.81644 39.0 10.328627
404.16815 39.0 10.363286
359.56097 39.0 9.219512
409.5751 39.0 10.501925
374.43002 39.0 9.60077
381.18872 39.0 9.77407
387.9474 39.0 9.947369
373.0783 39.0 9.566111
394.70602 39.0 10.120667
400.11298 39.0 10.259307
370.37485 39.0 9.496791
400.11298 39.0 10.259307
396.05777 39.0 10.155328
387.9474 39.0 9.947369
348.74713 39.0 8.942234
410.92685 39.0 10.536586
343.34018 39.0 8.803595
386.5956 39.0 9.912708
390.65085 39.0 10.016688
401.4647 39.0 10.293966
366.3196 39.0 9.392811
413.63028 39.0 10.605905
370.37485 39.0 9.496791
363.61618 39.0 9.323492
432.55457 39.0 11.091143
383.89215 39.0 9.843389
392.00256 39.0 10.051348
373.0783 39.0 9.566111
398.76123 39.0 10.224647
352.35 40.0 8.80875
387.44998 40.0 9.68625
351.0 40.0 8.775
378.0 40.0 9.45
394.19998 40.0 9.855
373.95 40.0 9.34875
369.90002 40.0 9.2475
415.80002 40.0 10.395
384.75 40.0 9.61875
333.45 40.0 8.33625
380.7 40.0 9.5175
390.15 40.0 9.75375
383.4 40.0 9.585
383.4 40.0 9.585
310.5 40.0 7.7625
356.4 40.0 8.91
421.19998 40.0 10.53
365.84998 40.0 9.14625
382.05002 40.0 9.55125
382.05002 40.0 9.55125
363.15 40.0 9.07875
365.84998 40.0 9.14625
359.1 40.0 8.9775
363.15 40.0 9.07875
394.19998 40.0 9.855
372.59998 40.0 9.315
367.2 40.0 9.18
349.65 40.0 8.74125
405.0 40.0 10.125
337.5 40.0 8.4375
357.75 40.0 8.94375
411.75 40.0 10.29375
360.44998 40.0 9.01125
351.0 40.0 8.775
415.80002 40.0 10.395
361.8 40.0 9.045
434.7 40.0 10.8675
365.84998 40.0 9.14625
371.25 40.0 9.28125
394.19998 40.0 9.855
384.75 40.0 9.61875
372.6 41.0 9.087805
340.19998 41.0 8.297561
345.59998 41.0 8.429268
398.24997 41.0 9.713414
351.00003 41.0 8.560976
380.7 41.0 9.285366
357.75 41.0 8.72561
361.80002 41.0 8.82439
355.05 41.0 8.659756
318.6 41.0 7.770732
391.5 41.0 9.54878
378.0 41.0 9.219512
376.65 41.0 9.186585
360.45 41.0 8.791464
384.75 41.0 9.384147
406.35 41.0 9.910975
402.3 41.0 9.812195
365.85 41.0 8.923171
342.9 41.0 8.363415
394.2 41.0 9.6146345
360.45 41.0 8.791464
384.75 41.0 9.384147
341.55002 41.0 8.330488
363.15 41.0 8.857317
361.80002 41.0 8.82439
367.2 41.0 8.956098
330.75 41.0 8.067073
423.9 41.0 10.339025
345.59998 41.0 8.429268
391.5 41.0 9.54878
367.2 41.0 8.956098
367.2 41.0 8.956098
382.05 41.0 9.318293
345.59998 41.0 8.429268
356.40002 41.0 8.692683
383.4 41.0 9.351219
367.2 41.0 8.956098
348.3 41.0 8.495122
363.15 41.0 8.857317
359.09998 41.0 8.758536
326.7 41.0 7.9682927
382.05002 42.0 9.096429
398.24997 42.0 9.482142
373.94998 42.0 8.903571
356.4 42.0 8.485714
330.75 42.0 7.875
383.4 42.0 9.1285715
321.30002 42.0 7.65
330.75 42.0 7.875
371.25 42.0 8.839286
402.3 42.0 9.578571
349.65 42.0 8.325
336.15 42.0 8.0035715
359.1 42.0 8.55
402.3 42.0 9.578571
360.45 42.0 8.582143
372.6 42.0 8.8714285
373.94998 42.0 8.903571
357.75003 42.0 8.517858
337.5 42.0 8.035714
380.69998 42.0 9.064285
384.75 42.0 9.160714
352.35 42.0 8.389286
373.94998 42.0 8.903571
369.90002 42.0 8.807143
368.55 42.0 8.775
360.45 42.0 8.582143
340.2 42.0 8.1
367.19998 42.0 8.742857
383.4 42.0 9.1285715
307.8 42.0 7.3285713
325.35 42.0 7.7464285
367.19998 42.0 8.742857
375.30002 42.0 8.935715
350.99997 42.0 8.357142
382.05002 42.0 9.096429
380.69998 42.0 9.064285
348.3 42.0 8.292857
396.9 42.0 9.45
330.75 42.0 7.875
328.05 42.0 7.8107142
363.15 42.0 8.646428
353.69998 43.0 8.225581
349.65 43.0 8.131395
367.19998 43.0 8.539535
403.65 43.0 9.387209
326.7 43.0 7.5976744
392.85 43.0 9.136046
346.94998 43.0 8.068604
387.44998 43.0 9.010465
353.69998 43.0 8.225581
353.69998 43.0 8.225581
378.00003 43.0 8.790698
392.85 43.0 9.136046
367.19998 43.0 8.539535
356.4 43.0 8.288372
387.44998 43.0 9.010465
384.75 43.0 8.947675
371.25003 43.0 8.633721
357.74997 43.0 8.319767
363.15 43.0 8.445349
367.19998 43.0 8.539535
367.19998 43.0 8.539535
378.00003 43.0 8.790698
340.19998 43.0 7.911628
352.35 43.0 8.194186
356.4 43.0 8.288372
396.9 43.0 9.230232
368.55002 43.0 8.5709305
361.80002 43.0 8.413954
378.00003 43.0 8.790698
368.55002 43.0 8.5709305
352.35 43.0 8.194186
353.69998 43.0 8.225581
372.6 43.0 8.665116
379.35 43.0 8.822093
325.35 43.0 7.566279
350.99997 43.0 8.16279
314.55002 43.0 7.3151164
384.75 43.0 8.947675
349.65 43.0 8.131395
380.69998 43.0 8.853488
333.44998 43.0 7.754651
359.1 44.0 8.161364
337.5 44.0 7.6704545
388.80002 44.0 8.836364
336.15 44.0 7.639773
349.65 44.0 7.946591
387.45 44.0 8.805682
344.25 44.0 7.8238635
349.65 44.0 7.946591
346.95 44.0 7.885227
369.90002 44.0 8.406818
351.0 44.0 7.9772725
301.05 44.0 6.8420453
349.65 44.0 7.946591
333.45 44.0 7.578409
345.6 44.0 7.8545456
334.8 44.0 7.609091
345.6 44.0 7.8545456
307.8 44.0 6.9954543
360.44998 44.0 8.192045
373.94998 44.0 8.498863
349.65 44.0 7.946591
345.6 44.0 7.8545456
361.8 44.0 8.222727
391.5 44.0 8.897727
378.0 44.0 8.590909
376.65 44.0 8.560227
375.30002 44.0 8.529546
375.30002 44.0 8.529546
372.59998 44.0 8.468182
391.5 44.0 8.897727
391.5 44.0 8.897727
332.1 44.0 7.547727
349.65 44.0 7.946591
361.8 44.0 8.222727
334.8 44.0 7.609091
346.95 44.0 7.885227
338.85 44.0 7.7011366
367.19998 44.0 8.345454
372.59998 44.0 8.468182
330.75 44.0 7.5170455
361.8 44.0 8.222727
360.45 45.0 8.01
380.7 45.0 8.46
360.45 45.0 8.01
319.95 45.0 7.11
303.75 45.0 6.75
356.4 45.0 7.92
368.55 45.0 8.19
324.0 45.0 7.2
332.1 45.0 7.38
330.75 45.0 7.35
340.2 45.0 7.56
340.2 45.0 7.56
367.19998 45.0 8.16
353.7 45.0 7.86
352.35 45.0 7.83
396.9 45.0 8.82
372.59998 45.0 8.28
355.05 45.0 7.89
360.45 45.0 8.01
368.55 45.0 8.19
359.1 45.0 7.98
344.25 45.0 7.65
345.6 45.0 7.68
318.6 45.0 7.08
390.15 45.0 8.67
352.35 45.0 7.83
302.4 45.0 6.72
344.25 45.0 7.65
336.15 45.0 7.47
326.7 45.0 7.26
352.35 45.0 7.83
365.85 45.0 8.13
361.8 45.0 8.04
330.75 45.0 7.35
324.0 45.0 7.2
363.15 45.0 8.07
357.75 45.0 7.95
344.25 45.0 7.65
310.5 45.0 6.9
357.75 45.0 7.95
353.7 45.0 7.86
314.55002 46.0 6.8380437
333.44998 46.0 7.248913
342.9 46.0 7.4543476
337.5 46.0 7.3369565
371.25 46.0 8.070652
353.69998 46.0 7.6891303
326.69998 46.0 7.102174
341.55002 46.0 7.425
315.9 46.0 6.867391
336.15 46.0 7.3076086
310.5 46.0 6.75
373.95 46.0 8.129348
353.69998 46.0 7.6891303
346.95 46.0 7.5423913
361.8 46.0 7.865217
332.1 46.0 7.2195654
355.05 46.0 7.718478
380.69998 46.0 8.276087
314.55002 46.0 6.8380437
396.9 46.0 8.628261
363.15 46.0 7.894565
333.44998 46.0 7.248913
376.65 46.0 8.188044
324.0 46.0 7.0434785
322.65 46.0 7.0141306
299.69998 46.0 6.5152173
319.95 46.0 6.955435
361.8 46.0 7.865217
328.05 46.0 7.1315217
349.65 46.0 7.601087
332.1 46.0 7.2195654
301.05 46.0 6.544565
336.15 46.0 7.3076086
341.55002 46.0 7.425
332.1 46.0 7.2195654
329.4 46.0 7.1608696
361.8 46.0 7.865217
342.9 46.0 7.4543476
353.69998 46.0 7.6891303
351.0 46.0 7.630435
333.44998 46.0 7.248913
305.1 47.0 6.4914894
361.8 47.0 7.697872
341.55 47.0 7.267021
333.45 47.0 7.094681
351.0 47.0 7.4680853
361.8 47.0 7.697872
346.95 47.0 7.381915
352.35 47.0 7.4968085
326.69998 47.0 6.9510636
332.1 47.0 7.0659575
336.15 47.0 7.1521277
332.1 47.0 7.0659575
338.85 47.0 7.2095747
302.4 47.0 6.4340425
313.2 47.0 6.66383
330.75 47.0 7.037234
318.6 47.0 6.7787232
365.84998 47.0 7.7840424
301.05 47.0 6.405319
319.95 47.0 6.807447
334.8 47.0 7.123404
351.0 47.0 7.4680853
357.75 47.0 7.611702
357.75 47.0 7.611702
329.4 47.0 7.0085106
349.65 47.0 7.4393616
352.35 47.0 7.4968085
321.3 47.0 6.83617
324.0 47.0 6.893617
307.80002 47.0 6.5489364
325.35 47.0 6.9223404
344.25 47.0 7.324468
360.45 47.0 7.669149
352.35 47.0 7.4968085
326.69998 47.0 6.9510636
341.55 47.0 7.267021
380.7 47.0 8.1
373.94998 47.0 7.9563828
367.2 47.0 7.812766
357.75 47.0 7.611702
332.1 47.0 7.0659575
306.45 48.0 6.384375
310.5 48.0 6.46875
369.90002 48.0 7.70625
337.5 48.0 7.03125
305.09998 48.0 6.35625
311.84998 48.0 6.496875
328.05 48.0 6.834375
315.90002 48.0 6.58125
340.2 48.0 7.0875
342.90002 48.0 7.14375
337.5 48.0 7.03125
329.40002 48.0 6.8625
334.8 48.0 6.975
349.65002 48.0 7.284375
346.95 48.0 7.228125
333.45 48.0 6.946875
342.90002 48.0 7.14375
337.5 48.0 7.03125
332.09998 48.0 6.91875
311.84998 48.0 6.496875
353.7 48.0 7.36875
355.05 48.0 7.396875
306.45 48.0 6.384375
352.34998 48.0 7.340625
364.5 48.0 7.59375
368.55 48.0 7.678125
351.0 48.0 7.3125
361.8 48.0 7.5375
333.45 48.0 6.946875
314.55 48.0 6.553125
324.0 48.0 6.75
341.55 48.0 7.115625
315.90002 48.0 6.58125
380.7 48.0 7.93125
321.3 48.0 6.69375
368.55 48.0 7.678125
292.95 48.0 6.103125
328.05 48.0 6.834375
306.45 48.0 6.384375
346.95 48.0 7.228125
337.5 48.0 7.03125
330.75 49.0 6.75
360.45 49.0 7.3561225
317.25 49.0 6.4744897
355.05 49.0 7.2459183
349.65 49.0 7.135714
313.19998 49.0 6.3918366
292.95 49.0 5.9785714
326.7 49.0 6.667347
326.7 49.0 6.667347
309.15 49.0 6.3091836
313.19998 49.0 6.3918366
340.2 49.0 6.9428573
319.95 49.0 6.529592
283.5 49.0 5.785714
345.59998 49.0 7.053061
295.65 49.0 6.0336733
315.90002 49.0 6.446939
349.65 49.0 7.135714
329.4 49.0 6.722449
336.15 49.0 6.860204
361.80002 49.0 7.3836737
333.44998 49.0 6.805102
326.7 49.0 6.667347
333.44998 49.0 6.805102
355.05 49.0 7.2459183
341.55 49.0 6.970408
302.4 49.0 6.1714287
319.95 49.0 6.529592
332.1 49.0 6.777551
337.5 49.0 6.887755
344.25 49.0 7.0255103
305.1 49.0 6.2265306
313.19998 49.0 6.3918366
325.35 49.0 6.639796
351.0 49.0 7.163265
349.65 49.0 7.135714
318.6 49.0 6.502041
307.8 49.0 6.2816324
272.7 49.0 5.565306
313.19998 49.0 6.3918366
329.4 49.0 6.722449
317.25 50.0 6.345
313.2 50.0 6.264
332.1 50.0 6.642
280.80002 50.0 5.616
337.5 50.0 6.75
310.5 50.0 6.21
303.75 50.0 6.075
325.35 50.0 6.507
345.6 50.0 6.912
333.45 50.0 6.669
280.80002 50.0 5.616
302.4 50.0 6.048
313.2 50.0 6.264
324.0 50.0 6.48
326.69998 50.0 6.534
292.95 50.0 5.859
315.9 50.0 6.318
315.9 50.0 6.318
314.55 50.0 6.291
325.35 50.0 6.507
298.35 50.0 5.967
353.69998 50.0 7.074
314.55 50.0 6.291
344.25 50.0 6.885
336.15 50.0 6.723
346.95 50.0 6.939
325.35 50.0 6.507
295.65 50.0 5.913
292.95 50.0 5.859
282.15 50.0 5.643
286.2 50.0 5.724
309.15 50.0 6.183
297.0 50.0 5.94
317.25 50.0 6.345
363.15 50.0 7.263
315.9 50.0 6.318
297.0 50.0 5.94
338.85 50.0 6.777
321.30002 50.0 6.426
307.80002 50.0 6.156
311.85 50.0 6.237
292.95 51.0 5.7441177
311.85 51.0 6.114706
356.40002 51.0 6.9882355
328.05002 51.0 6.432353
325.35 51.0 6.3794117
334.8 51.0 6.564706
301.05 51.0 5.902941
338.85 51.0 6.644118
314.55 51.0 6.167647
279.44998 51.0 5.4794116
338.85 51.0 6.644118
290.25 51.0 5.6911764
313.2 51.0 6.1411767
322.65 51.0 6.3264704
352.35 51.0 6.9088235
306.44998 51.0 6.0088234
330.75 51.0 6.4852943
301.05 51.0 5.902941
301.05 51.0 5.902941
317.25 51.0 6.220588
321.30002 51.0 6.3
318.6 51.0 6.247059
315.9 51.0 6.1941175
336.15 51.0 6.5911765
311.85 51.0 6.114706
329.4 51.0 6.4588237
305.09998 51.0 5.9823527
351.0 51.0 6.882353
292.95 51.0 5.7441177
297.0 51.0 5.8235292
333.44998 51.0 6.538235
349.65 51.0 6.855882
307.8 51.0 6.035294
314.55 51.0 6.167647
280.8 51.0 5.5058823
315.9 51.0 6.1941175
287.55 51.0 5.638235
369.9 51.0 7.252941
321.30002 51.0 6.3
317.25 51.0 6.220588
307.8 51.0 6.035294
295.65 52.0 5.685577
314.55 52.0 6.0490384
287.55 52.0 5.5298076
314.55 52.0 6.0490384
299.7 52.0 5.7634616
291.6 52.0 5.6076922
292.94998 52.0 5.6336536
295.65 52.0 5.685577
307.80002 52.0 5.919231
299.7 52.0 5.7634616
319.94998 52.0 6.1528845
297.0 52.0 5.7115383
317.25 52.0 6.1009617
294.30002 52.0 5.6596155
338.84998 52.0 6.516346
305.1 52.0 5.8673077
325.34998 52.0 6.2567306
317.25 52.0 6.1009617
349.65 52.0 6.7240386
330.75 52.0 6.360577
301.05 52.0 5.789423
291.6 52.0 5.6076922
325.34998 52.0 6.2567306
321.30002 52.0 6.1788464
310.5 52.0 5.9711537
324.0 52.0 6.230769
334.8 52.0 6.4384613
297.0 52.0 5.7115383
306.44998 52.0 5.893269
326.7 52.0 6.2826924
294.30002 52.0 5.6596155
288.90002 52.0 5.5557694
315.9 52.0 6.075
328.05 52.0 6.308654
313.2 52.0 6.023077
303.75 52.0 5.8413463
305.1 52.0 5.8673077
307.80002 52.0 5.919231
326.7 52.0 6.2826924
324.0 52.0 6.230769
332.1 52.0 6.3865385
332.41357 52.999996 6.2719545
306.73935 52.999996 5.787535
282.4164 52.999996 5.328612
301.33426 52.999996 5.6855526
277.0113 52.999996 5.226629
285.11896 52.999996 5.3796034
293.22662 52.999996 5.532578
331.06232 52.999996 6.246459
283.7677 52.999996 5.354108
299.98297 52.999996 5.6600566
306.73935 52.999996 5.787535
279.71387 52.999996 5.2776203
314.847 52.999996 5.94051
295.92917 52.999996 5.5835695
332.41357 52.999996 6.2719545
297.28043 52.999996 5.609065
301.33426 52.999996 5.6855526
285.11896 52.999996 5.3796034
286.4702 52.999996 5.405099
310.79318 52.999996 5.8640227
271.6062 52.999996 5.1246457
291.87534 52.999996 5.507082
324.30594 52.999996 6.1189804
324.30594 52.999996 6.1189804
285.11896 52.999996 5.3796034
310.79318 52.999996 5.8640227
290.52405 52.999996 5.4815865
317.54956 52.999996 5.9915013
312.14444 52.999996 5.8895183
314.847 52.999996 5.94051
306.73935 52.999996 5.787535
309.4419 52.999996 5.8385267
248.63454 52.999996 4.691218
281.06516 52.999996 5.3031163
283.7677 52.999996 5.354108
298.6317 52.999996 5.634561
302.68552 52.999996 5.711048
297.28043 52.999996 5.609065
285.11896 52.999996 5.3796034
291.87534 52.999996 5.507082
301.33426 52.999996 5.6855526
292.95004 54.000004 5.425
272.70004 54.000004 5.05
272.70004 54.000004 5.05
295.65002 54.000004 5.475
263.25003 54.000004 4.875
276.75003 54.000004 5.125
288.90002 54.000004 5.35
313.20004 54.000004 5.8
301.05002 54.000004 5.575
288.90002 54.000004 5.35
279.45004 54.000004 5.175
280.80002 54.000004 5.2
306.45004 54.000004 5.675
287.55002 54.000004 5.325
299.70004 54.000004 5.55
309.15002 54.000004 5.725
288.90002 54.000004 5.35
292.95004 54.000004 5.425
288.90002 54.000004 5.35
282.15002 54.000004 5.225
313.20004 54.000004 5.8
301.05002 54.000004 5.575
299.70004 54.000004 5.55
303.75003 54.000004 5.625
263.25003 54.000004 4.875
294.30002 54.000004 5.45
282.15002 54.000004 5.225
292.95004 54.000004 5.425
294.30002 54.000004 5.45
311.85004 54.000004 5.775
305.10004 54.000004 5.65
313.20004 54.000004 5.8
284.85004 54.000004 5.275
283.50003 54.000004 5.25
302.40002 54.000004 5.6
301.05002 54.000004 5.575
324.00003 54.000004 6.0
292.95004 54.000004 5.425
294.30002 54.000004 5.45
265.95004 54.000004 4.925
313.20004 54.000004 5.8
324.0 55.0 5.890909
301.05 55.0 5.473636
276.75 55.0 5.0318184
260.55 55.0 4.7372727
307.8 55.0 5.5963635
311.85 55.0 5.67
286.19998 55.0 5.203636
317.25 55.0 5.768182
264.6 55.0 4.8109093
290.25 55.0 5.2772727
272.7 55.0 4.958182
278.1 55.0 5.0563636
276.75 55.0 5.0318184
279.45 55.0 5.0809093
307.8 55.0 5.5963635
279.45 55.0 5.0809093
319.94998 55.0 5.8172727
297.0 55.0 5.4
291.6 55.0 5.3018184
259.19998 55.0 4.712727
318.6 55.0 5.7927275
303.75 55.0 5.5227275
294.30002 55.0 5.350909
271.34998 55.0 4.933636
303.75 55.0 5.5227275
283.5 55.0 5.1545453
310.5 55.0 5.6454544
286.19998 55.0 5.203636
283.5 55.0 5.1545453
280.8 55.0 5.1054544
283.5 55.0 5.1545453
307.8 55.0 5.5963635
272.7 55.0 4.958182
286.19998 55.0 5.203636
282.15 55.0 5.13
298.34998 55.0 5.4245453
263.25 55.0 4.7863636
265.94998 55.0 4.8354545
328.05 55.0 5.9645452
264.6 55.0 4.8109093
319.94998 55.0 5.8172727
283.5 56.0 5.0625
259.2 56.0 4.6285715
306.45 56.0 5.4723215
259.2 56.0 4.6285715
271.35 56.0 4.8455358
271.35 56.0 4.8455358
286.2 56.0 5.1107144
297.0 56.0 5.303571
286.2 56.0 5.1107144
271.35 56.0 4.8455358
301.05 56.0 5.3758926
307.8 56.0 5.4964285
324.0 56.0 5.785714
244.35 56.0 4.363393
313.2 56.0 5.5928574
288.9 56.0 5.1589284
326.7 56.0 5.8339286
332.09998 56.0 5.930357
282.15002 56.0 5.038393
283.5 56.0 5.0625
270.0 56.0 4.821429
298.35 56.0 5.3276787
284.84998 56.0 5.086607
287.55 56.0 5.1348214
282.15002 56.0 5.038393
290.25 56.0 5.183036
275.4 56.0 4.917857
282.15002 56.0 5.038393
303.75 56.0 5.424107
284.84998 56.0 5.086607
294.30002 56.0 5.2553573
317.25 56.0 5.665179
284.84998 56.0 5.086607
264.6 56.0 4.725
276.75 56.0 4.941964
292.94998 56.0 5.23125
237.59999 56.0 4.242857
302.4 56.0 5.4
265.95 56.0 4.7491074
298.35 56.0 5.3276787
309.15002 56.0 5.520536
256.5 57.0 4.5
294.3 57.0 5.163158
319.94998 57.0 5.6131577
252.45001 57.0 4.4289474
274.05 57.0 4.8078947
299.69998 57.0 5.2578945
274.05 57.0 4.8078947
297.0 57.0 5.2105265
256.5 57.0 4.5
340.19998 57.0 5.968421
244.34999 57.0 4.286842
321.30002 57.0 5.6368423
276.75 57.0 4.855263
288.9 57.0 5.068421
276.75 57.0 4.855263
298.35 57.0 5.2342105
275.4 57.0 4.8315787
290.25 57.0 5.0921054
259.2 57.0 4.5473685
306.44998 57.0 5.3763156
238.95 57.0 4.1921053
290.25 57.0 5.0921054
278.1 57.0 4.8789473
305.1 57.0 5.3526316
282.15 57.0 4.95
257.84998 57.0 4.523684
313.19998 57.0 5.4947367
265.95 57.0 4.6657896
267.3 57.0 4.6894736
267.3 57.0 4.6894736
278.1 57.0 4.8789473
238.95 57.0 4.1921053
287.55 57.0 5.044737
306.44998 57.0 5.3763156
303.75 57.0 5.3289475
280.8 57.0 4.926316
297.0 57.0 5.2105265
243.0 57.0 4.263158
288.9 57.0 5.068421
265.95 57.0 4.6657896
288.9 57.0 5.068421
253.8 58.0 4.375862
283.5 58.0 4.887931
302.40002 58.0 5.2137933
280.8 58.0 4.841379
278.1 58.0 4.7948275
299.7 58.0 5.1672416
299.7 58.0 5.1672416
280.8 58.0 4.841379
292.94998 58.0 5.050862
282.15 58.0 4.864655
270.0 58.0 4.6551723
275.4 58.0 4.7482758
257.85 58.0 4.4456897
267.3 58.0 4.6086206
278.1 58.0 4.7948275
244.35 58.0 4.212931
282.15 58.0 4.864655
259.2 58.0 4.4689655
271.35 58.0 4.678448
264.6 58.0 4.562069
280.8 58.0 4.841379
251.1 58.0 4.3293104
249.75 58.0 4.3060346
243.0 58.0 4.1896553
286.19998 58.0 4.9344826
280.8 58.0 4.841379
306.45 58.0 5.283621
280.8 58.0 4.841379
248.40001 58.0 4.2827587
276.75 58.0 4.7715516
264.6 58.0 4.562069
267.3 58.0 4.6086206
257.85 58.0 4.4456897
286.19998 58.0 4.9344826
272.69998 58.0 4.701724
270.0 58.0 4.6551723
272.69998 58.0 4.701724
297.0 58.0 5.12069
267.3 58.0 4.6086206
247.05 58.0 4.259483
265.95 58.0 4.585345
275.63358 58.999996 4.671756
278.33588 58.999996 4.7175574
283.74045 58.999996 4.80916
294.5496 58.999996 4.9923663
255.3664 58.999996 4.328244
258.0687 58.999996 4.374046
317.51907 58.999996 5.3816795
259.41983 58.999996 4.3969464
262.12213 58.999996 4.442748
271.58014 58.999996 4.6030536
258.0687 58.999996 4.374046
282.3893 58.999996 4.7862597
259.41983 58.999996 4.3969464
293.19846 58.999996 4.9694657
244.55724 58.999996 4.145038
309.41217 58.999996 5.2442746
247.25954 58.999996 4.19084
279.687 58.999996 4.740458
283.74045 58.999996 4.80916
271.58014 58.999996 4.6030536
270.22897 58.999996 4.5801525
270.22897 58.999996 4.5801525
240.5038 58.999996 4.076336
276.9847 58.999996 4.6946564
247.25954 58.999996 4.19084
244.55724 58.999996 4.145038
245.90837 58.999996 4.1679387
244.55724 58.999996 4.145038
289.14502 58.999996 4.9007635
262.12213 58.999996 4.442748
268.87784 58.999996 4.557252
294.5496 58.999996 4.9923663
252.6641 58.999996 4.2824426
301.30533 58.999996 5.10687
282.3893 58.999996 4.7862597
251.31296 58.999996 4.259542
266.17554 58.999996 4.5114503
290.49615 58.999996 4.923664
287.79385 58.999996 4.8778625
255.3664 58.999996 4.328244
283.74045 58.999996 4.80916
243.00003 60.000004 4.05
243.00003 60.000004 4.05
263.25 60.000004 4.3875
236.25002 60.000004 3.9375
257.85004 60.000004 4.2975
255.15002 60.000004 4.2525
264.6 60.000004 4.41
236.25002 60.000004 3.9375
260.55002 60.000004 4.3425
271.35 60.000004 4.5225
261.9 60.000004 4.365
264.6 60.000004 4.41
274.05002 60.000004 4.5675
259.2 60.000004 4.32
248.40001 60.000004 4.14
264.6 60.000004 4.41
264.6 60.000004 4.41
263.25 60.000004 4.3875
230.85002 60.000004 3.8475
263.25 60.000004 4.3875
251.1 60.000004 4.185
276.75003 60.000004 4.6125
243.00003 60.000004 4.05
282.15002 60.000004 4.7025
256.50003 60.000004 4.275
270.00003 60.000004 4.5
265.95 60.000004 4.4325
226.80002 60.000004 3.78
271.35 60.000004 4.5225
263.25 60.000004 4.3875
255.15002 60.000004 4.2525
248.40001 60.000004 4.14
249.75002 60.000004 4.1625
260.55002 60.000004 4.3425
245.7 60.000004 4.095
241.65002 60.000004 4.0275
263.25 60.000004 4.3875
278.10004 60.000004 4.635
283.5 60.000004 4.725
251.1 60.000004 4.185
260.55002 60.000004 4.3425
260.55 61.0 4.2713113
267.3 61.0 4.381967
272.7 61.0 4.470492
259.2 61.0 4.2491803
294.3 61.0 4.82459
284.85 61.0 4.669672
245.7 61.0 4.0278687
257.85 61.0 4.2270494
255.15001 61.0 4.182787
270.0 61.0 4.4262295
230.85 61.0 3.7844262
252.45 61.0 4.1385245
248.4 61.0 4.072131
261.9 61.0 4.2934427
299.69998 61.0 4.9131145
243.0 61.0 3.9836066
263.25 61.0 4.3155737
253.80002 61.0 4.160656
264.6 61.0 4.337705
252.45 61.0 4.1385245
270.0 61.0 4.4262295
252.45 61.0 4.1385245
237.6 61.0 3.895082
238.95001 61.0 3.9172132
268.65002 61.0 4.4040985
257.85 61.0 4.2270494
241.65 61.0 3.9614754
252.45 61.0 4.1385245
259.2 61.0 4.2491803
243.0 61.0 3.9836066
245.7 61.0 4.0278687
259.2 61.0 4.2491803
280.8 61.0 4.6032786
248.4 61.0 4.072131
264.6 61.0 4.337705
252.45 61.0 4.1385245
252.45 61.0 4.1385245
280.8 61.0 4.6032786
259.2 61.0 4.2491803
247.05002 61.0 4.05
240.29999 61.0 3.9393442
271.35 62.0 4.376613
265.94998 62.0 4.289516
253.79999 62.0 4.0935483
238.95 62.0 3.8540323
232.2 62.0 3.7451613
265.94998 62.0 4.289516
251.1 62.0 4.05
253.79999 62.0 4.0935483
209.25 62.0 3.375
238.95 62.0 3.8540323
253.79999 62.0 4.0935483
245.7 62.0 3.9629033
220.05 62.0 3.5491936
243.0 62.0 3.919355
233.55 62.0 3.7669356
240.3 62.0 3.8758066
279.44998 62.0 4.507258
203.85 62.0 3.2879033
253.79999 62.0 4.0935483
237.59999 62.0 3.832258
263.25 62.0 4.245968
249.75 62.0 4.028226
261.9 62.0 4.2241936
248.4 62.0 4.0064516
244.34999 62.0 3.941129
259.19998 62.0 4.180645
229.5 62.0 3.701613
248.4 62.0 4.0064516
225.45 62.0 3.6362903
237.59999 62.0 3.832258
241.65 62.0 3.8975806
229.5 62.0 3.701613
228.15 62.0 3.6798387
234.9 62.0 3.7887096
260.55 62.0 4.2024193
229.5 62.0 3.701613
245.7 62.0 3.9629033
274.05 62.0 4.4201612
259.19998 62.0 4.180645
248.4 62.0 4.0064516
206.55 62.0 3.3314517
234.9 63.0 3.7285714
245.70001 63.0 3.9
278.1 63.0 4.4142857
225.45 63.0 3.5785713
255.15001 63.0 4.05
241.65001 63.0 3.8357143
230.84999 63.0 3.6642857
249.75 63.0 3.9642856
240.3 63.0 3.8142858
247.05 63.0 3.9214287
252.45001 63.0 4.007143
272.69998 63.0 4.3285713
238.95 63.0 3.7928572
260.55 63.0 4.135714
255.15001 63.0 4.05
249.75 63.0 3.9642856
228.15 63.0 3.6214285
233.55 63.0 3.7071428
257.85 63.0 4.0928574
214.65 63.0 3.4071429
255.15001 63.0 4.05
259.2 63.0 4.114286
249.75 63.0 3.9642856
253.80002 63.0 4.0285716
278.1 63.0 4.4142857
230.84999 63.0 3.6642857
220.05 63.0 3.4928572
247.05 63.0 3.9214287
220.05 63.0 3.4928572
257.85 63.0 4.0928574
243.0 63.0 3.857143
259.2 63.0 4.114286
257.85 63.0 4.0928574
263.25 63.0 4.178571
256.5 63.0 4.071429
237.6 63.0 3.7714286
210.6 63.0 3.3428571
237.6 63.0 3.7714286
199.8 63.0 3.1714287
238.95 63.0 3.7928572
247.05 63.0 3.9214287
248.4 64.0 3.88125
222.75 64.0 3.4804688
233.55 64.0 3.6492188
245.7 64.0 3.8390625
228.15 64.0 3.5648437
236.25 64.0 3.6914062
248.4 64.0 3.88125
216.0 64.0 3.375
251.1 64.0 3.9234376
224.1 64.0 3.5015626
229.5 64.0 3.5859375
230.85 64.0 3.6070313
225.45 64.0 3.5226562
233.55 64.0 3.6492188
230.85 64.0 3.6070313
225.45 64.0 3.5226562
213.3 64.0 3.3328125
236.25 64.0 3.6914062
265.95 64.0 4.155469
225.45 64.0 3.5226562
241.65 64.0 3.7757812
198.45 64.0 3.1007812
210.6 64.0 3.290625
232.2 64.0 3.628125
233.55 64.0 3.6492188
236.25 64.0 3.6914062
245.7 64.0 3.8390625
241.65 64.0 3.7757812
222.75 64.0 3.4804688
228.15 64.0 3.5648437
245.7 64.0 3.8390625
206.55 64.0 3.2273438
233.55 64.0 3.6492188
247.05 64.0 3.8601563
247.05 64.0 3.8601563
222.75 64.0 3.4804688
263.25 64.0 4.1132812
234.9 64.0 3.6703124
233.55 64.0 3.6492188
241.65 64.0 3.7757812
253.8 64.0 3.965625
213.3 65.0 3.2815385
210.6 65.0 3.24
249.75 65.0 3.8423078
230.85 65.0 3.5515385
209.25 65.0 3.2192307
220.05 65.0 3.3853846
252.45 65.0 3.883846
256.5 65.0 3.9461539
213.3 65.0 3.2815385
236.25 65.0 3.6346154
220.05 65.0 3.3853846
238.95 65.0 3.676154
264.6 65.0 4.0707693
225.45 65.0 3.4684615
233.55 65.0 3.593077
220.05 65.0 3.3853846
248.4 65.0 3.8215384
229.5 65.0 3.5307693
233.55 65.0 3.593077
234.9 65.0 3.613846
237.59999 65.0 3.6553845
238.95 65.0 3.676154
206.55 65.0 3.1776924
255.15 65.0 3.9253845
214.65 65.0 3.3023076
222.75 65.0 3.426923
244.35 65.0 3.7592309
218.7 65.0 3.3646154
203.85 65.0 3.136154
248.4 65.0 3.8215384
224.1 65.0 3.4476924
232.2 65.0 3.5723076
217.34999 65.0 3.343846
249.75 65.0 3.8423078
218.7 65.0 3.3646154
240.3 65.0 3.696923
238.95 65.0 3.676154
224.1 65.0 3.4476924
263.25 65.0 4.05
238.95 65.0 3.676154
247.05 65.0 3.8007693
218.7 66.0 3.3136363
222.75 66.0 3.375
255.15 66.0 3.865909
232.2 66.0 3.5181818
255.15 66.0 3.865909
234.9 66.0 3.5590909
247.04999 66.0 3.7431817
228.15 66.0 3.456818
206.55 66.0 3.1295455
205.2 66.0 3.1090908
220.05 66.0 3.334091
202.5 66.0 3.0681818
233.55 66.0 3.5386364
236.25 66.0 3.5795455
199.8 66.0 3.0272727
216.0 66.0 3.2727273
234.9 66.0 3.5590909
209.25 66.0 3.1704545
234.9 66.0 3.5590909
221.4 66.0 3.3545454
249.75 66.0 3.784091
207.90001 66.0 3.15
243.0 66.0 3.6818182
194.40001 66.0 2.9454546
213.3 66.0 3.2318182
214.65001 66.0 3.2522728
230.84999 66.0 3.4977272
220.05 66.0 3.334091
230.84999 66.0 3.4977272
248.4 66.0 3.7636364
222.75 66.0 3.375
243.0 66.0 3.6818182
243.0 66.0 3.6818182
218.7 66.0 3.3136363
232.2 66.0 3.5181818
216.0 66.0 3.2727273
203.85 66.0 3.0886364
209.25 66.0 3.1704545
222.75 66.0 3.375
234.9 66.0 3.5590909
214.65001 66.0 3.2522728
202.5 67.0 3.022388
210.6 67.0 3.1432836
214.65 67.0 3.2037313
214.65 67.0 3.2037313
206.55 67.0 3.082836
203.84999 67.0 3.0425372
203.84999 67.0 3.0425372
232.2 67.0 3.4656715
211.95 67.0 3.1634328
222.75 67.0 3.324627
220.05 67.0 3.2843285
237.6 67.0 3.5462687
234.90001 67.0 3.5059702
217.34999 67.0 3.2440298
195.75 67.0 2.9216418
229.5 67.0 3.425373
217.34999 67.0 3.2440298
226.8 67.0 3.3850746
217.34999 67.0 3.2440298
211.95 67.0 3.1634328
229.5 67.0 3.425373
210.6 67.0 3.1432836
234.90001 67.0 3.5059702
214.65 67.0 3.2037313
206.55 67.0 3.082836
211.95 67.0 3.1634328
238.95 67.0 3.566418
213.3 67.0 3.183582
203.84999 67.0 3.0425372
222.75 67.0 3.324627
191.70001 67.0 2.8611941
217.34999 67.0 3.2440298
236.25 67.0 3.5261195
221.40001 67.0 3.3044777
217.34999 67.0 3.2440298
216.0 67.0 3.2238805
243.0 67.0 3.6268656
224.1 67.0 3.3447762
210.6 67.0 3.1432836
253.8 67.0 3.7880597
226.8 67.0 3.3850746
197.1 68.0 2.8985295
209.25 68.0 3.077206
241.65 68.0 3.5536764
189.0 68.0 2.7794118
209.25 68.0 3.077206
202.5 68.0 2.9779413
230.84999 68.0 3.3948529
240.3 68.0 3.5338235
232.20001 68.0 3.414706
216.0 68.0 3.1764705
211.95 68.0 3.1169116
205.2 68.0 3.017647
217.35 68.0 3.1963236
226.79999 68.0 3.335294
232.20001 68.0 3.414706
195.75 68.0 2.8786764
241.65 68.0 3.5536764
232.20001 68.0 3.414706
216.0 68.0 3.1764705
207.90001 68.0 3.057353
214.65 68.0 3.1566176
202.5 68.0 2.9779413
236.25 68.0 3.4742646
211.95 68.0 3.1169116
195.75 68.0 2.8786764
217.35 68.0 3.1963236
210.59999 68.0 3.0970588
244.35 68.0 3.5933824
217.35 68.0 3.1963236
195.75 68.0 2.8786764
221.4 68.0 3.2558823
201.15 68.0 2.9580882
187.65001 68.0 2.759559
213.3 68.0 3.1367648
190.34999 68.0 2.7992647
191.7 68.0 2.8191175
197.1 68.0 2.8985295
220.05 68.0 3.2360294
240.3 68.0 3.5338235
213.3 68.0 3.1367648
178.20001 68.0 2.6205883
195.75 69.0 2.8369565
179.54999 69.0 2.6021738
226.8 69.0 3.2869565
179.54999 69.0 2.6021738
199.79999 69.0 2.895652
220.05 69.0 3.1891305
205.2 69.0 2.973913
217.35 69.0 3.15
214.65001 69.0 3.1108696
218.7 69.0 3.1695652
199.79999 69.0 2.895652
214.65001 69.0 3.1108696
210.59999 69.0 3.0521739
218.7 69.0 3.1695652
216.0 69.0 3.1304348
197.1 69.0 2.8565218
220.05 69.0 3.1891305
198.45 69.0 2.876087
197.1 69.0 2.8565218
174.15001 69.0 2.5239131
226.8 69.0 3.2869565
206.55 69.0 2.9934783
202.5 69.0 2.9347825
203.85 69.0 2.9543478
168.75 69.0 2.4456522
232.2 69.0 3.3652174
220.05 69.0 3.1891305
191.70001 69.0 2.778261
183.6 69.0 2.6608696
199.79999 69.0 2.895652
202.5 69.0 2.9347825
218.7 69.0 3.1695652
221.4 69.0 3.2086957
193.05 69.0 2.797826
217.35 69.0 3.15
216.0 69.0 3.1304348
229.5 69.0 3.326087
207.9 69.0 3.0130434
221.4 69.0 3.2086957
230.84999 69.0 3.345652
216.0 69.0 3.1304348
189.0 70.0 2.7
172.8 70.0 2.4685714
210.59999 70.0 3.0085714
210.59999 70.0 3.0085714
167.4 70.0 2.3914285
178.20001 70.0 2.5457144
176.84999 70.0 2.5264285
225.45 70.0 3.2207143
216.0 70.0 3.0857143
186.3 70.0 2.6614287
211.95 70.0 3.027857
186.3 70.0 2.6614287
199.8 70.0 2.8542857
197.1 70.0 2.8157144
202.5 70.0 2.892857
210.59999 70.0 3.0085714
179.55 70.0 2.565
182.25 70.0 2.6035714
206.55 70.0 2.9507143
217.35 70.0 3.105
193.05 70.0 2.757857
220.05 70.0 3.1435714
218.7 70.0 3.1242857
217.35 70.0 3.105
205.20001 70.0 2.9314287
207.90001 70.0 2.97
218.7 70.0 3.1242857
206.55 70.0 2.9507143
199.8 70.0 2.8542857
180.9 70.0 2.5842857
214.65001 70.0 3.0664287
229.5 70.0 3.2785714
171.45 70.0 2.4492857
183.59999 70.0 2.622857
202.5 70.0 2.892857
217.35 70.0 3.105
207.90001 70.0 2.97
203.84999 70.0 2.9121428
210.59999 70.0 3.0085714
197.1 70.0 2.8157144
194.4 70.0 2.7771428
193.05 71.0 2.7190142
198.45 71.0 2.7950704
190.35 71.0 2.680986
190.35 71.0 2.680986
190.35 71.0 2.680986
178.2 71.0 2.509859
201.15001 71.0 2.8330986
214.65 71.0 3.0232394
206.55 71.0 2.909155
232.2 71.0 3.2704225
190.35 71.0 2.680986
210.6 71.0 2.9661973
176.84999 71.0 2.490845
182.25 71.0 2.5669014
175.5 71.0 2.471831
190.35 71.0 2.680986
207.9 71.0 2.928169
193.05 71.0 2.7190142
198.45 71.0 2.7950704
189.0 71.0 2.6619718
182.25 71.0 2.5669014
197.09999 71.0 2.7760563
198.45 71.0 2.7950704
213.29999 71.0 3.0042253
184.95001 71.0 2.6049297
197.09999 71.0 2.7760563
198.45 71.0 2.7950704
164.7 71.0 2.3197184
197.09999 71.0 2.7760563
210.6 71.0 2.9661973
190.35 71.0 2.680986
232.2 71.0 3.2704225
180.9 71.0 2.5478873
199.8 71.0 2.8140845
209.25 71.0 2.9471831
180.9 71.0 2.5478873
194.40001 71.0 2.7380283
203.84999 71.0 2.8711267
197.09999 71.0 2.7760563
179.55 71.0 2.5288732
183.6 71.0 2.5859156
186.3 72.0 2.5875
172.8 72.0 2.4
199.8 72.0 2.775
183.59999 72.0 2.55
189.0 72.0 2.625
202.5 72.0 2.8125
214.65001 72.0 2.98125
170.09999 72.0 2.3625
176.84999 72.0 2.45625
210.59999 72.0 2.925
217.34999 72.0 3.01875
209.25 72.0 2.90625
194.40001 72.0 2.7
175.5 72.0 2.4375
175.5 72.0 2.4375
152.55 72.0 2.11875
193.05 72.0 2.68125
195.75 72.0 2.71875
157.95 72.0 2.19375
207.90001 72.0 2.8875
187.65001 72.0 2.60625
170.09999 72.0 2.3625
198.45 72.0 2.75625
172.8 72.0 2.4
211.95 72.0 2.94375
168.75 72.0 2.34375
179.55 72.0 2.49375
186.3 72.0 2.5875
210.59999 72.0 2.925
170.09999 72.0 2.3625
206.55 72.0 2.86875
187.65001 72.0 2.60625
209.25 72.0 2.90625
199.8 72.0 2.775
202.5 72.0 2.8125
206.55 72.0 2.86875
207.90001 72.0 2.8875
174.15001 72.0 2.41875
198.45 72.0 2.75625
189.0 72.0 2.625
195.75 72.0 2.71875
168.75 73.0 2.3116438
182.25 73.0 2.4965754
176.84999 73.0 2.4226027
194.4 73.0 2.6630137
186.3 73.0 2.552055
211.95001 73.0 2.9034247
203.84999 73.0 2.7924657
193.05 73.0 2.6445205
203.84999 73.0 2.7924657
198.45001 73.0 2.7184932
183.6 73.0 2.5150685
180.9 73.0 2.4780822
191.7 73.0 2.6260273
171.45 73.0 2.3486302
175.49998 73.0 2.4041095
175.49998 73.0 2.4041095
189.0 73.0 2.589041
174.15001 73.0 2.3856165
184.95001 73.0 2.5335617
151.2 73.0 2.0712328
179.55 73.0 2.459589
170.1 73.0 2.330137
186.3 73.0 2.552055
180.9 73.0 2.4780822
180.9 73.0 2.4780822
194.4 73.0 2.6630137
211.95001 73.0 2.9034247
206.55 73.0 2.829452
174.15001 73.0 2.3856165
201.15 73.0 2.7554793
189.0 73.0 2.589041
220.05 73.0 3.0143836
162.00002 73.0 2.2191782
186.3 73.0 2.552055
184.95001 73.0 2.5335617
191.7 73.0 2.6260273
191.7 73.0 2.6260273
186.3 73.0 2.552055
205.2 73.0 2.8109589
205.2 73.0 2.8109589
162.00002 73.0 2.2191782
210.59999 74.0 2.8459458
174.15 74.0 2.3533783
182.25 74.0 2.462838
163.35 74.0 2.2074325
174.15 74.0 2.3533783
191.70001 74.0 2.5905406
182.25 74.0 2.462838
171.45 74.0 2.316892
179.55 74.0 2.4263513
179.55 74.0 2.4263513
171.45 74.0 2.316892
179.55 74.0 2.4263513
152.55 74.0 2.0614865
186.3 74.0 2.5175676
164.7 74.0 2.2256756
183.59999 74.0 2.481081
176.85 74.0 2.389865
164.7 74.0 2.2256756
170.09999 74.0 2.2986486
180.90001 74.0 2.4445946
186.3 74.0 2.5175676
184.95 74.0 2.4993243
166.05 74.0 2.243919
157.95 74.0 2.1344595
170.09999 74.0 2.2986486
171.45 74.0 2.316892
194.4 74.0 2.627027
197.09999 74.0 2.6635134
176.85 74.0 2.389865
178.2 74.0 2.408108
178.2 74.0 2.408108
179.55 74.0 2.4263513
191.70001 74.0 2.5905406
174.15 74.0 2.3533783
189.0 74.0 2.554054
189.0 74.0 2.554054
176.85 74.0 2.389865
174.15 74.0 2.3533783
164.7 74.0 2.2256756
170.09999 74.0 2.2986486
189.0 74.0 2.554054
156.6 75.0 2.088
170.09999 75.0 2.268
149.85 75.0 1.998
166.05 75.0 2.214
172.79999 75.0 2.304
180.9 75.0 2.412
168.75 75.0 2.25
167.40001 75.0 2.232
160.65 75.0 2.142
175.5 75.0 2.34
163.34999 75.0 2.178
163.34999 75.0 2.178
162.0 75.0 2.16
144.45 75.0 1.926
164.70001 75.0 2.196
157.95 75.0 2.106
184.95001 75.0 2.466
136.34999 75.0 1.818
167.40001 75.0 2.232
155.25 75.0 2.07
176.85 75.0 2.358
160.65 75.0 2.142
182.25 75.0 2.43
162.0 75.0 2.16
136.34999 75.0 1.818
174.15001 75.0 2.322
167.40001 75.0 2.232
162.0 75.0 2.16
170.09999 75.0 2.268
193.04999 75.0 2.574
180.9 75.0 2.412
163.34999 75.0 2.178
163.34999 75.0 2.178
170.09999 75.0 2.268
152.54999 75.0 2.034
156.6 75.0 2.088
163.34999 75.0 2.178
155.25 75.0 2.07
187.65001 75.0 2.502
163.34999 75.0 2.178
201.15 75.0 2.682
180.9 76.0 2.380263
155.25 76.0 2.0427632
178.2 76.0 2.3447368
153.90001 76.0 2.025
184.95001 76.0 2.4335527
151.2 76.0 1.9894737
186.3 76.0 2.4513159
191.7 76.0 2.5223684
164.7 76.0 2.1671052
160.65 76.0 2.1138158
170.1 76.0 2.238158
172.8 76.0 2.2736843
164.7 76.0 2.1671052
171.45001 76.0 2.2559211
166.04999 76.0 2.1848683
187.65001 76.0 2.469079
156.6 76.0 2.0605264
160.65 76.0 2.1138158
180.9 76.0 2.380263
157.95 76.0 2.0782895
155.25 76.0 2.0427632
178.2 76.0 2.3447368
176.85 76.0 2.3269737
170.1 76.0 2.238158
164.7 76.0 2.1671052
184.95001 76.0 2.4335527
195.75 76.0 2.5756578
175.5 76.0 2.3092105
182.25 76.0 2.3980262
159.3 76.0 2.0960526
167.4 76.0 2.2026315
160.65 76.0 2.1138158
157.95 76.0 2.0782895
174.15001 76.0 2.2914474
140.40001 76.0 1.8473685
163.34999 76.0 2.149342
176.85 76.0 2.3269737
153.90001 76.0 2.025
160.65 76.0 2.1138158
145.8 76.0 1.918421
174.15001 76.0 2.2914474
140.40001 77.0 1.8233767
149.85 77.0 1.9461039
156.6 77.0 2.0337663
159.3 77.0 2.0688312
167.40001 77.0 2.174026
160.65 77.0 2.0863636
180.90001 77.0 2.3493507
149.85 77.0 1.9461039
170.1 77.0 2.209091
176.84999 77.0 2.2967532
162.0 77.0 2.1038961
151.2 77.0 1.9636364
149.85 77.0 1.9461039
189.0 77.0 2.4545455
153.90001 77.0 1.9987013
163.34999 77.0 2.1214285
153.90001 77.0 1.9987013
147.15001 77.0 1.911039
162.0 77.0 2.1038961
178.2 77.0 2.3142858
171.45 77.0 2.2266233
152.55 77.0 1.9811689
176.84999 77.0 2.2967532
156.6 77.0 2.0337663
144.45 77.0 1.875974
159.3 77.0 2.0688312
156.6 77.0 2.0337663
171.45 77.0 2.2266233
163.34999 77.0 2.1214285
163.34999 77.0 2.1214285
157.95 77.0 2.0512986
168.75 77.0 2.1915584
160.65 77.0 2.0863636
166.04999 77.0 2.1564934
178.2 77.0 2.3142858
147.15001 77.0 1.911039
151.2 77.0 1.9636364
189.0 77.0 2.4545455
129.6 77.0 1.6831169
166.04999 77.0 2.1564934
171.45 77.0 2.2266233
143.19179 78.0 1.8357922
160.75304 78.0 2.0609365
140.49007 78.0 1.8011546
149.94612 78.0 1.9223862
174.2617 78.0 2.2341244
156.70044 78.0 2.00898
164.80565 78.0 2.1128929
174.2617 78.0 2.2341244
137.78833 78.0 1.766517
156.70044 78.0 2.00898
144.54265 78.0 1.8531109
148.59525 78.0 1.9050673
162.1039 78.0 2.0782552
141.84093 78.0 1.8184733
137.78833 78.0 1.766517
164.80565 78.0 2.1128929
156.70044 78.0 2.00898
151.29698 78.0 1.9397049
156.70044 78.0 2.00898
156.70044 78.0 2.00898
148.59525 78.0 1.9050673
156.70044 78.0 2.00898
176.96344 78.0 2.268762
143.19179 78.0 1.8357922
153.99872 78.0 1.9743426
129.68314 78.0 1.6626042
167.50739 78.0 2.1475306
145.89352 78.0 1.8704298
151.29698 78.0 1.9397049
163.45479 78.0 2.0955741
151.29698 78.0 1.9397049
166.15651 78.0 2.1302116
137.78833 78.0 1.766517
159.40218 78.0 2.0436177
133.73573 78.0 1.7145606
135.0866 78.0 1.7318794
181.01605 78.0 2.3207185
164.80565 78.0 2.1128929
139.13919 78.0 1.7838358
147.24438 78.0 1.8877486
155.34958 78.0 1.9916613
133.65 79.0 1.6917721
137.7 79.0 1.7430379
143.1 79.0 1.8113924
144.45 79.0 1.828481
170.1 79.0 2.1531646
141.75 79.0 1.7943038
156.6 79.0 1.9822785
155.25 79.0 1.9651898
144.45 79.0 1.828481
130.95 79.0 1.6575949
164.7 79.0 2.08481
189.0 79.0 2.392405
125.55 79.0 1.5892406
139.05 79.0 1.7601266
152.55 79.0 1.9310126
122.85 79.0 1.5550632
124.2 79.0 1.5721519
136.35 79.0 1.7259494
147.15001 79.0 1.8626583
143.1 79.0 1.8113924
125.55 79.0 1.5892406
140.40001 79.0 1.7772152
151.2 79.0 1.9139241
147.15001 79.0 1.8626583
137.7 79.0 1.7430379
162.0 79.0 2.050633
152.55 79.0 1.9310126
139.05 79.0 1.7601266
147.15001 79.0 1.8626583
149.85 79.0 1.8968354
122.85 79.0 1.5550632
171.45001 79.0 2.1702533
151.2 79.0 1.9139241
147.15001 79.0 1.8626583
141.75 79.0 1.7943038
130.95 79.0 1.6575949
147.15001 79.0 1.8626583
139.05 79.0 1.7601266
152.55 79.0 1.9310126
179.54999 79.0 2.2727847
149.85 79.0 1.8968354
124.2 80.0 1.5525
130.95 80.0 1.636875
132.29999 80.0 1.65375
122.85 80.0 1.535625
145.8 80.0 1.8225
149.84999 80.0 1.873125
140.4 80.0 1.755
121.5 80.0 1.51875
145.8 80.0 1.8225
129.6 80.0 1.62
139.05 80.0 1.738125
141.75 80.0 1.771875
151.2 80.0 1.89
130.95 80.0 1.636875
157.95 80.0 1.974375
139.05 80.0 1.738125
149.84999 80.0 1.873125
133.65 80.0 1.670625
135.0 80.0 1.6875
141.75 80.0 1.771875
141.75 80.0 1.771875
124.2 80.0 1.5525
126.899994 80.0 1.58625
126.899994 80.0 1.58625
137.70001 80.0 1.72125
128.25 80.0 1.603125
130.95 80.0 1.636875
143.1 80.0 1.78875
136.35 80.0 1.704375
143.1 80.0 1.78875
143.1 80.0 1.78875
156.6 80.0 1.9575
132.29999 80.0 1.65375
130.95 80.0 1.636875
140.4 80.0 1.755
145.8 80.0 1.8225
116.1 80.0 1.45125
132.29999 80.0 1.65375
129.6 80.0 1.62
153.90001 80.0 1.92375
144.45 80.0 1.805625
151.2 81.0 1.8666667
116.1 81.0 1.4333333
153.9 81.0 1.9
130.95 81.0 1.6166667
149.85 81.0 1.85
136.34999 81.0 1.6833333
130.95 81.0 1.6166667
141.75 81.0 1.75
124.2 81.0 1.5333333
125.549995 81.0 1.55
143.1 81.0 1.7666667
137.7 81.0 1.7
145.8 81.0 1.8
136.34999 81.0 1.6833333
132.3 81.0 1.6333333
125.549995 81.0 1.55
144.45 81.0 1.7833333
145.8 81.0 1.8
120.15 81.0 1.4833333
144.45 81.0 1.7833333
159.3 81.0 1.9666667
144.45 81.0 1.7833333
125.549995 81.0 1.55
124.2 81.0 1.5333333
140.4 81.0 1.7333333
143.1 81.0 1.7666667
136.34999 81.0 1.6833333
144.45 81.0 1.7833333
148.5 81.0 1.8333334
125.549995 81.0 1.55
139.05 81.0 1.7166667
149.85 81.0 1.85
139.05 81.0 1.7166667
148.5 81.0 1.8333334
130.95 81.0 1.6166667
128.25 81.0 1.5833334
130.95 81.0 1.6166667
141.75 81.0 1.75
160.65 81.0 1.9833333
121.5 81.0 1.5
128.25 81.0 1.5833334
139.05 82.0 1.6957318
124.2 82.0 1.5146341
132.3 82.0 1.6134146
139.05 82.0 1.6957318
139.05 82.0 1.6957318
103.95 82.0 1.2676829
120.15 82.0 1.4652439
125.549995 82.0 1.5310975
137.7 82.0 1.6792682
117.45 82.0 1.432317
125.549995 82.0 1.5310975
135.0 82.0 1.6463414
121.5 82.0 1.4817073
139.05 82.0 1.6957318
112.05 82.0 1.3664634
143.1 82.0 1.745122
118.8 82.0 1.4487805
137.7 82.0 1.6792682
109.350006 82.0 1.3335366
126.899994 82.0 1.5475609
117.45 82.0 1.432317
120.15 82.0 1.4652439
116.1 82.0 1.4158536
144.45 82.0 1.7615854
125.549995 82.0 1.5310975
129.6 82.0 1.5804878
105.299995 82.0 1.2841463
132.3 82.0 1.6134146
129.6 82.0 1.5804878
103.95 82.0 1.2676829
143.1 82.0 1.745122
116.1 82.0 1.4158536
117.45 82.0 1.432317
129.6 82.0 1.5804878
129.6 82.0 1.5804878
133.65 82.0 1.629878
135.0 82.0 1.6463414
125.549995 82.0 1.5310975
118.8 82.0 1.4487805
135.0 82.0 1.6463414
124.2 82.0 1.5146341
105.3 83.0 1.2686747
124.200005 83.0 1.4963856
122.850006 83.0 1.4801205
132.3 83.0 1.5939759
132.3 83.0 1.5939759
101.25 83.0 1.2198795
135.0 83.0 1.626506
126.9 83.0 1.5289156
129.6 83.0 1.5614458
130.95 83.0 1.5777109
112.05 83.0 1.35
122.850006 83.0 1.4801205
125.55 83.0 1.5126506
102.6 83.0 1.2361445
113.4 83.0 1.366265
128.25 83.0 1.5451807
126.9 83.0 1.5289156
141.75 83.0 1.7078314
128.25 83.0 1.5451807
118.8 83.0 1.4313253
137.7 83.0 1.6590362
137.7 83.0 1.6590362
147.15 83.0 1.7728915
112.05 83.0 1.35
114.75 83.0 1.3825301
140.4 83.0 1.6915662
120.15 83.0 1.4475904
121.5 83.0 1.4638554
129.6 83.0 1.5614458
117.450005 83.0 1.4150603
122.850006 83.0 1.4801205
128.25 83.0 1.5451807
132.3 83.0 1.5939759
113.4 83.0 1.366265
108.0 83.0 1.3012048
128.25 83.0 1.5451807
137.7 83.0 1.6590362
133.65 83.0 1.6102409
109.35 83.0 1.3174698
108.0 83.0 1.3012048
130.95 83.0 1.5777109
112.05 84.0 1.3339286
109.35 84.0 1.3017857
130.95 84.0 1.5589286
109.35 84.0 1.3017857
137.7 84.0 1.6392857
108.0 84.0 1.2857143
110.7 84.0 1.3178571
118.799995 84.0 1.4142857
144.45 84.0 1.7196429
133.65001 84.0 1.5910715
113.4 84.0 1.35
113.4 84.0 1.35
124.2 84.0 1.4785714
109.35 84.0 1.3017857
108.0 84.0 1.2857143
133.65001 84.0 1.5910715
95.85 84.0 1.1410714
110.7 84.0 1.3178571
108.0 84.0 1.2857143
125.55 84.0 1.4946429
122.85 84.0 1.4625
105.299995 84.0 1.2535714
110.7 84.0 1.3178571
105.299995 84.0 1.2535714
120.149994 84.0 1.4303571
118.799995 84.0 1.4142857
120.149994 84.0 1.4303571
122.85 84.0 1.4625
122.85 84.0 1.4625
112.05 84.0 1.3339286
122.85 84.0 1.4625
109.35 84.0 1.3017857
112.05 84.0 1.3339286
120.149994 84.0 1.4303571
122.85 84.0 1.4625
110.7 84.0 1.3178571
109.35 84.0 1.3017857
102.6 84.0 1.2214285
105.299995 84.0 1.2535714
116.100006 84.0 1.3821429
133.65001 84.0 1.5910715
108.0 85.0 1.2705883
112.049995 85.0 1.3182353
99.9 85.0 1.1752942
105.3 85.0 1.2388235
99.9 85.0 1.1752942
106.65 85.0 1.2547059
98.55 85.0 1.1594118
106.65 85.0 1.2547059
98.55 85.0 1.1594118
103.95 85.0 1.2229412
106.65 85.0 1.2547059
105.3 85.0 1.2388235
89.1 85.0 1.0482353
108.0 85.0 1.2705883
89.1 85.0 1.0482353
109.35 85.0 1.2864705
106.65 85.0 1.2547059
120.15 85.0 1.4135294
110.7 85.0 1.3023529
113.4 85.0 1.3341177
125.549995 85.0 1.4770588
120.15 85.0 1.4135294
98.55 85.0 1.1594118
105.3 85.0 1.2388235
137.7 85.0 1.62
102.6 85.0 1.2070588
108.0 85.0 1.2705883
110.7 85.0 1.3023529
103.95 85.0 1.2229412
112.049995 85.0 1.3182353
105.3 85.0 1.2388235
93.149994 85.0 1.0958823
110.7 85.0 1.3023529
114.75 85.0 1.35
103.95 85.0 1.2229412
112.049995 85.0 1.3182353
112.049995 85.0 1.3182353
112.049995 85.0 1.3182353
121.5 85.0 1.4294118
118.799995 85.0 1.397647
113.4 85.0 1.3341177
94.50001 86.0 1.0988373
101.25 86.0 1.1773256
83.7 86.0 0.9732558
106.649994 86.0 1.2401162
99.9 86.0 1.1616279
105.3 86.0 1.2244186
89.1 86.0 1.0360465
103.95 86.0 1.2087209
97.200005 86.0 1.1302326
108.0 86.0 1.255814
95.85 86.0 1.1145349
101.25 86.0 1.1773256
116.1 86.0 1.35
101.25 86.0 1.1773256
94.50001 86.0 1.0988373
106.649994 86.0 1.2401162
97.200005 86.0 1.1302326
103.95 86.0 1.2087209
121.5 86.0 1.4127907
103.95 86.0 1.2087209
112.05 86.0 1.302907
99.9 86.0 1.1616279
105.3 86.0 1.2244186
97.200005 86.0 1.1302326
106.649994 86.0 1.2401162
113.4 86.0 1.3186047
106.649994 86.0 1.2401162
108.0 86.0 1.255814
103.95 86.0 1.2087209
105.3 86.0 1.2244186
97.200005 86.0 1.1302326
102.6 86.0 1.1930232
110.7 86.0 1.2872093
114.75 86.0 1.3343023
121.5 86.0 1.4127907
97.200005 86.0 1.1302326
101.25 86.0 1.1773256
99.9 86.0 1.1616279
98.55 86.0 1.1459303
108.0 86.0 1.255814
87.74999 86.0 1.0203488
86.4 87.0 0.99310344
97.2 87.0 1.1172414
101.25 87.0 1.1637931
107.99999 87.0 1.2413793
112.05 87.0 1.2879311
90.450005 87.0 1.0396552
103.95 87.0 1.1948276
102.6 87.0 1.1793103
107.99999 87.0 1.2413793
86.4 87.0 0.99310344
95.85 87.0 1.1017241
103.95 87.0 1.1948276
95.85 87.0 1.1017241
107.99999 87.0 1.2413793
83.700005 87.0 0.962069
87.75001 87.0 1.0086207
98.55 87.0 1.1327586
99.9 87.0 1.1482759
113.4 87.0 1.3034483
85.05 87.0 0.9775862
90.450005 87.0 1.0396552
90.450005 87.0 1.0396552
90.450005 87.0 1.0396552
99.9 87.0 1.1482759
98.55 87.0 1.1327586
113.4 87.0 1.3034483
85.05 87.0 0.9775862
98.55 87.0 1.1327586
79.65 87.0 0.9155173
98.55 87.0 1.1327586
110.700005 87.0 1.2724138
85.05 87.0 0.9775862
98.55 87.0 1.1327586
94.5 87.0 1.0862069
78.299995 87.0 0.9
93.15 87.0 1.0706897
82.35 87.0 0.94655174
98.55 87.0 1.1327586
106.649994 87.0 1.225862
98.55 87.0 1.1327586
90.450005 87.0 1.0396552
83.7 88.0 0.95113635
83.7 88.0 0.95113635
83.7 88.0 0.95113635
93.149994 88.0 1.0585227
95.85 88.0 1.0892045
83.7 88.0 0.95113635
74.25 88.0 0.84375
86.4 88.0 0.9818182
83.7 88.0 0.95113635
71.55 88.0 0.8130682
81.0 88.0 0.92045456
105.3 88.0 1.1965909
95.85 88.0 1.0892045
82.35 88.0 0.9357954
67.5 88.0 0.76704544
90.45 88.0 1.0278409
76.95 88.0 0.8744318
91.799995 88.0 1.0431818
102.6 88.0 1.165909
102.6 88.0 1.165909
79.65 88.0 0.90511364
86.4 88.0 0.9818182
79.65 88.0 0.90511364
76.95 88.0 0.8744318
75.6 88.0 0.8590909
83.7 88.0 0.95113635
87.75 88.0 0.99715906
83.7 88.0 0.95113635
78.299995 88.0 0.8897727
86.4 88.0 0.9818182
91.799995 88.0 1.0431818
86.4 88.0 0.9818182
103.95 88.0 1.18125
91.799995 88.0 1.0431818
79.65 88.0 0.90511364
83.7 88.0 0.95113635
93.149994 88.0 1.0585227
87.75 88.0 0.99715906
99.9 88.0 1.1352273
110.700005 88.0 1.2579546
75.6 88.0 0.8590909
74.25 89.0 0.83426964
85.049995 89.0 0.95561796
99.9 89.0 1.1224719
71.55 89.0 0.8039326
86.4 89.0 0.9707865
86.4 89.0 0.9707865
72.899994 89.0 0.8191011
70.200005 89.0 0.78876406
76.95 89.0 0.86460674
82.350006 89.0 0.9252809
79.65 89.0 0.89494383
72.899994 89.0 0.8191011
85.049995 89.0 0.95561796
83.7 89.0 0.9404494
91.799995 89.0 1.0314606
85.049995 89.0 0.95561796
93.15 89.0 1.0466292
79.65 89.0 0.89494383
79.65 89.0 0.89494383
94.5 89.0 1.0617977
97.2 89.0 1.0921348
90.45 89.0 1.0162921
76.95 89.0 0.86460674
91.799995 89.0 1.0314606
89.1 89.0 1.0011235
67.5 89.0 0.75842696
75.6 89.0 0.8494382
81.0 89.0 0.9101124
78.3 89.0 0.8797753
90.45 89.0 1.0162921
74.25 89.0 0.83426964
82.350006 89.0 0.9252809
68.85 89.0 0.7735955
87.75 89.0 0.98595506
94.5 89.0 1.0617977
85.049995 89.0 0.95561796
74.25 89.0 0.83426964
78.3 89.0 0.8797753
74.25 89.0 0.83426964
76.95 89.0 0.86460674
78.3 89.0 0.8797753
83.7 90.0 0.93
72.9 90.0 0.81
67.5 90.0 0.75
59.4 90.0 0.66
64.8 90.0 0.72
66.15 90.0 0.735
67.5 90.0 0.75
68.85 90.0 0.765
83.7 90.0 0.93
83.7 90.0 0.93
54.000004 90.0 0.6
71.55 90.0 0.795
66.15 90.0 0.735
79.65 90.0 0.885
76.950005 90.0 0.855
66.15 90.0 0.735
81.0 90.0 0.9
85.05 90.0 0.945
71.55 90.0 0.795
74.25 90.0 0.825
66.15 90.0 0.735
70.2 90.0 0.78
82.35 90.0 0.915
68.85 90.0 0.765
71.55 90.0 0.795
81.0 90.0 0.9
78.3 90.0 0.87
81.0 90.0 0.9
68.85 90.0 0.765
72.9 90.0 0.81
74.25 90.0 0.825
67.5 90.0 0.75
79.65 90.0 0.885
75.6 90.0 0.84
71.55 90.0 0.795
70.2 90.0 0.78
68.85 90.0 0.765
51.3 90.0 0.57
74.25 90.0 0.825
75.6 90.0 0.84
78.3 90.0 0.87
