130.95 1.0 130.95
130.95 1.0 130.95
132.3 1.0 132.3
130.95 1.0 130.95
135.0 1.0 135.0
130.95 1.0 130.95
133.65 1.0 133.65
132.3 1.0 132.3
130.95 1.0 130.95
132.3 1.0 132.3
130.95 1.0 130.95
130.95 1.0 130.95
128.25 1.0 128.25
135.0 1.0 135.0
129.6 1.0 129.6
133.65 1.0 133.65
135.0 1.0 135.0
133.65 1.0 133.65
135.0 1.0 135.0
135.0 1.0 135.0
133.65 1.0 133.65
135.0 1.0 135.0
128.25 1.0 128.25
135.0 1.0 135.0
132.3 1.0 132.3
130.95 1.0 130.95
129.6 1.0 129.6
130.95 1.0 130.95
135.0 1.0 135.0
129.6 1.0 129.6
132.3 1.0 132.3
132.3 1.0 132.3
132.3 1.0 132.3
135.0 1.0 135.0
129.6 1.0 129.6
132.3 1.0 132.3
135.0 1.0 135.0
130.95 1.0 130.95
133.65 1.0 133.65
132.3 1.0 132.3
129.6 1.0 129.6
267.3 2.0 133.65
265.95 2.0 132.975
261.9 2.0 130.95
267.3 2.0 133.65
265.95 2.0 132.975
265.95 2.0 132.975
264.6 2.0 132.3
267.3 2.0 133.65
264.6 2.0 132.3
264.6 2.0 132.3
264.6 2.0 132.3
268.65 2.0 134.325
267.3 2.0 133.65
264.6 2.0 132.3
268.65 2.0 134.325
265.95 2.0 132.975
261.9 2.0 130.95
267.3 2.0 133.65
264.6 2.0 132.3
263.25 2.0 131.625
267.3 2.0 133.65
267.3 2.0 133.65
263.25 2.0 131.625
265.95 2.0 132.975
268.65 2.0 134.325
265.95 2.0 132.975
263.25 2.0 131.625
265.95 2.0 132.975
265.95 2.0 132.975
265.95 2.0 132.975
263.25 2.0 131.625
267.3 2.0 133.65
265.95 2.0 132.975
263.25 2.0 131.625
265.95 2.0 132.975
264.6 2.0 132.3
267.3 2.0 133.65
267.3 2.0 133.65
265.95 2.0 132.975
265.95 2.0 132.975
264.6 2.0 132.3
398.25 3.0 132.75
400.94998 3.0 133.65
398.25 3.0 132.75
398.25 3.0 132.75
392.84998 3.0 130.95
390.15002 3.0 130.05
390.15002 3.0 130.05
388.80002 3.0 129.6
390.15002 3.0 130.05
391.5 3.0 130.5
392.84998 3.0 130.95
395.55002 3.0 131.85
392.84998 3.0 130.95
395.55002 3.0 131.85
398.25 3.0 132.75
395.55002 3.0 131.85
394.19998 3.0 131.4
386.09998 3.0 128.7
396.90002 3.0 132.3
396.90002 3.0 132.3
395.55002 3.0 131.85
395.55002 3.0 131.85
395.55002 3.0 131.85
398.25 3.0 132.75
405.0 3.0 135.0
390.15002 3.0 130.05
398.25 3.0 132.75
394.19998 3.0 131.4
391.5 3.0 130.5
392.84998 3.0 130.95
390.15002 3.0 130.05
395.55002 3.0 131.85
396.90002 3.0 132.3
395.55002 3.0 131.85
396.90002 3.0 132.3
395.55002 3.0 131.85
398.25 3.0 132.75
400.94998 3.0 133.65
396.90002 3.0 132.3
392.84998 3.0 130.95
391.5 3.0 130.5
530.55 4.0 132.6375
526.5 4.0 131.625
523.8 4.0 130.95
526.5 4.0 131.625
525.15 4.0 131.2875
527.85 4.0 131.9625
533.25 4.0 133.3125
521.1 4.0 130.275
533.25 4.0 133.3125
530.55 4.0 132.6375
534.6 4.0 133.65
527.85 4.0 131.9625
534.6 4.0 133.65
530.55 4.0 132.6375
527.85 4.0 131.9625
530.55 4.0 132.6375
527.85 4.0 131.9625
527.85 4.0 131.9625
531.9 4.0 132.975
530.55 4.0 132.6375
527.85 4.0 131.9625
523.8 4.0 130.95
529.2 4.0 132.3
530.55 4.0 132.6375
529.2 4.0 132.3
530.55 4.0 132.6375
521.1 4.0 130.275
531.9 4.0 132.975
529.2 4.0 132.3
529.2 4.0 132.3
526.5 4.0 131.625
529.2 4.0 132.3
527.85 4.0 131.9625
526.5 4.0 131.625
526.5 4.0 131.625
529.2 4.0 132.3
525.15 4.0 131.2875
531.9 4.0 132.975
531.9 4.0 132.975
533.25 4.0 133.3125
526.5 4.0 131.625
661.5 5.0 132.3
660.15 5.0 132.03
666.9 5.0 133.38
664.19995 5.0 132.84
657.45 5.0 131.49
660.15 5.0 132.03
666.9 5.0 133.38
654.75 5.0 130.95
658.8 5.0 131.76
664.19995 5.0 132.84
661.5 5.0 132.3
657.45 5.0 131.49
662.85004 5.0 132.57
657.45 5.0 131.49
665.55 5.0 133.11
658.8 5.0 131.76
650.7 5.0 130.14
661.5 5.0 132.3
668.25 5.0 133.65
660.15 5.0 132.03
654.75 5.0 130.95
662.85004 5.0 132.57
657.45 5.0 131.49
669.6 5.0 133.92
665.55 5.0 133.11
668.25 5.0 133.65
665.55 5.0 133.11
658.8 5.0 131.76
656.1 5.0 131.22
666.9 5.0 133.38
666.9 5.0 133.38
661.5 5.0 132.3
656.1 5.0 131.22
658.8 5.0 131.76
657.45 5.0 131.49
660.15 5.0 132.03
664.19995 5.0 132.84
661.5 5.0 132.3
649.35 5.0 129.87
669.6 5.0 133.92
658.8 5.0 131.76
791.10004 6.0 131.85
796.5 6.0 132.75
797.85004 6.0 132.975
793.80005 6.0 132.3
791.10004 6.0 131.85
789.75 6.0 131.625
784.35004 6.0 130.725
788.39996 6.0 131.4
795.14996 6.0 132.525
793.80005 6.0 132.3
778.94995 6.0 129.825
784.35004 6.0 130.725
791.10004 6.0 131.85
792.44995 6.0 132.075
787.05005 6.0 131.175
788.39996 6.0 131.4
791.10004 6.0 131.85
793.80005 6.0 132.3
788.39996 6.0 131.4
795.14996 6.0 132.525
796.5 6.0 132.75
795.14996 6.0 132.525
795.14996 6.0 132.525
781.64996 6.0 130.275
789.75 6.0 131.625
783.0 6.0 130.5
799.19995 6.0 133.2
789.75 6.0 131.625
793.80005 6.0 132.3
787.05005 6.0 131.175
793.80005 6.0 132.3
789.75 6.0 131.625
791.10004 6.0 131.85
796.5 6.0 132.75
792.44995 6.0 132.075
799.19995 6.0 133.2
785.69995 6.0 130.95
787.05005 6.0 131.175
793.80005 6.0 132.3
793.80005 6.0 132.3
793.80005 6.0 132.3
920.69995 7.0 131.52856
926.10004 7.0 132.3
931.5 7.0 133.07143
926.10004 7.0 132.3
931.5 7.0 133.07143
922.05005 7.0 131.72144
928.8 7.0 132.68571
923.4 7.0 131.91429
926.10004 7.0 132.3
913.95 7.0 130.56429
923.4 7.0 131.91429
918.0 7.0 131.14285
926.10004 7.0 132.3
920.69995 7.0 131.52856
938.25006 7.0 134.03572
920.69995 7.0 131.52856
923.4 7.0 131.91429
912.6 7.0 130.37143
924.75 7.0 132.10715
926.10004 7.0 132.3
918.0 7.0 131.14285
923.4 7.0 131.91429
915.3 7.0 130.75714
909.9 7.0 129.98572
924.75 7.0 132.10715
922.05005 7.0 131.72144
924.75 7.0 132.10715
926.10004 7.0 132.3
916.64996 7.0 130.95
919.35 7.0 131.33571
922.05005 7.0 131.72144
922.05005 7.0 131.72144
930.15 7.0 132.87857
938.25006 7.0 134.03572
912.6 7.0 130.37143
926.10004 7.0 132.3
922.05005 7.0 131.72144
924.75 7.0 132.10715
939.60004 7.0 134.22858
926.10004 7.0 132.3
927.45 7.0 132.49286
1057.05 8.0 132.13126
1054.35 8.0 131.79375
1054.35 8.0 131.79375
1065.15 8.0 133.14375
1053.0 8.0 131.625
1050.3 8.0 131.2875
1063.8 8.0 132.975
1061.1 8.0 132.6375
1059.75 8.0 132.46875
1055.7 8.0 131.9625
1055.7 8.0 131.9625
1051.65 8.0 131.45625
1057.05 8.0 132.13126
1051.65 8.0 131.45625
1051.65 8.0 131.45625
1057.05 8.0 132.13126
1053.0 8.0 131.625
1053.0 8.0 131.625
1054.35 8.0 131.79375
1055.7 8.0 131.9625
1055.7 8.0 131.9625
1053.0 8.0 131.625
1053.0 8.0 131.625
1061.1 8.0 132.6375
1055.7 8.0 131.9625
1065.15 8.0 133.14375
1055.7 8.0 131.9625
1055.7 8.0 131.9625
1047.6 8.0 130.95
1055.7 8.0 131.9625
1058.4 8.0 132.3
1057.05 8.0 132.13126
1058.4 8.0 132.3
1062.45 8.0 132.80624
1067.85 8.0 133.48125
1066.5 8.0 133.3125
1053.0 8.0 131.625
1055.7 8.0 131.9625
1046.25 8.0 130.78125
1062.45 8.0 132.80624
1051.65 8.0 131.45625
1192.0499 9.0 132.45
1190.7001 9.0 132.3
1178.5499 9.0 130.95
1185.2999 9.0 131.7
1188.0 9.0 132.0
1193.4 9.0 132.6
1173.15 9.0 130.35
1186.65 9.0 131.85
1177.2001 9.0 130.8
1188.0 9.0 132.0
1196.1 9.0 132.9
1183.9501 9.0 131.55
1179.9 9.0 131.1
1192.0499 9.0 132.45
1169.1 9.0 129.9
1192.0499 9.0 132.45
1197.4501 9.0 133.05
1188.0 9.0 132.0
1190.7001 9.0 132.3
1192.0499 9.0 132.45
1188.0 9.0 132.0
1178.5499 9.0 130.95
1185.2999 9.0 131.7
1185.2999 9.0 131.7
1192.0499 9.0 132.45
1192.0499 9.0 132.45
1183.9501 9.0 131.55
1193.4 9.0 132.6
1188.0 9.0 132.0
1185.2999 9.0 131.7
1182.6 9.0 131.4
1198.7999 9.0 133.2
1186.65 9.0 131.85
1178.5499 9.0 130.95
1178.5499 9.0 130.95
1192.0499 9.0 132.45
1182.6 9.0 131.4
1185.2999 9.0 131.7
1186.65 9.0 131.85
1198.7999 9.0 133.2
1185.2999 9.0 131.7
1314.9 10.0 131.49
1314.9 10.0 131.49
1317.6 10.0 131.76
1312.2 10.0 131.22
1320.3 10.0 132.03
1313.5499 10.0 131.355
1314.9 10.0 131.49
1318.9501 10.0 131.895
1308.15 10.0 130.815
1309.5 10.0 130.95
1313.5499 10.0 131.355
1332.45 10.0 133.245
1310.8501 10.0 131.085
1327.05 10.0 132.705
1321.6499 10.0 132.165
1321.6499 10.0 132.165
1318.9501 10.0 131.895
1316.25 10.0 131.625
1306.7999 10.0 130.68
1313.5499 10.0 131.355
1328.3999 10.0 132.84
1313.5499 10.0 131.355
1327.05 10.0 132.705
1309.5 10.0 130.95
1318.9501 10.0 131.895
1314.9 10.0 131.49
1316.25 10.0 131.625
1317.6 10.0 131.76
1318.9501 10.0 131.895
1316.25 10.0 131.625
1318.9501 10.0 131.895
1313.5499 10.0 131.355
1314.9 10.0 131.49
1306.7999 10.0 130.68
1313.5499 10.0 131.355
1317.6 10.0 131.76
1312.2 10.0 131.22
1314.9 10.0 131.49
1320.3 10.0 132.03
1318.9501 10.0 131.895
1317.6 10.0 131.76
1447.2 11.0 131.56363
1440.45 11.0 130.95
1444.5 11.0 131.31818
1451.25 11.0 131.93182
1443.1499 11.0 131.19545
1451.25 11.0 131.93182
1437.75 11.0 130.70454
1447.2 11.0 131.56363
1440.45 11.0 130.95
1445.85 11.0 131.4409
1433.7 11.0 130.33636
1440.45 11.0 130.95
1444.5 11.0 131.31818
1437.75 11.0 130.70454
1445.85 11.0 131.4409
1460.7 11.0 132.79091
1453.9501 11.0 132.17728
1444.5 11.0 131.31818
1449.9 11.0 131.8091
1440.45 11.0 130.95
1447.2 11.0 131.56363
1453.9501 11.0 132.17728
1449.9 11.0 131.8091
1443.1499 11.0 131.19545
1445.85 11.0 131.4409
1441.7999 11.0 131.07272
1437.75 11.0 130.70454
1429.65 11.0 129.96819
1441.7999 11.0 131.07272
1436.4 11.0 130.58182
1439.1 11.0 130.82727
1436.4 11.0 130.58182
1441.7999 11.0 131.07272
1460.7 11.0 132.79091
1444.5 11.0 131.31818
1449.9 11.0 131.8091
1447.2 11.0 131.56363
1441.7999 11.0 131.07272
1451.25 11.0 131.93182
1435.05 11.0 130.45909
1428.3 11.0 129.84546
1584.8999 12.0 132.075
1570.0499 12.0 130.8375
1571.3999 12.0 130.95
1588.9501 12.0 132.4125
1549.7999 12.0 129.15
1556.5499 12.0 129.7125
1568.7001 12.0 130.725
1567.3501 12.0 130.6125
1568.7001 12.0 130.725
1574.1001 12.0 131.175
1576.7999 12.0 131.4
1580.8501 12.0 131.7375
1576.7999 12.0 131.4
1583.5499 12.0 131.9625
1576.7999 12.0 131.4
1576.7999 12.0 131.4
1557.8999 12.0 129.825
1578.1499 12.0 131.5125
1570.0499 12.0 130.8375
1578.1499 12.0 131.5125
1579.5 12.0 131.625
1560.6001 12.0 130.05
1575.4501 12.0 131.2875
1566.0 12.0 130.5
1561.9501 12.0 130.1625
1574.1001 12.0 131.175
1580.8501 12.0 131.7375
1571.3999 12.0 130.95
1560.6001 12.0 130.05
1575.4501 12.0 131.2875
1570.0499 12.0 130.8375
1570.0499 12.0 130.8375
1556.5499 12.0 129.7125
1576.7999 12.0 131.4
1572.75 12.0 131.0625
1576.7999 12.0 131.4
1580.8501 12.0 131.7375
1567.3501 12.0 130.6125
1576.7999 12.0 131.4
1560.6001 12.0 130.05
1574.1001 12.0 131.175
1691.55 13.0 130.11923
1709.1001 13.0 131.46924
1690.2 13.0 130.01538
1701.0001 13.0 130.84616
1706.3999 13.0 131.26154
1699.65 13.0 130.74231
1682.1 13.0 129.3923
1694.25 13.0 130.32692
1703.7001 13.0 131.05385
1699.65 13.0 130.74231
1687.5 13.0 129.8077
1688.8501 13.0 129.91154
1699.65 13.0 130.74231
1686.1499 13.0 129.70384
1703.7001 13.0 131.05385
1687.5 13.0 129.8077
1701.0001 13.0 130.84616
1692.9001 13.0 130.22308
1682.1 13.0 129.3923
1679.4 13.0 129.18462
1710.45 13.0 131.57307
1701.0001 13.0 130.84616
1688.8501 13.0 129.91154
1696.9501 13.0 130.53462
1699.65 13.0 130.74231
1692.9001 13.0 130.22308
1695.6 13.0 130.43077
1707.75 13.0 131.36539
1692.9001 13.0 130.22308
1682.1 13.0 129.3923
1703.7001 13.0 131.05385
1699.65 13.0 130.74231
1688.8501 13.0 129.91154
1699.65 13.0 130.74231
1714.5 13.0 131.88461
1686.1499 13.0 129.70384
1686.1499 13.0 129.70384
1691.55 13.0 130.11923
1698.2999 13.0 130.63846
1692.9001 13.0 130.22308
1667.25 13.0 128.25
1813.05 14.0 129.50357
1802.25 14.0 128.73215
1799.55 14.0 128.53929
1760.4 14.0 125.74286
1753.6499 14.0 125.26071
1737.45 14.0 124.10357
1802.25 14.0 128.73215
1795.5 14.0 128.25
1814.4001 14.0 129.6
1826.5499 14.0 130.46785
1775.25 14.0 126.80357
1791.4501 14.0 127.96072
1784.7 14.0 127.47857
1767.15 14.0 126.225
1810.35 14.0 129.31071
1779.3 14.0 127.09286
1776.6 14.0 126.9
1791.4501 14.0 127.96072
1804.9501 14.0 128.925
1817.1001 14.0 129.79286
1802.25 14.0 128.73215
1779.3 14.0 127.09286
1786.0499 14.0 127.575
1791.4501 14.0 127.96072
1818.45 14.0 129.88928
1792.8 14.0 128.05714
1815.75 14.0 129.69643
1814.4001 14.0 129.6
1780.65 14.0 127.189285
1765.8 14.0 126.12857
1777.95 14.0 126.99643
1795.5 14.0 128.25
1788.75 14.0 127.76786
1768.5 14.0 126.32143
1806.2999 14.0 129.02142
1815.75 14.0 129.69643
1808.9999 14.0 129.21428
1799.55 14.0 128.53929
1795.5 14.0 128.25
1836.0 14.0 131.14285
1799.55 14.0 128.53929
1809.0001 15.000001 120.6
1814.4001 15.000001 120.96
1798.2001 15.000001 119.88
1804.9502 15.000001 120.33
1817.1001 15.000001 121.14
1790.1001 15.000001 119.34
1848.1501 15.000001 123.21
1842.7501 15.000001 122.85
1798.2001 15.000001 119.88
1844.1001 15.000001 122.94
1821.1501 15.000001 121.41
1794.1501 15.000001 119.61
1784.7002 15.000001 118.98
1777.9501 15.000001 118.53
1775.2501 15.000001 118.35
1840.05 15.000001 122.67
1779.3002 15.000001 118.62
1792.8 15.000001 119.52
1815.7501 15.000001 121.05
1831.9501 15.000001 122.13
1817.1001 15.000001 121.14
1745.5502 15.000001 116.37
1701.0001 15.000001 113.4
1810.3501 15.000001 120.69
1810.3501 15.000001 120.69
1804.9502 15.000001 120.33
1809.0001 15.000001 120.6
1838.7002 15.000001 122.58
1795.5001 15.000001 119.7
1803.6001 15.000001 120.24
1809.0001 15.000001 120.6
1804.9502 15.000001 120.33
1840.05 15.000001 122.67
1734.7501 15.000001 115.65
1806.3 15.000001 120.42
1852.2002 15.000001 123.48
1827.9001 15.000001 121.86
1819.8002 15.000001 121.32
1846.8002 15.000001 123.12
1798.2001 15.000001 119.88
1764.4501 15.000001 117.63
1798.2 16.0 112.3875
1803.6 16.0 112.725
1784.7 16.0 111.54375
1802.25 16.0 112.640625
1799.55 16.0 112.47188
1769.85 16.0 110.61562
1791.45 16.0 111.96562
1815.75 16.0 113.484375
1836.0 16.0 114.75
1717.2 16.0 107.325
1779.3 16.0 111.20625
1713.15 16.0 107.07188
1764.45 16.0 110.27812
1811.7 16.0 113.23125
1773.9 16.0 110.86875
1796.85 16.0 112.30312
1800.9 16.0 112.55625
1825.2 16.0 114.075
1765.8 16.0 110.3625
1836.0 16.0 114.75
1799.55 16.0 112.47188
1753.65 16.0 109.60313
1775.25 16.0 110.953125
1849.5 16.0 115.59375
1853.55 16.0 115.84688
1853.55 16.0 115.84688
1763.1 16.0 110.19375
1756.35 16.0 109.77187
1753.65 16.0 109.60313
1806.3 16.0 112.89375
1760.4 16.0 110.025
1807.65 16.0 112.97813
1718.55 16.0 107.40938
1771.2 16.0 110.7
1834.65 16.0 114.66563
1830.6 16.0 114.4125
1842.75 16.0 115.171875
1834.65 16.0 114.66563
1800.9 16.0 112.55625
1769.85 16.0 110.61562
1809.0 16.0 113.0625
1834.6499 17.0 107.920586
1811.7 17.0 106.57059
1768.5 17.0 104.02941
1833.3 17.0 107.84118
1795.5 17.0 105.617645
1819.8 17.0 107.04706
1821.15 17.0 107.12647
1795.5 17.0 105.617645
1822.5 17.0 107.20588
1844.1 17.0 108.47647
1791.45 17.0 105.37941
1703.7 17.0 100.21764
1783.35 17.0 104.90294
1722.6001 17.0 101.329414
1742.8501 17.0 102.52059
1814.3999 17.0 106.72941
1764.45 17.0 103.791176
1761.75 17.0 103.632355
1795.5 17.0 105.617645
1804.9501 17.0 106.17353
1773.9 17.0 104.34706
1760.4 17.0 103.55294
1806.3 17.0 106.252945
1815.75 17.0 106.80882
1728.0 17.0 101.64706
1829.25 17.0 107.60294
1811.7 17.0 106.57059
1740.15 17.0 102.36176
1756.35 17.0 103.314705
1776.6 17.0 104.50588
1804.9501 17.0 106.17353
1791.45 17.0 105.37941
1752.2999 17.0 103.07647
1773.9 17.0 104.34706
1826.5499 17.0 107.444115
1849.5 17.0 108.79412
1807.65 17.0 106.33235
1750.95 17.0 102.997055
1777.9501 17.0 104.5853
1779.2999 17.0 104.6647
1777.9501 17.0 104.5853
1836.0 18.0 102.0
1719.9 18.0 95.55
1717.2001 18.0 95.4
1717.2001 18.0 95.4
1794.15 18.0 99.675
1786.0499 18.0 99.225
1768.5 18.0 98.25
1756.35 18.0 97.575
1761.75 18.0 97.875
1733.4 18.0 96.3
1737.4501 18.0 96.525
1786.0499 18.0 99.225
1765.7999 18.0 98.1
1771.2001 18.0 98.4
1760.4 18.0 97.8
1748.25 18.0 97.125
1773.9 18.0 98.55
1772.5499 18.0 98.475
1748.25 18.0 97.125
1722.6 18.0 95.7
1790.1 18.0 99.45
1795.5 18.0 99.75
1782.0 18.0 99.0
1764.4501 18.0 98.025
1817.1 18.0 100.95
1786.0499 18.0 99.225
1726.65 18.0 95.925
1773.9 18.0 98.55
1817.1 18.0 100.95
1769.85 18.0 98.325
1790.1 18.0 99.45
1800.9 18.0 100.05
1730.7001 18.0 96.15
1753.65 18.0 97.425
1746.9 18.0 97.05
1769.85 18.0 98.325
1736.1 18.0 96.45
1780.65 18.0 98.925
1746.9 18.0 97.05
1759.0499 18.0 97.725
1675.35 18.0 93.075
1732.05 19.0 91.16053
1753.65 19.0 92.29737
1771.2001 19.0 93.221054
1795.5 19.0 94.5
1723.95 19.0 90.73421
1745.55 19.0 91.871056
1798.2 19.0 94.642105
1752.3 19.0 92.22632
1725.2999 19.0 90.80526
1817.1 19.0 95.63684
1769.85 19.0 93.15
1717.2 19.0 90.378944
1809.0 19.0 95.210526
1706.3999 19.0 89.810524
1699.6499 19.0 89.45526
1772.55 19.0 93.29211
1788.75 19.0 94.14474
1705.0499 19.0 89.73947
1755.0 19.0 92.36842
1760.4 19.0 92.65263
1727.9999 19.0 90.947365
1730.7 19.0 91.08947
1734.7501 19.0 91.302635
1717.2 19.0 90.378944
1773.9 19.0 93.36316
1738.8 19.0 91.51579
1767.15 19.0 93.0079
1749.6001 19.0 92.08421
1792.8 19.0 94.357895
1748.25 19.0 92.01316
1734.7501 19.0 91.302635
1730.7 19.0 91.08947
1732.05 19.0 91.16053
1714.5 19.0 90.23684
1771.2001 19.0 93.221054
1769.85 19.0 93.15
1713.1499 19.0 90.16579
1740.15 19.0 91.586845
1772.55 19.0 93.29211
1756.3501 19.0 92.439476
1767.15 19.0 93.0079
1798.2001 20.0 89.91
1691.55 20.0 84.5775
1780.65 20.0 89.0325
1717.2 20.0 85.86
1742.8501 20.0 87.1425
1701.0 20.0 85.05
1736.1 20.0 86.805
1765.8 20.0 88.29
1752.2999 20.0 87.615
1734.75 20.0 86.7375
1717.2 20.0 85.86
1722.6 20.0 86.13
1780.65 20.0 89.0325
1725.3 20.0 86.265
1757.7001 20.0 87.885
1773.9 20.0 88.695
1721.25 20.0 86.0625
1702.35 20.0 85.1175
1756.35 20.0 87.8175
1753.65 20.0 87.6825
1705.05 20.0 85.2525
1768.5 20.0 88.425
1746.9 20.0 87.345
1706.4 20.0 85.32
1729.35 20.0 86.4675
1680.75 20.0 84.0375
1738.8 20.0 86.94
1775.25 20.0 88.7625
1713.15 20.0 85.6575
1715.8501 20.0 85.7925
1736.1 20.0 86.805
1629.4501 20.0 81.4725
1760.3999 20.0 88.02
1756.35 20.0 87.8175
1701.0 20.0 85.05
1696.9501 20.0 84.8475
1756.35 20.0 87.8175
1769.85 20.0 88.4925
1728.0 20.0 86.4
1742.8501 20.0 87.1425
1734.75 20.0 86.7375
1742.8501 21.0 82.99286
1656.45 21.0 78.87857
1761.7501 21.0 83.89286
1738.8 21.0 82.8
1772.55 21.0 84.40714
1725.3 21.0 82.15714
1730.7 21.0 82.41428
1714.5001 21.0 81.64286
1676.7 21.0 79.84286
1674.0 21.0 79.71429
1744.2001 21.0 83.057144
1755.0 21.0 83.57143
1728.0 21.0 82.28571
1752.2999 21.0 83.442856
1745.55 21.0 83.12143
1638.8999 21.0 78.042854
1641.6 21.0 78.171425
1641.6 21.0 78.171425
1701.0 21.0 81.0
1678.05 21.0 79.90714
1781.9999 21.0 84.85714
1728.0 21.0 82.28571
1664.5499 21.0 79.26428
1749.6 21.0 83.314285
1714.5001 21.0 81.64286
1760.4 21.0 83.828575
1730.7 21.0 82.41428
1695.6001 21.0 80.74286
1694.25 21.0 80.67857
1663.2 21.0 79.2
1725.3 21.0 82.15714
1707.75 21.0 81.32143
1678.05 21.0 79.90714
1728.0 21.0 82.28571
1703.7 21.0 81.12857
1718.55 21.0 81.83572
1679.4 21.0 79.97143
1696.9501 21.0 80.807144
1741.5 21.0 82.92857
1725.3 21.0 82.15714
1755.0 21.0 83.57143
1707.75 22.0 77.625
1683.45 22.0 76.520454
1690.2 22.0 76.82727
1679.4 22.0 76.336365
1730.7 22.0 78.66818
1744.2 22.0 79.281815
1713.1499 22.0 77.87045
1734.75 22.0 78.85227
1669.95 22.0 75.906815
1678.05 22.0 76.275
1694.2499 22.0 77.01136
1665.8999 22.0 75.722725
1669.95 22.0 75.906815
1669.95 22.0 75.906815
1659.15 22.0 75.41591
1680.75 22.0 76.39773
1671.3 22.0 75.968185
1710.45 22.0 77.74773
1688.85 22.0 76.76591
1736.1 22.0 78.913635
1753.65 22.0 79.711365
1671.3 22.0 75.968185
1759.05 22.0 79.95682
1719.8999 22.0 78.17727
1726.65 22.0 78.48409
1711.7999 22.0 77.80909
1711.7999 22.0 77.80909
1688.85 22.0 76.76591
1634.85 22.0 74.31136
1709.1 22.0 77.68636
1706.4 22.0 77.56364
1628.1001 22.0 74.00455
1719.8999 22.0 78.17727
1675.3501 22.0 76.152275
1703.7001 22.0 77.44091
1715.85 22.0 77.99318
1690.2 22.0 76.82727
1719.8999 22.0 78.17727
1755.0 22.0 79.77273
1679.4 22.0 76.336365
1713.1499 22.0 77.87045
1694.2499 23.0 73.66304
1632.15 23.0 70.96304
1682.1 23.0 73.13478
1745.55 23.0 75.89348
1690.2 23.0 73.48695
1607.8501 23.0 69.906525
1668.6001 23.0 72.54783
1703.7 23.0 74.07391
1676.7001 23.0 72.9
1688.85 23.0 73.42826
1638.9 23.0 71.25652
1668.6001 23.0 72.54783
1717.2 23.0 74.660866
1682.1 23.0 73.13478
1698.3 23.0 73.839134
1701.0 23.0 73.95652
1609.2 23.0 69.96522
1679.4001 23.0 73.017395
1699.65 23.0 73.89783
1676.7001 23.0 72.9
1671.2999 23.0 72.665215
1691.55 23.0 73.545654
1692.9 23.0 73.60435
1661.85 23.0 72.25435
1652.3999 23.0 71.843475
1610.5499 23.0 70.02391
1687.5 23.0 73.36957
1725.3 23.0 75.01305
1699.65 23.0 73.89783
1611.9 23.0 70.08261
1669.95 23.0 72.60652
1669.95 23.0 72.60652
1676.7001 23.0 72.9
1625.3999 23.0 70.66956
1633.4999 23.0 71.021736
1710.4501 23.0 74.36739
1652.3999 23.0 71.843475
1723.95 23.0 74.954346
1675.35 23.0 72.8413
1686.1499 23.0 73.31087
1638.9 23.0 71.25652
1655.1001 24.0 68.9625
1663.2001 24.0 69.3
1668.6001 24.0 69.525
1663.2001 24.0 69.3
1701.0 24.0 70.875
1647.0 24.0 68.625
1649.7001 24.0 68.7375
1633.5 24.0 68.0625
1667.25 24.0 69.46875
1687.5 24.0 70.3125
1696.9501 24.0 70.70625
1655.1001 24.0 68.9625
1665.8999 24.0 69.4125
1696.9501 24.0 70.70625
1669.9501 24.0 69.58125
1629.4501 24.0 67.89375
1687.5 24.0 70.3125
1669.9501 24.0 69.58125
1607.8501 24.0 66.99375
1647.0 24.0 68.625
1698.2999 24.0 70.7625
1657.7999 24.0 69.075
1709.1001 24.0 71.2125
1636.2001 24.0 68.175
1699.6499 24.0 70.81875
1665.8999 24.0 69.4125
1645.6499 24.0 68.56875
1692.8999 24.0 70.5375
1702.3501 24.0 70.93125
1653.75 24.0 68.90625
1655.1001 24.0 68.9625
1669.9501 24.0 69.58125
1667.25 24.0 69.46875
1675.3501 24.0 69.80625
1628.1001 24.0 67.8375
1725.2999 24.0 71.8875
1713.1499 24.0 71.38125
1725.2999 24.0 71.8875
1628.1001 24.0 67.8375
1694.25 24.0 70.59375
1672.6499 24.0 69.69375
1672.6499 25.0 66.906
1628.1 25.0 65.124
1629.4501 25.0 65.178
1614.6 25.0 64.584
1606.5 25.0 64.26
1590.3 25.0 63.612
1642.9501 25.0 65.718
1594.35 25.0 63.774
1664.55 25.0 66.582
1674.0 25.0 66.96
1611.8999 25.0 64.476
1606.5 25.0 64.26
1611.8999 25.0 64.476
1660.5 25.0 66.42
1653.75 25.0 66.15
1645.6499 25.0 65.826
1606.5 25.0 64.26
1669.95 25.0 66.798
1644.3 25.0 65.772
1640.25 25.0 65.61
1574.1 25.0 62.964
1661.85 25.0 66.474
1580.85 25.0 63.234
1610.5499 25.0 64.422
1633.4999 25.0 65.34
1694.2499 25.0 67.77
1622.7 25.0 64.908
1614.6 25.0 64.584
1617.3 25.0 64.692
1638.9 25.0 65.556
1648.35 25.0 65.934
1652.4 25.0 66.096
1660.5 25.0 66.42
1638.9 25.0 65.556
1622.7 25.0 64.908
1687.5 25.0 67.5
1599.75 25.0 63.99
1605.15 25.0 64.206
1622.7 25.0 64.908
1605.15 25.0 64.206
1622.7 25.0 64.908
1648.35 26.0 63.398075
1544.4 26.0 59.4
1644.3 26.0 63.24231
1630.7999 26.0 62.723076
1575.45 26.0 60.59423
1648.35 26.0 63.398075
1645.65 26.0 63.29423
1638.9 26.0 63.034615
1640.25 26.0 63.08654
1593.0 26.0 61.26923
1593.0 26.0 61.26923
1632.15 26.0 62.775
1625.4 26.0 62.515385
1568.7 26.0 60.334614
1533.6 26.0 58.984615
1580.85 26.0 60.80192
1636.2001 26.0 62.93077
1613.25 26.0 62.048077
1611.9 26.0 61.996155
1598.4 26.0 61.476925
1594.3501 26.0 61.321156
1665.8999 26.0 64.073074
1674.0 26.0 64.38461
1655.1 26.0 63.657692
1574.1 26.0 60.54231
1657.8 26.0 63.76154
1598.4 26.0 61.476925
1649.7001 26.0 63.45
1572.75 26.0 60.490383
1622.7 26.0 62.411537
1601.1 26.0 61.58077
1647.0 26.0 63.346153
1657.8 26.0 63.76154
1644.3 26.0 63.24231
1611.9 26.0 61.996155
1614.6 26.0 62.1
1590.3 26.0 61.165386
1651.05 26.0 63.501923
1663.2 26.0 63.96923
1663.2 26.0 63.96923
1567.35 26.0 60.282692
1595.7001 27.000002 59.1
1625.4001 27.000002 60.2
1678.0502 27.000002 62.15
1601.1001 27.000002 59.3
1606.5001 27.000002 59.5
1553.8501 27.000002 57.55
1609.2001 27.000002 59.6
1602.4501 27.000002 59.35
1659.1501 27.000002 61.45
1636.2001 27.000002 60.6
1661.8501 27.000002 61.55
1644.3002 27.000002 60.9
1588.9501 27.000002 58.85
1564.6501 27.000002 57.95
1563.3002 27.000002 57.9
1638.9001 27.000002 60.7
1611.9001 27.000002 59.7
1567.3501 27.000002 58.05
1591.6501 27.000002 58.95
1624.0502 27.000002 60.15
1606.5001 27.000002 59.5
1606.5001 27.000002 59.5
1580.8501 27.000002 58.55
1584.9001 27.000002 58.7
1607.8501 27.000002 59.55
1597.0502 27.000002 59.15
1594.3501 27.000002 59.05
1622.7001 27.000002 60.1
1638.9001 27.000002 60.7
1587.6001 27.000002 58.8
1611.9001 27.000002 59.7
1617.3002 27.000002 59.9
1611.9001 27.000002 59.7
1597.0502 27.000002 59.15
1572.7501 27.000002 58.25
1566.0001 27.000002 58.0
1583.5502 27.000002 58.65
1632.1501 27.000002 60.45
1566.0001 27.000002 58.0
1620.0001 27.000002 60.0
1579.5001 27.000002 58.5
1595.7 28.0 56.989285
1597.0499 28.0 57.0375
1597.0499 28.0 57.0375
1563.2999 28.0 55.83214
1575.45 28.0 56.26607
1597.0499 28.0 57.0375
1545.75 28.0 55.205357
1580.85 28.0 56.458927
1556.55 28.0 55.591072
1605.15 28.0 57.326786
1525.5 28.0 54.482143
1567.3501 28.0 55.976788
1555.2001 28.0 55.54286
1568.7001 28.0 56.025
1603.8 28.0 57.278572
1587.6 28.0 56.7
1561.95 28.0 55.783928
1557.9 28.0 55.639286
1610.5499 28.0 57.51964
1568.7001 28.0 56.025
1505.25 28.0 53.75893
1584.9 28.0 56.603573
1593.0 28.0 56.892857
1576.8 28.0 56.314285
1537.65 28.0 54.916073
1598.3999 28.0 57.085712
1613.25 28.0 57.61607
1568.7001 28.0 56.025
1583.55 28.0 56.55536
1549.7999 28.0 55.35
1625.4 28.0 58.05
1464.75 28.0 52.3125
1611.8999 28.0 57.567856
1567.3501 28.0 55.976788
1575.45 28.0 56.26607
1574.1 28.0 56.217857
1525.5 28.0 54.482143
1578.15 28.0 56.3625
1580.85 28.0 56.458927
1626.75 28.0 58.098213
1551.1499 28.0 55.398212
1551.15 29.0 53.48793
1561.95 29.0 53.860344
1549.8 29.0 53.44138
1507.95 29.0 51.998276
1583.5499 29.0 54.60517
1559.25 29.0 53.767242
1534.95 29.0 52.92931
1591.65 29.0 54.884483
1529.55 29.0 52.743103
1512.0 29.0 52.13793
1576.8 29.0 54.372414
1551.15 29.0 53.48793
1503.9 29.0 51.85862
1530.8999 29.0 52.789654
1588.95 29.0 54.791378
1555.2 29.0 53.627586
1503.9 29.0 51.85862
1572.75 29.0 54.232758
1514.7 29.0 52.231033
1518.75 29.0 52.37069
1624.05 29.0 56.001724
1583.5499 29.0 54.60517
1563.2999 29.0 53.906895
1540.35 29.0 53.115517
1582.2 29.0 54.55862
1545.75 29.0 53.301723
1526.8501 29.0 52.65
1533.6 29.0 52.88276
1584.9 29.0 54.651726
1561.95 29.0 53.860344
1571.4 29.0 54.186207
1541.7 29.0 53.162067
1555.2 29.0 53.627586
1524.15 29.0 52.556896
1540.35 29.0 53.115517
1564.65 29.0 53.95345
1552.5 29.0 53.53448
1537.65 29.0 53.022415
1563.2999 29.0 53.906895
1506.6 29.0 51.951725
1560.6 29.0 53.813793
1590.3 30.000002 53.01
1553.8501 30.000002 51.795
1582.2002 30.000002 52.74
1498.5001 30.000002 49.95
1485.0001 30.000002 49.5
1590.3 30.000002 53.01
1539.0001 30.000002 51.3
1549.8 30.000002 51.66
1539.0001 30.000002 51.3
1490.4001 30.000002 49.68
1517.4001 30.000002 50.58
1520.1001 30.000002 50.67
1564.65 30.000002 52.155
1474.2001 30.000002 49.14
1598.4 30.000002 53.28
1506.6001 30.000002 50.22
1483.6501 30.000002 49.455
1518.7501 30.000002 50.625
1524.1501 30.000002 50.805
1559.25 30.000002 51.975
1547.1001 30.000002 51.57
1530.9 30.000002 51.03
1551.1501 30.000002 51.705
1560.6001 30.000002 52.02
1534.9501 30.000002 51.165
1580.8501 30.000002 52.695
1583.55 30.000002 52.785
1568.7001 30.000002 52.29
1555.2001 30.000002 51.84
1520.1001 30.000002 50.67
1552.5001 30.000002 51.75
1539.0001 30.000002 51.3
1540.3501 30.000002 51.345
1574.1001 30.000002 52.47
1506.6001 30.000002 50.22
1547.1001 30.000002 51.57
1541.7001 30.000002 51.39
1541.7001 30.000002 51.39
1514.7002 30.000002 50.49
1603.8 30.000002 53.46
1613.2501 30.000002 53.775
1560.6 31.0 50.341934
1510.65 31.0 48.730644
1483.65 31.0 47.859676
1512.0 31.0 48.774193
1525.5 31.0 49.20968
1553.8501 31.0 50.124195
1493.1 31.0 48.164516
1471.5 31.0 47.467743
1509.2999 31.0 48.687096
1530.8999 31.0 49.38387
1501.2001 31.0 48.425808
1529.55 31.0 49.340324
1462.05 31.0 47.162903
1524.15 31.0 49.16613
1510.65 31.0 48.730644
1490.4 31.0 48.07742
1476.9 31.0 47.641937
1513.35 31.0 48.81774
1539.0 31.0 49.64516
1529.55 31.0 49.340324
1622.7 31.0 52.34516
1485.0 31.0 47.903225
1494.4501 31.0 48.208065
1541.7 31.0 49.732258
1499.8501 31.0 48.38226
1486.35 31.0 47.946774
1472.8501 31.0 47.51129
1498.5 31.0 48.33871
1483.65 31.0 47.859676
1491.75 31.0 48.120968
1493.1 31.0 48.164516
1555.2001 31.0 50.167744
1460.7 31.0 47.119354
1499.8501 31.0 48.38226
1537.65 31.0 49.601612
1505.25 31.0 48.55645
1526.8501 31.0 49.253227
1494.4501 31.0 48.208065
1513.35 31.0 48.81774
1509.2999 31.0 48.687096
1532.25 31.0 49.427418
1516.05 32.0 47.376564
1487.7 32.0 46.490623
1468.8 32.0 45.9
1462.05 32.0 45.689064
1525.5 32.0 47.671875
1495.8 32.0 46.74375
1502.55 32.0 46.95469
1472.85 32.0 46.02656
1448.55 32.0 45.26719
1528.2 32.0 47.75625
1467.45 32.0 45.85781
1459.35 32.0 45.604687
1472.85 32.0 46.02656
1501.2 32.0 46.9125
1540.35 32.0 48.135937
1478.25 32.0 46.195312
1528.2 32.0 47.75625
1532.25 32.0 47.882812
1497.15 32.0 46.78594
1513.35 32.0 47.292187
1505.25 32.0 47.039062
1471.5 32.0 45.984375
1460.7 32.0 45.646873
1499.85 32.0 46.87031
1480.95 32.0 46.279686
1483.65 32.0 46.364063
1505.25 32.0 47.039062
1518.75 32.0 47.460938
1482.3 32.0 46.321877
1520.1 32.0 47.503124
1524.15 32.0 47.62969
1512.0 32.0 47.25
1513.35 32.0 47.292187
1534.95 32.0 47.967186
1549.8 32.0 48.43125
1556.55 32.0 48.64219
1460.7 32.0 45.646873
1495.8 32.0 46.74375
1495.8 32.0 46.74375
1544.4 32.0 48.2625
1432.35 32.0 44.760937
1494.4501 33.0 45.286366
1468.7999 33.0 44.50909
1485.0 33.0 45.0
1468.7999 33.0 44.50909
1517.4 33.0 45.98182
1441.8 33.0 43.69091
1543.0499 33.0 46.75909
1486.35 33.0 45.04091
1420.2001 33.0 43.036366
1475.5499 33.0 44.713634
1495.8 33.0 45.327274
1464.75 33.0 44.386364
1536.3 33.0 46.554546
1509.2999 33.0 45.736362
1468.7999 33.0 44.50909
1417.5 33.0 42.954544
1486.35 33.0 45.04091
1495.8 33.0 45.327274
1551.15 33.0 47.004547
1494.4501 33.0 45.286366
1503.9 33.0 45.572727
1474.2 33.0 44.672726
1471.5 33.0 44.590908
1458.0 33.0 44.18182
1470.15 33.0 44.55
1479.6001 33.0 44.836365
1498.5 33.0 45.409092
1440.4501 33.0 43.65
1503.9 33.0 45.572727
1455.2999 33.0 44.1
1475.5499 33.0 44.713634
1491.75 33.0 45.204544
1487.7 33.0 45.081818
1524.15 33.0 46.186363
1458.0 33.0 44.18182
1472.85 33.0 44.631817
1417.5 33.0 42.954544
1486.35 33.0 45.04091
1524.15 33.0 46.186363
1486.35 33.0 45.04091
1476.9 33.0 44.754547
1453.9501 34.0 42.763237
1460.7001 34.0 42.961765
1445.8501 34.0 42.525
1431.0 34.0 42.088234
1431.0 34.0 42.088234
1480.9501 34.0 43.557354
1443.1499 34.0 42.445587
1440.45 34.0 42.366177
1501.2001 34.0 44.152943
1467.45 34.0 43.160294
1462.05 34.0 43.001472
1502.5499 34.0 44.192646
1464.75 34.0 43.080883
1487.7 34.0 43.755882
1498.5 34.0 44.07353
1458.0 34.0 42.882355
1426.95 34.0 41.969116
1448.55 34.0 42.604412
1514.7 34.0 44.55
1482.2999 34.0 43.597057
1483.65 34.0 43.636765
1463.4 34.0 43.041176
1480.9501 34.0 43.557354
1448.55 34.0 42.604412
1483.65 34.0 43.636765
1478.25 34.0 43.47794
1512.0 34.0 44.47059
1472.85 34.0 43.31912
1431.0 34.0 42.088234
1487.7 34.0 43.755882
1491.75 34.0 43.875
1458.0 34.0 42.882355
1459.35 34.0 42.92206
1487.7 34.0 43.755882
1468.8 34.0 43.2
1435.0499 34.0 42.20735
1462.05 34.0 43.001472
1455.2999 34.0 42.80294
1452.6 34.0 42.72353
1417.5 34.0 41.691177
1474.2 34.0 43.35882
1462.05 35.0 41.772858
1390.5 35.0 39.728573
1474.2 35.0 42.12
1487.7 35.0 42.505714
1474.2 35.0 42.12
1464.75 35.0 41.85
1418.85 35.0 40.53857
1437.75 35.0 41.07857
1478.25 35.0 42.235714
1448.5499 35.0 41.387142
1444.5 35.0 41.271427
1444.5 35.0 41.271427
1460.7001 35.0 41.734287
1440.4501 35.0 41.155716
1499.85 35.0 42.852856
1482.3 35.0 42.35143
1433.7 35.0 40.962856
1478.25 35.0 42.235714
1420.2001 35.0 40.577145
1443.15 35.0 41.232857
1443.15 35.0 41.232857
1466.1001 35.0 41.888573
1475.55 35.0 42.158573
1459.35 35.0 41.695713
1412.1 35.0 40.345715
1441.8 35.0 41.194286
1426.9501 35.0 40.77
1437.75 35.0 41.07857
1490.4 35.0 42.58286
1490.4 35.0 42.58286
1468.7999 35.0 41.965714
1464.75 35.0 41.85
1433.7 35.0 40.962856
1398.6 35.0 39.96
1459.35 35.0 41.695713
1433.7 35.0 40.962856
1409.3999 35.0 40.26857
1402.65 35.0 40.075714
1452.6 35.0 41.502857
1416.15 35.0 40.46143
1449.8999 35.0 41.425713
1386.4501 36.0 38.5125
1459.35 36.0 40.5375
1471.5 36.0 40.875
1441.7999 36.0 40.05
1439.1 36.0 39.975
1386.4501 36.0 38.5125
1425.6 36.0 39.6
1425.6 36.0 39.6
1445.85 36.0 40.1625
1426.9501 36.0 39.6375
1387.7999 36.0 38.55
1426.9501 36.0 39.6375
1462.0499 36.0 40.6125
1445.85 36.0 40.1625
1336.5 36.0 37.125
1418.85 36.0 39.4125
1417.5 36.0 39.375
1436.4 36.0 39.9
1417.5 36.0 39.375
1416.15 36.0 39.3375
1453.9501 36.0 40.3875
1456.65 36.0 40.4625
1437.75 36.0 39.9375
1408.0499 36.0 39.1125
1406.7001 36.0 39.075
1436.4 36.0 39.9
1435.0499 36.0 39.8625
1413.4501 36.0 39.2625
1425.6 36.0 39.6
1410.75 36.0 39.1875
1406.7001 36.0 39.075
1354.0499 36.0 37.6125
1428.2999 36.0 39.675
1445.85 36.0 40.1625
1372.9501 36.0 38.1375
1443.15 36.0 40.0875
1428.2999 36.0 39.675
1428.2999 36.0 39.675
1395.9 36.0 38.775
1414.7999 36.0 39.3
1441.7999 36.0 40.05
1401.3 37.0 37.872974
1453.95 37.0 39.295944
1389.15 37.0 37.544594
1386.4501 37.0 37.471622
1393.2 37.0 37.654053
1391.8501 37.0 37.61757
1440.45 37.0 38.93108
1420.2001 37.0 38.383785
1393.2 37.0 37.654053
1429.65 37.0 38.63919
1386.4501 37.0 37.471622
1385.1 37.0 37.435135
1378.35 37.0 37.2527
1397.2499 37.0 37.76351
1428.3 37.0 38.602703
1413.45 37.0 38.20135
1397.2499 37.0 37.76351
1359.4501 37.0 36.741894
1399.95 37.0 37.836487
1410.75 37.0 38.12838
1364.85 37.0 36.887836
1379.7 37.0 37.28919
1379.7 37.0 37.28919
1425.6 37.0 38.529728
1343.25 37.0 36.304054
1410.75 37.0 38.12838
1425.6 37.0 38.529728
1362.15 37.0 36.814865
1429.65 37.0 38.63919
1412.1 37.0 38.164864
1412.1 37.0 38.164864
1405.35 37.0 37.982433
1366.2 37.0 36.924324
1377.0 37.0 37.216217
1410.75 37.0 38.12838
1372.9501 37.0 37.10676
1424.25 37.0 38.493244
1422.9 37.0 38.456757
1394.55 37.0 37.69054
1414.8 37.0 38.23784
1421.5499 37.0 38.42027
1413.45 38.0 37.196053
1371.6001 38.0 36.094738
1413.45 38.0 37.196053
1398.6 38.0 36.805264
1356.75 38.0 35.70395
1368.9 38.0 36.023685
1395.9 38.0 36.73421
1397.25 38.0 36.769737
1323.0 38.0 34.81579
1385.1 38.0 36.45
1375.65 38.0 36.201317
1391.85 38.0 36.627632
1393.2001 38.0 36.66316
1420.2 38.0 37.373684
1393.2001 38.0 36.66316
1341.8999 38.0 35.313156
1358.1001 38.0 35.739475
1391.85 38.0 36.627632
1362.15 38.0 35.846054
1398.6 38.0 36.805264
1324.35 38.0 34.851315
1394.55 38.0 36.698685
1336.5 38.0 35.17105
1409.4 38.0 37.089474
1375.65 38.0 36.201317
1336.5 38.0 35.17105
1356.75 38.0 35.70395
1354.05 38.0 35.632896
1341.8999 38.0 35.313156
1383.75 38.0 36.414474
1368.9 38.0 36.023685
1404.0 38.0 36.94737
1368.9 38.0 36.023685
1386.4501 38.0 36.485527
1368.9 38.0 36.023685
1404.0 38.0 36.94737
1383.75 38.0 36.414474
1402.65 38.0 36.911842
1333.7999 38.0 35.1
1354.05 38.0 35.632896
1366.2001 38.0 35.952633
1408.5057 39.0 36.115532
1340.9191 39.0 34.38254
1400.3954 39.0 35.907574
1326.0502 39.0 34.001286
1327.4017 39.0 34.035942
1411.2092 39.0 36.184853
1362.5469 39.0 34.9371
1328.7535 39.0 34.070602
1346.3259 39.0 34.52118
1386.8779 39.0 35.560974
1411.2092 39.0 36.184853
1354.4365 39.0 34.72914
1349.0295 39.0 34.5905
1401.7471 39.0 35.942234
1362.5469 39.0 34.9371
1339.5674 39.0 34.34788
1396.3401 39.0 35.803593
1366.602 39.0 35.041077
1349.0295 39.0 34.5905
1353.0847 39.0 34.69448
1353.0847 39.0 34.69448
1357.1399 39.0 34.79846
1327.4017 39.0 34.035942
1326.0502 39.0 34.001286
1355.7882 39.0 34.7638
1370.6572 39.0 35.145058
1361.1951 39.0 34.90244
1305.7742 39.0 33.481388
1361.1951 39.0 34.90244
1374.7125 39.0 35.24904
1381.4711 39.0 35.422337
1365.2504 39.0 35.00642
1366.602 39.0 35.041077
1357.1399 39.0 34.79846
1363.8987 39.0 34.97176
1366.602 39.0 35.041077
1373.3607 39.0 35.21438
1372.009 39.0 35.179718
1307.1257 39.0 33.516045
1338.2156 39.0 34.31322
1400.3954 39.0 35.907574
1331.1 40.0 33.2775
1347.2999 40.0 33.6825
1308.15 40.0 32.70375
1362.1499 40.0 34.05375
1343.25 40.0 33.58125
1356.75 40.0 33.91875
1336.5 40.0 33.4125
1344.6001 40.0 33.615
1345.95 40.0 33.64875
1323.0 40.0 33.075
1341.9 40.0 33.5475
1333.8 40.0 33.345
1343.25 40.0 33.58125
1364.85 40.0 34.12125
1347.2999 40.0 33.6825
1379.7 40.0 34.4925
1329.75 40.0 33.24375
1344.6001 40.0 33.615
1355.3999 40.0 33.885
1320.3 40.0 33.0075
1329.75 40.0 33.24375
1344.6001 40.0 33.615
1367.55 40.0 34.18875
1328.3999 40.0 33.21
1297.35 40.0 32.43375
1348.65 40.0 33.71625
1335.15 40.0 33.37875
1364.85 40.0 34.12125
1375.65 40.0 34.39125
1371.6001 40.0 34.29
1329.75 40.0 33.24375
1355.3999 40.0 33.885
1367.55 40.0 34.18875
1328.3999 40.0 33.21
1352.7001 40.0 33.8175
1368.9 40.0 34.2225
1363.5 40.0 34.0875
1341.9 40.0 33.5475
1335.15 40.0 33.37875
1286.55 40.0 32.16375
1360.8 40.0 34.02
1340.55 41.0 32.696342
1306.8 41.0 31.87317
1333.8 41.0 32.531708
1304.1 41.0 31.807318
1343.25 41.0 32.762196
1314.9 41.0 32.070732
1332.45 41.0 32.49878
1368.9 41.0 33.387806
1320.2999 41.0 32.20244
1283.8501 41.0 31.313416
1343.25 41.0 32.762196
1360.7999 41.0 33.190243
1305.4501 41.0 31.840244
1298.7 41.0 31.67561
1287.9 41.0 31.412195
1283.8501 41.0 31.313416
1310.85 41.0 31.97195
1336.5 41.0 32.59756
1390.5 41.0 33.914635
1332.45 41.0 32.49878
1316.2499 41.0 32.103657
1348.65 41.0 32.8939
1337.8501 41.0 32.63049
1320.2999 41.0 32.20244
1296.0 41.0 31.609756
1323.0 41.0 32.26829
1297.35 41.0 31.642683
1320.2999 41.0 32.20244
1309.5 41.0 31.939024
1356.7501 41.0 33.091465
1289.25 41.0 31.445122
1316.2499 41.0 32.103657
1290.6 41.0 31.478048
1304.1 41.0 31.807318
1310.85 41.0 31.97195
1347.3 41.0 32.860977
1337.8501 41.0 32.63049
1289.25 41.0 31.445122
1293.3 41.0 31.543903
1310.85 41.0 31.97195
1298.7 41.0 31.67561
1282.5 42.0 30.535715
1305.4501 42.0 31.082144
1306.8 42.0 31.114286
1285.2001 42.0 30.6
1301.4 42.0 30.985714
1274.4 42.0 30.342857
1316.25 42.0 31.339285
1282.5 42.0 30.535715
1324.35 42.0 31.532143
1310.85 42.0 31.210714
1298.7 42.0 30.921429
1306.8 42.0 31.114286
1298.7 42.0 30.921429
1372.95 42.0 32.689285
1289.25 42.0 30.696428
1297.35 42.0 30.889286
1341.9 42.0 31.95
1327.0499 42.0 31.596428
1314.9 42.0 31.307142
1296.0 42.0 30.857143
1296.0 42.0 30.857143
1313.5499 42.0 31.275
1309.5 42.0 31.178572
1296.0 42.0 30.857143
1310.85 42.0 31.210714
1304.1 42.0 31.05
1279.7999 42.0 30.471428
1310.85 42.0 31.210714
1285.2001 42.0 30.6
1325.7 42.0 31.564285
1291.95 42.0 30.760714
1273.05 42.0 30.310715
1331.1 42.0 31.692858
1296.0 42.0 30.857143
1314.9 42.0 31.307142
1275.75 42.0 30.375
1275.75 42.0 30.375
1266.2999 42.0 30.15
1296.0 42.0 30.857143
1290.6 42.0 30.72857
1309.5 42.0 31.178572
1264.9501 43.0 29.417442
1306.8 43.0 30.390697
1302.75 43.0 30.29651
1327.0499 43.0 30.861628
1252.8 43.0 29.134884
1267.65 43.0 29.480232
1306.8 43.0 30.390697
1317.6 43.0 30.641861
1270.35 43.0 29.543024
1293.3 43.0 30.076744
1297.35 43.0 30.17093
1286.55 43.0 29.919767
1309.5 43.0 30.45349
1327.0499 43.0 30.861628
1274.4 43.0 29.637209
1289.25 43.0 29.982557
1291.95 43.0 30.04535
1310.85 43.0 30.484884
1329.75 43.0 30.92442
1278.4501 43.0 29.731396
1291.95 43.0 30.04535
1277.1 43.0 29.7
1281.15 43.0 29.794186
1309.5 43.0 30.45349
1254.15 43.0 29.166279
1289.25 43.0 29.982557
1321.65 43.0 30.736046
1258.2001 43.0 29.260466
1246.05 43.0 28.977907
1298.7 43.0 30.202326
1314.9 43.0 30.57907
1293.3 43.0 30.076744
1254.15 43.0 29.166279
1305.45 43.0 30.359303
1291.95 43.0 30.04535
1235.25 43.0 28.726744
1306.8 43.0 30.390697
1285.2001 43.0 29.888372
1233.9 43.0 28.695349
1290.6 43.0 30.013954
1300.05 43.0 30.23372
1290.6 44.0 29.331818
1243.35 44.0 28.257954
1258.2001 44.0 28.595455
1255.5 44.0 28.53409
1294.65 44.0 29.423864
1236.6 44.0 28.104546
1236.6 44.0 28.104546
1267.6499 44.0 28.810226
1244.7001 44.0 28.288637
1242.0 44.0 28.227272
1260.9 44.0 28.656818
1248.75 44.0 28.380682
1254.15 44.0 28.503408
1220.4 44.0 27.736364
1263.6 44.0 28.718182
1227.15 44.0 27.889772
1239.3 44.0 28.165909
1270.35 44.0 28.871592
1236.6 44.0 28.104546
1251.45 44.0 28.442045
1212.3 44.0 27.552273
1242.0 44.0 28.227272
1256.8501 44.0 28.564774
1243.35 44.0 28.257954
1264.95 44.0 28.748863
1283.85 44.0 29.17841
1243.35 44.0 28.257954
1252.7999 44.0 28.472727
1269.0 44.0 28.84091
1274.4 44.0 28.963636
1267.6499 44.0 28.810226
1287.9 44.0 29.270454
1275.75 44.0 28.994318
1251.45 44.0 28.442045
1279.7999 44.0 29.086363
1239.3 44.0 28.165909
1244.7001 44.0 28.288637
1274.4 44.0 28.963636
1281.15 44.0 29.117046
1247.4 44.0 28.35
1254.15 44.0 28.503408
1227.15 45.0 27.27
1232.5499 45.0 27.39
1237.95 45.0 27.51
1244.7 45.0 27.66
1273.05 45.0 28.29
1229.85 45.0 27.33
1232.5499 45.0 27.39
1239.3 45.0 27.54
1224.45 45.0 27.21
1201.5 45.0 26.7
1219.05 45.0 27.09
1255.5 45.0 27.9
1281.15 45.0 28.47
1254.15 45.0 27.87
1246.05 45.0 27.69
1224.45 45.0 27.21
1246.05 45.0 27.69
1215.0 45.0 27.0
1246.05 45.0 27.69
1213.65 45.0 26.97
1229.85 45.0 27.33
1256.85 45.0 27.93
1179.9 45.0 26.22
1220.4 45.0 27.12
1216.35 45.0 27.03
1258.2 45.0 27.96
1233.9 45.0 27.42
1233.9 45.0 27.42
1233.9 45.0 27.42
1224.45 45.0 27.21
1219.05 45.0 27.09
1260.9 45.0 28.02
1269.0 45.0 28.2
1229.85 45.0 27.33
1215.0 45.0 27.0
1215.0 45.0 27.0
1246.05 45.0 27.69
1227.15 45.0 27.27
1278.45 45.0 28.41
1251.45 45.0 27.81
1217.7 45.0 27.06
1173.15 46.0 25.503262
1197.45 46.0 26.03152
1219.05 46.0 26.501087
1179.9 46.0 25.65
1213.65 46.0 26.383696
1206.8999 46.0 26.236956
1232.55 46.0 26.794565
1206.8999 46.0 26.236956
1210.9501 46.0 26.325
1204.2 46.0 26.17826
1235.25 46.0 26.85326
1216.35 46.0 26.44239
1170.45 46.0 25.444565
1247.4 46.0 27.117392
1192.05 46.0 25.914131
1227.15 46.0 26.677174
1202.85 46.0 26.148912
1228.5 46.0 26.706522
1208.25 46.0 26.266304
1204.2 46.0 26.17826
1209.6 46.0 26.295652
1200.15 46.0 26.090218
1221.75 46.0 26.559782
1212.2999 46.0 26.354347
1197.45 46.0 26.03152
1210.9501 46.0 26.325
1221.75 46.0 26.559782
1220.4 46.0 26.530436
1190.7 46.0 25.884783
1213.65 46.0 26.383696
1213.65 46.0 26.383696
1235.25 46.0 26.85326
1190.7 46.0 25.884783
1215.0 46.0 26.413044
1243.35 46.0 27.029348
1227.15 46.0 26.677174
1221.75 46.0 26.559782
1171.8 46.0 25.473913
1219.05 46.0 26.501087
1205.55 46.0 26.20761
1236.6 46.0 26.882608
1223.1001 47.0 26.023405
1225.7999 47.0 26.08085
1206.9 47.0 25.678724
1201.5 47.0 25.56383
1242.0 47.0 26.425531
1188.0 47.0 25.276596
1158.2999 47.0 24.64468
1186.6499 47.0 25.247871
1188.0 47.0 25.276596
1258.2 47.0 26.770212
1223.1001 47.0 26.023405
1217.7 47.0 25.90851
1192.05 47.0 25.362766
1200.15 47.0 25.535107
1208.25 47.0 25.707447
1237.95 47.0 26.339361
1201.5 47.0 25.56383
1197.45 47.0 25.47766
1162.35 47.0 24.73085
1197.45 47.0 25.47766
1202.8501 47.0 25.592554
1185.2999 47.0 25.219149
1188.0 47.0 25.276596
1177.2 47.0 25.046808
1215.0 47.0 25.851065
1215.0 47.0 25.851065
1188.0 47.0 25.276596
1227.15 47.0 26.109575
1209.6 47.0 25.73617
1192.05 47.0 25.362766
1163.7001 47.0 24.759575
1209.6 47.0 25.73617
1204.2 47.0 25.621277
1204.2 47.0 25.621277
1208.25 47.0 25.707447
1175.85 47.0 25.018085
1215.0 47.0 25.851065
1198.8 47.0 25.506384
1210.9501 47.0 25.764894
1219.05 47.0 25.937235
1175.85 47.0 25.018085
1181.25 48.0 24.609375
1183.95 48.0 24.665625
1173.1499 48.0 24.440624
1201.5 48.0 25.03125
1173.1499 48.0 24.440624
1196.1001 48.0 24.91875
1209.6001 48.0 25.2
1169.1001 48.0 24.35625
1163.7 48.0 24.24375
1148.8501 48.0 23.934376
1138.05 48.0 23.709375
1181.25 48.0 24.609375
1196.1001 48.0 24.91875
1138.05 48.0 23.709375
1189.3501 48.0 24.778126
1188.0 48.0 24.75
1162.3501 48.0 24.215626
1178.55 48.0 24.553125
1182.6001 48.0 24.6375
1193.3999 48.0 24.8625
1152.8999 48.0 24.01875
1175.8501 48.0 24.496876
1177.2 48.0 24.525
1212.3 48.0 25.25625
1181.25 48.0 24.609375
1197.45 48.0 24.946875
1170.45 48.0 24.384375
1173.1499 48.0 24.440624
1183.95 48.0 24.665625
1185.3 48.0 24.69375
1161.0 48.0 24.1875
1201.5 48.0 25.03125
1212.3 48.0 25.25625
1198.8 48.0 24.975
1162.3501 48.0 24.215626
1197.45 48.0 24.946875
1131.3 48.0 23.56875
1155.6001 48.0 24.075
1188.0 48.0 24.75
1151.55 48.0 23.990625
1189.3501 48.0 24.778126
1125.9 49.0 22.97755
1158.2999 49.0 23.638775
1188.0 49.0 24.244898
1175.85 49.0 23.996939
1162.35 49.0 23.721428
1159.65 49.0 23.666327
1135.35 49.0 23.170408
1161.0 49.0 23.693878
1174.5 49.0 23.969387
1150.2 49.0 23.473469
1158.2999 49.0 23.638775
1169.1 49.0 23.859184
1161.0 49.0 23.693878
1139.4 49.0 23.253061
1179.9 49.0 24.079592
1108.3501 49.0 22.619389
1152.9 49.0 23.528572
1150.2 49.0 23.473469
1171.8 49.0 23.914286
1167.75 49.0 23.831633
1146.15 49.0 23.390816
1151.55 49.0 23.50102
1170.45 49.0 23.886734
1142.1 49.0 23.308163
1129.95 49.0 23.060204
1151.55 49.0 23.50102
1167.75 49.0 23.831633
1167.75 49.0 23.831633
1139.4 49.0 23.253061
1178.5499 49.0 24.05204
1189.35 49.0 24.27245
1151.55 49.0 23.50102
1151.55 49.0 23.50102
1181.25 49.0 24.107143
1150.2 49.0 23.473469
1127.25 49.0 23.005102
1139.4 49.0 23.253061
1159.65 49.0 23.666327
1175.85 49.0 23.996939
1142.1 49.0 23.308163
1107.0 49.0 22.591837
1105.65 50.0 22.113
1120.5 50.0 22.41
1108.35 50.0 22.167
1135.3501 50.0 22.707
1125.9 50.0 22.518
1129.9501 50.0 22.599
1119.15 50.0 22.383
1156.95 50.0 23.139
1109.7 50.0 22.194
1128.6 50.0 22.572
1134.0 50.0 22.68
1134.0 50.0 22.68
1121.85 50.0 22.437
1127.25 50.0 22.545
1147.5 50.0 22.95
1129.9501 50.0 22.599
1123.2001 50.0 22.464
1105.65 50.0 22.113
1121.85 50.0 22.437
1144.8 50.0 22.896
1135.3501 50.0 22.707
1148.85 50.0 22.977
1148.85 50.0 22.977
1146.15 50.0 22.923
1140.75 50.0 22.815
1112.3999 50.0 22.248
1129.9501 50.0 22.599
1170.4501 50.0 23.409
1096.2 50.0 21.924
1138.0499 50.0 22.761
1143.45 50.0 22.869
1156.95 50.0 23.139
1121.85 50.0 22.437
1096.2 50.0 21.924
1128.6 50.0 22.572
1129.9501 50.0 22.599
1136.7 50.0 22.734
1078.65 50.0 21.573
1138.0499 50.0 22.761
1155.6 50.0 23.112
1107.0 50.0 22.14
1120.5 51.0 21.970589
1144.8 51.0 22.44706
1102.95 51.0 21.62647
1116.45 51.0 21.891176
1119.15 51.0 21.944118
1112.3999 51.0 21.811764
1132.65 51.0 22.208824
1089.45 51.0 21.361765
1135.35 51.0 22.261765
1115.1 51.0 21.864706
1080.0 51.0 21.17647
1131.2999 51.0 22.182352
1082.7001 51.0 21.229412
1135.35 51.0 22.261765
1140.75 51.0 22.367647
1089.45 51.0 21.361765
1124.5499 51.0 22.05
1113.75 51.0 21.838236
1084.05 51.0 21.255882
1136.7 51.0 22.288235
1132.65 51.0 22.208824
1150.2 51.0 22.55294
1082.7001 51.0 21.229412
1098.8999 51.0 21.547058
1152.9 51.0 22.605883
1089.45 51.0 21.361765
1093.5 51.0 21.441177
1080.0 51.0 21.17647
1117.7999 51.0 21.917646
1129.95 51.0 22.155882
1098.8999 51.0 21.547058
1108.35 51.0 21.732353
1096.2 51.0 21.494118
1140.75 51.0 22.367647
1134.0 51.0 22.235294
1113.75 51.0 21.838236
1155.6 51.0 22.658823
1148.85 51.0 22.52647
1123.2 51.0 22.02353
1111.0499 51.0 21.785294
1117.7999 51.0 21.917646
1109.7001 52.0 21.340385
1055.7001 52.0 20.301924
1042.2 52.0 20.042307
1098.9 52.0 21.132692
1092.1499 52.0 21.002884
1061.1 52.0 20.40577
1074.6 52.0 20.665384
1061.1 52.0 20.40577
1055.7001 52.0 20.301924
1089.4501 52.0 20.950962
1105.65 52.0 21.2625
1117.8 52.0 21.496155
1107.0 52.0 21.288462
1132.65 52.0 21.78173
1089.4501 52.0 20.950962
1069.2 52.0 20.561539
1154.25 52.0 22.197115
1078.65 52.0 20.743269
1109.7001 52.0 21.340385
1080.0 52.0 20.76923
1098.9 52.0 21.132692
1074.6 52.0 20.665384
1080.0 52.0 20.76923
1101.6001 52.0 21.184616
1066.5 52.0 20.509615
1086.75 52.0 20.899038
1088.1 52.0 20.925
1080.0 52.0 20.76923
1107.0 52.0 21.288462
1107.0 52.0 21.288462
1093.5 52.0 21.028847
1090.8 52.0 20.976923
1074.6 52.0 20.665384
1092.1499 52.0 21.002884
1075.95 52.0 20.691345
1086.75 52.0 20.899038
1116.45 52.0 21.470192
1055.7001 52.0 20.301924
1111.05 52.0 21.366346
1080.0 52.0 20.76923
1102.95 52.0 21.210577
1067.5071 52.999996 20.141644
1087.7761 52.999996 20.524078
1074.2633 52.999996 20.269121
1093.1813 52.999996 20.626062
1060.7506 52.999996 20.014164
1059.3993 52.999996 19.988668
1053.9943 52.999996 19.886686
1081.0198 52.999996 20.3966
1059.3993 52.999996 19.988668
1076.966 52.999996 20.320114
1083.7223 52.999996 20.447592
1085.0736 52.999996 20.473087
1060.7506 52.999996 20.014164
1083.7223 52.999996 20.447592
1048.5891 52.999996 19.784702
1076.966 52.999996 20.320114
1051.2916 52.999996 19.835693
1090.4788 52.999996 20.575071
1082.371 52.999996 20.422096
1076.966 52.999996 20.320114
1055.3456 52.999996 19.912182
1078.3173 52.999996 20.34561
1071.5608 52.999996 20.21813
1062.1019 52.999996 20.03966
1072.9121 52.999996 20.243626
1074.2633 52.999996 20.269121
1048.5891 52.999996 19.784702
1071.5608 52.999996 20.21813
1043.1841 52.999996 19.68272
1055.3456 52.999996 19.912182
1051.2916 52.999996 19.835693
1094.5325 52.999996 20.651558
1068.8583 52.999996 20.16714
1087.7761 52.999996 20.524078
1067.5071 52.999996 20.141644
1063.4531 52.999996 20.065155
1097.235 52.999996 20.702549
1086.4248 52.999996 20.498583
1040.4814 52.999996 19.631727
1053.9943 52.999996 19.886686
1076.966 52.999996 20.320114
1034.1001 54.000004 19.15
1057.0502 54.000004 19.575
1062.4501 54.000004 19.675
1062.4501 54.000004 19.675
1039.5001 54.000004 19.25
1051.6501 54.000004 19.475
1043.5502 54.000004 19.325
1046.2501 54.000004 19.375
1023.3001 54.000004 18.95
1077.3002 54.000004 19.95
1074.6001 54.000004 19.9
1046.2501 54.000004 19.375
1055.7001 54.000004 19.55
1024.6501 54.000004 18.975
1067.8501 54.000004 19.775
1080.0001 54.000004 20.0
1024.6501 54.000004 18.975
1066.5001 54.000004 19.75
1063.8002 54.000004 19.7
1039.5001 54.000004 19.25
1044.9001 54.000004 19.35
1043.5502 54.000004 19.325
1080.0001 54.000004 20.0
1047.6001 54.000004 19.4
1042.2001 54.000004 19.3
1042.2001 54.000004 19.3
1065.1501 54.000004 19.725
1066.5001 54.000004 19.75
1044.9001 54.000004 19.35
1074.6001 54.000004 19.9
1028.7001 54.000004 19.05
1043.5502 54.000004 19.325
1034.1001 54.000004 19.15
1030.0502 54.000004 19.075
1046.2501 54.000004 19.375
1047.6001 54.000004 19.4
1071.9001 54.000004 19.85
1040.8501 54.000004 19.275
1065.1501 54.000004 19.725
1069.2001 54.000004 19.8
1040.8501 54.000004 19.275
1042.2 55.0 18.949091
1040.85 55.0 18.924545
1046.25 55.0 19.022728
1011.15 55.0 18.384546
1040.85 55.0 18.924545
1044.9 55.0 18.998182
1030.05 55.0 18.728182
1034.1001 55.0 18.801819
1055.7001 55.0 19.194546
1048.95 55.0 19.071817
1042.2 55.0 18.949091
1007.10004 55.0 18.31091
1016.55 55.0 18.482727
1055.7001 55.0 19.194546
1023.30005 55.0 18.605455
1031.4 55.0 18.752728
1055.7001 55.0 19.194546
1043.55 55.0 18.973637
1035.4501 55.0 18.826365
1011.15 55.0 18.384546
1031.4 55.0 18.752728
1038.15 55.0 18.875454
1039.5 55.0 18.9
1046.25 55.0 19.022728
997.65 55.0 18.139091
1012.49994 55.0 18.40909
1031.4 55.0 18.752728
1004.39996 55.0 18.261818
1034.1001 55.0 18.801819
1007.10004 55.0 18.31091
1003.05 55.0 18.237272
1036.7999 55.0 18.850908
1040.85 55.0 18.924545
1038.15 55.0 18.875454
1031.4 55.0 18.752728
1030.05 55.0 18.728182
1050.2999 55.0 19.096363
1046.25 55.0 19.022728
1015.19995 55.0 18.458181
1015.19995 55.0 18.458181
1038.15 55.0 18.875454
1039.5 56.0 18.5625
1011.14996 56.0 18.05625
1016.55005 56.0 18.15268
1024.65 56.0 18.297321
996.3 56.0 17.79107
976.05 56.0 17.429464
1007.1 56.0 17.983929
1024.65 56.0 18.297321
998.99994 56.0 17.839285
985.50006 56.0 17.598215
974.7 56.0 17.405357
1027.35 56.0 18.345535
1004.4 56.0 17.935715
1012.5 56.0 18.080357
1009.8 56.0 18.032143
1015.19995 56.0 18.12857
1032.75 56.0 18.441965
1005.75 56.0 17.959822
1013.85 56.0 18.104464
982.7999 56.0 17.55
986.85004 56.0 17.622322
997.64996 56.0 17.815178
1005.75 56.0 17.959822
989.55005 56.0 17.670536
1013.85 56.0 18.104464
1035.4501 56.0 18.49018
1034.1001 56.0 18.466072
1004.4 56.0 17.935715
997.64996 56.0 17.815178
1008.45 56.0 18.008036
996.3 56.0 17.79107
1031.3999 56.0 18.417856
1005.75 56.0 17.959822
992.25 56.0 17.71875
1011.14996 56.0 18.05625
1047.6001 56.0 18.707144
966.6 56.0 17.260714
1028.7 56.0 18.369642
990.9 56.0 17.694643
977.4 56.0 17.453571
1019.25 56.0 18.200893
965.24994 57.0 16.93421
1004.39996 57.0 17.621052
990.9 57.0 17.38421
1000.35 57.0 17.55
1020.60004 57.0 17.905264
999.0 57.0 17.526316
1021.95 57.0 17.928947
992.24994 57.0 17.407894
988.19995 57.0 17.336842
1013.85004 57.0 17.786842
1011.14996 57.0 17.739473
992.24994 57.0 17.407894
946.35004 57.0 16.602633
970.65 57.0 17.028948
1005.75 57.0 17.644737
965.24994 57.0 16.93421
1005.75 57.0 17.644737
963.9 57.0 16.910526
989.55005 57.0 17.360527
1007.1 57.0 17.66842
993.60004 57.0 17.43158
1001.7 57.0 17.573685
992.24994 57.0 17.407894
957.14996 57.0 16.792105
961.19995 57.0 16.863157
1001.7 57.0 17.573685
973.35 57.0 17.076315
1008.44995 57.0 17.692104
969.2999 57.0 17.005262
970.65 57.0 17.028948
1013.85004 57.0 17.786842
1005.75 57.0 17.644737
973.35 57.0 17.076315
1000.35 57.0 17.55
961.19995 57.0 16.863157
958.50006 57.0 16.81579
984.14996 57.0 17.265789
963.9 57.0 16.910526
973.35 57.0 17.076315
972.0 57.0 17.052631
992.24994 57.0 17.407894
966.60004 58.0 16.665518
989.55 58.0 17.061207
958.5 58.0 16.525862
989.55 58.0 17.061207
984.15 58.0 16.968103
966.60004 58.0 16.665518
970.64996 58.0 16.735344
942.3 58.0 16.246552
963.89996 58.0 16.618965
973.35 58.0 16.781897
955.80005 58.0 16.479311
980.1 58.0 16.898275
959.85 58.0 16.549137
996.3 58.0 17.177586
950.4 58.0 16.386208
957.15 58.0 16.502586
963.89996 58.0 16.618965
940.95 58.0 16.223276
981.4501 58.0 16.921553
955.80005 58.0 16.479311
945.00006 58.0 16.293104
955.80005 58.0 16.479311
938.24994 58.0 16.176723
953.1 58.0 16.432758
997.65 58.0 17.200863
951.75 58.0 16.409483
946.35004 58.0 16.31638
997.65 58.0 17.200863
986.85004 58.0 17.014656
957.15 58.0 16.502586
963.89996 58.0 16.618965
959.85 58.0 16.549137
980.1 58.0 16.898275
976.0499 58.0 16.828447
973.35 58.0 16.781897
953.1 58.0 16.432758
928.80005 58.0 16.013794
970.64996 58.0 16.735344
985.5 58.0 16.991379
980.1 58.0 16.898275
989.55 58.0 17.061207
955.25946 58.999996 16.19084
926.88544 58.999996 15.709924
926.88544 58.999996 15.709924
936.34344 58.999996 15.870229
952.5572 58.999996 16.145039
952.5572 58.999996 16.145039
913.37396 58.999996 15.480916
953.90826 58.999996 16.167938
932.29004 58.999996 15.801527
929.5877 58.999996 15.755725
951.20605 58.999996 16.122137
971.4732 58.999996 16.465649
955.25946 58.999996 16.19084
936.34344 58.999996 15.870229
932.29004 58.999996 15.801527
967.41974 58.999996 16.396946
926.88544 58.999996 15.709924
976.87775 58.999996 16.557251
947.1526 58.999996 16.053434
952.5572 58.999996 16.145039
941.74805 58.999996 15.961832
960.664 58.999996 16.282442
952.5572 58.999996 16.145039
934.9923 58.999996 15.847328
940.3969 58.999996 15.938931
957.96173 58.999996 16.23664
971.4732 58.999996 16.465649
921.48083 58.999996 15.61832
939.0458 58.999996 15.916031
943.0992 58.999996 15.984733
971.4732 58.999996 16.465649
974.1755 58.999996 16.51145
941.74805 58.999996 15.961832
943.0992 58.999996 15.984733
951.20605 58.999996 16.122137
933.6412 58.999996 15.824428
921.48083 58.999996 15.61832
971.4732 58.999996 16.465649
947.1526 58.999996 16.053434
941.74805 58.999996 15.961832
953.90826 58.999996 16.167938
934.2 60.000004 15.57
955.80005 60.000004 15.93
915.30005 60.000004 15.255
920.7001 60.000004 15.345
911.25006 60.000004 15.1875
938.25006 60.000004 15.6375
904.50006 60.000004 15.075
928.80005 60.000004 15.48
922.05005 60.000004 15.3675
912.60004 60.000004 15.21
907.2001 60.000004 15.12
912.60004 60.000004 15.21
936.9 60.000004 15.615
919.3501 60.000004 15.3225
913.9501 60.000004 15.2325
915.30005 60.000004 15.255
903.15 60.000004 15.0525
936.9 60.000004 15.615
916.6501 60.000004 15.2775
946.35004 60.000004 15.7725
919.3501 60.000004 15.3225
911.25006 60.000004 15.1875
932.85004 60.000004 15.5475
904.50006 60.000004 15.075
922.05005 60.000004 15.3675
949.05005 60.000004 15.8175
916.6501 60.000004 15.2775
919.3501 60.000004 15.3225
911.25006 60.000004 15.1875
901.80005 60.000004 15.03
889.6501 60.000004 14.8275
932.85004 60.000004 15.5475
940.9501 60.000004 15.6825
885.6001 60.000004 14.76
899.10004 60.000004 14.985
907.2001 60.000004 15.12
930.15 60.000004 15.5025
943.6501 60.000004 15.7275
930.15 60.000004 15.5025
923.4001 60.000004 15.39
926.1001 60.000004 15.435
911.25 61.0 14.938524
896.39996 61.0 14.695082
896.39996 61.0 14.695082
903.14996 61.0 14.8057375
889.64996 61.0 14.584426
922.05 61.0 15.115574
908.55 61.0 14.894262
908.55 61.0 14.894262
885.60004 61.0 14.518033
908.55 61.0 14.894262
889.64996 61.0 14.584426
909.89996 61.0 14.916393
905.85004 61.0 14.85
888.3 61.0 14.562295
888.3 61.0 14.562295
895.05 61.0 14.672951
908.55 61.0 14.894262
895.05 61.0 14.672951
891.0 61.0 14.606558
897.75 61.0 14.717213
908.55 61.0 14.894262
911.25 61.0 14.938524
897.75 61.0 14.717213
892.35004 61.0 14.628689
905.85004 61.0 14.85
900.45 61.0 14.761476
882.89996 61.0 14.47377
911.25 61.0 14.938524
916.64996 61.0 15.027049
903.14996 61.0 14.8057375
912.60004 61.0 14.960656
930.15 61.0 15.248361
891.0 61.0 14.606558
900.45 61.0 14.761476
928.8 61.0 15.22623
891.0 61.0 14.606558
866.7 61.0 14.208197
916.64996 61.0 15.027049
923.4 61.0 15.137705
870.75 61.0 14.2745905
885.60004 61.0 14.518033
873.45 62.0 14.087903
891.0 62.0 14.370968
873.45 62.0 14.087903
866.7 62.0 13.9790325
880.2 62.0 14.1967745
877.5 62.0 14.153226
873.45 62.0 14.087903
882.89996 62.0 14.240322
884.25 62.0 14.262096
882.89996 62.0 14.240322
884.25 62.0 14.262096
868.05005 62.0 14.000807
884.25 62.0 14.262096
876.15 62.0 14.131452
895.05005 62.0 14.436291
869.4 62.0 14.022581
858.6 62.0 13.848387
882.89996 62.0 14.240322
891.0 62.0 14.370968
866.7 62.0 13.9790325
855.9 62.0 13.804839
881.55005 62.0 14.218549
853.2 62.0 13.761291
896.39996 62.0 14.458064
854.55005 62.0 13.783065
880.2 62.0 14.1967745
865.35004 62.0 13.957258
862.65 62.0 13.91371
885.6 62.0 14.283871
893.7 62.0 14.414516
866.7 62.0 13.9790325
878.85004 62.0 14.175
865.35004 62.0 13.957258
885.6 62.0 14.283871
862.65 62.0 13.91371
885.6 62.0 14.283871
892.35004 62.0 14.392742
858.6 62.0 13.848387
882.89996 62.0 14.240322
870.75 62.0 14.044354
884.25 62.0 14.262096
861.3 63.0 13.671429
854.55 63.0 13.564285
878.85 63.0 13.95
885.60004 63.0 14.057143
864.0 63.0 13.714286
864.0 63.0 13.714286
851.85 63.0 13.521428
831.6 63.0 13.2
843.75 63.0 13.392858
851.85 63.0 13.521428
870.75 63.0 13.821428
861.3 63.0 13.671429
865.35 63.0 13.735714
853.2 63.0 13.542857
846.45 63.0 13.435715
847.8 63.0 13.457143
869.4 63.0 13.8
853.2 63.0 13.542857
859.94995 63.0 13.65
870.75 63.0 13.821428
822.15 63.0 13.05
870.75 63.0 13.821428
854.55 63.0 13.564285
862.64996 63.0 13.692857
872.10004 63.0 13.842857
841.05005 63.0 13.35
873.45 63.0 13.864285
865.35 63.0 13.735714
855.9 63.0 13.585714
849.15 63.0 13.478572
859.94995 63.0 13.65
830.25 63.0 13.178572
850.5 63.0 13.5
832.95 63.0 13.221429
886.95 63.0 14.078571
841.05005 63.0 13.35
849.15 63.0 13.478572
855.9 63.0 13.585714
859.94995 63.0 13.65
858.6 63.0 13.6285715
850.5 63.0 13.5
808.65 64.0 12.635157
811.35 64.0 12.677343
842.4 64.0 13.1625
839.7 64.0 13.120313
834.3 64.0 13.035937
810.0 64.0 12.65625
834.3 64.0 13.035937
841.05 64.0 13.141406
832.95 64.0 13.014844
842.4 64.0 13.1625
838.35 64.0 13.099218
824.85 64.0 12.888281
846.45 64.0 13.225781
808.65 64.0 12.635157
834.3 64.0 13.035937
845.1 64.0 13.204687
824.85 64.0 12.888281
838.35 64.0 13.099218
822.15 64.0 12.846094
819.45 64.0 12.803906
807.3 64.0 12.614062
854.55 64.0 13.352344
839.7 64.0 13.120313
814.05 64.0 12.719531
832.95 64.0 13.014844
857.25 64.0 13.394531
808.65 64.0 12.635157
820.8 64.0 12.825
828.9 64.0 12.951563
783.0 64.0 12.234375
832.95 64.0 13.014844
823.5 64.0 12.8671875
828.9 64.0 12.951563
847.8 64.0 13.246875
842.4 64.0 13.1625
831.6 64.0 12.99375
835.65 64.0 13.057032
815.4 64.0 12.740625
828.9 64.0 12.951563
814.05 64.0 12.719531
807.3 64.0 12.614062
818.10004 65.0 12.586154
824.85 65.0 12.69
815.4 65.0 12.544616
837.0 65.0 12.876923
799.2 65.0 12.295384
814.05005 65.0 12.523847
816.75 65.0 12.565385
826.2 65.0 12.71077
823.5 65.0 12.66923
819.45 65.0 12.606923
824.85 65.0 12.69
803.25 65.0 12.357693
797.85 65.0 12.274615
824.85 65.0 12.69
815.4 65.0 12.544616
804.60004 65.0 12.378462
831.6 65.0 12.793846
837.0 65.0 12.876923
805.95 65.0 12.399231
783.0 65.0 12.046154
780.30005 65.0 12.004616
824.85 65.0 12.69
830.25 65.0 12.773077
811.35 65.0 12.482307
810.0 65.0 12.461538
820.8 65.0 12.627692
822.14996 65.0 12.648461
827.55005 65.0 12.731539
814.05005 65.0 12.523847
838.35004 65.0 12.897693
805.95 65.0 12.399231
807.3 65.0 12.42
823.5 65.0 12.66923
788.39996 65.0 12.1292305
799.2 65.0 12.295384
793.8 65.0 12.212308
818.10004 65.0 12.586154
803.25 65.0 12.357693
796.5 65.0 12.253846
800.55 65.0 12.316154
830.25 65.0 12.773077
795.15 66.0 12.047728
805.95 66.0 12.211364
791.1 66.0 11.986363
776.25 66.0 11.761364
816.75 66.0 12.375
773.55 66.0 11.720454
785.7 66.0 11.904546
784.35004 66.0 11.884091
805.95 66.0 12.211364
762.75 66.0 11.556818
784.35004 66.0 11.884091
780.3 66.0 11.822727
784.35004 66.0 11.884091
792.44995 66.0 12.006818
814.05005 66.0 12.334091
795.15 66.0 12.047728
768.15 66.0 11.638637
788.4 66.0 11.945455
769.5 66.0 11.659091
784.35004 66.0 11.884091
799.2 66.0 12.109091
811.35 66.0 12.293181
760.05 66.0 11.515909
788.4 66.0 11.945455
792.44995 66.0 12.006818
765.44995 66.0 11.597727
784.35004 66.0 11.884091
797.85 66.0 12.088636
789.75 66.0 11.965909
796.5 66.0 12.068182
762.75 66.0 11.556818
780.3 66.0 11.822727
789.75 66.0 11.965909
784.35004 66.0 11.884091
810.0 66.0 12.272727
795.15 66.0 12.047728
781.64996 66.0 11.843182
768.15 66.0 11.638637
795.15 66.0 12.047728
774.89996 66.0 11.740909
762.75 66.0 11.556818
750.6 67.0 11.202985
758.69995 67.0 11.32388
753.3 67.0 11.243283
762.74994 67.0 11.384328
780.3 67.0 11.646269
789.75 67.0 11.787313
791.1 67.0 11.807463
778.95 67.0 11.62612
772.2 67.0 11.525373
746.55 67.0 11.142537
761.39996 67.0 11.364179
776.25 67.0 11.585821
750.6 67.0 11.202985
785.7 67.0 11.726866
781.65 67.0 11.666418
770.85004 67.0 11.505224
766.80005 67.0 11.444777
746.55 67.0 11.142537
751.94995 67.0 11.223134
749.25 67.0 11.182836
761.39996 67.0 11.364179
742.5 67.0 11.082089
758.69995 67.0 11.32388
746.55 67.0 11.142537
764.10004 67.0 11.404478
760.05 67.0 11.344029
787.05 67.0 11.747015
754.64996 67.0 11.2634325
793.8 67.0 11.847761
760.05 67.0 11.344029
758.69995 67.0 11.32388
762.74994 67.0 11.384328
756.0 67.0 11.283582
751.94995 67.0 11.223134
787.05 67.0 11.747015
788.4 67.0 11.767164
770.85004 67.0 11.505224
778.95 67.0 11.62612
789.75 67.0 11.787313
773.55005 67.0 11.545523
791.1 67.0 11.807463
739.8 68.0 10.879412
750.60004 68.0 11.038236
730.35004 68.0 10.740441
754.65 68.0 11.097795
751.95 68.0 11.058088
734.4 68.0 10.8
750.60004 68.0 11.038236
726.3 68.0 10.680882
726.3 68.0 10.680882
769.5 68.0 11.316176
737.1 68.0 10.839705
731.7 68.0 10.760294
739.8 68.0 10.879412
746.55005 68.0 10.978677
751.95 68.0 11.058088
753.3 68.0 11.077941
739.8 68.0 10.879412
789.75 68.0 11.613971
742.5 68.0 10.919118
758.7 68.0 11.157353
762.75 68.0 11.216911
765.45 68.0 11.256618
749.25 68.0 11.018382
749.25 68.0 11.018382
778.94995 68.0 11.455147
730.35004 68.0 10.740441
737.1 68.0 10.839705
733.05 68.0 10.780147
734.4 68.0 10.8
742.5 68.0 10.919118
754.65 68.0 11.097795
741.14996 68.0 10.899264
749.25 68.0 11.018382
754.65 68.0 11.097795
742.5 68.0 10.919118
712.80005 68.0 10.482353
719.55 68.0 10.581617
756.0 68.0 11.117647
716.85004 68.0 10.541912
754.65 68.0 11.097795
742.5 68.0 10.919118
716.85004 69.0 10.389131
684.45 69.0 9.919565
714.15 69.0 10.35
716.85004 69.0 10.389131
727.65 69.0 10.545652
711.44995 69.0 10.310869
734.4 69.0 10.643478
745.2 69.0 10.8
708.75 69.0 10.271739
726.3 69.0 10.526087
726.3 69.0 10.526087
716.85004 69.0 10.389131
704.69995 69.0 10.213043
714.15 69.0 10.35
710.10004 69.0 10.291305
712.8 69.0 10.330435
726.3 69.0 10.526087
726.3 69.0 10.526087
729.0 69.0 10.565217
718.19995 69.0 10.408695
733.05 69.0 10.623913
750.6 69.0 10.878261
734.4 69.0 10.643478
735.74994 69.0 10.663043
700.64996 69.0 10.154347
702.0 69.0 10.173913
699.3 69.0 10.134783
724.95 69.0 10.506522
738.45 69.0 10.702174
704.69995 69.0 10.213043
716.85004 69.0 10.389131
741.15 69.0 10.741304
711.44995 69.0 10.310869
719.55 69.0 10.428261
741.15 69.0 10.741304
722.25 69.0 10.467391
708.75 69.0 10.271739
712.8 69.0 10.330435
711.44995 69.0 10.310869
719.55 69.0 10.428261
730.35 69.0 10.584783
704.69995 70.0 10.0671425
697.95 70.0 9.970715
708.75 70.0 10.125
684.44995 70.0 9.777857
697.95 70.0 9.970715
702.0 70.0 10.028571
699.3 70.0 9.99
681.75 70.0 9.739285
695.25 70.0 9.932143
691.2 70.0 9.874286
695.25 70.0 9.932143
702.0 70.0 10.028571
689.85 70.0 9.855
703.35004 70.0 10.047857
697.95 70.0 9.970715
712.80005 70.0 10.1828575
693.9 70.0 9.912857
707.39996 70.0 10.105714
685.8 70.0 9.797143
685.8 70.0 9.797143
702.0 70.0 10.028571
706.05 70.0 10.086429
697.95 70.0 9.970715
706.05 70.0 10.086429
715.5 70.0 10.221429
681.75 70.0 9.739285
703.35004 70.0 10.047857
707.39996 70.0 10.105714
685.8 70.0 9.797143
683.10004 70.0 9.758572
697.95 70.0 9.970715
708.75 70.0 10.125
699.3 70.0 9.99
708.75 70.0 10.125
707.39996 70.0 10.105714
693.9 70.0 9.912857
673.65 70.0 9.623571
703.35004 70.0 10.047857
688.5 70.0 9.835714
693.9 70.0 9.912857
689.85 70.0 9.855
681.75 71.0 9.602113
699.3 71.0 9.849296
693.89996 71.0 9.773239
684.44995 71.0 9.640141
680.39996 71.0 9.583098
677.7 71.0 9.545071
676.35 71.0 9.526056
668.25 71.0 9.411972
675.0 71.0 9.507042
704.7 71.0 9.925352
680.39996 71.0 9.583098
685.8 71.0 9.659155
687.15 71.0 9.678169
668.25 71.0 9.411972
660.14996 71.0 9.297887
672.3 71.0 9.469014
652.05 71.0 9.183803
685.8 71.0 9.659155
689.85 71.0 9.716197
668.25 71.0 9.411972
665.55 71.0 9.373943
700.65 71.0 9.86831
662.85 71.0 9.335916
650.7 71.0 9.164789
672.3 71.0 9.469014
695.25 71.0 9.7922535
650.7 71.0 9.164789
683.10004 71.0 9.621127
703.35 71.0 9.906338
670.95 71.0 9.45
657.45 71.0 9.259859
681.75 71.0 9.602113
680.39996 71.0 9.583098
697.94995 71.0 9.830281
677.7 71.0 9.545071
665.55 71.0 9.373943
691.2 71.0 9.735211
683.10004 71.0 9.621127
665.55 71.0 9.373943
692.55005 71.0 9.754226
683.10004 71.0 9.621127
664.2 72.0 9.225
643.95 72.0 8.94375
664.2 72.0 9.225
676.35004 72.0 9.39375
664.2 72.0 9.225
639.89996 72.0 8.8875
658.8 72.0 9.15
665.55 72.0 9.24375
650.7 72.0 9.0375
672.3 72.0 9.3375
648.0 72.0 9.0
645.3 72.0 8.9625
650.7 72.0 9.0375
660.14996 72.0 9.16875
672.3 72.0 9.3375
665.55 72.0 9.24375
658.8 72.0 9.15
629.10004 72.0 8.7375
672.3 72.0 9.3375
672.3 72.0 9.3375
680.39996 72.0 9.45
668.25 72.0 9.28125
645.3 72.0 8.9625
665.55 72.0 9.24375
648.0 72.0 9.0
664.2 72.0 9.225
650.7 72.0 9.0375
639.89996 72.0 8.8875
662.85004 72.0 9.20625
641.25 72.0 8.90625
657.45 72.0 9.13125
643.95 72.0 8.94375
658.8 72.0 9.15
645.3 72.0 8.9625
658.8 72.0 9.15
676.35004 72.0 9.39375
668.25 72.0 9.28125
658.8 72.0 9.15
657.45 72.0 9.13125
657.45 72.0 9.13125
662.85004 72.0 9.20625
637.2 73.0 8.728767
622.35004 73.0 8.525343
625.05 73.0 8.562328
638.55 73.0 8.74726
630.44995 73.0 8.636301
622.35004 73.0 8.525343
612.89996 73.0 8.39589
623.7 73.0 8.543836
637.2 73.0 8.728767
639.9 73.0 8.765754
616.95 73.0 8.45137
646.65 73.0 8.858219
653.39996 73.0 8.950685
639.9 73.0 8.765754
622.35004 73.0 8.525343
646.65 73.0 8.858219
639.9 73.0 8.765754
614.25 73.0 8.414384
637.2 73.0 8.728767
638.55 73.0 8.74726
637.2 73.0 8.728767
625.05 73.0 8.562328
634.5 73.0 8.691781
643.95 73.0 8.821233
630.44995 73.0 8.636301
633.14996 73.0 8.673287
635.85 73.0 8.710274
645.30005 73.0 8.839726
621.0 73.0 8.506849
631.8 73.0 8.654795
627.75 73.0 8.599315
635.85 73.0 8.710274
638.55 73.0 8.74726
635.85 73.0 8.710274
626.4 73.0 8.580822
618.3 73.0 8.469863
610.2 73.0 8.358904
621.0 73.0 8.506849
634.5 73.0 8.691781
629.10004 73.0 8.617808
616.95 73.0 8.45137
630.44995 74.0 8.519594
610.2 74.0 8.245946
581.85 74.0 7.862838
616.95 74.0 8.337162
614.25 74.0 8.300675
612.9 74.0 8.282433
621.0 74.0 8.3918915
606.15 74.0 8.191216
630.44995 74.0 8.519594
603.45 74.0 8.15473
595.35 74.0 8.04527
603.45 74.0 8.15473
608.85004 74.0 8.227703
623.69995 74.0 8.428378
598.05 74.0 8.081757
612.9 74.0 8.282433
635.85 74.0 8.592567
616.95 74.0 8.337162
612.9 74.0 8.282433
602.1 74.0 8.136486
600.75 74.0 8.118243
616.95 74.0 8.337162
631.8 74.0 8.537838
643.95 74.0 8.702027
599.4 74.0 8.1
599.4 74.0 8.1
629.1 74.0 8.501351
621.0 74.0 8.3918915
602.1 74.0 8.136486
612.9 74.0 8.282433
627.75 74.0 8.4831085
599.4 74.0 8.1
592.64996 74.0 8.008783
600.75 74.0 8.118243
607.5 74.0 8.209459
608.85004 74.0 8.227703
584.55 74.0 7.8993244
608.85004 74.0 8.227703
619.65 74.0 8.373649
621.0 74.0 8.3918915
600.75 74.0 8.118243
595.35004 75.0 7.938
600.75 75.0 8.01
592.65 75.0 7.902
592.65 75.0 7.902
585.89996 75.0 7.812
608.85 75.0 8.118
569.7 75.0 7.596
598.05 75.0 7.974
603.44995 75.0 8.046
580.5 75.0 7.74
575.10004 75.0 7.668
596.7 75.0 7.956
589.95 75.0 7.866
600.75 75.0 8.01
604.8 75.0 8.064
599.4 75.0 7.992
558.9 75.0 7.452
589.95 75.0 7.866
591.3 75.0 7.884
589.95 75.0 7.866
588.6 75.0 7.848
580.5 75.0 7.74
581.85 75.0 7.758
616.95 75.0 8.226
591.3 75.0 7.884
581.85 75.0 7.758
587.25 75.0 7.83
571.05 75.0 7.614
562.95 75.0 7.506
587.25 75.0 7.83
587.25 75.0 7.83
560.25 75.0 7.47
583.2 75.0 7.776
569.7 75.0 7.596
556.2 75.0 7.416
581.85 75.0 7.758
579.15 75.0 7.722
607.5 75.0 8.1
587.25 75.0 7.83
580.5 75.0 7.74
583.2 75.0 7.776
560.25 76.0 7.3717103
545.4 76.0 7.176316
560.25 76.0 7.3717103
557.55 76.0 7.336184
569.7 76.0 7.4960527
571.05 76.0 7.513816
553.5 76.0 7.2828946
562.95 76.0 7.407237
548.1 76.0 7.211842
556.2 76.0 7.318421
575.1 76.0 7.5671053
558.89996 76.0 7.353947
560.25 76.0 7.3717103
577.8 76.0 7.6026316
569.7 76.0 7.4960527
564.3 76.0 7.425
565.65 76.0 7.4427633
576.45 76.0 7.5848684
558.89996 76.0 7.353947
573.75 76.0 7.549342
548.1 76.0 7.211842
572.4 76.0 7.531579
564.3 76.0 7.425
562.95 76.0 7.407237
561.60004 76.0 7.389474
581.85 76.0 7.655921
548.1 76.0 7.211842
568.35004 76.0 7.4782896
567.0 76.0 7.4605265
569.7 76.0 7.4960527
544.05 76.0 7.1585526
569.7 76.0 7.4960527
567.0 76.0 7.4605265
577.8 76.0 7.6026316
554.85 76.0 7.3006577
572.4 76.0 7.531579
562.95 76.0 7.407237
572.4 76.0 7.531579
552.14996 76.0 7.2651315
558.89996 76.0 7.353947
552.14996 76.0 7.2651315
556.2 77.0 7.2233768
540.0 77.0 7.012987
546.75 77.0 7.1006494
556.2 77.0 7.2233768
534.60004 77.0 6.9428573
542.7 77.0 7.048052
545.4 77.0 7.083117
534.60004 77.0 6.9428573
548.1 77.0 7.1181817
558.89996 77.0 7.2584414
560.25 77.0 7.275974
548.1 77.0 7.1181817
550.8 77.0 7.153247
548.1 77.0 7.1181817
550.8 77.0 7.153247
552.15 77.0 7.170779
537.3 77.0 6.977922
534.60004 77.0 6.9428573
531.89996 77.0 6.907792
540.0 77.0 7.012987
548.1 77.0 7.1181817
542.7 77.0 7.048052
549.45 77.0 7.135714
553.5 77.0 7.1883116
538.64996 77.0 6.9954543
545.4 77.0 7.083117
529.2 77.0 6.8727274
541.35 77.0 7.0305195
561.60004 77.0 7.2935066
527.85 77.0 6.8551946
545.4 77.0 7.083117
535.95 77.0 6.9603896
550.8 77.0 7.153247
527.85 77.0 6.8551946
537.3 77.0 6.977922
557.55 77.0 7.240909
541.35 77.0 7.0305195
553.5 77.0 7.1883116
517.05005 77.0 6.7149353
541.35 77.0 7.0305195
545.4 77.0 7.083117
521.43427 78.0 6.6850543
506.57474 78.0 6.494548
510.62732 78.0 6.546504
509.27646 78.0 6.5291853
521.43427 78.0 6.6850543
525.4869 78.0 6.737011
529.5394 78.0 6.788967
537.64465 78.0 6.89288
534.94293 78.0 6.8582425
522.78516 78.0 6.7023735
506.57474 78.0 6.494548
526.8377 78.0 6.7543297
525.4869 78.0 6.737011
518.73254 78.0 6.650417
528.1886 78.0 6.7716484
533.59204 78.0 6.840924
518.73254 78.0 6.650417
529.5394 78.0 6.788967
524.136 78.0 6.719692
525.4869 78.0 6.737011
520.0834 78.0 6.6677356
529.5394 78.0 6.788967
528.1886 78.0 6.7716484
510.62732 78.0 6.546504
516.0308 78.0 6.6157794
514.67993 78.0 6.5984607
525.4869 78.0 6.737011
517.38165 78.0 6.633098
540.3464 78.0 6.9275174
506.57474 78.0 6.494548
498.46954 78.0 6.390635
520.0834 78.0 6.6677356
501.17126 78.0 6.4252725
520.0834 78.0 6.6677356
530.8903 78.0 6.806286
530.8903 78.0 6.806286
524.136 78.0 6.719692
522.78516 78.0 6.7023735
522.78516 78.0 6.7023735
502.52213 78.0 6.442591
532.2412 78.0 6.823605
479.25 79.0 6.066456
494.1 79.0 6.2544303
484.65 79.0 6.13481
494.1 79.0 6.2544303
498.15 79.0 6.305696
492.75 79.0 6.237342
503.55 79.0 6.3740506
494.1 79.0 6.2544303
502.2 79.0 6.356962
496.8 79.0 6.2886076
502.2 79.0 6.356962
503.55 79.0 6.3740506
496.8 79.0 6.2886076
490.05 79.0 6.2031646
473.85 79.0 5.998101
494.1 79.0 6.2544303
510.3 79.0 6.4594936
502.2 79.0 6.356962
496.8 79.0 6.2886076
496.8 79.0 6.2886076
502.2 79.0 6.356962
479.25 79.0 6.066456
484.65 79.0 6.13481
500.85 79.0 6.3398733
492.75 79.0 6.237342
481.95 79.0 6.100633
511.65 79.0 6.476582
508.95 79.0 6.442405
517.05 79.0 6.5449367
483.3 79.0 6.1177216
495.45 79.0 6.271519
490.05 79.0 6.2031646
487.35 79.0 6.1689873
480.6 79.0 6.0835443
500.85 79.0 6.3398733
477.9 79.0 6.049367
488.7 79.0 6.186076
498.15 79.0 6.305696
487.35 79.0 6.1689873
506.25 79.0 6.408228
488.7 79.0 6.186076
472.5 80.0 5.90625
479.25 80.0 5.990625
469.8 80.0 5.8725
456.30002 80.0 5.70375
479.25 80.0 5.990625
477.90002 80.0 5.97375
469.8 80.0 5.8725
463.05 80.0 5.788125
479.25 80.0 5.990625
472.5 80.0 5.90625
495.44998 80.0 6.193125
465.75 80.0 5.821875
495.44998 80.0 6.193125
457.65 80.0 5.720625
476.55 80.0 5.956875
467.09998 80.0 5.83875
475.2 80.0 5.94
465.75 80.0 5.821875
471.15002 80.0 5.889375
480.6 80.0 6.0075
463.05 80.0 5.788125
508.95 80.0 6.361875
463.05 80.0 5.788125
469.8 80.0 5.8725
475.2 80.0 5.94
483.30002 80.0 6.04125
467.09998 80.0 5.83875
491.4 80.0 6.1425
469.8 80.0 5.8725
453.6 80.0 5.67
468.45 80.0 5.855625
476.55 80.0 5.956875
495.44998 80.0 6.193125
465.75 80.0 5.821875
464.4 80.0 5.805
473.84998 80.0 5.923125
475.2 80.0 5.94
477.90002 80.0 5.97375
468.45 80.0 5.855625
473.84998 80.0 5.923125
472.5 80.0 5.90625
448.2 81.0 5.5333333
452.25 81.0 5.5833335
459.0 81.0 5.6666665
452.25 81.0 5.5833335
461.69998 81.0 5.7
449.55002 81.0 5.55
442.8 81.0 5.4666667
446.85 81.0 5.516667
450.9 81.0 5.5666666
454.95 81.0 5.616667
452.25 81.0 5.5833335
457.65 81.0 5.65
441.44998 81.0 5.45
442.8 81.0 5.4666667
454.95 81.0 5.616667
450.9 81.0 5.5666666
461.69998 81.0 5.7
453.6 81.0 5.6
441.44998 81.0 5.45
464.4 81.0 5.733333
440.1 81.0 5.4333334
453.6 81.0 5.6
446.85 81.0 5.516667
460.35 81.0 5.6833334
456.3 81.0 5.633333
465.75 81.0 5.75
450.9 81.0 5.5666666
444.15 81.0 5.483333
441.44998 81.0 5.45
452.25 81.0 5.5833335
440.1 81.0 5.4333334
448.2 81.0 5.5333333
438.75 81.0 5.4166665
444.15 81.0 5.483333
456.3 81.0 5.633333
436.05 81.0 5.383333
450.9 81.0 5.5666666
450.9 81.0 5.5666666
459.0 81.0 5.6666665
437.4 81.0 5.4
446.85 81.0 5.516667
425.25 82.0 5.1859756
436.05 82.0 5.3176827
421.19998 82.0 5.136585
409.05002 82.0 4.988415
434.69998 82.0 5.3012195
423.9 82.0 5.1695123
430.65 82.0 5.251829
430.65 82.0 5.251829
418.5 82.0 5.1036587
425.25 82.0 5.1859756
414.45 82.0 5.0542684
425.25 82.0 5.1859756
434.69998 82.0 5.3012195
432.00003 82.0 5.268293
430.65 82.0 5.251829
430.65 82.0 5.251829
425.25 82.0 5.1859756
415.8 82.0 5.0707316
421.19998 82.0 5.136585
427.95 82.0 5.2189026
423.9 82.0 5.1695123
423.9 82.0 5.1695123
433.35 82.0 5.284756
414.45 82.0 5.0542684
438.75 82.0 5.35061
426.59998 82.0 5.202439
442.80002 82.0 5.4
407.69998 82.0 4.971951
437.40002 82.0 5.3341465
426.59998 82.0 5.202439
421.19998 82.0 5.136585
430.65 82.0 5.251829
437.40002 82.0 5.3341465
426.59998 82.0 5.202439
436.05 82.0 5.3176827
426.59998 82.0 5.202439
418.5 82.0 5.1036587
427.95 82.0 5.2189026
417.15 82.0 5.087195
426.59998 82.0 5.202439
434.69998 82.0 5.3012195
415.80002 83.0 5.009639
403.65 83.0 4.863253
417.15 83.0 5.0259037
407.7 83.0 4.9120483
411.75003 83.0 4.9608436
407.7 83.0 4.9120483
417.15 83.0 5.0259037
391.5 83.0 4.7168674
414.44998 83.0 4.9933734
399.6 83.0 4.814458
394.2 83.0 4.7493978
390.15002 83.0 4.7006025
394.2 83.0 4.7493978
405.0 83.0 4.879518
403.65 83.0 4.863253
415.80002 83.0 5.009639
406.34998 83.0 4.895783
396.9 83.0 4.7819276
406.34998 83.0 4.895783
399.6 83.0 4.814458
417.15 83.0 5.0259037
409.05 83.0 4.9283133
403.65 83.0 4.863253
411.75003 83.0 4.9608436
413.1 83.0 4.9771085
402.3 83.0 4.8469877
413.1 83.0 4.9771085
409.05 83.0 4.9283133
411.75003 83.0 4.9608436
400.94998 83.0 4.830723
398.25003 83.0 4.798193
413.1 83.0 4.9771085
395.55 83.0 4.7656627
399.6 83.0 4.814458
414.44998 83.0 4.9933734
402.3 83.0 4.8469877
395.55 83.0 4.7656627
409.05 83.0 4.9283133
410.4 83.0 4.944578
406.34998 83.0 4.895783
405.0 83.0 4.879518
386.09998 84.0 4.5964284
376.65002 84.0 4.4839287
386.09998 84.0 4.5964284
390.15 84.0 4.644643
383.4 84.0 4.5642858
378.0 84.0 4.5
382.05002 84.0 4.5482144
376.65002 84.0 4.4839287
373.94998 84.0 4.4517856
387.45 84.0 4.6125
383.4 84.0 4.5642858
361.8 84.0 4.3071427
382.05002 84.0 4.5482144
375.30002 84.0 4.4678574
387.45 84.0 4.6125
383.4 84.0 4.5642858
394.2 84.0 4.6928573
380.69998 84.0 4.5321426
367.19998 84.0 4.3714285
360.45 84.0 4.2910714
369.90002 84.0 4.4035716
365.85 84.0 4.355357
380.69998 84.0 4.5321426
382.05002 84.0 4.5482144
376.65002 84.0 4.4839287
382.05002 84.0 4.5482144
388.80002 84.0 4.6285715
388.80002 84.0 4.6285715
367.19998 84.0 4.3714285
356.4 84.0 4.242857
384.75 84.0 4.580357
379.34998 84.0 4.5160713
369.90002 84.0 4.4035716
380.69998 84.0 4.5321426
386.09998 84.0 4.5964284
372.6 84.0 4.4357142
392.85 84.0 4.676786
383.4 84.0 4.5642858
396.9 84.0 4.725
379.34998 84.0 4.5160713
382.05002 84.0 4.5482144
346.95 85.0 4.0817647
351.0 85.0 4.1294117
349.65 85.0 4.113529
364.5 85.0 4.288235
345.59998 85.0 4.065882
361.80002 85.0 4.2564707
359.09998 85.0 4.2247057
355.05 85.0 4.1770587
364.5 85.0 4.288235
359.09998 85.0 4.2247057
364.5 85.0 4.288235
369.9 85.0 4.3517647
348.30002 85.0 4.097647
357.75 85.0 4.2088237
361.80002 85.0 4.2564707
361.80002 85.0 4.2564707
371.25 85.0 4.367647
355.05 85.0 4.1770587
372.59998 85.0 4.383529
373.94998 85.0 4.3994117
353.7 85.0 4.1611767
363.15002 85.0 4.272353
365.85 85.0 4.3041177
356.4 85.0 4.192941
360.44998 85.0 4.240588
355.05 85.0 4.1770587
360.44998 85.0 4.240588
365.85 85.0 4.3041177
356.4 85.0 4.192941
355.05 85.0 4.1770587
356.4 85.0 4.192941
361.80002 85.0 4.2564707
364.5 85.0 4.288235
356.4 85.0 4.192941
353.7 85.0 4.1611767
357.75 85.0 4.2088237
355.05 85.0 4.1770587
357.75 85.0 4.2088237
357.75 85.0 4.2088237
346.95 85.0 4.0817647
364.5 85.0 4.288235
319.95 86.0 3.7203488
321.30002 86.0 3.7360466
328.05 86.0 3.814535
332.1 86.0 3.8616278
342.9 86.0 3.9872093
333.44998 86.0 3.8773255
350.99997 86.0 4.081395
340.19998 86.0 3.955814
346.94998 86.0 4.034302
324.0 86.0 3.7674417
341.55 86.0 3.9715116
336.15 86.0 3.908721
349.65 86.0 4.0656977
338.84998 86.0 3.9401162
333.44998 86.0 3.8773255
325.35 86.0 3.7831395
344.25 86.0 4.002907
329.4 86.0 3.8302326
338.84998 86.0 3.9401162
341.55 86.0 3.9715116
338.84998 86.0 3.9401162
325.35 86.0 3.7831395
328.05 86.0 3.814535
334.8 86.0 3.8930233
344.25 86.0 4.002907
340.19998 86.0 3.955814
344.25 86.0 4.002907
319.95 86.0 3.7203488
319.95 86.0 3.7203488
337.5 86.0 3.9244187
324.0 86.0 3.7674417
333.44998 86.0 3.8773255
329.4 86.0 3.8302326
336.15 86.0 3.908721
328.05 86.0 3.814535
334.8 86.0 3.8930233
333.44998 86.0 3.8773255
340.19998 86.0 3.955814
342.9 86.0 3.9872093
338.84998 86.0 3.9401162
338.84998 86.0 3.9401162
313.19998 87.0 3.6
311.85 87.0 3.5844827
317.25 87.0 3.6465516
322.65 87.0 3.7086208
318.6 87.0 3.662069
309.15 87.0 3.5534482
301.05 87.0 3.4603448
322.65 87.0 3.7086208
315.9 87.0 3.6310344
314.55 87.0 3.6155171
317.25 87.0 3.6465516
307.8 87.0 3.537931
299.7 87.0 3.4448276
303.75 87.0 3.4913793
295.65 87.0 3.3982759
303.75 87.0 3.4913793
307.8 87.0 3.537931
299.7 87.0 3.4448276
321.30002 87.0 3.6931036
302.4 87.0 3.475862
322.65 87.0 3.7086208
307.8 87.0 3.537931
317.25 87.0 3.6465516
322.65 87.0 3.7086208
317.25 87.0 3.6465516
307.8 87.0 3.537931
310.5 87.0 3.5689654
298.35 87.0 3.4293103
324.0 87.0 3.724138
311.85 87.0 3.5844827
322.65 87.0 3.7086208
322.65 87.0 3.7086208
315.9 87.0 3.6310344
302.4 87.0 3.475862
313.19998 87.0 3.6
303.75 87.0 3.4913793
319.95 87.0 3.6775863
318.6 87.0 3.662069
309.15 87.0 3.5534482
313.19998 87.0 3.6
313.19998 87.0 3.6
279.44998 88.0 3.175568
291.6 88.0 3.3136363
292.95 88.0 3.3289773
276.75 88.0 3.1448863
283.5 88.0 3.221591
295.65002 88.0 3.3596592
295.65002 88.0 3.3596592
294.3 88.0 3.3443182
286.2 88.0 3.2522728
276.75 88.0 3.1448863
294.3 88.0 3.3443182
283.5 88.0 3.221591
283.5 88.0 3.221591
294.3 88.0 3.3443182
282.15 88.0 3.20625
286.2 88.0 3.2522728
290.25 88.0 3.2982955
294.3 88.0 3.3443182
286.2 88.0 3.2522728
288.9 88.0 3.2829545
288.9 88.0 3.2829545
292.95 88.0 3.3289773
288.9 88.0 3.2829545
288.9 88.0 3.2829545
294.3 88.0 3.3443182
291.6 88.0 3.3136363
294.3 88.0 3.3443182
278.1 88.0 3.1602273
286.2 88.0 3.2522728
294.3 88.0 3.3443182
292.95 88.0 3.3289773
283.5 88.0 3.221591
292.95 88.0 3.3289773
283.5 88.0 3.221591
276.75 88.0 3.1448863
280.80002 88.0 3.1909091
291.6 88.0 3.3136363
292.95 88.0 3.3289773
294.3 88.0 3.3443182
290.25 88.0 3.2982955
286.2 88.0 3.2522728
260.55002 89.0 2.9275281
263.25 89.0 2.9578652
259.19998 89.0 2.9123595
264.6 89.0 2.9730337
267.3 89.0 3.0033708
249.75 89.0 2.8061798
274.05 89.0 3.0792134
263.25 89.0 2.9578652
264.6 89.0 2.9730337
252.45 89.0 2.8365169
260.55002 89.0 2.9275281
259.19998 89.0 2.9123595
272.7 89.0 3.064045
256.5 89.0 2.8820224
265.95 89.0 2.9882023
261.9 89.0 2.9426966
270.0 89.0 3.0337079
267.3 89.0 3.0033708
259.19998 89.0 2.9123595
272.7 89.0 3.064045
253.79999 89.0 2.8516853
263.25 89.0 2.9578652
263.25 89.0 2.9578652
252.45 89.0 2.8365169
259.19998 89.0 2.9123595
255.15001 89.0 2.866854
271.34998 89.0 3.0488763
253.79999 89.0 2.8516853
259.19998 89.0 2.9123595
267.3 89.0 3.0033708
253.79999 89.0 2.8516853
270.0 89.0 3.0337079
256.5 89.0 2.8820224
256.5 89.0 2.8820224
263.25 89.0 2.9578652
252.45 89.0 2.8365169
255.15001 89.0 2.866854
261.9 89.0 2.9426966
280.80002 89.0 3.1550562
272.7 89.0 3.064045
257.85 89.0 2.897191
245.7 90.0 2.73
234.9 90.0 2.61
243.0 90.0 2.7
238.95 90.0 2.655
230.85 90.0 2.565
241.65 90.0 2.685
247.04999 90.0 2.745
244.34999 90.0 2.715
237.6 90.0 2.64
237.6 90.0 2.64
237.6 90.0 2.64
232.2 90.0 2.58
243.0 90.0 2.7
243.0 90.0 2.7
230.85 90.0 2.565
232.2 90.0 2.58
237.6 90.0 2.64
233.55 90.0 2.595
237.6 90.0 2.64
247.04999 90.0 2.745
230.85 90.0 2.565
236.25 90.0 2.625
238.95 90.0 2.655
238.95 90.0 2.655
228.15001 90.0 2.535
234.9 90.0 2.61
249.75002 90.0 2.775
245.7 90.0 2.73
245.7 90.0 2.73
238.95 90.0 2.655
233.55 90.0 2.595
245.7 90.0 2.73
238.95 90.0 2.655
237.6 90.0 2.64
233.55 90.0 2.595
238.95 90.0 2.655
237.6 90.0 2.64
236.25 90.0 2.625
232.2 90.0 2.58
244.34999 90.0 2.715
243.0 90.0 2.7
