0.3 10001 27
0.3 10002 27
0.3 10003 27
0.3 10004 54
0.3 10005 81
0.3 10006 54
0.3 10007 27
0.3 10008 0
0.3 10009 27
0.3 10010 0
0.3 10011 0
0.3 10012 0
0.3 10013 27
0.3 10014 27
0.3 10015 27
0.3 10016 54
0.3 10017 81
0.3 10018 81
0.3 10019 81
0.3 10020 81
0.3 10021 108
0.3 10022 27
0.3 10023 54
0.3 10024 54
0.3 10025 81
0.3 10026 81
0.3 10027 108
0.3 10028 108
0.3 10029 135
0.3 10030 108
0.3 10031 135
0.3 10032 135
0.3 10033 135
0.3 10034 27
0.3 10035 54
0.3 10036 0
0.3 10037 0
0.3 10038 0
0.3 10039 0
0.3 10040 0
0.3 10041 0
0.3 10042 27
0.3 10043 0
0.3 10044 0
0.3 10045 0
0.3 10046 0
0.3 10047 27
0.3 10048 54
0.3 10049 81
0.3 10050 108
0.3 10051 135
0.3 10052 81
0.3 10053 54
0.3 10054 0
0.3 10055 27
0.3 10056 27
0.3 10057 27
0.3 10058 0
0.3 10059 0
0.3 10060 0
0.3 10061 0
0.3 10062 0
0.3 10063 0
0.3 10064 0
0.3 10065 0
0.3 10066 0
0.3 10067 27
0.3 10068 54
0.3 10069 81
0.3 10070 54
0.3 10071 0
0.3 10072 0
0.3 10073 27
0.3 10074 0
0.3 10075 0
0.3 10076 0
0.3 10077 0
0.3 10078 27
0.3 10079 0
0.3 10080 0
0.3 10081 0
0.3 10082 27
0.3 10083 27
0.3 10084 27
0.3 10085 54
0.3 10086 0
0.3 10087 0
0.3 10088 27
0.3 10089 0
0.3 10090 0
0.3 10091 27
0.3 10092 27
0.3 10093 54
0.3 10094 54
0.3 10095 81
0.3 10096 108
0.3 10097 135
0.3 10098 135
0.3 10099 135
0.3 10100 135
0.3 10101 135
0.3 10102 135
0.3 10103 135
0.3 10104 108
0.3 10105 108
0.3 10106 108
0.3 10107 27
0.3 10108 0
0.3 10109 0
0.3 10110 0
0.3 10111 0
0.3 10112 0
0.3 10113 0
0.3 10114 0
0.3 10115 0
0.3 10116 0
0.3 10117 0
0.3 10118 27
0.3 10119 0
0.3 10120 27
0.3 10121 0
0.3 10122 0
0.3 10123 0
0.3 10124 0
0.3 10125 0
0.3 10126 0
0.3 10127 27
0.3 10128 54
0.3 10129 54
0.3 10130 27
0.3 10131 0
0.3 10132 27
0.3 10133 54
0.3 10134 54
0.3 10135 0
0.3 10136 0
0.3 10137 27
0.3 10138 0
0.3 10139 0
0.3 10140 0
0.3 10141 0
0.3 10142 0
0.3 10143 0
0.3 10144 27
0.3 10145 54
0.3 10146 54
0.3 10147 81
0.3 10148 108
0.3 10149 135
0.3 10150 27
0.3 10151 0
0.3 10152 0
0.3 10153 27
0.3 10154 0
0.3 10155 0
0.3 10156 0
0.3 10157 27
0.3 10158 0
0.3 10159 0
0.3 10160 27
0.3 10161 0
0.3 10162 0
0.3 10163 0
0.3 10164 27
0.3 10165 54
0.3 10166 81
0.3 10167 108
0.3 10168 135
0.3 10169 108
0.3 10170 0
0.3 10171 0
0.3 10172 0
0.3 10173 0
0.3 10174 0
0.3 10175 27
0.3 10176 54
0.3 10177 0
0.3 10178 0
0.3 10179 27
0.3 10180 0
0.3 10181 0
0.3 10182 27
0.3 10183 0
0.3 10184 0
0.3 10185 27
0.3 10186 0
0.3 10187 0
0.3 10188 27
0.3 10189 0
0.3 10190 27
0.3 10191 54
0.3 10192 27
0.3 10193 27
0.3 10194 27
0.3 10195 54
0.3 10196 54
0.3 10197 54
0.3 10198 54
0.3 10199 0
0.3 10200 0
0.3 10201 0
0.3 10202 0
0.3 10203 0
0.3 10204 0
0.3 10205 0
0.3 10206 27
0.3 10207 0
0.3 10208 27
0.3 10209 54
0.3 10210 81
0.3 10211 0
0.3 10212 0
0.3 10213 0
0.3 10214 27
0.3 10215 54
0.3 10216 54
0.3 10217 81
0.3 10218 108
0.3 10219 135
0.3 10220 108
0.3 10221 54
0.3 10222 0
0.3 10223 27
0.3 10224 54
0.3 10225 81
0.3 10226 108
0.3 10227 81
0.3 10228 108
0.3 10229 108
0.3 10230 135
0.3 10231 81
0.3 10232 108
0.3 10233 135
0.3 10234 135
0.3 10235 135
0.3 10236 135
0.3 10237 135
0.3 10238 135
0.3 10239 135
0.3 10240 135
0.3 10241 135
0.3 10242 135
0.3 10243 108
0.3 10244 135
0.3 10245 27
0.3 10246 0
0.3 10247 0
0.3 10248 0
0.3 10249 0
0.3 10250 0
0.3 10251 0
0.3 10252 0
0.3 10253 0
0.3 10254 0
0.3 10255 0
0.3 10256 0
0.3 10257 27
0.3 10258 0
0.3 10259 27
0.3 10260 0
0.3 10261 0
0.3 10262 27
0.3 10263 0
0.3 10264 27
0.3 10265 54
0.3 10266 81
0.3 10267 27
0.3 10268 54
0.3 10269 54
0.3 10270 54
0.3 10271 81
0.3 10272 81
0.3 10273 108
0.3 10274 81
0.3 10275 54
0.3 10276 81
0.3 10277 108
0.3 10278 81
0.3 10279 81
0.3 10280 108
0.3 10281 135
0.3 10282 108
0.3 10283 135
0.3 10284 81
0.3 10285 0
0.3 10286 0
0.3 10287 27
0.3 10288 54
0.3 10289 0
0.3 10290 0
0.3 10291 27
0.3 10292 27
0.3 10293 27
0.3 10294 0
0.3 10295 27
0.3 10296 27
0.3 10297 0
0.3 10298 27
0.3 10299 54
0.3 10300 54
0.3 10301 81
0.3 10302 81
0.3 10303 108
0.3 10304 135
0.3 10305 135
0.3 10306 135
0.3 10307 135
0.3 10308 108
0.3 10309 135
0.3 10310 81
0.3 10311 81
0.3 10312 81
0.3 10313 108
0.3 10314 54
0.3 10315 81
0.3 10316 108
0.3 10317 81
0.3 10318 0
0.3 10319 0
0.3 10320 0
0.3 10321 0
0.3 10322 0
0.3 10323 27
0.3 10324 0
0.3 10325 0
0.3 10326 0
0.3 10327 0
0.3 10328 0
0.3 10329 0
0.3 10330 0
0.3 10331 0
0.3 10332 27
0.3 10333 27
0.3 10334 27
0.3 10335 0
0.3 10336 27
0.3 10337 27
0.3 10338 0
0.3 10339 0
0.3 10340 27
0.3 10341 54
0.3 10342 27
0.3 10343 27
0.3 10344 27
0.3 10345 0
0.3 10346 0
0.3 10347 27
0.3 10348 27
0.3 10349 0
0.3 10350 0
0.3 10351 0
0.3 10352 0
0.3 10353 0
0.3 10354 0
0.3 10355 27
0.3 10356 0
0.3 10357 0
0.3 10358 27
0.3 10359 0
0.3 10360 27
0.3 10361 54
0.3 10362 54
0.3 10363 54
0.3 10364 0
0.3 10365 0
0.3 10366 27
0.3 10367 54
0.3 10368 54
0.3 10369 81
0.3 10370 54
0.3 10371 27
0.3 10372 0
0.3 10373 0
0.3 10374 27
0.3 10375 54
0.3 10376 54
0.3 10377 0
0.3 10378 0
0.3 10379 27
0.3 10380 0
0.3 10381 27
0.3 10382 27
0.3 10383 27
0.3 10384 27
0.3 10385 54
0.3 10386 54
0.3 10387 81
0.3 10388 81
0.3 10389 108
0.3 10390 135
0.3 10391 135
0.3 10392 135
0.3 10393 135
0.3 10394 135
0.3 10395 135
0.3 10396 135
0.3 10397 135
0.3 10398 135
0.3 10399 135
0.3 10400 135
0.3 10401 135
0.3 10402 0
0.3 10403 27
0.3 10404 0
0.3 10405 0
0.3 10406 0
0.3 10407 0
0.3 10408 0
0.3 10409 27
0.3 10410 0
0.3 10411 0
0.3 10412 27
0.3 10413 27
0.3 10414 0
0.3 10415 27
0.3 10416 27
0.3 10417 27
0.3 10418 27
0.3 10419 0
0.3 10420 27
0.3 10421 54
0.3 10422 0
0.3 10423 0
0.3 10424 0
0.3 10425 27
0.3 10426 0
0.3 10427 0
0.3 10428 0
0.3 10429 0
0.3 10430 0
0.3 10431 0
0.3 10432 0
0.3 10433 0
0.3 10434 27
0.3 10435 0
0.3 10436 0
0.3 10437 0
0.3 10438 0
0.3 10439 0
0.3 10440 0
0.3 10441 27
0.3 10442 54
0.3 10443 27
0.3 10444 0
0.3 10445 0
0.3 10446 0
0.3 10447 27
0.3 10448 54
0.3 10449 81
0.3 10450 108
0.3 10451 54
0.3 10452 27
0.3 10453 0
0.3 10454 27
0.3 10455 27
0.3 10456 27
0.3 10457 0
0.3 10458 27
0.3 10459 27
0.3 10460 54
0.3 10461 81
0.3 10462 81
0.3 10463 108
0.3 10464 108
0.3 10465 0
0.3 10466 0
0.3 10467 27
0.3 10468 0
0.3 10469 0
0.3 10470 0
0.3 10471 0
0.3 10472 27
0.3 10473 27
0.3 10474 0
0.3 10475 0
0.3 10476 0
0.3 10477 0
0.3 10478 0
0.3 10479 27
0.3 10480 0
0.3 10481 0
0.3 10482 0
0.3 10483 0
0.3 10484 0
0.3 10485 27
0.3 10486 0
0.3 10487 27
0.3 10488 0
0.3 10489 0
0.3 10490 0
0.3 10491 0
0.3 10492 27
0.3 10493 27
0.3 10494 0
0.3 10495 0
0.3 10496 0
0.3 10497 0
0.3 10498 0
0.3 10499 0
0.3 10500 0
0.3 10501 27
0.3 10502 54
0.3 10503 54
0.3 10504 27
0.3 10505 27
0.3 10506 54
0.3 10507 27
0.3 10508 0
0.3 10509 0
0.3 10510 0
0.3 10511 27
0.3 10512 27
0.3 10513 0
0.3 10514 0
0.3 10515 0
0.3 10516 27
0.3 10517 54
0.3 10518 81
0.3 10519 81
0.3 10520 54
0.3 10521 81
0.3 10522 81
0.3 10523 108
0.3 10524 27
0.3 10525 0
0.3 10526 0
0.3 10527 27
0.3 10528 27
0.3 10529 27
0.3 10530 27
0.3 10531 0
0.3 10532 27
0.3 10533 54
0.3 10534 81
0.3 10535 27
0.3 10536 0
0.3 10537 0
0.3 10538 27
0.3 10539 0
0.3 10540 0
0.3 10541 0
0.3 10542 0
0.3 10543 27
0.3 10544 0
0.3 10545 0
0.3 10546 27
0.3 10547 0
0.3 10548 27
0.3 10549 54
0.3 10550 54
0.3 10551 0
0.3 10552 27
0.3 10553 27
0.3 10554 0
0.3 10555 0
0.3 10556 27
0.3 10557 27
0.3 10558 54
0.3 10559 27
0.3 10560 27
0.3 10561 0
0.3 10562 0
0.3 10563 0
0.3 10564 27
0.3 10565 27
0.3 10566 27
0.3 10567 27
0.3 10568 54
0.3 10569 0
0.3 10570 0
0.3 10571 0
0.3 10572 0
0.3 10573 0
0.3 10574 0
0.3 10575 0
0.3 10576 27
0.3 10577 27
0.3 10578 27
0.3 10579 54
0.3 10580 27
0.3 10581 0
0.3 10582 0
0.3 10583 27
0.3 10584 54
0.3 10585 81
0.3 10586 81
0.3 10587 81
0.3 10588 108
0.3 10589 108
0.3 10590 81
0.3 10591 0
0.3 10592 27
0.3 10593 0
0.3 10594 0
0.3 10595 0
0.3 10596 0
0.3 10597 27
0.3 10598 0
0.3 10599 0
0.3 10600 27
0.3 10601 0
0.3 10602 0
0.3 10603 27
0.3 10604 27
0.3 10605 54
0.3 10606 54
0.3 10607 27
0.3 10608 27
0.3 10609 0
0.3 10610 27
0.3 10611 27
0.3 10612 0
0.3 10613 0
0.3 10614 0
0.3 10615 0
0.3 10616 0
0.3 10617 27
0.3 10618 0
0.3 10619 0
0.3 10620 27
0.3 10621 27
0.3 10622 54
0.3 10623 54
0.3 10624 54
0.3 10625 0
0.3 10626 27
0.3 10627 0
0.3 10628 0
0.3 10629 0
0.3 10630 0
0.3 10631 0
0.3 10632 0
0.3 10633 0
0.3 10634 0
0.3 10635 0
0.3 10636 0
0.3 10637 27
0.3 10638 0
0.3 10639 0
0.3 10640 0
0.3 10641 0
0.3 10642 0
0.3 10643 0
0.3 10644 27
0.3 10645 54
0.3 10646 54
0.3 10647 81
0.3 10648 0
0.3 10649 27
0.3 10650 0
0.3 10651 0
0.3 10652 0
0.3 10653 27
0.3 10654 27
0.3 10655 0
0.3 10656 27
0.3 10657 0
0.3 10658 27
0.3 10659 54
0.3 10660 81
0.3 10661 81
0.3 10662 27
0.3 10663 0
0.3 10664 27
0.3 10665 27
0.3 10666 0
0.3 10667 0
0.3 10668 27
0.3 10669 54
0.3 10670 81
0.3 10671 27
0.3 10672 0
0.3 10673 27
0.3 10674 54
0.3 10675 81
0.3 10676 54
0.3 10677 54
0.3 10678 81
0.3 10679 108
0.3 10680 135
0.3 10681 135
0.3 10682 135
0.3 10683 135
0.3 10684 108
0.3 10685 135
0.3 10686 135
0.3 10687 135
0.3 10688 108
0.3 10689 135
0.3 10690 135
0.3 10691 81
0.3 10692 108
0.3 10693 135
0.3 10694 108
0.3 10695 135
0.3 10696 135
0.3 10697 0
0.3 10698 0
0.3 10699 27
0.3 10700 54
0.3 10701 81
0.3 10702 108
0.3 10703 81
0.3 10704 27
0.3 10705 54
0.3 10706 54
0.3 10707 54
0.3 10708 81
0.3 10709 108
0.3 10710 135
0.3 10711 108
0.3 10712 135
0.3 10713 135
0.3 10714 135
0.3 10715 108
0.3 10716 135
0.3 10717 108
0.3 10718 135
0.3 10719 135
0.3 10720 135
0.3 10721 135
0.3 10722 135
0.3 10723 135
0.3 10724 135
0.3 10725 135
0.3 10726 135
0.3 10727 108
0.3 10728 108
0.3 10729 108
0.3 10730 135
0.3 10731 27
0.3 10732 0
0.3 10733 0
0.3 10734 27
0.3 10735 27
0.3 10736 0
0.3 10737 27
0.3 10738 0
0.3 10739 0
0.3 10740 0
0.3 10741 0
0.3 10742 27
0.3 10743 27
0.3 10744 27
0.3 10745 54
0.3 10746 81
0.3 10747 108
0.3 10748 135
0.3 10749 0
0.3 10750 0
0.3 10751 0
0.3 10752 0
0.3 10753 0
0.3 10754 0
0.3 10755 0
0.3 10756 0
0.3 10757 0
0.3 10758 0
0.3 10759 0
0.3 10760 0
0.3 10761 0
0.3 10762 0
0.3 10763 27
0.3 10764 27
0.3 10765 54
0.3 10766 27
0.3 10767 54
0.3 10768 81
0.3 10769 54
0.3 10770 0
0.3 10771 0
0.3 10772 0
0.3 10773 0
0.3 10774 0
0.3 10775 0
0.3 10776 0
0.3 10777 27
0.3 10778 54
0.3 10779 0
0.3 10780 27
0.3 10781 0
0.3 10782 0
0.3 10783 0
0.3 10784 27
0.3 10785 54
0.3 10786 81
0.3 10787 108
0.3 10788 135
0.3 10789 108
0.3 10790 135
0.3 10791 135
0.3 10792 135
0.3 10793 108
0.3 10794 135
0.3 10795 135
0.3 10796 27
0.3 10797 0
0.3 10798 0
0.3 10799 0
0.3 10800 0
0.3 10801 27
0.3 10802 54
0.3 10803 0
0.3 10804 0
0.3 10805 0
0.3 10806 27
0.3 10807 27
0.3 10808 0
0.3 10809 0
0.3 10810 0
0.3 10811 27
0.3 10812 54
0.3 10813 81
0.3 10814 81
0.3 10815 27
0.3 10816 54
0.3 10817 27
0.3 10818 54
0.3 10819 54
0.3 10820 81
0.3 10821 108
0.3 10822 135
0.3 10823 108
0.3 10824 108
0.3 10825 108
0.3 10826 108
0.3 10827 54
0.3 10828 0
0.3 10829 27
0.3 10830 27
0.3 10831 54
0.3 10832 0
0.3 10833 0
0.3 10834 0
0.3 10835 0
0.3 10836 0
0.3 10837 0
0.3 10838 27
0.3 10839 0
0.3 10840 0
0.3 10841 27
0.3 10842 0
0.3 10843 27
0.3 10844 27
0.3 10845 0
0.3 10846 0
0.3 10847 0
0.3 10848 0
0.3 10849 27
0.3 10850 0
0.3 10851 27
0.3 10852 27
0.3 10853 54
0.3 10854 0
0.3 10855 0
0.3 10856 0
0.3 10857 0
0.3 10858 0
0.3 10859 0
0.3 10860 0
0.3 10861 27
0.3 10862 54
0.3 10863 0
0.3 10864 0
0.3 10865 27
0.3 10866 54
0.3 10867 0
0.3 10868 27
0.3 10869 0
0.3 10870 0
0.3 10871 0
0.3 10872 0
0.3 10873 27
0.3 10874 0
0.3 10875 27
0.3 10876 0
0.3 10877 0
0.3 10878 27
0.3 10879 0
0.3 10880 0
0.3 10881 27
0.3 10882 0
0.3 10883 0
0.3 10884 0
0.3 10885 0
0.3 10886 0
0.3 10887 0
0.3 10888 0
0.3 10889 0
0.3 10890 27
0.3 10891 0
0.3 10892 0
0.3 10893 0
0.3 10894 27
0.3 10895 0
0.3 10896 0
0.3 10897 0
0.3 10898 0
0.3 10899 0
0.3 10900 0
0.3 10901 0
0.3 10902 0
0.3 10903 0
0.3 10904 27
0.3 10905 27
0.3 10906 0
0.3 10907 0
0.3 10908 0
0.3 10909 27
0.3 10910 0
0.3 10911 0
0.3 10912 0
0.3 10913 27
0.3 10914 27
0.3 10915 27
0.3 10916 0
0.3 10917 0
0.3 10918 27
0.3 10919 54
0.3 10920 81
0.3 10921 27
0.3 10922 27
0.3 10923 27
0.3 10924 54
0.3 10925 81
0.3 10926 81
0.3 10927 0
0.3 10928 0
0.3 10929 0
0.3 10930 27
0.3 10931 0
0.3 10932 0
0.3 10933 0
0.3 10934 0
0.3 10935 27
0.3 10936 0
0.3 10937 27
0.3 10938 0
0.3 10939 0
0.3 10940 27
0.3 10941 0
0.3 10942 27
0.3 10943 0
0.3 10944 0
0.3 10945 27
0.3 10946 27
0.3 10947 27
0.3 10948 54
0.3 10949 54
0.3 10950 54
0.3 10951 0
0.3 10952 0
0.3 10953 0
0.3 10954 0
0.3 10955 0
0.3 10956 27
0.3 10957 27
0.3 10958 54
0.3 10959 0
0.3 10960 0
0.3 10961 0
0.3 10962 0
0.3 10963 27
0.3 10964 0
0.3 10965 27
0.3 10966 27
0.3 10967 0
0.3 10968 0
0.3 10969 0
0.3 10970 0
0.3 10971 0
0.3 10972 0
0.3 10973 0
0.3 10974 0
0.3 10975 0
0.3 10976 0
0.3 10977 0
0.3 10978 27
0.3 10979 0
0.3 10980 27
0.3 10981 54
0.3 10982 54
0.3 10983 27
0.3 10984 54
0.3 10985 27
0.3 10986 27
0.3 10987 54
0.3 10988 0
0.3 10989 0
0.3 10990 0
0.3 10991 0
0.3 10992 0
0.3 10993 27
0.3 10994 54
0.3 10995 0
0.3 10996 27
0.3 10997 27
0.3 10998 27
0.3 10999 27
0.3 11000 54
0.3 11001 54
0.3 11002 81
0.3 11003 108
0.3 11004 108
0.3 11005 135
0.3 11006 135
0.3 11007 135
0.3 11008 135
0.3 11009 135
0.3 11010 108
0.3 11011 135
0.3 11012 135
0.3 11013 135
0.3 11014 108
0.3 11015 135
0.3 11016 108
0.3 11017 135
0.3 11018 108
0.3 11019 27
0.3 11020 0
0.3 11021 0
0.3 11022 27
0.3 11023 27
0.3 11024 27
0.3 11025 54
0.3 11026 0
0.3 11027 0
0.3 11028 0
0.3 11029 27
0.3 11030 54
0.3 11031 54
0.3 11032 81
0.3 11033 108
0.3 11034 135
0.3 11035 0
0.3 11036 0
0.3 11037 27
0.3 11038 0
0.3 11039 27
0.3 11040 27
0.3 11041 0
0.3 11042 27
0.3 11043 0
0.3 11044 0
0.3 11045 0
0.3 11046 0
0.3 11047 27
0.3 11048 54
0.3 11049 27
0.3 11050 27
0.3 11051 54
0.3 11052 54
0.3 11053 81
0.3 11054 108
0.3 11055 108
0.3 11056 81
0.3 11057 0
0.3 11058 0
0.3 11059 27
0.3 11060 27
0.3 11061 0
0.3 11062 0
0.3 11063 0
0.3 11064 0
0.3 11065 0
0.3 11066 0
0.3 11067 0
0.3 11068 0
0.3 11069 0
0.3 11070 0
0.3 11071 0
0.3 11072 0
0.3 11073 27
0.3 11074 54
0.3 11075 27
0.3 11076 27
0.3 11077 0
0.3 11078 0
0.3 11079 0
0.3 11080 27
0.3 11081 54
0.3 11082 0
0.3 11083 0
0.3 11084 0
0.3 11085 0
0.3 11086 0
0.3 11087 0
0.3 11088 27
0.3 11089 0
0.3 11090 0
0.3 11091 27
0.3 11092 0
0.3 11093 27
0.3 11094 0
0.3 11095 0
0.3 11096 27
0.3 11097 27
0.3 11098 0
0.3 11099 0
0.3 11100 27
0.3 11101 27
0.3 11102 27
0.3 11103 27
0.3 11104 27
0.3 11105 54
0.3 11106 0
0.3 11107 0
0.3 11108 0
0.3 11109 0
0.3 11110 0
0.3 11111 0
0.3 11112 0
0.3 11113 27
0.3 11114 27
0.3 11115 54
0.3 11116 81
0.3 11117 108
0.3 11118 135
0.3 11119 135
0.3 11120 135
0.3 11121 135
0.3 11122 135
0.3 11123 135
0.3 11124 108
0.3 11125 135
0.3 11126 135
0.3 11127 135
0.3 11128 135
0.3 11129 108
0.3 11130 135
0.3 11131 108
0.3 11132 135
0.3 11133 135
0.3 11134 135
0.3 11135 54
0.3 11136 0
0.3 11137 0
0.3 11138 27
0.3 11139 27
0.3 11140 54
0.3 11141 27
0.3 11142 27
0.3 11143 0
0.3 11144 27
0.3 11145 54
0.3 11146 27
0.3 11147 0
0.3 11148 0
0.3 11149 0
0.3 11150 0
0.3 11151 0
0.3 11152 27
0.3 11153 0
0.3 11154 0
0.3 11155 0
0.3 11156 0
0.3 11157 27
0.3 11158 0
0.3 11159 0
0.3 11160 27
0.3 11161 0
0.3 11162 0
0.3 11163 0
0.3 11164 0
0.3 11165 0
0.3 11166 0
0.3 11167 0
0.3 11168 27
0.3 11169 54
0.3 11170 27
0.3 11171 27
0.3 11172 27
0.3 11173 27
0.3 11174 54
0.3 11175 54
0.3 11176 54
0.3 11177 54
0.3 11178 0
0.3 11179 27
0.3 11180 27
0.3 11181 0
0.3 11182 0
0.3 11183 0
0.3 11184 27
0.3 11185 0
0.3 11186 27
0.3 11187 0
0.3 11188 27
0.3 11189 54
0.3 11190 54
0.3 11191 0
0.3 11192 0
0.3 11193 27
0.3 11194 0
0.3 11195 0
0.3 11196 27
0.3 11197 54
0.3 11198 54
0.3 11199 54
0.3 11200 27
0.3 11201 54
0.3 11202 54
0.3 11203 81
0.3 11204 108
0.3 11205 135
0.3 11206 135
0.3 11207 135
0.3 11208 135
0.3 11209 135
0.3 11210 108
0.3 11211 0
0.3 11212 27
0.3 11213 0
0.3 11214 27
0.3 11215 27
0.3 11216 0
0.3 11217 0
0.3 11218 27
0.3 11219 0
0.3 11220 27
0.3 11221 27
0.3 11222 0
0.3 11223 27
0.3 11224 0
0.3 11225 0
0.3 11226 27
0.3 11227 0
0.3 11228 27
0.3 11229 0
0.3 11230 0
0.3 11231 0
0.3 11232 27
0.3 11233 0
0.3 11234 0
0.3 11235 0
0.3 11236 0
0.3 11237 0
0.3 11238 0
0.3 11239 0
0.3 11240 0
0.3 11241 0
0.3 11242 0
0.3 11243 0
0.3 11244 0
0.3 11245 0
0.3 11246 0
0.3 11247 0
0.3 11248 27
0.3 11249 27
0.3 11250 54
0.3 11251 54
0.3 11252 81
0.3 11253 54
0.3 11254 0
0.3 11255 0
0.3 11256 0
0.3 11257 27
0.3 11258 0
0.3 11259 27
0.3 11260 27
0.3 11261 27
0.3 11262 27
0.3 11263 54
0.3 11264 81
0.3 11265 108
0.3 11266 135
0.3 11267 108
0.3 11268 135
0.3 11269 135
0.3 11270 54
0.3 11271 27
0.3 11272 0
0.3 11273 0
0.3 11274 27
0.3 11275 0
0.3 11276 0
0.3 11277 0
0.3 11278 0
0.3 11279 0
0.3 11280 0
0.3 11281 27
0.3 11282 54
0.3 11283 81
0.3 11284 81
0.3 11285 27
0.3 11286 0
0.3 11287 0
0.3 11288 0
0.3 11289 0
0.3 11290 0
0.3 11291 0
0.3 11292 27
0.3 11293 54
0.3 11294 27
0.3 11295 54
0.3 11296 0
0.3 11297 27
0.3 11298 0
0.3 11299 0
0.3 11300 27
0.3 11301 0
0.3 11302 27
0.3 11303 27
0.3 11304 27
0.3 11305 0
0.3 11306 27
0.3 11307 54
0.3 11308 0
0.3 11309 0
0.3 11310 27
0.3 11311 0
0.3 11312 0
0.3 11313 0
0.3 11314 27
0.3 11315 27
0.3 11316 54
0.3 11317 81
0.3 11318 108
0.3 11319 135
0.3 11320 135
0.3 11321 108
0.3 11322 27
0.3 11323 0
0.3 11324 27
0.3 11325 0
0.3 11326 0
0.3 11327 0
0.3 11328 0
0.3 11329 27
0.3 11330 54
0.3 11331 0
0.3 11332 0
0.3 11333 0
0.3 11334 0
0.3 11335 0
0.3 11336 0
0.3 11337 0
0.3 11338 0
0.3 11339 27
0.3 11340 27
0.3 11341 0
0.3 11342 0
0.3 11343 0
0.3 11344 0
0.3 11345 0
0.3 11346 27
0.3 11347 27
0.3 11348 0
0.3 11349 27
0.3 11350 27
0.3 11351 0
0.3 11352 0
0.3 11353 0
0.3 11354 0
0.3 11355 27
0.3 11356 0
0.3 11357 0
0.3 11358 27
0.3 11359 54
0.3 11360 81
0.3 11361 81
0.3 11362 0
0.3 11363 27
0.3 11364 54
0.3 11365 0
0.3 11366 27
0.3 11367 54
0.3 11368 54
0.3 11369 81
0.3 11370 108
0.3 11371 54
0.3 11372 27
0.3 11373 54
0.3 11374 27
0.3 11375 54
0.3 11376 81
0.3 11377 108
0.3 11378 54
0.3 11379 54
0.3 11380 81
0.3 11381 108
0.3 11382 81
0.3 11383 81
0.3 11384 108
0.3 11385 135
0.3 11386 135
0.3 11387 108
0.3 11388 135
0.3 11389 108
0.3 11390 135
0.3 11391 135
0.3 11392 108
0.3 11393 135
0.3 11394 135
0.3 11395 135
0.3 11396 108
0.3 11397 108
0.3 11398 135
0.3 11399 135
0.3 11400 108
0.3 11401 135
0.3 11402 108
0.3 11403 108
0.3 11404 108
0.3 11405 135
0.3 11406 135
0.3 11407 108
0.3 11408 135
0.3 11409 108
0.3 11410 135
0.3 11411 135
0.3 11412 135
0.3 11413 135
0.3 11414 135
0.3 11415 135
0.3 11416 135
0.3 11417 135
0.3 11418 108
0.3 11419 108
0.3 11420 135
0.3 11421 27
0.3 11422 27
0.3 11423 0
0.3 11424 27
0.3 11425 27
0.3 11426 27
0.3 11427 27
0.3 11428 0
0.3 11429 0
0.3 11430 0
0.3 11431 0
0.3 11432 27
0.3 11433 27
0.3 11434 27
0.3 11435 0
0.3 11436 27
0.3 11437 0
0.3 11438 27
0.3 11439 0
0.3 11440 27
0.3 11441 54
0.3 11442 27
0.3 11443 0
0.3 11444 0
0.3 11445 0
0.3 11446 0
0.3 11447 0
0.3 11448 0
0.3 11449 27
0.3 11450 0
0.3 11451 0
0.3 11452 27
0.3 11453 0
0.3 11454 0
0.3 11455 27
0.3 11456 27
0.3 11457 27
0.3 11458 54
0.3 11459 81
0.3 11460 0
0.3 11461 0
0.3 11462 27
0.3 11463 54
0.3 11464 0
0.3 11465 27
0.3 11466 27
0.3 11467 27
0.3 11468 54
0.3 11469 81
0.3 11470 81
0.3 11471 81
0.3 11472 0
0.3 11473 0
0.3 11474 0
0.3 11475 0
0.3 11476 27
0.3 11477 27
0.3 11478 54
0.3 11479 81
0.3 11480 0
0.3 11481 27
0.3 11482 0
0.3 11483 27
0.3 11484 0
0.3 11485 0
0.3 11486 0
0.3 11487 0
0.3 11488 0
0.3 11489 0
0.3 11490 0
0.3 11491 27
0.3 11492 27
0.3 11493 27
0.3 11494 27
0.3 11495 27
0.3 11496 27
0.3 11497 54
0.3 11498 81
0.3 11499 108
0.3 11500 135
0.3 11501 135
0.3 11502 135
0.3 11503 135
0.3 11504 135
0.3 11505 54
0.3 11506 54
0.3 11507 54
0.3 11508 54
0.3 11509 27
0.3 11510 0
0.3 11511 27
0.3 11512 54
0.3 11513 27
0.3 11514 0
0.3 11515 27
0.3 11516 54
0.3 11517 54
0.3 11518 81
0.3 11519 81
0.3 11520 27
0.3 11521 27
0.3 11522 54
0.3 11523 81
0.3 11524 108
0.3 11525 135
0.3 11526 135
0.3 11527 108
0.3 11528 135
0.3 11529 135
0.3 11530 54
0.3 11531 0
0.3 11532 27
0.3 11533 0
0.3 11534 27
0.3 11535 0
0.3 11536 0
0.3 11537 27
0.3 11538 0
0.3 11539 27
0.3 11540 27
0.3 11541 0
0.3 11542 27
0.3 11543 27
0.3 11544 54
0.3 11545 27
0.3 11546 54
0.3 11547 54
0.3 11548 54
0.3 11549 0
0.3 11550 27
0.3 11551 54
0.3 11552 27
0.3 11553 27
0.3 11554 0
0.3 11555 0
0.3 11556 27
0.3 11557 27
0.3 11558 0
0.3 11559 0
0.3 11560 0
0.3 11561 0
0.3 11562 0
0.3 11563 0
0.3 11564 0
0.3 11565 0
0.3 11566 27
0.3 11567 0
0.3 11568 0
0.3 11569 0
0.3 11570 0
0.3 11571 0
0.3 11572 0
0.3 11573 0
0.3 11574 27
0.3 11575 27
0.3 11576 0
0.3 11577 0
0.3 11578 27
0.3 11579 54
0.3 11580 81
0.3 11581 81
0.3 11582 27
0.3 11583 27
0.3 11584 27
0.3 11585 0
0.3 11586 0
0.3 11587 0
0.3 11588 0
0.3 11589 0
0.3 11590 0
0.3 11591 27
0.3 11592 27
0.3 11593 0
0.3 11594 0
0.3 11595 0
0.3 11596 0
0.3 11597 0
0.3 11598 0
0.3 11599 0
0.3 11600 0
0.3 11601 0
0.3 11602 0
0.3 11603 27
0.3 11604 0
0.3 11605 27
0.3 11606 0
0.3 11607 27
0.3 11608 0
0.3 11609 27
0.3 11610 27
0.3 11611 54
0.3 11612 27
0.3 11613 27
0.3 11614 27
0.3 11615 27
0.3 11616 54
0.3 11617 54
0.3 11618 0
0.3 11619 0
0.3 11620 27
0.3 11621 54
0.3 11622 54
0.3 11623 0
0.3 11624 27
0.3 11625 27
0.3 11626 27
0.3 11627 54
0.3 11628 0
0.3 11629 27
0.3 11630 27
0.3 11631 54
0.3 11632 54
0.3 11633 81
0.3 11634 81
0.3 11635 54
0.3 11636 27
0.3 11637 0
0.3 11638 0
0.3 11639 0
0.3 11640 27
0.3 11641 27
0.3 11642 27
0.3 11643 54
0.3 11644 81
0.3 11645 81
0.3 11646 108
0.3 11647 54
0.3 11648 0
0.3 11649 0
0.3 11650 27
0.3 11651 0
0.3 11652 0
0.3 11653 27
0.3 11654 54
0.3 11655 0
0.3 11656 0
0.3 11657 0
0.3 11658 0
0.3 11659 27
0.3 11660 0
0.3 11661 0
0.3 11662 0
0.3 11663 0
0.3 11664 0
0.3 11665 0
0.3 11666 27
0.3 11667 0
0.3 11668 27
0.3 11669 27
0.3 11670 27
0.3 11671 27
0.3 11672 54
0.3 11673 81
0.3 11674 108
0.3 11675 135
0.3 11676 0
0.3 11677 0
0.3 11678 27
0.3 11679 27
0.3 11680 0
0.3 11681 0
0.3 11682 0
0.3 11683 0
0.3 11684 0
0.3 11685 27
0.3 11686 0
0.3 11687 0
0.3 11688 0
0.3 11689 0
0.3 11690 0
0.3 11691 0
0.3 11692 0
0.3 11693 0
0.3 11694 0
0.3 11695 0
0.3 11696 0
0.3 11697 0
0.3 11698 27
0.3 11699 0
0.3 11700 27
0.3 11701 54
0.3 11702 54
0.3 11703 0
0.3 11704 27
0.3 11705 54
0.3 11706 0
0.3 11707 27
0.3 11708 0
0.3 11709 0
0.3 11710 0
0.3 11711 27
0.3 11712 54
0.3 11713 54
0.3 11714 0
0.3 11715 27
0.3 11716 27
0.3 11717 0
0.3 11718 0
0.3 11719 0
0.3 11720 0
0.3 11721 0
0.3 11722 27
0.3 11723 54
0.3 11724 0
0.3 11725 27
0.3 11726 54
0.3 11727 0
0.3 11728 0
0.3 11729 27
0.3 11730 0
0.3 11731 0
0.3 11732 0
0.3 11733 0
0.3 11734 0
0.3 11735 0
0.3 11736 0
0.3 11737 27
0.3 11738 0
0.3 11739 27
0.3 11740 0
0.3 11741 0
0.3 11742 27
0.3 11743 27
0.3 11744 0
0.3 11745 27
0.3 11746 54
0.3 11747 54
0.3 11748 81
0.3 11749 108
0.3 11750 81
0.3 11751 81
0.3 11752 81
0.3 11753 81
0.3 11754 108
0.3 11755 81
0.3 11756 81
0.3 11757 108
0.3 11758 135
0.3 11759 135
0.3 11760 135
0.3 11761 108
0.3 11762 81
0.3 11763 81
0.3 11764 108
0.3 11765 135
0.3 11766 108
0.3 11767 108
0.3 11768 135
0.3 11769 135
0.3 11770 27
0.3 11771 0
0.3 11772 27
0.3 11773 27
0.3 11774 0
0.3 11775 27
0.3 11776 54
0.3 11777 27
0.3 11778 0
0.3 11779 0
0.3 11780 0
0.3 11781 27
0.3 11782 0
0.3 11783 0
0.3 11784 0
0.3 11785 0
0.3 11786 0
0.3 11787 0
0.3 11788 27
0.3 11789 0
0.3 11790 27
0.3 11791 0
0.3 11792 0
0.3 11793 0
0.3 11794 0
0.3 11795 0
0.3 11796 27
0.3 11797 54
0.3 11798 54
0.3 11799 81
0.3 11800 0
0.3 11801 27
0.3 11802 27
0.3 11803 27
0.3 11804 54
0.3 11805 81
0.3 11806 27
0.3 11807 0
0.3 11808 0
0.3 11809 27
0.3 11810 27
0.3 11811 54
0.3 11812 81
0.3 11813 108
0.3 11814 108
0.3 11815 108
0.3 11816 135
0.3 11817 135
0.3 11818 108
0.3 11819 135
0.3 11820 108
0.3 11821 108
0.3 11822 108
0.3 11823 108
0.3 11824 108
0.3 11825 135
0.3 11826 135
0.3 11827 135
0.3 11828 135
0.3 11829 135
0.3 11830 108
0.3 11831 135
0.3 11832 135
0.3 11833 135
0.3 11834 108
0.3 11835 135
0.3 11836 135
0.3 11837 135
0.3 11838 135
0.3 11839 135
0.3 11840 135
0.3 11841 108
0.3 11842 108
0.3 11843 135
0.3 11844 54
0.3 11845 0
0.3 11846 0
0.3 11847 27
0.3 11848 54
0.3 11849 81
0.3 11850 27
0.3 11851 54
0.3 11852 0
0.3 11853 0
0.3 11854 0
0.3 11855 0
0.3 11856 27
0.3 11857 54
0.3 11858 54
0.3 11859 0
0.3 11860 0
0.3 11861 0
0.3 11862 0
0.3 11863 0
0.3 11864 27
0.3 11865 27
0.3 11866 54
0.3 11867 54
0.3 11868 27
0.3 11869 27
0.3 11870 54
0.3 11871 81
0.3 11872 108
0.3 11873 108
0.3 11874 27
0.3 11875 0
0.3 11876 0
0.3 11877 27
0.3 11878 27
0.3 11879 27
0.3 11880 27
0.3 11881 27
0.3 11882 0
0.3 11883 0
0.3 11884 0
0.3 11885 0
0.3 11886 0
0.3 11887 27
0.3 11888 0
0.3 11889 0
0.3 11890 27
0.3 11891 27
0.3 11892 27
0.3 11893 54
0.3 11894 54
0.3 11895 54
0.3 11896 54
0.3 11897 81
0.3 11898 27
0.3 11899 54
0.3 11900 0
0.3 11901 0
0.3 11902 27
0.3 11903 0
0.3 11904 0
0.3 11905 0
0.3 11906 0
0.3 11907 27
0.3 11908 54
0.3 11909 54
0.3 11910 54
0.3 11911 0
0.3 11912 27
0.3 11913 0
0.3 11914 0
0.3 11915 27
0.3 11916 0
0.3 11917 27
0.3 11918 27
0.3 11919 54
0.3 11920 0
0.3 11921 27
0.3 11922 54
0.3 11923 81
0.3 11924 27
0.3 11925 54
0.3 11926 54
0.3 11927 27
0.3 11928 54
0.3 11929 81
0.3 11930 54
0.3 11931 54
0.3 11932 27
0.3 11933 0
0.3 11934 27
0.3 11935 0
0.3 11936 0
0.3 11937 0
0.3 11938 0
0.3 11939 27
0.3 11940 0
0.3 11941 0
0.3 11942 27
0.3 11943 27
0.3 11944 54
0.3 11945 27
0.3 11946 27
0.3 11947 27
0.3 11948 0
0.3 11949 0
0.3 11950 0
0.3 11951 0
0.3 11952 0
0.3 11953 0
0.3 11954 27
0.3 11955 0
0.3 11956 0
0.3 11957 27
0.3 11958 27
0.3 11959 0
0.3 11960 0
0.3 11961 0
0.3 11962 0
0.3 11963 0
0.3 11964 0
0.3 11965 27
0.3 11966 54
0.3 11967 81
0.3 11968 108
0.3 11969 135
0.3 11970 81
0.3 11971 81
0.3 11972 108
0.3 11973 135
0.3 11974 54
0.3 11975 54
0.3 11976 0
0.3 11977 0
0.3 11978 0
0.3 11979 0
0.3 11980 0
0.3 11981 0
0.3 11982 0
0.3 11983 27
0.3 11984 0
0.3 11985 0
0.3 11986 0
0.3 11987 0
0.3 11988 0
0.3 11989 27
0.3 11990 54
0.3 11991 27
0.3 11992 54
0.3 11993 54
0.3 11994 81
0.3 11995 81
0.3 11996 108
0.3 11997 0
0.3 11998 0
0.3 11999 0
0.3 12000 0
0.3 12001 0
0.3 12002 0
0.3 12003 27
0.3 12004 0
0.3 12005 0
0.3 12006 0
0.3 12007 27
0.3 12008 54
0.3 12009 27
0.3 12010 0
0.3 12011 27
0.3 12012 54
0.3 12013 27
0.3 12014 0
0.3 12015 27
0.3 12016 0
0.3 12017 0
0.3 12018 0
0.3 12019 0
0.3 12020 0
0.3 12021 0
0.3 12022 0
0.3 12023 0
0.3 12024 0
0.3 12025 0
0.3 12026 27
0.3 12027 27
0.3 12028 0
0.3 12029 0
0.3 12030 0
0.3 12031 0
0.3 12032 27
0.3 12033 0
0.3 12034 0
0.3 12035 0
0.3 12036 0
0.3 12037 0
0.3 12038 0
0.3 12039 0
0.3 12040 0
0.3 12041 0
0.3 12042 0
0.3 12043 0
0.3 12044 0
0.3 12045 0
0.3 12046 27
0.3 12047 27
0.3 12048 54
0.3 12049 27
0.3 12050 0
0.3 12051 27
0.3 12052 27
0.3 12053 0
0.3 12054 0
0.3 12055 0
0.3 12056 0
0.3 12057 0
0.3 12058 0
0.3 12059 0
0.3 12060 0
0.3 12061 0
0.3 12062 0
0.3 12063 0
0.3 12064 0
0.3 12065 27
0.3 12066 27
0.3 12067 27
0.3 12068 54
0.3 12069 81
0.3 12070 108
0.3 12071 135
0.3 12072 135
0.3 12073 81
0.3 12074 0
0.3 12075 0
0.3 12076 0
0.3 12077 0
0.3 12078 27
0.3 12079 27
0.3 12080 54
0.3 12081 0
0.3 12082 0
0.3 12083 27
0.3 12084 0
0.3 12085 0
0.3 12086 0
0.3 12087 0
0.3 12088 27
0.3 12089 27
0.3 12090 27
0.3 12091 0
0.3 12092 0
0.3 12093 0
0.3 12094 0
0.3 12095 0
0.3 12096 0
0.3 12097 0
0.3 12098 0
0.3 12099 27
0.3 12100 27
0.3 12101 54
0.3 12102 54
0.3 12103 27
0.3 12104 54
0.3 12105 81
0.3 12106 81
0.3 12107 108
0.3 12108 135
0.3 12109 135
0.3 12110 54
0.3 12111 0
0.3 12112 0
0.3 12113 0
0.3 12114 0
0.3 12115 27
0.3 12116 54
0.3 12117 0
0.3 12118 27
0.3 12119 0
0.3 12120 0
0.3 12121 27
0.3 12122 0
0.3 12123 0
0.3 12124 0
0.3 12125 0
0.3 12126 27
0.3 12127 27
0.3 12128 54
0.3 12129 0
0.3 12130 0
0.3 12131 0
0.3 12132 0
0.3 12133 27
0.3 12134 54
0.3 12135 27
0.3 12136 0
0.3 12137 0
0.3 12138 0
0.3 12139 0
0.3 12140 0
0.3 12141 0
0.3 12142 0
0.3 12143 27
0.3 12144 0
0.3 12145 0
0.3 12146 0
0.3 12147 27
0.3 12148 54
0.3 12149 54
0.3 12150 0
0.3 12151 0
0.3 12152 27
0.3 12153 54
0.3 12154 54
0.3 12155 0
0.3 12156 0
0.3 12157 27
0.3 12158 54
0.3 12159 27
0.3 12160 54
0.3 12161 0
0.3 12162 27
0.3 12163 54
0.3 12164 54
0.3 12165 54
0.3 12166 54
0.3 12167 54
0.3 12168 54
0.3 12169 81
0.3 12170 108
0.3 12171 135
0.3 12172 135
0.3 12173 135
0.3 12174 135
0.3 12175 108
0.3 12176 108
0.3 12177 108
0.3 12178 81
0.3 12179 0
0.3 12180 27
0.3 12181 0
0.3 12182 27
0.3 12183 27
0.3 12184 0
0.3 12185 0
0.3 12186 0
0.3 12187 0
0.3 12188 0
0.3 12189 27
0.3 12190 27
0.3 12191 27
0.3 12192 27
0.3 12193 54
0.3 12194 54
0.3 12195 81
0.3 12196 108
0.3 12197 0
0.3 12198 0
0.3 12199 27
0.3 12200 54
0.3 12201 0
0.3 12202 0
0.3 12203 27
0.3 12204 27
0.3 12205 54
0.3 12206 81
0.3 12207 81
0.3 12208 108
0.3 12209 54
0.3 12210 0
0.3 12211 0
0.3 12212 27
0.3 12213 27
0.3 12214 0
0.3 12215 27
0.3 12216 27
0.3 12217 27
0.3 12218 0
0.3 12219 0
0.3 12220 0
0.3 12221 0
0.3 12222 0
0.3 12223 27
0.3 12224 54
0.3 12225 54
0.3 12226 0
0.3 12227 27
0.3 12228 0
0.3 12229 0
0.3 12230 0
0.3 12231 27
0.3 12232 0
0.3 12233 0
0.3 12234 0
0.3 12235 27
0.3 12236 27
0.3 12237 0
0.3 12238 27
0.3 12239 27
0.3 12240 0
0.3 12241 27
0.3 12242 27
0.3 12243 0
0.3 12244 0
0.3 12245 0
0.3 12246 0
0.3 12247 0
0.3 12248 27
0.3 12249 54
0.3 12250 54
0.3 12251 54
0.3 12252 81
0.3 12253 54
0.3 12254 81
0.3 12255 54
0.3 12256 81
0.3 12257 108
0.3 12258 81
0.3 12259 108
0.3 12260 135
0.3 12261 135
0.3 12262 135
0.3 12263 108
0.3 12264 27
0.3 12265 27
0.3 12266 54
0.3 12267 27
0.3 12268 27
0.3 12269 54
0.3 12270 54
0.3 12271 0
0.3 12272 0
0.3 12273 0
0.3 12274 0
0.3 12275 27
0.3 12276 54
0.3 12277 81
0.3 12278 81
0.3 12279 108
0.3 12280 108
0.3 12281 135
0.3 12282 54
0.3 12283 54
0.3 12284 0
0.3 12285 0
0.3 12286 0
0.3 12287 27
0.3 12288 27
0.3 12289 0
0.3 12290 27
0.3 12291 0
0.3 12292 0
0.3 12293 27
0.3 12294 54
0.3 12295 81
0.3 12296 27
0.3 12297 0
0.3 12298 27
0.3 12299 0
0.3 12300 0
0.3 12301 27
0.3 12302 54
0.3 12303 27
0.3 12304 27
0.3 12305 27
0.3 12306 54
0.3 12307 54
0.3 12308 81
0.3 12309 81
0.3 12310 108
0.3 12311 108
0.3 12312 54
0.3 12313 27
0.3 12314 27
0.3 12315 0
0.3 12316 27
0.3 12317 0
0.3 12318 0
0.3 12319 27
0.3 12320 0
0.3 12321 0
0.3 12322 0
0.3 12323 0
0.3 12324 27
0.3 12325 54
0.3 12326 27
0.3 12327 0
0.3 12328 27
0.3 12329 54
0.3 12330 0
0.3 12331 0
0.3 12332 0
0.3 12333 27
0.3 12334 0
0.3 12335 27
0.3 12336 0
0.3 12337 0
0.3 12338 0
0.3 12339 27
0.3 12340 27
0.3 12341 0
0.3 12342 0
0.3 12343 0
0.3 12344 0
0.3 12345 0
0.3 12346 0
0.3 12347 0
0.3 12348 27
0.3 12349 54
0.3 12350 81
0.3 12351 108
0.3 12352 135
0.3 12353 135
0.3 12354 108
0.3 12355 108
0.3 12356 135
0.3 12357 135
0.3 12358 135
0.3 12359 135
0.3 12360 135
0.3 12361 135
0.3 12362 135
0.3 12363 54
0.3 12364 0
0.3 12365 27
0.3 12366 0
0.3 12367 27
0.3 12368 0
0.3 12369 0
0.3 12370 0
0.3 12371 0
0.3 12372 0
0.3 12373 0
0.3 12374 0
0.3 12375 0
0.3 12376 0
0.3 12377 0
0.3 12378 27
0.3 12379 27
0.3 12380 0
0.3 12381 0
0.3 12382 0
0.3 12383 0
0.3 12384 0
0.3 12385 0
0.3 12386 0
0.3 12387 0
0.3 12388 0
0.3 12389 27
0.3 12390 27
0.3 12391 27
0.3 12392 27
0.3 12393 27
0.3 12394 54
0.3 12395 0
0.3 12396 27
0.3 12397 27
0.3 12398 0
0.3 12399 0
0.3 12400 0
0.3 12401 27
0.3 12402 27
0.3 12403 27
0.3 12404 54
0.3 12405 81
0.3 12406 108
0.3 12407 135
0.3 12408 108
0.3 12409 135
0.3 12410 135
0.3 12411 81
0.3 12412 27
0.3 12413 0
0.3 12414 0
0.3 12415 0
0.3 12416 0
0.3 12417 0
0.3 12418 0
0.3 12419 27
0.3 12420 27
0.3 12421 54
0.3 12422 54
0.3 12423 0
0.3 12424 0
0.3 12425 0
0.3 12426 0
0.3 12427 0
0.3 12428 0
0.3 12429 27
0.3 12430 0
0.3 12431 0
0.3 12432 27
0.3 12433 54
0.3 12434 54
0.3 12435 54
0.3 12436 54
0.3 12437 27
0.3 12438 0
0.3 12439 0
0.3 12440 0
0.3 12441 0
0.3 12442 27
0.3 12443 54
0.3 12444 54
0.3 12445 0
0.3 12446 27
0.3 12447 27
0.3 12448 0
0.3 12449 27
0.3 12450 54
0.3 12451 81
0.3 12452 81
0.3 12453 0
0.3 12454 27
0.3 12455 54
0.3 12456 81
0.3 12457 0
0.3 12458 0
0.3 12459 27
0.3 12460 0
0.3 12461 0
0.3 12462 0
0.3 12463 0
0.3 12464 27
0.3 12465 27
0.3 12466 54
0.3 12467 27
0.3 12468 54
0.3 12469 81
0.3 12470 27
0.3 12471 54
0.3 12472 27
0.3 12473 27
0.3 12474 54
0.3 12475 54
0.3 12476 81
0.3 12477 81
0.3 12478 108
0.3 12479 108
0.3 12480 135
0.3 12481 135
0.3 12482 108
0.3 12483 135
0.3 12484 135
0.3 12485 108
0.3 12486 108
0.3 12487 135
0.3 12488 135
0.3 12489 135
0.3 12490 108
0.3 12491 135
0.3 12492 108
0.3 12493 135
0.3 12494 135
0.3 12495 108
0.3 12496 135
0.3 12497 108
0.3 12498 108
0.3 12499 81
0.3 12500 0
0.3 12501 0
0.3 12502 0
0.3 12503 27
0.3 12504 27
0.3 12505 0
0.3 12506 27
0.3 12507 0
0.3 12508 0
0.3 12509 0
0.3 12510 0
0.3 12511 0
0.3 12512 27
0.3 12513 54
0.3 12514 27
0.3 12515 54
0.3 12516 81
0.3 12517 54
0.3 12518 0
0.3 12519 27
0.3 12520 0
0.3 12521 27
0.3 12522 27
0.3 12523 27
0.3 12524 54
0.3 12525 54
0.3 12526 54
0.3 12527 81
0.3 12528 108
0.3 12529 108
0.3 12530 135
0.3 12531 135
0.3 12532 135
0.3 12533 135
0.3 12534 135
0.3 12535 135
0.3 12536 135
0.3 12537 135
0.3 12538 108
0.3 12539 108
0.3 12540 0
0.3 12541 0
0.3 12542 0
0.3 12543 0
0.3 12544 27
0.3 12545 0
0.3 12546 0
0.3 12547 0
0.3 12548 0
0.3 12549 0
0.3 12550 0
0.3 12551 27
0.3 12552 0
0.3 12553 0
0.3 12554 27
0.3 12555 54
0.3 12556 54
0.3 12557 81
0.3 12558 108
0.3 12559 54
0.3 12560 0
0.3 12561 0
0.3 12562 0
0.3 12563 0
0.3 12564 0
0.3 12565 0
0.3 12566 27
0.3 12567 27
0.3 12568 0
0.3 12569 27
0.3 12570 27
0.3 12571 54
0.3 12572 0
0.3 12573 0
0.3 12574 27
0.3 12575 27
0.3 12576 27
0.3 12577 27
0.3 12578 54
0.3 12579 81
0.3 12580 0
0.3 12581 0
0.3 12582 27
0.3 12583 27
0.3 12584 54
0.3 12585 54
0.3 12586 54
0.3 12587 81
0.3 12588 27
0.3 12589 27
0.3 12590 54
0.3 12591 27
0.3 12592 0
0.3 12593 0
0.3 12594 0
0.3 12595 0
0.3 12596 0
0.3 12597 0
0.3 12598 27
0.3 12599 54
0.3 12600 54
0.3 12601 81
0.3 12602 108
0.3 12603 108
0.3 12604 135
0.3 12605 135
0.3 12606 135
0.3 12607 135
0.3 12608 135
0.3 12609 135
0.3 12610 135
0.3 12611 81
0.3 12612 27
0.3 12613 54
0.3 12614 0
0.3 12615 27
0.3 12616 54
0.3 12617 81
0.3 12618 81
0.3 12619 54
0.3 12620 0
0.3 12621 27
0.3 12622 54
0.3 12623 54
0.3 12624 81
0.3 12625 81
0.3 12626 108
0.3 12627 135
0.3 12628 135
0.3 12629 135
0.3 12630 135
0.3 12631 135
0.3 12632 135
0.3 12633 135
0.3 12634 81
0.3 12635 27
0.3 12636 0
0.3 12637 0
0.3 12638 0
0.3 12639 0
0.3 12640 0
0.3 12641 0
0.3 12642 0
0.3 12643 0
0.3 12644 27
0.3 12645 27
0.3 12646 27
0.3 12647 0
0.3 12648 0
0.3 12649 0
0.3 12650 0
0.3 12651 0
0.3 12652 27
0.3 12653 0
0.3 12654 0
0.3 12655 0
0.3 12656 0
0.3 12657 27
0.3 12658 0
0.3 12659 27
0.3 12660 0
0.3 12661 0
0.3 12662 27
0.3 12663 0
0.3 12664 0
0.3 12665 0
0.3 12666 0
0.3 12667 0
0.3 12668 0
0.3 12669 27
0.3 12670 54
0.3 12671 0
0.3 12672 0
0.3 12673 27
0.3 12674 0
0.3 12675 0
0.3 12676 0
0.3 12677 0
0.3 12678 0
0.3 12679 27
0.3 12680 0
0.3 12681 0
0.3 12682 0
0.3 12683 0
0.3 12684 0
0.3 12685 0
0.3 12686 0
0.3 12687 0
0.3 12688 0
0.3 12689 0
0.3 12690 0
0.3 12691 0
0.3 12692 0
0.3 12693 0
0.3 12694 0
0.3 12695 27
0.3 12696 27
0.3 12697 27
0.3 12698 54
0.3 12699 54
0.3 12700 27
0.3 12701 27
0.3 12702 27
0.3 12703 27
0.3 12704 27
0.3 12705 27
0.3 12706 27
0.3 12707 54
0.3 12708 54
0.3 12709 27
0.3 12710 0
0.3 12711 27
0.3 12712 0
0.3 12713 27
0.3 12714 0
0.3 12715 0
0.3 12716 0
0.3 12717 0
0.3 12718 27
0.3 12719 27
0.3 12720 54
0.3 12721 54
0.3 12722 81
0.3 12723 81
0.3 12724 108
0.3 12725 108
0.3 12726 27
0.3 12727 54
0.3 12728 54
0.3 12729 81
0.3 12730 108
0.3 12731 108
0.3 12732 135
0.3 12733 135
0.3 12734 108
0.3 12735 0
0.3 12736 0
0.3 12737 27
0.3 12738 0
0.3 12739 27
0.3 12740 27
0.3 12741 0
0.3 12742 0
0.3 12743 0
0.3 12744 0
0.3 12745 0
0.3 12746 27
0.3 12747 27
0.3 12748 0
0.3 12749 0
0.3 12750 0
0.3 12751 0
0.3 12752 0
0.3 12753 27
0.3 12754 0
0.3 12755 0
0.3 12756 27
0.3 12757 0
0.3 12758 27
0.3 12759 0
0.3 12760 27
0.3 12761 0
0.3 12762 27
0.3 12763 27
0.3 12764 27
0.3 12765 54
0.3 12766 81
0.3 12767 0
0.3 12768 0
0.3 12769 0
0.3 12770 27
0.3 12771 0
0.3 12772 0
0.3 12773 0
0.3 12774 27
0.3 12775 54
0.3 12776 0
0.3 12777 0
0.3 12778 27
0.3 12779 0
0.3 12780 0
0.3 12781 0
0.3 12782 0
0.3 12783 0
0.3 12784 27
0.3 12785 0
0.3 12786 27
0.3 12787 27
0.3 12788 0
0.3 12789 0
0.3 12790 0
0.3 12791 0
0.3 12792 0
0.3 12793 27
0.3 12794 54
0.3 12795 54
0.3 12796 0
0.3 12797 0
0.3 12798 27
0.3 12799 0
0.3 12800 0
0.3 12801 0
0.3 12802 0
0.3 12803 27
0.3 12804 27
0.3 12805 0
0.3 12806 0
0.3 12807 0
0.3 12808 27
0.3 12809 0
0.3 12810 0
0.3 12811 27
0.3 12812 0
0.3 12813 27
0.3 12814 27
0.3 12815 27
0.3 12816 27
0.3 12817 27
0.3 12818 0
0.3 12819 0
0.3 12820 27
0.3 12821 54
0.3 12822 54
0.3 12823 81
0.3 12824 108
0.3 12825 108
0.3 12826 135
0.3 12827 135
0.3 12828 135
0.3 12829 27
0.3 12830 0
0.3 12831 27
0.3 12832 0
0.3 12833 0
0.3 12834 0
0.3 12835 0
0.3 12836 0
0.3 12837 0
0.3 12838 0
0.3 12839 0
0.3 12840 27
0.3 12841 0
0.3 12842 0
0.3 12843 0
0.3 12844 27
0.3 12845 27
0.3 12846 54
0.3 12847 54
0.3 12848 54
0.3 12849 54
0.3 12850 54
0.3 12851 54
0.3 12852 81
0.3 12853 81
0.3 12854 108
0.3 12855 27
0.3 12856 27
0.3 12857 27
0.3 12858 54
0.3 12859 54
0.3 12860 81
0.3 12861 108
0.3 12862 135
0.3 12863 135
0.3 12864 135
0.3 12865 108
0.3 12866 108
0.3 12867 135
0.3 12868 54
0.3 12869 54
0.3 12870 27
0.3 12871 54
0.3 12872 54
0.3 12873 27
0.3 12874 27
0.3 12875 27
0.3 12876 27
0.3 12877 54
0.3 12878 54
0.3 12879 81
0.3 12880 0
0.3 12881 27
0.3 12882 0
0.3 12883 27
0.3 12884 54
0.3 12885 81
0.3 12886 81
0.3 12887 81
0.3 12888 108
0.3 12889 135
0.3 12890 135
0.3 12891 135
0.3 12892 108
0.3 12893 135
0.3 12894 135
0.3 12895 135
0.3 12896 135
0.3 12897 135
0.3 12898 135
0.3 12899 135
0.3 12900 108
0.3 12901 108
0.3 12902 135
0.3 12903 135
0.3 12904 135
0.3 12905 108
0.3 12906 135
0.3 12907 135
0.3 12908 135
0.3 12909 108
0.3 12910 108
0.3 12911 135
0.3 12912 135
0.3 12913 135
0.3 12914 135
0.3 12915 108
0.3 12916 135
0.3 12917 135
0.3 12918 108
0.3 12919 135
0.3 12920 54
0.3 12921 0
0.3 12922 0
0.3 12923 0
0.3 12924 0
0.3 12925 0
0.3 12926 0
0.3 12927 27
0.3 12928 0
0.3 12929 27
0.3 12930 27
0.3 12931 0
0.3 12932 27
0.3 12933 27
0.3 12934 0
0.3 12935 0
0.3 12936 0
0.3 12937 0
0.3 12938 0
0.3 12939 0
0.3 12940 27
0.3 12941 0
0.3 12942 0
0.3 12943 27
0.3 12944 0
0.3 12945 0
0.3 12946 0
0.3 12947 27
0.3 12948 27
0.3 12949 27
0.3 12950 0
0.3 12951 0
0.3 12952 0
0.3 12953 0
0.3 12954 0
0.3 12955 0
0.3 12956 27
0.3 12957 27
0.3 12958 27
0.3 12959 0
0.3 12960 0
0.3 12961 0
0.3 12962 27
0.3 12963 27
0.3 12964 27
0.3 12965 0
0.3 12966 27
0.3 12967 0
0.3 12968 0
0.3 12969 27
0.3 12970 0
0.3 12971 27
0.3 12972 0
0.3 12973 0
0.3 12974 27
0.3 12975 27
0.3 12976 0
0.3 12977 0
0.3 12978 0
0.3 12979 0
0.3 12980 0
0.3 12981 0
0.3 12982 0
0.3 12983 27
0.3 12984 27
0.3 12985 0
0.3 12986 0
0.3 12987 0
0.3 12988 27
0.3 12989 0
0.3 12990 0
0.3 12991 0
0.3 12992 0
0.3 12993 27
0.3 12994 27
0.3 12995 27
0.3 12996 0
0.3 12997 0
0.3 12998 0
0.3 12999 0
0.3 13000 0
0.3 13001 0
0.3 13002 0
0.3 13003 27
0.3 13004 0
0.3 13005 0
0.3 13006 0
0.3 13007 27
0.3 13008 0
0.3 13009 0
0.3 13010 27
0.3 13011 54
0.3 13012 54
0.3 13013 54
0.3 13014 81
0.3 13015 54
0.3 13016 27
0.3 13017 0
0.3 13018 0
0.3 13019 27
0.3 13020 27
0.3 13021 0
0.3 13022 0
0.3 13023 0
0.3 13024 0
0.3 13025 0
0.3 13026 0
0.3 13027 0
0.3 13028 27
0.3 13029 0
0.3 13030 0
0.3 13031 27
0.3 13032 27
0.3 13033 54
0.3 13034 81
0.3 13035 81
0.3 13036 108
0.3 13037 27
0.3 13038 0
0.3 13039 27
0.3 13040 0
0.3 13041 0
0.3 13042 0
0.3 13043 0
0.3 13044 27
0.3 13045 54
0.3 13046 54
0.3 13047 54
0.3 13048 27
0.3 13049 54
0.3 13050 54
0.3 13051 81
0.3 13052 27
0.3 13053 27
0.3 13054 54
0.3 13055 81
0.3 13056 81
0.3 13057 108
0.3 13058 135
0.3 13059 135
0.3 13060 135
0.3 13061 135
0.3 13062 108
0.3 13063 108
0.3 13064 135
0.3 13065 108
0.3 13066 108
0.3 13067 108
0.3 13068 135
0.3 13069 108
0.3 13070 27
0.3 13071 0
0.3 13072 27
0.3 13073 0
0.3 13074 0
0.3 13075 27
0.3 13076 27
0.3 13077 0
0.3 13078 0
0.3 13079 0
0.3 13080 0
0.3 13081 0
0.3 13082 0
0.3 13083 0
0.3 13084 0
0.3 13085 0
0.3 13086 0
0.3 13087 0
0.3 13088 0
0.3 13089 0
0.3 13090 27
0.3 13091 27
0.3 13092 0
0.3 13093 0
0.3 13094 27
0.3 13095 0
0.3 13096 0
0.3 13097 0
0.3 13098 0
0.3 13099 0
0.3 13100 0
0.3 13101 0
0.3 13102 0
0.3 13103 0
0.3 13104 0
0.3 13105 0
0.3 13106 0
0.3 13107 27
0.3 13108 0
0.3 13109 0
0.3 13110 0
0.3 13111 0
0.3 13112 0
0.3 13113 0
0.3 13114 0
0.3 13115 27
0.3 13116 27
0.3 13117 27
0.3 13118 0
0.3 13119 27
0.3 13120 54
0.3 13121 54
0.3 13122 54
0.3 13123 81
0.3 13124 81
0.3 13125 0
0.3 13126 0
0.3 13127 27
0.3 13128 0
0.3 13129 0
0.3 13130 0
0.3 13131 0
0.3 13132 0
0.3 13133 0
0.3 13134 0
0.3 13135 0
0.3 13136 0
0.3 13137 0
0.3 13138 0
0.3 13139 0
0.3 13140 27
0.3 13141 54
0.3 13142 0
0.3 13143 27
0.3 13144 27
0.3 13145 0
0.3 13146 0
0.3 13147 0
0.3 13148 0
0.3 13149 0
0.3 13150 27
0.3 13151 27
0.3 13152 54
0.3 13153 0
0.3 13154 0
0.3 13155 27
0.3 13156 27
0.3 13157 54
0.3 13158 54
0.3 13159 54
0.3 13160 54
0.3 13161 0
0.3 13162 0
0.3 13163 0
0.3 13164 0
0.3 13165 27
0.3 13166 27
0.3 13167 54
0.3 13168 27
0.3 13169 0
0.3 13170 27
0.3 13171 0
0.3 13172 27
0.3 13173 0
0.3 13174 0
0.3 13175 27
0.3 13176 27
0.3 13177 54
0.3 13178 0
0.3 13179 0
0.3 13180 0
0.3 13181 0
0.3 13182 0
0.3 13183 0
0.3 13184 0
0.3 13185 27
0.3 13186 54
0.3 13187 0
0.3 13188 27
0.3 13189 54
0.3 13190 81
0.3 13191 108
0.3 13192 81
0.3 13193 81
0.3 13194 54
0.3 13195 54
0.3 13196 81
0.3 13197 108
0.3 13198 27
0.3 13199 0
0.3 13200 0
0.3 13201 0
0.3 13202 0
0.3 13203 27
0.3 13204 54
0.3 13205 0
0.3 13206 27
0.3 13207 27
0.3 13208 27
0.3 13209 27
0.3 13210 54
0.3 13211 27
0.3 13212 27
0.3 13213 0
0.3 13214 27
0.3 13215 27
0.3 13216 0
0.3 13217 0
0.3 13218 0
0.3 13219 0
0.3 13220 0
0.3 13221 0
0.3 13222 0
0.3 13223 0
0.3 13224 0
0.3 13225 0
0.3 13226 27
0.3 13227 0
0.3 13228 0
0.3 13229 0
0.3 13230 0
0.3 13231 27
0.3 13232 54
0.3 13233 27
0.3 13234 54
0.3 13235 0
0.3 13236 0
0.3 13237 0
0.3 13238 27
0.3 13239 54
0.3 13240 0
0.3 13241 0
0.3 13242 0
0.3 13243 0
0.3 13244 0
0.3 13245 0
0.3 13246 0
0.3 13247 0
0.3 13248 0
0.3 13249 27
0.3 13250 0
0.3 13251 0
0.3 13252 0
0.3 13253 27
0.3 13254 27
0.3 13255 0
0.3 13256 0
0.3 13257 27
0.3 13258 54
0.3 13259 0
0.3 13260 0
0.3 13261 0
0.3 13262 27
0.3 13263 0
0.3 13264 0
0.3 13265 27
0.3 13266 27
0.3 13267 54
0.3 13268 27
0.3 13269 27
0.3 13270 54
0.3 13271 81
0.3 13272 108
0.3 13273 135
0.3 13274 108
0.3 13275 135
0.3 13276 27
0.3 13277 54
0.3 13278 0
0.3 13279 0
0.3 13280 0
0.3 13281 0
0.3 13282 27
0.3 13283 54
0.3 13284 54
0.3 13285 27
0.3 13286 54
0.3 13287 81
0.3 13288 108
0.3 13289 135
0.3 13290 135
0.3 13291 108
0.3 13292 108
0.3 13293 108
0.3 13294 135
0.3 13295 135
0.3 13296 135
0.3 13297 135
0.3 13298 135
0.3 13299 135
0.3 13300 135
0.3 13301 54
0.3 13302 27
0.3 13303 27
0.3 13304 0
0.3 13305 0
0.3 13306 0
0.3 13307 0
0.3 13308 0
0.3 13309 0
0.3 13310 0
0.3 13311 27
0.3 13312 0
0.3 13313 0
0.3 13314 27
0.3 13315 0
0.3 13316 0
0.3 13317 27
0.3 13318 0
0.3 13319 0
0.3 13320 0
0.3 13321 27
0.3 13322 0
0.3 13323 0
0.3 13324 0
0.3 13325 0
0.3 13326 0
0.3 13327 0
0.3 13328 27
0.3 13329 0
0.3 13330 27
0.3 13331 27
0.3 13332 27
0.3 13333 0
0.3 13334 0
0.3 13335 27
0.3 13336 54
0.3 13337 0
0.3 13338 27
0.3 13339 27
0.3 13340 54
0.3 13341 27
0.3 13342 27
0.3 13343 27
0.3 13344 54
0.3 13345 54
0.3 13346 27
0.3 13347 0
0.3 13348 0
0.3 13349 0
0.3 13350 0
0.3 13351 0
0.3 13352 0
0.3 13353 0
0.3 13354 0
0.3 13355 27
0.3 13356 54
0.3 13357 27
0.3 13358 54
0.3 13359 27
0.3 13360 0
0.3 13361 0
0.3 13362 0
0.3 13363 0
0.3 13364 27
0.3 13365 27
0.3 13366 0
0.3 13367 0
0.3 13368 0
0.3 13369 0
0.3 13370 0
0.3 13371 27
0.3 13372 54
0.3 13373 0
0.3 13374 0
0.3 13375 0
0.3 13376 0
0.3 13377 27
0.3 13378 0
0.3 13379 27
0.3 13380 0
0.3 13381 27
0.3 13382 27
0.3 13383 27
0.3 13384 0
0.3 13385 27
0.3 13386 54
0.3 13387 54
0.3 13388 54
0.3 13389 81
0.3 13390 108
0.3 13391 135
0.3 13392 135
0.3 13393 27
0.3 13394 0
0.3 13395 0
0.3 13396 0
0.3 13397 27
0.3 13398 27
0.3 13399 54
0.3 13400 0
0.3 13401 0
0.3 13402 27
0.3 13403 0
0.3 13404 27
0.3 13405 27
0.3 13406 0
0.3 13407 0
0.3 13408 0
0.3 13409 0
0.3 13410 0
0.3 13411 0
0.3 13412 0
0.3 13413 27
0.3 13414 27
0.3 13415 27
0.3 13416 54
0.3 13417 54
0.3 13418 81
0.3 13419 108
0.3 13420 108
0.3 13421 135
0.3 13422 135
0.3 13423 108
0.3 13424 135
0.3 13425 108
0.3 13426 108
0.3 13427 135
0.3 13428 135
0.3 13429 108
0.3 13430 135
0.3 13431 54
0.3 13432 0
0.3 13433 27
0.3 13434 0
0.3 13435 0
0.3 13436 27
0.3 13437 27
0.3 13438 0
0.3 13439 27
0.3 13440 54
0.3 13441 54
0.3 13442 54
0.3 13443 54
0.3 13444 0
0.3 13445 0
0.3 13446 0
0.3 13447 0
0.3 13448 0
0.3 13449 27
0.3 13450 54
0.3 13451 54
0.3 13452 81
0.3 13453 54
0.3 13454 54
0.3 13455 0
0.3 13456 27
0.3 13457 0
0.3 13458 0
0.3 13459 0
0.3 13460 27
0.3 13461 54
0.3 13462 81
0.3 13463 27
0.3 13464 0
0.3 13465 0
0.3 13466 0
0.3 13467 0
0.3 13468 0
0.3 13469 0
0.3 13470 0
0.3 13471 0
0.3 13472 27
0.3 13473 0
0.3 13474 0
0.3 13475 27
0.3 13476 54
0.3 13477 54
0.3 13478 81
0.3 13479 81
0.3 13480 54
0.3 13481 27
0.3 13482 27
0.3 13483 0
0.3 13484 0
0.3 13485 27
0.3 13486 27
0.3 13487 27
0.3 13488 0
0.3 13489 27
0.3 13490 27
0.3 13491 27
0.3 13492 27
0.3 13493 27
0.3 13494 54
0.3 13495 54
0.3 13496 81
0.3 13497 108
0.3 13498 108
0.3 13499 108
0.3 13500 135
0.3 13501 135
0.3 13502 135
0.3 13503 135
0.3 13504 135
0.3 13505 135
0.3 13506 135
0.3 13507 135
0.3 13508 108
0.3 13509 135
0.3 13510 135
0.3 13511 135
0.3 13512 135
0.3 13513 135
0.3 13514 27
0.3 13515 0
0.3 13516 27
0.3 13517 0
0.3 13518 0
0.3 13519 0
0.3 13520 0
0.3 13521 0
0.3 13522 27
0.3 13523 27
0.3 13524 0
0.3 13525 0
0.3 13526 0
0.3 13527 0
0.3 13528 0
0.3 13529 0
0.3 13530 27
0.3 13531 0
0.3 13532 27
0.3 13533 27
0.3 13534 27
0.3 13535 0
0.3 13536 0
0.3 13537 0
0.3 13538 0
0.3 13539 0
0.3 13540 0
0.3 13541 27
0.3 13542 0
0.3 13543 27
0.3 13544 0
0.3 13545 0
0.3 13546 0
0.3 13547 0
0.3 13548 0
0.3 13549 27
0.3 13550 27
0.3 13551 54
0.3 13552 81
0.3 13553 108
0.3 13554 54
0.3 13555 0
0.3 13556 0
0.3 13557 0
0.3 13558 27
0.3 13559 0
0.3 13560 0
0.3 13561 0
0.3 13562 0
0.3 13563 0
0.3 13564 0
0.3 13565 0
0.3 13566 0
0.3 13567 27
0.3 13568 54
0.3 13569 0
0.3 13570 0
0.3 13571 0
0.3 13572 27
0.3 13573 54
0.3 13574 27
0.3 13575 0
0.3 13576 27
0.3 13577 0
0.3 13578 27
0.3 13579 54
0.3 13580 81
0.3 13581 81
0.3 13582 108
0.3 13583 135
0.3 13584 135
0.3 13585 135
0.3 13586 81
0.3 13587 81
0.3 13588 81
0.3 13589 108
0.3 13590 108
0.3 13591 0
0.3 13592 0
0.3 13593 0
0.3 13594 0
0.3 13595 0
0.3 13596 27
0.3 13597 0
0.3 13598 0
0.3 13599 27
0.3 13600 27
0.3 13601 54
0.3 13602 81
0.3 13603 108
0.3 13604 27
0.3 13605 27
0.3 13606 0
0.3 13607 0
0.3 13608 0
0.3 13609 0
0.3 13610 27
0.3 13611 27
0.3 13612 0
0.3 13613 0
0.3 13614 27
0.3 13615 54
0.3 13616 81
0.3 13617 108
0.3 13618 135
0.3 13619 27
0.3 13620 0
0.3 13621 0
0.3 13622 0
0.3 13623 27
0.3 13624 54
0.3 13625 0
0.3 13626 27
0.3 13627 27
0.3 13628 54
0.3 13629 54
0.3 13630 27
0.3 13631 27
0.3 13632 54
0.3 13633 54
0.3 13634 81
0.3 13635 108
0.3 13636 135
0.3 13637 108
0.3 13638 108
0.3 13639 108
0.3 13640 135
0.3 13641 135
0.3 13642 108
0.3 13643 108
0.3 13644 135
0.3 13645 135
0.3 13646 135
0.3 13647 108
0.3 13648 81
0.3 13649 81
0.3 13650 108
0.3 13651 108
0.3 13652 135
0.3 13653 135
0.3 13654 108
0.3 13655 135
0.3 13656 108
0.3 13657 135
0.3 13658 108
0.3 13659 108
0.3 13660 135
0.3 13661 108
0.3 13662 135
0.3 13663 135
0.3 13664 108
0.3 13665 135
0.3 13666 135
0.3 13667 108
0.3 13668 81
0.3 13669 0
0.3 13670 0
0.3 13671 0
0.3 13672 27
0.3 13673 0
0.3 13674 0
0.3 13675 0
0.3 13676 27
0.3 13677 27
0.3 13678 27
0.3 13679 0
0.3 13680 27
0.3 13681 54
0.3 13682 81
0.3 13683 27
0.3 13684 0
0.3 13685 27
0.3 13686 27
0.3 13687 0
0.3 13688 0
0.3 13689 0
0.3 13690 27
0.3 13691 0
0.3 13692 0
0.3 13693 0
0.3 13694 0
0.3 13695 0
0.3 13696 0
0.3 13697 27
0.3 13698 0
0.3 13699 27
0.3 13700 27
0.3 13701 0
0.3 13702 0
0.3 13703 0
0.3 13704 0
0.3 13705 27
0.3 13706 0
0.3 13707 27
0.3 13708 0
0.3 13709 0
0.3 13710 27
0.3 13711 27
0.3 13712 54
0.3 13713 54
0.3 13714 54
0.3 13715 81
0.3 13716 108
0.3 13717 81
0.3 13718 27
0.3 13719 54
0.3 13720 54
0.3 13721 0
0.3 13722 0
0.3 13723 27
0.3 13724 0
0.3 13725 0
0.3 13726 0
0.3 13727 0
0.3 13728 0
0.3 13729 27
0.3 13730 0
0.3 13731 0
0.3 13732 0
0.3 13733 0
0.3 13734 27
0.3 13735 0
0.3 13736 0
0.3 13737 0
0.3 13738 27
0.3 13739 27
0.3 13740 27
0.3 13741 27
0.3 13742 54
0.3 13743 81
0.3 13744 81
0.3 13745 81
0.3 13746 108
0.3 13747 135
0.3 13748 135
0.3 13749 27
0.3 13750 27
0.3 13751 0
0.3 13752 0
0.3 13753 0
0.3 13754 0
0.3 13755 27
0.3 13756 27
0.3 13757 0
0.3 13758 27
0.3 13759 54
0.3 13760 81
0.3 13761 81
0.3 13762 81
0.3 13763 108
0.3 13764 108
0.3 13765 135
0.3 13766 108
0.3 13767 135
0.3 13768 108
0.3 13769 108
0.3 13770 0
0.3 13771 27
0.3 13772 0
0.3 13773 27
0.3 13774 54
0.3 13775 54
0.3 13776 27
0.3 13777 0
0.3 13778 0
0.3 13779 0
0.3 13780 0
0.3 13781 0
0.3 13782 0
0.3 13783 0
0.3 13784 0
0.3 13785 0
0.3 13786 27
0.3 13787 0
0.3 13788 0
0.3 13789 0
0.3 13790 27
0.3 13791 27
0.3 13792 0
0.3 13793 0
0.3 13794 0
0.3 13795 27
0.3 13796 27
0.3 13797 0
0.3 13798 27
0.3 13799 27
0.3 13800 54
0.3 13801 81
0.3 13802 108
0.3 13803 81
0.3 13804 81
0.3 13805 81
0.3 13806 81
0.3 13807 81
0.3 13808 108
0.3 13809 135
0.3 13810 108
0.3 13811 0
0.3 13812 0
0.3 13813 0
0.3 13814 0
0.3 13815 0
0.3 13816 0
0.3 13817 0
0.3 13818 0
0.3 13819 0
0.3 13820 0
0.3 13821 27
0.3 13822 27
0.3 13823 27
0.3 13824 54
0.3 13825 81
0.3 13826 81
0.3 13827 108
0.3 13828 135
0.3 13829 54
0.3 13830 0
0.3 13831 27
0.3 13832 27
0.3 13833 0
0.3 13834 0
0.3 13835 0
0.3 13836 0
0.3 13837 27
0.3 13838 0
0.3 13839 0
0.3 13840 0
0.3 13841 0
0.3 13842 0
0.3 13843 0
0.3 13844 27
0.3 13845 54
0.3 13846 81
0.3 13847 108
0.3 13848 81
0.3 13849 0
0.3 13850 27
0.3 13851 0
0.3 13852 0
0.3 13853 0
0.3 13854 27
0.3 13855 0
0.3 13856 0
0.3 13857 0
0.3 13858 27
0.3 13859 0
0.3 13860 0
0.3 13861 0
0.3 13862 27
0.3 13863 0
0.3 13864 27
0.3 13865 0
0.3 13866 0
0.3 13867 0
0.3 13868 27
0.3 13869 27
0.3 13870 27
0.3 13871 54
0.3 13872 54
0.3 13873 0
0.3 13874 0
0.3 13875 0
0.3 13876 0
0.3 13877 27
0.3 13878 0
0.3 13879 27
0.3 13880 0
0.3 13881 27
0.3 13882 0
0.3 13883 0
0.3 13884 0
0.3 13885 27
0.3 13886 0
0.3 13887 0
0.3 13888 0
0.3 13889 0
0.3 13890 27
0.3 13891 54
0.3 13892 27
0.3 13893 0
0.3 13894 0
0.3 13895 0
0.3 13896 27
0.3 13897 0
0.3 13898 0
0.3 13899 0
0.3 13900 0
0.3 13901 0
0.3 13902 27
0.3 13903 0
0.3 13904 27
0.3 13905 0
0.3 13906 0
0.3 13907 0
0.3 13908 27
0.3 13909 27
0.3 13910 27
0.3 13911 0
0.3 13912 27
0.3 13913 54
0.3 13914 54
0.3 13915 81
0.3 13916 108
0.3 13917 135
0.3 13918 0
0.3 13919 0
0.3 13920 27
0.3 13921 27
0.3 13922 54
0.3 13923 81
0.3 13924 54
0.3 13925 54
0.3 13926 0
0.3 13927 0
0.3 13928 0
0.3 13929 0
0.3 13930 0
0.3 13931 0
0.3 13932 0
0.3 13933 0
0.3 13934 0
0.3 13935 27
0.3 13936 54
0.3 13937 54
0.3 13938 81
0.3 13939 108
0.3 13940 108
0.3 13941 27
0.3 13942 0
0.3 13943 0
0.3 13944 0
0.3 13945 0
0.3 13946 0
0.3 13947 0
0.3 13948 0
0.3 13949 27
0.3 13950 54
0.3 13951 54
0.3 13952 81
0.3 13953 108
0.3 13954 135
0.3 13955 108
0.3 13956 0
0.3 13957 27
0.3 13958 27
0.3 13959 27
0.3 13960 27
0.3 13961 0
0.3 13962 0
0.3 13963 27
0.3 13964 54
0.3 13965 0
0.3 13966 27
0.3 13967 54
0.3 13968 54
0.3 13969 0
0.3 13970 0
0.3 13971 27
0.3 13972 54
0.3 13973 54
0.3 13974 54
0.3 13975 81
0.3 13976 81
0.3 13977 108
0.3 13978 135
0.3 13979 108
0.3 13980 135
0.3 13981 108
0.3 13982 135
0.3 13983 135
0.3 13984 135
0.3 13985 135
0.3 13986 108
0.3 13987 135
0.3 13988 135
0.3 13989 135
0.3 13990 108
0.3 13991 135
0.3 13992 0
0.3 13993 27
0.3 13994 0
0.3 13995 0
0.3 13996 27
0.3 13997 54
0.3 13998 27
0.3 13999 27
0.3 14000 54
0.3 14001 54
0.3 14002 81
0.3 14003 108
0.3 14004 108
0.3 14005 54
0.3 14006 81
0.3 14007 108
0.3 14008 135
0.3 14009 81
0.3 14010 81
0.3 14011 81
0.3 14012 108
0.3 14013 108
0.3 14014 81
0.3 14015 54
0.3 14016 27
0.3 14017 54
0.3 14018 54
0.3 14019 81
0.3 14020 54
0.3 14021 54
0.3 14022 81
0.3 14023 108
0.3 14024 135
0.3 14025 108
0.3 14026 108
0.3 14027 108
0.3 14028 135
0.3 14029 135
0.3 14030 135
0.3 14031 135
0.3 14032 108
0.3 14033 108
0.3 14034 135
0.3 14035 108
0.3 14036 0
0.3 14037 0
0.3 14038 27
0.3 14039 0
0.3 14040 0
0.3 14041 27
0.3 14042 54
0.3 14043 27
0.3 14044 0
0.3 14045 27
0.3 14046 27
0.3 14047 27
0.3 14048 27
0.3 14049 0
0.3 14050 0
0.3 14051 27
0.3 14052 27
0.3 14053 54
0.3 14054 54
0.3 14055 0
0.3 14056 0
0.3 14057 27
0.3 14058 0
0.3 14059 0
0.3 14060 27
0.3 14061 0
0.3 14062 27
0.3 14063 27
0.3 14064 0
0.3 14065 0
0.3 14066 0
0.3 14067 0
0.3 14068 27
0.3 14069 0
0.3 14070 27
0.3 14071 0
0.3 14072 27
0.3 14073 27
0.3 14074 54
0.3 14075 27
0.3 14076 0
0.3 14077 27
0.3 14078 27
0.3 14079 27
0.3 14080 0
0.3 14081 27
0.3 14082 27
0.3 14083 54
0.3 14084 54
0.3 14085 54
0.3 14086 27
0.3 14087 27
0.3 14088 54
0.3 14089 54
0.3 14090 0
0.3 14091 0
0.3 14092 0
0.3 14093 0
0.3 14094 0
0.3 14095 0
0.3 14096 0
0.3 14097 0
0.3 14098 0
0.3 14099 0
0.3 14100 0
0.3 14101 27
0.3 14102 27
0.3 14103 0
0.3 14104 0
0.3 14105 0
0.3 14106 0
0.3 14107 0
0.3 14108 0
0.3 14109 0
0.3 14110 0
0.3 14111 27
0.3 14112 27
0.3 14113 0
0.3 14114 0
0.3 14115 0
0.3 14116 0
0.3 14117 27
0.3 14118 54
0.3 14119 27
0.3 14120 0
0.3 14121 27
0.3 14122 27
0.3 14123 0
0.3 14124 27
0.3 14125 0
0.3 14126 0
0.3 14127 27
0.3 14128 27
0.3 14129 27
0.3 14130 0
0.3 14131 0
0.3 14132 0
0.3 14133 0
0.3 14134 0
0.3 14135 0
0.3 14136 27
0.3 14137 27
0.3 14138 27
0.3 14139 0
0.3 14140 0
0.3 14141 27
0.3 14142 27
0.3 14143 0
0.3 14144 0
0.3 14145 27
0.3 14146 0
0.3 14147 0
0.3 14148 0
0.3 14149 0
0.3 14150 0
0.3 14151 0
0.3 14152 0
0.3 14153 0
0.3 14154 27
0.3 14155 27
0.3 14156 54
0.3 14157 81
0.3 14158 108
0.3 14159 108
0.3 14160 135
0.3 14161 81
0.3 14162 108
0.3 14163 27
0.3 14164 54
0.3 14165 81
0.3 14166 108
0.3 14167 27
0.3 14168 0
0.3 14169 27
0.3 14170 0
0.3 14171 0
0.3 14172 0
0.3 14173 27
0.3 14174 54
0.3 14175 81
0.3 14176 108
0.3 14177 135
0.3 14178 135
0.3 14179 135
0.3 14180 81
0.3 14181 27
0.3 14182 0
0.3 14183 0
0.3 14184 0
0.3 14185 0
0.3 14186 0
0.3 14187 27
0.3 14188 54
0.3 14189 81
0.3 14190 81
0.3 14191 0
0.3 14192 27
0.3 14193 27
0.3 14194 0
0.3 14195 27
0.3 14196 27
0.3 14197 0
0.3 14198 0
0.3 14199 0
0.3 14200 0
0.3 14201 0
0.3 14202 0
0.3 14203 0
0.3 14204 0
0.3 14205 0
0.3 14206 27
0.3 14207 54
0.3 14208 81
0.3 14209 54
0.3 14210 0
0.3 14211 0
0.3 14212 0
0.3 14213 0
0.3 14214 0
0.3 14215 0
0.3 14216 0
0.3 14217 0
0.3 14218 0
0.3 14219 0
0.3 14220 0
0.3 14221 27
0.3 14222 54
0.3 14223 54
0.3 14224 81
0.3 14225 0
0.3 14226 27
0.3 14227 27
0.3 14228 27
0.3 14229 27
0.3 14230 54
0.3 14231 54
0.3 14232 0
0.3 14233 0
0.3 14234 0
0.3 14235 27
0.3 14236 0
0.3 14237 27
0.3 14238 0
0.3 14239 0
0.3 14240 27
0.3 14241 27
0.3 14242 27
0.3 14243 54
0.3 14244 81
0.3 14245 54
0.3 14246 0
0.3 14247 0
0.3 14248 27
0.3 14249 27
0.3 14250 54
0.3 14251 81
0.3 14252 27
0.3 14253 27
0.3 14254 54
0.3 14255 0
0.3 14256 0
0.3 14257 27
0.3 14258 54
0.3 14259 27
0.3 14260 27
0.3 14261 0
0.3 14262 0
0.3 14263 27
0.3 14264 0
0.3 14265 0
0.3 14266 0
0.3 14267 27
0.3 14268 27
0.3 14269 54
0.3 14270 54
0.3 14271 81
0.3 14272 81
0.3 14273 81
0.3 14274 0
0.3 14275 0
0.3 14276 27
0.3 14277 54
0.3 14278 81
0.3 14279 108
0.3 14280 108
0.3 14281 108
0.3 14282 81
0.3 14283 0
0.3 14284 0
0.3 14285 0
0.3 14286 0
0.3 14287 0
0.3 14288 0
0.3 14289 0
0.3 14290 0
0.3 14291 0
0.3 14292 0
0.3 14293 0
0.3 14294 0
0.3 14295 0
0.3 14296 0
0.3 14297 0
0.3 14298 27
0.3 14299 27
0.3 14300 0
0.3 14301 0
0.3 14302 0
0.3 14303 0
0.3 14304 27
0.3 14305 27
0.3 14306 54
0.3 14307 54
0.3 14308 0
0.3 14309 0
0.3 14310 0
0.3 14311 27
0.3 14312 0
0.3 14313 0
0.3 14314 0
0.3 14315 0
0.3 14316 0
0.3 14317 0
0.3 14318 27
0.3 14319 54
0.3 14320 54
0.3 14321 0
0.3 14322 27
0.3 14323 0
0.3 14324 0
0.3 14325 27
0.3 14326 0
0.3 14327 0
0.3 14328 0
0.3 14329 0
0.3 14330 0
0.3 14331 0
0.3 14332 0
0.3 14333 0
0.3 14334 0
0.3 14335 0
0.3 14336 0
0.3 14337 27
0.3 14338 27
0.3 14339 27
0.3 14340 0
0.3 14341 27
0.3 14342 0
0.3 14343 0
0.3 14344 27
0.3 14345 54
0.3 14346 27
0.3 14347 27
0.3 14348 54
0.3 14349 0
0.3 14350 0
0.3 14351 0
0.3 14352 0
0.3 14353 27
0.3 14354 0
0.3 14355 27
0.3 14356 0
0.3 14357 27
0.3 14358 0
0.3 14359 0
0.3 14360 0
0.3 14361 0
0.3 14362 27
0.3 14363 0
0.3 14364 27
0.3 14365 27
0.3 14366 0
0.3 14367 0
0.3 14368 0
0.3 14369 27
0.3 14370 0
0.3 14371 0
0.3 14372 0
0.3 14373 0
0.3 14374 0
0.3 14375 0
0.3 14376 0
0.3 14377 0
0.3 14378 27
0.3 14379 54
0.3 14380 27
0.3 14381 54
0.3 14382 54
0.3 14383 54
0.3 14384 81
0.3 14385 81
0.3 14386 54
0.3 14387 54
0.3 14388 0
0.3 14389 0
0.3 14390 0
0.3 14391 0
0.3 14392 0
0.3 14393 0
0.3 14394 0
0.3 14395 0
0.3 14396 27
0.3 14397 54
0.3 14398 54
0.3 14399 0
0.3 14400 27
0.3 14401 54
0.3 14402 81
0.3 14403 81
0.3 14404 108
0.3 14405 135
0.3 14406 135
0.3 14407 108
0.3 14408 135
0.3 14409 81
0.3 14410 81
0.3 14411 0
0.3 14412 27
0.3 14413 27
0.3 14414 54
0.3 14415 54
0.3 14416 54
0.3 14417 54
0.3 14418 81
0.3 14419 108
0.3 14420 135
0.3 14421 135
0.3 14422 54
0.3 14423 27
0.3 14424 0
0.3 14425 0
0.3 14426 27
0.3 14427 0
0.3 14428 27
0.3 14429 27
0.3 14430 0
0.3 14431 0
0.3 14432 27
0.3 14433 27
0.3 14434 27
0.3 14435 0
0.3 14436 27
0.3 14437 0
0.3 14438 27
0.3 14439 27
0.3 14440 0
0.3 14441 0
0.3 14442 27
0.3 14443 0
0.3 14444 0
0.3 14445 0
0.3 14446 0
0.3 14447 27
0.3 14448 54
0.3 14449 0
0.3 14450 27
0.3 14451 27
0.3 14452 54
0.3 14453 54
0.3 14454 81
0.3 14455 54
0.3 14456 81
0.3 14457 81
0.3 14458 108
0.3 14459 108
0.3 14460 135
0.3 14461 54
0.3 14462 81
0.3 14463 108
0.3 14464 135
0.3 14465 0
0.3 14466 27
0.3 14467 0
0.3 14468 0
0.3 14469 0
0.3 14470 0
0.3 14471 27
0.3 14472 0
0.3 14473 27
0.3 14474 27
0.3 14475 54
0.3 14476 27
0.3 14477 0
0.3 14478 27
0.3 14479 27
0.3 14480 0
0.3 14481 27
0.3 14482 27
0.3 14483 0
0.3 14484 0
0.3 14485 0
0.3 14486 0
0.3 14487 0
0.3 14488 0
0.3 14489 0
0.3 14490 27
0.3 14491 27
0.3 14492 54
0.3 14493 27
0.3 14494 0
0.3 14495 0
0.3 14496 0
0.3 14497 0
0.3 14498 0
0.3 14499 0
0.3 14500 27
0.3 14501 54
0.3 14502 54
0.3 14503 81
0.3 14504 0
0.3 14505 0
0.3 14506 0
0.3 14507 27
0.3 14508 27
0.3 14509 54
0.3 14510 81
0.3 14511 81
0.3 14512 108
0.3 14513 108
0.3 14514 135
0.3 14515 135
0.3 14516 81
0.3 14517 108
0.3 14518 135
0.3 14519 27
0.3 14520 27
0.3 14521 0
0.3 14522 0
0.3 14523 27
0.3 14524 0
0.3 14525 0
0.3 14526 27
0.3 14527 0
0.3 14528 0
0.3 14529 0
0.3 14530 0
0.3 14531 0
0.3 14532 27
0.3 14533 0
0.3 14534 0
0.3 14535 0
0.3 14536 27
0.3 14537 0
0.3 14538 0
0.3 14539 0
0.3 14540 0
0.3 14541 0
0.3 14542 0
0.3 14543 27
0.3 14544 27
0.3 14545 54
0.3 14546 81
0.3 14547 81
0.3 14548 108
0.3 14549 135
0.3 14550 108
0.3 14551 135
0.3 14552 108
0.3 14553 27
0.3 14554 0
0.3 14555 0
0.3 14556 27
0.3 14557 0
0.3 14558 0
0.3 14559 0
0.3 14560 27
0.3 14561 54
0.3 14562 0
0.3 14563 0
0.3 14564 0
0.3 14565 27
0.3 14566 54
0.3 14567 81
0.3 14568 27
0.3 14569 0
0.3 14570 27
0.3 14571 27
0.3 14572 0
0.3 14573 0
0.3 14574 0
0.3 14575 0
0.3 14576 0
0.3 14577 27
0.3 14578 0
0.3 14579 27
0.3 14580 0
0.3 14581 0
0.3 14582 0
0.3 14583 0
0.3 14584 0
0.3 14585 27
0.3 14586 54
0.3 14587 54
0.3 14588 0
0.3 14589 0
0.3 14590 27
0.3 14591 54
0.3 14592 81
0.3 14593 54
0.3 14594 81
0.3 14595 27
0.3 14596 27
0.3 14597 54
0.3 14598 81
0.3 14599 108
0.3 14600 81
0.3 14601 108
0.3 14602 135
0.3 14603 135
0.3 14604 135
0.3 14605 135
0.3 14606 135
0.3 14607 108
0.3 14608 108
0.3 14609 135
0.3 14610 108
0.3 14611 135
0.3 14612 135
0.3 14613 135
0.3 14614 135
0.3 14615 135
0.3 14616 81
0.3 14617 108
0.3 14618 108
0.3 14619 135
0.3 14620 135
0.3 14621 108
0.3 14622 0
0.3 14623 0
0.3 14624 0
0.3 14625 27
0.3 14626 0
0.3 14627 27
0.3 14628 0
0.3 14629 0
0.3 14630 0
0.3 14631 27
0.3 14632 0
0.3 14633 0
0.3 14634 0
0.3 14635 27
0.3 14636 27
0.3 14637 27
0.3 14638 27
0.3 14639 27
0.3 14640 27
0.3 14641 54
0.3 14642 0
0.3 14643 0
0.3 14644 27
0.3 14645 0
0.3 14646 27
0.3 14647 0
0.3 14648 27
0.3 14649 27
0.3 14650 0
0.3 14651 0
0.3 14652 0
0.3 14653 0
0.3 14654 27
0.3 14655 54
0.3 14656 0
0.3 14657 0
0.3 14658 0
0.3 14659 0
0.3 14660 27
0.3 14661 27
0.3 14662 27
0.3 14663 0
0.3 14664 0
0.3 14665 27
0.3 14666 27
0.3 14667 27
0.3 14668 0
0.3 14669 0
0.3 14670 27
0.3 14671 27
0.3 14672 0
0.3 14673 0
0.3 14674 0
0.3 14675 0
0.3 14676 0
0.3 14677 0
0.3 14678 27
0.3 14679 27
0.3 14680 27
0.3 14681 54
0.3 14682 54
0.3 14683 27
0.3 14684 27
0.3 14685 27
0.3 14686 27
0.3 14687 27
0.3 14688 54
0.3 14689 81
0.3 14690 108
0.3 14691 135
0.3 14692 135
0.3 14693 135
0.3 14694 108
0.3 14695 135
0.3 14696 108
0.3 14697 135
0.3 14698 0
0.3 14699 0
0.3 14700 0
0.3 14701 27
0.3 14702 27
0.3 14703 0
0.3 14704 27
0.3 14705 0
0.3 14706 0
0.3 14707 0
0.3 14708 0
0.3 14709 0
0.3 14710 0
0.3 14711 27
0.3 14712 27
0.3 14713 27
0.3 14714 0
0.3 14715 0
0.3 14716 0
0.3 14717 0
0.3 14718 27
0.3 14719 54
0.3 14720 0
0.3 14721 27
0.3 14722 27
0.3 14723 0
0.3 14724 27
0.3 14725 27
0.3 14726 0
0.3 14727 27
0.3 14728 0
0.3 14729 0
0.3 14730 0
0.3 14731 0
0.3 14732 0
0.3 14733 0
0.3 14734 0
0.3 14735 27
0.3 14736 0
0.3 14737 0
0.3 14738 0
0.3 14739 27
0.3 14740 54
0.3 14741 27
0.3 14742 0
0.3 14743 27
0.3 14744 27
0.3 14745 54
0.3 14746 81
0.3 14747 0
0.3 14748 0
0.3 14749 0
0.3 14750 0
0.3 14751 27
0.3 14752 0
0.3 14753 27
0.3 14754 54
0.3 14755 0
0.3 14756 0
0.3 14757 0
0.3 14758 0
0.3 14759 0
0.3 14760 27
0.3 14761 27
0.3 14762 27
0.3 14763 54
0.3 14764 54
0.3 14765 81
0.3 14766 54
0.3 14767 0
0.3 14768 0
0.3 14769 0
0.3 14770 27
0.3 14771 0
0.3 14772 27
0.3 14773 0
0.3 14774 0
0.3 14775 27
0.3 14776 0
0.3 14777 0
0.3 14778 27
0.3 14779 54
0.3 14780 81
0.3 14781 81
0.3 14782 81
0.3 14783 108
0.3 14784 135
0.3 14785 135
0.3 14786 135
0.3 14787 54
0.3 14788 54
0.3 14789 81
0.3 14790 108
0.3 14791 135
0.3 14792 135
0.3 14793 108
0.3 14794 135
0.3 14795 108
0.3 14796 135
0.3 14797 108
0.3 14798 108
0.3 14799 108
0.3 14800 108
0.3 14801 135
0.3 14802 108
0.3 14803 27
0.3 14804 27
0.3 14805 27
0.3 14806 0
0.3 14807 0
0.3 14808 27
0.3 14809 0
0.3 14810 0
0.3 14811 0
0.3 14812 0
0.3 14813 0
0.3 14814 0
0.3 14815 0
0.3 14816 27
0.3 14817 0
0.3 14818 0
0.3 14819 27
0.3 14820 0
0.3 14821 0
0.3 14822 0
0.3 14823 0
0.3 14824 27
0.3 14825 27
0.3 14826 54
0.3 14827 81
0.3 14828 81
0.3 14829 81
0.3 14830 81
0.3 14831 108
0.3 14832 135
0.3 14833 135
0.3 14834 135
0.3 14835 135
0.3 14836 108
0.3 14837 135
0.3 14838 108
0.3 14839 135
0.3 14840 135
0.3 14841 108
0.3 14842 108
0.3 14843 108
0.3 14844 135
0.3 14845 135
0.3 14846 135
0.3 14847 108
0.3 14848 135
0.3 14849 108
0.3 14850 135
0.3 14851 135
0.3 14852 108
0.3 14853 108
0.3 14854 108
0.3 14855 108
0.3 14856 108
0.3 14857 135
0.3 14858 108
0.3 14859 54
0.3 14860 81
0.3 14861 54
0.3 14862 81
0.3 14863 27
0.3 14864 27
0.3 14865 27
0.3 14866 54
0.3 14867 81
0.3 14868 81
0.3 14869 27
0.3 14870 0
0.3 14871 0
0.3 14872 0
0.3 14873 27
0.3 14874 27
0.3 14875 0
0.3 14876 0
0.3 14877 27
0.3 14878 0
0.3 14879 27
0.3 14880 27
0.3 14881 54
0.3 14882 81
0.3 14883 81
0.3 14884 81
0.3 14885 0
0.3 14886 27
0.3 14887 27
0.3 14888 0
0.3 14889 27
0.3 14890 0
0.3 14891 0
0.3 14892 27
0.3 14893 54
0.3 14894 0
0.3 14895 0
0.3 14896 0
0.3 14897 0
0.3 14898 0
0.3 14899 0
0.3 14900 0
0.3 14901 0
0.3 14902 27
0.3 14903 54
0.3 14904 81
0.3 14905 81
0.3 14906 108
0.3 14907 27
0.3 14908 27
0.3 14909 0
0.3 14910 0
0.3 14911 27
0.3 14912 54
0.3 14913 0
0.3 14914 0
0.3 14915 27
0.3 14916 54
0.3 14917 27
0.3 14918 0
0.3 14919 0
0.3 14920 0
0.3 14921 0
0.3 14922 0
0.3 14923 27
0.3 14924 0
0.3 14925 0
0.3 14926 0
0.3 14927 27
0.3 14928 54
0.3 14929 81
0.3 14930 108
0.3 14931 27
0.3 14932 0
0.3 14933 0
0.3 14934 27
0.3 14935 27
0.3 14936 54
0.3 14937 27
0.3 14938 54
0.3 14939 81
0.3 14940 81
0.3 14941 108
0.3 14942 27
0.3 14943 0
0.3 14944 27
0.3 14945 27
0.3 14946 27
0.3 14947 0
0.3 14948 0
0.3 14949 0
0.3 14950 0
0.3 14951 0
0.3 14952 27
0.3 14953 27
0.3 14954 27
0.3 14955 0
0.3 14956 0
0.3 14957 27
0.3 14958 27
0.3 14959 54
0.3 14960 81
0.3 14961 108
0.3 14962 81
0.3 14963 108
0.3 14964 135
0.3 14965 0
0.3 14966 0
0.3 14967 0
0.3 14968 27
0.3 14969 0
0.3 14970 0
0.3 14971 0
0.3 14972 0
0.3 14973 0
0.3 14974 0
0.3 14975 0
0.3 14976 0
0.3 14977 0
0.3 14978 27
0.3 14979 0
0.3 14980 0
0.3 14981 0
0.3 14982 0
0.3 14983 27
0.3 14984 0
0.3 14985 0
0.3 14986 0
0.3 14987 0
0.3 14988 0
0.3 14989 0
0.3 14990 0
0.3 14991 0
0.3 14992 27
0.3 14993 0
0.3 14994 27
0.3 14995 54
0.3 14996 27
0.3 14997 54
0.3 14998 0
0.3 14999 0
0.3 15000 27
