135.0 1.0 135.0
134.73001 1.0 134.73001
135.0 1.0 135.0
135.0 1.0 135.0
135.0 1.0 135.0
134.73001 1.0 134.73001
134.45999 1.0 134.45999
135.0 1.0 135.0
134.19 1.0 134.19
135.0 1.0 135.0
135.0 1.0 135.0
134.73001 1.0 134.73001
134.73001 1.0 134.73001
135.0 1.0 135.0
135.0 1.0 135.0
135.0 1.0 135.0
135.0 1.0 135.0
135.0 1.0 135.0
135.0 1.0 135.0
135.0 1.0 135.0
134.73001 1.0 134.73001
134.18999 1.0 134.18999
135.0 1.0 135.0
135.0 1.0 135.0
135.0 1.0 135.0
135.0 1.0 135.0
135.0 1.0 135.0
135.0 1.0 135.0
135.0 1.0 135.0
134.73001 1.0 134.73001
135.0 1.0 135.0
135.0 1.0 135.0
135.0 1.0 135.0
135.0 1.0 135.0
135.0 1.0 135.0
134.45999 1.0 134.45999
135.0 1.0 135.0
135.0 1.0 135.0
135.0 1.0 135.0
135.0 1.0 135.0
135.0 1.0 135.0
269.46002 2.0 134.73001
268.37997 2.0 134.18999
269.46002 2.0 134.73001
270.0 2.0 135.0
270.0 2.0 135.0
268.91998 2.0 134.45999
269.73 2.0 134.865
270.0 2.0 135.0
270.0 2.0 135.0
270.0 2.0 135.0
270.0 2.0 135.0
269.73 2.0 134.865
269.46002 2.0 134.73001
270.0 2.0 135.0
269.46002 2.0 134.73001
270.0 2.0 135.0
270.0 2.0 135.0
270.0 2.0 135.0
268.65 2.0 134.325
270.0 2.0 135.0
270.0 2.0 135.0
270.0 2.0 135.0
268.65002 2.0 134.32501
270.0 2.0 135.0
270.0 2.0 135.0
270.0 2.0 135.0
270.0 2.0 135.0
270.0 2.0 135.0
270.0 2.0 135.0
270.0 2.0 135.0
269.46002 2.0 134.73001
270.0 2.0 135.0
270.0 2.0 135.0
270.0 2.0 135.0
270.0 2.0 135.0
269.73 2.0 134.865
269.46002 2.0 134.73001
270.0 2.0 135.0
269.46002 2.0 134.73001
269.73 2.0 134.865
270.0 2.0 135.0
405.0 3.0 135.0
404.73 3.0 134.91
405.0 3.0 135.0
404.46002 3.0 134.82
405.0 3.0 135.0
404.19003 3.0 134.73001
405.0 3.0 135.0
403.91998 3.0 134.64
405.0 3.0 135.0
405.0 3.0 135.0
405.0 3.0 135.0
404.46002 3.0 134.82
404.73 3.0 134.91
403.65002 3.0 134.55
405.0 3.0 135.0
405.0 3.0 135.0
403.11005 3.0 134.37001
404.73 3.0 134.91
404.73 3.0 134.91
405.0 3.0 135.0
404.46002 3.0 134.82
404.73 3.0 134.91
405.0 3.0 135.0
404.73 3.0 134.91
404.46002 3.0 134.82
405.0 3.0 135.0
405.0 3.0 135.0
405.0 3.0 135.0
404.46002 3.0 134.82
404.46002 3.0 134.82
404.19003 3.0 134.73001
404.46002 3.0 134.82
405.0 3.0 135.0
404.19003 3.0 134.73001
405.0 3.0 135.0
405.0 3.0 135.0
404.19003 3.0 134.73001
405.0 3.0 135.0
405.0 3.0 135.0
404.73 3.0 134.91
405.0 3.0 135.0
539.73 4.0 134.9325
538.65 4.0 134.6625
540.0 4.0 135.0
539.46 4.0 134.865
538.92004 4.0 134.73001
540.0 4.0 135.0
540.0 4.0 135.0
539.46 4.0 134.865
539.73 4.0 134.9325
539.46 4.0 134.865
539.46 4.0 134.865
538.38 4.0 134.595
539.19 4.0 134.7975
540.0 4.0 135.0
540.0 4.0 135.0
539.19006 4.0 134.79752
540.0 4.0 135.0
539.73 4.0 134.9325
539.73 4.0 134.9325
540.0 4.0 135.0
540.0 4.0 135.0
538.65 4.0 134.6625
539.46 4.0 134.865
539.46 4.0 134.865
539.73 4.0 134.9325
538.92004 4.0 134.73001
539.46 4.0 134.865
539.73 4.0 134.9325
539.73 4.0 134.9325
539.45996 4.0 134.86499
539.73 4.0 134.9325
539.73 4.0 134.9325
539.45996 4.0 134.86499
539.46 4.0 134.865
538.92004 4.0 134.73001
539.19006 4.0 134.79752
539.46 4.0 134.865
540.0 4.0 135.0
539.46 4.0 134.865
539.45996 4.0 134.86499
539.46 4.0 134.865
675.0 5.0 135.0
675.0 5.0 135.0
674.45996 5.0 134.892
673.92 5.0 134.784
674.73 5.0 134.946
674.73 5.0 134.946
674.73 5.0 134.946
674.45996 5.0 134.892
674.73 5.0 134.946
674.45996 5.0 134.892
674.19 5.0 134.838
674.19006 5.0 134.83801
675.0 5.0 135.0
675.0 5.0 135.0
674.73 5.0 134.946
673.92 5.0 134.784
674.19006 5.0 134.83801
674.19 5.0 134.838
675.0 5.0 135.0
674.73 5.0 134.946
674.73 5.0 134.946
673.64996 5.0 134.73
674.45996 5.0 134.892
674.73 5.0 134.946
674.45996 5.0 134.892
674.45996 5.0 134.892
674.73 5.0 134.946
674.73 5.0 134.946
673.92 5.0 134.784
674.45996 5.0 134.892
675.0 5.0 135.0
674.45996 5.0 134.892
674.45996 5.0 134.892
674.19 5.0 134.838
675.0 5.0 135.0
674.73 5.0 134.946
674.19006 5.0 134.83801
674.73 5.0 134.946
674.19 5.0 134.838
674.45996 5.0 134.892
674.19 5.0 134.838
809.19006 6.0 134.865
809.46 6.0 134.91
808.64996 6.0 134.775
809.73 6.0 134.955
809.18994 6.0 134.86499
809.46 6.0 134.91
807.56995 6.0 134.59499
808.92004 6.0 134.82
809.45996 6.0 134.90999
809.46 6.0 134.91
809.45996 6.0 134.90999
809.73 6.0 134.955
809.73 6.0 134.955
809.73 6.0 134.955
809.46 6.0 134.91
809.46 6.0 134.91
808.64996 6.0 134.775
808.92004 6.0 134.82
809.46 6.0 134.91
809.73 6.0 134.955
808.92004 6.0 134.82
809.19006 6.0 134.865
808.9199 6.0 134.81999
808.92004 6.0 134.82
808.38 6.0 134.73
809.73 6.0 134.955
809.45996 6.0 134.90999
808.38 6.0 134.73
810.0 6.0 135.0
810.0 6.0 135.0
809.73 6.0 134.955
807.8399 6.0 134.63998
808.64996 6.0 134.775
809.46 6.0 134.91
810.0 6.0 135.0
808.38007 6.0 134.73001
810.0 6.0 135.0
809.19006 6.0 134.865
809.73 6.0 134.955
807.83997 6.0 134.64
810.0 6.0 135.0
943.9199 7.0 134.8457
943.65 7.0 134.80714
944.18994 7.0 134.88428
944.45996 7.0 134.92285
944.73 7.0 134.96143
944.19006 7.0 134.8843
943.38 7.0 134.76857
943.11 7.0 134.73
944.73 7.0 134.96143
944.73 7.0 134.96143
940.95 7.0 134.42143
944.19006 7.0 134.8843
945.0 7.0 135.0
943.65 7.0 134.80714
945.0 7.0 135.0
943.38 7.0 134.76857
943.92004 7.0 134.84572
943.65 7.0 134.80714
943.92004 7.0 134.84572
944.73 7.0 134.96143
944.45996 7.0 134.92285
944.45996 7.0 134.92285
943.9199 7.0 134.8457
944.73 7.0 134.96143
945.0 7.0 135.0
943.9199 7.0 134.8457
944.45996 7.0 134.92285
942.8401 7.0 134.69144
944.73 7.0 134.96143
944.19006 7.0 134.8843
943.11 7.0 134.73
944.45996 7.0 134.92285
944.45996 7.0 134.92285
942.8401 7.0 134.69144
944.73 7.0 134.96143
944.45996 7.0 134.92285
943.38 7.0 134.76857
944.45996 7.0 134.92285
943.3799 7.0 134.76855
943.65 7.0 134.80714
945.0 7.0 135.0
1078.1101 8.0 134.76376
1079.19 8.0 134.89874
1078.65 8.0 134.83125
1077.03 8.0 134.62875
1079.1901 8.0 134.89876
1079.73 8.0 134.96625
1078.1101 8.0 134.76376
1079.46 8.0 134.9325
1079.73 8.0 134.96625
1079.46 8.0 134.9325
1078.11 8.0 134.76375
1078.65 8.0 134.83125
1078.6499 8.0 134.83124
1079.19 8.0 134.89874
1079.1901 8.0 134.89876
1079.73 8.0 134.96625
1078.65 8.0 134.83125
1079.1901 8.0 134.89876
1079.46 8.0 134.9325
1077.0299 8.0 134.62874
1079.46 8.0 134.9325
1078.65 8.0 134.83125
1078.65 8.0 134.83125
1079.19 8.0 134.89874
1080.0 8.0 135.0
1079.46 8.0 134.9325
1079.46 8.0 134.9325
1080.0 8.0 135.0
1079.1901 8.0 134.89876
1078.3799 8.0 134.79749
1078.9199 8.0 134.86499
1078.6499 8.0 134.83124
1079.46 8.0 134.9325
1078.9199 8.0 134.86499
1077.57 8.0 134.69624
1078.9199 8.0 134.86499
1079.19 8.0 134.89874
1078.65 8.0 134.83125
1079.19 8.0 134.89874
1077.0299 8.0 134.62874
1079.73 8.0 134.96625
1212.0298 9.0 134.66998
1214.1901 9.0 134.91
1214.19 9.0 134.90999
1214.46 9.0 134.94
1213.3799 9.0 134.81999
1213.65 9.0 134.85
1213.1099 9.0 134.78998
1213.65 9.0 134.85
1214.46 9.0 134.94
1214.19 9.0 134.90999
1213.3799 9.0 134.81999
1213.65 9.0 134.85
1215.0 9.0 135.0
1213.6499 9.0 134.84999
1212.8401 9.0 134.76001
1213.92 9.0 134.88
1214.1901 9.0 134.91
1213.9199 9.0 134.87999
1213.9199 9.0 134.87999
1214.73 9.0 134.97
1214.19 9.0 134.90999
1214.73 9.0 134.97
1214.19 9.0 134.90999
1214.46 9.0 134.94
1213.3799 9.0 134.81999
1212.57 9.0 134.73
1214.46 9.0 134.94
1213.3799 9.0 134.81999
1215.0 9.0 135.0
1213.3799 9.0 134.81999
1213.9199 9.0 134.87999
1213.3799 9.0 134.81999
1215.0 9.0 135.0
1211.49 9.0 134.61
1213.9199 9.0 134.87999
1213.6499 9.0 134.84999
1213.9199 9.0 134.87999
1213.92 9.0 134.88
1215.0 9.0 135.0
1213.6499 9.0 134.84999
1214.73 9.0 134.97
1348.65 10.0 134.865
1348.9199 10.0 134.892
1348.9199 10.0 134.892
1347.84 10.0 134.784
1347.5698 10.0 134.75699
1348.65 10.0 134.865
1347.03 10.0 134.703
1349.19 10.0 134.91899
1349.19 10.0 134.91899
1347.2999 10.0 134.73
1349.19 10.0 134.91899
1347.5701 10.0 134.757
1348.6499 10.0 134.86499
1348.3799 10.0 134.83798
1349.46 10.0 134.946
1348.6499 10.0 134.86499
1348.38 10.0 134.838
1348.3799 10.0 134.83798
1348.1099 10.0 134.81099
1348.6499 10.0 134.86499
1348.65 10.0 134.865
1347.5698 10.0 134.75699
1348.3799 10.0 134.83798
1349.19 10.0 134.91899
1348.38 10.0 134.838
1348.1099 10.0 134.81099
1349.19 10.0 134.91899
1349.19 10.0 134.91899
1349.19 10.0 134.91899
1349.19 10.0 134.91899
1348.1099 10.0 134.81099
1349.73 10.0 134.97299
1349.46 10.0 134.946
1349.73 10.0 134.97299
1348.1099 10.0 134.81099
1347.5698 10.0 134.75699
1348.9199 10.0 134.892
1348.1101 10.0 134.811
1347.2999 10.0 134.73
1346.4899 10.0 134.64899
1348.65 10.0 134.865
1483.9199 11.0 134.90181
1483.3799 11.0 134.85272
1484.19 11.0 134.92636
1483.3799 11.0 134.85272
1483.92 11.0 134.90182
1484.73 11.0 134.97545
1481.76 11.0 134.70546
1484.19 11.0 134.92636
1483.6499 11.0 134.87726
1484.73 11.0 134.97545
1484.19 11.0 134.92636
1483.65 11.0 134.87727
1483.3799 11.0 134.85272
1481.7599 11.0 134.70544
1483.3799 11.0 134.85272
1484.4601 11.0 134.95091
1482.8398 11.0 134.80362
1482.84 11.0 134.80363
1484.4601 11.0 134.95091
1484.19 11.0 134.92636
1483.9199 11.0 134.90181
1483.6499 11.0 134.87726
1482.84 11.0 134.80363
1483.65 11.0 134.87727
1484.19 11.0 134.92636
1483.92 11.0 134.90182
1485.0 11.0 135.0
1483.3799 11.0 134.85272
1484.73 11.0 134.97545
1484.19 11.0 134.92636
1483.6499 11.0 134.87726
1481.7598 11.0 134.70543
1483.65 11.0 134.87727
1483.92 11.0 134.90182
1485.0 11.0 135.0
1485.0 11.0 135.0
1483.3799 11.0 134.85272
1483.3799 11.0 134.85272
1482.5697 11.0 134.77907
1483.6499 11.0 134.87726
1483.6499 11.0 134.87726
1618.6499 12.0 134.8875
1619.73 12.0 134.9775
1618.9199 12.0 134.90999
1618.1099 12.0 134.84248
1618.92 12.0 134.91
1618.9199 12.0 134.90999
1618.3801 12.0 134.865
1618.1099 12.0 134.84248
1617.2999 12.0 134.775
1618.3801 12.0 134.865
1618.11 12.0 134.8425
1618.9199 12.0 134.90999
1618.11 12.0 134.8425
1618.6499 12.0 134.8875
1617.5701 12.0 134.7975
1617.2999 12.0 134.775
1618.1099 12.0 134.84248
1618.9199 12.0 134.90999
1616.2197 12.0 134.68498
1619.46 12.0 134.955
1618.9199 12.0 134.90999
1617.2999 12.0 134.775
1618.6499 12.0 134.8875
1618.3799 12.0 134.86499
1618.9199 12.0 134.90999
1618.6499 12.0 134.8875
1618.1099 12.0 134.84248
1617.8398 12.0 134.81999
1619.19 12.0 134.9325
1617.2999 12.0 134.775
1617.5701 12.0 134.7975
1617.8398 12.0 134.81999
1619.19 12.0 134.9325
1618.3801 12.0 134.865
1618.6499 12.0 134.8875
1617.2999 12.0 134.775
1618.6499 12.0 134.8875
1618.6499 12.0 134.8875
1618.3801 12.0 134.865
1618.92 12.0 134.91
1618.11 12.0 134.8425
1753.6499 13.0 134.89615
1750.1399 13.0 134.62614
1750.41 13.0 134.64693
1752.5698 13.0 134.81306
1751.22 13.0 134.70923
1754.73 13.0 134.97923
1753.6499 13.0 134.89615
1749.33 13.0 134.56384
1754.19 13.0 134.93768
1753.6499 13.0 134.89615
1752.8398 13.0 134.83383
1753.9199 13.0 134.91692
1754.1901 13.0 134.9377
1752.84 13.0 134.83385
1753.9199 13.0 134.91692
1753.9199 13.0 134.91692
1753.9199 13.0 134.91692
1753.6499 13.0 134.89615
1753.6499 13.0 134.89615
1752.3 13.0 134.79231
1753.1097 13.0 134.8546
1753.1102 13.0 134.85463
1753.38 13.0 134.87538
1751.4897 13.0 134.72998
1754.19 13.0 134.93768
1753.6499 13.0 134.89615
1753.3801 13.0 134.8754
1752.0297 13.0 134.77151
1753.1097 13.0 134.8546
1754.19 13.0 134.93768
1752.84 13.0 134.83385
1754.19 13.0 134.93768
1752.5701 13.0 134.81308
1753.6499 13.0 134.89615
1753.38 13.0 134.87538
1751.7601 13.0 134.75078
1751.22 13.0 134.70923
1751.4897 13.0 134.72998
1753.1102 13.0 134.85463
1752.3 13.0 134.79231
1754.73 13.0 134.97923
1888.1099 14.0 134.86499
1888.6499 14.0 134.90356
1888.1099 14.0 134.86499
1887.5698 14.0 134.82642
1888.9199 14.0 134.92285
1887.8401 14.0 134.84572
1886.49 14.0 134.74928
1886.4897 14.0 134.74927
1888.1101 14.0 134.865
1888.3799 14.0 134.88428
1888.1099 14.0 134.86499
1888.9199 14.0 134.92285
1885.6799 14.0 134.69142
1887.8398 14.0 134.8457
1888.3801 14.0 134.8843
1887.5698 14.0 134.82642
1887.5698 14.0 134.82642
1888.6499 14.0 134.90356
1887.3 14.0 134.80714
1887.0298 14.0 134.78784
1888.6499 14.0 134.90356
1888.1099 14.0 134.86499
1887.5698 14.0 134.82642
1888.1101 14.0 134.865
1887.5698 14.0 134.82642
1888.1099 14.0 134.86499
1889.19 14.0 134.94214
1885.95 14.0 134.71071
1887.8398 14.0 134.8457
1888.3801 14.0 134.8843
1888.3801 14.0 134.8843
1886.22 14.0 134.73
1889.46 14.0 134.96143
1888.9199 14.0 134.92285
1889.19 14.0 134.94214
1887.03 14.0 134.78786
1888.3799 14.0 134.88428
1887.5698 14.0 134.82642
1888.9199 14.0 134.92285
1888.9199 14.0 134.92285
1887.5698 14.0 134.82642
2021.7601 15.000001 134.784
2023.3801 15.000001 134.892
2021.7599 15.000001 134.78398
2022.3003 15.000001 134.82
2019.87 15.000001 134.65799
2021.7605 15.000001 134.78403
2019.6003 15.000001 134.64001
2020.6799 15.000001 134.71199
2019.0602 15.000001 134.604
2022.84 15.000001 134.85599
2022.5701 15.000001 134.838
2023.92 15.000001 134.928
2020.6802 15.000001 134.712
2022.5701 15.000001 134.838
2022.3003 15.000001 134.82
2020.6798 15.000001 134.71198
2019.5999 15.000001 134.63998
2023.11 15.000001 134.874
2021.4902 15.000001 134.766
2023.92 15.000001 134.928
2020.4099 15.000001 134.69398
2019.5999 15.000001 134.63998
2022.84 15.000001 134.85599
2020.4102 15.000001 134.694
2020.9498 15.000001 134.72998
2022.84 15.000001 134.85599
2024.19 15.000001 134.94598
2019.87 15.000001 134.65799
2021.22 15.000001 134.74799
2023.3801 15.000001 134.892
2022.84 15.000001 134.85599
2021.2201 15.000001 134.748
2016.9003 15.000001 134.46
2021.7599 15.000001 134.78398
2020.9503 15.000001 134.73001
2019.3303 15.000001 134.62201
2017.44 15.000001 134.49599
2018.7899 15.000001 134.58598
2022.3003 15.000001 134.82
2020.14 15.000001 134.676
2023.6501 15.000001 134.91
1979.1002 16.0 123.69376
1998.2693 16.0 124.89183
1966.4094 16.0 122.90059
1957.5004 16.0 122.34377
1934.2789 16.0 120.89243
1975.5895 16.0 123.47434
1964.5203 16.0 122.78252
2021.22 16.0 126.32625
1999.3503 16.0 124.9594
1979.3699 16.0 123.71062
1941.5697 16.0 121.34811
1983.4213 16.0 123.96383
2001.51 16.0 125.094376
2045.7898 16.0 127.86186
2046.6002 16.0 127.91251
2045.7903 16.0 127.86189
2005.0201 16.0 125.31376
1974.2399 16.0 123.38999
1969.3805 16.0 123.08628
2036.8801 16.0 127.30501
2038.7698 16.0 127.42311
2032.0208 16.0 127.0013
1984.7699 16.0 124.04812
2018.2498 16.0 126.14061
2025.2703 16.0 126.57939
2057.94 16.0 128.62125
2058.7498 16.0 128.67186
2067.1206 16.0 129.19504
2077.9194 16.0 129.86996
2095.4705 16.0 130.9669
2105.4602 16.0 131.59126
2092.7695 16.0 130.7981
2082.24 16.0 130.14
2064.4207 16.0 129.02629
2045.2502 16.0 127.82814
2046.8699 16.0 127.92937
2049.8403 16.0 128.11502
2076.0315 16.0 129.75197
2103.0298 16.0 131.43936
2072.7905 16.0 129.54941
2039.5818 16.0 127.47386
1912.4108 17.0 112.49475
1935.3606 17.0 113.84474
1942.1083 17.0 114.24166
1917.8103 17.0 112.81237
1891.8906 17.0 111.28768
1870.2899 17.0 110.01705
1866.7809 17.0 109.81064
1796.0408 17.0 105.64946
1850.3098 17.0 108.84175
1871.3671 17.0 110.080414
1913.2207 17.0 112.5424
1862.7307 17.0 109.572395
1833.5684 17.0 107.856964
1838.7003 17.0 108.158844
1963.4402 17.0 115.49648
1971.5398 17.0 115.97293
1918.6168 17.0 112.85981
1832.491 17.0 107.79359
1845.7197 17.0 108.57175
1851.9268 17.0 108.93687
1822.7705 17.0 107.221794
1838.4304 17.0 108.14297
1883.79 17.0 110.81118
1935.8984 17.0 113.87638
1911.8699 17.0 112.46294
1849.77 17.0 108.81
1835.4583 17.0 107.96813
1866.2411 17.0 109.778885
1905.6602 17.0 112.09766
1918.0787 17.0 112.82816
1888.6498 17.0 111.097046
1888.9204 17.0 111.11297
1912.1398 17.0 112.47881
1914.2979 17.0 112.60576
1929.1501 17.0 113.47942
1946.43 17.0 114.49589
1878.6564 17.0 110.5092
1872.1805 17.0 110.128265
1897.5605 17.0 111.62121
1887.8385 17.0 111.049324
1847.8809 17.0 108.698875
1876.2299 18.0 104.23499
1838.9698 18.0 102.16499
1837.3496 18.0 102.07498
1828.1698 18.0 101.56499
1850.31 18.0 102.795006
1845.4501 18.0 102.525
1872.9899 18.0 104.05499
1916.1901 18.0 106.455
1892.4299 18.0 105.134995
1792.7999 18.0 99.6
1783.0798 18.0 99.05999
1834.9204 18.0 101.940025
1825.7396 18.0 101.42998
1777.6803 18.0 98.76002
1784.9702 18.0 99.16501
1823.3104 18.0 101.29502
1885.4098 18.0 104.74499
1861.1095 18.0 103.39497
1779.57 18.0 98.865
1772.8203 18.0 98.49002
1786.5901 18.0 99.255005
1787.6699 18.0 99.314995
1820.3397 18.0 101.12998
1826.5499 18.0 101.475
1804.4098 18.0 100.24499
1764.9899 18.0 98.05499
1758.7794 18.0 97.70997
1760.9404 18.0 97.830025
1791.7198 18.0 99.53999
1851.1201 18.0 102.840004
1826.01 18.0 101.445
1832.7598 18.0 101.819984
1836.8099 18.0 102.045
1861.1095 18.0 103.39497
1816.8298 18.0 100.93499
1772.2797 18.0 98.459984
1807.3801 18.0 100.41
1922.4001 18.0 106.80001
1860.5701 18.0 103.365005
1823.85 18.0 101.325
1723.679 18.0 95.75994
1783.3496 19.0 93.860504
1727.7299 19.0 90.93315
1678.5903 19.0 88.34686
1766.0707 19.0 92.95109
1848.6902 19.0 97.299484
1841.9398 19.0 96.9442
1835.4606 19.0 96.60319
1861.38 19.0 97.96737
1896.7498 19.0 99.82893
1801.1694 19.0 94.79839
1791.99 19.0 94.31526
1851.6602 19.0 97.455795
1858.9498 19.0 97.83946
1838.9696 19.0 96.78787
1847.8805 19.0 97.25687
1915.3796 19.0 100.809456
1882.9799 19.0 99.1042
1873.5299 19.0 98.606834
1864.6202 19.0 98.13791
1812.5098 19.0 95.39525
1794.69 19.0 94.45737
1813.3203 19.0 95.43791
1863.8096 19.0 98.09524
1865.4298 19.0 98.18052
1856.5195 19.0 97.711555
1781.7301 19.0 93.77527
1759.05 19.0 92.58158
1854.6299 19.0 97.6121
1839.51 19.0 96.816315
1761.75 19.0 92.72369
1732.0498 19.0 91.160515
1700.9998 19.0 89.526306
1759.8604 19.0 92.62423
1795.5 19.0 94.5
1836.0 19.0 96.63158
1867.86 19.0 98.30842
1851.6605 19.0 97.45582
1841.3999 19.0 96.91579
1821.6898 19.0 95.87841
1817.3699 19.0 95.65105
1847.0698 19.0 97.2142
1830.8699 20.0 91.543495
1828.1699 20.0 91.40849
1825.1996 20.0 91.25998
1763.3699 20.0 88.168495
1657.53 20.0 82.8765
1676.4297 20.0 83.82149
1736.6396 20.0 86.831985
1784.7 20.0 89.235
1762.0201 20.0 88.101006
1830.8701 20.0 91.5435
1795.4995 20.0 89.77498
1733.13 20.0 86.6565
1746.6301 20.0 87.331505
1703.4299 20.0 85.17149
1747.1698 20.0 87.35849
1807.65 20.0 90.3825
1816.2898 20.0 90.81449
1812.5098 20.0 90.62549
1763.64 20.0 88.182
1753.9199 20.0 87.696
1723.9497 20.0 86.19749
1684.5299 20.0 84.226494
1690.1989 20.0 84.50994
1701.5399 20.0 85.076996
1742.0404 20.0 87.10202
1763.0999 20.0 88.15499
1710.45 20.0 85.5225
1766.8799 20.0 88.343994
1787.9396 20.0 89.39698
1860.8398 20.0 93.04199
1867.3198 20.0 93.36599
1865.4302 20.0 93.27151
1779.2999 20.0 88.965
1750.68 20.0 87.534004
1699.6498 20.0 84.98249
1752.0303 20.0 87.60152
1764.7202 20.0 88.23601
1784.97 20.0 89.2485
1745.8198 20.0 87.29099
1730.4304 20.0 86.52152
1706.6699 20.0 85.333496
1809.54 21.0 86.16857
1827.6294 21.0 87.02997
1749.3301 21.0 83.30143
1686.6901 21.0 80.31857
1691.2799 21.0 80.53714
1720.9799 21.0 81.95142
1667.2496 21.0 79.39284
1691.8198 21.0 80.56285
1709.6399 21.0 81.41142
1765.2598 21.0 84.05999
1751.7605 21.0 83.41717
1739.8793 21.0 82.851395
1758.2399 21.0 83.72571
1719.6299 21.0 81.88714
1734.2102 21.0 82.581436
1722.8704 21.0 82.04144
1784.7001 21.0 84.98572
1814.6697 21.0 86.41284
1859.76 21.0 88.56
1812.7803 21.0 86.32287
1741.7699 21.0 82.94142
1709.3699 21.0 81.39857
1693.98 21.0 80.66571
1777.1407 21.0 84.62575
1833.8402 21.0 87.32572
1857.8699 21.0 88.46999
1782.5399 21.0 84.88285
1736.1 21.0 82.671425
1739.0697 21.0 82.81284
1783.8899 21.0 84.947136
1816.5599 21.0 86.50285
1767.69 21.0 84.17571
1758.24 21.0 83.725716
1712.88 21.0 81.56571
1762.29 21.0 83.91857
1745.55 21.0 83.12143
1736.9102 21.0 82.71001
1747.9797 21.0 83.23713
1725.8397 21.0 82.182846
1706.3988 21.0 81.25709
1732.0504 21.0 82.47859
1682.64 22.0 76.483635
1704.7802 22.0 77.490005
1722.0599 22.0 78.27545
1699.6499 22.0 77.25681
1735.2898 22.0 78.87681
1751.2197 22.0 79.6009
1674.8098 22.0 76.127716
1649.1598 22.0 74.96181
1683.99 22.0 76.545
1669.95 22.0 75.906815
1656.99 22.0 75.317726
1777.1396 22.0 80.779076
1805.2201 22.0 82.05546
1763.3699 22.0 80.153175
1697.2198 22.0 77.146355
1729.0801 22.0 78.59455
1719.0902 22.0 78.140465
1660.77 22.0 75.48955
1670.4899 22.0 75.93136
1714.4998 22.0 77.93181
1722.0598 22.0 78.275444
1716.9299 22.0 78.04227
1683.9897 22.0 76.54499
1711.7998 22.0 77.80908
1828.4398 22.0 83.1109
1840.5901 22.0 83.663185
1760.4 22.0 80.01818
1719.6296 22.0 78.164986
1648.8899 22.0 74.94954
1608.1201 22.0 73.09637
1689.9299 22.0 76.814995
1759.5898 22.0 79.98135
1738.2598 22.0 79.01181
1745.82 22.0 79.35545
1758.7803 22.0 79.94456
1760.9398 22.0 80.04272
1778.49 22.0 80.840454
1733.1299 22.0 78.77863
1706.1301 22.0 77.55137
1662.9297 22.0 75.587715
1674.5398 22.0 76.11545
1652.9401 23.0 71.86696
1737.72 23.0 75.55304
1808.1901 23.0 78.61696
1816.8301 23.0 78.992615
1739.0697 23.0 75.611725
1710.9899 23.0 74.39086
1678.3198 23.0 72.97043
1615.1399 23.0 70.22347
1600.2898 23.0 69.57782
1706.4 23.0 74.19131
1709.3696 23.0 74.32042
1621.6202 23.0 70.505226
1608.9299 23.0 69.953476
1708.8301 23.0 74.29696
1747.71 23.0 75.98739
1728.8096 23.0 75.165634
1723.9496 23.0 74.95433
1679.1299 23.0 73.005646
1719.09 23.0 74.74304
1692.6301 23.0 73.59261
1661.0404 23.0 72.21915
1669.6798 23.0 72.59477
1754.46 23.0 76.28087
1743.9298 23.0 75.82304
1669.6794 23.0 72.59476
1654.0201 23.0 71.91392
1713.1495 23.0 74.484764
1785.78 23.0 77.64261
1800.6299 23.0 78.28825
1739.0706 23.0 75.61176
1745.2799 23.0 75.88174
1748.7898 23.0 76.03434
1677.2396 23.0 72.92346
1629.45 23.0 70.84565
1643.76 23.0 71.46783
1747.44 23.0 75.97565
1727.4598 23.0 75.10695
1730.9701 23.0 75.25957
1748.7897 23.0 76.03433
1775.5201 23.0 77.196526
1794.69 23.0 78.03
1624.05 24.0 67.668755
1649.4298 24.0 68.72624
1662.6597 24.0 69.27749
1674.2699 24.0 69.761246
1689.6599 24.0 70.4025
1697.2197 24.0 70.71749
1714.77 24.0 71.44875
1747.1699 24.0 72.798744
1731.2399 24.0 72.134995
1682.1001 24.0 70.0875
1586.5199 24.0 66.104996
1590.0298 24.0 66.25124
1667.79 24.0 69.49125
1654.83 24.0 68.95125
1642.9495 24.0 68.45623
1675.8899 24.0 69.82874
1709.3699 24.0 71.22375
1730.4298 24.0 72.10124
1701.8098 24.0 70.908745
1632.9598 24.0 68.03999
1568.97 24.0 65.37375
1495.5299 24.0 62.313747
1615.4099 24.0 67.30875
1667.2496 24.0 69.468735
1672.3802 24.0 69.68251
1691.8203 24.0 70.492516
1698.2999 24.0 70.7625
1703.1599 24.0 70.965
1718.5505 24.0 71.60627
1726.3799 24.0 71.932495
1687.7698 24.0 70.32374
1635.1199 24.0 68.13
1649.1597 24.0 68.71499
1705.5901 24.0 71.06625
1693.4396 24.0 70.55998
1705.5898 24.0 71.066246
1674.8098 24.0 69.783745
1703.97 24.0 70.99875
1659.9602 24.0 69.16501
1647.8096 24.0 68.65873
1631.3398 24.0 67.972496
1652.4 25.0 66.096
1608.6599 25.0 64.3464
1617.0308 25.0 64.68123
1648.6199 25.0 65.94479
1659.6901 25.0 66.3876
1665.09 25.0 66.6036
1699.3799 25.0 67.9752
1736.9097 25.0 69.47639
1713.15 25.0 68.526
1647.27 25.0 65.8908
1628.3699 25.0 65.134796
1672.92 25.0 66.9168
1689.66 25.0 67.5864
1697.7598 25.0 67.91039
1627.8297 25.0 65.11319
1561.14 25.0 62.4456
1551.9598 25.0 62.078392
1619.4603 25.0 64.77841
1679.1296 25.0 67.165184
1615.6802 25.0 64.627205
1634.0399 25.0 65.361595
1725.57 25.0 69.0228
1704.5094 25.0 68.180374
1678.59 25.0 67.1436
1731.7799 25.0 69.271194
1733.3998 25.0 69.33599
1661.8497 25.0 66.47399
1656.9896 25.0 66.27959
1712.6096 25.0 68.50439
1659.69 25.0 66.387596
1686.9598 25.0 67.47839
1709.1 25.0 68.364
1692.9001 25.0 67.716
1702.8898 25.0 68.11559
1686.9598 25.0 67.47839
1650.5099 25.0 66.02039
1676.7001 25.0 67.068
1663.4695 25.0 66.53878
1687.5002 25.0 67.50001
1696.6797 25.0 67.86719
1669.1399 25.0 66.765594
1589.4899 26.0 61.134224
1570.8595 26.0 60.417675
1593.81 26.0 61.300385
1580.58 26.0 60.79154
1618.38 26.0 62.245384
1595.43 26.0 61.362694
1629.7202 26.0 62.681545
1671.84 26.0 64.30154
1659.96 26.0 63.844612
1575.99 26.0 60.615
1640.25 26.0 63.08654
1687.77 26.0 64.91423
1594.3499 26.0 61.321148
1617.5701 26.0 62.214233
1618.38 26.0 62.245384
1625.94 26.0 62.53615
1656.18 26.0 63.699234
1638.3597 26.0 63.013836
1576.5298 26.0 60.63576
1535.76 26.0 59.06769
1583.55 26.0 60.90577
1629.1799 26.0 62.660767
1613.2502 26.0 62.048084
1644.57 26.0 63.25269
1641.3298 26.0 63.12807
1567.0797 26.0 60.272297
1528.7401 26.0 58.797695
1529.55 26.0 58.828846
1559.79 26.0 59.991924
1642.9498 26.0 63.190376
1710.1799 26.0 65.77615
1723.1399 26.0 66.27461
1727.19 26.0 66.43038
1699.1101 26.0 65.35039
1663.7399 26.0 63.989994
1618.3801 26.0 62.245388
1671.8396 26.0 64.30152
1709.6399 26.0 65.75538
1690.7402 26.0 65.02847
1657.53 26.0 63.751156
1616.2198 26.0 62.162304
1607.5801 27.000002 59.54
1600.8301 27.000002 59.289997
1567.89 27.000002 58.069996
1658.34 27.000002 61.419994
1654.2899 27.000002 61.269993
1582.2001 27.000002 58.6
1595.43 27.000002 59.089996
1629.4501 27.000002 60.35
1639.7098 27.000002 60.729992
1612.1703 27.000002 59.710007
1534.4099 27.000002 56.829994
1570.5901 27.000002 58.17
1582.2 27.000002 58.599995
1670.7599 27.000002 61.87999
1662.1202 27.000002 61.560005
1568.16 27.000002 58.079998
1549.5298 27.000002 57.389988
1520.6401 27.000002 56.32
1571.67 27.000002 58.209995
1604.07 27.000002 59.409996
1567.0801 27.000002 58.04
1591.9198 27.000002 58.959988
1572.4799 27.000002 58.23999
1653.7499 27.000002 61.249992
1617.57 27.000002 59.909996
1569.78 27.000002 58.139996
1539.8099 27.000002 57.029995
1615.9503 27.000002 59.850006
1675.0802 27.000002 62.040005
1650.7798 27.000002 61.139988
1599.2101 27.000002 59.23
1558.17 27.000002 57.71
1548.1803 27.000002 57.340008
1628.91 27.000002 60.329998
1641.06 27.000002 60.78
1646.4598 27.000002 60.979992
1679.94 27.000002 62.219994
1732.0504 27.000002 64.15001
1682.91 27.000002 62.329998
1640.52 27.000002 60.76
1621.35 27.000002 60.049995
1616.4899 28.0 57.73178
1662.9302 28.0 59.39036
1670.76 28.0 59.67
1663.7399 28.0 59.41928
1561.6798 28.0 55.77428
1546.0199 28.0 55.214996
1563.03 28.0 55.822502
1618.6499 28.0 57.808926
1637.0103 28.0 58.464653
1599.2101 28.0 57.114647
1573.8301 28.0 56.208218
1630.26 28.0 58.22357
1604.8799 28.0 57.31714
1604.6099 28.0 57.307495
1640.25 28.0 58.580357
1600.8298 28.0 57.172493
1523.8798 28.0 54.42428
1478.79 28.0 52.81393
1535.7598 28.0 54.848564
1542.5101 28.0 55.08965
1634.5801 28.0 58.37786
1634.8499 28.0 58.387493
1599.21 28.0 57.11464
1637.82 28.0 58.49357
1641.0599 28.0 58.609283
1627.2902 28.0 58.117504
1588.1399 28.0 56.719284
1617.2999 28.0 57.76071
1566.0 28.0 55.928574
1529.01 28.0 54.6075
1567.08 28.0 55.96714
1590.3002 28.0 56.796436
1561.4099 28.0 55.76464
1573.02 28.0 56.179287
1531.98 28.0 54.71357
1529.55 28.0 54.626785
1529.55 28.0 54.626785
1505.7894 28.0 53.778194
1544.6699 28.0 55.166782
1620.8099 28.0 57.88607
1587.8699 28.0 56.709637
1508.2198 29.0 52.00758
1495.8 29.0 51.57931
1575.45 29.0 54.32586
1594.08 29.0 54.968273
1592.19 29.0 54.903103
1577.34 29.0 54.391033
1631.34 29.0 56.2531
1643.2198 29.0 56.662754
1605.6901 29.0 55.36862
1554.3899 29.0 53.59965
1487.9702 29.0 51.30932
1493.3701 29.0 51.49552
1494.7198 29.0 51.542065
1566.27 29.0 54.00931
1630.26 29.0 56.215862
1633.4999 29.0 56.327583
1620.5398 29.0 55.880684
1629.7198 29.0 56.197235
1596.5098 29.0 55.052063
1541.4299 29.0 53.152756
1527.6599 29.0 52.67793
1503.36 29.0 51.84
1478.52 29.0 50.983448
1511.1901 29.0 52.11
1564.1099 29.0 53.934822
1557.6299 29.0 53.711376
1520.9099 29.0 52.44517
1532.5199 29.0 52.845512
1559.2499 29.0 53.76724
1629.1799 29.0 56.17862
1686.4199 29.0 58.152412
1633.7699 29.0 56.33689
1616.4899 29.0 55.74103
1604.8799 29.0 55.340687
1612.9797 29.0 55.61999
1552.2301 29.0 53.525177
1439.0999 29.0 49.624134
1445.58 29.0 49.847584
1521.1799 29.0 52.45448
1602.99 29.0 55.275517
1663.2004 29.0 57.351738
1497.9601 30.000002 49.932
1526.04 30.000002 50.867996
1496.6104 30.000002 49.88701
1522.53 30.000002 50.751
1516.5901 30.000002 50.553
1529.5499 30.000002 50.984993
1499.8501 30.000002 49.995
1463.94 30.000002 48.797997
1482.2998 30.000002 49.409992
1514.4298 30.000002 50.48099
1562.7599 30.000002 52.09199
1582.7401 30.000002 52.758
1558.17 30.000002 51.939
1535.7599 30.000002 51.191994
1536.8407 30.000002 51.22802
1546.0201 30.000002 51.534
1554.6599 30.000002 51.821995
1480.1401 30.000002 49.338
1448.0099 30.000002 48.266994
1495.8 30.000002 49.859997
1532.2504 30.000002 51.07501
1508.76 30.000002 50.291996
1574.1 30.000002 52.469997
1615.14 30.000002 53.837997
1524.4199 30.000002 50.813995
1477.9801 30.000002 49.266
1511.73 30.000002 50.390995
1600.2899 30.000002 53.342995
1619.19 30.000002 53.972996
1568.4299 30.000002 52.280994
1519.2899 30.000002 50.642994
1481.7599 30.000002 49.391994
1538.7302 30.000002 51.291004
1550.0702 30.000002 51.669003
1464.2102 30.000002 48.807003
1482.8401 30.000002 49.428
1567.62 30.000002 52.253998
1571.4 30.000002 52.379997
1556.55 30.000002 51.885
1463.1305 30.000002 48.771015
1448.28 30.000002 48.275997
1515.7799 31.0 48.896126
1459.6199 31.0 47.08451
1537.9199 31.0 49.61032
1546.83 31.0 49.89774
1504.98 31.0 48.54774
1503.0901 31.0 48.48678
1497.96 31.0 48.32129
1567.3497 31.0 50.55967
1585.9797 31.0 51.160637
1523.34 31.0 49.14
1493.64 31.0 48.181934
1553.0397 31.0 50.098053
1557.3601 31.0 50.237423
1510.1099 31.0 48.713223
1525.4998 31.0 49.20967
1524.4198 31.0 49.17483
1485.5399 31.0 47.920643
1472.8502 31.0 47.5113
1472.0394 31.0 47.48514
1526.04 31.0 49.227097
1565.46 31.0 50.498707
1543.86 31.0 49.801933
1567.35 31.0 50.559677
1580.31 31.0 50.977745
1558.9799 31.0 50.289673
1533.8699 31.0 49.479675
1476.36 31.0 47.624516
1502.2798 31.0 48.46064
1555.2001 31.0 50.167744
1546.5599 31.0 49.88903
1553.0398 31.0 50.098057
1522.5299 31.0 49.11387
1551.1499 31.0 50.037094
1570.0498 31.0 50.646767
1518.21 31.0 48.974514
1487.1599 31.0 47.9729
1515.2399 31.0 48.878704
1544.3998 31.0 49.819347
1585.44 31.0 51.143223
1589.22 31.0 51.26516
1506.8698 31.0 48.6087
1548.99 32.0 48.405937
1502.2798 32.0 46.946243
1498.5 32.0 46.828125
1475.28 32.0 46.1025
1428.84 32.0 44.65125
1408.5898 32.0 44.018433
1468.26 32.0 45.883125
1539.2698 32.0 48.10218
1570.0504 32.0 49.064075
1565.7299 32.0 48.929058
1561.6799 32.0 48.802498
1486.6199 32.0 46.45687
1416.1499 32.0 44.254684
1396.71 32.0 43.647186
1442.6094 32.0 45.081543
1473.9299 32.0 46.06031
1527.3899 32.0 47.730934
1495.26 32.0 46.726875
1466.6399 32.0 45.832497
1480.95 32.0 46.279686
1557.0901 32.0 48.659065
1567.6199 32.0 48.98812
1504.44 32.0 47.01375
1485.0 32.0 46.40625
1490.3999 32.0 46.574997
1529.5499 32.0 47.798435
1542.2399 32.0 48.194996
1519.83 32.0 47.494686
1485.5398 32.0 46.42312
1459.6199 32.0 45.61312
1513.8899 32.0 47.30906
1520.91 32.0 47.52844
1534.4099 32.0 47.95031
1489.5898 32.0 46.549683
1469.6096 32.0 45.9253
1455.5701 32.0 45.486565
1397.7899 32.0 43.680935
1468.26 32.0 45.883125
1528.74 32.0 47.773125
1512.2699 32.0 47.258434
1453.4103 32.0 45.41907
1406.9701 33.0 42.635456
1499.0398 33.0 45.42545
1532.2498 33.0 46.431812
1445.0399 33.0 43.78909
1446.3901 33.0 43.830006
1517.1299 33.0 45.973633
1475.82 33.0 44.721817
1511.4598 33.0 45.801815
1497.1498 33.0 45.368176
1436.3999 33.0 43.52727
1479.3298 33.0 44.82818
1493.9106 33.0 45.27002
1529.8198 33.0 46.358177
1466.9098 33.0 44.451813
1458.54 33.0 44.19818
1476.9 33.0 44.754547
1433.1599 33.0 43.42909
1408.0502 33.0 42.668186
1442.6096 33.0 43.715443
1477.17 33.0 44.76273
1548.72 33.0 46.93091
1496.0701 33.0 45.335457
1471.23 33.0 44.582726
1524.9598 33.0 46.210903
1474.7401 33.0 44.689095
1417.2303 33.0 42.946373
1429.3799 33.0 43.31454
1463.3999 33.0 44.34545
1499.3098 33.0 45.43363
1444.7699 33.0 43.780907
1469.3402 33.0 44.52546
1545.4802 33.0 46.832733
1558.1698 33.0 47.217266
1539.2698 33.0 46.64454
1511.73 33.0 45.809998
1517.13 33.0 45.973637
1455.84 33.0 44.116364
1466.6403 33.0 44.443645
1437.4801 33.0 43.56
1417.77 33.0 42.962727
1533.6 33.0 46.472725
1388.0698 34.0 40.825584
1434.7798 34.0 42.199406
1433.7001 34.0 42.16765
1413.4497 34.0 41.572052
1420.4697 34.0 41.778522
1474.2 34.0 43.35882
1518.7498 34.0 44.66911
1541.4302 34.0 45.33618
1466.6399 34.0 43.136467
1480.9501 34.0 43.557354
1532.2498 34.0 45.06617
1497.4198 34.0 44.04176
1420.47 34.0 41.77853
1384.2899 34.0 40.71441
1425.0599 34.0 41.91353
1521.72 34.0 44.75647
1520.6399 34.0 44.7247
1456.11 34.0 42.826763
1418.58 34.0 41.72294
1438.83 34.0 42.318527
1419.93 34.0 41.76265
1469.3398 34.0 43.215878
1488.78 34.0 43.787647
1472.31 34.0 43.303238
1492.0199 34.0 43.88294
1479.5999 34.0 43.517643
1461.7802 34.0 42.993534
1442.8796 34.0 42.437637
1427.4897 34.0 41.984993
1458.54 34.0 42.898235
1450.71 34.0 42.66794
1435.5898 34.0 42.223232
1387.8 34.0 40.81765
1377.0 34.0 40.5
1353.2402 34.0 39.80118
1428.0298 34.0 42.000877
1481.2201 34.0 43.565296
1438.83 34.0 42.318527
1416.96 34.0 41.675293
1437.21 34.0 42.27088
1412.9102 34.0 41.556183
1433.4299 35.0 40.95514
1441.8 35.0 41.194286
1395.9 35.0 39.88286
1418.5798 35.0 40.530853
1469.3398 35.0 41.98114
1466.1001 35.0 41.888573
1493.6398 35.0 42.675423
1520.1 35.0 43.431427
1436.1299 35.0 41.032284
1364.0403 35.0 38.97258
1389.6901 35.0 39.70543
1463.94 35.0 41.826855
1480.41 35.0 42.29743
1423.44 35.0 40.669712
1497.42 35.0 42.78343
1532.5199 35.0 43.78628
1418.04 35.0 40.51543
1352.16 35.0 38.633144
1370.25 35.0 39.15
1383.2098 35.0 39.520283
1419.9299 35.0 40.569427
1479.87 35.0 42.282
1486.08 35.0 42.459427
1492.5599 35.0 42.64457
1520.9098 35.0 43.454567
1543.0499 35.0 44.08714
1536.2999 35.0 43.894283
1416.6898 35.0 40.476852
1406.97 35.0 40.199142
1473.93 35.0 42.112286
1425.0598 35.0 40.715996
1341.8999 35.0 38.339996
1396.17 35.0 39.89057
1467.4502 35.0 41.927147
1514.4299 35.0 43.26943
1500.3899 35.0 42.868282
1469.3401 35.0 41.981144
1406.1599 35.0 40.176
1373.2197 35.0 39.234848
1382.13 35.0 39.48943
1419.66 35.0 40.561714
1420.2001 36.0 39.45
1430.1901 36.0 39.7275
1411.02 36.0 39.195
1350.5398 36.0 37.514996
1350.8099 36.0 37.5225
1379.7 36.0 38.324997
1443.4199 36.0 40.094997
1457.9999 36.0 40.499996
1436.6699 36.0 39.907497
1473.6599 36.0 40.934998
1436.1298 36.0 39.892494
1456.92 36.0 40.47
1444.2301 36.0 40.117504
1401.0298 36.0 38.917496
1408.8601 36.0 39.135002
1371.33 36.0 38.0925
1362.42 36.0 37.845
1381.59 36.0 38.3775
1396.1702 36.0 38.782505
1423.98 36.0 39.555
1415.34 36.0 39.315
1366.74 36.0 37.965
1388.07 36.0 38.5575
1399.9501 36.0 38.8875
1420.74 36.0 39.465
1473.9299 36.0 40.942497
1465.29 36.0 40.7025
1412.6388 36.0 39.239967
1378.3501 36.0 38.287502
1383.4799 36.0 38.429996
1493.3698 36.0 41.482494
1433.6997 36.0 39.824993
1448.5498 36.0 40.237495
1475.2802 36.0 40.980003
1496.34 36.0 41.565
1482.57 36.0 41.1825
1442.07 36.0 40.0575
1415.8799 36.0 39.329998
1383.7499 36.0 38.437496
1394.5498 36.0 38.737495
1435.3198 36.0 39.869995
1442.0693 37.0 38.974846
1442.0698 37.0 38.97486
1449.63 37.0 39.179188
1357.29 37.0 36.683514
1364.3099 37.0 36.87324
1424.25 37.0 38.493244
1455.84 37.0 39.347027
1439.9103 37.0 38.916492
1411.29 37.0 38.142975
1365.6598 37.0 36.909725
1364.85 37.0 36.887836
1350.54 37.0 36.501083
1384.02 37.0 37.405945
1408.59 37.0 38.07
1393.47 37.0 37.66135
1440.72 37.0 38.938377
1380.7797 37.0 37.31837
1380.51 37.0 37.31108
1347.84 37.0 36.42811
1331.1001 37.0 35.975677
1367.01 37.0 36.946217
1384.2902 37.0 37.413246
1446.6599 37.0 39.098915
1431.0001 37.0 38.67568
1363.4998 37.0 36.851345
1345.68 37.0 36.36973
1339.4698 37.0 36.20189
1375.1101 37.0 37.16514
1408.59 37.0 38.07
1423.9803 37.0 38.485954
1413.7198 37.0 38.208645
1418.8499 37.0 38.347294
1452.8699 37.0 39.266754
1457.46 37.0 39.39081
1431.0 37.0 38.675674
1420.47 37.0 38.39108
1384.8297 37.0 37.42783
1294.1099 37.0 34.97594
1328.1299 37.0 35.8954
1440.7198 37.0 38.938374
1403.4598 37.0 37.931347
1343.2499 38.0 35.348682
1343.2505 38.0 35.348698
1311.9296 38.0 34.524464
1398.3301 38.0 36.79816
1421.2799 38.0 37.402103
1415.8799 38.0 37.26
1437.75 38.0 37.835526
1410.7499 38.0 37.124996
1413.9899 38.0 37.21026
1353.2402 38.0 35.611584
1380.5096 38.0 36.3292
1407.7799 38.0 37.04684
1387.7997 38.0 36.521046
1362.96 38.0 35.867367
1374.2999 38.0 36.165787
1368.63 38.0 36.01658
1315.9801 38.0 34.631054
1283.8499 38.0 33.785522
1316.5199 38.0 34.64526
1385.1 38.0 36.45
1348.6499 38.0 35.490788
1408.32 38.0 37.06105
1381.0499 38.0 36.34342
1374.84 38.0 36.18
1422.3597 38.0 37.43052
1472.0399 38.0 38.737892
1460.97 38.0 38.44658
1365.3899 38.0 35.931313
1365.6599 38.0 35.93842
1375.65 38.0 36.201317
1296.0 38.0 34.105263
1337.85 38.0 35.206577
1366.4697 38.0 35.95973
1323.5398 38.0 34.829994
1295.19 38.0 34.083946
1368.36 38.0 36.00947
1421.01 38.0 37.395
1409.3999 38.0 37.08947
1438.02 38.0 37.842632
1386.4501 38.0 36.485527
1292.2205 38.0 34.005802
1291.1753 39.0 33.10706
1399.5841 39.0 35.886772
1432.0259 39.0 36.718613
1354.9772 39.0 34.743004
1328.2126 39.0 34.056736
1324.4279 39.0 33.95969
1331.457 39.0 34.139923
1331.7273 39.0 34.146854
1371.1979 39.0 35.15892
1414.4534 39.0 36.268036
1395.7993 39.0 35.789726
1321.995 39.0 33.89731
1317.3989 39.0 33.77946
1281.9835 39.0 32.871372
1311.4513 39.0 33.626957
1363.6282 39.0 34.964825
1362.0061 39.0 34.923233
1345.515 39.0 34.500385
1404.1802 39.0 36.00462
1358.7621 39.0 34.840054
1273.062 39.0 32.642616
1319.021 39.0 33.821053
1369.846 39.0 35.124256
1378.4973 39.0 35.346085
1332.5385 39.0 34.167652
1357.9508 39.0 34.819252
1436.6217 39.0 36.836452
1488.2582 39.0 38.160465
1389.3112 39.0 35.623363
1352.0033 39.0 34.66675
1346.3259 39.0 34.52118
1305.5037 39.0 33.474453
1318.4802 39.0 33.807186
1284.9574 39.0 32.947624
1322.2651 39.0 33.904236
1363.8987 39.0 34.97176
1324.4279 39.0 33.95969
1319.0209 39.0 33.82105
1335.7825 39.0 34.25083
1374.9827 39.0 35.255966
1380.9303 39.0 35.40847
1341.8999 40.0 33.547497
1327.32 40.0 33.183
1313.01 40.0 32.82525
1279.8 40.0 31.995
1276.83 40.0 31.920748
1315.44 40.0 32.885998
1332.45 40.0 33.31125
1323.8099 40.0 33.09525
1322.46 40.0 33.0615
1348.3799 40.0 33.709496
1318.41 40.0 32.96025
1226.88 40.0 30.671999
1261.98 40.0 31.5495
1327.0502 40.0 33.176254
1357.8302 40.0 33.945755
1385.1 40.0 34.6275
1392.39 40.0 34.80975
1358.0996 40.0 33.95249
1406.1599 40.0 35.154
1364.3097 40.0 34.107742
1354.0498 40.0 33.851246
1388.6102 40.0 34.715256
1403.46 40.0 35.0865
1347.0299 40.0 33.675747
1322.4598 40.0 33.061497
1320.5698 40.0 33.014244
1326.24 40.0 33.156
1321.6499 40.0 33.04125
1344.5997 40.0 33.614994
1283.3099 40.0 32.08275
1265.4901 40.0 31.637253
1315.71 40.0 32.89275
1364.58 40.0 34.1145
1335.96 40.0 33.399
1320.84 40.0 33.021
1317.87 40.0 32.94675
1278.18 40.0 31.954502
1280.8801 40.0 32.022003
1311.3896 40.0 32.78474
1305.45 40.0 32.63625
1353.7799 40.0 33.844498
1374.0299 41.0 33.512924
1344.8699 41.0 32.801704
1327.8599 41.0 32.386826
1349.46 41.0 32.91366
1330.0198 41.0 32.439507
1308.9598 41.0 31.92585
1289.5199 41.0 31.451706
1224.1799 41.0 29.858047
1318.41 41.0 32.15634
1316.52 41.0 32.110245
1267.9199 41.0 30.924875
1278.45 41.0 31.181707
1245.5099 41.0 30.37829
1217.16 41.0 29.68683
1195.2899 41.0 29.153414
1237.9501 41.0 30.193903
1257.39 41.0 30.668049
1264.1399 41.0 30.832682
1307.3401 41.0 31.886343
1324.8899 41.0 32.31439
1378.08 41.0 33.611706
1308.1499 41.0 31.906096
1274.9401 41.0 31.096098
1347.5701 41.0 32.86756
1349.1901 41.0 32.907074
1301.6699 41.0 31.748047
1261.7101 41.0 30.773417
1256.0399 41.0 30.63512
1289.7899 41.0 31.458292
1222.5598 41.0 29.818533
1262.79 41.0 30.799757
1265.22 41.0 30.859024
1241.46 41.0 30.27951
1261.17 41.0 30.760244
1330.0199 41.0 32.43951
1348.1099 41.0 32.88073
1315.7101 41.0 32.09049
1310.0399 41.0 31.952194
1310.3099 41.0 31.95878
1330.83 41.0 32.459267
1335.42 41.0 32.57122
1343.5199 42.0 31.98857
1376.46 42.0 32.772858
1293.3003 42.0 30.792864
1289.7899 42.0 30.709284
1295.73 42.0 30.850714
1281.6898 42.0 30.516424
1319.49 42.0 31.41643
1330.0199 42.0 31.667141
1366.47 42.0 32.535
1391.8499 42.0 33.139282
1354.05 42.0 32.23929
1304.9099 42.0 31.069284
1231.2 42.0 29.314285
1246.32 42.0 29.674284
1306.2599 42.0 31.101427
1297.8899 42.0 30.902142
1284.6599 42.0 30.587141
1310.3099 42.0 31.197857
1323.2698 42.0 31.506422
1319.2196 42.0 31.40999
1293.03 42.0 30.786428
1296.8098 42.0 30.876425
1351.6198 42.0 32.181423
1322.46 42.0 31.487143
1214.46 42.0 28.915714
1228.2299 42.0 29.243568
1320.84 42.0 31.44857
1263.6 42.0 30.085712
1268.1897 42.0 30.194994
1297.35 42.0 30.889286
1258.47 42.0 29.96357
1268.1898 42.0 30.194996
1296.2699 42.0 30.86357
1247.13 42.0 29.693571
1312.47 42.0 31.249285
1322.73 42.0 31.49357
1306.7997 42.0 31.114277
1354.0499 42.0 32.239285
1316.7898 42.0 31.352139
1205.8201 42.0 28.710001
1280.8799 42.0 30.49714
1232.2802 43.0 28.657677
1299.78 43.0 30.227442
1298.97 43.0 30.208605
1266.3 43.0 29.448837
1300.32 43.0 30.24
1281.9598 43.0 29.81302
1230.6599 43.0 28.619999
1222.02 43.0 28.41907
1252.8 43.0 29.134884
1267.11 43.0 29.467674
1244.7001 43.0 28.946512
1241.4601 43.0 28.871164
1205.2798 43.0 28.029762
1269.5399 43.0 29.524185
1232.2799 43.0 28.657671
1197.99 43.0 27.860231
1278.99 43.0 29.743954
1317.0598 43.0 30.6293
1271.1599 43.0 29.561857
1270.8899 43.0 29.55558
1251.4501 43.0 29.103489
1215.2699 43.0 28.26209
1275.4801 43.0 29.662327
1288.9799 43.0 29.976276
1205.8201 43.0 28.042326
1244.1599 43.0 28.933952
1237.4099 43.0 28.776976
1246.86 43.0 28.996744
1225.2599 43.0 28.494415
1192.05 43.0 27.722094
1171.26 43.0 27.238605
1263.5996 43.0 29.386038
1310.5798 43.0 30.478601
1304.6399 43.0 30.340464
1270.0801 43.0 29.536745
1281.1499 43.0 29.794184
1312.7399 43.0 30.528835
1296.8099 43.0 30.158371
1217.97 43.0 28.324883
1256.5803 43.0 29.222797
1225.2598 43.0 28.494413
1176.93 44.0 26.74841
1193.9401 44.0 27.135
1217.4299 44.0 27.668863
1188.2698 44.0 27.006132
1219.05 44.0 27.705683
1241.46 44.0 28.214998
1239.2998 44.0 28.165905
1270.8901 44.0 28.883865
1298.9698 44.0 29.522043
1272.24 44.0 28.914545
1217.6998 44.0 27.674997
1293.57 44.0 29.399317
1285.74 44.0 29.221363
1129.95 44.0 25.680681
1091.3401 44.0 24.803183
1220.9398 44.0 27.748632
1270.8899 44.0 28.883862
1241.7299 44.0 28.221134
1251.1799 44.0 28.435907
1278.9899 44.0 29.067951
1263.0599 44.0 28.705908
1264.4099 44.0 28.736588
1260.3599 44.0 28.644543
1246.5901 44.0 28.331593
1263.5999 44.0 28.718178
1287.0898 44.0 29.252043
1254.42 44.0 28.509546
1213.1097 44.0 27.570677
1227.4199 44.0 27.895906
1214.19 44.0 27.595226
1220.1299 44.0 27.730225
1238.2198 44.0 28.141361
1277.3701 44.0 29.03114
1301.1299 44.0 29.571135
1222.2899 44.0 27.779316
1188.27 44.0 27.006136
1261.44 44.0 28.66909
1247.3999 44.0 28.349998
1130.76 44.0 25.699091
1157.76 44.0 26.312729
1197.72 44.0 27.220907
1174.23 45.0 26.094
1232.82 45.0 27.395998
1205.55 45.0 26.79
1178.01 45.0 26.178
1218.51 45.0 27.078
1215.27 45.0 27.006
1180.7101 45.0 26.238
1256.5802 45.0 27.924004
1231.7396 45.0 27.371992
1245.24 45.0 27.671999
1239.2999 45.0 27.539997
1172.8799 45.0 26.063997
1251.1798 45.0 27.803997
1246.8601 45.0 27.708002
1240.9199 45.0 27.575998
1165.59 45.0 25.901999
1137.51 45.0 25.278
1149.1201 45.0 25.536003
1200.9601 45.0 26.688002
1202.3099 45.0 26.717999
1212.8401 45.0 26.952002
1248.75 45.0 27.75
1222.2899 45.0 27.161999
1266.57 45.0 28.145998
1211.7599 45.0 26.927998
1136.7 45.0 25.259998
1140.4796 45.0 25.343992
1190.9702 45.0 26.466003
1238.7601 45.0 27.528002
1196.1 45.0 26.58
1183.6799 45.0 26.303999
1179.0898 45.0 26.201998
1259.8201 45.0 27.996
1257.1199 45.0 27.935997
1220.67 45.0 27.126001
1191.24 45.0 26.472
1218.2399 45.0 27.071997
1193.3999 45.0 26.519999
1131.84 45.0 25.151999
1165.59 45.0 25.902
1195.83 45.0 26.574
1264.1399 46.0 27.481302
1184.4899 46.0 25.749779
1146.96 46.0 24.933912
1144.26 46.0 24.875217
1117.7999 46.0 24.3
1148.58 46.0 24.96913
1242.54 46.0 27.01174
1223.3699 46.0 26.594997
1179.8999 46.0 25.649998
1212.0299 46.0 26.348476
1229.3105 46.0 26.724142
1179.09 46.0 25.632391
1190.16 46.0 25.873043
1176.12 46.0 25.567825
1209.0599 46.0 26.283913
1206.09 46.0 26.219347
1113.21 46.0 24.200216
1106.19 46.0 24.047607
1177.2001 46.0 25.591305
1224.1799 46.0 26.612606
1239.84 46.0 26.953043
1186.1099 46.0 25.784998
1191.5099 46.0 25.90239
1216.62 46.0 26.448261
1186.9199 46.0 25.802607
1201.5 46.0 26.119566
1148.85 46.0 24.974998
1179.63 46.0 25.64413
1161.8099 46.0 25.256739
1151.2798 46.0 25.02782
1102.1399 46.0 23.959564
1131.03 46.0 24.587608
1146.6901 46.0 24.928045
1199.0701 46.0 26.06674
1249.29 46.0 27.15848
1222.5599 46.0 26.577389
1213.9199 46.0 26.389563
1203.9299 46.0 26.17239
1189.8899 46.0 25.86717
1170.9904 46.0 25.456312
1220.3999 46.0 26.530432
1164.24 47.0 24.771063
1166.9403 47.0 24.828516
1160.7312 47.0 24.69641
1115.6395 47.0 23.737011
1099.71 47.0 23.398085
1141.56 47.0 24.288511
1187.46 47.0 25.265106
1226.34 47.0 26.09234
1268.4601 47.0 26.988512
1128.8702 47.0 24.018515
1124.0098 47.0 23.9151
1170.4508 47.0 24.903208
1182.8717 47.0 25.167484
1207.7098 47.0 25.695953
1175.8496 47.0 25.018076
1130.4895 47.0 24.052967
1145.3395 47.0 24.368925
1179.8998 47.0 25.10425
1174.2296 47.0 24.983608
1146.1497 47.0 24.386164
1166.6696 47.0 24.822758
1192.3204 47.0 25.36852
1152.8998 47.0 24.529781
1195.8298 47.0 25.443188
1175.85 47.0 25.018085
1156.6798 47.0 24.610209
1172.3398 47.0 24.943401
1240.1101 47.0 26.38532
1159.3801 47.0 24.667662
1259.0099 47.0 26.787443
1217.7 47.0 25.90851
1151.5503 47.0 24.50107
1213.6499 47.0 25.822338
1155.87 47.0 24.59298
1200.1499 47.0 25.535105
1149.9299 47.0 24.466595
1185.2999 47.0 25.219149
1094.5801 47.0 23.288937
1068.9299 47.0 22.74319
1148.85 47.0 24.443617
1207.1696 47.0 25.684458
1105.6499 48.0 23.034372
1136.7 48.0 23.68125
1193.94 48.0 24.873749
1195.5598 48.0 24.907497
1223.1001 48.0 25.48125
1122.9299 48.0 23.394375
1170.7201 48.0 24.390001
1152.63 48.0 24.013124
1138.3201 48.0 23.715
1139.9398 48.0 23.748747
1127.52 48.0 23.49
1117.26 48.0 23.27625
1116.45 48.0 23.259375
1162.0798 48.0 24.209997
1160.73 48.0 24.181875
1097.2799 48.0 22.859999
1089.45 48.0 22.696875
1103.2198 48.0 22.983747
1161.81 48.0 24.204376
1175.3099 48.0 24.485624
1187.46 48.0 24.738749
1136.7 48.0 23.681248
1173.9598 48.0 24.457497
1163.7001 48.0 24.243752
1128.8699 48.0 23.518124
1155.33 48.0 24.069374
1154.79 48.0 24.058125
1205.5499 48.0 25.115623
1156.14 48.0 24.08625
1139.9401 48.0 23.74875
1156.6799 48.0 24.097498
1122.93 48.0 23.394377
1109.9698 48.0 23.124372
1033.2904 48.0 21.526884
1093.2302 48.0 22.77563
1125.36 48.0 23.445
1146.9598 48.0 23.894997
1133.73 48.0 23.619375
1150.2001 48.0 23.962502
1155.6001 48.0 24.075
1122.12 48.0 23.3775
1125.8997 49.0 22.977543
1141.2897 49.0 23.291626
1110.5095 49.0 22.66346
1078.9194 49.0 22.018764
1097.0096 49.0 22.38795
1103.7599 49.0 22.525711
1160.4615 49.0 23.682888
1147.7719 49.0 23.423916
1155.8695 49.0 23.589174
1139.3995 49.0 23.253052
1074.5996 49.0 21.930605
1129.1394 49.0 23.043661
1065.4197 49.0 21.743258
1139.6696 49.0 23.258562
1141.2894 49.0 23.291622
1135.3495 49.0 23.170399
1162.3512 49.0 23.721453
1185.0311 49.0 24.184309
1144.2595 49.0 23.352236
1115.3698 49.0 22.762648
1139.9396 49.0 23.264072
1182.0594 49.0 24.123663
1156.1396 49.0 23.594687
1135.0796 49.0 23.164888
1121.5797 49.0 22.889381
1139.1304 49.0 23.247559
1101.3315 49.0 22.476154
1148.3114 49.0 23.434927
1173.9596 49.0 23.958359
1177.1993 49.0 24.024477
1188.0 49.0 24.244898
1147.7698 49.0 23.423872
1178.8203 49.0 24.057558
1182.0597 49.0 24.123667
1125.6305 49.0 22.97205
1150.2002 49.0 23.473475
1155.6008 49.0 23.58369
1065.4198 49.0 21.743261
1099.9812 49.0 22.448597
1148.5813 49.0 23.440434
1084.8597 49.0 22.139996
1125.3599 50.0 22.507198
1154.52 50.0 23.0904
1150.2 50.0 23.003998
1115.0999 50.0 22.301998
1128.3301 50.0 22.5666
1122.9299 50.0 22.4586
1101.33 50.0 22.0266
1180.9801 50.0 23.619602
1115.6403 50.0 22.312805
1072.71 50.0 21.454199
1051.38 50.0 21.0276
1090.8 50.0 21.816
1155.06 50.0 23.1012
1124.2799 50.0 22.485598
1107.27 50.0 22.145401
1156.95 50.0 23.139
1132.9199 50.0 22.658398
1122.39 50.0 22.4478
1099.4398 50.0 21.988796
1079.46 50.0 21.5892
1089.1799 50.0 21.783598
1112.9398 50.0 22.258797
1190.1599 50.0 23.803198
1100.25 50.0 22.005
1103.49 50.0 22.0698
1088.1 50.0 21.762
1122.9298 50.0 22.458597
1128.33 50.0 22.566599
1100.79 50.0 22.0158
1101.8701 50.0 22.037401
1120.5 50.0 22.41
1176.6599 50.0 23.5332
1080.8099 50.0 21.6162
1108.89 50.0 22.1778
1066.5 50.0 21.33
1071.6301 50.0 21.432602
1122.39 50.0 22.4478
1137.51 50.0 22.7502
1090.8004 50.0 21.816008
1101.5997 50.0 22.031996
1030.0499 50.0 20.600998
1053.54 51.0 20.657648
1047.33 51.0 20.535881
1075.9501 51.0 21.09706
1111.32 51.0 21.790586
1104.5698 51.0 21.658232
1135.6199 51.0 22.267057
1073.5199 51.0 21.04941
1002.24005 51.0 19.651766
1017.63 51.0 19.95353
1007.37006 51.0 19.752354
1045.9801 51.0 20.509413
1074.8699 51.0 21.07588
1062.4501 51.0 20.832354
1084.3201 51.0 21.261177
1120.77 51.0 21.975883
1083.7799 51.0 21.250587
1038.69 51.0 20.366468
1095.9299 51.0 21.488821
1103.4901 51.0 21.63706
1085.4 51.0 21.282352
1074.33 51.0 21.065292
1145.6099 51.0 22.462938
1090.5299 51.0 21.38294
1092.96 51.0 21.430588
1114.2899 51.0 21.848822
1086.75 51.0 21.308823
1032.75 51.0 20.25
1113.2101 51.0 21.827648
1085.3999 51.0 21.28235
1051.65 51.0 20.620588
1012.77014 51.0 19.858238
1080.8098 51.0 21.19235
1131.2998 51.0 22.18235
1069.2001 51.0 20.964706
1094.58 51.0 21.462353
1153.7098 51.0 22.621761
1119.69 51.0 21.954704
1081.08 51.0 21.197647
1126.4398 51.0 22.087055
1060.8301 51.0 20.800589
1038.69 51.0 20.366468
1079.46 52.0 20.758846
1089.1803 52.0 20.945776
1156.95 52.0 22.249039
1096.1998 52.0 21.080767
1077.8401 52.0 20.727694
1061.3698 52.0 20.410957
1035.99 52.0 19.922884
1010.60986 52.0 19.434805
1001.1599 52.0 19.253075
1091.8799 52.0 20.99769
1085.94 52.0 20.883461
1089.72 52.0 20.956154
1039.4999 52.0 19.990381
1019.79004 52.0 19.611347
1000.07996 52.0 19.232307
992.52 52.0 19.086924
1077.0298 52.0 20.712112
1077.57 52.0 20.7225
1072.44 52.0 20.623846
1067.5798 52.0 20.530382
1039.5 52.0 19.990385
1030.8601 52.0 19.824232
1035.4502 52.0 19.912504
1008.72 52.0 19.39846
1058.4 52.0 20.353846
1054.8899 52.0 20.286345
1104.03 52.0 21.231346
1073.25 52.0 20.639423
1084.32 52.0 20.852306
1089.1798 52.0 20.945766
1087.8298 52.0 20.919806
1082.97 52.0 20.826345
1055.16 52.0 20.291538
1097.2798 52.0 21.101534
1091.88 52.0 20.997692
1014.66 52.0 19.512691
1029.78 52.0 19.803461
1045.1699 52.0 20.09942
1065.69 52.0 20.494038
1060.5598 52.0 20.395382
1112.13 52.0 21.387115
1083.7223 52.999996 20.447592
1051.8323 52.999996 19.845894
1026.4281 52.999996 19.36657
1018.05023 52.999996 19.208496
1062.6425 52.999996 20.049858
1042.103 52.999996 19.662323
1037.5088 52.999996 19.575638
1065.8855 52.999996 20.111048
1059.3993 52.999996 19.988668
1026.6985 52.999996 19.371672
1062.6425 52.999996 20.049858
1079.9387 52.999996 20.376204
1002.6457 52.999996 18.917845
1055.8861 52.999996 19.92238
1065.0747 52.999996 20.09575
1061.0209 52.999996 20.019262
1091.8298 52.999996 20.600565
1125.882 52.999996 21.243057
1072.9121 52.999996 20.243626
981.2956 52.999996 18.515013
928.0553 52.999996 17.510479
1006.15894 52.999996 18.984133
1024.5364 52.999996 19.330877
1029.6718 52.999996 19.42777
1027.7792 52.999996 19.392061
1058.8589 52.999996 19.97847
1103.1805 52.999996 20.814728
1061.5614 52.999996 20.02946
1121.8281 52.999996 21.16657
1101.0186 52.999996 20.773937
1045.0759 52.999996 19.718414
1117.2338 52.999996 21.079884
1039.1301 52.999996 19.60623
1046.9677 52.999996 19.754108
1011.2939 52.999996 19.081018
1012.64514 52.999996 19.106514
1010.4831 52.999996 19.06572
1023.9959 52.999996 19.320679
1043.7245 52.999996 19.692917
1001.5649 52.999996 18.897451
1067.2367 52.999996 20.136543
997.1101 54.000004 18.465
1044.09 54.000004 19.335
1019.79 54.000004 18.884998
1048.6802 54.000004 19.420002
988.7405 54.000004 18.310007
1023.84015 54.000004 18.960001
1045.9801 54.000004 19.37
982.53015 54.000004 18.195002
997.92004 54.000004 18.48
1045.1699 54.000004 19.354998
1082.7 54.000004 20.049997
1051.6501 54.000004 19.475
989.27997 54.000004 18.319998
979.56006 54.000004 18.14
1058.6699 54.000004 19.604998
1008.4497 54.000004 18.674994
1011.14996 54.000004 18.724998
1058.1299 54.000004 19.594997
1011.4199 54.000004 18.729998
1051.9199 54.000004 19.479998
1020.87 54.000004 18.904999
1093.5 54.000004 20.249998
1049.7598 54.000004 19.439995
1034.3701 54.000004 19.155
1066.5001 54.000004 19.750002
1000.8901 54.000004 18.535
1049.76 54.000004 19.439999
1051.1101 54.000004 19.465
997.38 54.000004 18.47
1030.8601 54.000004 19.09
1089.99 54.000004 20.185
1053.27 54.000004 19.505
1049.7599 54.000004 19.439997
995.2201 54.000004 18.43
1023.02997 54.000004 18.944998
945.27 54.000004 17.505
1031.13 54.000004 19.095
964.44 54.000004 17.859999
1049.2201 54.000004 19.43
1012.50006 54.000004 18.75
1007.6401 54.000004 18.66
1060.02 55.0 19.27309
1038.9598 55.0 18.890179
971.99994 55.0 17.672726
1001.69995 55.0 18.212727
1005.7499 55.0 18.286362
972.26996 55.0 17.677635
934.2 55.0 16.985455
979.2899 55.0 17.805271
1008.1801 55.0 18.330547
939.87 55.0 17.088545
989.8199 55.0 17.996725
965.79 55.0 17.559818
943.11005 55.0 17.147455
970.9199 55.0 17.65309
972.54 55.0 17.682545
905.85 55.0 16.47
992.5199 55.0 18.045816
996.84015 55.0 18.124367
952.29 55.0 17.314363
1002.77985 55.0 18.23236
1042.47 55.0 18.954
1022.49 55.0 18.590727
1045.71 55.0 19.012909
1003.3199 55.0 18.24218
904.49994 55.0 16.445454
982.5301 55.0 17.864183
977.39996 55.0 17.770908
998.19 55.0 18.148909
966.5997 55.0 17.57454
973.0799 55.0 17.692362
1040.85 55.0 18.924545
1005.20984 55.0 18.276543
1062.18 55.0 19.312365
1002.77997 55.0 18.232363
985.76996 55.0 17.92309
1024.9199 55.0 18.634907
1030.86 55.0 18.742908
1071.36 55.0 19.479273
1006.0199 55.0 18.291271
997.11 55.0 18.129272
974.43 55.0 17.71691
928.25995 56.0 16.57607
985.2299 56.0 17.593391
999.54 56.0 17.848928
969.03 56.0 17.304108
986.58 56.0 17.6175
1011.69 56.0 18.065893
1005.47986 56.0 17.954998
980.37 56.0 17.506607
944.7301 56.0 16.87018
1005.7499 56.0 17.95982
986.58014 56.0 17.617502
1005.7499 56.0 17.95982
935.2799 56.0 16.701427
957.68994 56.0 17.101606
950.9399 56.0 16.98107
960.11993 56.0 17.144999
998.4599 56.0 17.829641
1020.06 56.0 18.215357
976.86 56.0 17.443928
945.0 56.0 16.875
934.47 56.0 16.686964
969.30005 56.0 17.30893
983.33997 56.0 17.559643
954.72 56.0 17.04857
920.97 56.0 16.445892
935.5499 56.0 16.70625
936.3599 56.0 16.720713
1013.04004 56.0 18.09
1058.1301 56.0 18.89518
1015.47 56.0 18.133392
1023.0303 56.0 18.268398
995.22 56.0 17.771786
954.4501 56.0 17.04375
980.3699 56.0 17.506605
1002.51 56.0 17.901964
969.57007 56.0 17.313751
1000.08 56.0 17.858572
951.21 56.0 16.985893
1015.19995 56.0 18.12857
979.82996 56.0 17.496964
979.55994 56.0 17.492142
916.92 57.0 16.086315
900.9899 57.0 15.806841
948.24005 57.0 16.63579
967.95 57.0 16.981579
901.79987 57.0 15.821051
961.73987 57.0 16.87263
906.12 57.0 15.896842
916.92004 57.0 16.086317
906.93 57.0 15.911053
957.95984 57.0 16.806313
990.36 57.0 17.374737
1017.62994 57.0 17.853157
967.41 57.0 16.972105
928.26 57.0 16.285263
986.57996 57.0 17.30842
979.5599 57.0 17.18526
926.1 57.0 16.247368
950.39996 57.0 16.673683
989.00995 57.0 17.351051
915.02997 57.0 16.053158
967.67993 57.0 16.976841
997.1099 57.0 17.493156
976.32007 57.0 17.128422
956.3399 57.0 16.777893
937.7101 57.0 16.451054
981.18 57.0 17.213684
923.13 57.0 16.195263
1007.36993 57.0 17.673157
966.05994 57.0 16.94842
958.23 57.0 16.811052
958.23 57.0 16.811052
973.08 57.0 17.071579
925.29004 57.0 16.233158
949.8598 57.0 16.664207
969.57 57.0 17.01
950.67 57.0 16.678421
970.1099 57.0 17.019472
972.80994 57.0 17.066841
984.14996 57.0 17.265789
968.7601 57.0 16.99579
991.98004 57.0 17.403158
897.20996 58.0 15.469137
948.2399 58.0 16.348965
912.06006 58.0 15.725173
966.05994 58.0 16.656206
886.41 58.0 15.28293
874.5301 58.0 15.078105
854.82007 58.0 14.738277
926.36993 58.0 15.971895
963.62994 58.0 16.61431
939.33 58.0 16.195345
971.18994 58.0 16.744654
978.7499 58.0 16.874998
1011.95996 58.0 17.447586
939.33 58.0 16.195345
839.43 58.0 14.472931
937.1698 58.0 16.1581
947.7001 58.0 16.339657
919.07996 58.0 15.846207
957.96 58.0 16.516552
939.33 58.0 16.195345
862.65 58.0 14.873276
968.76 58.0 16.702759
978.74976 58.0 16.874996
924.74994 58.0 15.943964
920.7 58.0 15.874138
864.81 58.0 14.910517
872.91 58.0 15.050172
916.3801 58.0 15.799657
898.2899 58.0 15.487758
908.55 58.0 15.664655
891.54004 58.0 15.37138
876.69006 58.0 15.115346
850.5 58.0 14.663794
916.6501 58.0 15.804312
895.86115 58.0 15.445882
933.6597 58.0 16.097582
959.04016 58.0 16.535175
963.63007 58.0 16.614311
940.14 58.0 16.20931
915.56995 58.0 15.785688
953.37 58.0 16.437414
933.1008 58.999996 15.815269
887.9723 58.999996 15.050379
903.1053 58.999996 15.30687
937.9648 58.999996 15.897709
925.5343 58.999996 15.687023
874.19073 58.999996 14.816793
886.3511 58.999996 15.022901
895.80914 58.999996 15.183207
920.39996 58.999996 15.6
952.8275 58.999996 16.14962
929.0473 58.999996 15.746566
929.0473 58.999996 15.746566
881.7572 58.999996 14.945038
946.34174 58.999996 16.039692
903.916 58.999996 15.320611
887.9725 58.999996 15.050382
938.23505 58.999996 15.90229
942.55865 58.999996 15.975572
949.8549 58.999996 16.099237
878.2441 58.999996 14.885494
933.10065 58.999996 15.815267
982.0121 58.999996 16.644274
913.91437 58.999996 15.490075
933.3709 58.999996 15.819847
972.5541 58.999996 16.483969
900.94336 58.999996 15.270227
895.80914 58.999996 15.183207
881.7572 58.999996 14.945038
891.4854 58.999996 15.109923
970.9328 58.999996 16.45649
903.916 58.999996 15.320611
843.3846 58.999996 14.294655
891.4854 58.999996 15.109923
920.94037 58.999996 15.609159
895.5389 58.999996 15.178626
876.08264 58.999996 14.848859
878.51434 58.999996 14.890075
908.78 58.999996 15.403052
892.0258 58.999996 15.119082
917.4274 58.999996 15.549619
857.70667 58.999996 14.537402
877.49994 60.000004 14.624998
881.55035 60.000004 14.692505
912.87 60.000004 15.2144985
904.50006 60.000004 15.075
808.92004 60.000004 13.481999
883.4401 60.000004 14.724001
881.55005 60.000004 14.6925
901.80005 60.000004 15.03
903.96014 60.000004 15.066001
916.11005 60.000004 15.268499
896.94 60.000004 14.948999
788.6701 60.000004 13.144501
859.41003 60.000004 14.3235
903.96 60.000004 15.065999
919.62036 60.000004 15.327005
862.38007 60.000004 14.373
876.15 60.000004 14.6025
878.85004 60.000004 14.6475
852.1201 60.000004 14.202001
849.42 60.000004 14.156999
923.9401 60.000004 15.399001
915.84 60.000004 15.263999
924.21 60.000004 15.4035
917.46014 60.000004 15.291001
867.78 60.000004 14.462999
913.94995 60.000004 15.232498
863.46 60.000004 14.391
873.9899 60.000004 14.566498
795.96 60.000004 13.266
862.11005 60.000004 14.3685
880.74 60.000004 14.678999
874.26 60.000004 14.570999
866.43 60.000004 14.440499
879.66003 60.000004 14.660999
931.50006 60.000004 15.525
905.0401 60.000004 15.084001
901.5303 60.000004 15.025503
904.49994 60.000004 15.074998
898.82996 60.000004 14.980498
914.2201 60.000004 15.237
809.73 60.000004 13.495499
855.0901 61.0 14.01787
846.72003 61.0 13.880656
887.7598 61.0 14.55344
890.72986 61.0 14.602129
861.03 61.0 14.115247
917.4601 61.0 15.040329
918.2699 61.0 15.053605
930.4199 61.0 15.252786
884.7899 61.0 14.504753
862.11005 61.0 14.132952
837.81006 61.0 13.7345915
866.7 61.0 14.208197
913.68 61.0 14.97836
866.9699 61.0 14.212622
849.42 61.0 13.924918
865.8899 61.0 14.194916
863.7301 61.0 14.15951
883.44006 61.0 14.482624
870.20996 61.0 14.265738
908.0101 61.0 14.885411
875.88 61.0 14.358688
884.79004 61.0 14.504755
816.48 61.0 13.384918
899.6401 61.0 14.748198
873.17993 61.0 14.314425
873.4499 61.0 14.3188505
868.8599 61.0 14.243606
852.93 61.0 13.982459
844.2899 61.0 13.840818
801.36 61.0 13.137049
845.1 61.0 13.854098
875.88 61.0 14.358688
852.93 61.0 13.982459
817.83 61.0 13.407049
879.12 61.0 14.411803
859.95 61.0 14.097541
844.8301 61.0 13.849673
839.97003 61.0 13.77
857.25 61.0 14.053279
844.01996 61.0 13.836392
824.0403 61.0 13.508857
843.75 62.0 13.6088705
864.27 62.0 13.939839
849.1501 62.0 13.69597
816.48 62.0 13.169032
812.7 62.0 13.108065
821.33997 62.0 13.247418
829.44006 62.0 13.378065
808.37994 62.0 13.038386
778.68005 62.0 12.559356
831.05994 62.0 13.404193
824.31 62.0 13.295322
868.3201 62.0 14.005163
876.69 62.0 14.1401615
845.1 62.0 13.630645
838.35 62.0 13.521774
836.18994 62.0 13.486935
861.5699 62.0 13.896289
830.78986 62.0 13.399837
864.80994 62.0 13.948547
819.18 62.0 13.212581
872.1 62.0 14.066129
828.6301 62.0 13.365002
876.69 62.0 14.1401615
848.3401 62.0 13.682904
860.76 62.0 13.883226
881.81995 62.0 14.222902
838.88995 62.0 13.530483
868.59 62.0 14.009517
850.5 62.0 13.717742
841.0499 62.0 13.565321
778.94995 62.0 12.563709
847.25995 62.0 13.665483
796.50006 62.0 12.846775
835.11 62.0 13.469516
841.0499 62.0 13.565321
862.38007 62.0 13.909356
865.35004 62.0 13.957258
895.86 62.0 14.449354
838.89 62.0 13.530484
845.63995 62.0 13.639354
865.3499 62.0 13.957256
778.68 63.0 12.36
875.07 63.0 13.89
869.1299 63.0 13.795712
887.22 63.0 14.082857
845.90985 63.0 13.42714
808.65015 63.0 12.835716
811.35 63.0 12.8785715
856.43994 63.0 13.594285
826.7399 63.0 13.122856
836.45996 63.0 13.277143
868.5899 63.0 13.787142
791.91 63.0 12.57
840.77997 63.0 13.345714
834.0301 63.0 13.238573
858.33 63.0 13.624286
858.33 63.0 13.624286
850.76996 63.0 13.504285
828.36005 63.0 13.148572
780.03 63.0 12.381429
815.6699 63.0 12.947142
802.70996 63.0 12.741428
797.58 63.0 12.66
832.41 63.0 13.212856
804.87006 63.0 12.775715
826.74005 63.0 13.122858
845.6401 63.0 13.422858
775.70996 63.0 12.312857
809.19 63.0 12.844286
818.9099 63.0 12.99857
785.7 63.0 12.471429
791.37 63.0 12.561428
816.21 63.0 12.955714
743.85 63.0 11.807142
791.91003 63.0 12.570001
827.0101 63.0 13.127144
838.62006 63.0 13.311429
821.88 63.0 13.045714
823.76996 63.0 13.075713
857.25 63.0 13.607142
862.64996 63.0 13.692857
866.15985 63.0 13.7485695
754.92004 64.0 11.795626
794.06995 64.0 12.407343
817.2901 64.0 12.770158
849.4201 64.0 13.272189
818.37 64.0 12.787031
814.05005 64.0 12.719532
810.26996 64.0 12.660468
810.54016 64.0 12.66469
823.5 64.0 12.8671875
814.31995 64.0 12.723749
813.7799 64.0 12.715311
859.68 64.0 13.4325
781.9198 64.0 12.217497
800.2799 64.0 12.504374
802.17 64.0 12.533906
765.72 64.0 11.964375
755.73 64.0 11.808281
785.97003 64.0 12.280782
829.1701 64.0 12.955783
716.5802 64.0 11.196566
786.7797 64.0 12.293433
814.8598 64.0 12.732184
797.31006 64.0 12.45797
790.01996 64.0 12.344062
796.50006 64.0 12.445313
831.5999 64.0 12.993749
805.68005 64.0 12.588751
792.99005 64.0 12.39047
787.31995 64.0 12.301874
786.23987 64.0 12.284998
814.0499 64.0 12.71953
820.26013 64.0 12.816565
837.0002 64.0 13.078128
741.14996 64.0 11.580468
835.9199 64.0 13.061249
817.29 64.0 12.770156
827.0101 64.0 12.922032
818.6401 64.0 12.791251
816.7499 64.0 12.761717
738.18 64.0 11.534062
787.58997 64.0 12.306093
794.6101 65.0 12.224771
761.94006 65.0 11.722155
774.9 65.0 11.921539
781.92004 65.0 12.029539
781.3801 65.0 12.021233
719.0101 65.0 11.061693
716.5801 65.0 11.024309
730.3501 65.0 11.2361555
795.1501 65.0 12.233078
785.1609 65.0 12.079398
814.3196 65.0 12.527993
763.8299 65.0 11.751229
842.1298 65.0 12.955843
779.2199 65.0 11.987999
770.3098 65.0 11.850921
827.55005 65.0 12.731539
787.86 65.0 12.120923
779.22003 65.0 11.988001
709.29 65.0 10.912153
787.8599 65.0 12.120922
806.49 65.0 12.407538
801.36 65.0 12.328615
756.26996 65.0 11.634922
777.5997 65.0 11.963072
803.52 65.0 12.361847
757.8901 65.0 11.659847
800.5499 65.0 12.316153
819.99005 65.0 12.6152315
752.76 65.0 11.580923
755.73 65.0 11.626616
810.5401 65.0 12.469848
734.9398 65.0 11.3067665
771.39 65.0 11.867538
821.34 65.0 12.636001
756.81 65.0 11.64323
745.74 65.0 11.472923
780.84 65.0 12.012923
785.16 65.0 12.079384
776.52 65.0 11.946462
776.51996 65.0 11.946461
700.65 65.0 10.779231
772.74005 66.0 11.708182
790.8299 66.0 11.982271
781.11005 66.0 11.835001
734.6699 66.0 11.131363
758.97003 66.0 11.499546
707.39996 66.0 10.718182
724.67993 66.0 10.979999
733.59 66.0 11.115001
737.64 66.0 11.176364
797.85004 66.0 12.088637
782.73016 66.0 11.859548
734.12994 66.0 11.123181
736.56 66.0 11.16
793.2599 66.0 12.019089
766.80005 66.0 11.618182
743.04004 66.0 11.258183
778.68005 66.0 11.7981825
738.72 66.0 11.192727
747.36 66.0 11.323636
711.45 66.0 10.779546
785.97003 66.0 11.908637
794.07 66.0 12.0313635
761.94006 66.0 11.544546
748.17 66.0 11.335909
781.9199 66.0 11.847272
741.95996 66.0 11.241817
722.79 66.0 10.951364
760.32 66.0 11.52
747.0899 66.0 11.319544
738.18 66.0 11.1845455
767.34 66.0 11.626364
735.20996 66.0 11.1395445
767.07 66.0 11.6222725
748.44 66.0 11.34
757.89 66.0 11.483182
762.75 66.0 11.556818
799.2 66.0 12.109091
744.6599 66.0 11.282726
733.59 66.0 11.115001
740.88007 66.0 11.225455
726.3 66.0 11.004545
691.47003 67.0 10.320448
727.92004 67.0 10.864478
721.43994 67.0 10.76776
702.54 67.0 10.485671
737.91016 67.0 11.013584
738.99005 67.0 11.029702
726.8401 67.0 10.848359
719.5501 67.0 10.739553
774.63 67.0 11.561642
766.8001 67.0 11.4447775
740.3401 67.0 11.049852
728.1901 67.0 10.868509
741.6899 67.0 11.069998
786.5101 67.0 11.738956
775.4399 67.0 11.5737295
756.54016 67.0 11.291644
800.2798 67.0 11.944474
716.31 67.0 10.691194
730.6203 67.0 10.90478
729.54016 67.0 10.8886595
751.14014 67.0 11.211047
740.3402 67.0 11.049854
732.7802 67.0 10.937018
759.24023 67.0 11.3319435
701.19 67.0 10.465523
734.6699 67.0 10.965222
746.01 67.0 11.134478
746.27997 67.0 11.138507
697.67993 67.0 10.413134
746.01 67.0 11.134478
737.36993 67.0 11.005522
737.10004 67.0 11.001493
797.0399 67.0 11.896118
723.60004 67.0 10.8
709.29004 67.0 10.586418
687.42004 67.0 10.26
759.24 67.0 11.33194
775.43994 67.0 11.57373
710.91003 67.0 10.610598
758.69995 67.0 11.32388
719.5499 67.0 10.739552
701.73 68.0 10.319558
712.25995 68.0 10.474411
680.93994 68.0 10.013823
707.13 68.0 10.398971
701.18994 68.0 10.311617
678.50995 68.0 9.978087
731.43 68.0 10.756324
709.56 68.0 10.434706
709.56 68.0 10.434706
697.95 68.0 10.26397
682.56 68.0 10.037647
711.18 68.0 10.458529
693.89996 68.0 10.2044115
653.39996 68.0 9.608823
707.67 68.0 10.406912
744.66003 68.0 10.950883
711.18 68.0 10.458529
734.4001 68.0 10.800001
696.33 68.0 10.240148
711.44995 68.0 10.4625
652.05005 68.0 9.588971
659.34 68.0 9.696177
696.33 68.0 10.240148
694.1699 68.0 10.208382
727.37994 68.0 10.696764
691.74 68.0 10.1726465
717.6599 68.0 10.5538225
769.23016 68.0 11.312208
739.26 68.0 10.87147
703.08 68.0 10.339412
728.18994 68.0 10.708675
727.37994 68.0 10.696764
690.39 68.0 10.152794
699.3 68.0 10.283823
687.1499 68.0 10.105145
684.99005 68.0 10.073383
749.7899 68.0 11.026322
737.37 68.0 10.843677
679.05005 68.0 9.986031
762.21 68.0 11.208971
716.57983 68.0 10.537939
667.98004 69.0 9.68087
706.05005 69.0 10.23261
673.11 69.0 9.755218
668.25 69.0 9.684783
679.31995 69.0 9.845217
720.63 69.0 10.443913
721.70996 69.0 10.459564
712.25995 69.0 10.322608
697.68005 69.0 10.111305
684.99 69.0 9.927391
688.23 69.0 9.974347
691.74 69.0 10.025217
679.31995 69.0 9.845217
646.9199 69.0 9.375651
695.25 69.0 10.076087
710.0999 69.0 10.291303
713.3401 69.0 10.338263
727.37994 69.0 10.5417385
663.39 69.0 9.614348
730.8899 69.0 10.5926075
679.59 69.0 9.849131
709.55994 69.0 10.283478
680.67004 69.0 9.864783
702.0 69.0 10.173913
723.6001 69.0 10.486958
704.97 69.0 10.216956
676.0801 69.0 9.798262
664.2 69.0 9.626087
679.32007 69.0 9.845219
745.4699 69.0 10.803912
712.25995 69.0 10.322608
696.86993 69.0 10.099565
663.12 69.0 9.610435
730.3499 69.0 10.584782
659.33997 69.0 9.555652
639.6299 69.0 9.269999
656.0999 69.0 9.508695
724.68 69.0 10.502608
666.08997 69.0 9.653478
710.37 69.0 10.2952175
713.61005 69.0 10.342175
684.4501 70.0 9.777858
660.15 70.0 9.430715
603.72003 70.0 8.624572
663.12 70.0 9.473143
672.57 70.0 9.608143
650.7 70.0 9.295714
688.77 70.0 9.839572
667.17 70.0 9.531
665.82007 70.0 9.511715
723.6001 70.0 10.337144
642.06 70.0 9.172286
646.37994 70.0 9.233999
676.8901 70.0 9.669858
693.63 70.0 9.909
680.4 70.0 9.72
677.43005 70.0 9.677572
668.79 70.0 9.554143
646.11 70.0 9.230143
665.82007 70.0 9.511715
698.22003 70.0 9.974572
692.55 70.0 9.893571
701.45996 70.0 10.020857
614.79 70.0 8.782714
677.97 70.0 9.685286
605.07 70.0 8.643857
666.09 70.0 9.515572
634.5 70.0 9.064285
620.4599 70.0 8.863713
684.72003 70.0 9.781714
677.7 70.0 9.681429
667.4399 70.0 9.534856
686.88 70.0 9.812572
623.7 70.0 8.91
639.08997 70.0 9.129857
661.77 70.0 9.453857
657.99 70.0 9.399857
697.68005 70.0 9.966858
705.24 70.0 10.074857
659.61005 70.0 9.423
612.08997 70.0 8.744143
699.8399 70.0 9.997713
628.29 71.0 8.849154
594.0 71.0 8.366198
659.07 71.0 9.282676
642.6001 71.0 9.050706
658.7999 71.0 9.2788725
616.41 71.0 8.68183
654.75 71.0 9.221831
659.88 71.0 9.294085
663.93 71.0 9.351127
680.13 71.0 9.579296
657.72 71.0 9.263661
658.52997 71.0 9.27507
669.33 71.0 9.427183
647.73004 71.0 9.122958
664.47 71.0 9.358732
595.61993 71.0 8.389013
592.64996 71.0 8.347182
631.5301 71.0 8.89479
650.6999 71.0 9.164787
658.8001 71.0 9.278874
613.70996 71.0 8.643803
661.5 71.0 9.316901
644.75995 71.0 9.081126
608.58 71.0 8.571549
645.02997 71.0 9.084929
596.1599 71.0 8.396619
657.18 71.0 9.256056
668.52 71.0 9.415775
603.99005 71.0 8.506902
630.9899 71.0 8.887182
618.03 71.0 8.704648
651.24005 71.0 9.172395
640.17 71.0 9.016479
655.56006 71.0 9.23324
641.5199 71.0 9.035492
617.49 71.0 8.697042
619.38 71.0 8.723662
578.06995 71.0 8.14183
647.18994 71.0 9.115352
655.56 71.0 9.233239
635.31006 71.0 8.948029
605.07 72.0 8.40375
583.2 72.0 8.1
631.80005 72.0 8.775001
615.87 72.0 8.55375
658.2599 72.0 9.142498
625.32 72.0 8.685
643.9499 72.0 8.943748
639.62994 72.0 8.883749
582.3901 72.0 8.088751
604.8 72.0 8.4
632.06995 72.0 8.778749
640.70996 72.0 8.898749
633.9601 72.0 8.805001
638.55 72.0 8.86875
667.71 72.0 9.27375
663.3899 72.0 9.213749
648.0 72.0 9.0
645.3 72.0 8.9625
595.8901 72.0 8.276251
622.07996 72.0 8.639999
655.0201 72.0 9.097501
624.51 72.0 8.67375
632.06995 72.0 8.778749
609.12 72.0 8.46
660.68994 72.0 9.1762495
644.75995 72.0 8.954999
647.46 72.0 8.9925
590.49 72.0 8.20125
609.39 72.0 8.46375
638.2799 72.0 8.864999
646.9199 72.0 8.984999
605.34 72.0 8.4075
602.10004 72.0 8.3625
624.5101 72.0 8.673751
609.93005 72.0 8.471251
610.47003 72.0 8.47875
623.7 72.0 8.6625
582.11993 72.0 8.084999
591.84 72.0 8.22
588.32996 72.0 8.171249
598.31995 72.0 8.309999
602.91 73.0 8.259041
585.36 73.0 8.01863
595.07996 73.0 8.15178
637.1999 73.0 8.7287655
544.05 73.0 7.4527397
596.97003 73.0 8.177671
572.12994 73.0 7.837396
596.43 73.0 8.170274
632.07 73.0 8.658493
581.5801 73.0 7.9668503
615.05994 73.0 8.425479
578.06995 73.0 7.9187665
610.1999 73.0 8.358903
565.11 73.0 7.741233
593.73004 73.0 8.133288
613.17004 73.0 8.39959
585.36 73.0 8.01863
627.21 73.0 8.591918
650.43005 73.0 8.910001
543.24 73.0 7.4416437
559.44 73.0 7.6635613
596.43 73.0 8.170274
609.11993 73.0 8.344109
577.25995 73.0 7.9076705
543.77997 73.0 7.449041
606.15 73.0 8.303425
598.59 73.0 8.199863
615.60004 73.0 8.432878
632.07 73.0 8.658493
569.69995 73.0 7.804109
576.99 73.0 7.9039726
582.39 73.0 7.977946
611.55005 73.0 8.377398
583.19995 73.0 7.9890404
584.55 73.0 8.007534
602.91 73.0 8.259041
564.02997 73.0 7.726438
595.62006 73.0 8.159179
630.18 73.0 8.632603
551.6099 73.0 7.5563006
547.83 73.0 7.5045204
547.56006 74.0 7.3994603
555.12 74.0 7.5016217
596.1601 74.0 8.056217
584.82 74.0 7.9029727
572.67 74.0 7.7387834
568.62 74.0 7.6840544
593.19006 74.0 8.016082
582.66003 74.0 7.873784
554.30994 74.0 7.490675
547.82996 74.0 7.4031076
554.31006 74.0 7.4906764
593.4601 74.0 8.019731
562.95 74.0 7.6074324
540.26996 74.0 7.3009458
569.16003 74.0 7.6913514
578.06995 74.0 7.811756
575.37 74.0 7.7752705
562.14 74.0 7.596487
605.33997 74.0 8.18027
589.68 74.0 7.9686484
541.35004 74.0 7.3155413
567.26996 74.0 7.6658106
577.26 74.0 7.800811
566.19 74.0 7.651216
596.97 74.0 8.067162
564.3 74.0 7.625675
573.75006 74.0 7.753379
631.8 74.0 8.537838
614.25 74.0 8.300675
623.16 74.0 8.421081
609.93 74.0 8.242297
558.36005 74.0 7.5454063
580.77 74.0 7.8482437
579.42004 74.0 7.8300004
528.66003 74.0 7.144055
613.17004 74.0 8.286081
565.37994 74.0 7.6402693
584.82 74.0 7.9029727
561.86993 74.0 7.5928373
530.27997 74.0 7.1659455
550.52997 74.0 7.4395943
554.85 75.0 7.398
586.70996 75.0 7.8227997
555.66 75.0 7.4087996
571.05 75.0 7.614
508.68005 75.0 6.7824006
556.7399 75.0 7.423199
572.6701 75.0 7.635601
599.6701 75.0 7.9956017
605.88007 75.0 8.078401
517.05 75.0 6.894
572.13 75.0 7.6284
542.43 75.0 7.2324
572.13 75.0 7.6284003
521.91 75.0 6.9587994
550.8 75.0 7.344
566.19 75.0 7.5492
562.41003 75.0 7.4988003
523.26 75.0 6.9768
519.75 75.0 6.93
601.56006 75.0 8.020801
535.68 75.0 7.1424
542.16003 75.0 7.2288003
568.35 75.0 7.578
530.01013 75.0 7.0668015
561.06 75.0 7.4807997
571.8599 75.0 7.624799
546.75 75.0 7.29
561.32996 75.0 7.4844
578.61005 75.0 7.7148004
589.68 75.0 7.8623996
600.75 75.0 8.01
550.52997 75.0 7.3403997
540.5399 75.0 7.207199
522.99 75.0 6.9732
565.92 75.0 7.5455995
589.68 75.0 7.8623996
495.44998 75.0 6.606
501.66003 75.0 6.6888003
594.8099 75.0 7.930798
589.9501 75.0 7.8660007
555.11993 75.0 7.4015994
532.98 76.0 7.0128946
532.70996 76.0 7.0093417
537.83997 76.0 7.076842
501.38998 76.0 6.5972366
518.94006 76.0 6.8281584
518.12994 76.0 6.8174996
547.2899 76.0 7.201183
554.84985 76.0 7.300656
536.4899 76.0 7.059078
585.62994 76.0 7.7056575
512.19006 76.0 6.7393427
555.66 76.0 7.311315
528.39 76.0 6.9525
502.46997 76.0 6.611447
524.61005 76.0 6.902764
520.55994 76.0 6.849473
511.92 76.0 6.73579
524.33997 76.0 6.8992105
509.76 76.0 6.7073684
521.1 76.0 6.856579
525.14996 76.0 6.9098682
532.98004 76.0 7.012895
515.16 76.0 6.7784204
544.32 76.0 7.1621056
567.80994 76.0 7.471184
540.5399 76.0 7.1123676
531.89996 76.0 6.9986835
548.37 76.0 7.2153945
507.6 76.0 6.6789474
543.50995 76.0 7.151447
531.9 76.0 6.9986844
476.82004 76.0 6.2739477
511.65 76.0 6.732237
554.85 76.0 7.3006577
527.04004 76.0 6.934737
515.7 76.0 6.7855263
513.54004 76.0 6.757106
537.30005 76.0 7.0697374
488.15994 76.0 6.423157
506.78995 76.0 6.6682887
531.08997 76.0 6.988026
499.22998 77.0 6.483506
499.23 77.0 6.4835067
508.13998 77.0 6.5992208
520.29004 77.0 6.7570133
497.87997 77.0 6.465974
481.68 77.0 6.2555842
534.87 77.0 6.946364
494.63998 77.0 6.423896
511.11008 77.0 6.637793
519.75 77.0 6.75
527.8499 77.0 6.8551936
514.88995 77.0 6.6868825
528.93 77.0 6.8692207
532.4401 77.0 6.914807
539.18994 77.0 7.0024667
491.4 77.0 6.3818183
518.13 77.0 6.728961
530.0101 77.0 6.8832474
455.49 77.0 5.9154544
496.26 77.0 6.4449353
537.3 77.0 6.977922
531.08997 77.0 6.8972726
511.38004 77.0 6.6412992
505.70996 77.0 6.567662
535.95 77.0 6.96039
539.1899 77.0 7.0024657
542.7 77.0 7.048052
527.31 77.0 6.8481817
490.04996 77.0 6.364285
508.68 77.0 6.6062336
526.5 77.0 6.837662
518.39996 77.0 6.7324667
520.56 77.0 6.7605195
485.72998 77.0 6.308182
518.13 77.0 6.7289615
526.76996 77.0 6.8411684
467.09998 77.0 6.0662336
495.99002 77.0 6.4414287
456.83997 77.0 5.9329867
506.52002 77.0 6.578182
512.19 77.0 6.6518183
478.20654 78.0 6.130853
510.62732 78.0 6.546504
499.28006 78.0 6.4010262
481.1784 78.0 6.168954
475.775 78.0 6.0996795
485.5012 78.0 6.2243743
475.23462 78.0 6.0927515
499.8204 78.0 6.4079537
487.12222 78.0 6.245157
481.4486 78.0 6.172418
484.6907 78.0 6.2139835
475.77502 78.0 6.09968
470.6417 78.0 6.033868
502.25195 78.0 6.4391274
466.58914 78.0 5.981912
456.5927 78.0 5.8537526
471.4522 78.0 6.044259
468.21014 78.0 6.002694
477.39603 78.0 6.120462
457.6733 78.0 5.8676066
509.0063 78.0 6.5257215
510.35718 78.0 6.5430408
495.22742 78.0 6.3490696
511.97824 78.0 6.5638237
477.93634 78.0 6.127389
469.29086 78.0 6.0165496
453.89093 78.0 5.8191147
486.04166 78.0 6.231303
466.31894 78.0 5.978448
494.41696 78.0 6.338679
494.14673 78.0 6.3352146
465.23828 78.0 5.9645934
478.7469 78.0 6.1377807
484.42053 78.0 6.21052
445.24548 78.0 5.7082753
487.3924 78.0 6.2486205
537.1043 78.0 6.8859525
452.5401 78.0 5.801796
481.44864 78.0 6.1724186
504.6835 78.0 6.470301
491.445 78.0 6.300577
484.37997 79.0 6.131392
502.74005 79.0 6.363798
474.66 79.0 6.0083547
469.53 79.0 5.9434175
468.99 79.0 5.936582
447.66003 79.0 5.6665826
431.19003 79.0 5.4581017
467.1 79.0 5.912658
434.97 79.0 5.5059495
491.12994 79.0 6.2168345
494.36996 79.0 6.257848
468.98996 79.0 5.9365816
470.61002 79.0 5.957089
457.92 79.0 5.796456
446.5801 79.0 5.6529126
495.18008 79.0 6.268102
462.78003 79.0 5.857975
476.82007 79.0 6.035697
460.07996 79.0 5.8237967
403.91998 79.0 5.112911
490.86002 79.0 6.213418
452.78998 79.0 5.7315187
465.21002 79.0 5.8887343
470.34006 79.0 5.9536715
448.74 79.0 5.680253
491.66992 79.0 6.22367
517.05005 79.0 6.544937
478.97992 79.0 6.063037
460.07996 79.0 5.8237967
443.34006 79.0 5.6118994
428.22 79.0 5.4205065
451.71005 79.0 5.717849
480.06006 79.0 6.0767097
492.20996 79.0 6.230506
448.19998 79.0 5.6734176
472.5 79.0 5.981013
484.37997 79.0 6.131392
455.76 79.0 5.769114
482.76007 79.0 6.110887
419.58008 79.0 5.31114
437.4 79.0 5.536709
454.40994 80.0 5.6801243
460.61996 80.0 5.7577496
455.75995 80.0 5.6969995
469.8 80.0 5.8725
400.68 80.0 5.0085
456.83997 80.0 5.7105
466.02002 80.0 5.82525
443.07004 80.0 5.5383754
444.42 80.0 5.55525
447.39 80.0 5.5923753
436.59 80.0 5.457375
432.27002 80.0 5.403375
456.83997 80.0 5.7105
464.94003 80.0 5.8117504
437.94 80.0 5.47425
477.36 80.0 5.967
454.94998 80.0 5.686875
443.34003 80.0 5.5417504
443.88004 80.0 5.5485005
443.07004 80.0 5.5383754
419.31 80.0 5.241375
466.82996 80.0 5.8353744
429.3 80.0 5.36625
428.76 80.0 5.3595
424.71002 80.0 5.308875
451.17 80.0 5.639625
425.25 80.0 5.315625
449.82 80.0 5.6227503
462.78 80.0 5.78475
388.26 80.0 4.85325
455.49005 80.0 5.6936255
486.00006 80.0 6.075001
461.15997 80.0 5.7644997
451.97998 80.0 5.6497498
462.24002 80.0 5.7780004
436.05005 80.0 5.4506254
444.15002 80.0 5.551875
415.80002 80.0 5.1975
446.30997 80.0 5.5788746
437.94003 80.0 5.4742503
394.47003 80.0 4.9308753
392.31 81.0 4.8433332
436.04996 81.0 5.3833327
453.06 81.0 5.5933332
402.30005 81.0 4.966667
446.31003 81.0 5.51
383.67 81.0 4.7366667
375.03006 81.0 4.6300006
419.85 81.0 5.1833334
440.37003 81.0 5.436667
420.92996 81.0 5.1966662
426.6 81.0 5.266667
405.27 81.0 5.003333
436.59003 81.0 5.3900003
385.56003 81.0 4.76
442.8 81.0 5.4666667
422.82 81.0 5.2200003
438.21002 81.0 5.4100003
420.92996 81.0 5.1966662
405.81003 81.0 5.01
430.10995 81.0 5.3099995
420.12003 81.0 5.186667
400.40997 81.0 4.943333
443.61002 81.0 5.476667
432.0 81.0 5.3333335
435.23996 81.0 5.373333
429.30005 81.0 5.3000007
408.78 81.0 5.0466666
436.59 81.0 5.39
434.43 81.0 5.363333
447.93002 81.0 5.53
450.62997 81.0 5.563333
425.24997 81.0 5.2499995
411.21005 81.0 5.0766673
452.52008 81.0 5.5866675
413.91 81.0 5.11
439.56 81.0 5.4266667
405.81003 81.0 5.01
408.78 81.0 5.0466666
410.66998 81.0 5.0699997
458.19003 81.0 5.656667
403.11 81.0 4.9766665
414.45007 82.0 5.0542693
375.57004 82.0 4.5801225
386.91013 82.0 4.718416
395.82016 82.0 4.827075
418.77008 82.0 5.106952
382.86023 82.0 4.6690273
414.9901 82.0 5.060855
421.7401 82.0 5.1431723
416.06998 82.0 5.074024
418.4999 82.0 5.1036572
361.26007 82.0 4.4056106
409.05005 82.0 4.9884152
403.11 82.0 4.9159756
403.92 82.0 4.9258537
406.89 82.0 4.9620733
390.15002 82.0 4.757927
423.08997 82.0 5.1596336
393.39 82.0 4.797439
409.05005 82.0 4.9884152
348.57004 82.0 4.250854
393.11996 82.0 4.794146
391.23004 82.0 4.771098
409.04996 82.0 4.9884143
431.73022 82.0 5.2650027
419.85 82.0 5.120122
387.99005 82.0 4.731586
415.26 82.0 5.0641465
376.38 82.0 4.59
371.25 82.0 4.527439
428.2199 82.0 5.222194
373.41 82.0 4.5537806
420.12006 82.0 5.1234155
381.78006 82.0 4.655854
399.87003 82.0 4.876464
396.36002 82.0 4.8336587
412.5599 82.0 5.0312185
412.29004 82.0 5.0279274
422.00992 82.0 5.1464624
379.88995 82.0 4.6328044
353.15994 82.0 4.3068285
372.87 82.0 4.547195
398.24997 83.0 4.7981925
328.86 83.0 3.9621685
356.67004 83.0 4.2972293
355.05002 83.0 4.277711
337.77 83.0 4.069518
359.1 83.0 4.326506
399.06006 83.0 4.8079524
364.5 83.0 4.3915663
339.38998 83.0 4.089036
353.7 83.0 4.261446
343.71002 83.0 4.1410847
375.03 83.0 4.5184336
370.98 83.0 4.469639
365.84998 83.0 4.407831
377.46 83.0 4.547711
397.98 83.0 4.79494
369.90002 83.0 4.456627
376.37988 83.0 4.5346975
365.04 83.0 4.3980722
375.57007 83.0 4.5249405
404.9999 83.0 4.879517
389.61002 83.0 4.6940966
381.50998 83.0 4.5965056
391.5001 83.0 4.7168684
382.86 83.0 4.612771
355.05002 83.0 4.277711
354.51 83.0 4.271205
388.52994 83.0 4.6810837
358.29007 83.0 4.3167477
374.49 83.0 4.5119276
353.43002 83.0 4.258193
363.15002 83.0 4.3753014
367.74002 83.0 4.4306026
398.52 83.0 4.8014455
405.53998 83.0 4.886024
372.6 83.0 4.4891567
374.76004 83.0 4.515181
393.93002 83.0 4.746145
379.62003 83.0 4.573735
416.07 83.0 5.012892
379.62003 83.0 4.573735
355.05 84.0 4.2267857
355.31995 84.0 4.2299995
378.81006 84.0 4.5096436
346.14005 84.0 4.1207147
360.99005 84.0 4.2975006
329.94006 84.0 3.9278579
355.32 84.0 4.23
388.53003 84.0 4.6253576
366.93 84.0 4.368214
363.96005 84.0 4.3328576
367.73996 84.0 4.3778567
324.27 84.0 3.860357
341.27997 84.0 4.0628567
355.32 84.0 4.23
341.82 84.0 4.069286
352.62 84.0 4.197857
363.15 84.0 4.323214
339.38998 84.0 4.040357
348.57 84.0 4.149643
351.54004 84.0 4.1850004
375.03 84.0 4.464643
361.8 84.0 4.3071427
389.33997 84.0 4.6349998
362.87997 84.0 4.3199997
351.00006 84.0 4.178572
340.46997 84.0 4.053214
348.57 84.0 4.149643
339.93002 84.0 4.046786
338.58002 84.0 4.0307145
349.11 84.0 4.156071
360.45004 84.0 4.291072
353.16 84.0 4.2042856
354.51 84.0 4.2203574
345.33 84.0 4.111071
331.83002 84.0 3.9503572
365.30994 84.0 4.348928
375.84003 84.0 4.474286
364.5 84.0 4.339286
381.51004 84.0 4.541786
383.13 84.0 4.5610714
353.7 84.0 4.2107143
338.58014 85.0 3.983296
323.1901 85.0 3.8022366
321.56998 85.0 3.7831762
333.45 85.0 3.9229414
327.78003 85.0 3.8562357
348.30002 85.0 4.097647
313.20004 85.0 3.6847062
358.83002 85.0 4.2215295
358.02002 85.0 4.2120004
345.06 85.0 4.0595293
329.13 85.0 3.8721178
336.96005 85.0 3.9642358
321.30002 85.0 3.7800002
342.36002 85.0 4.027765
323.73 85.0 3.8085883
324.27002 85.0 3.8149414
340.2 85.0 4.002353
343.44 85.0 4.0404706
345.59998 85.0 4.065882
334.52997 85.0 3.9356468
324.54 85.0 3.8181179
336.68997 85.0 3.9610586
333.72003 85.0 3.926118
292.94998 85.0 3.4464703
338.57996 85.0 3.9832938
352.62 85.0 4.1484704
343.98 85.0 4.0468235
335.61002 85.0 3.948353
324.81003 85.0 3.8212943
305.63998 85.0 3.5957646
318.33 85.0 3.7450588
284.31 85.0 3.3448236
337.23007 85.0 3.9674125
358.83002 85.0 4.2215295
322.11002 85.0 3.7895296
338.04 85.0 3.976941
340.46997 85.0 4.005529
313.46997 85.0 3.6878822
328.05 85.0 3.8594117
306.72 85.0 3.6084704
325.08 85.0 3.8244703
298.35004 86.0 3.4691863
292.68002 86.0 3.403256
303.48 86.0 3.5288374
313.19983 86.0 3.6418586
330.21002 86.0 3.8396513
324.54004 86.0 3.7737212
294.03003 86.0 3.4189537
302.66998 86.0 3.5194185
310.5 86.0 3.6104653
332.64 86.0 3.867907
305.0999 86.0 3.5476735
292.14 86.0 3.396977
314.28 86.0 3.6544187
324.0 86.0 3.7674417
316.97998 86.0 3.6858137
333.99002 86.0 3.8836048
323.46002 86.0 3.761163
303.75003 86.0 3.531977
318.6 86.0 3.704651
333.18002 86.0 3.8741863
329.4 86.0 3.8302324
323.73004 86.0 3.7643027
312.12003 86.0 3.6293025
298.88998 86.0 3.475465
277.56 86.0 3.2274418
332.1 86.0 3.8616278
311.85 86.0 3.6261628
323.18997 86.0 3.758023
332.10004 86.0 3.8616283
327.24 86.0 3.8051162
308.61002 86.0 3.5884886
287.28003 86.0 3.3404655
309.95996 86.0 3.6041856
322.11002 86.0 3.7454653
321.30002 86.0 3.7360468
315.36002 86.0 3.666977
308.61002 86.0 3.5884886
291.87 86.0 3.3938372
307.53 86.0 3.57593
314.00998 86.0 3.6512787
342.90005 86.0 3.9872098
285.38998 87.0 3.2803447
265.14 87.0 3.0475862
293.21997 87.0 3.3703444
274.31998 87.0 3.1531034
267.03 87.0 3.0693102
297.54 87.0 3.42
277.56003 87.0 3.190345
316.43994 87.0 3.6372406
293.49 87.0 3.3734481
299.42996 87.0 3.4417238
285.38998 87.0 3.2803447
294.30002 87.0 3.3827589
278.63998 87.0 3.2027586
316.17004 87.0 3.6341383
299.15997 87.0 3.4386203
302.67 87.0 3.4789655
310.23 87.0 3.5658622
290.52002 87.0 3.3393106
306.45 87.0 3.522414
295.38 87.0 3.3951724
265.94998 87.0 3.0568964
281.61002 87.0 3.2368968
282.96005 87.0 3.2524145
312.66 87.0 3.5937932
294.57004 87.0 3.3858624
281.61002 87.0 3.2368968
303.48004 87.0 3.4882762
300.50998 87.0 3.4541378
299.43005 87.0 3.4417248
280.53 87.0 3.2244828
272.15997 87.0 3.1282756
298.88998 87.0 3.435517
266.22 87.0 3.06
273.51 87.0 3.143793
291.87 87.0 3.3548276
274.59 87.0 3.1562068
313.4701 87.0 3.6031044
308.61002 87.0 3.5472414
277.55997 87.0 3.1903446
289.71002 87.0 3.3300004
303.75 87.0 3.4913793
281.34 88.0 3.1970453
267.3 88.0 3.0375
269.72998 88.0 3.0651133
265.68 88.0 3.019091
267.03 88.0 3.0344317
229.5 88.0 2.6079545
242.99997 88.0 2.7613633
263.25 88.0 2.9914773
255.69002 88.0 2.9055684
264.59998 88.0 3.0068178
261.9 88.0 2.9761364
262.17 88.0 2.9792047
262.16998 88.0 2.9792044
281.06998 88.0 3.1939769
265.68 88.0 3.0190907
261.62997 88.0 2.973068
231.92998 88.0 2.635568
251.37 88.0 2.8564773
254.34003 88.0 2.8902276
251.09998 88.0 2.8534088
253.8 88.0 2.884091
274.05002 88.0 3.1142046
243.53998 88.0 2.7674997
267.29996 88.0 3.0374997
256.76996 88.0 2.9178405
250.29001 88.0 2.8442047
261.09 88.0 2.9669318
261.09003 88.0 2.9669323
268.65 88.0 3.0528407
260.82 88.0 2.9638638
278.63995 88.0 3.1663632
271.08 88.0 3.0804543
281.34 88.0 3.1970453
266.75998 88.0 3.0313635
273.50998 88.0 3.108068
261.63004 88.0 2.9730685
275.67 88.0 3.132614
277.83002 88.0 3.1571593
248.94 88.0 2.8288636
249.75 88.0 2.8380682
283.23 88.0 3.2185228
254.88 89.0 2.8638203
220.05 89.0 2.472472
243.27002 89.0 2.733371
251.64 89.0 2.8274157
256.49997 89.0 2.8820221
249.48003 89.0 2.8031464
240.02998 89.0 2.6969662
235.98 89.0 2.6514606
230.85 89.0 2.5938203
254.61006 89.0 2.8607872
260.01007 89.0 2.9214613
237.06006 89.0 2.6635962
252.99 89.0 2.8425844
219.78001 89.0 2.4694383
228.14996 89.0 2.5634828
254.34 89.0 2.8577528
258.92996 89.0 2.9093254
252.18002 89.0 2.8334835
258.38998 89.0 2.9032583
243.80998 89.0 2.739438
255.95998 89.0 2.8759549
249.20999 89.0 2.8001122
234.36002 89.0 2.6332586
223.02 89.0 2.5058427
247.05 89.0 2.7758427
232.19987 89.0 2.6089873
248.13004 89.0 2.787978
244.08002 89.0 2.7424722
248.66998 89.0 2.7940447
238.68 89.0 2.6817977
250.02003 89.0 2.8092139
250.82997 89.0 2.8183143
240.02995 89.0 2.6969657
246.78 89.0 2.772809
237.86998 89.0 2.6726964
252.44998 89.0 2.8365166
249.75 89.0 2.8061798
253.25996 89.0 2.8456175
249.74998 89.0 2.8061795
250.29001 89.0 2.8122473
265.95007 89.0 2.988203
212.48999 90.0 2.3609998
233.01003 90.0 2.5890002
218.43002 90.0 2.4270003
204.92998 90.0 2.2769997
215.46 90.0 2.394
231.93001 90.0 2.5770001
219.78001 90.0 2.4420002
209.79001 90.0 2.331
234.35999 90.0 2.6039999
233.81996 90.0 2.5979996
237.6 90.0 2.64
244.89001 90.0 2.7210002
218.96997 90.0 2.4329996
188.73 90.0 2.097
226.26001 90.0 2.5140002
214.11002 90.0 2.3790002
229.23006 90.0 2.5470006
222.74997 90.0 2.4749997
214.11002 90.0 2.3790002
220.31999 90.0 2.448
191.15996 90.0 2.1239996
209.25 90.0 2.325
218.16002 90.0 2.4240003
225.71999 90.0 2.508
208.97998 90.0 2.3219998
237.32999 90.0 2.6369998
230.04008 90.0 2.556001
220.32002 90.0 2.4480002
238.95 90.0 2.655
196.29002 90.0 2.1810002
219.51001 90.0 2.4390001
225.72002 90.0 2.5080001
220.59003 90.0 2.4510002
229.5 90.0 2.55
205.74002 90.0 2.2860003
223.82997 90.0 2.4869998
215.18999 90.0 2.3909998
192.51 90.0 2.139
218.70001 90.0 2.43
219.51001 90.0 2.4390001
225.44997 90.0 2.5049996
212.75998 91.0 2.3380218
173.87999 91.0 1.9107691
201.96 91.0 2.2193408
216.00003 91.0 2.3736267
203.84996 91.0 2.2401094
196.02002 91.0 2.154066
214.64996 91.0 2.3587909
179.01 91.0 1.9671428
190.61998 91.0 2.0947251
203.03998 91.0 2.2312086
203.04001 91.0 2.2312088
191.43 91.0 2.1036263
198.45 91.0 2.1807692
206.55002 91.0 2.2697804
201.42 91.0 2.2134066
216.00005 91.0 2.373627
215.46004 91.0 2.3676927
184.40997 91.0 2.0264833
187.92 91.0 2.065055
197.37 91.0 2.168901
183.60002 91.0 2.0175827
203.58002 91.0 2.237143
180.35999 91.0 1.9819778
209.51999 91.0 2.3024175
192.24 91.0 2.1125276
214.11002 91.0 2.3528574
197.37001 91.0 2.1689012
201.15001 91.0 2.2104397
204.65999 91.0 2.2490108
198.45 91.0 2.1807692
204.93001 91.0 2.2519782
192.78 91.0 2.1184616
193.86 91.0 2.1303296
205.74002 91.0 2.2608793
196.29002 91.0 2.1570332
222.20995 91.0 2.4418676
187.11002 91.0 2.056154
210.6 91.0 2.3142858
185.49 91.0 2.0383518
189.54 91.0 2.0828571
179.82 91.0 1.976044
183.33 92.0 1.9927174
180.09 92.0 1.9575
174.15002 92.0 1.892935
179.55 92.0 1.9516305
178.19997 92.0 1.9369562
166.86 92.0 1.8136957
181.70998 92.0 1.9751085
171.98999 92.0 1.8694564
176.58002 92.0 1.919348
177.92996 92.0 1.9340214
169.29001 92.0 1.8401088
192.78001 92.0 2.095435
171.98999 92.0 1.8694564
171.99 92.0 1.8694565
164.43001 92.0 1.7872827
177.65999 92.0 1.9310869
159.84001 92.0 1.7373914
169.82999 92.0 1.8459781
170.1 92.0 1.8489131
187.92 92.0 2.0426087
163.62001 92.0 1.7784784
176.84999 92.0 1.9222825
182.24998 92.0 1.9809781
178.19998 92.0 1.9369564
163.89 92.0 1.7814131
163.89 92.0 1.7814131
176.84999 92.0 1.9222826
172.53001 92.0 1.8753263
179.81999 92.0 1.9545652
196.02002 92.0 2.1306524
180.35999 92.0 1.9604347
151.73999 92.0 1.6493477
180.36 92.0 1.9604348
164.7 92.0 1.7902174
181.98001 92.0 1.9780436
179.82 92.0 1.9545653
160.65001 92.0 1.7461957
181.44 92.0 1.9721739
163.35 92.0 1.7755436
169.29 92.0 1.8401086
167.94 92.0 1.8254348
137.7 93.0 1.4806452
158.21999 93.0 1.7012902
157.68001 93.0 1.6954839
167.93997 93.0 1.8058062
156.59999 93.0 1.6838708
129.6 93.0 1.3935485
157.95001 93.0 1.6983871
157.14 93.0 1.6896774
146.06999 93.0 1.5706451
166.58998 93.0 1.7912902
135.0 93.0 1.451613
158.48999 93.0 1.7041935
153.35999 93.0 1.6490321
149.31 93.0 1.6054839
145.53 93.0 1.5648388
169.83 93.0 1.8261291
158.76 93.0 1.7070967
156.33 93.0 1.6809677
143.09999 93.0 1.5387096
141.75 93.0 1.5241935
163.35 93.0 1.7564516
152.55 93.0 1.6403227
147.68999 93.0 1.5880644
154.98001 93.0 1.6664518
137.16 93.0 1.4748387
140.67001 93.0 1.5125809
173.07 93.0 1.8609679
155.52002 93.0 1.6722583
161.73001 93.0 1.7390324
156.06 93.0 1.6780645
164.16 93.0 1.7651614
153.63 93.0 1.6519356
163.88998 93.0 1.7622579
169.56003 93.0 1.8232261
155.24998 93.0 1.6693547
149.04 93.0 1.6025805
147.68999 93.0 1.5880644
144.18001 93.0 1.5503227
152.55 93.0 1.6403226
153.35999 93.0 1.6490321
157.14001 93.0 1.6896776
136.34999 94.0 1.4505318
138.24 94.0 1.4706384
114.210014 94.0 1.2150002
123.119995 94.0 1.3097872
125.28 94.0 1.3327659
133.65 94.0 1.4218085
137.97002 94.0 1.4677662
136.62001 94.0 1.4534043
130.67998 94.0 1.3902125
135.54 94.0 1.4419148
122.04 94.0 1.2982979
140.66998 94.0 1.4964892
129.87 94.0 1.3815957
129.33 94.0 1.3758512
124.73998 94.0 1.3270211
127.439995 94.0 1.3557446
139.86 94.0 1.4878724
126.62999 94.0 1.3471276
142.56001 94.0 1.516596
134.73 94.0 1.4332978
137.7 94.0 1.4648936
128.79001 94.0 1.3701065
142.55998 94.0 1.5165956
137.69998 94.0 1.4648935
139.32 94.0 1.4821277
120.96 94.0 1.2868085
143.91 94.0 1.5309575
134.18999 94.0 1.427553
125.009995 94.0 1.3298936
129.32997 94.0 1.3758508
143.09999 94.0 1.5223403
144.72 94.0 1.5395745
140.12997 94.0 1.4907445
115.560005 94.0 1.2293618
133.92001 94.0 1.424681
137.97 94.0 1.467766
141.48001 94.0 1.5051064
131.49 94.0 1.3988298
122.04 94.0 1.2982979
123.39001 94.0 1.3126596
138.51001 94.0 1.4735107
112.319984 95.0 1.1823156
123.66 95.0 1.3016843
103.14002 95.0 1.0856844
102.05999 95.0 1.0743157
108.80999 95.0 1.1453683
123.12001 95.0 1.2960001
113.94002 95.0 1.1993686
110.97 95.0 1.1681052
110.97001 95.0 1.1681054
118.52998 95.0 1.247684
106.649994 95.0 1.1226315
109.61998 95.0 1.1538945
113.4 95.0 1.1936842
91.53 95.0 0.9634737
103.14 95.0 1.0856842
107.190025 95.0 1.128316
100.439995 95.0 1.0572631
114.48001 95.0 1.2050527
102.87 95.0 1.0828421
110.70001 95.0 1.1652633
108.80999 95.0 1.1453683
110.159996 95.0 1.1595789
113.130005 95.0 1.1908422
111.780014 95.0 1.1766317
108.53997 95.0 1.142526
108.81001 95.0 1.1453686
119.880005 95.0 1.2618948
89.91 95.0 0.9464211
113.670006 95.0 1.1965264
99.36 95.0 1.0458947
104.21999 95.0 1.0970526
123.12001 95.0 1.2960001
112.049995 95.0 1.1794736
112.31999 95.0 1.1823157
116.64001 95.0 1.2277895
121.49998 95.0 1.2789471
103.41 95.0 1.0885264
124.20001 95.0 1.3073685
116.09999 95.0 1.2221051
103.14 95.0 1.0856842
107.18999 95.0 1.1283157
94.770004 96.0 0.9871875
97.73999 96.0 1.0181249
78.3 96.0 0.815625
92.88 96.0 0.9675
75.600006 96.0 0.7875
89.909996 96.0 0.9365625
96.93001 96.0 1.0096875
90.17999 96.0 0.9393749
91.799995 96.0 0.95624995
85.86 96.0 0.894375
97.47 96.0 1.0153126
83.69998 96.0 0.8718748
80.73 96.0 0.84093755
82.89001 96.0 0.8634376
88.020004 96.0 0.91687506
86.13 96.0 0.8971875
93.96001 96.0 0.9787501
85.59 96.0 0.89156246
88.82999 96.0 0.9253124
88.28999 96.0 0.9196874
95.850006 96.0 0.9984375
65.07 96.0 0.6778125
94.5 96.0 0.984375
88.829994 96.0 0.92531246
91.53 96.0 0.95343745
93.96001 96.0 0.97875005
82.62001 96.0 0.8606251
96.12001 96.0 1.0012501
89.1 96.0 0.92812496
85.05 96.0 0.8859375
84.23999 96.0 0.8774999
90.18 96.0 0.939375
95.850006 96.0 0.9984375
89.64 96.0 0.93375
79.649994 96.0 0.8296875
89.90999 96.0 0.9365624
94.229996 96.0 0.9815625
87.480034 96.0 0.91125035
90.45004 96.0 0.9421879
91.26004 96.0 0.9506254
86.67003 96.0 0.9028128
60.75 97.0 0.62628865
71.00999 97.0 0.7320617
68.84999 97.0 0.70979375
71.01001 97.0 0.7320619
65.34 97.0 0.6736082
73.170006 97.0 0.7543299
71.549995 97.0 0.7376288
72.36 97.0 0.74597937
66.42 97.0 0.6847423
69.66001 97.0 0.7181444
71.009995 97.0 0.7320618
51.84 97.0 0.534433
60.479996 97.0 0.6235051
58.05001 97.0 0.5984537
65.07 97.0 0.6708247
69.119995 97.0 0.7125773
55.890003 97.0 0.5761856
65.88 97.0 0.67917526
69.38999 97.0 0.71536076
65.88 97.0 0.67917526
68.57999 97.0 0.7070102
65.34 97.0 0.6736082
56.97 97.0 0.5873196
62.909996 97.0 0.64855665
71.009995 97.0 0.7320618
71.549995 97.0 0.7376288
50.22 97.0 0.51773196
64.53 97.0 0.6652577
61.830006 97.0 0.63742274
66.95999 97.0 0.6903092
61.020004 97.0 0.6290722
62.909996 97.0 0.64855665
71.549995 97.0 0.7376288
71.28001 97.0 0.73484546
67.229996 97.0 0.69309276
69.660034 97.0 0.71814466
72.900024 97.0 0.7515466
73.17002 97.0 0.7543301
63.990025 97.0 0.659691
66.96002 97.0 0.6903095
69.12002 97.0 0.7125775
40.499996 98.0 0.41326526
37.529995 98.0 0.38295913
49.13999 98.0 0.5014285
41.039997 98.0 0.41877547
48.060005 98.0 0.4904082
43.47 98.0 0.44357145
44.55 98.0 0.4545918
39.96 98.0 0.4077551
41.310005 98.0 0.42153066
50.490005 98.0 0.51520413
41.309998 98.0 0.4215306
44.819996 98.0 0.4573469
43.199997 98.0 0.44081628
40.5 98.0 0.41326532
45.900005 98.0 0.4683674
35.64 98.0 0.36367345
48.329998 98.0 0.49316326
41.579998 98.0 0.4242857
44.82 98.0 0.45734695
44.28 98.0 0.45183674
48.6 98.0 0.49591836
40.770004 98.0 0.41602045
43.739998 98.0 0.44632652
48.599995 98.0 0.4959183
40.769997 98.0 0.4160204
44.82 98.0 0.45734692
46.71 98.0 0.47663265
45.629997 98.0 0.4656122
41.849995 98.0 0.42704076
45.35999 98.0 0.46285704
41.039993 98.0 0.41877544
42.930008 98.0 0.4380613
47.79001 98.0 0.48765317
40.77002 98.0 0.4160206
37.530006 98.0 0.38295925
43.199997 98.0 0.4408163
39.959995 98.0 0.40775505
48.329998 98.0 0.49316326
44.28 98.0 0.45183674
47.789997 98.0 0.48765302
49.409992 98.0 0.5041836
22.68 99.0 0.22909091
24.029999 99.0 0.24272726
17.55 99.0 0.17727272
24.3 99.0 0.24545453
21.060001 99.0 0.21272728
21.06 99.0 0.21272726
19.439999 99.0 0.19636363
21.329998 99.0 0.21545453
20.789999 99.0 0.21
22.680002 99.0 0.22909093
25.920002 99.0 0.2618182
22.95 99.0 0.23181818
17.82 99.0 0.17999999
19.439999 99.0 0.19636363
20.249998 99.0 0.20454544
22.95 99.0 0.23181818
21.06 99.0 0.21272726
20.789999 99.0 0.21
24.84 99.0 0.2509091
20.789997 99.0 0.20999998
22.139997 99.0 0.22363634
24.3 99.0 0.24545453
16.739998 99.0 0.1690909
23.76 99.0 0.24
19.71 99.0 0.1990909
22.95 99.0 0.23181818
17.009998 99.0 0.17181817
24.03 99.0 0.24272728
19.169998 99.0 0.19363634
24.3 99.0 0.24545453
23.49 99.0 0.23727272
19.71 99.0 0.1990909
20.789999 99.0 0.21
21.060001 99.0 0.21272728
22.949997 99.0 0.23181815
21.33 99.0 0.21545455
19.98 99.0 0.20181817
23.22 99.0 0.23454545
22.949997 99.0 0.23181815
18.63 99.0 0.18818182
23.49 99.0 0.23727272
