126.676865 1.0 126.676865
126.766136 1.0 126.766136
127.04503 1.0 127.04503
127.01159 1.0 127.01159
126.92233 1.0 126.92233
126.888824 1.0 126.888824
126.264084 1.0 126.264084
126.75494 1.0 126.75494
126.7438 1.0 126.7438
127.37974 1.0 127.37974
127.16773 1.0 127.16773
126.743805 1.0 126.743805
126.95579 1.0 126.95579
127.15657 1.0 127.15657
126.7215 1.0 126.7215
127.0562 1.0 127.0562
126.6211 1.0 126.6211
126.82189 1.0 126.82189
126.27523 1.0 126.27523
126.93347 1.0 126.93347
126.877686 1.0 126.877686
127.32396 1.0 127.32396
126.754944 1.0 126.754944
126.76613 1.0 126.76613
126.63224 1.0 126.63224
126.72151 1.0 126.72151
126.63224 1.0 126.63224
127.25703 1.0 127.25703
126.63225 1.0 126.63225
126.87771 1.0 126.87771
126.81074 1.0 126.81074
126.676865 1.0 126.676865
126.464874 1.0 126.464874
127.07853 1.0 127.07853
126.966934 1.0 126.966934
126.77727 1.0 126.77727
126.78839 1.0 126.78839
126.79957 1.0 126.79957
126.48716 1.0 126.48716
127.089676 1.0 127.089676
127.15659 1.0 127.15659
253.55453 2.0 126.77727
253.67726 2.0 126.83863
252.65083 2.0 126.32542
253.4095 2.0 126.70475
253.56569 2.0 126.782845
253.01903 2.0 126.509514
253.71077 2.0 126.855385
253.83348 2.0 126.91674
253.4876 2.0 126.7438
254.4583 2.0 127.22915
253.59914 2.0 126.79957
253.55452 2.0 126.77726
254.61447 2.0 127.307236
253.48761 2.0 126.743805
253.08594 2.0 126.54297
253.92271 2.0 126.96136
253.92274 2.0 126.96137
253.82228 2.0 126.91114
253.59918 2.0 126.79959
253.24219 2.0 126.62109
253.94505 2.0 126.97253
253.42061 2.0 126.710304
253.63264 2.0 126.81632
253.4654 2.0 126.7327
253.1752 2.0 126.5876
253.78885 2.0 126.894424
253.9785 2.0 126.98925
252.66194 2.0 126.33097
253.24217 2.0 126.621086
253.39832 2.0 126.69916
253.54341 2.0 126.771706
253.32027 2.0 126.66013
253.30907 2.0 126.65453
253.45415 2.0 126.72707
253.34259 2.0 126.671295
253.5211 2.0 126.76055
253.7777 2.0 126.88885
254.35786 2.0 127.17893
253.17525 2.0 126.58762
253.25325 2.0 126.626625
253.13063 2.0 126.565315
380.07526 3.0 126.69173
379.98596 3.0 126.661995
380.11993 3.0 126.706635
380.43213 3.0 126.81074
380.30936 3.0 126.76986
379.28296 3.0 126.42767
379.58435 3.0 126.52809
379.9859 3.0 126.66199
379.9748 3.0 126.658295
380.09756 3.0 126.69916
380.04175 3.0 126.68057
379.4058 3.0 126.4686
380.11984 3.0 126.70662
379.80743 3.0 126.60249
379.67352 3.0 126.5578
380.53275 3.0 126.844215
380.57727 3.0 126.8591
380.30945 3.0 126.76985
379.1603 3.0 126.38674
380.1422 3.0 126.71406
378.99298 3.0 126.33099
379.42804 3.0 126.47603
381.32465 3.0 127.1083
380.39877 3.0 126.79961
380.26495 3.0 126.754974
379.72922 3.0 126.576454
380.63306 3.0 126.87768
379.40567 3.0 126.468605
380.57724 3.0 126.859085
379.6624 3.0 126.55412
380.07523 3.0 126.691734
379.13797 3.0 126.37936
380.18674 3.0 126.72895
380.0417 3.0 126.68059
379.87442 3.0 126.62479
380.08643 3.0 126.69546
379.88544 3.0 126.62851
380.7223 3.0 126.90744
380.28702 3.0 126.7624
379.57306 3.0 126.52436
379.5731 3.0 126.524376
507.05338 4.0 126.76334
506.78552 4.0 126.69638
507.23175 4.0 126.80794
506.14954 4.0 126.537384
506.41742 4.0 126.604355
506.65164 4.0 126.66291
506.89725 4.0 126.72431
506.97522 4.0 126.743805
506.71857 4.0 126.67964
506.90817 4.0 126.72704
506.3058 4.0 126.57645
506.62933 4.0 126.65733
505.9934 4.0 126.49835
507.41022 4.0 126.852554
506.11612 4.0 126.52903
505.97107 4.0 126.49277
504.96698 4.0 126.241745
505.55823 4.0 126.38956
505.9376 4.0 126.4844
506.0938 4.0 126.52345
505.70328 4.0 126.42582
505.681 4.0 126.42025
505.69226 4.0 126.423065
506.01575 4.0 126.50394
507.34354 4.0 126.835884
506.0604 4.0 126.5151
505.99332 4.0 126.49833
505.74786 4.0 126.436966
505.84842 4.0 126.462105
506.47308 4.0 126.61827
505.61386 4.0 126.403465
506.8636 4.0 126.7159
507.04208 4.0 126.76052
506.18307 4.0 126.54577
506.31686 4.0 126.579216
505.91525 4.0 126.47881
506.10495 4.0 126.52624
506.3169 4.0 126.57922
505.547 4.0 126.38675
505.90414 4.0 126.476036
506.00452 4.0 126.50113
633.1166 5.0 126.62332
632.07886 5.0 126.41583
633.23926 5.0 126.64785
633.1725 5.0 126.63446
631.9339 5.0 126.38677
632.079 5.0 126.415794
633.4625 5.0 126.69251
632.0901 5.0 126.41801
632.6035 5.0 126.52067
633.4959 5.0 126.6992
632.0679 5.0 126.41358
632.2463 5.0 126.44927
631.96735 5.0 126.39351
633.27264 5.0 126.65457
632.1349 5.0 126.42694
632.75964 5.0 126.55191
633.2392 5.0 126.64782
634.07605 5.0 126.81524
633.1722 5.0 126.63448
632.793 5.0 126.55861
632.20166 5.0 126.44033
632.224 5.0 126.44479
632.46936 5.0 126.49392
631.1528 5.0 126.23062
632.0566 5.0 126.411354
633.3397 5.0 126.668
632.2575 5.0 126.45149
633.719 5.0 126.74381
632.4023 5.0 126.480515
632.96027 5.0 126.59211
631.1619 5.0 126.23237
633.23926 5.0 126.647835
631.69977 5.0 126.33995
632.4582 5.0 126.49168
633.3619 5.0 126.67241
632.7262 5.0 126.54523
633.19446 5.0 126.63892
632.4584 5.0 126.49165
631.83356 5.0 126.36669
633.72565 5.0 126.74517
632.4651 5.0 126.493004
758.9924 6.0 126.4987
757.67554 6.0 126.27932
759.0259 6.0 126.504295
757.7852 6.0 126.29753
757.31433 6.0 126.21908
757.8787 6.0 126.31315
757.35004 6.0 126.224976
757.33215 6.0 126.22204
758.0662 6.0 126.34438
757.6533 6.0 126.27558
757.86334 6.0 126.3105
757.1157 6.0 126.18592
757.631 6.0 126.27187
757.1154 6.0 126.18592
757.8274 6.0 126.30464
758.0866 6.0 126.34772
758.1533 6.0 126.35891
757.957 6.0 126.32615
758.0036 6.0 126.33396
756.73425 6.0 126.12233
758.3854 6.0 126.397575
757.14685 6.0 126.19116
758.5861 6.0 126.43104
757.52606 6.0 126.2544
758.8071 6.0 126.46787
757.94354 6.0 126.32394
759.0125 6.0 126.50204
758.22015 6.0 126.37004
757.88544 6.0 126.31428
757.9884 6.0 126.33135
759.0815 6.0 126.51362
758.1644 6.0 126.36075
757.51965 6.0 126.25327
758.78033 6.0 126.4634
758.15326 6.0 126.35891
758.23346 6.0 126.3723
758.41 6.0 126.40166
757.4505 6.0 126.24174
757.2163 6.0 126.20269
756.0269 6.0 126.004456
757.4458 6.0 126.24102
882.9778 7.0 126.139786
883.13403 7.0 126.16205
882.0965 7.0 126.01382
880.98096 7.0 125.854454
884.10504 7.0 126.300766
882.75494 7.0 126.10787
881.9292 7.0 125.98992
884.0604 7.0 126.294365
883.5493 7.0 126.221344
882.4651 7.0 126.066444
883.30164 7.0 126.185974
882.6637 7.0 126.09482
884.78564 7.0 126.397964
884.81885 7.0 126.40273
883.4467 7.0 126.206665
883.7258 7.0 126.24653
882.8888 7.0 126.12696
883.0783 7.0 126.154076
881.85114 7.0 125.97878
884.239 7.0 126.31983
880.22253 7.0 125.74608
882.8886 7.0 126.127
883.60333 7.0 126.22902
883.49146 7.0 126.21306
881.1261 7.0 125.875114
884.56256 7.0 126.36608
882.8105 7.0 126.11583
883.64746 7.0 126.23536
883.5695 7.0 126.22422
882.96716 7.0 126.13816
881.7063 7.0 125.95804
884.0156 7.0 126.28797
883.48016 7.0 126.211464
882.7549 7.0 126.107895
882.56494 7.0 126.080795
881.3603 7.0 125.908615
880.8024 7.0 125.82894
880.8693 7.0 125.83848
883.32404 7.0 126.18918
882.16364 7.0 126.02338
882.57654 7.0 126.08235
1005.78357 8.0 125.722946
1006.3637 8.0 125.79546
1005.2254 8.0 125.653175
1006.78766 8.0 125.84846
1008.606 8.0 126.07575
1006.2745 8.0 125.78431
1008.50586 8.0 126.06323
1008.3941 8.0 126.04926
1007.8476 8.0 125.98095
1006.53094 8.0 125.81637
1008.4611 8.0 126.05764
1007.78046 8.0 125.97256
1006.7428 8.0 125.84285
1007.022 8.0 125.87775
1008.33844 8.0 126.042305
1007.2653 8.0 125.908165
1007.4143 8.0 125.92679
1006.8435 8.0 125.85544
1009.6884 8.0 126.21105
1004.6233 8.0 125.57791
1008.8519 8.0 126.10649
1008.44995 8.0 126.056244
1009.1306 8.0 126.14133
1007.46814 8.0 125.93352
1007.3009 8.0 125.91261
1006.85455 8.0 125.85682
1006.8436 8.0 125.85545
1006.8657 8.0 125.858215
1008.5059 8.0 126.06324
1007.3141 8.0 125.91426
1008.44806 8.0 126.05601
1008.07056 8.0 126.00882
1007.3903 8.0 125.92379
1008.61743 8.0 126.07718
1009.01917 8.0 126.127396
1009.2422 8.0 126.15527
1008.0148 8.0 126.00185
1007.3788 8.0 125.92235
1006.58466 8.0 125.82308
1008.15106 8.0 126.01888
1008.1376 8.0 126.0172
1130.184 9.0 125.57603
1132.2484 9.0 125.80537
1128.5663 9.0 125.396255
1131.3444 9.0 125.70497
1130.2063 9.0 125.57855
1123.2224 9.0 124.80252
1111.831 9.0 123.5368
1128.7897 9.0 125.421074
1127.8634 9.0 125.31819
1128.792 9.0 125.42131
1129.0533 9.0 125.450325
1127.3638 9.0 125.262634
1124.2822 9.0 124.92025
1128.8789 9.0 125.43098
1129.4368 9.0 125.49299
1128.1089 9.0 125.34544
1130.1846 9.0 125.57606
1127.8192 9.0 125.3132
1129.37 9.0 125.48553
1129.5817 9.0 125.509125
1130.6976 9.0 125.63306
1131.9806 9.0 125.77563
1128.9572 9.0 125.43965
1128.7675 9.0 125.41863
1124.45 9.0 124.93881
1114.1627 9.0 123.795876
1129.4033 9.0 125.48928
1129.7378 9.0 125.52643
1129.9056 9.0 125.54502
1132.2706 9.0 125.80788
1128.4663 9.0 125.385124
1123.9921 9.0 124.88803
1129.872 9.0 125.54134
1131.7462 9.0 125.74957
1130.5858 9.0 125.6207
1129.5485 9.0 125.50538
1129.8832 9.0 125.54257
1131.3335 9.0 125.70368
1130.9097 9.0 125.65663
1127.8413 9.0 125.31569
1131.9359 9.0 125.77065
1232.2604 10.0 123.226006
1223.3903 10.0 122.339005
1249.6539 10.0 124.965385
1236.098 10.0 123.60977
1239.0656 10.0 123.90656
1248.7948 10.0 124.87943
1242.4572 10.0 124.245766
1246.4291 10.0 124.64294
1242.8699 10.0 124.28702
1232.8846 10.0 123.28852
1239.6798 10.0 123.96792
1248.2815 10.0 124.82813
1249.81 10.0 124.98097
1252.7885 10.0 125.27887
1251.2494 10.0 125.12492
1252.0863 10.0 125.208565
1251.8074 10.0 125.18069
1247.1879 10.0 124.71881
1248.672 10.0 124.86721
1252.9562 10.0 125.2956
1249.5535 10.0 124.955315
1249.9327 10.0 124.99327
1249.4973 10.0 124.94973
1253.4695 10.0 125.34697
1244.8452 10.0 124.484505
1253.001 10.0 125.30008
1250.3678 10.0 125.036766
1248.3818 10.0 124.83816
1225.5543 10.0 122.555466
1218.4924 10.0 121.84919
1246.7865 10.0 124.678635
1250.6469 10.0 125.064674
1249.6315 10.0 124.963135
1227.4843 10.0 122.74845
1220.5337 10.0 122.053375
1216.3613 10.0 121.63611
1245.7267 10.0 124.57265
1240.8174 10.0 124.08173
1248.884 10.0 124.88836
1238.0393 10.0 123.8039
1226.7594 10.0 122.676
1296.4349 11.0 117.85773
1255.8795 11.0 114.17086
1266.4563 11.0 115.13235
1311.8766 11.0 119.261475
1291.4146 11.0 117.40129
1295.922 11.0 117.811104
1333.4651 11.0 121.22414
1329.404 11.0 120.85491
1275.6835 11.0 115.97116
1282.4664 11.0 116.58784
1238.6527 11.0 112.60483
1233.6434 11.0 112.14941
1233.1531 11.0 112.10477
1221.2035 11.0 111.01849
1235.3395 11.0 112.30361
1212.7795 11.0 110.25264
1219.1284 11.0 110.82981
1202.2922 11.0 109.29926
1241.3975 11.0 112.85435
1289.1829 11.0 117.19848
1263.7451 11.0 114.885895
1238.073 11.0 112.55208
1207.2124 11.0 109.746544
1227.6855 11.0 111.60779
1252.9785 11.0 113.90714
1272.0126 11.0 115.637474
1236.4775 11.0 112.407036
1217.1981 11.0 110.65435
1181.5956 11.0 107.417786
1255.3218 11.0 114.12013
1215.4688 11.0 110.497154
1233.0632 11.0 112.09667
1277.1445 11.0 116.10408
1224.4948 11.0 111.31767
1213.1146 11.0 110.2831
1243.6625 11.0 113.06025
1267.5385 11.0 115.23072
1254.7971 11.0 114.072464
1229.5151 11.0 111.774124
1244.5546 11.0 113.14136
1197.149 11.0 108.83173
1231.5568 12.0 102.62974
1239.6793 12.0 103.30662
1246.362 12.0 103.86354
1255.7345 12.0 104.64452
1252.0747 12.0 104.33956
1244.9452 12.0 103.74548
1264.9949 12.0 105.4162
1265.6188 12.0 105.468254
1288.9043 12.0 107.40865
1255.5225 12.0 104.626854
1305.2378 12.0 108.76985
1283.772 12.0 106.980965
1208.6182 12.0 100.7182
1225.2421 12.0 102.10348
1253.6144 12.0 104.467896
1255.5894 12.0 104.63245
1276.5195 12.0 106.37663
1248.8503 12.0 104.07087
1281.4623 12.0 106.788536
1274.8352 12.0 106.23627
1254.6628 12.0 104.55529
1254.8193 12.0 104.568306
1270.0934 12.0 105.84112
1326.302 12.0 110.52523
1280.9603 12.0 106.746704
1302.3815 12.0 108.531845
1265.0398 12.0 105.41994
1243.7181 12.0 103.643166
1236.879 12.0 103.07325
1271.0643 12.0 105.92201
1222.9772 12.0 101.91478
1167.0693 12.0 97.255806
1207.603 12.0 100.63356
1264.1132 12.0 105.34278
1235.8079 12.0 102.983986
1220.5116 12.0 101.70931
1217.8674 12.0 101.48896
1227.0608 12.0 102.25507
1241.9218 12.0 103.49349
1235.9529 12.0 102.99607
1226.804 12.0 102.23369
1271.8026 13.0 97.831
1273.7394 13.0 97.97995
1237.3922 13.0 95.184044
1203.4751 13.0 92.575
1211.642 13.0 93.2032
1248.4823 13.0 96.03706
1294.3264 13.0 99.56359
1251.3048 13.0 96.2542
1228.9797 13.0 94.53694
1236.3658 13.0 95.10505
1233.5985 13.0 94.892235
1223.6244 13.0 94.12495
1245.0906 13.0 95.77619
1241.0405 13.0 95.46465
1271.6443 13.0 97.818794
1249.1737 13.0 96.0903
1262.7632 13.0 97.13564
1242.2343 13.0 95.556465
1243.8964 13.0 95.68434
1201.221 13.0 92.40163
1191.1128 13.0 91.624054
1282.6342 13.0 98.66417
1277.312 13.0 98.254776
1214.2859 13.0 93.40664
1228.1763 13.0 94.47511
1255.8456 13.0 96.603516
1230.6309 13.0 94.6639
1241.7656 13.0 95.52041
1295.7767 13.0 99.67516
1301.4779 13.0 100.11374
1233.4651 13.0 94.88191
1247.8127 13.0 95.98557
1174.5776 13.0 90.352196
1182.2986 13.0 90.94606
1228.8905 13.0 94.530075
1262.4958 13.0 97.11505
1190.2314 13.0 91.55627
1199.8373 13.0 92.29522
1253.8262 13.0 96.448166
1236.812 13.0 95.13937
1256.9727 13.0 96.690216
1267.4827 14.0 90.534485
1273.9983 14.0 90.99988
1257.3519 14.0 89.81086
1254.2084 14.0 89.58627
1250.6223 14.0 89.33016
1243.2828 14.0 88.80591
1235.2056 14.0 88.228966
1190.5774 14.0 85.04123
1242.2787 14.0 88.73422
1216.1824 14.0 86.87017
1215.8481 14.0 86.846275
1233.3312 14.0 88.095085
1219.9313 14.0 87.13796
1245.7822 14.0 88.984436
1258.8474 14.0 89.91764
1258.947 14.0 89.92483
1217.9454 14.0 86.99612
1206.6881 14.0 86.191986
1216.0483 14.0 86.86064
1220.4445 14.0 87.17463
1259.3268 14.0 89.951935
1229.2587 14.0 87.804184
1233.8553 14.0 88.132515
1251.0594 14.0 89.36141
1237.6486 14.0 88.403496
1236.4995 14.0 88.32139
1236.254 14.0 88.30387
1246.8196 14.0 89.05858
1229.9508 14.0 87.85359
1192.2954 14.0 85.163956
1268.9442 14.0 90.638855
1266.155 14.0 90.43963
1242.8594 14.0 88.77564
1209.0421 14.0 86.36016
1203.4972 14.0 85.96409
1264.8497 14.0 90.3464
1261.4691 14.0 90.10495
1236.0088 14.0 88.28635
1222.8658 14.0 87.34753
1221.8392 14.0 87.274254
1193.255 14.0 85.23251
1220.5339 15.000001 81.36891
1255.3889 15.000001 83.69258
1242.926 15.000001 82.861755
1255.489 15.000001 83.699265
1263.109 15.000001 84.20729
1219.7081 15.000001 81.31388
1249.6539 15.000001 83.31025
1208.4733 15.000001 80.564896
1221.1141 15.000001 81.40763
1276.8325 15.000001 85.12217
1252.2759 15.000001 83.485054
1213.4716 15.000001 80.8981
1202.0688 15.000001 80.13793
1205.6836 15.000001 80.37892
1242.636 15.000001 82.842384
1246.6077 15.000001 83.10716
1211.1954 15.000001 80.74637
1280.6589 15.000001 85.377266
1245.4137 15.000001 83.0276
1217.5103 15.000001 81.16738
1272.5371 15.000001 84.83578
1249.6759 15.000001 83.31174
1233.7548 15.000001 82.250305
1211.0619 15.000001 80.73746
1270.8853 15.000001 84.72571
1209.6783 15.000001 80.645226
1248.4712 15.000001 83.23141
1243.5394 15.000001 82.90265
1184.0057 15.000001 78.9337
1195.029 15.000001 79.6686
1230.3854 15.000001 82.02571
1228.7229 15.000001 81.91488
1212.1241 15.000001 80.80823
1256.4148 15.000001 83.760994
1206.764 15.000001 80.45093
1229.3253 15.000001 81.95504
1233.5988 15.000001 82.23995
1258.1777 15.000001 83.87852
1217.7557 15.000001 81.183716
1219.9536 15.000001 81.330246
1237.314 15.000001 82.48762
1203.7426 16.0 75.23391
1195.7319 16.0 74.733246
1204.7798 16.0 75.29874
1230.7092 16.0 76.91933
1240.9176 16.0 77.55735
1217.5996 16.0 76.099976
1238.2175 16.0 77.388596
1213.6276 16.0 75.85172
1227.4403 16.0 76.71502
1246.5071 16.0 77.90669
1247.7905 16.0 77.98691
1211.8644 16.0 75.74152
1227.6965 16.0 76.73103
1192.5521 16.0 74.53451
1219.6411 16.0 76.22757
1256.7046 16.0 78.54404
1244.3431 16.0 77.77145
1204.2002 16.0 75.26251
1195.9436 16.0 74.746475
1205.5834 16.0 75.34896
1183.4258 16.0 73.96411
1217.6465 16.0 76.102905
1203.7179 16.0 75.23237
1197.9745 16.0 74.873405
1248.6829 16.0 78.04268
1225.2754 16.0 76.57971
1255.6562 16.0 78.478516
1234.2683 16.0 77.14177
1229.7166 16.0 76.857285
1221.5604 16.0 76.34753
1264.4705 16.0 79.0294
1210.2917 16.0 75.643234
1183.0016 16.0 73.9376
1183.2471 16.0 73.95294
1224.4613 16.0 76.52883
1212.5789 16.0 75.78618
1221.5046 16.0 76.34404
1217.2764 16.0 76.07977
1209.7115 16.0 75.60697
1220.2994 16.0 76.268715
1253.6814 16.0 78.35509
1218.3022 17.0 71.66485
1240.3711 17.0 72.96299
1140.7277 17.0 67.10165
1218.637 17.0 71.68454
1217.2206 17.0 71.6012
1241.6875 17.0 73.04044
1251.7852 17.0 73.634384
1256.125 17.0 73.88969
1173.9083 17.0 69.05346
1229.9841 17.0 72.35198
1217.9121 17.0 71.64188
1210.6376 17.0 71.21398
1238.0065 17.0 72.82389
1218.2133 17.0 71.65961
1215.5579 17.0 71.50341
1245.3918 17.0 73.258354
1237.6262 17.0 72.80157
1202.6604 17.0 70.74473
1197.5503 17.0 70.444145
1190.6113 17.0 70.035934
1200.9646 17.0 70.64496
1241.3418 17.0 73.0201
1235.4397 17.0 72.67293
1182.9908 17.0 69.5877
1190.2648 17.0 70.01559
1200.083 17.0 70.59311
1208.3279 17.0 71.07814
1229.9058 17.0 72.347404
1199.5367 17.0 70.56097
1174.1322 17.0 69.066574
1217.8564 17.0 71.638596
1208.44 17.0 71.08469
1192.0836 17.0 70.122536
1231.8916 17.0 72.46421
1182.6113 17.0 69.56535
1212.9805 17.0 71.35181
1228.0988 17.0 72.2411
1219.7639 17.0 71.75082
1207.8708 17.0 71.05121
1236.5444 17.0 72.737885
1245.4589 17.0 73.26227
1161.4132 18.0 64.52294
1186.7059 18.0 65.9281
1196.8584 18.0 66.49215
1183.6156 18.0 65.7564
1176.2852 18.0 65.3492
1174.6003 18.0 65.25556
1259.9047 18.0 69.99468
1160.9353 18.0 64.496414
1223.9592 18.0 67.997734
1228.2102 18.0 68.23391
1210.6713 18.0 67.2595
1199.4468 18.0 66.63594
1200.0829 18.0 66.67128
1203.6976 18.0 66.872116
1209.9794 18.0 67.22107
1186.3376 18.0 65.90765
1169.4684 18.0 64.97045
1169.7583 18.0 64.98658
1219.0946 18.0 67.72748
1205.3823 18.0 66.965706
1238.6309 18.0 68.812805
1212.791 18.0 67.37729
1192.8646 18.0 66.27023
1192.6079 18.0 66.25599
1204.981 18.0 66.943375
1197.896 18.0 66.5498
1207.5247 18.0 67.08472
1179.1414 18.0 65.50785
1196.6245 18.0 66.47913
1221.9287 18.0 67.884895
1196.3564 18.0 66.46426
1232.7284 18.0 68.48491
1211.5747 18.0 67.309715
1208.2052 18.0 67.12255
1225.2865 18.0 68.07149
1155.377 18.0 64.187614
1201.9802 18.0 66.77666
1206.2642 18.0 67.01466
1226.3804 18.0 68.13223
1196.2338 18.0 66.457436
1204.8915 18.0 66.93844
1163.6554 19.0 61.24503
1218.1354 19.0 64.11238
1197.8406 19.0 63.044243
1180.3467 19.0 62.123478
1156.236 19.0 60.85454
1188.6248 19.0 62.559204
1192.0055 19.0 62.73711
1185.7572 19.0 62.408283
1200.6409 19.0 63.19163
1175.7831 19.0 61.883327
1146.8862 19.0 60.362434
1186.9956 19.0 62.47348
1202.426 19.0 63.28558
1219.2509 19.0 64.1711
1185.4565 19.0 62.392445
1181.9529 19.0 62.208035
1202.7609 19.0 63.303192
1185.1101 19.0 62.37423
1187.7212 19.0 62.511635
1193.6678 19.0 62.824623
1167.2031 19.0 61.431736
1161.7587 19.0 61.145206
1204.8582 19.0 63.41359
1195.2522 19.0 62.90802
1181.5066 19.0 62.184563
1196.7134 19.0 62.984932
1192.5409 19.0 62.765285
1147.6561 19.0 60.402966
1220.7567 19.0 64.250374
1217.3767 19.0 64.072426
1192.1729 19.0 62.74593
1192.7081 19.0 62.774105
1148.8835 19.0 60.467556
1162.9524 19.0 61.208035
1185.0321 19.0 62.37013
1165.2175 19.0 61.327225
1167.0582 19.0 61.424118
1179.9111 19.0 62.100586
1255.4553 19.0 66.07661
1180.3462 19.0 62.12349
1175.6381 19.0 61.875694
1164.0461 20.0 58.20228
1159.081 20.0 57.95405
1180.2122 20.0 59.010616
1152.9556 20.0 57.6478
1185.4004 20.0 59.270023
1185.0992 20.0 59.25496
1207.4243 20.0 60.37122
1187.4868 20.0 59.37433
1162.35 20.0 58.117504
1151.0142 20.0 57.550743
1180.3909 20.0 59.019543
1203.5642 20.0 60.1782
1173.4067 20.0 58.670334
1175.5487 20.0 58.777428
1193.2772 20.0 59.66385
1186.4044 20.0 59.32024
1169.3792 20.0 58.46894
1188.2902 20.0 59.414497
1162.707 20.0 58.13533
1140.304 20.0 57.015182
1176.8093 20.0 58.84046
1180.0896 20.0 59.004486
1200.2281 20.0 60.011402
1146.306 20.0 57.31531
1164.626 20.0 58.231293
1168.5646 20.0 58.428226
1171.3087 20.0 58.565468
1218.8046 20.0 60.940243
1185.2888 20.0 59.264442
1169.1335 20.0 58.456684
1202.136 20.0 60.1068
1185.4448 20.0 59.27226
1200.4628 20.0 60.023106
1196.7227 20.0 59.83613
1206.9132 20.0 60.345676
1212.6572 20.0 60.63283
1146.373 20.0 57.318687
1146.8751 20.0 57.343758
1151.684 20.0 57.584187
1201.2214 20.0 60.061035
1168.9216 20.0 58.44608
1144.8113 21.0 54.51481
1127.7073 21.0 53.700367
1137.8383 21.0 54.182774
1131.9135 21.0 53.90065
1154.6515 21.0 54.98342
1145.8263 21.0 54.563156
1145.3243 21.0 54.539246
1142.4792 21.0 54.403767
1118.3357 21.0 53.254074
1150.0549 21.0 54.76454
1153.4131 21.0 54.924454
1168.3302 21.0 55.634766
1176.5531 21.0 56.026325
1143.026 21.0 54.429813
1165.2396 21.0 55.487602
1139.3888 21.0 54.256615
1124.2043 21.0 53.533527
1163.2649 21.0 55.393566
1170.8854 21.0 55.75644
1167.2253 21.0 55.58216
1152.9332 21.0 54.9016
1160.2415 21.0 55.249584
1145.4025 21.0 54.542976
1163.7668 21.0 55.417484
1201.2656 21.0 57.20314
1165.976 21.0 55.52266
1170.1821 21.0 55.72296
1202.4706 21.0 57.2605
1190.1866 21.0 56.675568
1166.3888 21.0 55.54233
1128.2875 21.0 53.72798
1109.8896 21.0 52.85188
1153.1118 21.0 54.910095
1138.34 21.0 54.20667
1172.3469 21.0 55.826027
1185.1771 21.0 56.437023
1170.3163 21.0 55.729336
1194.2145 21.0 56.867355
1157.5973 21.0 55.123676
1162.1268 21.0 55.339386
1178.8068 21.0 56.133648
1129.3475 22.0 51.333977
1143.4722 22.0 51.976006
1128.9122 22.0 51.314205
1151.3044 22.0 52.332012
1145.2797 22.0 52.058167
1177.0997 22.0 53.50454
1145.9717 22.0 52.089607
1167.5718 22.0 53.071434
1117.4988 22.0 50.79541
1097.0817 22.0 49.867344
1150.3674 22.0 52.289433
1161.7365 22.0 52.8062
1148.3478 22.0 52.19764
1124.0591 22.0 51.0936
1104.5675 22.0 50.20763
1147.8458 22.0 52.17483
1171.3872 22.0 53.244865
1193.054 22.0 54.229748
1146.3843 22.0 52.108387
1131.9025 22.0 51.45011
1149.3187 22.0 52.24176
1165.5183 22.0 52.978134
1179.9114 22.0 53.632313
1175.0802 22.0 53.412735
1132.8059 22.0 51.491188
1164.8937 22.0 52.949715
1125.9891 22.0 51.18131
1128.1312 22.0 51.278683
1132.6615 22.0 51.484596
1192.1166 22.0 54.187138
1136.4436 22.0 51.65652
1137.1796 22.0 51.689983
1143.8514 22.0 51.993248
1206.2864 22.0 54.831196
1157.441 22.0 52.610962
1140.9841 22.0 51.862915
1127.5625 22.0 51.252846
1153.7142 22.0 52.441563
1143.3833 22.0 51.97197
1144.5099 22.0 52.02318
1156.4478 22.0 52.565804
1134.8143 23.0 49.33976
1147.5667 23.0 49.89423
1133.4756 23.0 49.28156
1147.2546 23.0 49.88065
1148.6382 23.0 49.940784
1157.4183 23.0 50.322548
1134.424 23.0 49.3228
1112.2662 23.0 48.359398
1152.5763 23.0 50.11202
1105.8282 23.0 48.079506
1136.0416 23.0 49.39311
1161.6249 23.0 50.505436
1115.5798 23.0 48.503456
1168.2411 23.0 50.793083
1155.3655 23.0 50.23329
1123.5907 23.0 48.851753
1135.1606 23.0 49.35481
1162.0824 23.0 50.525303
1160.8885 23.0 50.473423
1165.8866 23.0 50.69074
1143.6285 23.0 49.72296
1156.8163 23.0 50.296356
1171.0411 23.0 50.914837
1151.0034 23.0 50.04362
1138.4736 23.0 49.498867
1178.0366 23.0 51.21898
1178.7621 23.0 51.25052
1158.6458 23.0 50.375904
1150.9031 23.0 50.039253
1153.8932 23.0 50.169262
1159.1589 23.0 50.398216
1119.5516 23.0 48.67615
1161.8817 23.0 50.516586
1157.2959 23.0 50.31721
1117.0746 23.0 48.56847
1143.963 23.0 49.737522
1157.6974 23.0 50.334667
1127.507 23.0 49.022022
1137.7041 23.0 49.46538
1121.4039 23.0 48.756687
1124.282 23.0 48.88183
1132.371 24.0 47.18212
1157.9984 24.0 48.249947
1142.6467 24.0 47.610275
1148.0021 24.0 47.833427
1133.2526 24.0 47.21885
1147.9463 24.0 47.8311
1103.7979 24.0 45.99158
1132.5271 24.0 47.188637
1148.5398 24.0 47.85581
1138.695 24.0 47.445614
1138.5634 24.0 47.440132
1115.948 24.0 46.497833
1174.2657 24.0 48.927746
1126.7701 24.0 46.948772
1160.5201 24.0 48.35502
1130.7644 24.0 47.11519
1128.1316 24.0 47.00548
1130.575 24.0 47.1073
1120.5336 24.0 46.68889
1115.9701 24.0 46.498756
1127.942 24.0 46.997555
1142.7916 24.0 47.616325
1125.2864 24.0 46.886925
1158.9916 24.0 48.291317
1138.4626 24.0 47.435955
1118.5586 24.0 46.60661
1178.4271 24.0 49.101154
1133.3196 24.0 47.22163
1115.5354 24.0 46.48063
1138.7079 24.0 47.44619
1110.414 24.0 46.26726
1138.9762 24.0 47.457333
1137.1799 24.0 47.382477
1141.6984 24.0 47.57076
1142.323 24.0 47.5968
1141.8102 24.0 47.5754
1124.8959 24.0 46.87066
1129.9612 24.0 47.081722
1122.1736 24.0 46.75723
1117.7888 24.0 46.57454
1147.8125 24.0 47.825516
1130.6642 25.0 45.226578
1104.7573 25.0 44.190292
1115.4015 25.0 44.616055
1129.6262 25.0 45.185055
1098.688 25.0 43.947536
1111.5856 25.0 44.46343
1114.3749 25.0 44.574986
1085.8799 25.0 43.43519
1136.0193 25.0 45.440796
1115.4456 25.0 44.61782
1141.3525 25.0 45.654102
1105.3822 25.0 44.215282
1108.696 25.0 44.347824
1122.4081 25.0 44.89632
1141.9216 25.0 45.67684
1096.97 25.0 43.878784
1123.0996 25.0 44.923977
1138.1615 25.0 45.526463
1143.9076 25.0 45.756306
1127.4618 25.0 45.09848
1125.5989 25.0 45.023964
1140.3708 25.0 45.61481
1108.6398 25.0 44.345596
1113.8726 25.0 44.554897
1069.6016 25.0 42.784065
1115.245 25.0 44.609795
1124.784 25.0 44.99137
1158.0548 25.0 46.32218
1117.4878 25.0 44.69951
1115.948 25.0 44.637913
1111.7195 25.0 44.468777
1126.7705 25.0 45.070805
1151.5276 25.0 46.061115
1108.1268 25.0 44.32506
1127.4508 25.0 45.098053
1107.4241 25.0 44.296963
1092.8304 25.0 43.71323
1147.0204 25.0 45.880814
1110.3916 25.0 44.415665
1115.1694 25.0 44.606762
1141.7521 25.0 45.670086
1133.1633 26.0 43.583202
1124.5277 26.0 43.25107
1105.1257 26.0 42.50483
1119.8752 26.0 43.072124
1093.9908 26.0 42.076565
1115.6802 26.0 42.910774
1127.6407 26.0 43.370785
1117.2643 26.0 42.971718
1132.7505 26.0 43.567326
1084.273 26.0 41.702827
1097.7173 26.0 42.21989
1103.1956 26.0 42.4306
1105.081 26.0 42.503124
1110.7153 26.0 42.719833
1124.1597 26.0 43.2369
1122.7761 26.0 43.183693
1098.6877 26.0 42.25724
1118.8375 26.0 43.032215
1117.7217 26.0 42.9893
1104.6348 26.0 42.48595
1121.9841 26.0 43.15323
1100.4065 26.0 42.32332
1108.495 26.0 42.634434
1086.605 26.0 41.792496
1120.9689 26.0 43.11419
1085.1211 26.0 41.735416
1090.0414 26.0 41.92467
1114.4193 26.0 42.862286
1119.8754 26.0 43.07212
1103.4075 26.0 42.438744
1101.6447 26.0 42.370953
1094.6266 26.0 42.101032
1103.7651 26.0 42.45248
1099.6699 26.0 42.294994
1130.4742 26.0 43.479786
1129.158 26.0 43.429142
1105.7391 26.0 42.52843
1110.1353 26.0 42.697502
1099.0117 26.0 42.26968
1125.2305 26.0 43.278114
1101.522 26.0 42.366234
1084.8866 27.000002 40.18099
1105.4156 27.000002 40.94132
1105.2483 27.000002 40.935123
1079.5426 27.000002 39.983055
1111.4409 27.000002 41.164482
1082.9789 27.000002 40.110332
1099.1008 27.000002 40.70744
1079.7544 27.000002 39.990906
1100.9084 27.000002 40.774384
1116.5618 27.000002 41.354137
1080.7029 27.000002 40.02604
1092.3286 27.000002 40.45661
1115.1561 27.000002 41.302074
1103.2179 27.000002 40.859924
1119.7528 27.000002 41.47232
1099.7032 27.000002 40.729744
1104.4451 27.000002 40.905373
1091.6368 27.000002 40.431
1114.1626 27.000002 41.26528
1108.3948 27.000002 41.05165
1102.169 27.000002 40.821068
1107.1449 27.000002 41.005367
1100.741 27.000002 40.76819
1106.933 27.000002 40.997517
1110.6257 27.000002 41.13428
1107.6697 27.000002 41.024803
1111.6971 27.000002 41.173973
1099.1676 27.000002 40.70991
1140.5269 27.000002 42.241745
1099.636 27.000002 40.727257
1103.6755 27.000002 40.87687
1111.8645 27.000002 41.180172
1124.4496 27.000002 41.646286
1112.2325 27.000002 41.193794
1118.1687 27.000002 41.413647
1090.8333 27.000002 40.401237
1086.6384 27.000002 40.24586
1101.8453 27.000002 40.809086
1105.5272 27.000002 40.945457
1075.0017 27.000002 39.814877
1086.3485 27.000002 40.235126
1072.7815 28.0 38.31362
1088.4458 28.0 38.873074
1088.4235 28.0 38.872276
1083.213 28.0 38.68618
1088.6244 28.0 38.87945
1104.5787 28.0 39.449257
1060.7092 28.0 37.882492
1084.8196 28.0 38.743565
1070.7844 28.0 38.242306
1063.8447 28.0 37.99445
1088.1781 28.0 38.863503
1080.145 28.0 38.5766
1082.1868 28.0 38.649536
1095.1177 28.0 39.111336
1105.3264 28.0 39.47595
1090.8333 28.0 38.958336
1104.7684 28.0 39.456013
1079.7432 28.0 38.562267
1059.8282 28.0 37.85101
1089.8629 28.0 38.923664
1067.8945 28.0 38.13909
1086.538 28.0 38.804928
1082.0304 28.0 38.643955
1124.7848 28.0 40.17086
1083.9719 28.0 38.713284
1075.0575 28.0 38.3949
1088.7252 28.0 38.883026
1098.7439 28.0 39.240852
1085.9465 28.0 38.783813
1081.5844 28.0 38.62801
1105.6276 28.0 39.486702
1060.7319 28.0 37.883274
1069.8583 28.0 38.209232
1088.0776 28.0 38.859924
1076.0728 28.0 38.431175
1062.6174 28.0 37.950615
1062.0261 28.0 37.929497
1094.2029 28.0 39.07867
1072.8258 28.0 38.315224
1087.464 28.0 38.838005
1096.3564 28.0 39.15559
1077.4895 29.0 37.154808
1073.5621 29.0 37.019386
1050.2665 29.0 36.216084
1069.0996 29.0 36.865498
1052.1744 29.0 36.281868
1080.2008 29.0 37.248306
1080.5979 29.0 37.261997
1078.1077 29.0 37.176132
1085.7013 29.0 37.43799
1079.6987 29.0 37.230984
1077.1996 29.0 37.144806
1076.2847 29.0 37.113255
1074.4883 29.0 37.051334
1047.89 29.0 36.134148
1099.324 29.0 37.90771
1068.7426 29.0 36.853184
1072.3351 29.0 36.977062
1089.2043 29.0 37.55878
1084.1948 29.0 37.38603
1068.5974 29.0 36.848186
1058.7572 29.0 36.50887
1070.3717 29.0 36.909363
1072.848 29.0 36.994774
1052.5872 29.0 36.296116
1058.0763 29.0 36.4854
1088.0664 29.0 37.51953
1070.3379 29.0 36.908203
1092.6743 29.0 37.67843
1096.3562 29.0 37.805386
1073.6406 29.0 37.02209
1072.335 29.0 36.977077
1062.7955 29.0 36.648132
1072.8821 29.0 36.995934
1069.479 29.0 36.878586
1063.7443 29.0 36.680847
1072.4803 29.0 36.98208
1062.5951 29.0 36.641205
1090.8558 29.0 37.61571
1061.457 29.0 36.601982
1035.4275 29.0 35.704403
1065.2617 29.0 36.733162
1080.9706 30.000002 36.032356
1041.9318 30.000002 34.731083
1065.7971 30.000002 35.52658
1051.1592 30.000002 35.03863
1068.6869 30.000002 35.62289
1063.298 30.000002 35.443268
1053.2119 30.000002 35.10706
1064.9493 30.000002 35.498302
1064.4136 30.000002 35.480453
1048.0685 30.000002 34.935627
1042.1333 30.000002 34.73777
1058.2993 30.000002 35.276653
1061.8251 30.000002 35.394173
1049.6082 30.000002 34.986942
1073.8752 30.000002 35.79583
1057.4296 30.000002 35.247646
1065.1499 30.000002 35.505005
1072.1455 30.000002 35.73819
1056.4365 30.000002 35.214554
1057.6747 30.000002 35.25582
1070.2933 30.000002 35.676453
1060.7986 30.000002 35.35995
1077.0101 30.000002 35.900333
1075.3141 30.000002 35.8438
1053.2123 30.000002 35.107063
1049.0616 30.000002 34.96871
1052.4982 30.000002 35.083267
1065.0497 30.000002 35.501648
1072.1007 30.000002 35.7367
1055.8671 30.000002 35.195576
1059.5939 30.000002 35.319798
1060.8767 30.000002 35.362564
1054.3165 30.000002 35.143883
1048.1041 30.000002 34.93681
1052.9443 30.000002 35.09814
1061.7316 30.000002 35.391045
1067.4015 30.000002 35.58005
1069.1646 30.000002 35.638813
1078.0967 30.000002 35.93656
1068.4906 30.000002 35.61635
1062.7916 30.000002 35.426388
1066.723 31.0 34.41042
1047.4998 31.0 33.790306
1045.893 31.0 33.73849
1067.6714 31.0 34.441017
1064.949 31.0 34.353207
1046.6405 31.0 33.762596
1036.5437 31.0 33.43689
1041.7538 31.0 33.60496
1055.7782 31.0 34.057354
1048.4257 31.0 33.82019
1049.1283 31.0 33.84285
1009.19745 31.0 32.554768
1063.2759 31.0 34.299206
1031.8018 31.0 33.28393
1052.0961 31.0 33.938583
1037.8152 31.0 33.477905
1045.458 31.0 33.72445
1040.4822 31.0 33.563927
1039.0205 31.0 33.51678
1070.3489 31.0 34.527393
1038.8082 31.0 33.509945
1054.3948 31.0 34.01274
1050.2107 31.0 33.87776
1038.9758 31.0 33.515335
1050.155 31.0 33.875965
1069.4119 31.0 34.497166
1048.1245 31.0 33.810455
1063.867 31.0 34.318283
1065.6743 31.0 34.3766
1040.5266 31.0 33.565376
1051.349 31.0 33.914482
1055.8566 31.0 34.05987
1046.4952 31.0 33.75791
1056.7377 31.0 34.08831
1054.2942 31.0 34.009487
1045.4581 31.0 33.72444
1063.2197 31.0 34.297417
1040.8279 31.0 33.57509
1049.9767 31.0 33.870205
1047.3878 31.0 33.786716
1049.7866 31.0 33.864094
1027.752 32.0 32.11725
1049.1957 32.0 32.787365
1037.6703 32.0 32.427197
1042.8917 32.0 32.590366
1043.1708 32.0 32.599087
1035.2157 32.0 32.35049
1031.8348 32.0 32.24484
1056.358 32.0 33.01119
1036.4985 32.0 32.39058
1023.76855 32.0 31.992767
1052.1521 32.0 32.879753
1022.6529 32.0 31.957903
1025.0852 32.0 32.033913
1033.6647 32.0 32.30202
1038.3843 32.0 32.44951
1052.643 32.0 32.895092
1030.5967 32.0 32.206146
1031.8798 32.0 32.246243
1030.3624 32.0 32.198826
1039.8013 32.0 32.49379
1035.6956 32.0 32.365486
1022.9878 32.0 31.968369
1036.0637 32.0 32.37699
1030.2062 32.0 32.193943
1042.8472 32.0 32.588974
1043.6727 32.0 32.614773
1053.2676 32.0 32.91461
1025.8325 32.0 32.057266
1017.699 32.0 31.803093
1023.7149 32.0 31.99109
1031.7775 32.0 32.243046
1061.245 32.0 33.163906
1015.23346 32.0 31.726046
1038.6968 32.0 32.459274
1070.8848 32.0 33.46515
1031.4224 32.0 32.23195
1023.7686 32.0 31.99277
1016.54974 32.0 31.76718
1041.5863 32.0 32.549572
1031.0763 32.0 32.221134
1031.8352 32.0 32.24485
1014.7871 33.0 30.751125
1028.767 33.0 31.17476
1024.9733 33.0 31.059803
1015.2112 33.0 30.76397
1044.2418 33.0 31.643686
1028.2759 33.0 31.159883
1010.39166 33.0 30.617918
1028.4434 33.0 31.164957
1027.3164 33.0 31.130798
1027.35 33.0 31.13181
1014.13995 33.0 30.731518
1011.3399 33.0 30.646656
1027.919 33.0 31.14906
1026.424 33.0 31.103762
1030.1505 33.0 31.216682
1012.9572 33.0 30.695677
1020.2653 33.0 30.917126
1023.445 33.0 31.013487
1020.01984 33.0 30.909695
1027.7183 33.0 31.142971
1018.3575 33.0 30.859312
1011.0273 33.0 30.637188
1018.9038 33.0 30.87588
1024.438 33.0 31.04357
1017.61005 33.0 30.836668
1010.1572 33.0 30.610817
1021.4813 33.0 30.953981
1029.0236 33.0 31.182533
1014.5194 33.0 30.743011
1029.559 33.0 31.198755
1023.94714 33.0 31.028706
1012.1542 33.0 30.671333
1029.3248 33.0 31.191652
1040.7831 33.0 31.538883
1037.7599 33.0 31.447264
1030.6411 33.0 31.23156
1014.74255 33.0 30.749775
1023.92487 33.0 31.028023
1034.602 33.0 31.351568
1032.0247 33.0 31.27348
1026.145 33.0 31.095304
983.068 34.0 28.913765
1002.9741 34.0 29.49924
1009.78876 34.0 29.699667
1003.4852 34.0 29.514269
1011.3284 34.0 29.744959
1010.98254 34.0 29.734781
997.83923 34.0 29.348228
1019.2167 34.0 29.976954
1010.0789 34.0 29.708204
992.0493 34.0 29.177912
1020.2989 34.0 30.008793
1009.2642 34.0 29.684252
1013.15814 34.0 29.798765
1030.8087 34.0 30.317904
1006.1742 34.0 29.593348
1000.0042 34.0 29.41188
1017.19727 34.0 29.917562
1016.73944 34.0 29.904108
1023.8914 34.0 30.114452
1014.0622 34.0 29.825354
1001.912 34.0 29.468008
1003.3289 34.0 29.50968
1021.124 34.0 30.033068
1014.8879 34.0 29.84964
1011.8085 34.0 29.759064
1017.4983 34.0 29.926418
1009.30914 34.0 29.685568
1002.5588 34.0 29.487026
1010.23486 34.0 29.712791
1016.31604 34.0 29.891628
1010.9716 34.0 29.734453
1023.869 34.0 30.11379
1017.9893 34.0 29.940859
1013.59344 34.0 29.81157
1007.70276 34.0 29.638308
1006.16296 34.0 29.59302
1016.96295 34.0 29.910675
1020.7669 34.0 30.02257
991.32385 34.0 29.156586
1008.32733 34.0 29.656673
1005.8057 34.0 29.582525
998.83264 35.0 28.538065
974.9231 35.0 27.854956
991.6588 35.0 28.333113
990.0967 35.0 28.28848
995.95435 35.0 28.455835
1008.8739 35.0 28.824974
987.79834 35.0 28.222809
1012.05383 35.0 28.915836
996.18866 35.0 28.46253
1004.757 35.0 28.707344
996.2892 35.0 28.465403
1014.2291 35.0 28.977966
999.13385 35.0 28.546677
1010.3691 35.0 28.86768
990.4981 35.0 28.299955
994.113 35.0 28.403229
983.87146 35.0 28.110607
1016.8849 35.0 29.053844
992.61835 35.0 28.360525
992.23914 35.0 28.34969
1002.90515 35.0 28.654436
1015.64624 35.0 29.018446
1006.408 35.0 28.75451
1007.2335 35.0 28.778116
992.3505 35.0 28.352877
979.5645 35.0 27.987556
998.55396 35.0 28.530104
987.8654 35.0 28.224726
1005.86145 35.0 28.738903
1012.39966 35.0 28.925692
985.3996 35.0 28.154282
993.72284 35.0 28.392086
1003.84204 35.0 28.681198
1006.4863 35.0 28.756756
994.51483 35.0 28.414719
994.4591 35.0 28.413122
998.62067 35.0 28.53201
1001.8228 35.0 28.623507
988.34503 35.0 28.23844
1011.1057 35.0 28.888718
1008.5838 35.0 28.816671
1008.87415 36.0 28.024279
977.4 36.0 27.149992
990.6991 36.0 27.51942
987.60864 36.0 27.433573
991.67 36.0 27.546381
1002.5253 36.0 27.84793
982.4655 36.0 27.290709
983.20166 36.0 27.311153
979.43036 36.0 27.206402
971.6205 36.0 26.989468
983.3245 36.0 27.31456
990.07446 36.0 27.502066
1004.5227 36.0 27.903406
983.29114 36.0 27.31363
969.1103 36.0 26.919743
990.621 36.0 27.51725
989.8512 36.0 27.495874
981.13745 36.0 27.253826
973.62897 36.0 27.045242
1001.3655 36.0 27.815708
987.56396 36.0 27.43234
987.01746 36.0 27.417154
989.829 36.0 27.495253
986.5038 36.0 27.402887
982.733 36.0 27.298136
1001.845 36.0 27.829027
996.7241 36.0 27.686775
972.658 36.0 27.01829
985.97955 36.0 27.388325
981.11505 36.0 27.253204
982.63275 36.0 27.295347
998.4308 36.0 27.734198
990.967 36.0 27.52686
984.08295 36.0 27.335636
981.5613 36.0 27.265594
979.53076 36.0 27.209192
975.3359 36.0 27.092657
984.95355 36.0 27.359804
964.59174 36.0 26.794212
985.6561 36.0 27.37934
994.88324 36.0 27.635641
981.372 37.0 26.523567
975.2467 37.0 26.358023
972.5243 37.0 26.28444
981.22675 37.0 26.519644
980.80273 37.0 26.508186
975.4365 37.0 26.363148
975.2354 37.0 26.357714
983.35785 37.0 26.577238
979.18524 37.0 26.46446
983.358 37.0 26.577234
975.68164 37.0 26.369787
960.352 37.0 25.95547
965.9532 37.0 26.10684
977.746 37.0 26.425558
953.747 37.0 25.776945
978.3817 37.0 26.442757
981.95215 37.0 26.539238
986.58234 37.0 26.664385
970.93994 37.0 26.241623
967.2025 37.0 26.140615
986.5264 37.0 26.66288
970.8732 37.0 26.239815
981.7624 37.0 26.53412
980.6131 37.0 26.50306
952.33014 37.0 25.738651
976.25085 37.0 26.385159
979.4196 37.0 26.470795
979.5867 37.0 26.475323
980.4016 37.0 26.497322
984.4735 37.0 26.60739
972.0782 37.0 26.272377
963.1638 37.0 26.03146
977.43365 37.0 26.41712
978.47314 37.0 26.445229
975.04596 37.0 26.352592
976.87354 37.0 26.401985
962.51654 37.0 26.013964
974.3429 37.0 26.333586
969.76855 37.0 26.20996
987.5462 37.0 26.690435
976.25323 37.0 26.385214
968.31824 38.0 25.482048
949.0498 38.0 24.974997
962.5054 38.0 25.329092
958.77893 38.0 25.231024
964.61444 38.0 25.384584
978.2367 38.0 25.743078
968.7088 38.0 25.492332
945.6581 38.0 24.885742
968.2958 38.0 25.481472
952.5309 38.0 25.066612
972.7476 38.0 25.59862
946.3947 38.0 24.905113
969.4561 38.0 25.51201
967.51495 38.0 25.460913
968.1507 38.0 25.477652
958.7009 38.0 25.228971
962.2822 38.0 25.323217
953.93713 38.0 25.103601
946.1602 38.0 24.898956
955.94507 38.0 25.15645
961.8135 38.0 25.310884
962.67285 38.0 25.333492
969.63464 38.0 25.516703
949.7194 38.0 24.992617
955.5099 38.0 25.144993
962.14844 38.0 25.319693
954.76263 38.0 25.12532
955.0525 38.0 25.132965
964.34644 38.0 25.377537
962.5165 38.0 25.329384
958.28796 38.0 25.218098
971.3305 38.0 25.561329
964.61395 38.0 25.384579
968.90936 38.0 25.497616
949.4182 38.0 24.98469
956.55865 38.0 25.1726
960.642 38.0 25.280062
943.70575 38.0 24.83436
960.4415 38.0 25.274773
948.80444 38.0 24.968542
965.08264 38.0 25.396914
948.49194 39.0 24.320305
962.4119 39.0 24.677214
952.4579 39.0 24.421993
953.2957 39.0 24.443476
956.88153 39.0 24.535429
946.7491 39.0 24.275623
949.27423 39.0 24.340363
943.92303 39.0 24.203152
958.0882 39.0 24.566368
941.7782 39.0 24.148155
957.7755 39.0 24.558338
943.3422 39.0 24.188263
943.68823 39.0 24.197138
950.8268 39.0 24.380169
943.275 39.0 24.186537
947.67633 39.0 24.299387
942.07965 39.0 24.155891
946.4254 39.0 24.267311
957.61926 39.0 24.554335
955.87646 39.0 24.509657
960.94806 39.0 24.639694
943.78906 39.0 24.199717
948.4811 39.0 24.320028
941.4765 39.0 24.14042
947.98956 39.0 24.307426
951.0502 39.0 24.385902
942.7389 39.0 24.172789
948.7827 39.0 24.32776
943.4203 39.0 24.190268
961.2386 39.0 24.64714
949.3074 39.0 24.341223
940.69446 39.0 24.120369
963.2941 39.0 24.69985
949.6091 39.0 24.34895
944.582 39.0 24.220047
951.51935 39.0 24.397938
960.23334 39.0 24.621365
932.2602 39.0 23.904106
957.2956 39.0 24.546024
970.8681 39.0 24.89405
940.9628 39.0 24.127243
938.1719 40.0 23.454298
929.4025 40.0 23.235062
939.38806 40.0 23.484705
943.1146 40.0 23.577866
928.5099 40.0 23.212746
945.4574 40.0 23.63644
939.9348 40.0 23.498363
942.60144 40.0 23.565025
929.83765 40.0 23.24594
922.318 40.0 23.057947
934.25574 40.0 23.356392
936.45374 40.0 23.411339
931.0091 40.0 23.275227
930.78577 40.0 23.269651
929.4139 40.0 23.23534
932.8387 40.0 23.320974
947.4099 40.0 23.685244
937.3952 40.0 23.434887
946.9168 40.0 23.67292
926.7648 40.0 23.169125
934.71985 40.0 23.367994
939.30096 40.0 23.482521
939.3234 40.0 23.483076
915.87103 40.0 22.896788
926.5332 40.0 23.163317
924.0782 40.0 23.101957
941.1596 40.0 23.528986
932.25214 40.0 23.306297
939.10254 40.0 23.477564
929.72174 40.0 23.243044
926.3233 40.0 23.158075
932.0175 40.0 23.300446
935.31116 40.0 23.38278
950.22363 40.0 23.75559
945.23224 40.0 23.630795
950.3597 40.0 23.758999
936.52747 40.0 23.41318
935.847 40.0 23.396168
943.71045 40.0 23.59275
933.2228 40.0 23.330568
933.2272 40.0 23.330675
908.9964 41.0 22.17064
909.4647 41.0 22.18207
904.7567 41.0 22.067238
936.465 41.0 22.840605
916.1814 41.0 22.345892
931.1208 41.0 22.710262
920.52136 41.0 22.45174
922.7639 41.0 22.50644
920.44354 41.0 22.449844
923.3218 41.0 22.52005
916.1593 41.0 22.345345
911.6961 41.0 22.236494
931.76776 41.0 22.726042
904.17633 41.0 22.05308
917.4422 41.0 22.376642
934.0774 41.0 22.782372
922.7973 41.0 22.507256
923.7681 41.0 22.530931
925.9773 41.0 22.584812
924.6941 41.0 22.553524
918.7365 41.0 22.408209
926.9369 41.0 22.608212
930.9756 41.0 22.706718
916.65 41.0 22.357319
919.7852 41.0 22.433794
915.76855 41.0 22.335817
921.00116 41.0 22.463448
922.45166 41.0 22.498821
913.8161 41.0 22.288197
909.7439 41.0 22.188871
910.3465 41.0 22.203568
921.17975 41.0 22.467798
920.64417 41.0 22.454733
913.4257 41.0 22.278675
935.8289 41.0 22.825092
914.876 41.0 22.314043
925.0291 41.0 22.561682
914.57495 41.0 22.3067
935.19275 41.0 22.809586
914.9987 41.0 22.317045
916.2259 41.0 22.346973
903.5963 42.0 21.514204
907.2221 42.0 21.600538
917.23004 42.0 21.83882
906.40796 42.0 21.58114
917.12946 42.0 21.836422
899.3567 42.0 21.413252
916.79517 42.0 21.828451
913.99445 42.0 21.761778
910.9709 42.0 21.689783
906.3073 42.0 21.578745
921.347 42.0 21.936825
905.1471 42.0 21.551117
899.18884 42.0 21.40927
910.31256 42.0 21.674114
914.55255 42.0 21.775057
905.0576 42.0 21.549
909.2308 42.0 21.648344
904.7787 42.0 21.542353
917.94434 42.0 21.855814
922.76404 42.0 21.97057
912.9011 42.0 21.735743
902.5139 42.0 21.488424
896.21045 42.0 21.338335
899.2783 42.0 21.411392
900.01483 42.0 21.428923
906.7982 42.0 21.590431
914.70886 42.0 21.778778
920.18677 42.0 21.909216
908.8403 42.0 21.639053
897.8951 42.0 21.37845
899.5799 42.0 21.418562
913.9946 42.0 21.761784
900.9855 42.0 21.452032
906.76483 42.0 21.589634
902.0567 42.0 21.477537
908.2041 42.0 21.62391
904.99097 42.0 21.54741
905.0692 42.0 21.549263
908.3044 42.0 21.626297
914.27356 42.0 21.76842
901.67725 42.0 21.468506
886.2361 43.0 20.61014
903.9308 43.0 21.021658
903.3954 43.0 21.009201
901.28656 43.0 20.96016
893.45447 43.0 20.778013
898.6871 43.0 20.899698
889.75024 43.0 20.691862
904.3887 43.0 21.03229
903.26166 43.0 21.006084
887.86505 43.0 20.648024
894.3361 43.0 20.798512
899.7582 43.0 20.924608
888.0213 43.0 20.65165
896.19904 43.0 20.841843
889.371 43.0 20.683046
892.6176 43.0 20.75855
898.7878 43.0 20.902033
899.9592 43.0 20.929277
896.0543 43.0 20.838463
908.7175 43.0 21.13296
895.4628 43.0 20.824717
895.4628 43.0 20.82472
894.5926 43.0 20.804474
885.3879 43.0 20.590424
897.40405 43.0 20.869862
892.7296 43.0 20.761145
899.2116 43.0 20.911898
899.8696 43.0 20.927204
903.7747 43.0 21.018013
899.9031 43.0 20.927982
889.5719 43.0 20.68772
889.38214 43.0 20.683306
893.65546 43.0 20.782688
897.57153 43.0 20.873756
901.644 43.0 20.968462
887.09515 43.0 20.630116
893.78906 43.0 20.785797
905.8504 43.0 21.066282
901.1305 43.0 20.956532
892.0153 43.0 20.744543
908.95166 43.0 21.138403
887.4632 44.0 20.169622
887.2846 44.0 20.16556
879.95447 44.0 19.998968
890.57605 44.0 20.240364
879.5418 44.0 19.989584
892.3167 44.0 20.279917
880.24414 44.0 20.005552
882.911 44.0 20.066162
881.4609 44.0 20.0332
884.66296 44.0 20.10597
876.5962 44.0 19.922642
882.9446 44.0 20.066933
878.43713 44.0 19.964483
887.9431 44.0 20.180525
887.42957 44.0 20.16886
886.8942 44.0 20.156693
881.36035 44.0 20.03091
885.05334 44.0 20.11485
883.50256 44.0 20.079601
882.36456 44.0 20.053745
883.681 44.0 20.08366
891.78094 44.0 20.26775
888.3335 44.0 20.189396
883.971 44.0 20.090256
880.8695 44.0 20.019762
893.5662 44.0 20.30832
877.1762 44.0 19.935823
879.83167 44.0 19.996183
888.2554 44.0 20.187614
887.943 44.0 20.18052
883.6587 44.0 20.083155
874.0525 44.0 19.864822
893.48804 44.0 20.306541
893.81165 44.0 20.313904
886.73773 44.0 20.15314
888.1995 44.0 20.18635
890.6208 44.0 20.241377
882.9113 44.0 20.066164
881.7062 44.0 20.038776
879.35223 44.0 19.985277
886.9165 44.0 20.15719
862.7951 45.0 19.173227
866.00824 45.0 19.244629
873.80273 45.0 19.417837
865.48615 45.0 19.23302
868.9674 45.0 19.310383
867.54364 45.0 19.278742
879.265 45.0 19.539223
877.5244 45.0 19.500544
873.27155 45.0 19.40604
867.7466 45.0 19.28326
869.62317 45.0 19.324959
864.87256 45.0 19.219387
860.9162 45.0 19.131477
859.1246 45.0 19.091652
876.7056 45.0 19.482353
864.917 45.0 19.220379
859.55273 45.0 19.101175
879.5261 45.0 19.545023
864.0313 45.0 19.200695
867.7843 45.0 19.2841
878.0868 45.0 19.513044
876.3241 45.0 19.47387
868.17737 45.0 19.292826
862.52954 45.0 19.16732
870.1676 45.0 19.337055
870.2925 45.0 19.339832
881.43634 45.0 19.587465
868.70807 45.0 19.304626
864.5802 45.0 19.212894
863.7882 45.0 19.195284
872.513 45.0 19.38917
866.1422 45.0 19.247602
879.6644 45.0 19.548098
868.9204 45.0 19.30934
858.8117 45.0 19.084715
870.7835 45.0 19.35075
869.8351 45.0 19.329668
872.747 45.0 19.394386
870.6049 45.0 19.346779
874.15314 45.0 19.42562
858.879 45.0 19.086197
860.8761 46.0 18.714697
857.172 46.0 18.634176
859.95 46.0 18.69456
861.27765 46.0 18.723425
864.5354 46.0 18.794247
855.17456 46.0 18.590752
860.2422 46.0 18.700922
857.5713 46.0 18.642853
856.1566 46.0 18.612103
844.6537 46.0 18.36204
846.03705 46.0 18.392118
855.18567 46.0 18.590996
855.2082 46.0 18.591486
860.17316 46.0 18.699417
859.2695 46.0 18.679773
861.657 46.0 18.731668
850.44403 46.0 18.487917
853.4676 46.0 18.55365
846.96313 46.0 18.412243
857.56226 46.0 18.642662
855.9113 46.0 18.606766
852.31854 46.0 18.528662
848.347 46.0 18.442318
858.6334 46.0 18.665947
855.6213 46.0 18.600458
848.69257 46.0 18.449839
860.10614 46.0 18.697962
859.58167 46.0 18.686563
867.1127 46.0 18.850271
857.72986 46.0 18.646303
850.99097 46.0 18.499798
853.8468 46.0 18.561895
860.7531 46.0 18.71203
860.69745 46.0 18.710812
858.2319 46.0 18.657217
864.07806 46.0 18.784306
868.29565 46.0 18.875986
863.27496 46.0 18.766842
859.0688 46.0 18.675402
859.5929 46.0 18.686806
853.6461 46.0 18.557528
838.10455 47.0 17.83201
850.656 47.0 18.099073
840.64825 47.0 17.886137
821.6256 47.0 17.481398
841.6414 47.0 17.907259
850.15424 47.0 18.088385
839.2315 47.0 17.855986
833.1062 47.0 17.725666
841.62317 47.0 17.906883
848.8803 47.0 18.061277
847.1574 47.0 18.024622
839.64215 47.0 17.864721
839.99664 47.0 17.87227
847.68835 47.0 18.035925
838.6311 47.0 17.843218
843.98224 47.0 17.957066
842.81287 47.0 17.932194
849.3506 47.0 18.07129
844.0067 47.0 17.957592
853.9698 47.0 18.169567
845.2226 47.0 17.98346
843.6383 47.0 17.949755
838.7067 47.0 17.844831
837.993 47.0 17.829636
833.78687 47.0 17.740137
838.11566 47.0 17.832249
844.00665 47.0 17.95759
850.14294 47.0 18.088144
840.1575 47.0 17.87569
833.2958 47.0 17.729698
844.2076 47.0 17.96186
848.8155 47.0 18.0599
839.59955 47.0 17.86382
836.6207 47.0 17.800444
854.2374 47.0 18.175268
831.51086 47.0 17.691717
839.9899 47.0 17.872131
845.4233 47.0 17.987732
840.86017 47.0 17.890648
841.93164 47.0 17.913433
836.77673 47.0 17.80376
829.7031 48.0 17.28549
830.73 48.0 17.306871
836.28577 48.0 17.422623
834.579 48.0 17.387062
820.7665 48.0 17.099302
828.8221 48.0 17.26712
830.61835 48.0 17.304544
826.8692 48.0 17.226446
831.1425 48.0 17.315464
819.24927 48.0 17.06769
830.8748 48.0 17.309889
826.6127 48.0 17.2211
823.63385 48.0 17.159037
834.77985 48.0 17.391247
835.82855 48.0 17.413095
831.9123 48.0 17.331509
825.58636 48.0 17.199715
829.8931 48.0 17.289436
826.3897 48.0 17.216446
831.377 48.0 17.32035
829.4912 48.0 17.281069
821.5589 48.0 17.115805
823.15424 48.0 17.149044
825.3297 48.0 17.194368
828.2416 48.0 17.255032
832.5486 48.0 17.344755
825.66437 48.0 17.201347
830.2165 48.0 17.296175
834.37823 48.0 17.382875
827.4719 48.0 17.238995
827.2042 48.0 17.23342
823.91266 48.0 17.164854
826.2111 48.0 17.21273
826.37854 48.0 17.216219
833.95416 48.0 17.374044
833.97644 48.0 17.374508
832.4367 48.0 17.342432
826.479 48.0 17.218307
825.9881 48.0 17.208084
832.1022 48.0 17.335459
831.81213 48.0 17.329422
813.9832 49.0 16.6119
813.6485 49.0 16.60507
810.48004 49.0 16.540403
822.51794 49.0 16.786087
819.4278 49.0 16.723017
808.13684 49.0 16.492588
806.22894 49.0 16.453653
820.83344 49.0 16.751703
821.2351 49.0 16.759901
804.0425 49.0 16.40902
806.653 49.0 16.462305
811.3834 49.0 16.558847
805.7491 49.0 16.443863
814.78656 49.0 16.628292
812.6867 49.0 16.585442
811.6199 49.0 16.563675
816.4487 49.0 16.662222
814.7084 49.0 16.626701
820.9116 49.0 16.753298
819.4276 49.0 16.723011
813.9049 49.0 16.610306
813.6037 49.0 16.604156
815.467 49.0 16.642183
823.96875 49.0 16.815685
824.64923 49.0 16.82957
813.9942 49.0 16.612127
814.6527 49.0 16.625563
814.1394 49.0 16.615084
822.4737 49.0 16.785173
818.4795 49.0 16.703663
814.3177 49.0 16.61873
819.30493 49.0 16.720509
813.09045 49.0 16.593683
820.01904 49.0 16.73508
816.3038 49.0 16.65926
807.47845 49.0 16.47915
819.29395 49.0 16.72028
808.6723 49.0 16.503515
810.1895 49.0 16.534481
808.215 49.0 16.494183
815.65643 49.0 16.646051
804.9014 50.0 16.098022
803.01575 50.0 16.060314
797.25885 50.0 15.945172
797.70483 50.0 15.954099
799.83624 50.0 15.996717
800.28235 50.0 16.005646
797.57104 50.0 15.9514265
797.01324 50.0 15.940265
797.12476 50.0 15.942501
810.31226 50.0 16.20625
803.79675 50.0 16.07593
807.22186 50.0 16.144438
800.6281 50.0 16.012562
793.94495 50.0 15.878903
799.825 50.0 15.996498
793.3203 50.0 15.866402
800.3715 50.0 16.007433
787.54114 50.0 15.750816
795.96436 50.0 15.9192915
806.374 50.0 16.127483
802.98224 50.0 16.059643
803.5736 50.0 16.071468
801.8998 50.0 16.038002
796.43304 50.0 15.928662
796.9686 50.0 15.939369
795.3061 50.0 15.906123
806.3519 50.0 16.127033
795.5293 50.0 15.910587
792.3607 50.0 15.847209
805.0015 50.0 16.100033
797.482 50.0 15.9496355
799.412 50.0 15.988244
799.8137 50.0 15.996267
806.51917 50.0 16.130379
802.37964 50.0 16.047592
793.6104 50.0 15.872208
805.66223 50.0 16.113243
792.84265 50.0 15.8568535
795.20123 50.0 15.904023
797.0355 50.0 15.940713
794.6703 50.0 15.893405
791.5352 51.0 15.520301
785.6441 51.0 15.404791
783.6245 51.0 15.365195
783.03357 51.0 15.3536
799.0706 51.0 15.668052
783.94385 51.0 15.371448
785.2694 51.0 15.397439
781.87537 51.0 15.33089
792.9789 51.0 15.548606
787.58777 51.0 15.442899
788.70776 51.0 15.464859
787.26404 51.0 15.436557
789.0585 51.0 15.471727
793.9651 51.0 15.567942
784.7564 51.0 15.387377
791.8116 51.0 15.525725
786.21094 51.0 15.4159
790.6538 51.0 15.503014
793.57935 51.0 15.560375
786.414 51.0 15.419876
796.62274 51.0 15.620051
781.3377 51.0 15.32035
782.7097 51.0 15.347255
785.8002 51.0 15.407851
797.66046 51.0 15.640401
781.7839 51.0 15.329096
785.9233 51.0 15.410259
783.87036 51.0 15.370007
792.0261 51.0 15.529923
786.3805 51.0 15.419225
790.9996 51.0 15.50979
784.8969 51.0 15.390132
781.44916 51.0 15.322532
787.4851 51.0 15.440883
785.0305 51.0 15.3927555
785.99005 51.0 15.411569
783.74744 51.0 15.3676
787.20636 51.0 15.435419
789.7613 51.0 15.485515
786.9721 51.0 15.430824
785.07544 51.0 15.393636
773.09235 52.0 14.867167
769.6226 52.0 14.800438
765.66205 52.0 14.724267
772.59076 52.0 14.85751
761.42224 52.0 14.642737
758.8339 52.0 14.5929575
770.00214 52.0 14.807728
774.8553 52.0 14.901063
770.6714 52.0 14.820609
767.08997 52.0 14.751733
767.7147 52.0 14.763747
771.0285 52.0 14.827473
774.54315 52.0 14.895057
770.1472 52.0 14.810519
769.26556 52.0 14.793572
771.28503 52.0 14.832403
774.6096 52.0 14.896345
767.4026 52.0 14.757737
775.1567 52.0 14.906858
760.7529 52.0 14.629863
774.59863 52.0 14.896129
774.2082 52.0 14.88862
765.1822 52.0 14.715041
774.5207 52.0 14.89463
763.9551 52.0 14.691442
767.2351 52.0 14.754519
765.6396 52.0 14.723839
774.7663 52.0 14.8993435
771.8987 52.0 14.84421
771.4302 52.0 14.835192
770.8165 52.0 14.823397
761.99133 52.0 14.653677
776.4508 52.0 14.931745
779.5861 52.0 14.9920435
774.0634 52.0 14.885828
765.90735 52.0 14.728986
766.25323 52.0 14.735639
775.9487 52.0 14.922091
773.383 52.0 14.8727455
771.88745 52.0 14.843992
761.757 52.0 14.649174
762.5769 52.999996 14.388242
755.13916 52.999996 14.247909
760.49963 52.999996 14.34905
755.53015 52.999996 14.25528
764.4529 52.999996 14.423638
767.848 52.999996 14.4877
762.7913 52.999996 14.392286
763.60626 52.999996 14.407673
760.9575 52.999996 14.35769
757.7478 52.999996 14.297134
767.6581 52.999996 14.484115
765.9938 52.999996 14.452722
761.6721 52.999996 14.371174
764.19604 52.999996 14.418793
763.54865 52.999996 14.406578
763.9951 52.999996 14.414998
762.7221 52.999996 14.3909855
762.1859 52.999996 14.380865
761.8955 52.999996 14.375387
760.43256 52.999996 14.347788
761.2813 52.999996 14.363803
768.9983 52.999996 14.509399
765.7373 52.999996 14.447877
758.8468 52.999996 14.317865
759.0479 52.999996 14.321658
764.5088 52.999996 14.424695
756.2782 52.999996 14.2694025
765.7705 52.999996 14.448507
768.83057 52.999996 14.506236
763.11273 52.999996 14.398355
769.1768 52.999996 14.512771
762.9675 52.999996 14.395615
764.87726 52.999996 14.431645
757.52905 52.999996 14.293004
760.04193 52.999996 14.340409
757.6743 52.999996 14.295741
756.71387 52.999996 14.277618
754.2234 52.999996 14.230629
754.5361 52.999996 14.236534
763.1015 52.999996 14.398146
758.2325 52.999996 14.306274
742.41754 54.000004 13.748471
742.5024 54.000004 13.75004
745.57025 54.000004 13.806856
741.73224 54.000004 13.735784
743.47516 54.000004 13.768057
745.5747 54.000004 13.806943
746.5747 54.000004 13.825455
744.70905 54.000004 13.790906
739.0144 54.000004 13.685456
741.7485 54.000004 13.736078
736.4572 54.000004 13.638098
741.94214 54.000004 13.739673
737.10254 54.000004 13.650039
739.71533 54.000004 13.698434
740.98914 54.000004 13.722024
739.1371 54.000004 13.68773
740.00757 54.000004 13.703843
743.3525 54.000004 13.765784
745.19543 54.000004 13.799917
744.37897 54.000004 13.784793
750.4995 54.000004 13.898141
743.4864 54.000004 13.768265
746.9674 54.000004 13.832726
746.87134 54.000004 13.830953
738.2047 54.000004 13.670452
743.4819 54.000004 13.768186
738.4701 54.000004 13.675372
744.2382 54.000004 13.782188
745.6707 54.000004 13.80872
738.093 54.000004 13.668392
739.6505 54.000004 13.697229
737.6135 54.000004 13.659508
744.3725 54.000004 13.784673
746.7954 54.000004 13.829551
744.18713 54.000004 13.781242
744.6803 54.000004 13.790372
744.022 54.000004 13.77818
739.5637 54.000004 13.69562
743.0112 54.000004 13.759463
741.63855 54.000004 13.734051
751.122 54.000004 13.909666
728.0406 55.0 13.237101
730.9859 55.0 13.290653
741.1523 55.0 13.475492
727.32654 55.0 13.224118
731.58374 55.0 13.301526
732.0861 55.0 13.310654
731.7 55.0 13.303636
730.4257 55.0 13.280472
728.3327 55.0 13.242416
728.3461 55.0 13.242659
730.72485 55.0 13.285909
728.489 55.0 13.245255
732.8646 55.0 13.324814
731.8049 55.0 13.305544
726.77313 55.0 13.214056
735.0716 55.0 13.364939
729.17426 55.0 13.257711
739.5435 55.0 13.446242
734.8239 55.0 13.360435
728.92194 55.0 13.253124
725.06165 55.0 13.182936
736.24084 55.0 13.386197
728.44214 55.0 13.244403
733.7529 55.0 13.34096
735.3483 55.0 13.369967
729.61365 55.0 13.265701
732.0348 55.0 13.309724
731.5436 55.0 13.300793
731.6332 55.0 13.302418
739.05255 55.0 13.43732
729.3458 55.0 13.260831
727.63885 55.0 13.229795
728.27484 55.0 13.241358
731.81165 55.0 13.305667
725.7311 55.0 13.195111
729.2119 55.0 13.258399
734.8575 55.0 13.361043
726.869 55.0 13.215803
728.6318 55.0 13.247854
730.46155 55.0 13.281118
731.1977 55.0 13.294506
712.1195 56.0 12.7164135
717.13983 56.0 12.806072
718.6017 56.0 12.832172
715.99084 56.0 12.78555
713.0791 56.0 12.733549
718.0439 56.0 12.82221
715.61145 56.0 12.778774
723.2988 56.0 12.916054
716.8388 56.0 12.8006935
717.352 56.0 12.80986
710.1112 56.0 12.680556
720.92194 56.0 12.8736105
712.4541 56.0 12.722397
707.48926 56.0 12.633732
712.9205 56.0 12.730724
716.7117 56.0 12.798426
711.55707 56.0 12.706374
712.3226 56.0 12.720047
717.59076 56.0 12.814124
715.8235 56.0 12.782563
714.3708 56.0 12.756623
714.3822 56.0 12.756821
717.7894 56.0 12.817672
711.72437 56.0 12.709367
716.6739 56.0 12.797745
715.39307 56.0 12.774869
710.9524 56.0 12.695579
714.8395 56.0 12.764991
714.2659 56.0 12.754751
713.987 56.0 12.749768
710.1312 56.0 12.680912
716.0111 56.0 12.78591
717.70026 56.0 12.816072
715.58057 56.0 12.778216
714.7589 56.0 12.763556
711.3942 56.0 12.70347
717.2986 56.0 12.808898
717.8563 56.0 12.818861
713.5454 56.0 12.74188
713.07446 56.0 12.733473
713.0186 56.0 12.732476
705.2469 57.0 12.372749
701.2861 57.0 12.30326
700.9402 57.0 12.297195
700.427 57.0 12.28819
704.1534 57.0 12.353566
705.3696 57.0 12.3749
703.3834 57.0 12.340058
706.6973 57.0 12.398196
707.86835 57.0 12.418746
705.3583 57.0 12.374708
707.7237 57.0 12.416202
703.67365 57.0 12.345151
700.78394 57.0 12.294454
703.9305 57.0 12.349654
703.3277 57.0 12.339083
703.22723 57.0 12.337323
706.3737 57.0 12.39252
699.55664 57.0 12.272924
695.2277 57.0 12.19698
689.9393 57.0 12.104199
702.71405 57.0 12.328315
705.00116 57.0 12.368446
704.07495 57.0 12.3522
702.10034 57.0 12.317551
706.4962 57.0 12.394666
706.39575 57.0 12.392911
700.6835 57.0 12.292692
697.77136 57.0 12.241608
696.2877 57.0 12.215575
700.6722 57.0 12.292496
705.51434 57.0 12.377446
701.00696 57.0 12.298371
701.9329 57.0 12.314616
702.8816 57.0 12.33125
707.6901 57.0 12.415619
707.5785 57.0 12.413657
702.24536 57.0 12.320097
702.4576 57.0 12.323818
703.1382 57.0 12.335753
701.866 57.0 12.313441
704.04175 57.0 12.351612
686.6369 58.0 11.838565
691.0883 58.0 11.9153185
690.94324 58.0 11.912815
688.86816 58.0 11.877037
690.5975 58.0 11.906855
680.6455 58.0 11.735267
692.628 58.0 11.941864
687.6297 58.0 11.855684
695.85254 58.0 11.997455
689.9394 58.0 11.895504
696.18713 58.0 12.003229
684.4055 58.0 11.800096
692.68384 58.0 11.942826
695.85223 58.0 11.997454
681.3038 58.0 11.746614
690.21814 58.0 11.900314
684.2716 58.0 11.797783
684.3608 58.0 11.799321
688.7676 58.0 11.875304
690.8539 58.0 11.91128
687.10535 58.0 11.846645
691.8696 58.0 11.9287815
692.50543 58.0 11.939746
684.9965 58.0 11.8102865
689.5823 58.0 11.889347
688.0982 58.0 11.863767
689.4595 58.0 11.887234
690.90985 58.0 11.912242
686.7148 58.0 11.839912
684.8405 58.0 11.807597
687.8306 58.0 11.859149
690.2964 58.0 11.901665
688.0873 58.0 11.863575
686.5141 58.0 11.836451
688.15424 58.0 11.864725
689.62695 58.0 11.890121
692.5165 58.0 11.939941
687.3197 58.0 11.850339
685.06165 58.0 11.811401
689.80774 58.0 11.893231
685.3449 58.0 11.816291
678.59845 58.999996 11.501674
675.483 58.999996 11.448868
678.05145 58.999996 11.492401
675.3379 58.999996 11.446411
668.3143 58.999996 11.327358
680.5415 58.999996 11.5346
677.3927 58.999996 11.481234
680.9214 58.999996 11.54104
678.8217 58.999996 11.505455
675.8961 58.999996 11.4558735
677.32556 58.999996 11.480099
678.6433 58.999996 11.502426
678.74365 58.999996 11.504135
676.3541 58.999996 11.463631
669.0179 58.999996 11.339283
673.16046 58.999996 11.409503
672.20026 58.999996 11.393226
676.7113 58.999996 11.46969
674.3217 58.999996 11.429185
672.56854 58.999996 11.399469
679.58124 58.999996 11.518327
671.9992 58.999996 11.389816
672.8345 58.999996 11.403977
675.329 58.999996 11.446257
682.0378 58.999996 11.559965
671.6307 58.999996 11.383575
669.1855 58.999996 11.342123
671.9323 58.999996 11.388684
680.0055 58.999996 11.525517
683.2437 58.999996 11.580406
681.2787 58.999996 11.547095
677.5713 58.999996 11.484258
672.5238 58.999996 11.398713
674.04285 58.999996 11.424455
677.59357 58.999996 11.484642
676.4167 58.999996 11.464691
681.76074 58.999996 11.555273
673.79016 58.999996 11.420176
679.5189 58.999996 11.51727
674.9181 58.999996 11.439291
673.5468 58.999996 11.416051
656.9367 60.000004 10.948947
662.5488 60.000004 11.042481
659.31335 60.000004 10.988556
656.85876 60.000004 10.947644
658.599 60.000004 10.976655
657.2492 60.000004 10.954153
659.98267 60.000004 10.999714
660.2392 60.000004 11.003987
657.86285 60.000004 10.964379
652.5853 60.000004 10.876425
655.9104 60.000004 10.931838
652.61896 60.000004 10.876981
656.7917 60.000004 10.946528
654.2702 60.000004 10.904504
661.3546 60.000004 11.022582
658.5321 60.000004 10.975538
656.7247 60.000004 10.945413
660.71893 60.000004 11.01198
654.8058 60.000004 10.913429
657.75146 60.000004 10.96252
657.77344 60.000004 10.962893
657.6397 60.000004 10.960662
653.71234 60.000004 10.895208
655.2743 60.000004 10.921243
662.8056 60.000004 11.046753
660.228 60.000004 11.003801
654.37067 60.000004 10.906179
655.7653 60.000004 10.92942
655.8437 60.000004 10.930724
655.4083 60.000004 10.923473
658.4542 60.000004 10.974233
654.6274 60.000004 10.910453
658.0636 60.000004 10.967726
654.14746 60.000004 10.902461
656.50134 60.000004 10.941692
659.29535 60.000004 10.988257
659.4673 60.000004 10.991121
660.56067 60.000004 11.009343
658.8446 60.000004 10.980744
655.91034 60.000004 10.931839
661.6897 60.000004 11.028162
648.0447 61.0 10.623682
644.7644 61.0 10.569907
644.34045 61.0 10.562957
637.13306 61.0 10.444807
645.5902 61.0 10.583441
643.5818 61.0 10.550523
641.1385 61.0 10.510465
641.0158 61.0 10.508452
646.6499 61.0 10.600819
646.7949 61.0 10.603196
644.1731 61.0 10.560216
648.75854 61.0 10.635389
641.78564 61.0 10.521071
644.1733 61.0 10.560218
642.92365 61.0 10.539731
643.8607 61.0 10.555093
649.76276 61.0 10.651849
643.5373 61.0 10.54979
638.13715 61.0 10.4612665
639.8888 61.0 10.489981
647.922 61.0 10.621671
644.4074 61.0 10.564056
643.23596 61.0 10.544851
645.3447 61.0 10.579418
647.3865 61.0 10.612891
647.0517 61.0 10.607407
639.54315 61.0 10.484308
642.8119 61.0 10.537898
643.5928 61.0 10.550705
642.94617 61.0 10.540094
639.2752 61.0 10.479921
638.4161 61.0 10.4658375
644.2848 61.0 10.562047
639.1524 61.0 10.47791
646.3487 61.0 10.5958805
641.6517 61.0 10.518882
640.112 61.0 10.493638
640.3576 61.0 10.497663
643.292 61.0 10.545764
642.13135 61.0 10.526746
647.3306 61.0 10.611976
626.2326 62.0 10.100523
625.88684 62.0 10.094947
628.1181 62.0 10.13094
626.4783 62.0 10.104487
628.4306 62.0 10.135979
634.221 62.0 10.229372
627.5491 62.0 10.121763
626.1878 62.0 10.099808
625.8309 62.0 10.094049
627.77246 62.0 10.125357
631.9562 62.0 10.192839
630.21576 62.0 10.16477
627.4933 62.0 10.120859
635.1137 62.0 10.24377
631.0413 62.0 10.178087
624.5703 62.0 10.073714
634.96875 62.0 10.2414255
629.06665 62.0 10.146233
632.0567 62.0 10.19446
628.6315 62.0 10.139215
628.1739 62.0 10.131839
626.6567 62.0 10.107365
624.0012 62.0 10.064539
626.6454 62.0 10.107183
627.1252 62.0 10.114925
627.3708 62.0 10.118879
629.18933 62.0 10.148214
626.8352 62.0 10.110243
625.8087 62.0 10.093687
630.0819 62.0 10.16261
632.42487 62.0 10.200397
627.81714 62.0 10.126082
628.47516 62.0 10.136696
631.6102 62.0 10.187266
626.25507 62.0 10.100886
624.75977 62.0 10.0767765
624.5256 62.0 10.072993
629.6355 62.0 10.15541
627.30383 62.0 10.117801
631.65515 62.0 10.187982
636.7538 62.0 10.270221
614.24994 63.0 9.750001
614.607 63.0 9.755666
609.87646 63.0 9.680577
616.2137 63.0 9.781169
614.2723 63.0 9.750354
615.55536 63.0 9.770719
613.4912 63.0 9.73796
613.10077 63.0 9.731759
612.1302 63.0 9.716353
610.2 63.0 9.685717
614.0759 63.0 9.747238
609.72705 63.0 9.678206
612.9468 63.0 9.729315
613.0095 63.0 9.730309
614.4061 63.0 9.7524805
619.33545 63.0 9.830719
613.5513 63.0 9.738911
612.3332 63.0 9.719575
607.9015 63.0 9.649229
612.043 63.0 9.714968
618.2597 63.0 9.813646
615.6626 63.0 9.77242
614.6316 63.0 9.756057
617.0326 63.0 9.794166
616.0976 63.0 9.779326
617.57916 63.0 9.802845
618.96277 63.0 9.824807
615.0531 63.0 9.762752
614.74316 63.0 9.757827
612.39124 63.0 9.720496
614.30347 63.0 9.750849
612.3154 63.0 9.719292
610.18207 63.0 9.685431
614.65173 63.0 9.756376
614.6628 63.0 9.756551
612.29736 63.0 9.719008
619.8731 63.0 9.839257
615.91254 63.0 9.776387
618.25543 63.0 9.813574
615.54425 63.0 9.770545
611.84015 63.0 9.711747
601.97736 64.0 9.405896
600.45996 64.0 9.382187
599.1545 64.0 9.361789
595.4394 64.0 9.3037405
602.7582 64.0 9.418097
602.7917 64.0 9.41862
600.57153 64.0 9.38393
597.12396 64.0 9.330062
601.76526 64.0 9.402582
600.8057 64.0 9.387589
601.8656 64.0 9.40415
600.3037 64.0 9.3797455
599.81287 64.0 9.372076
599.84625 64.0 9.372598
602.1224 64.0 9.408162
602.07776 64.0 9.407465
596.6888 64.0 9.323262
601.33026 64.0 9.395785
603.7737 64.0 9.433964
601.1295 64.0 9.392649
597.35834 64.0 9.333724
600.2367 64.0 9.378698
597.7599 64.0 9.339998
601.96606 64.0 9.40572
602.47943 64.0 9.413741
599.40015 64.0 9.365627
601.9215 64.0 9.405024
602.4122 64.0 9.41269
595.96356 64.0 9.311931
591.88025 64.0 9.248129
598.7083 64.0 9.354817
599.7682 64.0 9.371378
595.9524 64.0 9.311756
599.3666 64.0 9.365103
608.04675 64.0 9.5007305
598.4964 64.0 9.351506
601.43054 64.0 9.397352
605.8934 64.0 9.467084
597.55896 64.0 9.336859
602.5352 64.0 9.414613
598.70825 64.0 9.354816
579.5561 65.0 8.916248
583.77563 65.0 8.981165
588.1092 65.0 9.047834
575.8585 65.0 8.859364
581.05804 65.0 8.93935
586.123 65.0 9.017279
589.0462 65.0 9.06225
583.6462 65.0 8.979172
584.7509 65.0 8.996167
586.75903 65.0 9.027063
591.79095 65.0 9.104475
582.1736 65.0 8.956519
584.7509 65.0 8.996165
584.50543 65.0 8.992393
587.83026 65.0 9.043544
583.557 65.0 8.977802
584.6503 65.0 8.994622
590.22906 65.0 9.080445
585.20825 65.0 9.003204
583.71326 65.0 8.980205
586.5247 65.0 9.0234585
589.03503 65.0 9.062081
586.3685 65.0 9.021055
581.1583 65.0 8.940894
583.61273 65.0 8.978659
582.12897 65.0 8.95583
589.9947 65.0 9.07684
589.8831 65.0 9.075126
588.0868 65.0 9.04749
582.7315 65.0 8.965099
586.40204 65.0 9.021571
583.6126 65.0 8.978659
583.32275 65.0 8.974196
578.87103 65.0 8.905706
583.46783 65.0 8.976427
580.9016 65.0 8.936946
586.85944 65.0 9.028611
585.398 65.0 9.006122
584.3268 65.0 8.989643
580.1876 65.0 8.925962
580.7455 65.0 8.934547
574.2297 66.0 8.700451
566.44214 66.0 8.582456
565.4828 66.0 8.567919
569.22034 66.0 8.624548
570.5925 66.0 8.645341
564.0992 66.0 8.546957
564.3 66.0 8.549999
566.9219 66.0 8.5897255
566.3529 66.0 8.581103
566.41974 66.0 8.582119
565.9735 66.0 8.575357
572.8351 66.0 8.67932
566.75464 66.0 8.58719
570.4809 66.0 8.643652
573.192 66.0 8.684731
571.01654 66.0 8.651765
565.7393 66.0 8.571806
568.1827 66.0 8.608829
569.30945 66.0 8.6259
567.8701 66.0 8.604094
570.5927 66.0 8.645343
570.34717 66.0 8.641623
567.21185 66.0 8.594121
566.3082 66.0 8.580429
568.46155 66.0 8.613054
568.1046 66.0 8.607643
571.117 66.0 8.653287
573.20337 66.0 8.684896
576.50574 66.0 8.734935
574.531 66.0 8.705014
572.6008 66.0 8.675772
566.788 66.0 8.587697
570.5257 66.0 8.644327
578.3467 66.0 8.76283
569.711 66.0 8.631985
570.6372 66.0 8.646017
572.5004 66.0 8.67425
568.3835 66.0 8.611871
565.91766 66.0 8.574514
572.0094 66.0 8.666811
571.08344 66.0 8.652778
555.36316 67.0 8.289004
556.1777 67.0 8.301161
553.8236 67.0 8.266025
553.44867 67.0 8.260429
553.2055 67.0 8.256798
557.37146 67.0 8.318976
556.37854 67.0 8.30416
555.59753 67.0 8.292504
556.93634 67.0 8.312486
555.17346 67.0 8.286174
552.78577 67.0 8.250536
558.6767 67.0 8.338463
554.368 67.0 8.27415
557.02783 67.0 8.313849
553.3773 67.0 8.259363
556.70197 67.0 8.308987
556.5459 67.0 8.306658
551.92694 67.0 8.237718
555.5641 67.0 8.292003
551.23505 67.0 8.227392
552.01624 67.0 8.239046
552.1612 67.0 8.241215
555.352 67.0 8.288839
553.4107 67.0 8.259862
551.2574 67.0 8.227724
552.95325 67.0 8.2530365
555.1178 67.0 8.285341
552.9309 67.0 8.252704
557.762 67.0 8.324807
555.17365 67.0 8.286173
554.0131 67.0 8.268855
551.68146 67.0 8.234053
553.82355 67.0 8.266025
553.22107 67.0 8.257031
553.09845 67.0 8.2552
554.8054 67.0 8.28068
557.7509 67.0 8.32464
555.988 67.0 8.29833
557.20416 67.0 8.316481
556.53467 67.0 8.306489
552.2058 67.0 8.241881
536.8314 68.0 7.894579
537.38916 68.0 7.9027834
541.2607 68.0 7.9597173
540.32355 68.0 7.945936
543.1239 68.0 7.9871163
536.9541 68.0 7.8963833
545.0988 68.0 8.01616
540.6917 68.0 7.95135
539.6765 68.0 7.936419
540.36804 68.0 7.946591
543.4921 68.0 7.992534
541.8632 68.0 7.968578
541.78503 68.0 7.967428
538.2483 68.0 7.915417
534.968 68.0 7.867179
542.25397 68.0 7.9743195
539.70996 68.0 7.9369097
538.5495 68.0 7.919847
540.78094 68.0 7.952662
540.7251 68.0 7.9518423
538.31525 68.0 7.916401
538.94 68.0 7.9255896
535.9276 68.0 7.88129
537.8244 68.0 7.9091816
539.0293 68.0 7.9269037
539.3307 68.0 7.9313354
538.63885 68.0 7.921159
540.1562 68.0 7.943476
542.72235 68.0 7.9812117
537.9695 68.0 7.9113145
541.4838 68.0 7.962997
545.0652 68.0 8.015666
541.88544 68.0 7.9689054
538.91785 68.0 7.9252605
538.10333 68.0 7.9132853
537.5566 68.0 7.9052444
538.4716 68.0 7.9186993
535.9611 68.0 7.881783
539.9776 68.0 7.940848
541.09326 68.0 7.957254
533.9082 68.0 7.8515906
524.85986 69.0 7.606663
523.6996 69.0 7.5898495
525.1276 69.0 7.6105456
525.0384 69.0 7.6092534
526.1765 69.0 7.625744
521.16693 69.0 7.5531416
523.2533 69.0 7.5833817
522.1933 69.0 7.56802
525.4958 69.0 7.6158814
527.0579 69.0 7.6385183
523.9561 69.0 7.5935683
519.95074 69.0 7.535519
524.20166 69.0 7.597125
524.69257 69.0 7.6042395
527.1471 69.0 7.639813
526.4331 69.0 7.629464
527.4259 69.0 7.643855
524.72595 69.0 7.604725
529.81366 69.0 7.6784587
526.79 69.0 7.6346383
523.08606 69.0 7.580955
528.6978 69.0 7.6622896
525.75244 69.0 7.619599
524.7149 69.0 7.604563
523.2311 69.0 7.5830564
524.3914 69.0 7.5998745
521.58636 69.0 7.559222
521.19366 69.0 7.5535297
527.15826 69.0 7.639975
522.59503 69.0 7.5738416
526.2323 69.0 7.626552
523.9562 69.0 7.593568
526.7566 69.0 7.6341534
528.4301 69.0 7.658409
525.86395 69.0 7.621217
524.4581 69.0 7.600845
521.9927 69.0 7.56511
521.4793 69.0 7.55767
527.74963 69.0 7.648546
523.1396 69.0 7.5817323
524.21954 69.0 7.5973854
512.3952 70.0 7.319931
508.94562 70.0 7.2706504
515.6375 70.0 7.366251
509.51242 70.0 7.278747
508.75156 70.0 7.2678757
512.4444 70.0 7.320632
511.95572 70.0 7.31365
506.33917 70.0 7.233418
509.50107 70.0 7.278589
516.6284 70.0 7.380402
513.34155 70.0 7.333446
508.57727 70.0 7.2653885
508.40552 70.0 7.262937
504.00525 70.0 7.2000732
510.01215 70.0 7.2858877
505.2549 70.0 7.2179236
507.5018 70.0 7.2500253
505.21695 70.0 7.217387
509.43192 70.0 7.2776003
510.42276 70.0 7.291751
509.17072 70.0 7.273867
509.01697 70.0 7.2716703
506.3549 70.0 7.2336392
509.1508 70.0 7.273583
508.8429 70.0 7.269181
504.66797 70.0 7.2095394
511.21927 70.0 7.3031325
511.03415 70.0 7.3004866
514.35 70.0 7.347856
511.2774 70.0 7.3039627
509.57034 70.0 7.279574
512.518 70.0 7.321685
509.32272 70.0 7.2760367
511.19257 70.0 7.3027515
509.60156 70.0 7.280019
512.8549 70.0 7.3264976
511.4247 70.0 7.306067
505.52246 70.0 7.2217526
508.72025 70.0 7.267429
511.10098 70.0 7.301442
507.28745 70.0 7.2469654
492.02493 71.0 6.9299254
493.86566 71.0 6.9558554
493.9886 71.0 6.9575825
492.7388 71.0 6.939983
495.90753 71.0 6.984612
491.9691 71.0 6.929139
496.01907 71.0 6.986183
491.85748 71.0 6.927569
494.6913 71.0 6.9674835
496.08594 71.0 6.9871254
495.51694 71.0 6.9791117
497.54758 71.0 7.0077133
493.6871 71.0 6.9533424
497.09015 71.0 7.0012684
495.34964 71.0 6.9767528
493.9884 71.0 6.9575825
494.41232 71.0 6.963554
494.8027 71.0 6.969054
491.6232 71.0 6.924272
492.71652 71.0 6.9396696
497.69254 71.0 7.009754
492.96185 71.0 6.9431252
491.75705 71.0 6.926157
493.19626 71.0 6.9464254
495.01495 71.0 6.9720407
496.6438 71.0 6.994983
497.1459 71.0 7.0020537
491.12112 71.0 6.917198
494.2004 71.0 6.960569
489.58142 71.0 6.8955126
494.45697 71.0 6.964184
494.68018 71.0 6.9673257
494.61325 71.0 6.9663815
492.16968 71.0 6.931969
492.96198 71.0 6.9431286
491.51157 71.0 6.922697
491.15912 71.0 6.917732
494.89883 71.0 6.9704056
492.8392 71.0 6.941397
492.53802 71.0 6.9371552
488.17566 71.0 6.8757143
481.42566 72.0 6.686467
474.54172 72.0 6.5908575
476.36044 72.0 6.616117
479.51773 72.0 6.6599708
479.3504 72.0 6.6576443
477.7885 72.0 6.635952
478.91528 72.0 6.6516027
477.53192 72.0 6.6323867
477.07446 72.0 6.6260347
481.32526 72.0 6.6850734
477.66574 72.0 6.6342454
478.88177 72.0 6.6511354
481.7268 72.0 6.6906495
476.91812 72.0 6.6238647
476.12604 72.0 6.6128607
478.12326 72.0 6.6405983
478.60275 72.0 6.6472626
477.76608 72.0 6.635641
477.5096 72.0 6.6320763
477.4872 72.0 6.6317663
478.30164 72.0 6.6430798
481.24722 72.0 6.683986
476.80658 72.0 6.622316
479.24997 72.0 6.6562514
479.28354 72.0 6.6567154
476.3714 72.0 6.6162705
482.83148 72.0 6.7059917
477.04092 72.0 6.6255674
479.11618 72.0 6.6543913
480.18045 72.0 6.6691723
476.0547 72.0 6.6118693
481.80493 72.0 6.691735
481.68207 72.0 6.6900306
478.7703 72.0 6.649587
477.77725 72.0 6.6357946
478.79257 72.0 6.6498947
476.41623 72.0 6.6168904
478.971 72.0 6.652375
478.7924 72.0 6.649895
475.53467 72.0 6.6046467
479.18314 72.0 6.6553197
462.5592 73.0 6.3364205
463.89795 73.0 6.354762
465.88385 73.0 6.381966
461.36517 73.0 6.320067
458.074 73.0 6.2749815
463.28436 73.0 6.346355
464.57834 73.0 6.3640842
462.51453 73.0 6.33581
463.59668 73.0 6.3506355
461.14212 73.0 6.317012
464.92432 73.0 6.368822
464.24377 73.0 6.3594995
461.99002 73.0 6.3286276
461.99005 73.0 6.3286257
464.54514 73.0 6.363625
463.2955 73.0 6.34651
463.15054 73.0 6.344522
461.97897 73.0 6.328475
461.03064 73.0 6.315482
462.16846 73.0 6.3310704
461.15326 73.0 6.317164
460.77396 73.0 6.311967
463.87576 73.0 6.354456
462.16858 73.0 6.3310723
466.35248 73.0 6.388387
464.4 73.0 6.3616395
460.13815 73.0 6.3032556
462.8492 73.0 6.3403945
464.5674 73.0 6.3639326
459.46866 73.0 6.294085
464.14343 73.0 6.3581247
466.59796 73.0 6.3917484
463.31793 73.0 6.3468137
460.8632 73.0 6.313188
461.00824 73.0 6.3151784
461.78937 73.0 6.3258758
463.0723 73.0 6.3434505
463.01657 73.0 6.342687
464.1321 73.0 6.35797
462.65955 73.0 6.3377957
464.90186 73.0 6.3685164
445.94626 74.0 6.0262985
451.93744 74.0 6.107265
446.7161 74.0 6.036705
445.8235 74.0 6.0246406
449.65036 74.0 6.0763564
447.10663 74.0 6.0419803
446.4261 74.0 6.0327845
448.91415 74.0 6.0664062
448.66855 74.0 6.0630875
449.75092 74.0 6.077714
452.46188 74.0 6.1143513
450.39792 74.0 6.0864577
448.01028 74.0 6.0541935
447.61987 74.0 6.048917
449.0034 74.0 6.0676117
453.48843 74.0 6.1282234
446.6492 74.0 6.0357985
444.78595 74.0 6.0106206
447.7314 74.0 6.0504236
447.5752 74.0 6.048313
447.6199 74.0 6.0489163
446.60458 74.0 6.035197
445.09824 74.0 6.014842
446.2586 74.0 6.030524
446.19177 74.0 6.029618
443.69254 74.0 5.9958444
452.38382 74.0 6.113296
446.70502 74.0 6.0365515
451.49133 74.0 6.101235
450.75494 74.0 6.091283
447.4748 74.0 6.046956
447.51944 74.0 6.04756
447.67563 74.0 6.04967
453.6 74.0 6.1297297
448.20007 74.0 6.056759
451.91528 74.0 6.106965
449.7732 74.0 6.0780153
449.0033 74.0 6.0676117
449.1484 74.0 6.0695724
446.05792 74.0 6.027809
447.17343 74.0 6.0428863
432.11157 75.0 5.7614884
430.7169 75.0 5.7428923
432.4239 75.0 5.7656536
434.62183 75.0 5.794959
427.89435 75.0 5.7052536
430.9066 75.0 5.745421
429.4898 75.0 5.726529
434.7224 75.0 5.796298
430.44928 75.0 5.7393217
430.92892 75.0 5.745718
428.83136 75.0 5.717753
429.60123 75.0 5.728017
432.5579 75.0 5.767437
429.7128 75.0 5.729504
430.20364 75.0 5.7360487
431.33038 75.0 5.7510743
432.26776 75.0 5.763569
432.17853 75.0 5.7623806
433.8854 75.0 5.78514
434.62195 75.0 5.7949595
431.37537 75.0 5.751667
433.562 75.0 5.7808266
429.48972 75.0 5.7265296
429.4674 75.0 5.7262316
429.95612 75.0 5.732747
434.96997 75.0 5.7996
433.90787 75.0 5.785437
428.6753 75.0 5.7156696
432.5801 75.0 5.767734
431.3306 75.0 5.7510743
430.8954 75.0 5.745273
426.9905 75.0 5.6932063
427.72687 75.0 5.7030234
429.98062 75.0 5.733075
429.6124 75.0 5.7281647
434.198 75.0 5.7893043
433.3946 75.0 5.7785945
429.25537 75.0 5.7234063
435.17966 75.0 5.802397
432.18967 75.0 5.762529
431.70987 75.0 5.7561326
418.29926 76.0 5.5039387
419.5712 76.0 5.5206723
417.217 76.0 5.4896994
413.01074 76.0 5.434352
413.23398 76.0 5.4372888
416.2685 76.0 5.477219
414.9297 76.0 5.459604
416.793 76.0 5.484117
413.85852 76.0 5.445511
416.1346 76.0 5.4754567
417.29507 76.0 5.4907274
417.41785 76.0 5.492339
413.78055 76.0 5.4444823
417.62982 76.0 5.4951286
415.85587 76.0 5.471788
415.5769 76.0 5.468118
415.49875 76.0 5.4670916
417.6521 76.0 5.495424
418.89044 76.0 5.5117173
418.64502 76.0 5.50849
416.74832 76.0 5.4835315
418.3996 76.0 5.505258
413.0219 76.0 5.4345
411.326 76.0 5.4121847
415.8446 76.0 5.471641
416.49167 76.0 5.480153
415.7443 76.0 5.470319
414.86276 76.0 5.4587216
415.164 76.0 5.462685
414.01492 76.0 5.447565
414.10413 76.0 5.44874
414.29395 76.0 5.4512343
411.8281 76.0 5.4187913
410.84634 76.0 5.4058723
414.97433 76.0 5.46019
416.11237 76.0 5.475164
415.9339 76.0 5.472815
417.072 76.0 5.48779
415.01895 76.0 5.460778
416.1905 76.0 5.4761906
415.39838 76.0 5.465769
400.79382 77.0 5.2051144
398.9641 77.0 5.1813517
402.34467 77.0 5.225256
400.04626 77.0 5.195407
397.98224 77.0 5.1686025
397.36856 77.0 5.160631
399.48853 77.0 5.188162
398.66284 77.0 5.177439
399.84314 77.0 5.19277
400.4949 77.0 5.2012324
399.2095 77.0 5.1845384
399.67807 77.0 5.190626
402.0657 77.0 5.2216334
395.94046 77.0 5.1420865
400.71573 77.0 5.2040997
399.5331 77.0 5.1887417
401.28476 77.0 5.211492
396.9893 77.0 5.155706
396.8554 77.0 5.153966
397.21243 77.0 5.158603
399.29877 77.0 5.185699
402.75742 77.0 5.2306175
397.95996 77.0 5.1683116
396.20828 77.0 5.145563
396.94467 77.0 5.1551256
396.57648 77.0 5.150344
399.7339 77.0 5.191352
399.82318 77.0 5.19251
398.3727 77.0 5.173672
401.2065 77.0 5.2104754
400.40332 77.0 5.2000446
400.86072 77.0 5.2059836
398.11606 77.0 5.1703405
396.64334 77.0 5.1512156
402.28894 77.0 5.224531
400.60416 77.0 5.2026515
403.71686 77.0 5.243077
400.14658 77.0 5.196711
397.77017 77.0 5.165847
399.4104 77.0 5.1871486
398.2946 77.0 5.172659
388.5247 78.0 4.981086
387.37485 78.0 4.9663434
385.64432 78.0 4.9441595
387.3301 78.0 4.9657702
389.0382 78.0 4.987671
387.3635 78.0 4.9662013
383.50067 78.0 4.916677
388.59167 78.0 4.981946
383.69055 78.0 4.9191113
387.5646 78.0 4.968777
387.6986 78.0 4.970496
386.88348 78.0 4.9600472
386.49283 78.0 4.9550366
387.5533 78.0 4.9686346
390.7017 78.0 5.008997
384.11487 78.0 4.924549
386.16916 78.0 4.9508867
386.35886 78.0 4.9533205
384.66174 78.0 4.9315634
386.44818 78.0 4.9544654
383.91388 78.0 4.9219737
387.82135 78.0 4.97207
386.31415 78.0 4.9527473
380.665 78.0 4.8803234
387.2074 78.0 4.964196
384.62845 78.0 4.9311337
387.8548 78.0 4.9724984
385.61072 78.0 4.9437313
385.54385 78.0 4.942871
382.89786 78.0 4.908949
383.8805 78.0 4.921545
382.3286 78.0 4.901649
382.52966 78.0 4.9042263
386.30307 78.0 4.9526024
386.2918 78.0 4.952461
384.33813 78.0 4.9274125
386.917 78.0 4.9604764
386.20248 78.0 4.9513164
387.99994 78.0 4.97436
387.21844 78.0 4.96434
382.79742 78.0 4.907661
369.1971 79.0 4.6733813
367.3226 79.0 4.649657
371.7408 79.0 4.7055798
371.58484 79.0 4.7036033
366.83185 79.0 4.6434402
365.92813 79.0 4.632002
368.8848 79.0 4.6694274
367.25577 79.0 4.648807
368.61703 79.0 4.666038
367.6575 79.0 4.653892
368.78436 79.0 4.668155
371.41742 79.0 4.701484
367.96985 79.0 4.6578465
368.5499 79.0 4.66519
366.24048 79.0 4.6359563
364.2211 79.0 4.6103935
367.07715 79.0 4.646548
365.87234 79.0 4.6312957
366.3185 79.0 4.636945
365.01328 79.0 4.6204205
368.82892 79.0 4.6687202
370.65863 79.0 4.691882
367.82483 79.0 4.6560082
369.54288 79.0 4.6777587
365.56003 79.0 4.6273417
368.3827 79.0 4.6630707
367.4009 79.0 4.6506433
368.43848 79.0 4.6637783
368.05914 79.0 4.658976
365.58234 79.0 4.627622
366.75378 79.0 4.642453
366.60876 79.0 4.6406145
367.9922 79.0 4.658128
365.32568 79.0 4.6243773
369.89993 79.0 4.6822777
366.7315 79.0 4.6421695
364.60037 79.0 4.615196
368.3715 79.0 4.6629324
364.9909 79.0 4.620138
369.3422 79.0 4.675217
364.73428 79.0 4.6168904
353.2538 80.0 4.415671
349.5384 80.0 4.36923
349.1926 80.0 4.364907
348.2777 80.0 4.353471
351.82568 80.0 4.3978205
353.93433 80.0 4.4241796
350.95544 80.0 4.3869433
348.89127 80.0 4.361142
350.55374 80.0 4.381923
349.46036 80.0 4.368255
351.07806 80.0 4.388475
350.72104 80.0 4.384014
354.704 80.0 4.4338026
350.70993 80.0 4.383874
351.1561 80.0 4.389453
350.19675 80.0 4.377459
353.18674 80.0 4.414836
353.03064 80.0 4.4128823
355.75302 80.0 4.4469113
358.0736 80.0 4.4759197
353.4992 80.0 4.4187407
354.4029 80.0 4.430036
350.57602 80.0 4.382201
348.2331 80.0 4.352914
350.3417 80.0 4.3792725
353.59958 80.0 4.419995
352.24957 80.0 4.40312
352.6179 80.0 4.407723
357.40417 80.0 4.467552
351.14505 80.0 4.3893123
351.4574 80.0 4.393217
354.0682 80.0 4.4258523
350.66525 80.0 4.3833156
351.84796 80.0 4.398098
352.27188 80.0 4.4034
351.4575 80.0 4.3932185
350.74344 80.0 4.3842936
352.82977 80.0 4.4103727
354.26892 80.0 4.428363
352.45047 80.0 4.40563
352.13815 80.0 4.401726
338.00204 81.0 4.1728654
337.90167 81.0 4.1716256
333.86282 81.0 4.121763
334.56564 81.0 4.1304407
332.40118 81.0 4.103719
335.77072 81.0 4.1453156
333.85168 81.0 4.1216245
333.6955 81.0 4.119697
338.41492 81.0 4.177962
337.76776 81.0 4.1699715
336.61865 81.0 4.1557846
334.23093 81.0 4.1263084
332.57977 81.0 4.105924
335.30206 81.0 4.139532
336.91983 81.0 4.159505
335.10117 81.0 4.1370516
335.98267 81.0 4.1479335
332.88104 81.0 4.109642
335.13467 81.0 4.137465
336.47363 81.0 4.1539946
336.22815 81.0 4.1509643
335.94925 81.0 4.1475205
336.7971 81.0 4.157988
334.67728 81.0 4.1318192
334.48764 81.0 4.1294756
334.90042 81.0 4.1345725
335.01193 81.0 4.13595
333.93863 81.0 4.1226997
336.88855 81.0 4.159119
336.50702 81.0 4.154408
335.0343 81.0 4.1362267
336.66333 81.0 4.156336
336.641 81.0 4.1560607
336.69666 81.0 4.1567497
334.0525 81.0 4.124105
335.4917 81.0 4.141874
335.24625 81.0 4.138844
335.7371 81.0 4.1449027
334.39838 81.0 4.1283755
332.7694 81.0 4.108265
336.4736 81.0 4.153994
318.71814 82.0 3.8868077
318.53085 82.0 3.8845217
320.82025 82.0 3.9124424
323.46674 82.0 3.9447162
319.7537 82.0 3.8994353
319.65994 82.0 3.898293
319.24713 82.0 3.893258
320.58597 82.0 3.9095848
317.70743 82.0 3.874482
316.97113 82.0 3.865501
319.6154 82.0 3.8977475
318.8008 82.0 3.887816
318.3991 82.0 3.8829172
318.66693 82.0 3.8861828
319.6376 82.0 3.898019
320.0392 82.0 3.9029174
318.99048 82.0 3.8901289
318.67813 82.0 3.8863194
315.45383 82.0 3.8469968
318.82318 82.0 3.8880875
317.09378 82.0 3.8669982
319.38107 82.0 3.8948898
317.54016 82.0 3.872441
317.69626 82.0 3.8743446
317.56247 82.0 3.8727126
318.64465 82.0 3.8859103
319.1244 82.0 3.8917615
318.9682 82.0 3.8898573
320.68634 82.0 3.9108098
317.64047 82.0 3.8736644
318.2094 82.0 3.8806036
321.1104 82.0 3.9159806
320.8872 82.0 3.913259
320.15082 82.0 3.9042785
318.91245 82.0 3.8891745
320.03925 82.0 3.9029174
318.73383 82.0 3.8869982
321.60114 82.0 3.9219666
320.5525 82.0 3.9091768
318.9682 82.0 3.8898566
320.05038 82.0 3.9030542
303.40417 83.0 3.655471
300.6037 83.0 3.6217308
301.75296 83.0 3.635576
304.62018 83.0 3.6701224
302.32187 83.0 3.6424315
302.6901 83.0 3.646868
301.34003 83.0 3.6306021
299.75577 83.0 3.611514
301.21738 83.0 3.629124
305.02182 83.0 3.674962
304.63135 83.0 3.6702573
302.9244 83.0 3.6496904
305.13345 83.0 3.676307
304.51984 83.0 3.6689138
301.20618 83.0 3.6289892
305.8363 83.0 3.684775
302.9579 83.0 3.6500945
303.11404 83.0 3.6519763
303.28137 83.0 3.6539927
303.86163 83.0 3.6609836
304.66483 83.0 3.6706617
302.93558 83.0 3.6498246
305.13345 83.0 3.676306
301.117 83.0 3.6279156
303.24786 83.0 3.6535892
303.0471 83.0 3.6511695
300.84915 83.0 3.624688
301.29544 83.0 3.630066
301.99832 83.0 3.638533
301.45163 83.0 3.6319468
301.38474 83.0 3.6311407
301.329 83.0 3.6304684
298.9748 83.0 3.6021047
302.56735 83.0 3.6453898
305.18924 83.0 3.676979
303.96198 83.0 3.662192
301.40698 83.0 3.6314092
302.3665 83.0 3.6429691
304.18518 83.0 3.6648803
300.99423 83.0 3.6264348
301.63034 83.0 3.6340978
286.36737 84.0 3.4091358
286.1999 84.0 3.4071438
286.01028 84.0 3.404885
285.07315 84.0 3.393728
286.99213 84.0 3.4165738
286.22232 84.0 3.4074078
286.83594 84.0 3.4147136
285.28513 84.0 3.3962522
286.7467 84.0 3.413651
286.61285 84.0 3.4120572
284.20288 84.0 3.3833675
283.22107 84.0 3.3716793
285.8875 84.0 3.403424
286.1219 84.0 3.4062135
283.8459 84.0 3.3791163
282.2393 84.0 3.3599908
286.07733 84.0 3.405683
283.7789 84.0 3.3783193
286.702 84.0 3.41312
282.33978 84.0 3.3611875
286.5012 84.0 3.41073
285.06198 84.0 3.3935957
284.3815 84.0 3.3854938
285.10657 84.0 3.3941267
285.65344 84.0 3.4006345
284.77185 84.0 3.3901415
285.77606 84.0 3.4020958
282.33963 84.0 3.3611875
284.23636 84.0 3.3837662
284.0913 84.0 3.3820395
285.20703 84.0 3.3953211
282.2616 84.0 3.3602564
285.7649 84.0 3.4019618
282.86404 84.0 3.3674293
283.80124 84.0 3.3785853
283.51105 84.0 3.3751335
282.4402 84.0 3.3623824
284.83887 84.0 3.3909395
286.19998 84.0 3.4071426
287.7396 84.0 3.4254715
283.81238 84.0 3.378719
270.41275 85.0 3.181327
267.60123 85.0 3.1482499
268.34875 85.0 3.1570435
268.18143 85.0 3.1550756
269.68756 85.0 3.1727958
271.29416 85.0 3.191697
269.65417 85.0 3.1724024
269.62067 85.0 3.1720076
270.47977 85.0 3.1821141
270.11157 85.0 3.1777823
270.76993 85.0 3.1855278
268.39337 85.0 3.1575692
268.81738 85.0 3.162557
268.7058 85.0 3.1612442
268.34875 85.0 3.1570444
268.92892 85.0 3.1638706
269.86615 85.0 3.174896
268.64996 85.0 3.160589
268.22598 85.0 3.1556005
265.8384 85.0 3.1275115
268.11447 85.0 3.1542876
269.36398 85.0 3.1689882
268.4715 85.0 3.1584878
267.56784 85.0 3.1478565
268.438 85.0 3.1580942
267.6459 85.0 3.148775
268.87317 85.0 3.1632135
268.8397 85.0 3.16282
268.57193 85.0 3.1596694
268.89545 85.0 3.1634755
269.0851 85.0 3.1657088
269.141 85.0 3.166364
269.71 85.0 3.1730578
270.8033 85.0 3.1859212
268.41562 85.0 3.1578314
270.58014 85.0 3.1832957
267.95822 85.0 3.1524496
269.93304 85.0 3.1756828
269.4868 85.0 3.1704326
269.97757 85.0 3.1762075
269.70993 85.0 3.1730585
253.11943 86.0 2.943249
252.74011 86.0 2.9388378
252.662 86.0 2.937931
254.33551 86.0 2.9573898
249.39293 86.0 2.8999186
251.34543 86.0 2.9226208
251.97023 86.0 2.9298866
253.40952 86.0 2.9466224
250.30792 86.0 2.9105568
251.20042 86.0 2.920935
249.72769 86.0 2.9038103
248.52275 86.0 2.889799
252.39423 86.0 2.9348161
248.15454 86.0 2.8855178
253.49881 86.0 2.947661
251.0888 86.0 2.9196377
252.66199 86.0 2.9379303
251.30078 86.0 2.922103
251.98137 86.0 2.9300156
252.12643 86.0 2.9317033
252.18217 86.0 2.9323516
253.58801 86.0 2.9486988
252.87396 86.0 2.940395
253.10828 86.0 2.9431188
252.66196 86.0 2.93793
250.35251 86.0 2.911076
252.78471 86.0 2.9393566
252.46118 86.0 2.9355948
252.22682 86.0 2.9328692
251.9256 86.0 2.9293683
253.0859 86.0 2.9428594
253.16405 86.0 2.9437683
251.85864 86.0 2.9285889
251.1335 86.0 2.9201567
251.98135 86.0 2.930017
250.9438 86.0 2.917951
253.81108 86.0 2.9512923
253.65495 86.0 2.9494772
252.85172 86.0 2.9401362
253.45412 86.0 2.9471405
252.23798 86.0 2.933
235.9711 87.0 2.7123108
234.13013 87.0 2.6911516
234.08556 87.0 2.6906388
233.22641 87.0 2.6807632
234.56526 87.0 2.6961536
234.23056 87.0 2.6923053
233.07024 87.0 2.678969
233.90709 87.0 2.688587
235.39095 87.0 2.7056425
234.98924 87.0 2.7010252
233.22647 87.0 2.680764
237.0198 87.0 2.724366
235.01155 87.0 2.7012825
234.96696 87.0 2.700769
235.15657 87.0 2.7029502
235.19005 87.0 2.7033339
234.81084 87.0 2.6989741
233.90694 87.0 2.688587
235.37973 87.0 2.705514
235.26816 87.0 2.7042322
236.02687 87.0 2.7129526
234.1636 87.0 2.6915362
235.40204 87.0 2.7057705
235.06741 87.0 2.7019236
233.5835 87.0 2.6848671
235.17894 87.0 2.7032058
235.99336 87.0 2.7125676
235.49133 87.0 2.7067971
233.20413 87.0 2.6805074
233.00325 87.0 2.678199
234.28635 87.0 2.692947
232.44539 87.0 2.6717868
234.52068 87.0 2.6956398
233.73965 87.0 2.6866639
230.86115 87.0 2.6535764
234.264 87.0 2.6926913
233.01451 87.0 2.678328
233.0814 87.0 2.6790962
233.72856 87.0 2.6865356
235.48018 87.0 2.7066686
235.0785 87.0 2.7020519
218.24257 88.0 2.4800289
216.44623 88.0 2.4596167
219.11281 88.0 2.4899185
217.94138 88.0 2.4766057
216.9707 88.0 2.4655762
218.2537 88.0 2.4801555
220.23969 88.0 2.5027232
218.36531 88.0 2.4814231
217.53964 88.0 2.472042
218.7223 88.0 2.4854813
218.6219 88.0 2.4843407
219.09045 88.0 2.489665
219.6149 88.0 2.4956238
218.13101 88.0 2.4787612
218.16441 88.0 2.4791408
217.50616 88.0 2.4716618
218.81158 88.0 2.4864943
217.495 88.0 2.4715347
217.28308 88.0 2.4691253
218.30952 88.0 2.4807901
215.5426 88.0 2.449347
217.59547 88.0 2.4726753
217.61772 88.0 2.4729292
217.94128 88.0 2.4766054
217.58432 88.0 2.4725482
216.84796 88.0 2.4641812
218.06407 88.0 2.478001
216.88144 88.0 2.4645615
216.63594 88.0 2.461772
218.8115 88.0 2.4864957
216.94833 88.0 2.465322
218.32063 88.0 2.480917
214.91771 88.0 2.4422467
218.56607 88.0 2.483706
218.54382 88.0 2.4834528
217.08221 88.0 2.466843
217.99716 88.0 2.47724
216.93721 88.0 2.465196
218.08638 88.0 2.478254
216.94832 88.0 2.4653218
217.94133 88.0 2.476606
200.75952 89.0 2.2557242
199.73305 89.0 2.244192
201.35074 89.0 2.262368
200.61443 89.0 2.2540946
201.35085 89.0 2.2623692
198.95207 89.0 2.235417
199.37605 89.0 2.2401803
200.3244 89.0 2.2508357
202.13179 89.0 2.2711442
199.48761 89.0 2.2414336
202.45537 89.0 2.2747793
199.90038 89.0 2.246072
200.11246 89.0 2.248454
200.38022 89.0 2.251462
202.08716 89.0 2.2706428
200.224 89.0 2.2497077
202.4665 89.0 2.2749047
199.39836 89.0 2.24043
201.19463 89.0 2.2606134
198.7066 89.0 2.232658
200.2463 89.0 2.2499583
199.62149 89.0 2.2429373
200.82642 89.0 2.2564757
199.96729 89.0 2.2468238
201.8976 89.0 2.2685118
199.83348 89.0 2.2453196
200.0231 89.0 2.2474504
198.80702 89.0 2.2337866
199.49873 89.0 2.2415593
201.3173 89.0 2.2619927
199.73308 89.0 2.2441912
199.19756 89.0 2.2381742
201.28389 89.0 2.261616
200.40245 89.0 2.2517135
199.71074 89.0 2.2439399
199.39835 89.0 2.2404304
200.30212 89.0 2.2505848
200.09003 89.0 2.2482028
200.68144 89.0 2.2548473
202.38841 89.0 2.2740269
201.45123 89.0 2.2634969
183.38809 90.0 2.0376446
184.3029 90.0 2.0478094
184.47025 90.0 2.04967
183.20944 90.0 2.0356607
182.74089 90.0 2.0304546
181.45784 90.0 2.016198
182.50659 90.0 2.0278502
181.74803 90.0 2.0194213
183.49957 90.0 2.0388844
183.3211 90.0 2.0369012
184.16898 90.0 2.0463223
182.97516 90.0 2.0330575
180.36444 90.0 2.0040488
181.36858 90.0 2.0152063
182.7297 90.0 2.0303302
180.44254 90.0 2.0049164
184.09091 90.0 2.0454543
184.43672 90.0 2.0492976
182.96404 90.0 2.0329335
182.79668 90.0 2.0310743
181.48021 90.0 2.016446
184.07976 90.0 2.0453308
182.84135 90.0 2.0315697
183.00865 90.0 2.0334296
183.1872 90.0 2.035412
184.05745 90.0 2.0450826
182.17188 90.0 2.0241318
184.03513 90.0 2.0448349
182.17192 90.0 2.0241318
182.30579 90.0 2.0256197
182.08263 90.0 2.02314
183.68925 90.0 2.040991
183.1537 90.0 2.035041
183.38805 90.0 2.0376441
182.72972 90.0 2.030331
184.04625 90.0 2.044958
183.23178 90.0 2.0359087
182.58473 90.0 2.0287187
183.83429 90.0 2.0426033
183.59998 90.0 2.0400002
182.22766 90.0 2.024751
