128.56462 1.0 128.56462
128.49547 1.0 128.49547
127.922 1.0 127.922
128.27899 1.0 128.27899
128.45975 1.0 128.45975
128.66058 1.0 128.66058
128.4642 1.0 128.4642
128.62485 1.0 128.62485
128.43744 1.0 128.43744
128.6561 1.0 128.6561
128.26778 1.0 128.26778
128.2098 1.0 128.2098
128.48875 1.0 128.48875
128.64272 1.0 128.64272
128.4263 1.0 128.4263
128.16295 1.0 128.16295
128.63605 1.0 128.63605
128.39725 1.0 128.39725
128.36604 1.0 128.36604
128.62485 1.0 128.62485
128.84804 1.0 128.84804
128.37276 1.0 128.37276
128.14511 1.0 128.14511
128.32362 1.0 128.32362
128.12056 1.0 128.12056
128.62932 1.0 128.62932
128.35263 1.0 128.35263
128.50436 1.0 128.50436
128.10497 1.0 128.10497
128.53786 1.0 128.53786
128.33473 1.0 128.33473
128.0804 1.0 128.0804
128.84804 1.0 128.84804
128.3504 1.0 128.3504
128.15182 1.0 128.15182
128.61151 1.0 128.61151
128.16747 1.0 128.16747
128.37495 1.0 128.37495
128.48653 1.0 128.48653
128.0737 1.0 128.0737
128.29463 1.0 128.29463
256.7923 2.0 128.39615
256.7276 2.0 128.3638
256.60275 2.0 128.30138
256.84366 2.0 128.42183
256.9217 2.0 128.46085
257.23856 2.0 128.61928
256.9016 2.0 128.4508
256.50006 2.0 128.25003
257.42377 2.0 128.71188
256.6205 2.0 128.31026
256.982 2.0 128.491
257.0846 2.0 128.5423
256.98648 2.0 128.49324
256.32593 2.0 128.16296
256.53345 2.0 128.26672
256.5803 2.0 128.29015
256.57812 2.0 128.28906
256.83917 2.0 128.41959
256.22998 2.0 128.11499
256.71643 2.0 128.35822
256.74094 2.0 128.37047
256.83252 2.0 128.41626
256.7142 2.0 128.3571
257.20517 2.0 128.60258
257.03326 2.0 128.51663
256.58035 2.0 128.29018
256.71866 2.0 128.35933
257.27426 2.0 128.63713
257.1002 2.0 128.5501
256.75443 2.0 128.37721
256.70978 2.0 128.35489
256.8548 2.0 128.4274
257.2654 2.0 128.6327
257.1851 2.0 128.59254
257.397 2.0 128.6985
256.64505 2.0 128.32253
256.50665 2.0 128.25333
257.3658 2.0 128.6829
255.91983 2.0 127.959915
256.68292 2.0 128.34146
256.97748 2.0 128.48874
384.85712 3.0 128.28566
385.11588 3.0 128.37201
384.4041 3.0 128.1347
385.19403 3.0 128.39801
384.83026 3.0 128.27678
385.0266 3.0 128.34221
385.27884 3.0 128.42624
385.00204 3.0 128.33405
385.49753 3.0 128.49915
385.65814 3.0 128.5527
384.46442 3.0 128.15479
385.8212 3.0 128.60696
385.22983 3.0 128.4099
385.5756 3.0 128.5252
385.34128 3.0 128.4471
384.3125 3.0 128.10414
385.2164 3.0 128.40544
385.0535 3.0 128.35114
385.1561 3.0 128.38536
384.70087 3.0 128.2336
384.7633 3.0 128.25444
384.84598 3.0 128.28198
384.8103 3.0 128.27007
384.37503 3.0 128.12503
384.98212 3.0 128.32735
385.3659 3.0 128.45528
384.05823 3.0 128.01942
384.64062 3.0 128.21353
384.78577 3.0 128.2619
384.297 3.0 128.09897
385.70502 3.0 128.56831
385.13376 3.0 128.37794
384.2591 3.0 128.08635
384.5201 3.0 128.17337
385.30334 3.0 128.43443
385.18283 3.0 128.3943
384.6696 3.0 128.2232
385.08694 3.0 128.36234
384.59375 3.0 128.19792
384.63382 3.0 128.21132
385.0535 3.0 128.35112
512.3887 4.0 128.09717
513.32135 4.0 128.33034
513.3973 4.0 128.34932
513.8479 4.0 128.46198
513.1717 4.0 128.29292
512.7144 4.0 128.1786
512.2525 4.0 128.06313
512.65173 4.0 128.16293
513.2165 4.0 128.30412
513.06903 4.0 128.26726
512.5537 4.0 128.13843
512.43317 4.0 128.10829
513.5177 4.0 128.37943
511.853 4.0 127.96325
512.2236 4.0 128.0559
513.1295 4.0 128.28238
512.45996 4.0 128.11499
512.52484 4.0 128.13121
512.29474 4.0 128.07368
512.41315 4.0 128.10329
512.55597 4.0 128.13899
513.6181 4.0 128.40453
513.049 4.0 128.26225
514.1962 4.0 128.54906
513.03564 4.0 128.25891
514.14685 4.0 128.53671
512.7947 4.0 128.19867
513.3591 4.0 128.33977
512.41315 4.0 128.10329
512.4623 4.0 128.11557
512.5515 4.0 128.13788
512.2658 4.0 128.06645
512.9934 4.0 128.24835
513.05347 4.0 128.26337
513.09375 4.0 128.27344
513.15393 4.0 128.28848
512.66315 4.0 128.16579
512.27716 4.0 128.06929
512.0338 4.0 128.00845
512.672 4.0 128.168
512.73224 4.0 128.18306
640.0386 5.0 128.0077
640.3463 5.0 128.06924
640.61847 5.0 128.1237
640.70776 5.0 128.14156
640.5649 5.0 128.113
640.1859 5.0 128.03716
638.8557 5.0 127.771126
641.1988 5.0 128.23972
640.40424 5.0 128.08087
640.59174 5.0 128.11835
640.68555 5.0 128.13708
640.3575 5.0 128.07147
640.8996 5.0 128.17992
641.1317 5.0 128.22638
641.04254 5.0 128.20851
641.02246 5.0 128.2045
640.85065 5.0 128.17012
640.6656 5.0 128.13307
641.48444 5.0 128.29686
641.10504 5.0 128.22101
641.8435 5.0 128.36871
640.11414 5.0 128.02287
640.4266 5.0 128.08531
640.9153 5.0 128.18307
641.337 5.0 128.26741
640.3753 5.0 128.07509
642.0222 5.0 128.40442
640.8484 5.0 128.16968
640.83295 5.0 128.16653
640.4445 5.0 128.0889
640.72107 5.0 128.14421
641.5422 5.0 128.3084
640.94214 5.0 128.18842
640.922 5.0 128.1844
641.41956 5.0 128.28394
640.8999 5.0 128.17993
641.23206 5.0 128.24643
640.9846 5.0 128.1969
641.8437 5.0 128.36876
641.4507 5.0 128.29018
641.14526 5.0 128.22905
769.4663 6.0 128.24443
767.3623 6.0 127.893745
768.76587 6.0 128.12766
767.8018 6.0 127.966965
767.56104 6.0 127.92684
767.543 6.0 127.92385
769.0648 6.0 128.17747
768.516 6.0 128.08601
768.9469 6.0 128.15775
766.94293 6.0 127.82381
769.1385 6.0 128.18977
768.1703 6.0 128.02837
768.75464 6.0 128.12581
767.6481 6.0 127.94133
769.5247 6.0 128.2541
769.3841 6.0 128.23065
768.23486 6.0 128.03912
768.90204 6.0 128.15033
768.61194 6.0 128.102
769.69196 6.0 128.28201
769.27234 6.0 128.21208
769.0471 6.0 128.1745
767.4025 6.0 127.90043
768.09216 6.0 128.0153
769.91516 6.0 128.31918
767.7035 6.0 127.95063
768.18774 6.0 128.03131
767.9896 6.0 127.998245
769.3167 6.0 128.21951
767.9558 6.0 127.99267
767.1436 6.0 127.85725
768.0026 6.0 128.00043
767.13043 6.0 127.85505
768.90643 6.0 128.15106
768.3708 6.0 128.06181
768.1277 6.0 128.0213
767.8868 6.0 127.98111
768.0651 6.0 128.01085
768.79724 6.0 128.13283
768.74585 6.0 128.12428
768.2708 6.0 128.04509
894.55707 7.0 127.79389
894.92706 7.0 127.84678
895.65704 7.0 127.95103
896.04315 7.0 128.00618
894.68427 7.0 127.81206
894.6218 7.0 127.80313
896.21265 7.0 128.0304
895.7483 7.0 127.96408
895.5053 7.0 127.92937
896.30176 7.0 128.04317
895.41595 7.0 127.91658
895.8334 7.0 127.97617
895.7331 7.0 127.96183
895.23517 7.0 127.89077
895.1752 7.0 127.882164
896.28394 7.0 128.04059
896.35077 7.0 128.05019
895.5099 7.0 127.92997
895.16833 7.0 127.881226
895.73517 7.0 127.96216
895.15717 7.0 127.87962
894.6415 7.0 127.805954
895.01886 7.0 127.859856
894.3783 7.0 127.76837
895.31525 7.0 127.90227
896.5115 7.0 128.07312
895.93353 7.0 127.99053
896.36456 7.0 128.05208
895.26855 7.0 127.89556
894.22437 7.0 127.74634
896.45795 7.0 128.06544
894.403 7.0 127.77189
895.1192 7.0 127.87419
897.94196 7.0 128.27744
895.5211 7.0 127.931564
896.27985 7.0 128.03998
895.367 7.0 127.90961
896.3263 7.0 128.04663
896.2127 7.0 128.03036
896.1591 7.0 128.02272
895.3846 7.0 127.912155
1022.4499 8.0 127.80624
1020.5467 8.0 127.56834
1022.0191 8.0 127.75239
1022.61755 8.0 127.827194
1023.64374 8.0 127.95547
1023.8671 8.0 127.98339
1021.4303 8.0 127.67879
1023.54803 8.0 127.943504
1022.0258 8.0 127.75323
1021.448 8.0 127.681
1021.2313 8.0 127.653915
1020.7831 8.0 127.597885
1021.48596 8.0 127.685745
1021.6311 8.0 127.70389
1020.71185 8.0 127.58898
1021.0846 8.0 127.635574
1021.19147 8.0 127.64893
1020.70496 8.0 127.58812
1021.4903 8.0 127.68629
1023.1014 8.0 127.88767
1021.428 8.0 127.6785
1022.5034 8.0 127.81293
1021.58655 8.0 127.69832
1022.22906 8.0 127.77863
1022.9989 8.0 127.87486
1021.3455 8.0 127.66819
1020.29663 8.0 127.53708
1022.075 8.0 127.75938
1022.87177 8.0 127.85897
1022.42755 8.0 127.803444
1020.66034 8.0 127.58254
1022.9141 8.0 127.864265
1022.5326 8.0 127.816574
1022.0951 8.0 127.76189
1023.8937 8.0 127.98671
1019.98883 8.0 127.498604
1020.91693 8.0 127.61462
1021.319 8.0 127.66487
1023.72845 8.0 127.96606
1021.82983 8.0 127.72873
1022.999 8.0 127.87488
1145.8022 9.0 127.31135
1145.3446 9.0 127.26048
1145.3375 9.0 127.25976
1145.4517 9.0 127.272415
1146.1903 9.0 127.35446
1147.3374 9.0 127.481926
1149.4503 9.0 127.716736
1147.8639 9.0 127.540436
1145.0991 9.0 127.23327
1148.4556 9.0 127.60614
1150.4237 9.0 127.82482
1148.0671 9.0 127.56302
1147.9062 9.0 127.54514
1147.5226 9.0 127.502495
1149.6404 9.0 127.73781
1145.916 9.0 127.32399
1146.4469 9.0 127.38303
1147.3821 9.0 127.4869
1146.3665 9.0 127.37408
1148.1918 9.0 127.57687
1148.5739 9.0 127.61929
1147.5807 9.0 127.50897
1148.8569 9.0 127.65078
1145.1107 9.0 127.23449
1148.011 9.0 127.55676
1147.6029 9.0 127.51142
1148.1273 9.0 127.56967
1146.978 9.0 127.44205
1139.4625 9.0 126.607
1149.841 9.0 127.7601
1148.0559 9.0 127.56175
1147.8793 9.0 127.54217
1144.9117 9.0 127.21243
1146.4916 9.0 127.38796
1146.7036 9.0 127.411545
1147.922 9.0 127.54691
1148.9911 9.0 127.66565
1144.9856 9.0 127.22062
1146.3845 9.0 127.37605
1149.6604 9.0 127.74004
1147.9844 9.0 127.55384
1272.2314 10.0 127.22317
1271.3391 10.0 127.133896
1271.7297 10.0 127.17294
1270.4951 10.0 127.04956
1267.6993 10.0 126.76994
1269.8773 10.0 126.98771
1271.5596 10.0 127.15596
1274.6772 10.0 127.46772
1272.9294 10.0 127.292984
1273.4323 10.0 127.34312
1270.6022 10.0 127.06025
1266.0034 10.0 126.60036
1267.331 10.0 126.73313
1263.752 10.0 126.37523
1272.5817 10.0 127.258194
1271.198 10.0 127.1198
1268.0564 10.0 126.805664
1266.9875 10.0 126.69876
1248.4713 10.0 124.84713
1209.4109 10.0 120.94107
1212.9004 10.0 121.29004
1226.2865 10.0 122.62868
1270.7786 10.0 127.07785
1267.8821 10.0 126.78825
1266.5679 10.0 126.65679
1266.9873 10.0 126.698746
1271.5684 10.0 127.15687
1270.7319 10.0 127.0732
1273.1882 10.0 127.31888
1273.9789 10.0 127.39788
1267.184 10.0 126.71844
1224.1825 10.0 122.418236
1194.7793 10.0 119.47796
1223.4664 10.0 122.34662
1263.0714 10.0 126.30712
1227.8801 10.0 122.78798
1220.5543 10.0 122.055466
1192.7507 10.0 119.27508
1189.7651 10.0 118.97652
1264.0892 10.0 126.4089
1246.1151 10.0 124.61147
1207.8082 11.0 109.80075
1247.2463 11.0 113.386024
1232.706 11.0 112.06419
1232.8113 11.0 112.07377
1294.3358 11.0 117.66688
1229.3146 11.0 111.75587
1313.3762 11.0 119.39783
1388.63 11.0 126.23912
1383.3883 11.0 125.76264
1343.8972 11.0 122.17248
1275.9286 11.0 115.993546
1210.6735 11.0 110.061226
1152.356 11.0 104.75959
1157.0105 11.0 105.18277
1176.6578 11.0 106.96894
1210.5331 11.0 110.04845
1213.4224 11.0 110.31112
1209.3035 11.0 109.93669
1240.1393 11.0 112.73991
1251.3835 11.0 113.76212
1305.0779 11.0 118.64339
1256.8103 11.0 114.255455
1281.7505 11.0 116.52277
1224.5504 11.0 111.32283
1180.931 11.0 107.35736
1148.1473 11.0 104.37703
1144.2604 11.0 104.02366
1189.1113 11.0 108.10104
1186.3826 11.0 107.85294
1242.6318 11.0 112.96652
1266.0504 11.0 115.09551
1232.3647 11.0 112.033195
1206.3177 11.0 109.665276
1185.4786 11.0 107.77081
1195.4644 11.0 108.678535
1212.7443 11.0 110.2495
1214.701 11.0 110.42741
1211.9988 11.0 110.181725
1179.2866 11.0 107.20788
1194.8397 11.0 108.62178
1201.2213 11.0 109.20195
1266.3623 12.0 105.53024
1204.9767 12.0 100.41473
1262.8326 12.0 105.23606
1257.3522 12.0 104.77938
1271.8813 12.0 105.99007
1281.3418 12.0 106.778534
1261.445 12.0 105.12039
1192.9094 12.0 99.409096
1186.1459 12.0 98.845505
1165.4722 12.0 97.12267
1238.6621 12.0 103.22183
1236.5802 12.0 103.048355
1241.1434 12.0 103.42863
1209.0446 12.0 100.753716
1179.0432 12.0 98.25362
1198.6934 12.0 99.89107
1184.8363 12.0 98.73633
1261.4089 12.0 105.11743
1296.8064 12.0 108.06715
1278.4365 12.0 106.53639
1218.209 12.0 101.51743
1219.7063 12.0 101.64216
1216.6578 12.0 101.388176
1177.6514 12.0 98.13759
1193.2174 12.0 99.43477
1180.1409 12.0 98.34511
1234.1101 12.0 102.84248
1200.2638 12.0 100.022026
1195.3795 12.0 99.61495
1212.4567 12.0 101.03804
1211.4614 12.0 100.95511
1226.6974 12.0 102.22476
1251.2987 12.0 104.274864
1182.6714 12.0 98.55598
1191.2157 12.0 99.267975
1190.0552 12.0 99.17127
1214.9468 12.0 101.245544
1209.8124 12.0 100.81768
1173.8934 12.0 97.82446
1159.5947 12.0 96.63286
1140.4064 12.0 95.03388
1141.2833 13.0 87.79106
1156.4882 13.0 88.960625
1141.6561 13.0 87.81968
1248.5181 13.0 96.03987
1224.363 13.0 94.1818
1220.4513 13.0 93.880875
1194.779 13.0 91.906105
1167.6456 13.0 89.81887
1215.2189 13.0 93.47834
1191.1978 13.0 91.63058
1202.2167 13.0 92.47817
1230.5198 13.0 94.65532
1148.185 13.0 88.32194
1214.8772 13.0 93.452126
1196.5776 13.0 92.04444
1216.4752 13.0 93.575
1162.3724 13.0 89.41328
1158.3871 13.0 89.1067
1197.7518 13.0 92.13473
1194.0315 13.0 91.84862
1194.3799 13.0 91.87539
1184.5884 13.0 91.122185
1226.6927 13.0 94.360985
1229.1342 13.0 94.54877
1172.599 13.0 90.19995
1224.4484 13.0 94.18831
1178.5099 13.0 90.65461
1206.8334 13.0 92.83331
1269.8365 13.0 97.67975
1201.8304 13.0 92.44849
1141.8431 13.0 87.83409
1142.589 13.0 87.89144
1148.714 13.0 88.36262
1146.3063 13.0 88.17741
1155.955 13.0 88.91963
1248.3418 13.0 96.02631
1231.5438 13.0 94.73413
1139.5787 13.0 87.65992
1176.5957 13.0 90.50733
1189.5914 13.0 91.507
1219.5852 13.0 93.81429
1197.0154 14.0 85.501076
1161.0717 14.0 82.93364
1143.8118 14.0 81.70081
1158.976 14.0 82.78404
1176.6447 14.0 84.046036
1209.0176 14.0 86.358406
1197.0192 14.0 85.5014
1233.0923 14.0 88.07802
1240.6525 14.0 88.61802
1213.5631 14.0 86.683075
1195.9104 14.0 85.42219
1273.0679 14.0 90.93341
1209.6089 14.0 86.40064
1174.8394 14.0 83.917076
1159.2861 14.0 82.80612
1122.4861 14.0 80.177605
1152.0522 14.0 82.28945
1151.6487 14.0 82.260574
1212.8622 14.0 86.63303
1222.1315 14.0 87.295135
1248.6472 14.0 89.18909
1227.0431 14.0 87.64594
1187.0851 14.0 84.7918
1192.5701 14.0 85.1836
1153.6296 14.0 82.402115
1130.9495 14.0 80.78212
1139.5228 14.0 81.39451
1197.0845 14.0 85.50601
1202.6472 14.0 85.90335
1161.1182 14.0 82.93704
1234.813 14.0 88.2009
1244.6332 14.0 88.902374
1203.2476 14.0 85.94626
1153.0117 14.0 82.357956
1198.0304 14.0 85.573586
1212.1233 14.0 86.58028
1148.754 14.0 82.05387
1138.782 14.0 81.34156
1146.4893 14.0 81.8921
1171.4274 14.0 83.67339
1197.055 14.0 85.503944
1220.5695 15.000001 81.37132
1168.0249 15.000001 77.86832
1241.3419 15.000001 82.75614
1198.046 15.000001 79.86972
1199.4808 15.000001 79.96541
1180.1345 15.000001 78.6756
1142.1135 15.000001 76.14089
1219.376 15.000001 81.291725
1206.9407 15.000001 80.4627
1212.1887 15.000001 80.81259
1179.1282 15.000001 78.608536
1197.9812 15.000001 79.865395
1145.3334 15.000001 76.355576
1156.1335 15.000001 77.07554
1184.5303 15.000001 78.96866
1242.9752 15.000001 82.86501
1218.5819 15.000001 81.238785
1139.726 15.000001 75.98172
1112.7104 15.000001 74.18068
1194.5874 15.000001 79.63917
1206.5232 15.000001 80.434875
1148.7052 15.000001 76.580315
1206.436 15.000001 80.42907
1150.3545 15.000001 76.69026
1122.9818 15.000001 74.86542
1146.2484 15.000001 76.416534
1177.495 15.000001 78.49966
1194.964 15.000001 79.6643
1169.5732 15.000001 77.971535
1128.7808 15.000001 75.25206
1138.3804 15.000001 75.892006
1168.1919 15.000001 77.87947
1183.7179 15.000001 78.914536
1186.266 15.000001 79.08444
1213.2241 15.000001 80.881584
1190.1803 15.000001 79.345345
1151.6237 15.000001 76.774925
1203.5486 15.000001 80.236565
1185.5901 15.000001 79.039345
1152.0767 15.000001 76.80512
1172.0634 15.000001 78.13758
1130.0461 16.0 70.627884
1190.6687 16.0 74.416794
1203.0308 16.0 75.18942
1168.1476 16.0 73.009224
1175.9525 16.0 73.49703
1202.0625 16.0 75.12891
1158.3539 16.0 72.39712
1180.3062 16.0 73.769135
1134.0985 16.0 70.88116
1171.1465 16.0 73.196655
1103.1958 16.0 68.94974
1108.8546 16.0 69.30341
1168.4261 16.0 73.026634
1161.5426 16.0 72.59641
1172.6324 16.0 73.28953
1173.4628 16.0 73.34142
1179.9851 16.0 73.74907
1198.7909 16.0 74.92443
1215.81 16.0 75.98813
1211.9902 16.0 75.74939
1185.6302 16.0 74.10189
1162.4396 16.0 72.65247
1194.7925 16.0 74.67453
1220.9515 16.0 76.30947
1234.1235 16.0 77.13272
1184.4966 16.0 74.03104
1195.2211 16.0 74.70132
1180.547 16.0 73.78419
1145.4873 16.0 71.59296
1133.3108 16.0 70.831924
1172.4226 16.0 73.27641
1167.0583 16.0 72.94115
1138.0946 16.0 71.13091
1155.009 16.0 72.188065
1143.8877 16.0 71.49298
1212.4409 16.0 75.77756
1185.4094 16.0 74.08809
1157.0217 16.0 72.31386
1132.815 16.0 70.800934
1206.2754 16.0 75.39221
1239.2827 16.0 77.45517
1118.3 17.0 65.78234
1144.055 17.0 67.29733
1136.738 17.0 66.86693
1126.1946 17.0 66.24676
1142.9856 17.0 67.23446
1170.4456 17.0 68.84974
1152.0743 17.0 67.76908
1169.2075 17.0 68.776886
1141.4465 17.0 67.14391
1164.1332 17.0 68.47841
1180.855 17.0 69.462074
1184.8293 17.0 69.69584
1119.9712 17.0 65.88066
1130.035 17.0 66.472626
1170.6935 17.0 68.86431
1176.1742 17.0 69.186714
1203.0376 17.0 70.76692
1203.785 17.0 70.81088
1109.3389 17.0 65.25522
1069.999 17.0 62.94111
1105.2485 17.0 65.014626
1198.6154 17.0 70.506744
1145.9136 17.0 67.40669
1178.5299 17.0 69.3253
1150.2716 17.0 67.66305
1145.1234 17.0 67.3602
1159.3087 17.0 68.19463
1123.0574 17.0 66.06219
1179.2018 17.0 69.36479
1152.9314 17.0 67.819496
1150.7601 17.0 67.69179
1201.3572 17.0 70.66809
1162.6648 17.0 68.39205
1179.2461 17.0 69.367455
1121.3168 17.0 65.95983
1191.133 17.0 70.06664
1088.9658 17.0 64.0568
1130.6421 17.0 66.50835
1162.9481 17.0 68.40872
1185.8916 17.0 69.758316
1152.7263 17.0 67.807434
1116.3654 18.0 62.020283
1174.1478 18.0 65.23042
1200.1566 18.0 66.67538
1134.7455 18.0 63.04143
1130.1243 18.0 62.78467
1126.6565 18.0 62.592026
1168.4957 18.0 64.9164
1144.5015 18.0 63.58339
1183.7115 18.0 65.76174
1109.0107 18.0 61.611717
1130.7714 18.0 62.820633
1170.6755 18.0 65.037544
1149.4617 18.0 63.85897
1135.3232 18.0 63.07351
1159.2393 18.0 64.40218
1157.086 18.0 64.28257
1159.2972 18.0 64.40542
1185.0144 18.0 65.83414
1220.645 18.0 67.81362
1263.9081 18.0 70.217125
1181.5447 18.0 65.641365
1113.6428 18.0 61.86905
1122.5596 18.0 62.36444
1190.0889 18.0 66.11604
1189.3193 18.0 66.07327
1189.078 18.0 66.05988
1181.0515 18.0 65.61396
1198.3942 18.0 66.57746
1134.8104 18.0 63.045006
1147.5271 18.0 63.751503
1151.521 18.0 63.973404
1134.6047 18.0 63.033596
1118.9292 18.0 62.16273
1082.0131 18.0 60.11183
1146.0698 18.0 63.670536
1132.9938 18.0 62.944096
1156.4795 18.0 64.24886
1144.0127 18.0 63.556244
1168.3214 18.0 64.90672
1153.3862 18.0 64.07702
1156.3033 18.0 64.239044
1132.746 19.0 59.618225
1149.421 19.0 60.495853
1103.3424 19.0 58.070683
1113.2146 19.0 58.590244
1133.11 19.0 59.637356
1168.8455 19.0 61.518204
1152.2642 19.0 60.645477
1162.0554 19.0 61.16083
1150.6062 19.0 60.558228
1120.3129 19.0 58.96382
1106.933 19.0 58.259655
1105.9913 19.0 58.21008
1123.3492 19.0 59.123665
1118.3892 19.0 58.862583
1129.1938 19.0 59.43125
1099.1008 19.0 57.84741
1111.5878 19.0 58.50461
1137.0348 19.0 59.843956
1160.614 19.0 61.084957
1136.2406 19.0 59.80212
1093.4357 19.0 57.549217
1056.365 19.0 55.59816
1103.5568 19.0 58.081936
1126.0586 19.0 59.266228
1132.2172 19.0 59.59038
1153.5271 19.0 60.711952
1112.2192 19.0 58.53787
1121.0537 19.0 59.002815
1128.5332 19.0 59.396465
1156.051 19.0 60.84479
1185.124 19.0 62.37494
1135.27 19.0 59.751045
1115.5618 19.0 58.713783
1114.964 19.0 58.682327
1137.4138 19.0 59.8639
1143.091 19.0 60.16268
1182.502 19.0 62.236935
1126.4824 19.0 59.288563
1082.7223 19.0 56.985382
1165.1665 19.0 61.324528
1144.8043 19.0 60.252872
1151.0767 20.0 57.55386
1164.849 20.0 58.242462
1088.3121 20.0 54.41561
1100.2412 20.0 55.01206
1098.9292 20.0 54.946472
1122.7672 20.0 56.138363
1174.2498 20.0 58.7125
1116.8942 20.0 55.8447
1108.7247 20.0 55.436237
1132.7905 20.0 56.639526
1152.5095 20.0 57.62547
1130.0684 20.0 56.503433
1156.323 20.0 57.816166
1129.0306 20.0 56.45153
1099.3129 20.0 54.96563
1134.7275 20.0 56.73639
1172.5786 20.0 58.628952
1144.5991 20.0 57.22997
1087.1268 20.0 54.35636
1077.876 20.0 53.893772
1116.7466 20.0 55.837337
1153.4243 20.0 57.67123
1142.6401 20.0 57.131992
1146.8594 20.0 57.342983
1133.5227 20.0 56.67613
1118.3826 20.0 55.919132
1125.619 20.0 56.28094
1080.2922 20.0 54.01461
1124.9695 20.0 56.248478
1100.8682 20.0 55.043415
1119.3823 20.0 55.969097
1133.7635 20.0 56.688183
1098.8867 20.0 54.944324
1093.6207 20.0 54.681023
1115.1691 20.0 55.758457
1086.0562 20.0 54.302807
1159.536 20.0 57.976803
1146.0228 20.0 57.301144
1098.9537 20.0 54.947685
1117.8557 20.0 55.892784
1136.9503 20.0 56.847492
1112.6611 21.0 52.983856
1093.3842 21.0 52.065914
1157.6371 21.0 55.125603
1152.7885 21.0 54.89468
1136.9434 21.0 54.140152
1116.6418 21.0 53.173428
1101.6648 21.0 52.460236
1130.198 21.0 53.818935
1106.9353 21.0 52.711205
1097.3469 21.0 52.254612
1081.7985 21.0 51.514217
1086.7322 21.0 51.749146
1106.1388 21.0 52.673267
1118.6836 21.0 53.270657
1159.9802 21.0 55.237144
1085.6724 21.0 51.698677
1047.9595 21.0 49.90283
1073.7521 21.0 51.13106
1073.598 21.0 51.12373
1109.9344 21.0 52.85403
1138.5497 21.0 54.216667
1138.5897 21.0 54.218567
1093.9242 21.0 52.09163
1103.1713 21.0 52.53194
1133.973 21.0 53.998726
1108.4236 21.0 52.782063
1153.7504 21.0 54.94047
1107.9241 21.0 52.758263
1124.7643 21.0 53.560204
1101.288 21.0 52.44227
1095.5352 21.0 52.16833
1124.4878 21.0 53.54702
1095.9902 21.0 52.190006
1135.377 21.0 54.065563
1112.594 21.0 52.98067
1140.817 21.0 54.324623
1157.2579 21.0 55.107513
1119.6833 21.0 53.31825
1111.9425 21.0 52.94965
1088.5955 21.0 51.83786
1097.0969 21.0 52.242718
1140.8772 22.0 51.858055
1132.737 22.0 51.488045
1110.9962 22.0 50.499847
1095.5801 22.0 49.79907
1121.9795 22.0 50.99907
1151.213 22.0 52.327854
1105.7458 22.0 50.261173
1090.2357 22.0 49.556164
1106.5135 22.0 50.29608
1107.0536 22.0 50.320614
1127.2408 22.0 51.238228
1096.3766 22.0 49.83528
1091.0433 22.0 49.592888
1072.496 22.0 48.749817
1082.3363 22.0 49.197105
1119.44 22.0 50.883644
1136.0819 22.0 51.640106
1087.973 22.0 49.453312
1101.002 22.0 50.045563
1105.1658 22.0 50.23482
1097.7731 22.0 49.898796
1080.8544 22.0 49.12977
1094.5999 22.0 49.754555
1143.0867 22.0 51.958458
1134.6741 22.0 51.576107
1124.4786 22.0 51.11265
1110.677 22.0 50.485348
1146.0182 22.0 52.091743
1097.2487 22.0 49.874943
1114.6335 22.0 50.66517
1111.4293 22.0 50.519516
1104.6213 22.0 50.21007
1139.4714 22.0 51.794174
1113.6852 22.0 50.622078
1120.4689 22.0 50.9304
1155.7499 22.0 52.53407
1140.1007 22.0 51.82277
1073.7499 22.0 48.80682
1087.714 22.0 49.44156
1123.9276 22.0 51.08761
1085.141 22.0 49.324615
1134.4598 23.0 49.32433
1141.6381 23.0 49.636448
1092.7744 23.0 47.51195
1103.4098 23.0 47.974342
1070.2687 23.0 46.53343
1105.6011 23.0 48.069603
1125.2217 23.0 48.922688
1087.1162 23.0 47.265926
1122.1982 23.0 48.791225
1129.7539 23.0 49.119713
1098.9381 23.0 47.77992
1091.2307 23.0 47.444817
1102.7758 23.0 47.946766
1092.4465 23.0 47.497684
1073.2814 23.0 46.664413
1079.2659 23.0 46.924595
1089.12 23.0 47.35305
1109.816 23.0 48.25287
1098.2998 23.0 47.752155
1080.4912 23.0 46.977856
1099.2906 23.0 47.79524
1083.2983 23.0 47.099907
1119.6877 23.0 48.68208
1060.8124 23.0 46.122272
1087.386 23.0 47.27765
1082.5862 23.0 47.068962
1094.5668 23.0 47.589855
1093.2946 23.0 47.534546
1093.5447 23.0 47.54543
1072.5696 23.0 46.633453
1072.0494 23.0 46.61085
1084.6394 23.0 47.15822
1081.4728 23.0 47.020557
1092.5363 23.0 47.50157
1094.8679 23.0 47.60297
1106.5559 23.0 48.111126
1112.4404 23.0 48.36698
1089.4368 23.0 47.366806
1097.7977 23.0 47.73033
1071.8422 23.0 46.601818
1094.9594 23.0 47.606934
1066.1565 24.0 44.42318
1084.7909 24.0 45.199623
1089.8269 24.0 45.409466
1067.9617 24.0 44.498386
1086.7589 24.0 45.28162
1076.5817 24.0 44.85756
1090.8447 24.0 45.45186
1090.9628 24.0 45.45679
1098.6299 24.0 45.77625
1121.5532 24.0 46.731388
1078.282 24.0 44.928417
1075.2401 24.0 44.801697
1084.9357 24.0 45.205673
1099.6477 24.0 45.818653
1108.812 24.0 46.2005
1082.729 24.0 45.113705
1084.7728 24.0 45.198864
1078.7258 24.0 44.946903
1101.9883 24.0 45.91618
1060.7365 24.0 44.197353
1092.8622 24.0 45.535915
1080.9508 24.0 45.039608
1073.7769 24.0 44.740685
1071.3578 24.0 44.63991
1083.5166 24.0 45.146534
1106.6094 24.0 46.10872
1114.7964 24.0 46.449863
1074.5731 24.0 44.773888
1068.8922 24.0 44.537163
1064.5476 24.0 44.356144
1051.4047 24.0 43.808525
1071.2083 24.0 44.633694
1067.1067 24.0 44.46278
1079.2078 24.0 44.967007
1071.2686 24.0 44.63619
1093.132 24.0 45.547157
1139.0807 24.0 47.461704
1076.6459 24.0 44.86026
1087.9194 24.0 45.329967
1104.3383 24.0 46.014076
1095.0151 24.0 45.625618
1102.0508 25.0 44.082035
1088.4951 25.0 43.53981
1064.253 25.0 42.570114
1062.9943 25.0 42.519783
1093.366 25.0 43.734623
1069.9363 25.0 42.79744
1078.7794 25.0 43.15117
1085.8623 25.0 43.43447
1059.0516 25.0 42.362064
1064.6725 25.0 42.586903
1047.9413 25.0 41.91766
1065.496 25.0 42.619835
1076.8226 25.0 43.07291
1073.6896 25.0 42.947594
1062.9655 25.0 42.518612
1080.0135 25.0 43.200535
1050.5099 25.0 42.0204
1076.1643 25.0 43.046577
1068.9344 25.0 42.757378
1084.581 25.0 43.38325
1086.0428 25.0 43.44171
1076.3694 25.0 43.054783
1079.8727 25.0 43.194916
1063.4519 25.0 42.53807
1067.0175 25.0 42.680706
1066.7969 25.0 42.67188
1082.9567 25.0 43.318264
1064.4312 25.0 42.57727
1086.2168 25.0 43.448654
1056.655 25.0 42.266224
1090.5723 25.0 43.62289
1081.5687 25.0 43.26274
1059.3707 25.0 42.37483
1049.6443 25.0 41.98577
1108.4548 25.0 44.338192
1076.9966 25.0 43.079857
1028.6488 25.0 41.14595
1064.3894 25.0 42.575558
1074.4125 25.0 42.97649
1082.0688 25.0 43.282745
1084.253 25.0 43.37012
1070.2445 26.0 41.163246
1055.1868 26.0 40.58411
1056.2625 26.0 40.625465
1050.5745 26.0 40.406708
1066.355 26.0 41.013645
1056.4073 26.0 40.631054
1077.1482 26.0 41.428787
1072.4044 26.0 41.246323
1071.9357 26.0 41.2283
1063.483 26.0 40.903202
1091.0835 26.0 41.964737
1046.2391 26.0 40.23995
1061.3032 26.0 40.81935
1060.8213 26.0 40.80082
1059.5671 26.0 40.75258
1063.3848 26.0 40.89943
1084.2197 26.0 41.700756
1066.5714 26.0 41.02198
1063.6235 26.0 40.908615
1043.6974 26.0 40.142197
1055.2894 26.0 40.58807
1019.1697 26.0 39.198853
1064.9893 26.0 40.961132
1066.982 26.0 41.03778
1037.4873 26.0 39.903362
1040.174 26.0 40.006687
1048.1534 26.0 40.313606
1067.5691 26.0 41.06035
1032.6809 26.0 39.718494
1072.3955 26.0 41.24598
1077.2329 26.0 41.432034
1068.707 26.0 41.104115
1078.3064 26.0 41.473324
1069.3184 26.0 41.12763
1057.0192 26.0 40.65458
1039.3683 26.0 39.97571
1076.7152 26.0 41.412125
1064.6548 26.0 40.948246
1029.6014 26.0 39.60005
1055.9497 26.0 40.613464
1049.8448 26.0 40.378635
1042.7736 27.000002 38.621235
1059.0785 27.000002 39.22512
1058.855 27.000002 39.21686
1044.0475 27.000002 38.66844
1038.4403 27.000002 38.460735
1059.6052 27.000002 39.244625
1036.5613 27.000002 38.39116
1050.5297 27.000002 38.9085
1062.3118 27.000002 39.34487
1043.7621 27.000002 38.657845
1035.0261 27.000002 38.334286
1059.6454 27.000002 39.246113
1037.9049 27.000002 38.440903
1041.5485 27.000002 38.57588
1077.6685 27.000002 39.913647
1051.7751 27.000002 38.95463
1061.9724 27.000002 39.33231
1044.195 27.000002 38.67389
1069.4701 27.000002 39.61
1043.3539 27.000002 38.642727
1056.0863 27.000002 39.114296
1052.2882 27.000002 38.973637
1070.6951 27.000002 39.65537
1047.7029 27.000002 38.80379
1043.7755 27.000002 38.65834
1032.0919 27.000002 38.225628
1049.541 27.000002 38.871902
1016.76666 27.000002 37.658024
1065.9712 27.000002 39.480415
1037.938 27.000002 38.442154
1055.9636 27.000002 39.10975
1076.0283 27.000002 39.852905
1065.371 27.000002 39.45818
1068.6713 27.000002 39.58041
1048.4257 27.000002 38.830578
1056.0973 27.000002 39.11473
1021.98804 27.000002 37.85141
1072.1572 27.000002 39.709515
1054.3835 27.000002 39.051247
1070.6389 27.000002 39.65331
1036.2065 27.000002 38.378025
1047.8275 28.0 37.422417
1052.4691 28.0 37.588177
1051.9735 28.0 37.570477
1039.6293 28.0 37.129623
1044.1145 28.0 37.289803
1031.0431 28.0 36.822968
1058.139 28.0 37.790676
1034.1222 28.0 36.93295
1024.1234 28.0 36.575832
1034.9012 28.0 36.96075
1039.5668 28.0 37.127396
1039.1522 28.0 37.112568
1051.9446 28.0 37.569443
1055.2961 28.0 37.689148
1038.0339 28.0 37.07264
1041.013 28.0 37.17904
1050.8956 28.0 37.531998
1052.6118 28.0 37.59327
1046.3037 28.0 37.367985
1042.2268 28.0 37.222378
1018.1589 28.0 36.362804
1046.5665 28.0 37.377384
1043.3405 28.0 37.26215
1034.9679 28.0 36.963146
1048.2357 28.0 37.437
1032.739 28.0 36.883533
1021.36993 28.0 36.477486
1048.5753 28.0 37.449104
1054.8341 28.0 37.672657
1030.8757 28.0 36.81699
1036.0992 28.0 37.00354
1023.454 28.0 36.551926
1034.3922 28.0 36.942593
1042.1199 28.0 37.218555
1047.8678 28.0 37.42384
1047.1492 28.0 37.39818
1042.7423 28.0 37.24079
1041.0305 28.0 37.179676
1067.2784 28.0 38.1171
1047.7605 28.0 37.42002
1078.862 28.0 38.5308
1033.2274 29.0 35.628532
1060.9105 29.0 36.583107
1025.8418 29.0 35.373844
1018.5049 29.0 35.120857
1041.8182 29.0 35.924786
1011.02496 29.0 34.862934
1038.3196 29.0 35.80412
1053.8477 29.0 36.339584
1010.48505 29.0 34.844315
1036.7466 29.0 35.74988
1043.3004 29.0 35.975864
1014.303 29.0 34.975964
1032.665 29.0 35.609135
1007.42145 29.0 34.738678
992.5958 29.0 34.227444
1029.4634 29.0 35.49873
1033.9858 29.0 35.65469
1020.13574 29.0 35.177105
1043.7935 29.0 35.99287
1038.8484 29.0 35.82236
996.2354 29.0 34.352932
1027.5419 29.0 35.43248
1033.4886 29.0 35.63754
1011.37756 29.0 34.875088
1004.6812 29.0 34.64417
1012.9997 29.0 34.93103
1031.6499 29.0 35.57414
1040.3345 29.0 35.873604
1025.8418 29.0 35.373837
1036.5638 29.0 35.743572
1028.95 29.0 35.48103
1034.5353 29.0 35.673626
1019.859 29.0 35.167553
1032.6987 29.0 35.610302
1041.4838 29.0 35.913223
1034.9924 29.0 35.689396
1013.0823 29.0 34.93387
1050.2107 29.0 36.214188
1024.1123 29.0 35.314213
1013.0065 29.0 34.93126
1026.5243 29.0 35.39739
1023.2534 30.000002 34.108444
1021.073 30.000002 34.035774
1007.9125 30.000002 33.597076
1010.62787 30.000002 33.687588
1022.8026 30.000002 34.093414
996.1241 30.000002 33.20413
1013.86346 30.000002 33.795452
1004.0564 30.000002 33.468555
1020.82104 30.000002 34.027355
1023.27765 30.000002 34.10925
1009.5322 30.000002 33.651073
1009.0549 30.000002 33.63517
1014.15814 30.000002 33.805267
1013.118 30.000002 33.770615
1013.1852 30.000002 33.77284
1021.3897 30.000002 34.046333
994.7983 30.000002 33.159946
990.98035 30.000002 33.032677
1010.8866 30.000002 33.696228
1005.49335 30.000002 33.51645
1021.80927 30.000002 34.06031
1017.6125 30.000002 33.920406
1009.1439 30.000002 33.638134
1013.5959 30.000002 33.786526
1027.6157 30.000002 34.25385
1009.02136 30.000002 33.634037
1013.9773 30.000002 33.799244
1013.28595 30.000002 33.776188
1021.8942 30.000002 34.06315
1014.504 30.000002 33.816795
1003.1214 30.000002 33.437393
989.4722 30.000002 32.982395
1033.0804 30.000002 34.43601
1018.95123 30.000002 33.965023
1040.4373 30.000002 34.68124
992.55804 30.000002 33.085262
991.04974 30.000002 33.034992
989.3182 30.000002 32.977264
1024.8708 30.000002 34.16237
1025.065 30.000002 34.168846
1009.19775 30.000002 33.639915
976.78186 31.0 31.509089
1001.65094 31.0 32.311325
1007.4951 31.0 32.499836
1030.3846 31.0 33.238224
1004.68555 31.0 32.40922
990.987 31.0 31.967323
1024.6144 31.0 33.052074
1006.2143 31.0 32.458515
1015.65967 31.0 32.76322
995.4075 31.0 32.109913
1008.9855 31.0 32.54792
1008.02167 31.0 32.51682
1003.2778 31.0 32.363792
998.6586 31.0 32.214798
998.8642 31.0 32.221416
1008.6842 31.0 32.53821
998.0763 31.0 32.19601
1011.2794 31.0 32.621914
999.5554 31.0 32.243732
1010.40686 31.0 32.593773
997.6277 31.0 32.18154
1000.7849 31.0 32.283394
995.6954 31.0 32.119205
995.1065 31.0 32.1002
990.4201 31.0 31.949038
985.46436 31.0 31.78917
998.5536 31.0 32.21141
1004.10345 31.0 32.390423
1003.15735 31.0 32.35991
996.5368 31.0 32.14635
1015.5325 31.0 32.759106
1008.99457 31.0 32.54821
1000.96124 31.0 32.289078
976.90936 31.0 31.513193
993.6492 31.0 32.053192
1013.42163 31.0 32.691013
988.17096 31.0 31.87649
1020.1472 31.0 32.907967
1011.2861 31.0 32.622128
998.27686 31.0 32.202484
999.99304 31.0 32.25783
1002.14386 32.0 31.316996
992.5604 32.0 31.017513
972.4797 32.0 30.38999
1011.2971 32.0 31.603035
1000.7942 32.0 31.274818
992.61835 32.0 31.019323
1004.4939 32.0 31.390434
969.9516 32.0 30.310987
1006.98364 32.0 31.468239
986.55994 32.0 30.829998
994.19135 32.0 31.06848
993.0531 32.0 31.03291
1001.7267 32.0 31.303959
1003.6703 32.0 31.364697
984.49786 32.0 30.765558
992.56433 32.0 31.017635
1004.9915 32.0 31.405985
984.84625 32.0 30.776445
983.0677 32.0 30.720865
989.57025 32.0 30.92407
994.8607 32.0 31.089397
989.8087 32.0 30.931522
977.6029 32.0 30.55009
983.32214 32.0 30.728817
1003.5008 32.0 31.3594
998.14966 32.0 31.192177
985.59796 32.0 30.799936
993.3145 32.0 31.041079
978.64746 32.0 30.582733
1005.2992 32.0 31.4156
1010.33765 32.0 31.573051
992.89056 32.0 31.02783
987.64905 32.0 30.864033
993.39465 32.0 31.043583
975.9251 32.0 30.49766
981.31647 32.0 30.66614
980.2181 32.0 30.631815
1001.535 32.0 31.297968
989.9292 32.0 30.935287
987.55273 32.0 30.861023
995.3024 32.0 31.1032
974.9457 33.0 29.543804
984.7457 33.0 29.840792
967.0596 33.0 29.30483
970.4806 33.0 29.408495
984.85315 33.0 29.844036
962.8399 33.0 29.176975
971.2147 33.0 29.430748
1007.07526 33.0 30.517435
999.2833 33.0 30.28131
985.6853 33.0 29.869253
979.79663 33.0 29.690807
987.6779 33.0 29.929632
967.69806 33.0 29.324175
983.14374 33.0 29.792238
977.9154 33.0 29.633795
962.2821 33.0 29.160072
998.0672 33.0 30.244453
980.59546 33.0 29.715012
982.2824 33.0 29.766127
969.5809 33.0 29.381237
985.8568 33.0 29.874453
1002.53235 33.0 30.379768
982.8492 33.0 29.783304
991.5268 33.0 30.04627
975.31384 33.0 29.554956
974.77576 33.0 29.538668
960.912 33.0 29.118547
982.8648 33.0 29.783777
995.1038 33.0 30.154665
963.80206 33.0 29.206118
987.6331 33.0 29.928284
966.4596 33.0 29.286646
975.3449 33.0 29.555899
983.2305 33.0 29.794865
960.85394 33.0 29.116796
979.73816 33.0 29.689054
962.1554 33.0 29.156212
981.9321 33.0 29.755516
985.8816 33.0 29.875198
977.3084 33.0 29.615414
960.9857 33.0 29.120787
963.42474 34.0 28.33602
954.76245 34.0 28.08125
973.6045 34.0 28.635433
944.6942 34.0 27.78513
965.01544 34.0 28.382818
970.78394 34.0 28.552464
974.16437 34.0 28.651897
958.2098 34.0 28.182648
955.0995 34.0 28.09116
972.20526 34.0 28.594275
982.588 34.0 28.899649
968.08167 34.0 28.472984
947.4658 34.0 27.866632
977.2483 34.0 28.7426
971.68744 34.0 28.579033
988.6839 34.0 29.078949
977.0184 34.0 28.735836
973.79395 34.0 28.641003
958.7947 34.0 28.199842
981.7044 34.0 28.873665
976.2085 34.0 28.71202
977.15216 34.0 28.739775
956.29095 34.0 28.126207
975.8937 34.0 28.702768
964.1789 34.0 28.358204
964.4938 34.0 28.36746
956.516 34.0 28.132832
968.9833 34.0 28.499498
993.3658 34.0 29.216637
973.97925 34.0 28.64645
963.36005 34.0 28.334124
969.4809 34.0 28.514141
972.6113 34.0 28.606222
972.5087 34.0 28.6032
978.3951 34.0 28.776333
978.4779 34.0 28.77876
983.3692 34.0 28.92262
975.9272 34.0 28.703749
958.2479 34.0 28.18376
967.0239 34.0 28.441887
955.40283 34.0 28.100077
945.5981 35.0 27.017084
964.1389 35.0 27.546822
975.36743 35.0 27.867632
952.99713 35.0 27.228497
964.0608 35.0 27.544588
956.9535 35.0 27.341537
956.5697 35.0 27.33057
962.6457 35.0 27.504171
953.5863 35.0 27.245329
970.2218 35.0 27.720612
945.7833 35.0 27.022379
948.58154 35.0 27.102327
978.7012 35.0 27.962881
941.2402 35.0 26.89257
959.74286 35.0 27.421227
965.868 35.0 27.59623
959.2832 35.0 27.408094
940.7957 35.0 26.879879
958.279 35.0 27.379398
969.57245 35.0 27.702068
952.4259 35.0 27.212177
957.8239 35.0 27.366392
949.26886 35.0 27.121958
948.9605 35.0 27.11317
966.38367 35.0 27.61096
963.5496 35.0 27.529993
959.13165 35.0 27.40376
928.7375 35.0 26.535364
945.8612 35.0 27.024609
937.8707 35.0 26.796305
949.30206 35.0 27.122932
958.8503 35.0 27.395723
954.7514 35.0 27.278605
952.839 35.0 27.22397
970.4624 35.0 27.727507
970.2725 35.0 27.722084
959.45715 35.0 27.413057
954.18463 35.0 27.26242
962.66144 35.0 27.504616
943.73035 35.0 26.963728
963.8713 35.0 27.539167
932.86804 36.0 25.913
943.4669 36.0 26.207422
933.9143 36.0 25.94206
921.83575 36.0 25.606546
954.34735 36.0 26.509642
937.7661 36.0 26.04906
939.74084 36.0 26.103899
953.9167 36.0 26.497688
945.26306 36.0 26.25731
947.1913 36.0 26.310871
936.4469 36.0 26.012419
945.62476 36.0 26.267365
935.64606 36.0 25.990173
943.4286 36.0 26.206364
927.6465 36.0 25.767962
952.91473 36.0 26.469856
964.4066 36.0 26.789062
952.73834 36.0 26.464958
947.68 36.0 26.324444
939.4528 36.0 26.095911
954.03503 36.0 26.500969
952.22754 36.0 26.450775
947.4702 36.0 26.318615
956.17706 36.0 26.560476
943.3623 36.0 26.204498
940.67786 36.0 26.12994
937.6053 36.0 26.044582
929.61646 36.0 25.822685
943.31525 36.0 26.203207
923.49585 36.0 25.652668
944.5717 36.0 26.238102
953.26965 36.0 26.479717
942.12415 36.0 26.170107
950.56067 36.0 26.404459
948.28253 36.0 26.34118
960.1757 36.0 26.671547
933.3256 36.0 25.9257
943.2437 36.0 26.20122
942.8849 36.0 26.191242
942.0014 36.0 26.166693
942.85565 36.0 26.190435
952.1852 37.0 25.73473
938.9308 37.0 25.376505
937.38403 37.0 25.334707
932.34375 37.0 25.198477
935.02783 37.0 25.27102
940.9811 37.0 25.431925
935.4475 37.0 25.282362
932.0265 37.0 25.189907
931.6783 37.0 25.1805
939.77856 37.0 25.39942
933.5617 37.0 25.231403
934.18207 37.0 25.248173
937.1076 37.0 25.327225
925.7988 37.0 25.02158
936.68365 37.0 25.315765
918.6047 37.0 24.827154
919.11127 37.0 24.840849
914.69977 37.0 24.721615
911.3907 37.0 24.632175
944.6589 37.0 25.531315
918.34143 37.0 24.820044
928.5392 37.0 25.095644
937.3976 37.0 25.335073
956.5896 37.0 25.85378
953.3746 37.0 25.766874
939.41473 37.0 25.389593
935.64594 37.0 25.287737
937.043 37.0 25.325487
936.00745 37.0 25.297503
929.9088 37.0 25.132679
941.9052 37.0 25.456894
940.5372 37.0 25.419928
935.84894 37.0 25.293217
933.21814 37.0 25.222113
953.37695 37.0 25.766945
940.32074 37.0 25.414078
938.3794 37.0 25.361607
936.36475 37.0 25.307152
918.10046 37.0 24.813522
930.2102 37.0 25.140823
933.9075 37.0 25.24075
918.0512 38.0 24.159248
915.5658 38.0 24.093828
910.8197 38.0 23.968937
922.2304 38.0 24.26923
926.0108 38.0 24.368698
916.4067 38.0 24.115969
917.96875 38.0 24.157063
927.2627 38.0 24.401648
914.59955 38.0 24.068403
923.17444 38.0 24.29407
938.0472 38.0 24.685448
922.46735 38.0 24.275454
913.5416 38.0 24.040565
911.56464 38.0 23.988546
911.59814 38.0 23.989424
921.83575 38.0 24.258835
921.25574 38.0 24.243576
917.951 38.0 24.156605
911.2835 38.0 23.981142
925.2254 38.0 24.34804
913.5796 38.0 24.041576
921.60156 38.0 24.252666
904.4979 38.0 23.802574
924.44214 38.0 24.327427
913.0353 38.0 24.02724
914.3335 38.0 24.061415
926.8677 38.0 24.391253
925.2677 38.0 24.349152
933.9545 38.0 24.57775
910.5918 38.0 23.962948
921.50757 38.0 24.250202
918.26105 38.0 24.164764
929.07916 38.0 24.449444
927.4186 38.0 24.40576
914.00397 38.0 24.052734
917.71423 38.0 24.15038
938.0718 38.0 24.686096
929.3845 38.0 24.457489
919.9638 38.0 24.209564
927.0752 38.0 24.39672
914.90955 38.0 24.076567
897.3899 39.0 23.009995
914.70087 39.0 23.453873
906.1749 39.0 23.235256
913.9345 39.0 23.43422
900.1427 39.0 23.08058
916.3317 39.0 23.495691
892.1036 39.0 22.874454
908.7176 39.0 23.300453
912.3102 39.0 23.39257
906.09235 39.0 23.233133
912.64984 39.0 23.401285
924.5694 39.0 23.706915
912.5606 39.0 23.39899
917.75543 39.0 23.53219
925.0858 39.0 23.72015
919.02203 39.0 23.564669
920.03864 39.0 23.590734
897.19073 39.0 23.004898
905.364 39.0 23.214466
910.69714 39.0 23.351202
912.489 39.0 23.397158
905.83496 39.0 23.226553
903.6434 39.0 23.170345
899.8609 39.0 23.073362
913.6799 39.0 23.427689
912.7505 39.0 23.403858
914.05084 39.0 23.437208
910.4334 39.0 23.344448
920.72253 39.0 23.608267
930.5177 39.0 23.859417
920.79395 39.0 23.610092
907.07355 39.0 23.258287
904.37854 39.0 23.189196
914.5689 39.0 23.450487
913.62866 39.0 23.426376
910.5363 39.0 23.34709
899.68884 39.0 23.068937
916.97345 39.0 23.512138
906.738 39.0 23.249697
913.4922 39.0 23.422882
902.35675 39.0 23.13735
894.528 40.0 22.363201
890.63837 40.0 22.265963
885.8992 40.0 22.147469
889.52985 40.0 22.238243
885.90784 40.0 22.147696
882.27985 40.0 22.05699
891.88367 40.0 22.297094
901.8602 40.0 22.546507
910.1344 40.0 22.753355
903.0095 40.0 22.575232
902.02783 40.0 22.550686
881.4878 40.0 22.037191
880.3697 40.0 22.009237
888.86456 40.0 22.22162
885.7295 40.0 22.143244
895.4806 40.0 22.387016
892.127 40.0 22.303177
899.57324 40.0 22.48933
899.01086 40.0 22.475273
896.7145 40.0 22.417871
898.0914 40.0 22.452284
903.1968 40.0 22.579927
887.77576 40.0 22.19439
890.5247 40.0 22.26312
909.32227 40.0 22.73305
879.5285 40.0 21.988209
893.8609 40.0 22.346521
888.697 40.0 22.217436
906.2941 40.0 22.657352
895.55896 40.0 22.388973
894.2402 40.0 22.356005
898.1185 40.0 22.452953
896.55615 40.0 22.413898
889.7686 40.0 22.244211
891.08704 40.0 22.277178
886.9991 40.0 22.174974
886.31177 40.0 22.157797
888.50757 40.0 22.21268
892.1604 40.0 22.30401
892.4437 40.0 22.311102
888.2956 40.0 22.207392
872.5041 41.0 21.280588
891.2296 41.0 21.73731
882.0363 41.0 21.513086
886.30316 41.0 21.617142
877.91516 41.0 21.41256
886.77594 41.0 21.628687
875.21515 41.0 21.346704
885.2521 41.0 21.591515
886.1267 41.0 21.612846
892.6043 41.0 21.770842
878.41486 41.0 21.424757
877.35724 41.0 21.398956
892.5129 41.0 21.768612
896.24365 41.0 21.859612
888.6143 41.0 21.673538
881.2111 41.0 21.492945
884.1137 41.0 21.563757
881.4227 41.0 21.498116
889.6569 41.0 21.698948
884.04706 41.0 21.562128
890.51587 41.0 21.7199
894.81573 41.0 21.824776
875.2642 41.0 21.347902
884.32166 41.0 21.568823
891.3794 41.0 21.740963
877.0024 41.0 21.390303
878.1761 41.0 21.41893
883.9199 41.0 21.55902
889.9583 41.0 21.706293
890.41565 41.0 21.717453
887.72626 41.0 21.651861
890.5339 41.0 21.720333
885.80316 41.0 21.604954
883.3396 41.0 21.544868
882.7482 41.0 21.530449
876.6033 41.0 21.380568
879.80963 41.0 21.458776
876.1208 41.0 21.368807
887.2356 41.0 21.639898
884.7252 41.0 21.578667
888.6794 41.0 21.675112
866.3498 42.0 20.627378
859.9591 42.0 20.475216
860.52344 42.0 20.488651
875.2572 42.0 20.839466
881.9027 42.0 20.997684
859.7558 42.0 20.470387
876.22614 42.0 20.86252
869.5942 42.0 20.70463
858.8255 42.0 20.44822
874.0704 42.0 20.811197
858.7049 42.0 20.44536
871.0916 42.0 20.74027
869.6834 42.0 20.706745
875.4962 42.0 20.84515
885.1294 42.0 21.074507
855.51654 42.0 20.369438
870.9219 42.0 20.736235
873.5505 42.0 20.798819
876.07874 42.0 20.859018
870.1743 42.0 20.718433
866.7177 42.0 20.636133
870.0674 42.0 20.715885
871.77203 42.0 20.756477
871.3728 42.0 20.746965
876.2038 42.0 20.861994
860.83136 42.0 20.495993
872.20734 42.0 20.76684
858.09357 42.0 20.430798
867.38513 42.0 20.652027
870.04724 42.0 20.715408
865.1515 42.0 20.598843
865.9683 42.0 20.618288
867.2737 42.0 20.649374
880.4833 42.0 20.96389
877.92834 42.0 20.903063
879.1291 42.0 20.931639
870.538 42.0 20.7271
876.76636 42.0 20.875383
873.91846 42.0 20.807587
857.2858 42.0 20.411566
860.8024 42.0 20.495293
866.3096 43.0 20.146732
871.16077 43.0 20.259552
857.39746 43.0 19.939482
858.38385 43.0 19.962412
861.91833 43.0 20.044615
862.5855 43.0 20.060123
859.7584 43.0 19.994379
862.5744 43.0 20.05987
865.80066 43.0 20.134903
864.0537 43.0 20.094273
859.81616 43.0 19.995726
858.8835 43.0 19.974026
848.03467 43.0 19.721725
852.2139 43.0 19.818928
858.058 43.0 19.954836
865.36584 43.0 20.124786
858.5777 43.0 19.966925
863.9444 43.0 20.091734
852.45013 43.0 19.824432
860.5592 43.0 20.013002
855.45624 43.0 19.894323
859.2203 43.0 19.981867
857.9885 43.0 19.953228
858.42145 43.0 19.963293
862.41095 43.0 20.056076
851.8191 43.0 19.809744
862.7125 43.0 20.06308
867.5322 43.0 20.175177
859.46136 43.0 19.987474
865.2161 43.0 20.121311
851.66473 43.0 19.806164
859.6893 43.0 19.992771
859.3788 43.0 19.985554
859.92334 43.0 19.998219
857.07587 43.0 19.931995
866.4767 43.0 20.150627
855.6945 43.0 19.899878
862.37115 43.0 20.055141
862.833 43.0 20.065886
847.0145 43.0 19.698019
857.817 43.0 19.949232
848.38904 44.0 19.281569
836.96 44.0 19.02182
843.9444 44.0 19.18055
846.3786 44.0 19.23588
856.3933 44.0 19.46348
846.2245 44.0 19.232378
843.71216 44.0 19.17528
869.9469 44.0 19.771517
848.0677 44.0 19.27427
842.9467 44.0 19.157887
841.3624 44.0 19.121874
837.7031 44.0 19.038706
835.2329 44.0 18.982567
847.452 44.0 19.260277
840.9071 44.0 19.11153
848.48315 44.0 19.283705
852.35675 44.0 19.371742
839.8941 44.0 19.088505
853.7357 44.0 19.403088
842.1435 44.0 19.139624
854.28687 44.0 19.415606
846.4772 44.0 19.238113
848.15063 44.0 19.276144
838.372 44.0 19.053913
845.86084 44.0 19.224115
830.8192 44.0 18.882254
850.0293 44.0 19.318844
835.782 44.0 18.995039
841.5948 44.0 19.127148
830.1566 44.0 18.867186
855.3155 44.0 19.43899
855.2709 44.0 19.437975
846.65076 44.0 19.242071
851.0179 44.0 19.34131
843.09186 44.0 19.161177
846.825 44.0 19.246023
845.8833 44.0 19.22462
858.2497 44.0 19.50568
844.4197 44.0 19.191347
845.9436 44.0 19.225998
848.9448 44.0 19.294199
822.8307 45.0 18.285128
826.5994 45.0 18.368883
828.39374 45.0 18.408747
836.35504 45.0 18.58567
831.1248 45.0 18.46944
838.9637 45.0 18.64363
837.1921 45.0 18.604267
830.51117 45.0 18.455807
835.61475 45.0 18.569208
839.5416 45.0 18.656488
828.85565 45.0 18.419012
832.5283 45.0 18.500631
836.24817 45.0 18.58329
829.5183 45.0 18.433731
829.4267 45.0 18.4317
833.2959 45.0 18.51769
829.54944 45.0 18.434435
841.25543 45.0 18.694567
810.24115 45.0 18.00536
822.22186 45.0 18.271591
834.26227 45.0 18.53916
840.29144 45.0 18.673138
830.8948 45.0 18.464336
833.7067 45.0 18.526814
829.76135 45.0 18.439146
820.8871 45.0 18.241938
845.8612 45.0 18.796915
841.17957 45.0 18.692877
819.8094 45.0 18.217983
837.1139 45.0 18.602535
839.52374 45.0 18.656086
829.402 45.0 18.431158
836.092 45.0 18.57982
835.6523 45.0 18.570053
847.1911 45.0 18.826464
832.8342 45.0 18.507425
830.7921 45.0 18.462057
831.68243 45.0 18.481834
840.8093 45.0 18.684647
839.41223 45.0 18.653603
828.81757 45.0 18.418163
830.6561 46.0 18.057745
811.7564 46.0 17.646873
811.9301 46.0 17.650658
827.2959 46.0 17.98469
816.10986 46.0 17.741514
811.17163 46.0 17.634169
815.38684 46.0 17.7258
820.8 46.0 17.843483
818.8677 46.0 17.80147
813.12427 46.0 17.676615
828.0837 46.0 18.001816
813.15094 46.0 17.677197
816.12286 46.0 17.741802
811.8455 46.0 17.648819
818.8029 46.0 17.800062
811.0267 46.0 17.631014
805.94794 46.0 17.520607
813.59717 46.0 17.686895
816.4045 46.0 17.747923
825.16705 46.0 17.938414
820.4322 46.0 17.83548
825.1625 46.0 17.938313
823.0472 46.0 17.892332
816.3307 46.0 17.746319
823.7658 46.0 17.907951
815.99615 46.0 17.739046
815.5005 46.0 17.728277
816.7032 46.0 17.754417
813.4544 46.0 17.68379
815.53186 46.0 17.728949
817.28564 46.0 17.76708
824.07135 46.0 17.914597
822.6366 46.0 17.883402
814.318 46.0 17.702564
827.6393 46.0 17.992163
816.43756 46.0 17.748648
818.55066 46.0 17.794584
812.2407 46.0 17.657402
799.63776 46.0 17.383429
818.7425 46.0 17.79876
811.82526 46.0 17.648375
812.70026 47.0 17.291498
809.2682 47.0 17.218473
797.1361 47.0 16.960342
808.7283 47.0 17.206985
808.5029 47.0 17.20219
808.262 47.0 17.197065
806.88727 47.0 17.167818
815.48517 47.0 17.35074
792.4723 47.0 16.861118
812.3676 47.0 17.284418
810.15424 47.0 17.237316
805.99475 47.0 17.148825
813.1197 47.0 17.300419
810.0958 47.0 17.23609
798.51495 47.0 16.989681
799.2916 47.0 17.0062
797.8346 47.0 16.9752
803.03815 47.0 17.085918
809.10535 47.0 17.215006
791.4974 47.0 16.840374
808.8843 47.0 17.210308
802.05646 47.0 17.065031
807.6975 47.0 17.18505
805.3299 47.0 17.134682
802.2996 47.0 17.070204
811.18243 47.0 17.259203
801.0968 47.0 17.044615
801.38007 47.0 17.050642
812.448 47.0 17.286129
801.8866 47.0 17.061419
805.4103 47.0 17.136385
809.9802 47.0 17.233622
806.2804 47.0 17.154905
809.12976 47.0 17.215527
805.13354 47.0 17.130497
809.3463 47.0 17.220135
794.675 47.0 16.907978
797.97076 47.0 16.9781
797.6671 47.0 16.97164
787.4698 47.0 16.754671
807.67725 47.0 17.184624
803.47125 48.0 16.738981
797.8099 48.0 16.62104
795.9802 48.0 16.582922
799.3227 48.0 16.65256
795.76355 48.0 16.578413
788.52747 48.0 16.427652
791.9613 48.0 16.499195
790.04663 48.0 16.45931
798.95715 48.0 16.644938
788.3131 48.0 16.423187
794.49176 48.0 16.551916
787.3313 48.0 16.402737
795.55646 48.0 16.574091
787.21313 48.0 16.40027
790.46216 48.0 16.46795
794.4317 48.0 16.550655
788.16364 48.0 16.420076
796.2189 48.0 16.5879
785.6153 48.0 16.366983
782.2035 48.0 16.295906
803.13184 48.0 16.73191
793.035 48.0 16.52156
790.5176 48.0 16.469122
791.8966 48.0 16.497852
797.86786 48.0 16.62225
793.1486 48.0 16.523932
789.6654 48.0 16.451363
797.5602 48.0 16.615835
797.19415 48.0 16.608212
801.76855 48.0 16.70351
802.6788 48.0 16.722477
795.5339 48.0 16.573627
797.3883 48.0 16.612257
793.4073 48.0 16.529324
790.56696 48.0 16.470142
794.9337 48.0 16.561117
786.94965 48.0 16.394787
798.98596 48.0 16.64554
791.8545 48.0 16.49697
794.1305 48.0 16.544386
798.716 48.0 16.639917
781.98267 49.0 15.958826
772.37866 49.0 15.762832
778.2516 49.0 15.882687
786.3895 49.0 16.048769
776.0851 49.0 15.838468
783.6542 49.0 15.992938
785.8677 49.0 16.038116
788.8689 49.0 16.099356
777.67596 49.0 15.870942
781.1123 49.0 15.941071
780.48083 49.0 15.928183
781.4651 49.0 15.948264
778.071 49.0 15.879001
782.1589 49.0 15.962427
771.689 49.0 15.748759
782.527 49.0 15.969937
774.17065 49.0 15.799398
774.1618 49.0 15.799215
775.17004 49.0 15.819799
781.5342 49.0 15.949678
782.07635 49.0 15.960744
770.8727 49.0 15.732094
785.04425 49.0 16.021309
772.4769 49.0 15.764835
788.648 49.0 16.094856
787.95636 49.0 16.080736
781.2508 49.0 15.9438925
782.5472 49.0 15.97035
778.207 49.0 15.881779
777.86127 49.0 15.874721
787.1907 49.0 16.065117
783.78125 49.0 15.995537
780.126 49.0 15.920941
781.9427 49.0 15.95801
788.1703 49.0 16.085108
779.35876 49.0 15.905278
778.47253 49.0 15.887196
781.60114 49.0 15.951038
782.9577 49.0 15.978725
784.47736 49.0 16.009743
775.6073 49.0 15.828721
768.806 50.0 15.376123
764.6042 50.0 15.292091
769.0582 50.0 15.38117
765.43036 50.0 15.3085985
765.2584 50.0 15.305168
766.8623 50.0 15.33725
767.7172 50.0 15.354348
770.12506 50.0 15.402498
767.75745 50.0 15.355152
766.15765 50.0 15.323149
774.7999 50.0 15.495993
767.0345 50.0 15.340689
769.78577 50.0 15.395721
767.53894 50.0 15.350778
765.53046 50.0 15.310607
759.5481 50.0 15.190963
756.4998 50.0 15.130001
756.3595 50.0 15.127186
763.11615 50.0 15.262321
770.2857 50.0 15.405711
759.44995 50.0 15.188994
768.8039 50.0 15.376082
763.97974 50.0 15.279593
763.79236 50.0 15.275846
769.8752 50.0 15.397496
778.1627 50.0 15.5632515
762.6074 50.0 15.252147
774.17285 50.0 15.483455
766.9319 50.0 15.33864
769.90204 50.0 15.398037
765.84717 50.0 15.316944
768.26166 50.0 15.365232
765.80255 50.0 15.316056
768.84845 50.0 15.376975
768.85535 50.0 15.37711
765.5905 50.0 15.311817
770.4195 50.0 15.40839
761.69934 50.0 15.233981
758.0421 50.0 15.160833
759.51227 50.0 15.190248
762.69666 50.0 15.253929
762.9888 51.0 14.960567
748.4021 51.0 14.674555
758.6022 51.0 14.874548
750.7809 51.0 14.721193
745.2224 51.0 14.612206
755.35986 51.0 14.810979
748.61414 51.0 14.67871
750.52655 51.0 14.716203
752.057 51.0 14.746216
748.46686 51.0 14.675822
744.8501 51.0 14.604903
751.6045 51.0 14.73734
752.7826 51.0 14.760438
760.8422 51.0 14.918475
758.76495 51.0 14.877741
749.20764 51.0 14.690351
749.72327 51.0 14.700453
743.7945 51.0 14.584198
748.2817 51.0 14.672193
753.8334 51.0 14.781047
738.256 51.0 14.475611
749.58954 51.0 14.697828
757.3391 51.0 14.849784
751.1357 51.0 14.728152
750.7832 51.0 14.721238
755.739 51.0 14.818417
756.105 51.0 14.825591
741.8933 51.0 14.546927
751.2158 51.0 14.729723
755.44684 51.0 14.812681
758.9497 51.0 14.881375
760.19305 51.0 14.905746
748.67676 51.0 14.679939
751.84515 51.0 14.742064
754.1929 51.0 14.788092
752.08185 51.0 14.746704
749.3284 51.0 14.692709
743.4864 51.0 14.578165
756.35034 51.0 14.830401
750.26324 51.0 14.711044
752.35175 51.0 14.751996
747.16364 52.0 14.368533
740.6658 52.0 14.243577
745.8339 52.0 14.342964
750.97076 52.0 14.441737
737.92334 52.0 14.190836
737.4774 52.0 14.182257
737.48615 52.0 14.182429
738.602 52.0 14.203885
742.3977 52.0 14.276875
741.4226 52.0 14.258123
744.8992 52.0 14.324976
743.9107 52.0 14.30597
738.1666 52.0 14.195519
746.85596 52.0 14.362614
741.82166 52.0 14.26581
744.6848 52.0 14.320863
747.0411 52.0 14.366176
749.4732 52.0 14.412945
745.2045 52.0 14.330859
742.4465 52.0 14.277818
745.4611 52.0 14.335793
744.77155 52.0 14.322532
738.95667 52.0 14.210704
743.3526 52.0 14.29524
740.0501 52.0 14.231734
743.6027 52.0 14.300048
746.055 52.0 14.347207
744.65784 52.0 14.320345
745.2941 52.0 14.332575
747.16174 52.0 14.368493
739.95215 52.0 14.229843
738.93677 52.0 14.2103195
743.1071 52.0 14.290523
742.93536 52.0 14.287217
746.4745 52.0 14.355275
740.4383 52.0 14.239202
740.50085 52.0 14.240401
740.4809 52.0 14.240017
741.4314 52.0 14.258293
744.13605 52.0 14.310302
744.4663 52.0 14.316657
734.25793 52.999996 13.85393
728.0001 52.999996 13.735854
732.7616 52.999996 13.825694
722.5591 52.999996 13.633194
729.58563 52.999996 13.765767
729.5836 52.999996 13.76573
723.31177 52.999996 13.647395
721.78864 52.999996 13.618655
728.3285 52.999996 13.742044
738.415 52.999996 13.932357
723.1105 52.999996 13.643603
724.20276 52.999996 13.664211
727.35876 52.999996 13.723753
730.2782 52.999996 13.778835
724.8485 52.999996 13.676389
724.49097 52.999996 13.669643
718.41144 52.999996 13.554932
725.1097 52.999996 13.681316
735.8909 52.999996 13.884736
724.7077 52.999996 13.673731
725.47626 52.999996 13.688233
734.9686 52.999996 13.8673315
728.217 52.999996 13.739941
732.1965 52.999996 13.815034
732.7351 52.999996 13.825193
729.4786 52.999996 13.763752
730.68225 52.999996 13.78646
721.73944 52.999996 13.617725
734.7988 52.999996 13.864133
728.1318 52.999996 13.738335
728.898 52.999996 13.752787
728.288 52.999996 13.741282
733.2756 52.999996 13.835387
728.57404 52.999996 13.746679
720.2857 52.999996 13.590291
737.7068 52.999996 13.918997
729.11237 52.999996 13.756836
730.2802 52.999996 13.778876
728.52936 52.999996 13.745837
735.6095 52.999996 13.879431
727.6182 52.999996 13.728645
717.11127 54.000004 13.279839
715.43555 54.000004 13.248804
714.04315 54.000004 13.22302
715.58044 54.000004 13.251488
716.8993 54.000004 13.275913
715.92395 54.000004 13.2578535
704.97455 54.000004 13.055085
718.18665 54.000004 13.299754
711.73566 54.000004 13.180292
715.31744 54.000004 13.246612
706.61914 54.000004 13.08554
705.7914 54.000004 13.07021
716.2634 54.000004 13.26413
707.1703 54.000004 13.095743
712.9564 54.000004 13.202894
714.00964 54.000004 13.222399
706.8424 54.000004 13.089672
719.2668 54.000004 13.319759
709.3148 54.000004 13.135462
710.6601 54.000004 13.160374
721.3713 54.000004 13.358724
713.7285 54.000004 13.217193
715.0181 54.000004 13.241077
720.39813 54.000004 13.340704
713.9629 54.000004 13.221529
707.8666 54.000004 13.108643
715.6073 54.000004 13.2519865
720.68164 54.000004 13.345951
719.5415 54.000004 13.324835
713.898 54.000004 13.220336
716.4218 54.000004 13.267068
717.6223 54.000004 13.289302
715.9845 54.000004 13.258967
717.4193 54.000004 13.285542
704.1201 54.000004 13.039261
709.8595 54.000004 13.145538
712.07947 54.000004 13.186658
725.4279 54.000004 13.433843
711.3589 54.000004 13.173309
714.44904 54.000004 13.230541
714.717 54.000004 13.235498
700.4071 55.0 12.734672
699.0277 55.0 12.709597
708.76135 55.0 12.886568
697.51514 55.0 12.682092
694.737 55.0 12.631579
700.8131 55.0 12.74205
699.9874 55.0 12.727041
699.12823 55.0 12.711427
702.95526 55.0 12.781007
702.6272 55.0 12.7750435
700.0344 55.0 12.727896
701.8594 55.0 12.761085
704.5885 55.0 12.810702
699.2154 55.0 12.713009
703.26306 55.0 12.786605
700.329 55.0 12.733249
704.7738 55.0 12.814069
691.3095 55.0 12.56927
701.2458 55.0 12.749928
695.1542 55.0 12.639166
696.6605 55.0 12.666559
699.2309 55.0 12.71329
707.0764 55.0 12.855938
705.17993 55.0 12.821449
695.8281 55.0 12.6514225
700.1301 55.0 12.729641
696.1428 55.0 12.657144
705.08386 55.0 12.81971
699.53894 55.0 12.718891
699.01227 55.0 12.709314
699.6771 55.0 12.721403
699.4025 55.0 12.716414
701.0006 55.0 12.745466
700.0388 55.0 12.727976
696.65594 55.0 12.6664715
698.49457 55.0 12.699902
694.37085 55.0 12.624927
698.5279 55.0 12.700511
701.05853 55.0 12.746522
697.78723 55.0 12.68704
696.43726 55.0 12.662499
682.7723 56.0 12.192361
678.914 56.0 12.123467
685.58594 56.0 12.242608
679.1148 56.0 12.127055
690.4393 56.0 12.329272
684.1824 56.0 12.217543
686.24426 56.0 12.254362
680.60315 56.0 12.153628
680.6276 56.0 12.15407
683.6492 56.0 12.208019
686.41376 56.0 12.257389
683.5085 56.0 12.205511
686.3936 56.0 12.25703
683.85236 56.0 12.211647
691.633 56.0 12.350594
685.19086 56.0 12.235554
683.7672 56.0 12.210134
685.8245 56.0 12.246869
676.2922 56.0 12.076649
691.4725 56.0 12.347721
682.1028 56.0 12.1804085
692.1105 56.0 12.359119
686.5878 56.0 12.260495
685.7352 56.0 12.2452755
687.6275 56.0 12.279067
687.6791 56.0 12.279984
687.3735 56.0 12.274525
684.7023 56.0 12.22683
684.60394 56.0 12.225075
681.9353 56.0 12.177417
682.0514 56.0 12.179489
687.6342 56.0 12.279186
689.8503 56.0 12.31875
689.6717 56.0 12.315568
687.20374 56.0 12.271496
684.51495 56.0 12.223477
693.13696 56.0 12.377445
677.6018 56.0 12.100032
686.7016 56.0 12.262532
687.23706 56.0 12.272095
689.3146 56.0 12.309188
676.7608 57.0 11.872995
676.11365 57.0 11.861642
668.0404 57.0 11.720004
675.2547 57.0 11.846572
672.88916 57.0 11.805075
671.914 57.0 11.787964
670.196 57.0 11.757823
674.1904 57.0 11.827899
681.00024 57.0 11.947378
673.9534 57.0 11.8237505
676.16266 57.0 11.862501
676.4126 57.0 11.866889
672.405 57.0 11.796578
671.7735 57.0 11.785501
677.0171 57.0 11.877495
676.84125 57.0 11.874405
672.86926 57.0 11.804726
673.2886 57.0 11.812083
675.886 57.0 11.857648
674.02704 57.0 11.825045
673.38464 57.0 11.813763
672.847 57.0 11.804332
670.0285 57.0 11.754888
672.90027 57.0 11.805269
680.97144 57.0 11.946865
673.4937 57.0 11.815683
673.11926 57.0 11.809103
670.5351 57.0 11.763773
672.28455 57.0 11.794464
679.08813 57.0 11.913826
675.67194 57.0 11.853892
673.0364 57.0 11.807659
669.2833 57.0 11.741812
665.3225 57.0 11.672326
668.7031 57.0 11.731636
665.07263 57.0 11.667942
666.7016 57.0 11.696519
669.8367 57.0 11.751521
670.31635 57.0 11.759933
669.60925 57.0 11.747529
673.7886 57.0 11.820853
650.96783 58.0 11.223583
660.7078 58.0 11.391518
656.31885 58.0 11.315843
657.43243 58.0 11.335041
656.2877 58.0 11.315306
656.0376 58.0 11.310994
658.4877 58.0 11.353238
656.379 58.0 11.31688
659.7487 58.0 11.374972
662.80334 58.0 11.427646
656.72723 58.0 11.32288
657.8229 58.0 11.341775
662.1962 58.0 11.417178
658.70416 58.0 11.356971
663.27185 58.0 11.435719
655.94836 58.0 11.309459
660.003 58.0 11.379362
652.53656 58.0 11.250629
656.30774 58.0 11.315646
659.9828 58.0 11.379014
654.942 58.0 11.292104
658.93866 58.0 11.3610115
658.70184 58.0 11.356932
659.7752 58.0 11.375433
657.20917 58.0 11.331195
655.0894 58.0 11.294644
661.67664 58.0 11.408215
657.31384 58.0 11.333003
664.4856 58.0 11.456651
660.2371 58.0 11.383402
662.43304 58.0 11.421255
657.1154 58.0 11.329577
660.8822 58.0 11.394517
655.0024 58.0 11.29314
649.45074 58.0 11.197425
653.5852 58.0 11.268715
661.36176 58.0 11.402789
652.9739 58.0 11.258173
658.1107 58.0 11.346736
657.3386 58.0 11.333425
660.3578 58.0 11.385478
644.0698 58.999996 10.916435
651.4553 58.999996 11.041614
649.5167 58.999996 11.008758
645.92584 58.999996 10.947894
649.1707 58.999996 11.0028925
651.25214 58.999996 11.03817
646.2117 58.999996 10.952736
644.8154 58.999996 10.929079
643.40405 58.999996 10.905157
646.5799 58.999996 10.958984
640.55005 58.999996 10.85678
646.6938 58.999996 10.960915
643.2882 58.999996 10.903189
650.6604 58.999996 11.02814
644.36017 58.999996 10.921358
644.54767 58.999996 10.92454
639.55383 58.999996 10.839898
648.35986 58.999996 10.989153
637.0036 58.999996 10.796671
645.73334 58.999996 10.944636
648.9764 58.999996 10.999602
640.6037 58.999996 10.857691
649.5791 58.999996 11.009818
651.223 58.999996 11.037681
644.2685 58.999996 10.919804
644.83795 58.999996 10.929458
646.053 58.999996 10.950049
650.49744 58.999996 11.025378
643.8352 58.999996 10.912461
640.30884 58.999996 10.852694
642.0642 58.999996 10.882447
649.6641 58.999996 11.011259
643.22766 58.999996 10.902167
651.37476 58.999996 11.040254
647.06915 58.999996 10.967276
637.3875 58.999996 10.803184
647.8464 58.999996 10.980444
638.3859 58.999996 10.820103
643.14734 58.999996 10.900802
648.31995 58.999996 10.988473
646.28735 58.999996 10.954028
636.3098 60.000004 10.605165
625.2085 60.000004 10.420143
632.28 60.000004 10.538002
628.4821 60.000004 10.4747
633.2597 60.000004 10.554329
632.695 60.000004 10.544916
632.48065 60.000004 10.541349
629.9234 60.000004 10.498726
630.4078 60.000004 10.506797
635.80786 60.000004 10.596798
635.7566 60.000004 10.5959425
633.0499 60.000004 10.55083
634.9599 60.000004 10.582668
626.6791 60.000004 10.444652
631.84045 60.000004 10.530673
630.47485 60.000004 10.507914
632.7353 60.000004 10.545586
625.2999 60.000004 10.421668
623.1333 60.000004 10.385557
631.0258 60.000004 10.5170965
634.2211 60.000004 10.5703535
629.3032 60.000004 10.488386
623.5886 60.000004 10.393142
632.8154 60.000004 10.5469265
630.57776 60.000004 10.509622
633.5095 60.000004 10.558492
632.1105 60.000004 10.535172
632.10834 60.000004 10.535135
637.2605 60.000004 10.621009
636.14923 60.000004 10.602487
634.11633 60.000004 10.568607
631.10394 60.000004 10.518398
632.83777 60.000004 10.547296
633.72833 60.000004 10.562137
634.99133 60.000004 10.583186
629.18726 60.000004 10.486453
627.855 60.000004 10.464251
636.8006 60.000004 10.613345
630.85406 60.000004 10.51424
627.52924 60.000004 10.458821
630.7292 60.000004 10.51215
611.72864 61.0 10.028337
613.4446 61.0 10.056469
607.88403 61.0 9.965312
613.81274 61.0 10.062505
613.2014 61.0 10.052479
613.04065 61.0 10.049847
614.6473 61.0 10.076186
622.7765 61.0 10.209445
612.11017 61.0 10.0345955
620.4446 61.0 10.17122
617.08185 61.0 10.116099
621.0714 61.0 10.1815
622.76044 61.0 10.209191
614.1475 61.0 10.067995
621.7522 61.0 10.19266
622.5421 61.0 10.2056055
622.6896 61.0 10.208024
619.3355 61.0 10.15304
614.6294 61.0 10.075893
622.17834 61.0 10.199644
623.1869 61.0 10.21618
610.50146 61.0 10.008219
617.7935 61.0 10.127766
616.50385 61.0 10.106624
615.3256 61.0 10.087304
621.2968 61.0 10.185193
620.3041 61.0 10.1689205
620.56287 61.0 10.173163
614.08954 61.0 10.067043
615.78973 61.0 10.094913
619.8934 61.0 10.162189
614.7321 61.0 10.0775795
620.989 61.0 10.180149
618.3093 61.0 10.136212
610.4524 61.0 10.007414
613.15027 61.0 10.051638
621.53796 61.0 10.189147
620.5094 61.0 10.172281
610.4299 61.0 10.00705
618.14185 61.0 10.133471
618.6817 61.0 10.142324
600.2949 62.0 9.682176
599.8889 62.0 9.675624
595.7965 62.0 9.609621
603.796 62.0 9.738646
598.8045 62.0 9.658134
595.6715 62.0 9.607607
603.9389 62.0 9.74095
601.5245 62.0 9.702006
600.942 62.0 9.692613
605.77313 62.0 9.7705345
604.9318 62.0 9.756965
599.7684 62.0 9.673686
600.5071 62.0 9.6855955
601.03357 62.0 9.694092
601.6651 62.0 9.704273
604.24915 62.0 9.745949
606.65015 62.0 9.784678
598.0167 62.0 9.645431
598.91156 62.0 9.659865
607.0182 62.0 9.790617
599.3375 62.0 9.666736
598.6906 62.0 9.656301
602.15594 62.0 9.712193
606.06323 62.0 9.775213
603.3699 62.0 9.731772
605.7242 62.0 9.769741
602.3455 62.0 9.715255
605.73505 62.0 9.76992
602.3702 62.0 9.715648
604.8179 62.0 9.75513
606.31287 62.0 9.779244
604.59937 62.0 9.751601
605.15717 62.0 9.7606
606.5989 62.0 9.783851
604.48334 62.0 9.749728
600.3104 62.0 9.682426
608.15625 62.0 9.808971
609.1493 62.0 9.824987
599.8219 62.0 9.674545
597.0839 62.0 9.630385
605.2355 62.0 9.761857
588.5823 63.0 9.342575
591.8825 63.0 9.394961
591.6951 63.0 9.391985
585.1637 63.0 9.288314
585.9314 63.0 9.300498
584.92505 63.0 9.284526
588.328 63.0 9.33854
589.6155 63.0 9.358972
589.68475 63.0 9.360073
588.2387 63.0 9.337123
590.912 63.0 9.379553
587.85486 63.0 9.331031
585.4605 63.0 9.293023
583.1979 63.0 9.2571125
588.5533 63.0 9.342115
585.3601 63.0 9.291431
596.1535 63.0 9.462753
590.76013 63.0 9.377144
584.9918 63.0 9.285586
584.49896 63.0 9.277761
592.2776 63.0 9.401233
591.21545 63.0 9.384369
591.63495 63.0 9.391029
585.97845 63.0 9.301243
587.76794 63.0 9.329648
597.09955 63.0 9.477772
593.65656 63.0 9.423123
591.3828 63.0 9.387031
592.1928 63.0 9.399885
590.6017 63.0 9.37463
586.54944 63.0 9.31031
592.079 63.0 9.398077
587.0226 63.0 9.317816
588.696 63.0 9.344382
586.4602 63.0 9.308894
592.9514 63.0 9.411928
591.55914 63.0 9.389823
589.1869 63.0 9.352175
586.9756 63.0 9.317073
581.29236 63.0 9.226863
586.1389 63.0 9.303793
573.3596 64.0 8.958744
576.98334 64.0 9.015365
578.1416 64.0 9.033463
576.2738 64.0 9.004278
567.6428 64.0 8.869419
571.51654 64.0 8.929946
570.9764 64.0 8.921506
577.3851 64.0 9.021642
574.7789 64.0 8.98092
571.6795 64.0 8.932492
566.2303 64.0 8.847348
572.50287 64.0 8.945357
575.57996 64.0 8.993437
572.7237 64.0 8.948808
575.85443 64.0 8.9977255
574.6381 64.0 8.978721
576.2404 64.0 9.0037565
576.45447 64.0 9.007101
573.35956 64.0 8.958743
574.9551 64.0 8.983673
570.8181 64.0 8.919033
572.21277 64.0 8.9408245
571.04785 64.0 8.922623
575.466 64.0 8.991656
573.9153 64.0 8.967426
573.8795 64.0 8.966867
571.4943 64.0 8.929599
569.5998 64.0 8.899997
573.8216 64.0 8.965962
577.0839 64.0 9.016936
577.2846 64.0 9.020072
568.0444 64.0 8.875693
577.4318 64.0 9.022372
575.7696 64.0 8.9964
573.9354 64.0 8.967741
576.97906 64.0 9.015298
574.4934 64.0 8.9764595
576.265 64.0 9.004141
562.93896 64.0 8.795921
576.00604 64.0 9.000094
575.6246 64.0 8.994134
562.35 65.0 8.651539
561.25665 65.0 8.634715
559.8596 65.0 8.613228
556.91864 65.0 8.56798
561.82996 65.0 8.6435375
562.8117 65.0 8.658642
561.6806 65.0 8.641237
561.0335 65.0 8.631282
559.47144 65.0 8.60725
560.31256 65.0 8.6201935
566.65 65.0 8.71769
563.1621 65.0 8.664032
561.7941 65.0 8.642991
562.19385 65.0 8.649133
559.15686 65.0 8.60241
564.52985 65.0 8.685077
562.0845 65.0 8.647451
560.1519 65.0 8.6177225
561.62024 65.0 8.640311
560.50916 65.0 8.623218
559.7013 65.0 8.610788
564.33136 65.0 8.682019
564.60583 65.0 8.686246
563.8806 65.0 8.675087
560.48456 65.0 8.622836
558.77313 65.0 8.59651
557.76196 65.0 8.580956
562.82965 65.0 8.658917
560.962 65.0 8.630185
559.5406 65.0 8.608316
560.37744 65.0 8.621191
555.5863 65.0 8.547485
562.72943 65.0 8.657372
563.66846 65.0 8.671824
564.3201 65.0 8.681849
558.43396 65.0 8.59129
559.74817 65.0 8.61151
556.95435 65.0 8.568528
555.98364 65.0 8.5535965
556.17773 65.0 8.5565815
560.48444 65.0 8.622834
546.8953 66.0 8.286289
544.6393 66.0 8.252112
544.7663 66.0 8.254035
545.47363 66.0 8.264754
542.3924 66.0 8.218063
546.2481 66.0 8.276487
540.7991 66.0 8.193924
547.3214 66.0 8.292748
545.06104 66.0 8.258498
545.052 66.0 8.258365
546.3105 66.0 8.277433
541.62244 66.0 8.206401
540.95074 66.0 8.196221
548.1559 66.0 8.305391
548.3635 66.0 8.308537
546.62524 66.0 8.282203
545.32635 66.0 8.262522
543.3294 66.0 8.232263
538.4985 66.0 8.159067
544.4361 66.0 8.249031
545.0075 66.0 8.2576885
545.5697 66.0 8.266208
540.7187 66.0 8.192707
544.0278 66.0 8.242846
545.0676 66.0 8.2586
546.5403 66.0 8.280913
548.1626 66.0 8.305494
547.7498 66.0 8.299239
549.29425 66.0 8.322636
546.66974 66.0 8.282876
545.31525 66.0 8.262353
546.2325 66.0 8.276249
544.17737 66.0 8.245111
542.477 66.0 8.219348
545.7035 66.0 8.268235
544.9383 66.0 8.256641
543.9786 66.0 8.2421
546.09174 66.0 8.274119
544.9942 66.0 8.257486
539.23706 66.0 8.170259
549.738 66.0 8.329363
536.932 67.0 8.013909
532.64764 67.0 7.9499664
532.24817 67.0 7.944005
531.02313 67.0 7.92572
527.95496 67.0 7.879925
532.9312 67.0 7.9541955
533.8437 67.0 7.9678183
532.03394 67.0 7.9408073
532.7281 67.0 7.951165
535.0284 67.0 7.9855022
533.2725 67.0 7.9592905
531.1122 67.0 7.9270525
537.0837 67.0 8.016176
532.2171 67.0 7.9435363
536.18884 67.0 8.002819
535.11346 67.0 7.9867673
532.12555 67.0 7.9421706
527.984 67.0 7.8803563
533.5514 67.0 7.9634547
531.05884 67.0 7.9262533
536.5126 67.0 8.007648
534.7341 67.0 7.9811034
533.027 67.0 7.9556274
533.7545 67.0 7.9664826
534.4574 67.0 7.9769754
530.164 67.0 7.912896
528.21173 67.0 7.8837547
527.01794 67.0 7.865937
527.3881 67.0 7.8714647
528.7048 67.0 7.8911147
540.48224 67.0 8.066899
528.4928 67.0 7.887952
535.0464 67.0 7.985768
528.89667 67.0 7.8939795
530.6818 67.0 7.9206214
533.03595 67.0 7.955761
532.3019 67.0 7.944804
532.3511 67.0 7.945536
530.6573 67.0 7.920256
530.7576 67.0 7.921758
528.3321 67.0 7.8855553
520.47534 68.0 7.6540504
522.0037 68.0 7.676528
519.4223 68.0 7.6385593
513.79004 68.0 7.555735
513.69855 68.0 7.554391
512.4468 68.0 7.535982
516.27783 68.0 7.5923247
513.9663 68.0 7.5583286
511.7505 68.0 7.5257425
517.20184 68.0 7.6059084
518.7638 68.0 7.628879
518.2059 68.0 7.620677
514.2876 68.0 7.5630546
511.61444 68.0 7.5237417
516.74646 68.0 7.599216
515.97 68.0 7.5877967
516.42535 68.0 7.594489
517.77094 68.0 7.614277
515.09766 68.0 7.574967
518.56744 68.0 7.625993
515.8429 68.0 7.5859237
518.40466 68.0 7.623595
515.0954 68.0 7.574932
512.5718 68.0 7.537819
516.61957 68.0 7.5973434
515.64886 68.0 7.5830703
517.61237 68.0 7.611949
515.8875 68.0 7.586582
517.8424 68.0 7.61533
515.84296 68.0 7.585926
520.578 68.0 7.6555595
515.6221 68.0 7.5826783
518.2551 68.0 7.6213994
513.9641 68.0 7.5582967
516.8202 68.0 7.6002984
522.69104 68.0 7.686634
520.3748 68.0 7.6525726
517.03 68.0 7.6033835
518.4647 68.0 7.6244836
514.41705 68.0 7.56496
514.6023 68.0 7.567681
502.28705 69.0 7.2795224
501.27634 69.0 7.2648754
503.6237 69.0 7.298894
501.18933 69.0 7.2636113
502.02603 69.0 7.275741
501.96576 69.0 7.2748675
503.85358 69.0 7.302226
502.10638 69.0 7.276904
498.71237 69.0 7.2277164
502.31616 69.0 7.279944
497.37576 69.0 7.208346
503.10837 69.0 7.291425
501.4526 69.0 7.2674303
502.6665 69.0 7.285021
506.8504 69.0 7.345659
504.039 69.0 7.3049073
501.9902 69.0 7.275223
502.633 69.0 7.284536
504.47617 69.0 7.311248
498.38672 69.0 7.222995
501.71143 69.0 7.271181
500.65146 69.0 7.2558193
503.44965 69.0 7.296375
497.22617 69.0 7.206178
500.6961 69.0 7.2564664
500.0089 69.0 7.246506
503.115 69.0 7.291522
497.0657 69.0 7.2038507
501.18497 69.0 7.263549
502.78702 69.0 7.2867675
501.48148 69.0 7.267847
504.10565 69.0 7.3058796
501.44818 69.0 7.267366
499.60495 69.0 7.24065
502.70428 69.0 7.28557
504.25076 69.0 7.3079824
500.39273 69.0 7.252068
501.9814 69.0 7.275092
499.55594 69.0 7.2399406
504.41818 69.0 7.3104076
501.83417 69.0 7.27296
489.39627 70.0 6.9913764
489.8381 70.0 6.997686
483.32245 70.0 6.904606
489.58823 70.0 6.9941196
488.63098 70.0 6.980441
488.17355 70.0 6.973907
487.42145 70.0 6.9631634
486.7209 70.0 6.953155
482.04382 70.0 6.8863406
486.23663 70.0 6.946238
486.72742 70.0 6.953252
486.9639 70.0 6.9566274
485.2727 70.0 6.932465
485.54486 70.0 6.936356
484.78616 70.0 6.925517
482.96304 70.0 6.8994737
485.16104 70.0 6.9308734
485.0228 70.0 6.928895
483.32693 70.0 6.90467
487.24304 70.0 6.960615
491.31525 70.0 7.0187907
485.49344 70.0 6.935623
485.81042 70.0 6.940149
484.87766 70.0 6.926824
486.83026 70.0 6.9547176
488.0418 70.0 6.972027
486.915 70.0 6.955929
486.636 70.0 6.951944
487.9057 70.0 6.970082
485.33524 70.0 6.9333587
485.68994 70.0 6.93843
489.67084 70.0 6.9952984
486.11166 70.0 6.944451
486.37726 70.0 6.948247
486.99738 70.0 6.957107
486.78992 70.0 6.9541426
487.60223 70.0 6.965746
483.1439 70.0 6.9020553
483.31357 70.0 6.904479
484.71707 70.0 6.924528
485.07635 70.0 6.929663
471.96222 71.0 6.6473546
472.49106 71.0 6.654804
470.2619 71.0 6.623408
471.31738 71.0 6.6382723
472.3817 71.0 6.653263
471.60315 71.0 6.6422963
473.79416 71.0 6.673157
470.09677 71.0 6.6210833
473.12262 71.0 6.6636977
472.63385 71.0 6.656817
472.18304 71.0 6.650467
473.2854 71.0 6.6659946
474.79163 71.0 6.687208
470.6769 71.0 6.629254
470.19946 71.0 6.6225295
473.37466 71.0 6.66725
469.06378 71.0 6.606531
474.89435 71.0 6.688654
472.86157 71.0 6.6600194
473.43954 71.0 6.668163
473.26093 71.0 6.6656475
473.84787 71.0 6.673912
469.63495 71.0 6.6145763
473.50412 71.0 6.669073
479.00018 71.0 6.7464786
468.98785 71.0 6.605464
472.1899 71.0 6.650562
471.5428 71.0 6.6414475
473.59113 71.0 6.6703
470.21738 71.0 6.62278
475.2424 71.0 6.693556
473.57553 71.0 6.670078
471.38654 71.0 6.639247
468.2849 71.0 6.5955615
474.38794 71.0 6.681521
476.19757 71.0 6.7070074
469.78674 71.0 6.616716
474.49713 71.0 6.683058
475.22025 71.0 6.693241
473.35248 71.0 6.6669345
473.45068 71.0 6.6683207
458.37073 72.0 6.366262
458.74338 72.0 6.3714366
457.22833 72.0 6.350391
457.64774 72.0 6.3562202
458.10086 72.0 6.362511
458.72336 72.0 6.3711557
457.99152 72.0 6.360992
456.08582 72.0 6.334527
454.9187 72.0 6.318316
455.98532 72.0 6.33313
457.70804 72.0 6.357056
459.26776 72.0 6.378718
458.7992 72.0 6.372211
455.02374 72.0 6.3197713
457.98257 72.0 6.360868
460.01096 72.0 6.3890414
456.66595 72.0 6.342583
456.70398 72.0 6.3431115
454.7961 72.0 6.316614
456.98056 72.0 6.346953
458.4868 72.0 6.367874
458.9309 72.0 6.3740416
460.1715 72.0 6.3912706
456.0212 72.0 6.3336267
456.57675 72.0 6.3413434
460.8701 72.0 6.4009724
459.86594 72.0 6.3870273
456.04132 72.0 6.3339067
456.97623 72.0 6.3468924
454.49048 72.0 6.3123674
460.72708 72.0 6.3989882
459.49768 72.0 6.3819113
459.424 72.0 6.380889
458.31943 72.0 6.3655477
459.11832 72.0 6.376643
457.84427 72.0 6.358948
458.94656 72.0 6.374258
455.63068 72.0 6.3282037
458.8796 72.0 6.3733263
461.1377 72.0 6.40469
456.71503 72.0 6.3432665
443.8286 73.0 6.0798464
444.65427 73.0 6.091154
443.65677 73.0 6.0774894
441.30933 73.0 6.045335
437.83066 73.0 5.9976816
442.2779 73.0 6.0586023
442.7532 73.0 6.065113
442.31583 73.0 6.0591216
441.8583 73.0 6.0528536
439.66928 73.0 6.022867
440.56848 73.0 6.0351863
444.06314 73.0 6.0830564
439.3124 73.0 6.017977
445.3216 73.0 6.100296
441.45456 73.0 6.0473204
443.65466 73.0 6.077461
442.98294 73.0 6.068259
445.20105 73.0 6.098643
440.34088 73.0 6.0320683
444.6588 73.0 6.0912156
443.76852 73.0 6.0790195
441.49457 73.0 6.0478725
446.5154 73.0 6.1166477
439.80093 73.0 6.0246706
443.01883 73.0 6.0687485
443.5274 73.0 6.075719
443.1883 73.0 6.071072
438.90167 73.0 6.0123534
442.33594 73.0 6.0593963
445.3036 73.0 6.100051
443.4649 73.0 6.0748625
440.05765 73.0 6.0281863
442.79327 73.0 6.065663
444.1678 73.0 6.084491
446.6513 73.0 6.1185126
443.62338 73.0 6.0770316
444.6477 73.0 6.091065
441.19794 73.0 6.043806
439.37924 73.0 6.018895
443.69495 73.0 6.078011
444.0341 73.0 6.082657
427.70895 74.0 5.77985
426.63116 74.0 5.7652855
425.36377 74.0 5.7481604
427.43457 74.0 5.776142
425.1496 74.0 5.7452645
424.96216 74.0 5.742732
423.82404 74.0 5.7273526
428.1262 74.0 5.7854905
427.2002 74.0 5.772977
428.73312 74.0 5.7936907
427.78708 74.0 5.780907
426.83432 74.0 5.76803
428.9586 74.0 5.7967367
429.69507 74.0 5.806688
427.23596 74.0 5.7734585
427.68216 74.0 5.77949
429.97174 74.0 5.810427
427.2694 74.0 5.773908
428.29367 74.0 5.7877517
429.18823 74.0 5.7998433
426.33444 74.0 5.761275
429.92926 74.0 5.809857
425.39276 74.0 5.748551
426.17603 74.0 5.7591343
425.04242 74.0 5.743817
429.79092 74.0 5.8079853
426.19394 74.0 5.7593765
432.13162 74.0 5.839617
426.2987 74.0 5.760795
427.67545 74.0 5.7793994
428.2467 74.0 5.787118
431.31033 74.0 5.8285184
426.3033 74.0 5.7608557
425.73862 74.0 5.7532244
425.70074 74.0 5.7527127
427.94995 74.0 5.783107
428.1934 74.0 5.7863955
424.50024 74.0 5.73649
429.3849 74.0 5.8024964
427.67548 74.0 5.779399
429.60342 74.0 5.8054543
412.68274 75.0 5.502436
413.939 75.0 5.519188
413.35876 75.0 5.5114517
413.361 75.0 5.5114803
415.14838 75.0 5.535312
410.23703 75.0 5.469829
413.16693 75.0 5.5088925
415.34485 75.0 5.537931
413.14682 75.0 5.508624
413.7827 75.0 5.517104
411.50885 75.0 5.486787
413.1112 75.0 5.508149
413.53284 75.0 5.5137715
413.64008 75.0 5.515198
413.2583 75.0 5.510111
413.92795 75.0 5.5190372
413.11774 75.0 5.508238
412.36368 75.0 5.498183
412.638 75.0 5.5018415
411.01578 75.0 5.48021
416.05658 75.0 5.547422
413.5573 75.0 5.5140977
412.43948 75.0 5.499194
414.17102 75.0 5.52228
410.8149 75.0 5.4775333
412.73398 75.0 5.50312
409.63455 75.0 5.4617934
413.3299 75.0 5.511063
414.5905 75.0 5.5278735
412.95056 75.0 5.5060053
414.14865 75.0 5.5219836
411.68076 75.0 5.4890776
415.782 75.0 5.5437613
413.84964 75.0 5.5179963
409.21292 75.0 5.4561706
413.42584 75.0 5.5123434
414.4231 75.0 5.5256424
414.01712 75.0 5.520227
416.4917 75.0 5.5532236
414.9676 75.0 5.5329003
411.9797 75.0 5.4930634
396.61197 76.0 5.2185793
397.53372 76.0 5.230706
398.79663 76.0 5.247324
395.17285 76.0 5.199641
397.24362 76.0 5.226888
395.695 76.0 5.206513
397.4086 76.0 5.2290626
398.78992 76.0 5.2472363
395.2285 76.0 5.200377
397.15 76.0 5.225657
398.38608 76.0 5.241922
395.3335 76.0 5.2017565
395.18845 76.0 5.1998463
396.1635 76.0 5.2126784
395.1952 76.0 5.1999345
398.14716 76.0 5.23878
398.71188 76.0 5.2462087
398.0647 76.0 5.237695
398.3079 76.0 5.2408943
397.09406 76.0 5.224921
396.2126 76.0 5.213324
396.65 76.0 5.219079
398.64276 76.0 5.2452993
393.51282 76.0 5.177798
398.57797 76.0 5.244447
397.0205 76.0 5.223954
400.83395 76.0 5.2741313
398.30566 76.0 5.240866
401.55692 76.0 5.2836437
398.27457 76.0 5.240453
395.96722 76.0 5.2100945
399.07788 76.0 5.251024
395.4027 76.0 5.2026653
398.763 76.0 5.246884
397.41086 76.0 5.2290897
399.10248 76.0 5.2513475
398.80545 76.0 5.2474413
397.74335 76.0 5.2334657
395.05682 76.0 5.1981163
396.42236 76.0 5.2160835
399.12698 76.0 5.251669
384.5 77.0 4.9935064
384.12524 77.0 4.988638
384.26352 77.0 4.9904346
383.65427 77.0 4.982525
381.52994 77.0 4.9549356
380.30725 77.0 4.939055
382.77075 77.0 4.971048
382.38678 77.0 4.966061
383.8239 77.0 4.984725
380.88947 77.0 4.946619
382.71707 77.0 4.9703517
382.1526 77.0 4.9630203
384.68085 77.0 4.995855
382.06335 77.0 4.961862
382.38687 77.0 4.966064
380.77374 77.0 4.945112
382.13934 77.0 4.9628468
385.31458 77.0 5.004083
385.97498 77.0 5.0126605
383.9466 77.0 4.98632
381.85345 77.0 4.9591384
381.49213 77.0 4.9544406
383.0272 77.0 4.9743805
382.07437 77.0 4.962006
382.84656 77.0 4.9720325
382.28867 77.0 4.9647894
382.5028 77.0 4.9675713
382.8107 77.0 4.9715695
382.7439 77.0 4.9706993
380.2917 77.0 4.9388523
384.77896 77.0 4.9971294
380.7223 77.0 4.9444427
380.37854 77.0 4.939981
380.90747 77.0 4.94685
380.81357 77.0 4.945633
383.26163 77.0 4.977423
382.3288 77.0 4.965309
384.54016 77.0 4.9940286
380.0395 77.0 4.935577
380.51688 77.0 4.9417796
379.69577 77.0 4.931115
369.73306 78.0 4.7401695
366.18958 78.0 4.694739
368.38004 78.0 4.722821
369.76657 78.0 4.7405972
367.47998 78.0 4.7112846
369.66382 78.0 4.7392817
364.80295 78.0 4.6769633
367.8864 78.0 4.7164965
368.54523 78.0 4.7249403
369.29544 78.0 4.7345576
368.1857 78.0 4.720332
369.69955 78.0 4.739739
369.14352 78.0 4.7326097
367.71222 78.0 4.7142625
368.08527 78.0 4.7190433
369.38925 78.0 4.7357593
367.81287 78.0 4.71555
365.56204 78.0 4.6866956
366.8593 78.0 4.7033253
364.43674 78.0 4.6722674
370.18405 78.0 4.74595
365.79657 78.0 4.6897
365.81213 78.0 4.689901
367.13855 78.0 4.7069044
368.02942 78.0 4.718326
367.97803 78.0 4.717668
366.7923 78.0 4.7024684
368.11206 78.0 4.7193866
367.7145 78.0 4.7142897
369.80902 78.0 4.741142
368.87564 78.0 4.729177
367.61407 78.0 4.7130036
364.62207 78.0 4.674644
368.69702 78.0 4.7268863
368.45798 78.0 4.7238216
368.7862 78.0 4.7280307
367.28363 78.0 4.708765
367.67896 78.0 4.713833
368.4849 78.0 4.7241664
367.32825 78.0 4.709339
368.06958 78.0 4.7188406
352.2025 79.0 4.4582605
352.71146 79.0 4.464701
353.4053 79.0 4.473484
350.96866 79.0 4.4426413
351.77637 79.0 4.4528656
352.5485 79.0 4.4626384
353.2089 79.0 4.470999
351.66705 79.0 4.451483
351.20737 79.0 4.4456644
351.77188 79.0 4.4528103
351.88806 79.0 4.454278
352.17807 79.0 4.4579506
352.44574 79.0 4.4613404
351.4438 79.0 4.448657
350.52457 79.0 4.4370193
350.35043 79.0 4.434818
350.6407 79.0 4.438488
352.82733 79.0 4.4661694
352.24722 79.0 4.458827
354.50327 79.0 4.487383
351.69385 79.0 4.451822
353.86276 79.0 4.4792747
353.08624 79.0 4.469447
348.46936 79.0 4.411007
352.59985 79.0 4.463289
353.62628 79.0 4.476282
351.89468 79.0 4.454364
354.52335 79.0 4.487637
349.3085 79.0 4.4216285
352.25842 79.0 4.458969
349.3219 79.0 4.421796
350.62503 79.0 4.438292
352.9703 79.0 4.467978
353.9521 79.0 4.4804063
350.15195 79.0 4.432303
351.44165 79.0 4.448629
355.3913 79.0 4.4986234
350.5512 79.0 4.4373584
352.68918 79.0 4.464419
352.57962 79.0 4.463035
352.26282 79.0 4.459022
335.23938 80.0 4.1904936
336.2257 80.0 4.2028217
335.42917 80.0 4.1928635
336.74567 80.0 4.209321
333.95642 80.0 4.1744547
335.75717 80.0 4.196964
337.7229 80.0 4.221537
335.35538 80.0 4.191942
335.54742 80.0 4.1943417
335.7884 80.0 4.197355
334.2732 80.0 4.178416
338.0243 80.0 4.2253036
338.1873 80.0 4.227339
334.62357 80.0 4.182795
337.2812 80.0 4.2160144
337.56683 80.0 4.219584
338.3813 80.0 4.2297654
333.6239 80.0 4.170299
338.00638 80.0 4.22508
336.27267 80.0 4.2034087
338.5129 80.0 4.2314124
337.5489 80.0 4.2193613
340.6708 80.0 4.2583847
335.1792 80.0 4.18974
337.45084 80.0 4.2181344
335.80173 80.0 4.1975217
335.31314 80.0 4.1914134
338.50858 80.0 4.2313557
336.4289 80.0 4.205361
335.85535 80.0 4.198193
335.09445 80.0 4.18868
338.87445 80.0 4.235929
336.42212 80.0 4.2052765
336.2347 80.0 4.2029333
337.98398 80.0 4.2248006
337.85913 80.0 4.223239
333.98987 80.0 4.174875
337.25226 80.0 4.215651
338.63336 80.0 4.2329183
336.40195 80.0 4.205025
334.9449 80.0 4.1868114
319.72455 81.0 3.9472158
320.5858 81.0 3.95785
322.2192 81.0 3.9780152
319.8584 81.0 3.9488683
321.73502 81.0 3.9720376
320.40283 81.0 3.9555907
321.60556 81.0 3.9704382
319.74463 81.0 3.9474635
320.4898 81.0 3.9566643
321.3714 81.0 3.9675462
322.6632 81.0 3.9834976
318.4124 81.0 3.9310179
321.91574 81.0 3.9742677
320.99872 81.0 3.9629447
320.62595 81.0 3.958346
321.2487 81.0 3.9660313
320.15744 81.0 3.952561
320.82462 81.0 3.9607975
318.38794 81.0 3.9307148
321.42035 81.0 3.968152
321.3891 81.0 3.9677672
320.92505 81.0 3.9620364
320.42285 81.0 3.955838
321.63678 81.0 3.9708238
322.41116 81.0 3.9803846
322.1433 81.0 3.9770782
321.03647 81.0 3.9634144
321.22177 81.0 3.9657009
321.96707 81.0 3.974902
320.28464 81.0 3.9541314
320.90714 81.0 3.9618163
321.61453 81.0 3.970549
322.94882 81.0 3.9870238
318.88553 81.0 3.936858
317.96384 81.0 3.9254804
322.67664 81.0 3.9836617
321.99158 81.0 3.975205
321.6412 81.0 3.970879
321.38907 81.0 3.9677668
321.52747 81.0 3.969474
321.27972 81.0 3.9664173
305.7135 82.0 3.7282135
304.90347 82.0 3.7183359
305.63974 82.0 3.7273147
304.22958 82.0 3.7101178
304.83878 82.0 3.7175462
304.48837 82.0 3.7132742
305.64435 82.0 3.72737
304.76953 82.0 3.716703
304.73608 82.0 3.716294
304.71158 82.0 3.715996
303.45303 82.0 3.7006462
303.15408 82.0 3.6970007
305.767 82.0 3.7288659
305.92767 82.0 3.7308261
305.25824 82.0 3.722662
306.3361 82.0 3.735806
303.06265 82.0 3.6958852
304.4126 82.0 3.7123482
305.1423 82.0 3.7212474
305.57513 82.0 3.7265263
306.8984 82.0 3.7426624
306.43652 82.0 3.7370296
305.23822 82.0 3.7224169
309.3841 82.0 3.772978
305.81177 82.0 3.7294102
304.76736 82.0 3.716675
306.46323 82.0 3.7373555
305.1645 82.0 3.7215185
306.876 82.0 3.742391
305.15106 82.0 3.7213564
305.43686 82.0 3.7248392
306.8181 82.0 3.7416832
307.73282 82.0 3.7528396
307.40714 82.0 3.748867
306.37186 82.0 3.7362413
306.5726 82.0 3.7386892
306.94525 82.0 3.7432344
303.81012 82.0 3.705002
307.46725 82.0 3.7496018
305.13333 82.0 3.7211387
302.8886 82.0 3.6937633
289.15198 83.0 3.4837596
289.78345 83.0 3.4913664
289.86377 83.0 3.4923353
290.9639 83.0 3.50559
290.4195 83.0 3.4990296
290.44846 83.0 3.4993794
289.85718 83.0 3.4922554
290.09357 83.0 3.4951036
287.50296 83.0 3.4638915
289.9174 83.0 3.4929812
289.8974 83.0 3.4927392
286.8067 83.0 3.4555037
287.44495 83.0 3.4631925
289.13196 83.0 3.4835176
289.2747 83.0 3.4852371
291.77173 83.0 3.515321
290.51755 83.0 3.5002124
290.74292 83.0 3.5029278
291.37445 83.0 3.510537
290.87454 83.0 3.504513
289.518 83.0 3.4881678
288.62546 83.0 3.477414
291.42126 83.0 3.5111008
291.67566 83.0 3.5141652
291.59756 83.0 3.5132241
287.25305 83.0 3.4608805
289.0963 83.0 3.4830878
287.1125 83.0 3.4591868
289.43985 83.0 3.487227
288.92883 83.0 3.4810705
288.59412 83.0 3.4770374
291.62662 83.0 3.5135734
290.85233 83.0 3.504245
290.73175 83.0 3.5027926
286.12167 83.0 3.4472492
288.55627 83.0 3.47658
289.07837 83.0 3.4828722
291.1802 83.0 3.508196
290.77423 83.0 3.503304
289.44434 83.0 3.4872816
290.9281 83.0 3.5051582
273.52774 84.0 3.2562826
274.38687 84.0 3.2665095
273.68393 84.0 3.2581413
275.88177 84.0 3.284308
275.3374 84.0 3.2778258
274.74823 84.0 3.2708127
272.77792 84.0 3.2473567
274.9714 84.0 3.2734692
273.58575 84.0 3.256972
273.4161 84.0 3.2549539
273.23993 84.0 3.252855
276.35046 84.0 3.2898848
275.65634 84.0 3.2816246
272.88287 84.0 3.2486053
274.43802 84.0 3.26712
275.4088 84.0 3.2786763
272.58157 84.0 3.2450194
273.84674 84.0 3.260081
275.61624 84.0 3.2811453
273.94278 84.0 3.2612245
274.1458 84.0 3.2636404
274.26855 84.0 3.2651017
273.35138 84.0 3.2541828
273.95166 84.0 3.26133
272.79352 84.0 3.2475424
272.40753 84.0 3.2429454
272.12634 84.0 3.2395985
273.91818 84.0 3.2609305
275.49573 84.0 3.2797115
272.15994 84.0 3.2399983
273.3046 84.0 3.2536244
272.97653 84.0 3.2497203
272.99884 84.0 3.2499866
275.2816 84.0 3.2771611
272.1153 84.0 3.2394667
273.07474 84.0 3.2508895
273.23093 84.0 3.2527497
273.3025 84.0 3.2535992
272.8002 84.0 3.247623
275.12314 84.0 3.275276
274.60098 84.0 3.26906
258.1132 85.0 3.036625
258.1801 85.0 3.0374126
256.1406 85.0 3.0134184
257.1894 85.0 3.0257564
258.06628 85.0 3.0360742
257.51965 85.0 3.0296419
256.55563 85.0 3.018301
257.2184 85.0 3.0260985
257.87885 85.0 3.03387
257.6044 85.0 3.0306401
257.16257 85.0 3.0254428
257.2496 85.0 3.026465
258.40994 85.0 3.040116
259.3628 85.0 3.0513268
257.2317 85.0 3.0262556
258.0752 85.0 3.0361793
256.5266 85.0 3.0179605
258.4144 85.0 3.0401697
258.30057 85.0 3.0388298
258.12872 85.0 3.0368085
258.5081 85.0 3.041272
256.90604 85.0 3.0224233
259.4409 85.0 3.0522447
258.7536 85.0 3.0441594
259.07047 85.0 3.047887
259.3092 85.0 3.0506964
256.24768 85.0 3.0146792
256.80106 85.0 3.0211892
257.4571 85.0 3.0289087
256.94168 85.0 3.0228431
255.28152 85.0 3.003312
255.40874 85.0 3.004808
256.36823 85.0 3.0160964
257.56424 85.0 3.0301673
256.1808 85.0 3.0138907
256.84354 85.0 3.0216877
257.65567 85.0 3.0312428
256.4597 85.0 3.0171735
257.71375 85.0 3.0319254
256.33026 85.0 3.0156507
257.49057 85.0 3.0293016
241.40215 86.0 2.807002
241.31517 86.0 2.8059897
241.67444 86.0 2.8101678
241.09871 86.0 2.8034728
239.92497 86.0 2.7898254
241.95334 86.0 2.8134108
242.61601 86.0 2.8211172
241.40663 86.0 2.8070529
242.40636 86.0 2.8186786
241.12326 86.0 2.8037593
240.61229 86.0 2.7978165
242.41078 86.0 2.8187294
241.49815 86.0 2.8081179
241.90205 86.0 2.8128128
242.34157 86.0 2.817926
243.73177 86.0 2.8340905
243.53757 86.0 2.8318322
240.23062 86.0 2.7933788
242.91953 86.0 2.8246453
242.7143 86.0 2.8222585
243.17395 86.0 2.8276045
241.6276 86.0 2.8096228
242.08275 86.0 2.814916
241.56064 86.0 2.8088439
240.50296 86.0 2.7965455
241.79715 86.0 2.8115957
242.24341 86.0 2.8167837
240.50069 86.0 2.7965193
240.73708 86.0 2.79927
242.26796 86.0 2.8170695
241.09431 86.0 2.8034208
242.02026 86.0 2.814189
242.16092 86.0 2.8158236
241.93108 86.0 2.8131514
242.34837 86.0 2.8180032
244.04193 86.0 2.8376963
240.58109 86.0 2.7974524
240.6636 86.0 2.798413
240.42485 86.0 2.7956378
241.66771 86.0 2.8100893
240.78188 86.0 2.799789
226.31349 87.0 2.6013045
225.6351 87.0 2.5935073
225.24463 87.0 2.5890188
225.6306 87.0 2.593456
225.57031 87.0 2.5927634
226.55669 87.0 2.6041002
225.5838 87.0 2.5929158
225.54134 87.0 2.5924294
226.2309 87.0 2.6003547
224.98576 87.0 2.5860436
226.62361 87.0 2.6048684
225.70648 87.0 2.5943282
226.68611 87.0 2.6055872
227.40453 87.0 2.6138453
226.29333 87.0 2.601073
225.22676 87.0 2.5888133
226.70834 87.0 2.6058445
226.02786 87.0 2.598022
226.43616 87.0 2.6027143
227.45815 87.0 2.614462
225.32275 87.0 2.5899155
224.9679 87.0 2.5858386
225.31155 87.0 2.5897875
224.0084 87.0 2.5748088
225.38292 87.0 2.5906093
226.13493 87.0 2.599252
225.06839 87.0 2.5869927
226.76862 87.0 2.606535
227.67458 87.0 2.6169503
225.615 87.0 2.5932765
224.51938 87.0 2.5806828
225.58376 87.0 2.5929167
223.39037 87.0 2.5677047
224.9345 87.0 2.5854528
224.68016 87.0 2.5825298
224.08652 87.0 2.5757074
224.77608 87.0 2.5836325
226.67496 87.0 2.6054592
225.33609 87.0 2.5900693
225.99887 87.0 2.5976868
225.07281 87.0 2.587044
208.32617 88.0 2.367342
209.42177 88.0 2.3797917
208.60957 88.0 2.3705626
209.32573 88.0 2.3787022
211.45235 88.0 2.402868
209.2946 88.0 2.3783479
209.55339 88.0 2.381288
210.78511 88.0 2.3952858
209.50648 88.0 2.3807566
210.05322 88.0 2.3869686
210.64679 88.0 2.3937135
207.54063 88.0 2.3584166
209.52214 88.0 2.3809342
208.24803 88.0 2.3664546
209.95282 88.0 2.3858278
210.20282 88.0 2.388667
209.59799 88.0 2.3817961
209.38158 88.0 2.379336
208.21452 88.0 2.366075
207.50055 88.0 2.3579607
209.17632 88.0 2.3770041
208.3953 88.0 2.3681285
210.45267 88.0 2.391508
209.40842 88.0 2.3796413
210.34554 88.0 2.3902905
210.06883 88.0 2.3871462
209.22319 88.0 2.3775365
207.81293 88.0 2.3615108
210.46155 88.0 2.391609
208.65636 88.0 2.3710954
208.39977 88.0 2.3681788
208.66537 88.0 2.3711967
210.14919 88.0 2.3880587
207.68121 88.0 2.3600135
209.36148 88.0 2.3791077
210.2005 88.0 2.3886414
209.47755 88.0 2.380427
208.52254 88.0 2.3695738
209.2031 88.0 2.3773067
209.98184 88.0 2.3861578
208.27705 88.0 2.3667848
191.4522 89.0 2.1511493
193.8621 89.0 2.1782265
193.83987 89.0 2.1779757
192.99861 89.0 2.168524
193.15257 89.0 2.1702535
192.9518 89.0 2.1679966
193.66576 89.0 2.1760209
192.73532 89.0 2.1655653
195.16306 89.0 2.1928432
192.81566 89.0 2.166468
193.97375 89.0 2.1794798
192.56126 89.0 2.1636097
193.21948 89.0 2.1710062
192.63943 89.0 2.1644878
192.35818 89.0 2.161328
193.3244 89.0 2.1721845
190.8699 89.0 2.1446056
193.78409 89.0 2.177349
192.56564 89.0 2.16366
193.16156 89.0 2.170354
193.28197 89.0 2.171708
193.11241 89.0 2.1698027
191.86284 89.0 2.1557615
193.74611 89.0 2.176923
194.60524 89.0 2.1865754
194.48476 89.0 2.1852217
192.62149 89.0 2.1642866
192.80002 89.0 2.1662922
192.83125 89.0 2.1666431
192.92276 89.0 2.1676714
193.9604 89.0 2.1793296
193.6592 89.0 2.175945
192.85805 89.0 2.1669447
192.76877 89.0 2.1659417
192.63945 89.0 2.1644871
193.94244 89.0 2.179129
193.01874 89.0 2.1687496
193.6033 89.0 2.175319
191.58167 89.0 2.1526034
194.83507 89.0 2.1891577
191.96767 89.0 2.1569405
175.92831 90.0 1.9547597
176.10016 90.0 1.956669
177.37653 90.0 1.970851
175.7811 90.0 1.9531231
177.18019 90.0 1.9686688
176.00198 90.0 1.9555793
176.88123 90.0 1.9653467
176.86111 90.0 1.9651235
176.879 90.0 1.9653217
176.9214 90.0 1.9657925
176.33902 90.0 1.959322
178.09518 90.0 1.9788347
178.01479 90.0 1.9779422
175.9418 90.0 1.9549083
176.30774 90.0 1.9589751
175.89714 90.0 1.9544127
176.43942 90.0 1.9604379
177.5328 90.0 1.9725863
176.72504 90.0 1.9636116
176.34119 90.0 1.9593467
176.53531 90.0 1.9615033
176.31221 90.0 1.959024
177.45241 90.0 1.9716942
176.72952 90.0 1.963661
176.37025 90.0 1.9596689
176.47281 90.0 1.960809
176.74953 90.0 1.9638841
177.1356 90.0 1.968173
177.43007 90.0 1.9714464
176.81648 90.0 1.964628
177.19801 90.0 1.9688675
175.6205 90.0 1.9513389
176.11812 90.0 1.9568672
176.04445 90.0 1.9560491
176.3144 90.0 1.9590491
176.25195 90.0 1.9583551
176.43495 90.0 1.9603885
177.0508 90.0 1.9672313
175.70972 90.0 1.9523302
176.93698 90.0 1.9659663
176.34566 90.0 1.9593962
