132.56999 1.0 132.56999
125.81999 1.0 125.81999
128.52 1.0 128.52
127.71001 1.0 127.71001
126.9 1.0 126.9
127.43999 1.0 127.43999
122.85 1.0 122.85
127.43999 1.0 127.43999
127.71 1.0 127.71
124.740005 1.0 124.740005
126.08999 1.0 126.08999
124.46999 1.0 124.46999
127.17 1.0 127.17
126.9 1.0 126.9
128.79001 1.0 128.79001
127.71 1.0 127.71
126.090004 1.0 126.090004
128.51999 1.0 128.51999
127.98 1.0 127.98
126.36001 1.0 126.36001
127.71001 1.0 127.71001
126.90001 1.0 126.90001
130.14 1.0 130.14
131.22 1.0 131.22
126.9 1.0 126.9
125.55 1.0 125.55
126.36001 1.0 126.36001
128.51999 1.0 128.51999
128.25 1.0 128.25
130.95 1.0 130.95
129.06001 1.0 129.06001
125.55 1.0 125.55
124.47001 1.0 124.47001
126.9 1.0 126.9
129.6 1.0 129.6
122.579994 1.0 122.579994
122.85 1.0 122.85
124.47001 1.0 124.47001
126.36 1.0 126.36
129.87 1.0 129.87
121.77 1.0 121.77
248.67001 2.0 124.33501
252.72 2.0 126.36
250.29 2.0 125.145
251.91 2.0 125.955
251.37 2.0 125.685
258.66 2.0 129.33
258.12 2.0 129.06
256.5 2.0 128.25
256.23 2.0 128.115
257.04 2.0 128.52
252.72 2.0 126.36
250.82999 2.0 125.41499
251.63998 2.0 125.81999
254.34 2.0 127.17
252.18001 2.0 126.090004
248.94002 2.0 124.47001
255.41997 2.0 127.709984
255.42 2.0 127.71
252.72 2.0 126.36
254.60999 2.0 127.30499
252.45 2.0 126.225
260.00998 2.0 130.00499
249.21 2.0 124.605
255.68999 2.0 127.84499
258.12 2.0 129.06
255.68999 2.0 127.84499
250.82999 2.0 125.41499
254.87997 2.0 127.43999
253.53 2.0 126.765
254.34001 2.0 127.170006
247.86002 2.0 123.93001
255.69002 2.0 127.84501
256.77 2.0 128.385
247.86002 2.0 123.93001
258.38998 2.0 129.19499
245.70003 2.0 122.85001
258.39 2.0 129.195
249.47998 2.0 124.73999
258.12 2.0 129.06
255.14998 2.0 127.57499
252.45003 2.0 126.22501
382.05002 3.0 127.350006
385.83002 3.0 128.61
374.22003 3.0 124.740005
377.73 3.0 125.91
381.51004 3.0 127.17001
372.33002 3.0 124.11
386.91 3.0 128.97
386.37003 3.0 128.79001
382.05 3.0 127.34999
372.06 3.0 124.02
381.24 3.0 127.079994
382.32004 3.0 127.44001
379.62 3.0 126.53999
374.21997 3.0 124.73999
370.44 3.0 123.479996
382.31998 3.0 127.439995
381.78 3.0 127.26
382.31998 3.0 127.439995
383.13 3.0 127.71
381.77997 3.0 127.25999
377.99997 3.0 125.99999
382.59003 3.0 127.53001
384.20996 3.0 128.06999
379.62 3.0 126.54
390.41998 3.0 130.14
379.62003 3.0 126.54001
384.48 3.0 128.16
379.08 3.0 126.35999
379.08002 3.0 126.36
375.03 3.0 125.01
383.13 3.0 127.71
382.05 3.0 127.35
386.10004 3.0 128.70001
377.72998 3.0 125.909996
381.24 3.0 127.079994
385.56 3.0 128.52
382.58997 3.0 127.52999
379.89 3.0 126.630005
380.43002 3.0 126.810005
380.97003 3.0 126.990005
378.53995 3.0 126.179985
503.81998 4.0 125.954994
509.22003 4.0 127.30501
497.34003 4.0 124.33501
499.49994 4.0 124.874985
514.61993 4.0 128.65498
504.36002 4.0 126.090004
507.87003 4.0 126.96751
496.52997 4.0 124.13249
509.49 4.0 127.3725
498.68994 4.0 124.672485
500.30997 4.0 125.07749
496.79996 4.0 124.19999
505.97992 4.0 126.49498
503.82 4.0 125.955
515.9699 4.0 128.99248
491.94012 4.0 122.98503
506.79004 4.0 126.69751
504.09 4.0 126.0225
498.42 4.0 124.605
505.7099 4.0 126.427475
511.37994 4.0 127.844986
507.05997 4.0 126.76499
505.44 4.0 126.36
516.77997 4.0 129.19499
501.12006 4.0 125.280014
507.87003 4.0 126.96751
510.84 4.0 127.71
510.3001 4.0 127.57503
505.43994 4.0 126.359985
505.17 4.0 126.2925
491.94003 4.0 122.98501
503.28003 4.0 125.82001
512.46 4.0 128.115
511.91998 4.0 127.979996
500.03998 4.0 125.009995
506.51996 4.0 126.62999
501.92993 4.0 125.48248
499.5 4.0 124.875
510.84 4.0 127.71
513.81006 4.0 128.45251
498.96005 4.0 124.74001
632.07 5.0 126.414
642.87 5.0 128.574
629.91 5.0 125.981995
630.99 5.0 126.198
639.9001 5.0 127.98002
636.11993 5.0 127.22399
631.26013 5.0 126.25203
632.88 5.0 126.576
632.61005 5.0 126.52201
629.64 5.0 125.928
638.27997 5.0 127.656
639.09 5.0 127.81801
629.91016 5.0 125.982025
617.22 5.0 123.444
629.37 5.0 125.874
640.98 5.0 128.196
622.8901 5.0 124.57801
633.68994 5.0 126.73799
623.97 5.0 124.79399
627.4801 5.0 125.49602
617.49 5.0 123.498
642.6 5.0 128.51999
644.22 5.0 128.844
645.02997 5.0 129.006
618.84 5.0 123.768005
642.06006 5.0 128.41202
630.7199 5.0 126.14398
641.79004 5.0 128.358
628.01996 5.0 125.604
629.6401 5.0 125.92802
631.53 5.0 126.306
640.44 5.0 128.088
633.69006 5.0 126.73801
634.5 5.0 126.899994
626.94006 5.0 125.38801
629.91003 5.0 125.982
636.39 5.0 127.278
630.18 5.0 126.035995
637.19995 5.0 127.43999
644.49 5.0 128.898
638.01 5.0 127.602005
750.3301 6.0 125.05501
761.94006 6.0 126.990005
766.52997 6.0 127.755
751.14014 6.0 125.190025
759.77997 6.0 126.63
764.63995 6.0 127.439995
774.36 6.0 129.06
762.75 6.0 127.125
760.32 6.0 126.72
757.62 6.0 126.270004
751.68005 6.0 125.28001
764.37 6.0 127.395004
755.99994 6.0 125.99999
745.74 6.0 124.28999
760.32 6.0 126.72
754.9199 6.0 125.81999
758.69995 6.0 126.44999
756.80994 6.0 126.134995
763.02 6.0 127.170006
750.05994 6.0 125.009995
774.36 6.0 129.06
750.3301 6.0 125.05501
760.59 6.0 126.76501
749.25 6.0 124.875
747.9 6.0 124.65
757.0799 6.0 126.179985
744.66003 6.0 124.11
762.48004 6.0 127.08001
756.27 6.0 126.045
754.6501 6.0 125.77502
755.19006 6.0 125.86501
751.95 6.0 125.325005
772.74005 6.0 128.79001
760.05005 6.0 126.675
759.2401 6.0 126.540016
759.2401 6.0 126.540016
755.19006 6.0 125.865005
758.9701 6.0 126.49501
763.29 6.0 127.215
751.14014 6.0 125.19002
753.8401 6.0 125.640015
888.83984 7.0 126.97712
898.29004 7.0 128.32715
883.71014 7.0 126.24431
878.0401 7.0 125.4343
872.64014 7.0 124.66288
877.77 7.0 125.39571
889.92004 7.0 127.13143
886.13983 7.0 126.59141
896.93994 7.0 128.13428
878.85004 7.0 125.55
885.87 7.0 126.55286
892.6201 7.0 127.51716
876.95996 7.0 125.27999
886.9501 7.0 126.70715
883.44006 7.0 126.20572
880.20013 7.0 125.742874
877.76984 7.0 125.39569
888.2999 7.0 126.89999
888.0301 7.0 126.86144
894.78 7.0 127.82572
896.40015 7.0 128.05716
873.7199 7.0 124.81713
890.45996 7.0 127.208565
895.05005 7.0 127.86429
888.57 7.0 126.938576
887.75995 7.0 126.82285
882.09 7.0 126.01286
889.9199 7.0 127.13142
885.06006 7.0 126.43715
875.8802 7.0 125.12574
881.00995 7.0 125.85857
878.85004 7.0 125.55
902.3401 7.0 128.90573
888.83997 7.0 126.977135
881.8201 7.0 125.974304
888.83984 7.0 126.97712
869.4001 7.0 124.20001
883.44006 7.0 126.20572
877.23016 7.0 125.318596
880.74005 7.0 125.82001
889.3799 7.0 127.05427
1016.55 8.0 127.06875
1007.90985 8.0 125.98873
1009.5301 8.0 126.19126
999.27 8.0 124.90875
1024.6501 8.0 128.08127
992.52 8.0 124.065
1011.95996 8.0 126.494995
1022.49005 8.0 127.81126
1007.64 8.0 125.955
1022.22003 8.0 127.777504
1004.9398 8.0 125.61748
1023.3001 8.0 127.91251
1010.88007 8.0 126.36001
992.5199 8.0 124.06499
1018.43994 8.0 127.30499
1026.5399 8.0 128.31749
997.92004 8.0 124.740005
1014.39 8.0 126.79875
1000.89 8.0 125.11125
1007.1001 8.0 125.88751
1008.4502 8.0 126.056274
1008.1802 8.0 126.02252
998.72986 8.0 124.84123
1014.11975 8.0 126.76497
1010.88 8.0 126.36
995.22003 8.0 124.402504
1002.7799 8.0 125.34749
1011.96014 8.0 126.49502
1005.75 8.0 125.71875
995.76013 8.0 124.47002
1007.63995 8.0 125.954994
1022.4899 8.0 127.81124
1003.3201 8.0 125.415016
1010.07 8.0 126.25875
1007.1 8.0 125.8875
1006.55994 8.0 125.81999
1015.7399 8.0 126.96749
1002.77997 8.0 125.347496
997.65 8.0 124.70625
992.2501 8.0 124.031265
1020.06006 8.0 127.50751
1132.6501 9.0 125.85002
1140.48 9.0 126.72
1135.6201 9.0 126.180016
1124.8201 9.0 124.98
1150.74 9.0 127.86
1125.9 9.0 125.1
1130.49 9.0 125.61
1130.7601 9.0 125.640015
1122.3901 9.0 124.710014
1146.9602 9.0 127.44002
1132.9202 9.0 125.88001
1146.9598 9.0 127.43999
1115.1 9.0 123.9
1128.0599 9.0 125.34
1117.26 9.0 124.14
1138.8601 9.0 126.54001
1136.97 9.0 126.329994
1125.9 9.0 125.1
1130.22 9.0 125.579994
1114.0199 9.0 123.77999
1125.63 9.0 125.07
1141.56 9.0 126.840004
1132.3801 9.0 125.82001
1141.0201 9.0 126.780014
1121.5801 9.0 124.62001
1146.4202 9.0 127.38001
1141.2903 9.0 126.81003
1139.1302 9.0 126.57002
1119.4199 9.0 124.37999
1138.59 9.0 126.51
1126.9799 9.0 125.219986
1128.8699 9.0 125.42999
1143.7201 9.0 127.08001
1128.06 9.0 125.340004
1130.2201 9.0 125.58001
1133.19 9.0 125.909996
1120.5 9.0 124.5
1139.1301 9.0 126.57001
1150.47 9.0 127.83
1134.54 9.0 126.060005
1118.6101 9.0 124.29001
1241.73 10.0 124.173004
1253.34 10.0 125.33399
1236.0602 10.0 123.60602
1252.53 10.0 125.253
1238.4897 10.0 123.84897
1234.7101 10.0 123.47101
1218.5101 10.0 121.85101
1263.06 10.0 126.306
1256.85 10.0 125.685
1249.0203 10.0 124.90202
1244.7 10.0 124.47
1243.8901 10.0 124.389015
1237.4098 10.0 123.740974
1237.14 10.0 123.714005
1250.1001 10.0 125.01001
1249.02 10.0 124.902
1240.65 10.0 124.065
1223.91 10.0 122.39101
1263.3298 10.0 126.33298
1254.6902 10.0 125.469025
1235.25 10.0 123.525
1253.07 10.0 125.30699
1227.4197 10.0 122.741974
1248.7498 10.0 124.87498
1254.6902 10.0 125.46902
1241.4602 10.0 124.14602
1194.75 10.0 119.475006
1201.77 10.0 120.177
1226.3401 10.0 122.63401
1252.7999 10.0 125.27999
1258.2 10.0 125.81999
1239.57 10.0 123.95699
1254.1497 10.0 125.41497
1267.1099 10.0 126.71098
1226.61 10.0 122.661
1232.5502 10.0 123.25501
1192.0502 10.0 119.20502
1230.1199 10.0 123.011986
1237.4099 10.0 123.74099
1226.8801 10.0 122.68802
1253.88 10.0 125.388
1278.99 11.0 116.27181
1271.6997 11.0 115.60907
1251.18 11.0 113.74364
1248.7496 11.0 113.5227
1208.5199 11.0 109.86545
1216.6202 11.0 110.60184
1235.2498 11.0 112.29543
1231.2001 11.0 111.927284
1242.0002 11.0 112.90911
1240.1099 11.0 112.73726
1172.61 11.0 106.60091
1215.8098 11.0 110.52816
1158.3 11.0 105.3
1256.04 11.0 114.185455
1269.54 11.0 115.41273
1221.21 11.0 111.01909
1340.82 11.0 121.89272
1301.9401 11.0 118.358185
1311.6604 11.0 119.24185
1249.02 11.0 113.54727
1240.11 11.0 112.73727
1219.5898 11.0 110.8718
1203.6602 11.0 109.42365
1210.6802 11.0 110.06183
1181.2498 11.0 107.386345
1213.9202 11.0 110.35638
1191.78 11.0 108.343636
1239.5701 11.0 112.68819
1251.45 11.0 113.76817
1267.6499 11.0 115.240906
1232.55 11.0 112.05
1212.57 11.0 110.233635
1277.1 11.0 116.1
1230.93 11.0 111.90273
1257.66 11.0 114.33273
1226.6097 11.0 111.50998
1212.84 11.0 110.25818
1166.6697 11.0 106.06088
1216.6201 11.0 110.60183
1159.6501 11.0 105.42274
1239.03 11.0 112.6391
1206.6299 12.0 100.55249
1231.4702 12.0 102.62251
1258.74 12.0 104.895
1305.99 12.0 108.832504
1218.7797 12.0 101.56497
1197.7202 12.0 99.81001
1191.51 12.0 99.292496
1236.3301 12.0 103.02751
1362.1499 12.0 113.51249
1232.0099 12.0 102.66749
1118.07 12.0 93.17249
1236.5997 12.0 103.04998
1277.91 12.0 106.4925
1271.4299 12.0 105.95249
1250.1002 12.0 104.17502
1225.5298 12.0 102.12748
1277.0996 12.0 106.424965
1218.7803 12.0 101.56502
1162.8901 12.0 96.90751
1282.77 12.0 106.8975
1232.2799 12.0 102.689995
1299.7802 12.0 108.31501
1288.98 12.0 107.41499
1295.7301 12.0 107.97751
1283.3098 12.0 106.94249
1265.7599 12.0 105.47999
1232.2799 12.0 102.689995
1257.3899 12.0 104.78249
1185.5701 12.0 98.7975
1202.5801 12.0 100.215004
1253.88 12.0 104.49
1181.7902 12.0 98.48251
1298.7002 12.0 108.22502
1290.5997 12.0 107.54998
1285.2 12.0 107.09999
1269.2698 12.0 105.772484
1285.4702 12.0 107.12252
1216.62 12.0 101.385
1256.3099 12.0 104.6925
1196.1002 12.0 99.67502
1170.45 12.0 97.53749
1284.9299 13.0 98.84077
1198.53 13.0 92.19462
1239.3003 13.0 95.330795
1262.7898 13.0 97.13767
1247.4001 13.0 95.95386
1257.93 13.0 96.76385
1237.9502 13.0 95.22694
1208.2498 13.0 92.94229
1178.2802 13.0 90.63693
1310.5797 13.0 100.81382
1277.91 13.0 98.30077
1318.9502 13.0 101.4577
1288.1699 13.0 99.09
1201.2297 13.0 92.40229
1157.2198 13.0 89.016914
1257.3899 13.0 96.7223
1250.3701 13.0 96.18231
1301.6699 13.0 100.128456
1122.66 13.0 86.35847
1288.4398 13.0 99.110756
1207.1699 13.0 92.85922
1157.49 13.0 89.03769
1248.2102 13.0 96.01617
1179.9 13.0 90.76154
1186.9198 13.0 91.30152
1219.0498 13.0 93.77306
1244.9698 13.0 95.766914
1259.5498 13.0 96.88844
1234.1699 13.0 94.93615
1196.0999 13.0 92.00768
1217.7001 13.0 93.669235
1281.1501 13.0 98.55001
1368.3599 13.0 105.25845
1223.9099 13.0 94.14692
1305.99 13.0 100.46077
1199.61 13.0 92.277695
1246.32 13.0 95.870766
1208.2499 13.0 92.9423
1228.4998 13.0 94.49998
1195.0197 13.0 91.92459
1234.1698 13.0 94.936134
1210.95 14.0 86.49642
1275.48 14.0 91.10571
1166.1299 14.0 83.29499
1187.46 14.0 84.81857
1208.5197 14.0 86.32283
1237.6802 14.0 88.40572
1228.7697 14.0 87.769264
1251.7196 14.0 89.40855
1274.1295 14.0 91.009254
1238.49 14.0 88.46357
1272.51 14.0 90.89357
1190.6996 14.0 85.04997
1253.6104 14.0 89.543594
1233.6302 14.0 88.11645
1244.7 14.0 88.90714
1202.3098 14.0 85.87927
1184.7598 14.0 84.6257
1262.5197 14.0 90.17998
1209.5999 14.0 86.399994
1253.0697 14.0 89.50498
1109.7002 14.0 79.2643
1214.1896 14.0 86.72783
1183.4097 14.0 84.52926
1239.5698 14.0 88.5407
1175.3096 14.0 83.95068
1185.2999 14.0 84.66428
1237.9501 14.0 88.425
1272.2399 14.0 90.874275
1231.4697 14.0 87.96213
1245.7803 14.0 88.98431
1210.14 14.0 86.438576
1291.9498 14.0 92.28213
1262.5197 14.0 90.17998
1267.9199 14.0 90.56571
1301.1296 14.0 92.937836
1258.47 14.0 89.89071
1150.7399 14.0 82.1957
1231.4702 14.0 87.96216
1271.4296 14.0 90.8164
1278.1797 14.0 91.29855
1137.24 14.0 81.23143
1203.1196 15.000001 80.20797
1209.0596 15.000001 80.603966
1159.65 15.000001 77.31
1180.1702 15.000001 78.67801
1117.8 15.000001 74.52
1209.5996 15.000001 80.63997
1263.06 15.000001 84.203995
1183.68 15.000001 78.911995
1210.9498 15.000001 80.72998
1187.46 15.000001 79.163994
1142.3699 15.000001 76.15799
1172.61 15.000001 78.173996
1202.5801 15.000001 80.172
1214.1897 15.000001 80.94598
1248.4797 15.000001 83.23198
1236.87 15.000001 82.45799
1216.3499 15.000001 81.08999
1220.94 15.000001 81.39599
1202.8499 15.000001 80.18999
1193.9395 15.000001 79.59596
1150.4702 15.000001 76.698006
1205.8203 15.000001 80.388016
1238.2197 15.000001 82.54797
1254.9595 15.000001 83.66396
1196.6398 15.000001 79.77598
1248.4801 15.000001 83.232
1224.45 15.000001 81.62999
1190.9697 15.000001 79.39798
1226.8801 15.000001 81.792
1234.9801 15.000001 82.332
1259.5499 15.000001 83.96999
1230.6598 15.000001 82.04398
1234.98 15.000001 82.33199
1231.1997 15.000001 82.07998
1236.8702 15.000001 82.45801
1211.7598 15.000001 80.78398
1134.27 15.000001 75.618
1211.7599 15.000001 80.78399
1186.38 15.000001 79.091995
1137.7798 15.000001 75.85198
1233.0898 15.000001 82.205986
1202.0398 16.0 75.12749
1150.1997 16.0 71.88748
1255.77 16.0 78.48563
1217.97 16.0 76.12312
1219.3198 16.0 76.20749
1239.57 16.0 77.47312
1283.3098 16.0 80.20686
1188.5397 16.0 74.28373
1198.2598 16.0 74.891235
1266.84 16.0 79.1775
1210.1399 16.0 75.63374
1197.4498 16.0 74.840614
1172.8798 16.0 73.304985
1232.5499 16.0 77.03437
1226.07 16.0 76.62937
1255.7698 16.0 78.48561
1185.8395 16.0 74.11497
1239.84 16.0 77.49
1270.08 16.0 79.38
1187.7297 16.0 74.23311
1178.8196 16.0 73.67622
1210.6799 16.0 75.667496
1241.9996 16.0 77.62498
1238.2197 16.0 77.38873
1240.3801 16.0 77.52376
1236.6 16.0 77.2875
1176.12 16.0 73.5075
1190.6998 16.0 74.41874
1306.2596 16.0 81.64123
1199.6097 16.0 74.97561
1126.9797 16.0 70.43623
1212.8405 16.0 75.80253
1125.6299 16.0 70.35187
1210.4099 16.0 75.65062
1174.2302 16.0 73.38939
1206.3601 16.0 75.39751
1176.6598 16.0 73.54124
1167.48 16.0 72.9675
1259.2798 16.0 78.70499
1241.73 16.0 77.60812
1176.3901 16.0 73.52438
1147.5 17.0 67.5
1171.5302 17.0 68.913536
1170.7198 17.0 68.865875
1213.1096 17.0 71.35939
1136.6998 17.0 66.86469
1217.97 17.0 71.645294
1208.2493 17.0 71.07349
1199.3397 17.0 70.54939
1197.7197 17.0 70.4541
1099.7097 17.0 64.688805
1142.6398 17.0 67.2141
1200.4199 17.0 70.61294
1157.49 17.0 68.08765
1269.5397 17.0 74.6788
1149.6594 17.0 67.62702
1222.8298 17.0 71.93117
1179.6298 17.0 69.389984
1179.6298 17.0 69.389984
1197.7195 17.0 70.45409
1126.4396 17.0 66.261154
1229.0399 17.0 72.29646
1230.6598 17.0 72.391754
1254.9597 17.0 73.82116
1210.95 17.0 71.23235
1166.4 17.0 68.61176
1200.4198 17.0 70.61293
1224.9899 17.0 72.05823
1188.8097 17.0 69.929985
1250.3701 17.0 73.551186
1226.0697 17.0 72.12175
1204.4701 17.0 70.85118
1164.5099 17.0 68.50058
1239.2996 17.0 72.89997
1238.2196 17.0 72.83645
1099.1697 17.0 64.65704
1261.7102 17.0 74.21825
1185.03 17.0 69.70765
1210.4097 17.0 71.20057
1198.5298 17.0 70.501755
1262.7898 17.0 74.28175
1221.21 17.0 71.83588
1176.9297 18.0 65.38498
1185.2996 18.0 65.849976
1201.77 18.0 66.765
1217.1599 18.0 67.619995
1155.0598 18.0 64.16999
1224.1802 18.0 68.01001
1141.8303 18.0 63.43502
1141.2897 18.0 63.40498
1118.07 18.0 62.114994
1161.5397 18.0 64.52998
1184.7598 18.0 65.819984
1113.7498 18.0 61.87499
1124.0098 18.0 62.44499
1148.3094 18.0 63.79497
1188.27 18.0 66.015
1122.9302 18.0 62.38501
1172.6101 18.0 65.145004
1088.64 18.0 60.480003
1194.7495 18.0 66.37497
1156.6797 18.0 64.25998
1249.02 18.0 69.39
1171.5298 18.0 65.08499
1173.96 18.0 65.22
1235.2493 18.0 68.62496
1181.52 18.0 65.64
1157.2197 18.0 64.289986
1185.84 18.0 65.88
1214.9999 18.0 67.49999
1225.2598 18.0 68.069984
1211.2197 18.0 67.289986
1142.9098 18.0 63.494987
1137.24 18.0 63.18
1235.7898 18.0 68.65499
1145.8798 18.0 63.65999
1217.43 18.0 67.635
1169.1 18.0 64.95
1177.7396 18.0 65.42998
1111.8599 18.0 61.769993
1230.39 18.0 68.355
1239.2997 18.0 68.84998
1264.95 18.0 70.274994
1163.4296 19.0 61.233135
1176.6604 19.0 61.929497
1191.2394 19.0 62.69681
1179.8995 19.0 62.099976
1160.1901 19.0 61.062634
1134.2695 19.0 59.698395
1155.6001 19.0 60.821056
1201.5001 19.0 63.236847
1162.6198 19.0 61.190514
1131.8403 19.0 59.570545
1197.9902 19.0 63.052116
1221.2097 19.0 64.27419
1128.0597 19.0 59.371563
1131.5697 19.0 59.5563
1203.6597 19.0 63.35051
1209.8695 19.0 63.677345
1198.7996 19.0 63.094715
1109.6997 19.0 58.405247
1260.0897 19.0 66.32051
1154.25 19.0 60.75
1154.7899 19.0 60.77842
1141.0194 19.0 60.053654
1146.9597 19.0 60.3663
1135.0798 19.0 59.741043
1168.8297 19.0 61.517353
1215.8093 19.0 63.989967
1169.0999 19.0 61.53157
1194.2095 19.0 62.85313
1193.9397 19.0 62.83893
1207.9802 19.0 63.577904
1169.3701 19.0 61.545795
1194.7498 19.0 62.881565
1138.05 19.0 59.89737
1191.7798 19.0 62.72525
1197.1798 19.0 63.009464
1198.5299 19.0 63.08052
1163.9696 19.0 61.26156
1186.9194 19.0 62.469444
1186.3799 19.0 62.441048
1161.8097 19.0 61.14788
1127.2496 19.0 59.328926
1231.7397 20.0 61.586987
1187.9995 20.0 59.39998
1145.3396 20.0 57.26698
1193.3998 20.0 59.66999
1123.1993 20.0 56.15997
1224.45 20.0 61.2225
1189.0793 20.0 59.453968
1129.4093 20.0 56.470463
1176.9294 20.0 58.846474
1177.47 20.0 58.8735
1230.9298 20.0 61.54649
1228.7697 20.0 61.43848
1157.4896 20.0 57.87448
1149.9302 20.0 57.49651
1181.2495 20.0 59.062477
1181.5195 20.0 59.075974
1187.7297 20.0 59.386486
1163.4299 20.0 58.171494
1094.8496 20.0 54.742477
1186.1097 20.0 59.305485
1187.4598 20.0 59.37299
1174.5002 20.0 58.72501
1141.5598 20.0 57.077988
1186.6499 20.0 59.332497
1133.9998 20.0 56.699986
1200.1499 20.0 60.007496
1129.4102 20.0 56.470505
1146.1497 20.0 57.30748
1159.11 20.0 57.955498
1086.4799 20.0 54.323994
1182.8698 20.0 59.14349
1185.0295 20.0 59.251476
1163.7001 20.0 58.185
1099.4398 20.0 54.971992
1080.0002 20.0 54.00001
1115.9099 20.0 55.795498
1149.1194 20.0 57.45597
1166.6699 20.0 58.333496
1183.9497 20.0 59.197487
1179.8997 20.0 58.994984
1224.7195 20.0 61.235973
1136.97 21.0 54.141426
1148.3099 21.0 54.681423
1178.5497 21.0 56.121414
1160.7296 21.0 55.27284
1137.51 21.0 54.16714
1120.4998 21.0 53.357132
1108.889 21.0 52.80424
1180.4396 21.0 56.21141
1141.2894 21.0 54.34712
1166.1296 21.0 55.529984
1106.1902 21.0 52.675724
1157.4895 21.0 55.11855
1175.3093 21.0 55.967113
1195.2897 21.0 56.918556
1099.9801 21.0 52.380005
1108.8898 21.0 52.804276
1183.4097 21.0 56.352844
1199.8799 21.0 57.13714
1221.48 21.0 58.16571
1179.6299 21.0 56.17285
1116.1797 21.0 53.151413
1167.4795 21.0 55.59426
1118.34 21.0 53.254284
1142.6399 21.0 54.411423
1217.6998 21.0 57.985706
1140.4796 21.0 54.30855
1099.9801 21.0 52.380005
1102.6793 21.0 52.508537
1100.2494 21.0 52.39283
1159.65 21.0 55.221428
1133.7299 21.0 53.987137
1139.4001 21.0 54.25715
1193.3998 21.0 56.828564
1196.9098 21.0 56.995705
1084.0499 21.0 51.621426
1183.9493 21.0 56.37854
1180.9795 21.0 56.237118
1138.8597 21.0 54.23142
1112.13 21.0 52.958572
1118.0696 21.0 53.24141
1154.7899 21.0 54.989994
1105.9197 22.0 50.269077
1146.4196 22.0 52.109978
1198.2595 22.0 54.46634
1091.6102 22.0 49.61865
1103.49 22.0 50.158638
1179.9003 22.0 53.63183
1182.87 22.0 53.76682
1160.1902 22.0 52.735916
1178.5498 22.0 53.570446
1141.0198 22.0 51.864532
1195.8297 22.0 54.355896
1081.08 22.0 49.14
1116.179 22.0 50.73541
1161.2695 22.0 52.784977
1096.1996 22.0 49.827255
1173.1501 22.0 53.325005
1142.9095 22.0 51.95043
1198.8 22.0 54.490913
1136.7003 22.0 51.668194
1110.7797 22.0 50.489986
1124.01 22.0 51.091366
1125.6296 22.0 51.164986
1151.8196 22.0 52.35544
1094.5795 22.0 49.753613
1162.3496 22.0 52.834076
1156.9497 22.0 52.588623
1209.5996 22.0 54.9818
1152.3597 22.0 52.37999
1100.5198 22.0 50.02363
1155.5997 22.0 52.52726
1087.5599 22.0 49.434544
1084.8595 22.0 49.311794
1094.31 22.0 49.741364
1154.7898 22.0 52.490444
1132.6501 22.0 51.484097
1137.7795 22.0 51.717255
1107.5396 22.0 50.34271
1108.0793 22.0 50.367245
1143.1794 22.0 51.962704
1107.0 22.0 50.31818
1192.59 22.0 54.208637
1137.2395 23.0 49.445198
1172.8792 23.0 50.994747
1214.7295 23.0 52.814327
1057.0496 23.0 45.958675
1109.1594 23.0 48.224323
1098.3606 23.0 47.754807
1124.01 23.0 48.870003
1163.6996 23.0 50.595634
1109.4297 23.0 48.236073
1136.4299 23.0 49.409996
1176.3893 23.0 51.14736
1102.4093 23.0 47.93084
1069.2001 23.0 46.48696
1094.8499 23.0 47.60217
1071.3594 23.0 46.580845
1185.5692 23.0 51.546486
1102.68 23.0 47.94261
1148.5797 23.0 49.938248
1171.5299 23.0 50.93608
1099.9799 23.0 47.82521
1206.3599 23.0 52.450428
1169.3702 23.0 50.842186
1198.5293 23.0 52.10997
1080.5396 23.0 46.97998
1124.0096 23.0 48.869984
1065.6897 23.0 46.334335
1166.129 23.0 50.701263
1218.2404 23.0 52.966972
1182.8696 23.0 51.429115
1151.8196 23.0 50.079113
1198.2596 23.0 52.098248
1112.9398 23.0 48.388687
1118.6094 23.0 48.635193
1138.3197 23.0 49.49216
1146.1497 23.0 49.832592
1159.9199 23.0 50.4313
1106.9996 23.0 48.130417
1139.67 23.0 49.55087
1134.2697 23.0 49.316074
1124.2795 23.0 48.88172
1153.4397 23.0 50.14955
1128.3297 24.0 47.013737
1116.9899 24.0 46.541245
1107.8094 24.0 46.158726
1134.8098 24.0 47.283745
1152.8999 24.0 48.037495
1175.5793 24.0 48.982475
1098.6296 24.0 45.776234
1154.5197 24.0 48.104984
1130.4896 24.0 47.103733
1172.3396 24.0 48.847485
1079.7292 24.0 44.98872
1139.1298 24.0 47.46374
1113.4791 24.0 46.394962
1164.5101 24.0 48.521255
1153.7098 24.0 48.071243
1127.2494 24.0 46.968723
1131.57 24.0 47.148746
1082.6995 24.0 45.11248
1126.71 24.0 46.946247
1173.6896 24.0 48.903732
1090.7993 24.0 45.44997
1155.3293 24.0 48.13872
1156.41 24.0 48.18375
1089.4497 24.0 45.393738
1164.5098 24.0 48.52124
1099.7097 24.0 45.82124
1088.9095 24.0 45.37123
1150.1998 24.0 47.92499
1074.0596 24.0 44.752483
1115.6395 24.0 46.48498
1196.91 24.0 49.87125
1113.4801 24.0 46.395004
1147.2294 24.0 47.801224
1060.2899 24.0 44.178745
1051.9202 24.0 43.830006
1097.55 24.0 45.731255
1098.6294 24.0 45.776226
1099.9796 24.0 45.832485
1151.8196 24.0 47.992485
1187.9998 24.0 49.49999
1114.0195 24.0 46.41748
1090.5302 25.0 43.621204
1018.7096 25.0 40.748383
1051.6501 25.0 42.066006
1123.4695 25.0 44.93878
1089.9901 25.0 43.599606
1124.5493 25.0 44.98197
1091.8799 25.0 43.675194
1081.8899 25.0 43.275597
1102.1393 25.0 44.08557
1113.2092 25.0 44.52837
1107.2699 25.0 44.290794
1146.4198 25.0 45.856792
1165.32 25.0 46.612797
1110.5095 25.0 44.42038
1173.6893 25.0 46.947575
1152.3594 25.0 46.094376
1120.4996 25.0 44.819984
1085.6699 25.0 43.426796
1068.3896 25.0 42.735588
1075.6796 25.0 43.027184
1070.0099 25.0 42.800396
1119.9597 25.0 44.79839
1124.2794 25.0 44.971176
1106.1895 25.0 44.247578
1103.2197 25.0 44.128788
1070.2795 25.0 42.81118
1091.0697 25.0 43.642788
1155.87 25.0 46.2348
1075.4099 25.0 43.016396
1051.6494 25.0 42.06598
1075.1398 25.0 43.005592
1128.0596 25.0 45.122383
1112.9393 25.0 44.517574
1077.0293 25.0 43.081173
1126.7096 25.0 45.068382
1063.5297 25.0 42.541187
1122.3899 25.0 44.895596
1044.6296 25.0 41.785187
1102.6798 25.0 44.107193
1135.6199 25.0 45.424797
1111.0494 25.0 44.44198
1141.2904 26.0 43.895786
1085.6699 26.0 41.756535
1071.0897 26.0 41.19576
1099.7092 26.0 42.29651
1124.5494 26.0 43.251904
1074.0597 26.0 41.30999
1069.7399 26.0 41.14384
1082.1597 26.0 41.621525
1011.6898 26.0 38.911148
1072.1694 26.0 41.237286
1070.2802 26.0 41.16462
1099.4393 26.0 42.28613
1159.9198 26.0 44.6123
1108.889 26.0 42.64958
1136.1595 26.0 43.698444
1123.47 26.0 43.210384
1121.0396 26.0 43.116905
1070.8192 26.0 41.185356
1102.68 26.0 42.41077
1178.8196 26.0 45.339214
1171.5295 26.0 45.058826
1100.5198 26.0 42.327682
1091.6097 26.0 41.98499
1114.2898 26.0 42.8573
1068.9294 26.0 41.11267
1064.0696 26.0 40.925755
1165.5897 26.0 44.830376
1071.6296 26.0 41.216522
1098.6294 26.0 42.25498
1075.9498 26.0 41.382687
1122.659 26.0 43.179195
1107.8097 26.0 42.608067
1135.0795 26.0 43.656902
1065.4194 26.0 40.97767
1060.5596 26.0 40.790752
1129.4093 26.0 43.43882
1120.7698 26.0 43.10653
1113.4799 26.0 42.82615
1073.52 26.0 41.28923
1092.1498 26.0 42.00576
1088.3694 26.0 41.86036
1048.68 27.000002 38.84
1102.14 27.000002 40.82
1082.1597 27.000002 40.079983
1048.14 27.000002 38.82
1102.4095 27.000002 40.82998
1022.7596 27.000002 37.879982
1139.1295 27.000002 42.18998
1027.0795 27.000002 38.039978
1095.9298 27.000002 40.58999
1106.4592 27.000002 40.97997
1024.6495 27.000002 37.94998
1132.3795 27.000002 41.93998
1101.0597 27.000002 40.779984
1113.2096 27.000002 41.22998
1067.85 27.000002 39.549995
1070.5498 27.000002 39.64999
1108.0798 27.000002 41.03999
1163.1595 27.000002 43.07998
1109.4299 27.000002 41.089993
1048.14 27.000002 38.819996
1061.3698 27.000002 39.30999
1063.2598 27.000002 39.37999
1045.4403 27.000002 38.72001
1109.1593 27.000002 41.07997
1064.8794 27.000002 39.439976
1091.0701 27.000002 40.41
1102.9496 27.000002 40.849983
1085.9397 27.000002 40.219986
1126.7098 27.000002 41.729992
1090.5294 27.000002 40.389977
1087.83 27.000002 40.289993
1070.5496 27.000002 39.649982
1107.0002 27.000002 41.000008
1054.0798 27.000002 39.03999
1099.9799 27.000002 40.73999
1094.8495 27.000002 40.54998
1089.9904 27.000002 40.37001
1048.41 27.000002 38.829998
1147.2292 27.000002 42.48997
1083.7797 27.000002 40.139984
1061.9095 27.000002 39.32998
1097.8195 28.0 39.207836
1072.9795 28.0 38.320698
1117.2593 28.0 39.90212
1105.6498 28.0 39.48749
1116.1798 28.0 39.863564
1003.0496 28.0 35.8232
1111.3196 28.0 39.689987
1110.2397 28.0 39.65142
1109.1588 28.0 39.612816
1075.4097 28.0 38.40749
1024.1101 28.0 36.57536
1004.9402 28.0 35.89072
1138.5895 28.0 40.66391
1088.9097 28.0 38.88963
1027.6195 28.0 36.700695
1080.2698 28.0 38.581062
1075.1396 28.0 38.397846
1089.9896 28.0 38.9282
1081.0801 28.0 38.610004
1058.1296 28.0 37.790344
1087.5599 28.0 38.841427
1089.4497 28.0 38.90892
998.7299 28.0 35.668926
1025.7299 28.0 36.63321
1016.8191 28.0 36.31497
1031.3999 28.0 36.83571
1090.7996 28.0 38.957127
1113.4796 28.0 39.767128
1187.7295 28.0 42.41891
1036.5298 28.0 37.01892
1116.7192 28.0 39.882828
1058.9397 28.0 37.819275
1130.4896 28.0 40.37463
1068.1195 28.0 38.147125
1048.1399 28.0 37.433567
1094.309 28.0 39.082462
1063.5299 28.0 37.98321
1043.2798 28.0 37.25999
1071.0894 28.0 38.25319
1116.9901 28.0 39.892506
1060.2893 28.0 37.867474
1056.7799 29.0 36.440685
1007.63995 29.0 34.746204
1021.94995 29.0 35.239655
1053.8092 29.0 36.33825
1101.33 29.0 37.976894
1062.9894 29.0 36.654808
1027.89 29.0 35.444485
1027.3499 29.0 35.425858
1041.9298 29.0 35.928616
1005.2099 29.0 34.66241
1047.3293 29.0 36.114803
1061.9094 29.0 36.617565
1080.8096 29.0 37.269295
1036.2598 29.0 35.733097
1102.68 29.0 38.02345
1050.2996 29.0 36.217228
1083.5098 29.0 37.362404
1041.3893 29.0 35.909977
1021.40967 29.0 35.221024
1048.4098 29.0 36.15206
993.3295 29.0 34.252743
1034.6393 29.0 35.677216
1062.1787 29.0 36.626854
1008.17944 29.0 34.76481
1049.2197 29.0 36.17999
1074.3301 29.0 37.045864
1030.5894 29.0 35.537563
1083.2395 29.0 37.35309
1045.9795 29.0 36.06826
1019.2495 29.0 35.146534
1029.7794 29.0 35.509636
1052.7297 29.0 36.301025
1055.1598 29.0 36.38482
1085.13 29.0 37.418278
1071.0898 29.0 36.93413
1106.9999 29.0 38.17241
1102.4099 29.0 38.014133
1066.4993 29.0 36.775837
1082.4291 29.0 37.32514
1094.0392 29.0 37.72549
1055.7001 29.0 36.40345
1058.6697 30.000002 35.288986
1076.4897 30.000002 35.882988
1028.4292 30.000002 34.28097
1030.0493 30.000002 34.334976
1057.8591 30.000002 35.26197
1069.7401 30.000002 35.658
1025.4597 30.000002 34.181988
1047.3291 30.000002 34.91097
1065.9597 30.000002 35.53199
1043.8193 30.000002 34.793976
1077.2993 30.000002 35.909973
1095.6597 30.000002 36.521988
1039.7699 30.000002 34.658993
1017.0896 30.000002 33.902985
1075.4098 30.000002 35.846992
1046.5194 30.000002 34.88398
1006.8298 30.000002 33.56099
1040.3096 30.000002 34.676983
1078.1099 30.000002 35.936993
1103.7593 30.000002 36.791973
1068.9297 30.000002 35.63099
1028.1598 30.000002 34.27199
1015.73987 30.000002 33.857994
1080.2694 30.000002 36.008976
1033.5596 30.000002 34.451984
1013.8498 30.000002 33.79499
1098.8993 30.000002 36.629974
1035.4495 30.000002 34.51498
1055.9694 30.000002 35.19898
997.1098 30.000002 33.23699
1004.1295 30.000002 33.47098
1028.1594 30.000002 34.27198
1116.9901 30.000002 37.233
1027.0797 30.000002 34.23599
1066.2291 30.000002 35.54097
963.6299 30.000002 32.120995
1106.4592 30.000002 36.881973
1008.9895 30.000002 33.63298
1078.6497 30.000002 35.954987
1066.23 30.000002 35.540997
1043.0096 30.000002 34.766987
1012.4999 31.0 32.661285
1047.5996 31.0 33.793537
1056.2399 31.0 34.072254
1040.8492 31.0 33.575783
986.3098 31.0 31.816446
1081.6198 31.0 34.89096
1031.9398 31.0 33.28838
1039.2294 31.0 33.52353
1085.9397 31.0 35.03031
1072.7092 31.0 34.603523
1037.6094 31.0 33.47127
1056.5096 31.0 34.080956
1080.8096 31.0 34.864826
1052.1893 31.0 33.941593
1024.9198 31.0 33.061928
1096.1998 31.0 35.361286
991.17004 31.0 31.973227
993.8694 31.0 32.060303
1067.849 31.0 34.446743
1053.5403 31.0 33.98517
1063.5292 31.0 34.307392
1019.2489 31.0 32.878998
1032.4803 31.0 33.305817
1025.1896 31.0 33.070633
991.43933 31.0 31.981915
1052.7303 31.0 33.95904
1057.8596 31.0 34.124504
1029.7798 31.0 33.218704
1039.5001 31.0 33.53226
1013.8495 31.0 32.704823
1061.9097 31.0 34.25515
1063.26 31.0 34.29871
1090.2596 31.0 35.169666
1065.419 31.0 34.368355
1066.23 31.0 34.394516
1058.6697 31.0 34.150635
1027.6193 31.0 33.14901
1041.3894 31.0 33.59321
1017.6294 31.0 32.826756
1067.5795 31.0 34.438046
1084.3197 31.0 34.978054
1009.5294 32.0 31.547794
1072.7097 32.0 33.52218
1053.8094 32.0 32.931545
1022.48956 32.0 31.952799
1061.3704 32.0 33.167824
1067.5795 32.0 33.36186
1052.1901 32.0 32.88094
1015.7399 32.0 31.741873
1020.8698 32.0 31.902182
988.7396 32.0 30.898113
1048.1396 32.0 32.754364
994.67957 32.0 31.083736
1030.3195 32.0 32.197483
1065.4199 32.0 33.294373
1004.66943 32.0 31.39592
1049.2192 32.0 32.7881
951.20966 32.0 29.725302
1001.4295 32.0 31.294672
1006.5597 32.0 31.45499
1030.0491 32.0 32.189034
998.7297 32.0 31.210302
1028.4296 32.0 32.138424
994.13947 32.0 31.066858
1037.3398 32.0 32.41687
993.86945 32.0 31.05842
988.4691 32.0 30.88966
1027.079 32.0 32.09622
1079.9995 32.0 33.749985
970.6494 32.0 30.332794
1003.31995 32.0 31.353748
1037.3395 32.0 32.41686
1026.8097 32.0 32.087803
1001.4293 32.0 31.294666
1087.0198 32.0 33.969368
1039.4993 32.0 32.484352
1089.45 32.0 34.04531
1009.52966 32.0 31.547802
1091.0695 32.0 34.09592
1017.6296 32.0 31.800924
1022.7593 32.0 31.961227
984.68945 32.0 30.771545
1025.9999 33.0 31.090906
1030.5898 33.0 31.229996
1021.6798 33.0 30.959993
1054.6194 33.0 31.958162
991.43964 33.0 30.043625
999.5398 33.0 30.289085
1048.4099 33.0 31.769997
1017.3596 33.0 30.829079
1010.8792 33.0 30.632704
1015.4696 33.0 30.771807
1010.3394 33.0 30.616346
988.4694 33.0 29.953619
995.49005 33.0 30.166365
1030.3196 33.0 31.221804
972.5396 33.0 29.470898
989.2795 33.0 29.978167
1060.8295 33.0 32.146347
1043.2794 33.0 31.614527
1042.7395 33.0 31.598167
987.38947 33.0 29.920893
991.9801 33.0 30.060003
1020.32965 33.0 30.91908
1018.9796 33.0 30.87817
1055.9695 33.0 31.999077
1020.0594 33.0 30.91089
945.53973 33.0 28.65272
984.68945 33.0 29.839075
1037.8792 33.0 31.450882
987.38965 33.0 29.920898
1008.7196 33.0 30.56726
996.83954 33.0 30.207258
1047.5994 33.0 31.745434
1054.0798 33.0 31.941813
969.0295 33.0 29.36453
1017.8996 33.0 30.845442
1065.6888 33.0 32.293602
974.69946 33.0 29.536346
984.68976 33.0 29.839083
989.8197 33.0 29.994537
990.0894 33.0 30.00271
968.76 33.0 29.356363
1024.9188 34.0 30.144672
937.9797 34.0 27.587637
993.06006 34.0 29.20765
977.1297 34.0 28.739109
930.41943 34.0 27.365278
973.6195 34.0 28.635868
974.9696 34.0 28.675577
1012.7694 34.0 29.787336
1032.7493 34.0 30.374977
1000.8893 34.0 29.43792
1018.1696 34.0 29.946165
1017.08966 34.0 29.914402
996.83954 34.0 29.31881
1064.3394 34.0 31.304098
968.21936 34.0 28.47704
1007.3699 34.0 29.628525
1008.9891 34.0 29.67615
952.0199 34.0 28.000586
998.7297 34.0 29.374403
1025.4594 34.0 30.16057
997.1092 34.0 29.32674
1070.8201 34.0 31.494709
1038.1493 34.0 30.533804
1018.7097 34.0 29.962051
1000.3496 34.0 29.422047
1010.34015 34.0 29.715887
1012.76984 34.0 29.787348
1011.41925 34.0 29.747625
1033.0197 34.0 30.38293
1008.98944 34.0 29.67616
1013.3096 34.0 29.803223
952.82935 34.0 28.024393
1026.5398 34.0 30.192348
974.97 34.0 28.675587
992.2489 34.0 29.183792
1018.97974 34.0 29.969992
1025.4595 34.0 30.160572
983.06964 34.0 28.913813
986.0394 34.0 29.00116
1043.55 34.0 30.692648
998.45984 34.0 29.366467
1014.38965 35.0 28.982561
979.2898 35.0 27.979708
994.6801 35.0 28.419432
933.66034 35.0 26.67601
957.41974 35.0 27.354849
1024.1089 35.0 29.260254
977.9399 35.0 27.94114
972.5395 35.0 27.786842
956.8799 35.0 27.339426
945.5391 35.0 27.015404
992.5193 35.0 28.357695
984.95966 35.0 28.141705
1043.2797 35.0 29.80799
998.9997 35.0 28.542849
1017.6297 35.0 29.075134
993.05963 35.0 28.373133
1004.39905 35.0 28.697115
1008.44904 35.0 28.81283
1020.05945 35.0 29.144556
1003.0487 35.0 28.658535
1008.7197 35.0 28.820564
1034.91 35.0 29.56886
1038.4192 35.0 29.669119
949.85925 35.0 27.138836
955.5298 35.0 27.300852
977.6696 35.0 27.933418
1014.6597 35.0 28.990278
1002.23926 35.0 28.635406
975.23975 35.0 27.863993
1007.9096 35.0 28.797417
949.8597 35.0 27.138847
984.9598 35.0 28.141708
998.45935 35.0 28.52741
955.5299 35.0 27.300854
959.0402 35.0 27.40115
1011.41956 35.0 28.897701
930.9598 35.0 26.59885
969.02954 35.0 27.686558
956.0698 35.0 27.31628
1006.5596 35.0 28.758844
999.26953 35.0 28.550558
1015.1996 36.0 28.19999
1011.6893 36.0 28.10248
963.8994 36.0 26.774984
1010.60944 36.0 28.072485
976.31976 36.0 27.119993
1003.0492 36.0 27.862478
1018.16956 36.0 28.282488
927.18 36.0 25.755
940.1397 36.0 26.114992
954.7191 36.0 26.519976
1000.35034 36.0 27.78751
971.18964 36.0 26.97749
1015.46924 36.0 28.20748
992.51953 36.0 27.569986
973.34973 36.0 27.037493
1009.79944 36.0 28.049984
981.17993 36.0 27.254997
988.74 36.0 27.465
966.8695 36.0 26.857487
991.4398 36.0 27.539995
949.8596 36.0 26.384989
957.69006 36.0 26.6025
1039.4991 36.0 28.874975
945.81006 36.0 26.272501
942.83966 36.0 26.189991
943.92004 36.0 26.220001
980.63916 36.0 27.239977
935.00964 36.0 25.97249
1004.6701 36.0 27.907503
1040.8499 36.0 28.912495
936.3597 36.0 26.00999
1008.4496 36.0 28.01249
1031.6697 36.0 28.657492
972.2697 36.0 27.007492
903.9602 36.0 25.110006
972.8095 36.0 27.022486
943.91943 36.0 26.219984
947.4297 36.0 26.317492
933.11975 36.0 25.919992
984.95996 36.0 27.359999
1007.90967 36.0 27.99749
958.22955 37.0 25.898096
969.0299 37.0 26.189997
951.20953 37.0 25.708366
959.57983 37.0 25.93459
1000.88965 37.0 27.051071
980.64044 37.0 26.503796
981.98956 37.0 26.540258
962.81964 37.0 26.022152
969.0293 37.0 26.189981
955.259 37.0 25.81781
1000.34894 37.0 27.036457
992.51953 37.0 26.824852
1006.28973 37.0 27.19702
950.93994 37.0 25.70108
925.8297 37.0 25.022425
1001.699 37.0 27.072945
918.8096 37.0 24.832691
974.69965 37.0 26.343233
947.6995 37.0 25.6135
986.30927 37.0 26.657007
934.4696 37.0 25.255936
973.0801 37.0 26.299461
987.65967 37.0 26.693504
971.7294 37.0 26.262957
997.3796 37.0 26.956205
929.33954 37.0 25.117285
953.0997 37.0 25.75945
964.7098 37.0 26.073236
915.3001 37.0 24.73784
986.3097 37.0 26.657019
956.8791 37.0 25.861597
933.38995 37.0 25.226755
953.9098 37.0 25.781345
977.1296 37.0 26.408907
1007.63934 37.0 27.233496
951.47894 37.0 25.715647
991.7101 37.0 26.802975
983.3395 37.0 26.576742
1014.1201 37.0 27.408651
946.3495 37.0 25.577013
942.83966 37.0 25.482153
928.7997 38.0 24.442097
948.7798 38.0 24.96789
947.4295 38.0 24.932356
947.9697 38.0 24.946571
938.5202 38.0 24.6979
996.56964 38.0 26.225517
959.5798 38.0 25.2521
926.6394 38.0 24.385248
949.5898 38.0 24.989204
927.17975 38.0 24.399467
981.98987 38.0 25.841839
915.0298 38.0 24.079731
971.99994 38.0 25.578945
973.3498 38.0 25.614468
937.16974 38.0 24.662361
890.7296 38.0 23.440252
939.5995 38.0 24.726303
897.7494 38.0 23.624985
959.57965 38.0 25.252096
964.1693 38.0 25.372877
974.9697 38.0 25.657099
996.84 38.0 26.232632
958.7694 38.0 25.230774
960.11896 38.0 25.266289
919.61975 38.0 24.20052
934.1992 38.0 24.58419
1001.6992 38.0 26.360506
981.9897 38.0 25.841833
963.8992 38.0 25.365768
965.7892 38.0 25.415504
963.6293 38.0 25.358665
941.4896 38.0 24.776043
951.7497 38.0 25.046045
974.9699 38.0 25.657103
1025.7291 38.0 26.99287
960.3892 38.0 25.273401
885.32983 38.0 23.298153
964.43994 38.0 25.38
897.20966 38.0 23.61078
993.06 38.0 26.133158
953.6395 38.0 25.095778
972.9775 39.0 24.948141
936.4803 39.0 24.012316
947.5648 39.0 24.296534
938.1024 39.0 24.053907
974.0576 39.0 24.975836
938.643 39.0 24.06777
988.3869 39.0 25.343254
964.8667 39.0 24.740171
956.7561 39.0 24.532207
969.46234 39.0 24.85801
952.701 39.0 24.42823
936.2102 39.0 24.00539
934.0473 39.0 23.94993
925.12585 39.0 23.721176
941.34656 39.0 24.13709
959.18884 39.0 24.594585
914.8525 39.0 23.457756
960.81177 39.0 24.6362
967.8404 39.0 24.81642
963.2443 39.0 24.698572
932.1544 39.0 23.901396
910.25684 39.0 23.339918
994.0636 39.0 25.48881
962.7036 39.0 24.684708
898.90295 39.0 23.048794
972.9771 39.0 24.948132
951.8899 39.0 24.407433
937.8319 39.0 24.046972
927.5584 39.0 23.783548
957.5675 39.0 24.553013
925.3957 39.0 23.728094
924.85486 39.0 23.714228
964.0554 39.0 24.71937
909.175 39.0 23.31218
949.72705 39.0 24.351976
944.8614 39.0 24.227215
940.5359 39.0 24.116304
993.79364 39.0 25.481888
968.11066 39.0 24.82335
907.01263 39.0 23.256735
953.51184 39.0 24.449022
984.6897 40.0 24.617243
925.5591 40.0 23.138977
967.1398 40.0 24.178493
891.2696 40.0 22.28174
935.0101 40.0 23.375252
894.2398 40.0 22.355995
954.7196 40.0 23.86799
928.79956 40.0 23.21999
948.50946 40.0 23.712736
924.4796 40.0 23.11199
907.1997 40.0 22.679993
916.37946 40.0 22.909487
962.81946 40.0 24.070486
926.3693 40.0 23.159233
955.5294 40.0 23.888235
915.02966 40.0 22.875742
911.2493 40.0 22.781233
921.77985 40.0 23.044497
917.1897 40.0 22.929743
950.12933 40.0 23.753233
940.6796 40.0 23.51699
895.85974 40.0 22.396494
906.65955 40.0 22.666489
943.65015 40.0 23.591253
916.379 40.0 22.909475
914.21985 40.0 22.855495
922.3191 40.0 23.057978
941.48987 40.0 23.537247
907.4696 40.0 22.68674
964.43994 40.0 24.110998
920.42975 40.0 23.010744
917.7291 40.0 22.943228
928.8 40.0 23.22
892.3499 40.0 22.308748
909.6295 40.0 22.740738
932.3093 40.0 23.307734
942.5698 40.0 23.564245
929.6096 40.0 23.24024
908.8199 40.0 22.720497
906.6598 40.0 22.666494
929.609 40.0 23.240225
902.6088 41.0 22.014849
901.5295 41.0 21.988523
895.85986 41.0 21.85024
885.0599 41.0 21.586826
898.8298 41.0 21.922678
860.7594 41.0 20.994131
909.89984 41.0 22.192678
902.87994 41.0 22.021461
941.75934 41.0 22.96974
963.0899 41.0 23.489998
929.0692 41.0 22.660225
890.99945 41.0 21.731693
868.3197 41.0 21.17853
886.1397 41.0 21.613163
908.5495 41.0 22.159744
937.9795 41.0 22.877548
886.4094 41.0 21.619741
955.52954 41.0 23.3056
912.8697 41.0 22.265114
933.3895 41.0 22.765598
888.56964 41.0 21.67243
941.2192 41.0 22.956566
964.1699 41.0 23.51634
920.1594 41.0 22.442913
870.20953 41.0 21.224623
917.18976 41.0 22.370481
890.18964 41.0 21.711943
940.95013 41.0 22.950003
847.7997 41.0 20.678041
907.1999 41.0 22.126827
926.6396 41.0 22.600965
866.42975 41.0 21.132433
930.14996 41.0 22.686584
891.80927 41.0 21.751446
939.5994 41.0 22.917059
922.0498 41.0 22.48902
934.19965 41.0 22.785357
928.7995 41.0 22.653646
906.65985 41.0 22.113655
878.3093 41.0 21.422178
886.4098 41.0 21.619751
825.3899 42.0 19.65214
905.84973 42.0 21.56785
940.4094 42.0 22.390701
920.4302 42.0 21.915005
899.6398 42.0 21.419994
931.2298 42.0 22.172138
886.4096 42.0 21.10499
872.0996 42.0 20.764277
907.2 42.0 21.6
898.5599 42.0 21.394283
923.6696 42.0 21.992134
854.54974 42.0 20.346422
879.1196 42.0 20.93142
893.15967 42.0 21.265707
901.5292 42.0 21.464981
888.8393 42.0 21.16284
867.5094 42.0 20.654985
931.2298 42.0 22.172138
885.86975 42.0 21.092136
947.6996 42.0 22.564276
924.74976 42.0 22.01785
921.50934 42.0 21.940699
910.9797 42.0 21.689993
912.86993 42.0 21.734999
876.6895 42.0 20.87356
882.35986 42.0 21.008568
919.07935 42.0 21.882841
904.7696 42.0 21.542133
870.7499 42.0 20.73214
887.48975 42.0 21.130709
954.4496 42.0 22.72499
896.9394 42.0 21.3557
903.96 42.0 21.522858
912.86957 42.0 21.73499
885.3295 42.0 21.079275
872.9101 42.0 20.783573
903.1497 42.0 21.503565
914.7589 42.0 21.779974
861.8395 42.0 20.519987
912.87 42.0 21.735
932.3093 42.0 22.197842
877.4993 43.0 20.406961
828.0897 43.0 19.2579
863.9992 43.0 20.093004
892.34973 43.0 20.75232
882.35944 43.0 20.519987
865.08 43.0 20.11814
937.1697 43.0 21.794643
874.7996 43.0 20.344177
908.81934 43.0 21.135334
869.6695 43.0 20.224873
937.1695 43.0 21.79464
786.7798 43.0 18.297205
894.7796 43.0 20.808828
851.03973 43.0 19.791622
931.22906 43.0 21.65649
883.4398 43.0 20.545113
872.90967 43.0 20.300224
847.2599 43.0 19.703718
884.51965 43.0 20.570225
844.01984 43.0 19.628368
907.19904 43.0 21.097652
884.78955 43.0 20.576502
912.5994 43.0 21.223242
893.6997 43.0 20.783714
902.87933 43.0 20.997194
916.10913 43.0 21.304863
875.0697 43.0 20.350458
841.31964 43.0 19.565573
868.5896 43.0 20.199759
872.90955 43.0 20.300222
910.70935 43.0 21.179287
886.40955 43.0 20.614176
882.3592 43.0 20.519981
906.6598 43.0 21.085112
879.65955 43.0 20.4572
880.1999 43.0 20.469765
913.67944 43.0 21.24836
902.06934 43.0 20.978357
896.39954 43.0 20.8465
853.1992 43.0 19.841843
873.18 43.0 20.30651
856.7103 44.0 19.47069
864.53937 44.0 19.648623
885.0602 44.0 20.115004
845.90985 44.0 19.225224
829.9797 44.0 18.863174
873.9898 44.0 19.863405
852.9295 44.0 19.384762
867.7799 44.0 19.722271
871.5597 44.0 19.808174
844.2902 44.0 19.188414
884.5197 44.0 20.10272
865.3495 44.0 19.667034
856.44037 44.0 19.464554
887.4896 44.0 20.17022
882.8997 44.0 20.065903
911.51953 44.0 20.716352
908.8196 44.0 20.654991
899.63947 44.0 20.446352
848.8801 44.0 19.29273
876.4198 44.0 19.918633
898.2897 44.0 20.415674
876.6897 44.0 19.924767
876.4197 44.0 19.918629
892.34924 44.0 20.280664
862.10956 44.0 19.5934
852.92975 44.0 19.384768
905.57947 44.0 20.581352
848.6099 44.0 19.286589
883.16943 44.0 20.072033
853.73987 44.0 19.40318
846.71985 44.0 19.243633
934.73975 44.0 21.244085
917.4596 44.0 20.851355
892.88904 44.0 20.292933
861.56995 44.0 19.581135
924.2093 44.0 21.004757
868.8601 44.0 19.74682
891.53986 44.0 20.26227
867.50934 44.0 19.716122
908.2794 44.0 20.642714
876.6898 44.0 19.924768
793.53015 45.0 17.634003
839.9695 45.0 18.665989
841.0497 45.0 18.689993
877.4993 45.0 19.499985
873.9898 45.0 19.421995
854.0095 45.0 18.97799
889.91943 45.0 19.775988
874.52924 45.0 19.433983
874.79974 45.0 19.439995
899.6395 45.0 19.99199
842.3992 45.0 18.719982
849.95984 45.0 18.887997
809.46 45.0 17.988
846.98944 45.0 18.821987
824.5799 45.0 18.323997
888.5694 45.0 19.745987
878.03925 45.0 19.511984
863.9999 45.0 19.199997
898.01953 45.0 19.95599
873.1798 45.0 19.403996
852.3893 45.0 18.941984
872.0994 45.0 19.379988
884.2494 45.0 19.649986
888.0292 45.0 19.733982
839.9694 45.0 18.665987
890.7303 45.0 19.794006
836.1897 45.0 18.581993
802.97955 45.0 17.84399
833.48987 45.0 18.521997
838.8896 45.0 18.64199
862.3801 45.0 19.164003
844.5593 45.0 18.767984
825.6597 45.0 18.347994
906.12 45.0 20.136
805.9502 45.0 17.910004
846.98944 45.0 18.821987
895.5898 45.0 19.901995
917.7298 45.0 20.393995
829.97955 45.0 18.44399
839.6998 45.0 18.659996
929.339 45.0 20.651978
808.3798 46.0 17.573475
825.6595 46.0 17.94912
854.5492 46.0 18.577156
890.99976 46.0 19.36956
858.86975 46.0 18.671082
813.2398 46.0 17.679127
848.33954 46.0 18.442163
840.23975 46.0 18.26608
858.3299 46.0 18.659346
798.39014 46.0 17.356308
847.52985 46.0 18.424562
830.24945 46.0 18.0489
822.1501 46.0 17.872828
834.5696 46.0 18.142817
807.5697 46.0 17.555862
855.89984 46.0 18.606518
854.55 46.0 18.577173
842.12976 46.0 18.307169
824.31006 46.0 17.919785
799.46954 46.0 17.379772
846.7196 46.0 18.406948
808.37964 46.0 17.573471
819.44995 46.0 17.814129
860.48975 46.0 18.706299
864.2692 46.0 18.788462
876.4191 46.0 19.05259
863.7293 46.0 18.776724
831.05975 46.0 18.066517
869.3998 46.0 18.899996
824.31024 46.0 17.919788
834.83997 46.0 18.148695
811.61993 46.0 17.643911
833.7596 46.0 18.125208
855.08984 46.0 18.58891
853.2 46.0 18.547827
844.2896 46.0 18.354122
861.02954 46.0 18.718033
824.03986 46.0 17.91391
855.6295 46.0 18.600641
868.5901 46.0 18.882393
866.9691 46.0 18.847155
837.27014 47.0 17.814259
827.81995 47.0 17.61319
801.3596 47.0 17.050205
842.6699 47.0 17.929148
809.19 47.0 17.216808
815.6697 47.0 17.354673
840.77985 47.0 17.888933
836.7295 47.0 17.802755
837.80975 47.0 17.825739
800.2798 47.0 17.02723
773.82007 47.0 16.464256
822.41925 47.0 17.498281
769.2299 47.0 16.366594
807.8396 47.0 17.188076
810.26996 47.0 17.239786
843.47986 47.0 17.94638
814.04987 47.0 17.32021
840.23975 47.0 17.877441
809.72955 47.0 17.228289
856.16956 47.0 18.216373
806.49005 47.0 17.159363
831.5994 47.0 17.693605
843.74963 47.0 17.95212
827.2799 47.0 17.6017
836.45905 47.0 17.797
835.9198 47.0 17.785528
902.33936 47.0 19.19871
805.1401 47.0 17.13064
827.27954 47.0 17.601692
824.0397 47.0 17.532759
800.81964 47.0 17.038715
844.2891 47.0 17.963598
828.0899 47.0 17.618935
865.8897 47.0 18.423185
763.8296 47.0 16.251694
831.86945 47.0 17.69935
886.9501 47.0 18.871279
812.70044 47.0 17.291498
796.49915 47.0 16.94679
815.3992 47.0 17.348919
830.5198 47.0 17.670633
855.6299 48.0 17.825623
842.6698 48.0 17.55562
768.6898 48.0 16.014372
790.8297 48.0 16.475618
800.54974 48.0 16.67812
855.8996 48.0 17.831242
807.8397 48.0 16.829994
882.0897 48.0 18.37687
822.14923 48.0 17.128109
795.1499 48.0 16.565622
802.7101 48.0 16.723127
767.0698 48.0 15.980621
825.38983 48.0 17.195621
790.01904 48.0 16.45873
822.68994 48.0 17.139374
778.6803 48.0 16.222506
827.8196 48.0 17.24624
809.18933 48.0 16.85811
849.41956 48.0 17.696241
773.0099 48.0 16.104372
792.4496 48.0 16.509367
793.7997 48.0 16.537493
838.0792 48.0 17.459984
838.8894 48.0 17.476862
822.6896 48.0 17.139366
843.2093 48.0 17.56686
853.73987 48.0 17.786247
773.28015 48.0 16.110003
791.0997 48.0 16.481243
846.1797 48.0 17.628744
839.9695 48.0 17.499365
821.60925 48.0 17.11686
825.6594 48.0 17.201239
828.0899 48.0 17.251873
810.8099 48.0 16.891872
814.85986 48.0 16.976248
793.2596 48.0 16.526241
794.06934 48.0 16.543112
803.79016 48.0 16.745628
831.86926 48.0 17.33061
803.24976 48.0 16.73437
783.8098 49.0 15.996119
782.1899 49.0 15.963058
790.8294 49.0 16.139376
827.8202 49.0 16.894289
752.48987 49.0 15.356936
786.2399 49.0 16.045713
841.85974 49.0 17.18081
818.63983 49.0 16.706936
828.89984 49.0 16.916323
839.4297 49.0 17.131218
791.90955 49.0 16.161419
775.97986 49.0 15.836324
841.31946 49.0 17.169785
798.9297 49.0 16.304688
795.69 49.0 16.238571
829.97925 49.0 16.938353
838.3501 49.0 17.109186
781.38 49.0 15.946531
788.39966 49.0 16.089788
820.2599 49.0 16.739998
795.6902 49.0 16.238575
805.9494 49.0 16.447947
838.34973 49.0 17.109179
801.0897 49.0 16.34877
829.9794 49.0 16.938354
817.55975 49.0 16.684893
817.55994 49.0 16.684896
810.5398 49.0 16.541628
790.29004 49.0 16.128368
806.75977 49.0 16.464485
843.7495 49.0 17.219378
807.2997 49.0 16.475504
789.47986 49.0 16.111834
810.53955 49.0 16.541624
799.19977 49.0 16.3102
821.0697 49.0 16.756525
772.1995 49.0 15.759174
787.3195 49.0 16.067745
759.50977 49.0 15.500199
849.1497 49.0 17.329586
838.8898 49.0 17.1202
778.68024 50.0 15.573605
811.61957 50.0 16.232391
784.8894 50.0 15.697788
785.97 50.0 15.719399
797.8495 50.0 15.95699
797.0397 50.0 15.940793
796.4997 50.0 15.929994
763.28973 50.0 15.265795
810.5394 50.0 16.210789
798.12 50.0 15.9623995
804.86993 50.0 16.097399
760.3203 50.0 15.206407
791.9097 50.0 15.838195
861.2997 50.0 17.225994
846.99 50.0 16.9398
780.5694 50.0 15.611388
787.31964 50.0 15.746393
841.31995 50.0 16.826399
823.49927 50.0 16.469986
832.6794 50.0 16.653587
795.4196 50.0 15.908392
785.9699 50.0 15.7193985
797.5794 50.0 15.951588
780.03 50.0 15.6006
819.1798 50.0 16.383596
789.21014 50.0 15.784203
816.4797 50.0 16.329594
789.48004 50.0 15.7896
778.9495 50.0 15.578991
813.2397 50.0 16.264793
797.5798 50.0 15.951595
819.7203 50.0 16.394405
780.0298 50.0 15.600595
823.4999 50.0 16.469997
806.75977 50.0 16.135195
775.44006 50.0 15.508801
797.03986 50.0 15.940797
769.7701 50.0 15.395402
795.42004 50.0 15.908401
784.08014 50.0 15.6816025
791.63983 50.0 15.832797
771.3899 51.0 15.125292
784.8898 51.0 15.389996
738.44965 51.0 14.479404
782.1898 51.0 15.337055
719.0097 51.0 14.098229
777.5998 51.0 15.247055
772.19995 51.0 15.141175
768.6897 51.0 15.072347
778.13995 51.0 15.257646
731.9698 51.0 14.352348
785.6996 51.0 15.405874
790.8298 51.0 15.506466
810.2696 51.0 15.887639
775.70953 51.0 15.2099905
786.77985 51.0 15.427055
795.69 51.0 15.601765
778.4094 51.0 15.26293
791.1001 51.0 15.511766
803.79004 51.0 15.76059
791.6399 51.0 15.52235
811.6198 51.0 15.914114
740.60974 51.0 14.52176
777.05994 51.0 15.236469
769.49976 51.0 15.088231
787.85974 51.0 15.448231
780.8395 51.0 15.310577
795.95953 51.0 15.60705
824.3097 51.0 16.162935
764.10004 51.0 14.982354
774.63007 51.0 15.188825
732.5094 51.0 14.362929
779.2199 51.0 15.278822
745.46985 51.0 14.617056
747.08984 51.0 14.64882
767.3399 51.0 15.04588
737.9095 51.0 14.468813
780.02954 51.0 15.294697
797.30963 51.0 15.633522
762.7499 51.0 14.95588
781.6497 51.0 15.326466
793.52966 51.0 15.559405
775.16974 52.0 14.90711
758.9698 52.0 14.595572
793.7996 52.0 15.265377
772.47 52.0 14.855192
802.71 52.0 15.436731
811.34985 52.0 15.602881
753.83997 52.0 14.4969225
760.85944 52.0 14.631912
764.64 52.0 14.704616
785.7 52.0 15.109615
778.6796 52.0 14.974608
767.60986 52.0 14.761728
765.7199 52.0 14.725383
757.89014 52.0 14.57481
768.1501 52.0 14.772117
795.14996 52.0 15.291346
784.6196 52.0 15.08884
808.64954 52.0 15.550953
786.50964 52.0 15.125186
779.7597 52.0 14.995379
733.86005 52.0 14.112693
754.37964 52.0 14.507301
765.98975 52.0 14.730572
758.42975 52.0 14.585187
779.49005 52.0 14.990193
744.12 52.0 14.309999
795.9597 52.0 15.306918
727.65 52.0 13.99327
732.23987 52.0 14.081535
770.85 52.0 14.8240385
809.99963 52.0 15.576916
753.5695 52.0 14.491721
790.5599 52.0 15.203074
727.1102 52.0 13.982889
757.61957 52.0 14.569607
755.9996 52.0 14.538453
766.52954 52.0 14.7409525
768.9594 52.0 14.787681
709.0197 52.0 13.6349945
773.8199 52.0 14.881152
801.6301 52.0 15.415964
773.46985 52.999996 14.593772
735.36346 52.999996 13.8747835
750.2273 52.999996 14.155233
737.52527 52.999996 13.915572
745.90314 52.999996 14.073645
745.6332 52.999996 14.068551
754.0111 52.999996 14.226625
748.33575 52.999996 14.119544
735.63416 52.999996 13.87989
753.2006 52.999996 14.211333
798.3328 52.999996 15.062884
777.793 52.999996 14.675342
737.7956 52.999996 13.920672
781.5769 52.999996 14.746736
753.2 52.999996 14.211322
715.9053 52.999996 13.5076475
700.5005 52.999996 13.216991
718.06744 52.999996 13.548443
762.9297 52.999996 14.394901
774.2802 52.999996 14.609062
755.90295 52.999996 14.262321
757.52405 52.999996 14.292908
743.7415 52.999996 14.03286
742.9305 52.999996 14.017557
743.4709 52.999996 14.027754
749.4167 52.999996 14.139938
744.0117 52.999996 14.037958
779.6851 52.999996 14.7110405
773.7399 52.999996 14.598867
720.49945 52.999996 13.594331
741.8498 52.999996 13.997167
729.6883 52.999996 13.767705
778.60406 52.999996 14.690644
750.2277 52.999996 14.155241
736.44464 52.999996 13.895183
758.33514 52.999996 14.308211
739.958 52.999996 13.9614725
745.63324 52.999996 14.068553
772.659 52.999996 14.578472
785.0906 52.999996 14.81303
726.44525 52.999996 13.706515
752.75995 54.000004 13.939998
750.05975 54.000004 13.889995
717.6595 54.000004 13.289989
724.4098 54.000004 13.414995
735.2103 54.000004 13.6150055
699.83966 54.000004 12.959992
765.71967 54.000004 14.179993
755.1895 54.000004 13.98499
708.74976 54.000004 13.124994
716.5797 54.000004 13.269994
758.16003 54.000004 14.04
734.67 54.000004 13.604999
750.8701 54.000004 13.905002
768.9598 54.000004 14.239995
763.29004 54.000004 14.134999
738.17975 54.000004 13.669994
721.1698 54.000004 13.354996
728.45996 54.000004 13.489999
755.19006 54.000004 13.985001
735.2098 54.000004 13.614995
724.68024 54.000004 13.420003
726.57 54.000004 13.454999
737.64014 54.000004 13.660002
680.67017 54.000004 12.605002
720.36 54.000004 13.339999
739.5302 54.000004 13.695003
754.1098 54.000004 13.964995
744.66016 54.000004 13.790002
711.18024 54.000004 13.170004
752.4903 54.000004 13.935004
741.4201 54.000004 13.7300005
747.0897 54.000004 13.834994
767.0694 54.000004 14.204988
678.50995 54.000004 12.564998
749.24963 54.000004 13.874992
754.6495 54.000004 13.974989
709.82996 54.000004 13.144999
754.92004 54.000004 13.98
750.32996 54.000004 13.894999
734.39954 54.000004 13.599991
756.8096 54.000004 14.014991
716.0396 55.0 13.018902
737.09973 55.0 13.4018135
746.8195 55.0 13.578537
735.47974 55.0 13.372359
756.2695 55.0 13.750354
727.10974 55.0 13.220178
705.77985 55.0 12.832361
717.9297 55.0 13.0532675
712.25977 55.0 12.950177
717.1199 55.0 13.038544
738.9897 55.0 13.436176
716.84985 55.0 13.033633
771.38904 55.0 14.025255
723.0599 55.0 13.1465435
698.7598 55.0 12.704724
747.3598 55.0 13.58836
739.52966 55.0 13.445993
738.71954 55.0 13.431265
737.09937 55.0 13.401807
732.2399 55.0 13.313454
701.9995 55.0 12.763628
704.42993 55.0 12.8078165
706.3199 55.0 12.84218
738.44946 55.0 13.426353
736.01953 55.0 13.382174
719.27985 55.0 13.077815
739.2599 55.0 13.441089
721.4395 55.0 13.117083
768.68964 55.0 13.976175
674.72974 55.0 12.267814
711.98987 55.0 12.945271
710.90967 55.0 12.925631
756.5395 55.0 13.755263
694.9798 55.0 12.635996
723.3298 55.0 13.15145
701.18976 55.0 12.748904
721.71027 55.0 13.1220045
723.05975 55.0 13.146541
720.8998 55.0 13.107268
724.13965 55.0 13.166176
731.1594 55.0 13.293808
725.75977 56.0 12.959995
701.9999 56.0 12.535712
690.1198 56.0 12.323568
739.52966 56.0 13.205887
664.4699 56.0 11.865534
663.1199 56.0 11.841426
696.8696 56.0 12.4441
719.8195 56.0 12.85392
678.7798 56.0 12.121067
702.80945 56.0 12.550169
694.9798 56.0 12.410354
691.74 56.0 12.3525
719.27985 56.0 12.844283
721.16986 56.0 12.878034
693.08923 56.0 12.376594
721.9797 56.0 12.892494
742.2294 56.0 13.254096
672.2999 56.0 12.005356
685.7998 56.0 12.246426
714.14996 56.0 12.752678
723.05963 56.0 12.911779
701.1897 56.0 12.521245
715.49963 56.0 12.776779
714.9598 56.0 12.7671385
705.23975 56.0 12.593567
698.7598 56.0 12.477854
674.9999 56.0 12.05357
682.82996 56.0 12.193392
701.1897 56.0 12.521245
675.8096 56.0 12.068028
679.59 56.0 12.135536
714.95984 56.0 12.767139
725.22 56.0 12.9503565
736.28986 56.0 13.148033
723.8696 56.0 12.926243
736.2901 56.0 13.148038
659.6102 56.0 11.778754
727.10986 56.0 12.984105
687.68994 56.0 12.280177
726.5698 56.0 12.974462
721.7095 56.0 12.88767
710.91 57.0 12.472105
704.1597 57.0 12.35368
696.05975 57.0 12.211575
702.54004 57.0 12.325264
729.26984 57.0 12.794208
674.1896 57.0 11.827888
644.2201 57.0 11.302107
673.37976 57.0 11.81368
684.7202 57.0 12.012635
670.41003 57.0 11.7615795
690.1199 57.0 12.107367
690.6598 57.0 12.116838
710.09985 57.0 12.457892
689.8498 57.0 12.102628
668.7901 57.0 11.73316
695.24963 57.0 12.197362
686.0701 57.0 12.036318
659.6098 57.0 11.572102
709.0198 57.0 12.438943
661.4999 57.0 11.605261
726.84 57.0 12.751579
681.2095 57.0 11.951043
724.1394 57.0 12.7042
665.54974 57.0 11.6763115
716.5798 57.0 12.571575
707.66974 57.0 12.415258
687.4201 57.0 12.060001
707.67 57.0 12.415263
678.2399 57.0 11.898946
740.8799 57.0 12.997892
689.8499 57.0 12.10263
690.39014 57.0 12.112107
737.0995 57.0 12.93157
676.34955 57.0 11.865782
700.10944 57.0 12.282621
686.8799 57.0 12.050524
683.3695 57.0 11.988938
669.06006 57.0 11.737896
686.06976 57.0 12.036312
732.77954 57.0 12.855782
706.3196 57.0 12.391571
691.4698 58.0 11.921893
681.75 58.0 11.754311
679.3199 58.0 11.712412
719.0097 58.0 12.396719
667.9799 58.0 11.516895
664.73987 58.0 11.461032
669.8695 58.0 11.549474
672.0294 58.0 11.586714
638.8198 58.0 11.014135
677.96985 58.0 11.689136
677.42944 58.0 11.679818
647.99976 58.0 11.17241
685.79913 58.0 11.824123
686.8799 58.0 11.842756
672.3003 58.0 11.591384
684.98987 58.0 11.81017
665.82007 58.0 11.479656
688.2296 58.0 11.866028
676.0799 58.0 11.65655
697.40955 58.0 12.0243025
697.40985 58.0 12.024308
664.47 58.0 11.456379
707.93964 58.0 12.205855
708.4799 58.0 12.215171
647.1902 58.0 11.158451
684.18005 58.0 11.796207
668.51984 58.0 11.526204
673.6496 58.0 11.614648
704.16016 58.0 12.140693
656.3696 58.0 11.316718
686.6099 58.0 11.838102
676.0802 58.0 11.656555
666.08966 58.0 11.484304
699.2999 58.0 12.056895
668.2498 58.0 11.521548
699.03 58.0 12.052242
674.7294 58.0 11.6332655
700.11 58.0 12.070862
653.93994 58.0 11.274827
648.8097 58.0 11.186374
705.2398 58.0 12.1593075
674.2212 58.999996 11.427479
668.0056 58.999996 11.32213
693.4075 58.999996 11.752669
664.2229 58.999996 11.258016
669.0867 58.999996 11.340453
679.8961 58.999996 11.5236635
625.30994 58.999996 10.5984745
663.9524 58.999996 11.253431
676.3831 58.999996 11.464121
637.1999 58.999996 10.799999
642.8745 58.999996 10.896179
673.14026 58.999996 11.409158
669.8977 58.999996 11.354199
672.3296 58.999996 11.395417
708.8106 58.999996 12.01374
671.24927 58.999996 11.377107
699.3525 58.999996 11.853433
668.5463 58.999996 11.331294
669.08685 58.999996 11.340456
640.17236 58.999996 10.85038
692.86664 58.999996 11.743504
691.5159 58.999996 11.72061
627.2013 58.999996 10.630531
665.84436 58.999996 11.285499
648.00916 58.999996 10.983207
703.6757 58.999996 11.926708
651.25146 58.999996 11.038161
671.789 58.999996 11.386255
668.00635 58.999996 11.322143
670.708 58.999996 11.367933
669.6271 58.999996 11.349612
657.73676 58.999996 11.148082
651.52185 58.999996 11.042744
683.67926 58.999996 11.587785
643.14514 58.999996 10.900765
644.4957 58.999996 10.923657
684.75995 58.999996 11.606102
662.3312 58.999996 11.225953
667.1952 58.999996 11.3083935
653.1435 58.999996 11.07023
695.56934 58.999996 11.789311
628.02 60.000004 10.467
639.09 60.000004 10.6515
650.16003 60.000004 10.8359995
659.33936 60.000004 10.988989
673.6498 60.000004 11.227495
658.26 60.000004 10.971
661.7704 60.000004 11.029506
659.6093 60.000004 10.993488
639.63007 60.000004 10.660501
637.74 60.000004 10.628999
653.4 60.000004 10.889999
613.70984 60.000004 10.228497
643.13995 60.000004 10.718999
639.35986 60.000004 10.655997
650.1596 60.000004 10.835993
622.6202 60.000004 10.377003
655.28986 60.000004 10.921497
646.92 60.000004 10.781999
658.5298 60.000004 10.975495
650.70013 60.000004 10.845001
622.6202 60.000004 10.377003
648.26965 60.000004 10.804494
659.3397 60.000004 10.988995
687.4197 60.000004 11.456994
632.61 60.000004 10.543499
651.24 60.000004 10.853999
680.66986 60.000004 11.344497
655.2898 60.000004 10.921496
620.73016 60.000004 10.345502
630.7201 60.000004 10.512001
677.9698 60.000004 11.299496
631.25995 60.000004 10.520998
660.14996 60.000004 11.002499
642.3301 60.000004 10.705501
614.52014 60.000004 10.242002
627.2097 60.000004 10.453495
651.5103 60.000004 10.858504
692.5496 60.000004 11.542493
646.6496 60.000004 10.777493
626.66974 60.000004 10.444495
636.93024 60.000004 10.615503
642.8697 61.0 10.538847
646.38007 61.0 10.596395
654.47974 61.0 10.729176
649.6195 61.0 10.6495
635.3099 61.0 10.414916
614.7898 61.0 10.078521
616.9498 61.0 10.113932
636.11993 61.0 10.428196
642.32983 61.0 10.529997
623.1597 61.0 10.215734
611.5497 61.0 10.025405
613.97986 61.0 10.065244
613.16986 61.0 10.051965
596.43005 61.0 9.777542
650.6997 61.0 10.667209
611.8198 61.0 10.029833
642.05975 61.0 10.52557
636.9302 61.0 10.441479
649.6196 61.0 10.649502
631.5296 61.0 10.352944
640.1699 61.0 10.494589
640.7099 61.0 10.503441
633.96027 61.0 10.392791
643.9499 61.0 10.556556
660.4195 61.0 10.82655
639.08997 61.0 10.476885
672.84015 61.0 11.030167
644.48975 61.0 10.565406
660.15 61.0 10.822131
676.3499 61.0 11.087704
585.3599 61.0 9.596065
618.8398 61.0 10.144915
645.3 61.0 10.578689
625.3198 61.0 10.251144
638.2801 61.0 10.463608
634.4997 61.0 10.401634
643.1402 61.0 10.543282
673.6498 61.0 11.043439
626.6697 61.0 10.273273
615.6 61.0 10.091803
608.04016 61.0 9.967872
643.67944 62.0 10.381927
632.07 62.0 10.194677
639.08997 62.0 10.307902
628.29004 62.0 10.13371
639.0898 62.0 10.307899
666.0898 62.0 10.743383
639.35974 62.0 10.312254
627.2098 62.0 10.116286
624.24 62.0 10.068387
622.6196 62.0 10.042253
632.61 62.0 10.203387
618.8399 62.0 9.981289
619.10974 62.0 9.985641
628.8305 62.0 10.142427
605.60974 62.0 9.767899
623.4296 62.0 10.055317
609.1196 62.0 9.824511
633.95984 62.0 10.225159
637.46936 62.0 10.281764
613.1701 62.0 9.88984
598.3199 62.0 9.650321
608.8498 62.0 9.820158
604.79987 62.0 9.754836
617.22 62.0 9.955161
623.9697 62.0 10.064028
630.72003 62.0 10.172904
653.39996 62.0 10.538709
650.43005 62.0 10.490808
623.9699 62.0 10.064031
613.44006 62.0 9.894195
626.39984 62.0 10.103223
608.0401 62.0 9.807098
627.75 62.0 10.125
626.6701 62.0 10.107582
601.2898 62.0 9.698222
618.57007 62.0 9.976936
626.66974 62.0 10.107576
631.53 62.0 10.185968
611.0098 62.0 9.854998
616.4101 62.0 9.942099
625.0499 62.0 10.08145
615.6002 63.0 9.771432
592.6496 63.0 9.407137
595.34973 63.0 9.449996
615.6001 63.0 9.77143
601.56 63.0 9.548572
593.99994 63.0 9.428571
595.8899 63.0 9.45857
613.4398 63.0 9.73714
596.69995 63.0 9.471428
595.6202 63.0 9.4542885
597.7802 63.0 9.488575
617.49 63.0 9.801429
611.55035 63.0 9.707149
630.1798 63.0 10.002854
594.81006 63.0 9.441429
611.2799 63.0 9.702856
612.6299 63.0 9.724284
607.5001 63.0 9.642859
567.27026 63.0 9.00429
615.59973 63.0 9.771424
616.6796 63.0 9.788566
595.3494 63.0 9.449991
618.84 63.0 9.822858
620.19 63.0 9.844286
630.18024 63.0 10.002861
635.3097 63.0 10.084281
593.19006 63.0 9.415715
626.9398 63.0 9.951426
621.26996 63.0 9.861428
613.70996 63.0 9.741428
613.16974 63.0 9.732853
622.0801 63.0 9.874287
609.9301 63.0 9.681431
649.34985 63.0 10.30714
603.98975 63.0 9.587139
638.0101 63.0 10.127144
629.3699 63.0 9.989998
598.0499 63.0 9.492856
630.72003 63.0 10.011429
595.89026 63.0 9.458575
590.7596 63.0 9.377136
554.3102 64.0 8.661097
603.72003 64.0 9.4331255
578.34015 64.0 9.036565
605.6101 64.0 9.462658
596.9699 64.0 9.327655
567.8101 64.0 8.872033
583.4699 64.0 9.116717
595.35 64.0 9.302343
589.9501 64.0 9.21797
574.2899 64.0 8.97328
540.8104 64.0 8.450163
578.61 64.0 9.040781
575.0998 64.0 8.985934
591.57025 64.0 9.243285
558.35974 64.0 8.724371
594.0003 64.0 9.281255
569.1603 64.0 8.893129
574.56 64.0 8.9775
601.5601 64.0 9.399377
578.06995 64.0 9.032343
601.28973 64.0 9.395152
585.9001 64.0 9.154689
546.4798 64.0 8.538747
604.52997 64.0 9.445781
603.1801 64.0 9.424689
564.03015 64.0 8.812971
585.62976 64.0 9.150465
614.79 64.0 9.606093
601.5602 64.0 9.399378
583.7399 64.0 9.120936
566.9999 64.0 8.859373
610.7402 64.0 9.542815
599.67004 64.0 9.369844
598.59 64.0 9.352969
590.2198 64.0 9.222184
590.22003 64.0 9.222188
553.77 64.0 8.652657
618.8398 64.0 9.669372
613.44 64.0 9.585
581.31 64.0 9.082969
617.7601 64.0 9.652501
591.03 65.0 9.09277
567.54016 65.0 8.731387
555.6602 65.0 8.548618
571.5898 65.0 8.793689
609.1199 65.0 9.371075
566.4599 65.0 8.714767
591.30005 65.0 9.096924
596.9698 65.0 9.184151
595.3498 65.0 9.159227
571.32007 65.0 8.789539
568.6199 65.0 8.747998
593.73016 65.0 9.13431
552.42004 65.0 8.49877
582.1198 65.0 8.955689
547.02 65.0 8.415692
579.42017 65.0 8.914156
561.06006 65.0 8.631693
533.7901 65.0 8.212155
578.34 65.0 8.897539
594.0001 65.0 9.138463
587.7901 65.0 9.042925
573.48004 65.0 8.82277
572.4 65.0 8.806154
591.8402 65.0 9.105234
573.75 65.0 8.826923
558.3599 65.0 8.590153
575.3699 65.0 8.851844
563.48987 65.0 8.669075
593.1896 65.0 9.125994
566.9999 65.0 8.723075
584.27985 65.0 8.988921
554.30975 65.0 8.5278425
553.7699 65.0 8.519537
563.7598 65.0 8.673228
572.66974 65.0 8.810304
559.70996 65.0 8.610923
580.76996 65.0 8.934922
571.05 65.0 8.785384
547.0198 65.0 8.4156885
552.15027 65.0 8.494619
594.27014 65.0 9.142617
589.6798 66.0 8.934543
558.0901 66.0 8.455911
567.0 66.0 8.590909
592.91986 66.0 8.983634
579.6902 66.0 8.783185
559.7102 66.0 8.480457
527.5799 66.0 7.993635
528.12036 66.0 8.001823
576.9899 66.0 8.742271
578.6099 66.0 8.766817
564.56995 66.0 8.5540905
572.4001 66.0 8.672729
554.8499 66.0 8.4068165
559.16974 66.0 8.472269
547.0201 66.0 8.288183
540.27014 66.0 8.185911
569.4301 66.0 8.627729
540.54016 66.0 8.190002
584.8198 66.0 8.860907
551.88025 66.0 8.361822
546.48016 66.0 8.280003
551.8802 66.0 8.361821
542.16 66.0 8.214545
551.60986 66.0 8.357725
559.44025 66.0 8.476367
585.62994 66.0 8.873181
543.2398 66.0 8.2309065
569.42993 66.0 8.627727
562.67993 66.0 8.525454
528.1202 66.0 8.001821
580.23 66.0 8.791364
587.78955 66.0 8.905902
563.48975 66.0 8.537724
584.8196 66.0 8.860903
549.1801 66.0 8.32091
539.46014 66.0 8.173638
552.95996 66.0 8.378181
564.3003 66.0 8.550004
564.3003 66.0 8.550004
552.1501 66.0 8.365911
573.7498 66.0 8.693179
541.07983 67.0 8.075818
558.6299 67.0 8.337759
574.01996 67.0 8.567462
552.69 67.0 8.2491045
539.1898 67.0 8.047609
562.68 67.0 8.398209
540.8103 67.0 8.071795
558.0901 67.0 8.329702
558.36017 67.0 8.333734
546.47986 67.0 8.156416
548.91003 67.0 8.192687
556.74005 67.0 8.309553
563.7601 67.0 8.41433
546.4799 67.0 8.156417
533.5203 67.0 7.96299
552.6899 67.0 8.249103
545.13007 67.0 8.13627
559.7102 67.0 8.353884
545.1301 67.0 8.1362705
522.4501 67.0 7.797762
536.7604 67.0 8.011349
534.59985 67.0 7.979102
520.8304 67.0 7.7735877
522.1801 67.0 7.7937326
543.7797 67.0 8.116116
511.65024 67.0 7.636571
535.6799 67.0 7.995222
546.21 67.0 8.152389
583.19995 67.0 8.704477
554.0405 67.0 8.269261
540.54016 67.0 8.067763
546.75006 67.0 8.160449
547.0199 67.0 8.164476
564.8403 67.0 8.430451
570.51013 67.0 8.515077
554.8501 67.0 8.281344
573.48016 67.0 8.559405
538.64996 67.0 8.039552
515.1604 67.0 7.688961
563.2204 67.0 8.406275
549.7203 67.0 8.204781
540.0003 68.0 7.9411807
527.58044 68.0 7.7585363
534.0601 68.0 7.853825
515.42993 68.0 7.579852
534.8702 68.0 7.865738
527.8498 68.0 7.762497
527.85004 68.0 7.762501
549.4501 68.0 8.080148
524.8803 68.0 7.7188277
535.68024 68.0 7.8776503
521.10046 68.0 7.6632423
546.21027 68.0 8.032504
554.5801 68.0 8.155589
549.4498 68.0 8.080145
549.18 68.0 8.076177
527.8503 68.0 7.762504
537.3003 68.0 7.901475
507.06 68.0 7.4567647
522.45 68.0 7.683089
518.4 68.0 7.62353
539.1901 68.0 7.929267
520.83 68.0 7.659265
531.6301 68.0 7.81809
531.3603 68.0 7.814122
534.6003 68.0 7.861769
552.4199 68.0 8.123822
512.46014 68.0 7.5361786
545.67017 68.0 8.024561
554.04 68.0 8.147647
541.6203 68.0 7.9650044
555.9301 68.0 8.175443
522.18005 68.0 7.6791186
533.52 68.0 7.8458824
525.4201 68.0 7.7267666
536.21985 68.0 7.885586
520.82996 68.0 7.6592636
504.36017 68.0 7.4170613
523.26056 68.0 7.6950083
509.4903 68.0 7.492504
528.6601 68.0 7.774413
549.99023 68.0 8.088092
515.43024 69.0 7.470003
528.66 69.0 7.6617384
495.99017 69.0 7.1882634
481.68002 69.0 6.98087
518.94006 69.0 7.5208707
541.6201 69.0 7.849567
540.27014 69.0 7.8300023
521.3701 69.0 7.5560884
518.6701 69.0 7.516958
514.3503 69.0 7.454352
517.32025 69.0 7.4973946
494.36993 69.0 7.1647816
527.31024 69.0 7.642177
490.0502 69.0 7.1021767
505.97998 69.0 7.333043
512.73 69.0 7.430869
538.11017 69.0 7.798698
507.87018 69.0 7.3604374
501.93002 69.0 7.2743483
516.7803 69.0 7.489569
504.36038 69.0 7.309571
512.46014 69.0 7.4269586
508.68018 69.0 7.3721766
524.33997 69.0 7.59913
527.5801 69.0 7.646088
499.23032 69.0 7.235222
519.48035 69.0 7.5287004
535.4102 69.0 7.7595687
495.45026 69.0 7.1804385
535.67957 69.0 7.763472
518.67017 69.0 7.5169587
495.72 69.0 7.1843476
494.1 69.0 7.1608696
495.7202 69.0 7.184351
529.74036 69.0 7.677397
524.8802 69.0 7.606959
497.88037 69.0 7.2156577
512.7301 69.0 7.4308715
511.11005 69.0 7.407392
523.80005 69.0 7.5913053
522.45 69.0 7.5717397
538.92017 70.0 7.6988597
503.5502 70.0 7.1935744
505.17017 70.0 7.216717
507.87018 70.0 7.255288
486.00024 70.0 6.9428606
514.08 70.0 7.3440003
520.82983 70.0 7.4404263
500.58038 70.0 7.1511483
516.7803 70.0 7.3825755
511.37994 70.0 7.3054276
524.06995 70.0 7.486714
498.96005 70.0 7.1280007
495.72025 70.0 7.081718
498.69006 70.0 7.1241436
507.86996 70.0 7.2552853
505.17017 70.0 7.216717
508.41016 70.0 7.2630024
501.66034 70.0 7.1665764
508.14026 70.0 7.2591467
502.4701 70.0 7.178144
502.20013 70.0 7.174288
498.69016 70.0 7.124145
506.24994 70.0 7.232142
530.01 70.0 7.5715714
496.53003 70.0 7.093286
503.55014 70.0 7.1935735
495.44998 70.0 7.077857
511.65024 70.0 7.309289
507.5999 70.0 7.251427
494.10025 70.0 7.058575
492.48016 70.0 7.035431
498.14984 70.0 7.1164265
501.66013 70.0 7.166573
517.59 70.0 7.3941436
487.6203 70.0 6.9660044
496.26007 70.0 7.0894294
494.1004 70.0 7.058577
511.65 70.0 7.3092856
513.54 70.0 7.336285
499.4999 70.0 7.135713
468.7203 70.0 6.6960044
475.7404 71.0 6.7005687
490.86026 71.0 6.9135246
506.79004 71.0 7.137888
486.81027 71.0 6.8564825
489.24002 71.0 6.8907046
473.58035 71.0 6.670146
475.20035 71.0 6.6929626
481.14032 71.0 6.776624
479.52014 71.0 6.7538047
484.3802 71.0 6.822256
498.68994 71.0 7.023802
472.77042 71.0 6.658738
475.74023 71.0 6.700567
498.15002 71.0 7.0161977
490.86014 71.0 6.913523
474.9301 71.0 6.6891565
481.14014 71.0 6.776622
459.27023 71.0 6.468595
484.9202 71.0 6.829862
479.79022 71.0 6.757609
476.82025 71.0 6.7157784
494.10037 71.0 6.9591603
462.5103 71.0 6.51423
492.47983 71.0 6.9363356
479.79034 71.0 6.7576103
493.5603 71.0 6.9515533
498.6901 71.0 7.023804
477.6301 71.0 6.7271843
467.37012 71.0 6.582678
482.76035 71.0 6.7994413
506.24994 71.0 7.130281
483.30008 71.0 6.8070436
493.02017 71.0 6.943946
486.81003 71.0 6.856479
482.22028 71.0 6.791835
462.51022 71.0 6.5142283
480.87036 71.0 6.772822
480.33026 71.0 6.765215
474.66034 71.0 6.685357
511.92017 71.0 7.210143
500.5802 71.0 7.0504255
444.15 72.0 6.16875
463.32037 72.0 6.435005
451.71027 72.0 6.2737536
452.52023 72.0 6.285003
474.3902 72.0 6.5887527
498.1502 72.0 6.9187527
472.77017 72.0 6.566252
463.05035 72.0 6.431255
490.59 72.0 6.81375
468.72025 72.0 6.5100036
454.41037 72.0 6.311255
450.9003 72.0 6.262504
478.17 72.0 6.64125
493.82977 72.0 6.858747
467.64038 72.0 6.495005
469.53003 72.0 6.5212502
463.5902 72.0 6.438753
454.6803 72.0 6.3150043
467.64023 72.0 6.495003
454.68027 72.0 6.315004
481.14 72.0 6.6825004
467.37018 72.0 6.4912524
485.1902 72.0 6.7387524
479.79044 72.0 6.663756
458.46014 72.0 6.367502
456.8403 72.0 6.345004
463.5901 72.0 6.438751
473.04022 72.0 6.570003
471.15005 72.0 6.543751
468.4502 72.0 6.506253
517.5901 72.0 7.188751
456.5704 72.0 6.3412557
458.7302 72.0 6.3712525
473.31006 72.0 6.573751
487.35034 72.0 6.768755
440.9104 72.0 6.1237555
472.50012 72.0 6.562502
478.4401 72.0 6.6450014
475.4702 72.0 6.603753
456.30005 72.0 6.3375006
467.37018 72.0 6.4912524
450.90027 73.0 6.176716
473.57993 73.0 6.4873962
474.93048 73.0 6.505897
443.61038 73.0 6.0768547
464.94025 73.0 6.3690443
459.00034 73.0 6.287676
463.05014 73.0 6.3431525
474.93024 73.0 6.5058937
446.31003 73.0 6.113836
465.2102 73.0 6.3727427
456.57022 73.0 6.2543864
441.45026 73.0 6.0472636
467.37015 73.0 6.402331
453.33038 73.0 6.2100053
453.32996 73.0 6.2099996
466.56024 73.0 6.3912363
441.45038 73.0 6.0472655
453.6002 73.0 6.2137012
461.97043 73.0 6.328362
430.9203 73.0 5.9030175
441.7205 73.0 6.050966
464.40002 73.0 6.3616443
465.48013 73.0 6.37644
422.28024 73.0 5.784661
451.44025 73.0 6.184113
461.69998 73.0 6.3246574
442.26035 73.0 6.058361
471.69012 73.0 6.4615088
449.01004 73.0 6.1508226
456.0301 73.0 6.2469873
483.84018 73.0 6.627948
454.95016 73.0 6.232194
495.18002 73.0 6.783288
466.02032 73.0 6.38384
437.40015 73.0 5.9917827
459.2702 73.0 6.291373
441.45013 73.0 6.047262
465.48 73.0 6.3764386
454.9503 73.0 6.232196
448.74005 73.0 6.147124
478.44006 73.0 6.5539737
436.05026 74.0 5.892571
445.23007 74.0 6.0166225
442.5303 74.0 5.9801393
444.15002 74.0 6.0020275
434.43024 74.0 5.870679
416.88028 74.0 5.6335173
431.46014 74.0 5.8305426
446.85004 74.0 6.038514
445.7701 74.0 6.0239205
449.27997 74.0 6.071351
439.56027 74.0 5.940004
450.3603 74.0 6.08595
456.8404 74.0 6.1735187
427.14038 74.0 5.772167
439.02017 74.0 5.932705
449.55035 74.0 6.0750046
424.4403 74.0 5.7356796
431.73026 74.0 5.8341928
444.9602 74.0 6.0129757
432.81018 74.0 5.8487864
432.8104 74.0 5.848789
427.14014 74.0 5.772164
433.08023 74.0 5.8524356
428.76022 74.0 5.794057
438.75034 74.0 5.9290586
457.11026 74.0 6.1771655
437.67038 74.0 5.9144645
462.51025 74.0 6.2501388
422.01016 74.0 5.70284
424.71033 74.0 5.739329
426.33014 74.0 5.761218
444.1502 74.0 6.00203
429.8401 74.0 5.80865
436.5901 74.0 5.899866
432.27017 74.0 5.841489
455.22015 74.0 6.1516237
437.40018 74.0 5.9108133
453.60025 74.0 6.129733
447.39014 74.0 6.0458126
437.40005 74.0 5.9108114
435.51035 74.0 5.885275
411.48026 75.0 5.4864035
418.77036 75.0 5.583605
409.05014 75.0 5.454002
429.57034 75.0 5.7276044
403.38046 75.0 5.378406
431.4604 75.0 5.752805
430.65005 75.0 5.7420006
422.55023 75.0 5.634003
422.55045 75.0 5.634006
432.00034 75.0 5.7600045
405.81027 75.0 5.410804
437.94034 75.0 5.8392043
422.82022 75.0 5.637603
407.70013 75.0 5.436002
430.65033 75.0 5.7420044
419.85 75.0 5.598
426.60034 75.0 5.6880045
432.54004 75.0 5.7672005
404.46024 75.0 5.392803
427.95007 75.0 5.706001
429.57016 75.0 5.727602
427.68024 75.0 5.702403
405.00034 75.0 5.4000044
426.06033 75.0 5.6808043
423.36057 75.0 5.6448073
426.60004 75.0 5.6880007
418.23013 75.0 5.5764017
421.74023 75.0 5.6232033
433.6202 75.0 5.781603
434.1604 75.0 5.7888055
432.00018 75.0 5.7600026
443.0703 75.0 5.907604
426.87036 75.0 5.6916046
422.55035 75.0 5.6340046
429.3002 75.0 5.724003
424.7103 75.0 5.662804
417.15033 75.0 5.5620046
429.84027 75.0 5.7312036
415.26016 75.0 5.5368023
418.77032 75.0 5.5836043
426.8703 75.0 5.691604
407.97034 76.0 5.3680305
401.49002 76.0 5.2827635
399.06042 76.0 5.250795
427.41028 76.0 5.6238194
391.5 76.0 5.1513157
410.94028 76.0 5.407109
393.39005 76.0 5.1761847
400.68036 76.0 5.27211
433.8905 76.0 5.7090855
419.04037 76.0 5.513689
393.12024 76.0 5.1726346
405.8102 76.0 5.339608
407.43033 76.0 5.360925
416.88022 76.0 5.485266
412.29025 76.0 5.424872
439.56052 76.0 5.783691
407.16022 76.0 5.3573713
391.7703 76.0 5.1548724
411.48038 76.0 5.4142156
398.52023 76.0 5.243687
394.7403 76.0 5.193951
397.7101 76.0 5.233028
399.33017 76.0 5.2543445
401.49023 76.0 5.2827663
409.59048 76.0 5.3893485
387.45026 76.0 5.0980296
424.7102 76.0 5.588292
415.80017 76.0 5.471055
409.05023 76.0 5.38224
389.0702 76.0 5.1193447
387.7202 76.0 5.1015816
414.72028 76.0 5.4568458
400.1403 76.0 5.2650037
409.59048 76.0 5.3893485
407.16022 76.0 5.3573713
408.51028 76.0 5.3751354
421.20013 76.0 5.542107
403.38025 76.0 5.307635
406.8902 76.0 5.3538184
419.85025 76.0 5.5243454
430.65048 76.0 5.666454
366.12012 77.0 4.7548065
391.50027 77.0 5.0844193
384.21027 77.0 4.9897437
372.3301 77.0 4.835456
379.89026 77.0 4.9336395
392.0403 77.0 5.0914326
401.22037 77.0 5.2106543
396.90027 77.0 5.154549
376.38025 77.0 4.8880553
406.08023 77.0 5.2737694
399.8702 77.0 5.1931195
378.81012 77.0 4.919612
400.68033 77.0 5.2036405
377.19022 77.0 4.8985744
396.90036 77.0 5.15455
376.1102 77.0 4.884548
367.47015 77.0 4.77234
397.71005 77.0 5.165066
390.42014 77.0 5.070391
400.1404 77.0 5.1966286
380.70013 77.0 4.9441576
389.8804 77.0 5.0633817
409.86023 77.0 5.3228602
400.14023 77.0 5.196626
428.76038 77.0 5.5683165
385.0201 77.0 5.0002613
405.00037 77.0 5.259745
383.13013 77.0 4.975716
384.21014 77.0 4.9897423
393.93042 77.0 5.1159797
396.09027 77.0 5.1440296
382.86026 77.0 4.9722114
389.8801 77.0 5.063378
376.38025 77.0 4.8880553
407.70044 77.0 5.294811
392.85028 77.0 5.1019516
392.58023 77.0 5.0984445
402.30023 77.0 5.2246785
380.4302 77.0 4.940652
395.0103 77.0 5.130004
385.29022 77.0 5.003769
360.68143 78.0 4.6241207
397.69525 78.0 5.098657
380.94446 78.0 4.8839035
386.6181 78.0 4.956642
376.35132 78.0 4.825017
382.0252 78.0 4.897759
375.5409 78.0 4.8146267
362.57248 78.0 4.648365
391.75128 78.0 5.0224524
375.81128 78.0 4.8180933
378.51297 78.0 4.8527303
380.1339 78.0 4.873512
378.51288 78.0 4.8527293
363.113 78.0 4.655295
344.47098 78.0 4.4162946
381.2145 78.0 4.8873653
368.24625 78.0 4.7211056
381.4847 78.0 4.8908296
370.67786 78.0 4.75228
392.02155 78.0 5.025917
388.50925 78.0 4.980888
374.1902 78.0 4.79731
350.68494 78.0 4.4959607
379.59354 78.0 4.866584
392.0216 78.0 5.025918
390.67072 78.0 5.008599
376.35144 78.0 4.8250184
396.34436 78.0 5.081338
387.6989 78.0 4.970499
370.94812 78.0 4.755745
398.2354 78.0 5.105582
381.2145 78.0 4.8873653
405.80045 78.0 5.20257
373.1095 78.0 4.783455
399.31638 78.0 5.1194406
379.59348 78.0 4.866583
354.73758 78.0 4.547918
384.45667 78.0 4.9289317
371.75867 78.0 4.7661366
362.30237 78.0 4.644902
365.27423 78.0 4.683003
350.46024 79.0 4.4362054
362.88007 79.0 4.5934186
345.3302 79.0 4.3712683
356.67014 79.0 4.514812
343.1703 79.0 4.343928
371.79037 79.0 4.7062073
382.86026 79.0 4.8463326
342.09015 79.0 4.330255
347.76035 79.0 4.4020295
352.08026 79.0 4.4567122
343.98013 79.0 4.354179
355.59012 79.0 4.5011406
352.35013 79.0 4.4601283
369.9003 79.0 4.6822824
360.72018 79.0 4.566078
363.4202 79.0 4.6002555
350.46017 79.0 4.436205
333.9902 79.0 4.227724
352.89017 79.0 4.4669642
366.9302 79.0 4.644686
343.71014 79.0 4.3507614
376.11023 79.0 4.760889
359.37012 79.0 4.548989
378.54007 79.0 4.7916465
356.67038 79.0 4.514815
369.0903 79.0 4.672029
353.4303 79.0 4.473801
361.53015 79.0 4.576331
368.2801 79.0 4.661773
364.77005 79.0 4.6173425
370.98026 79.0 4.6959524
341.8202 79.0 4.326838
371.25012 79.0 4.6993685
358.29016 79.0 4.5353184
356.40012 79.0 4.511394
353.70016 79.0 4.477217
372.87015 79.0 4.7198753
371.79022 79.0 4.7062054
367.7402 79.0 4.654939
343.9801 79.0 4.3541784
335.61017 79.0 4.24823
346.41022 80.0 4.3301277
338.85013 80.0 4.2356267
341.55005 80.0 4.269376
344.25015 80.0 4.303127
342.0901 80.0 4.276126
353.9702 80.0 4.424628
356.94028 80.0 4.4617534
358.29004 80.0 4.4786253
328.59027 80.0 4.1073785
341.2802 80.0 4.2660027
351.54007 80.0 4.394251
324.54025 80.0 4.056753
343.71017 80.0 4.296377
348.0301 80.0 4.350376
355.86023 80.0 4.4482527
330.7503 80.0 4.134379
351.81018 80.0 4.3976274
325.89026 80.0 4.0736284
342.90036 80.0 4.2862544
358.29016 80.0 4.478627
345.60013 80.0 4.3200016
346.95023 80.0 4.336878
352.89026 80.0 4.411128
355.59024 80.0 4.444878
345.06018 80.0 4.3132524
322.3802 80.0 4.0297523
331.8302 80.0 4.1478777
351.2703 80.0 4.3908787
339.3903 80.0 4.2423787
349.6502 80.0 4.3706274
329.13022 80.0 4.1141276
328.86017 80.0 4.110752
348.8402 80.0 4.3605027
328.05023 80.0 4.100628
340.20032 80.0 4.252504
359.64032 80.0 4.495504
331.8302 80.0 4.1478777
334.80026 80.0 4.1850033
341.55005 80.0 4.269376
354.2401 80.0 4.4280014
364.2304 80.0 4.5528803
298.08017 81.0 3.6800022
320.76013 81.0 3.9600017
324.00012 81.0 4.0000014
328.3201 81.0 4.0533347
316.44003 81.0 3.9066672
308.07016 81.0 3.8033352
324.81012 81.0 4.0100017
336.69028 81.0 4.15667
324.27026 81.0 4.0033364
311.58017 81.0 3.8466687
351.27023 81.0 4.3366694
317.25015 81.0 3.9166684
332.91022 81.0 4.1100025
325.62012 81.0 4.0200014
335.0701 81.0 4.1366677
310.50024 81.0 3.8333364
323.19003 81.0 3.9900005
335.07025 81.0 4.1366696
306.45016 81.0 3.7833352
325.0802 81.0 4.0133357
335.0702 81.0 4.136669
321.30005 81.0 3.9666672
312.3903 81.0 3.8566704
333.18027 81.0 4.1133366
355.59033 81.0 4.390004
311.5801 81.0 3.846668
329.40012 81.0 4.066668
343.17026 81.0 4.23667
327.24026 81.0 4.0400033
335.61008 81.0 4.1433344
335.88034 81.0 4.146671
323.73013 81.0 3.9966683
320.76016 81.0 3.960002
319.14017 81.0 3.9400022
329.94028 81.0 4.0733366
318.87015 81.0 3.9366686
330.21024 81.0 4.0766697
336.9603 81.0 4.1600037
323.46027 81.0 3.9933364
331.0203 81.0 4.0866704
341.55023 81.0 4.2166696
319.4102 82.0 3.895246
339.12024 82.0 4.1356125
311.0401 82.0 3.7931721
306.45013 82.0 3.7371967
302.1301 82.0 3.6845133
300.24008 82.0 3.6614645
313.74008 82.0 3.8260984
299.70016 82.0 3.65488
300.24014 82.0 3.6614652
323.46027 82.0 3.9446375
313.7402 82.0 3.8260999
319.41013 82.0 3.8952453
309.96024 82.0 3.7800028
317.25018 82.0 3.8689048
309.96014 82.0 3.7800019
333.99017 82.0 4.073051
306.1802 82.0 3.7339048
316.7102 82.0 3.8623195
319.9503 82.0 3.9018328
313.74014 82.0 3.8260992
298.8902 82.0 3.6450024
322.92017 82.0 3.938051
316.17004 82.0 3.8557322
313.20013 82.0 3.8195138
302.94022 82.0 3.694393
325.08026 82.0 3.9643936
315.09027 82.0 3.842564
323.4601 82.0 3.9446354
326.43024 82.0 3.9808564
322.9204 82.0 3.9380538
300.24 82.0 3.6614633
315.36014 82.0 3.8458555
309.69016 82.0 3.7767093
324.0002 82.0 3.951222
306.72006 82.0 3.7404885
307.52994 82.0 3.750365
315.0903 82.0 3.8425648
319.41013 82.0 3.8952453
326.70023 82.0 3.9841492
323.46014 82.0 3.9446359
310.50006 82.0 3.7865863
302.40012 83.0 3.643375
293.22003 83.0 3.5327716
291.0601 83.0 3.5067482
296.19012 83.0 3.5685558
286.74017 83.0 3.454701
313.20035 83.0 3.773498
305.3701 83.0 3.6791575
310.23026 83.0 3.7377138
282.42004 83.0 3.402651
278.91 83.0 3.3603616
283.23013 83.0 3.4124112
312.3902 83.0 3.7637374
297.00012 83.0 3.5783148
292.14023 83.0 3.5197618
302.40018 83.0 3.6433756
312.3902 83.0 3.7637372
285.39 83.0 3.438434
288.90015 83.0 3.4807246
319.95013 83.0 3.8548207
282.42004 83.0 3.402651
300.78012 83.0 3.623857
308.07025 83.0 3.71169
298.62027 83.0 3.5978346
279.18005 83.0 3.363615
308.07016 83.0 3.7116885
292.6801 83.0 3.5262663
281.88 83.0 3.3961446
299.7 83.0 3.6108434
299.97037 83.0 3.6141007
287.01013 83.0 3.4579532
287.01016 83.0 3.457954
289.71002 83.0 3.4904823
283.5001 83.0 3.4156637
312.39008 83.0 3.7637358
278.64008 83.0 3.3571093
305.91034 83.0 3.6856666
295.91995 83.0 3.5653005
294.84015 83.0 3.552291
300.24014 83.0 3.617351
295.65015 83.0 3.5620499
301.32022 83.0 3.630364
272.70004 84.0 3.2464292
275.94003 84.0 3.2850006
301.8601 84.0 3.5935726
290.7901 84.0 3.4617867
281.8801 84.0 3.3557155
277.29013 84.0 3.3010728
275.94006 84.0 3.2850008
271.6201 84.0 3.2335725
281.34 84.0 3.3492858
291.87018 84.0 3.474645
264.05997 84.0 3.143571
278.10007 84.0 3.3107152
286.20013 84.0 3.4071443
283.77005 84.0 3.3782148
294.84006 84.0 3.5100007
284.58 84.0 3.387857
274.59003 84.0 3.268929
271.35013 84.0 3.2303588
267.57013 84.0 3.1853585
277.29025 84.0 3.3010745
283.50015 84.0 3.3750017
280.80008 84.0 3.342858
294.57016 84.0 3.5067878
273.7801 84.0 3.2592869
292.95016 84.0 3.4875019
281.0702 84.0 3.3460736
274.86002 84.0 3.272143
272.43005 84.0 3.2432148
281.34012 84.0 3.3492873
273.24008 84.0 3.2528582
268.1099 84.0 3.1917844
264.87018 84.0 3.1532164
283.5001 84.0 3.375001
286.74014 84.0 3.413573
285.1202 84.0 3.3942883
270.00015 84.0 3.2142875
271.62006 84.0 3.233572
278.1 84.0 3.3107142
276.21002 84.0 3.2882144
268.6501 84.0 3.1982155
301.32025 84.0 3.5871458
258.65997 85.0 3.0430586
257.58002 85.0 3.0303533
250.83015 85.0 2.950943
276.21017 85.0 3.2495315
263.52002 85.0 3.1002355
273.78006 85.0 3.220942
269.46005 85.0 3.1701183
257.85016 85.0 3.0335314
282.4201 85.0 3.3225894
270.0001 85.0 3.1764717
271.62006 85.0 3.19553
254.61003 85.0 2.995412
258.66006 85.0 3.0430596
261.09012 85.0 3.0716484
274.05017 85.0 3.2241197
256.50006 85.0 3.0176477
261.09012 85.0 3.0716484
259.47006 85.0 3.052589
255.15002 85.0 3.001765
265.9501 85.0 3.1288247
251.37007 85.0 2.957295
275.13007 85.0 3.2368243
259.20013 85.0 3.0494134
255.15015 85.0 3.0017664
247.85997 85.0 2.9159997
274.86002 85.0 3.233647
252.1801 85.0 2.9668248
262.16992 85.0 3.084352
266.22003 85.0 3.1320002
264.60004 85.0 3.1129417
274.05002 85.0 3.224118
253.53008 85.0 2.9827068
270.8101 85.0 3.186001
257.8499 85.0 3.0335286
267.03015 85.0 3.1415312
251.91 85.0 2.9636471
275.13016 85.0 3.2368252
261.90005 85.0 3.0811772
256.50003 85.0 3.0176473
265.94998 85.0 3.1288233
256.50006 85.0 3.0176477
241.11009 86.0 2.8036058
252.18007 86.0 2.9323263
249.21004 86.0 2.8977911
247.05013 86.0 2.872676
244.08011 86.0 2.8381407
256.77014 86.0 2.9856994
250.01994 86.0 2.9072087
257.85004 86.0 2.9982562
247.59001 86.0 2.8789537
244.08011 86.0 2.8381407
237.05998 86.0 2.7565114
252.72003 86.0 2.938605
255.96002 86.0 2.9762793
248.1301 86.0 2.8852336
256.23004 86.0 2.979419
250.02005 86.0 2.9072099
250.55994 86.0 2.9134877
240.84004 86.0 2.8004656
254.34004 86.0 2.9574423
244.35014 86.0 2.8412807
257.3101 86.0 2.991978
244.89009 86.0 2.8475592
238.40993 86.0 2.7722085
254.61005 86.0 2.960582
249.48012 86.0 2.9009316
247.59004 86.0 2.878954
251.91011 86.0 2.9291873
233.27998 86.0 2.712558
246.2401 86.0 2.863257
240.29999 86.0 2.7941859
251.64008 86.0 2.9260473
240.57 86.0 2.7973256
257.85007 86.0 2.9982567
235.16998 86.0 2.7345347
250.02003 86.0 2.9072096
247.31998 86.0 2.8758137
253.80006 86.0 2.9511635
251.91011 86.0 2.9291873
253.5301 86.0 2.9480245
248.13005 86.0 2.8852332
255.96014 86.0 2.9762807
227.88 87.0 2.6193104
249.47993 87.0 2.8675854
230.31001 87.0 2.6472416
251.91014 87.0 2.8955188
235.17009 87.0 2.7031045
225.18001 87.0 2.588276
236.79004 87.0 2.7217245
237.87009 87.0 2.734139
234.0901 87.0 2.6906908
221.67001 87.0 2.5479312
224.37012 87.0 2.5789669
222.75008 87.0 2.5603456
213.83998 87.0 2.4579308
219.78 87.0 2.526207
237.06004 87.0 2.724828
228.69002 87.0 2.6286209
218.97003 87.0 2.516897
224.91006 87.0 2.5851731
238.68008 87.0 2.7434492
232.46994 87.0 2.6720684
233.55 87.0 2.6844828
221.93996 87.0 2.551034
224.90996 87.0 2.585172
229.23009 87.0 2.6348286
238.68005 87.0 2.743449
234.8998 87.0 2.6999977
216.27008 87.0 2.485863
233.55002 87.0 2.684483
237.06001 87.0 2.7248278
228.95998 87.0 2.6317239
238.68 87.0 2.7434483
222.74995 87.0 2.5603442
224.91003 87.0 2.585173
233.81993 87.0 2.6875854
233.00993 87.0 2.678275
228.96002 87.0 2.6317244
225.45001 87.0 2.5913794
213.84004 87.0 2.4579315
238.95006 87.0 2.7465525
228.68997 87.0 2.6286204
227.60999 87.0 2.6162066
207.35997 88.0 2.3563633
213.30011 88.0 2.4238648
224.37004 88.0 2.5496595
218.16 88.0 2.479091
220.85992 88.0 2.5097718
223.29004 88.0 2.537387
207.09001 88.0 2.3532956
225.18002 88.0 2.5588639
224.09999 88.0 2.5465908
213.57002 88.0 2.426932
205.73996 88.0 2.337954
209.25 88.0 2.377841
211.40996 88.0 2.402386
205.46997 88.0 2.334886
202.22997 88.0 2.2980678
218.96994 88.0 2.4882948
204.11993 88.0 2.3195448
225.7201 88.0 2.565001
220.31992 88.0 2.5036354
197.0999 88.0 2.2397716
204.11996 88.0 2.319545
217.34998 88.0 2.469886
210.33003 88.0 2.390114
212.22003 88.0 2.4115913
209.78987 88.0 2.3839757
207.08986 88.0 2.353294
228.69003 88.0 2.5987504
202.23007 88.0 2.298069
214.91995 88.0 2.4422722
206.81995 88.0 2.3502266
209.79004 88.0 2.3839777
206.27998 88.0 2.3440907
211.13994 88.0 2.3993175
227.88008 88.0 2.5895464
205.2 88.0 2.331818
214.37999 88.0 2.4361362
217.62 88.0 2.4729545
220.31993 88.0 2.5036356
210.05994 88.0 2.3870447
211.41003 88.0 2.4023867
208.43996 88.0 2.368636
195.74997 89.0 2.1994379
188.99997 89.0 2.1235952
191.42995 89.0 2.1508982
203.03998 89.0 2.281348
195.74998 89.0 2.199438
186.56999 89.0 2.096292
185.76001 89.0 2.087191
203.03998 89.0 2.281348
196.82993 89.0 2.2115722
212.48996 89.0 2.3875277
198.44995 89.0 2.2297747
204.11996 89.0 2.2934828
194.67001 89.0 2.1873035
180.08995 89.0 2.0234826
201.14998 89.0 2.260112
196.56 89.0 2.2085392
204.66002 89.0 2.2995508
201.69005 89.0 2.2661803
195.47992 89.0 2.1964035
203.84995 89.0 2.290449
191.96999 89.0 2.1569662
173.06996 89.0 1.9446063
184.67996 89.0 2.0750558
195.47998 89.0 2.1964042
205.73999 89.0 2.3116853
198.99004 89.0 2.2358432
196.55995 89.0 2.2085388
195.48 89.0 2.1964045
197.91 89.0 2.223708
193.32 89.0 2.1721349
192.78 89.0 2.1660674
203.30997 89.0 2.2843816
181.98 89.0 2.044719
193.31987 89.0 2.1721334
183.87 89.0 2.065955
197.90994 89.0 2.2237072
200.34003 89.0 2.2510116
206.27995 89.0 2.3177524
190.34996 89.0 2.1387637
194.4 89.0 2.1842697
197.09991 89.0 2.2146058
186.30002 90.0 2.0700002
184.67995 90.0 2.0519993
193.04997 90.0 2.1449997
185.21997 90.0 2.0579996
187.37996 90.0 2.0819995
177.65997 90.0 1.9739996
190.62 90.0 2.118
178.46999 90.0 1.9829998
172.26 90.0 1.9139999
183.05997 90.0 2.0339997
175.5 90.0 1.95
184.67995 90.0 2.0519993
167.66998 90.0 1.8629998
186.03001 90.0 2.0670002
173.60997 90.0 1.9289997
174.68994 90.0 1.9409993
183.05995 90.0 2.0339994
173.87999 90.0 1.9319998
183.86995 90.0 2.0429995
168.21 90.0 1.8690001
170.63998 90.0 1.8959998
177.93 90.0 1.977
159.83995 90.0 1.7759994
183.86998 90.0 2.0429997
181.17003 90.0 2.0130002
182.52 90.0 2.028
182.51994 90.0 2.0279994
160.65 90.0 1.7849998
176.30995 90.0 1.9589994
188.72995 90.0 2.0969994
186.57004 90.0 2.0730004
173.60997 90.0 1.9289997
176.84996 90.0 1.9649996
186.29991 90.0 2.069999
174.68996 90.0 1.9409995
162.26996 90.0 1.8029996
169.29001 90.0 1.8810002
176.58 90.0 1.962
172.25993 90.0 1.9139992
183.05997 90.0 2.0339997
169.55997 90.0 1.8839997
