0.01 10001 135
0.01 10002 129
0.01 10003 135
0.01 10004 135
0.01 10005 118
0.01 10006 113
0.01 10007 135
0.01 10008 135
0.01 10009 118
0.01 10010 135
0.01 10011 135
0.01 10012 135
0.01 10013 135
0.01 10014 135
0.01 10015 135
0.01 10016 135
0.01 10017 135
0.01 10018 135
0.01 10019 135
0.01 10020 135
0.01 10021 135
0.01 10022 135
0.01 10023 135
0.01 10024 135
0.01 10025 135
0.01 10026 135
0.01 10027 135
0.01 10028 135
0.01 10029 135
0.01 10030 113
0.01 10031 118
0.01 10032 118
0.01 10033 129
0.01 10034 135
0.01 10035 135
0.01 10036 135
0.01 10037 135
0.01 10038 135
0.01 10039 135
0.01 10040 135
0.01 10041 135
0.01 10042 135
0.01 10043 135
0.01 10044 124
0.01 10045 135
0.01 10046 113
0.01 10047 129
0.01 10048 135
0.01 10049 135
0.01 10050 135
0.01 10051 135
0.01 10052 108
0.01 10053 135
0.01 10054 108
0.01 10055 108
0.01 10056 108
0.01 10057 124
0.01 10058 113
0.01 10059 113
0.01 10060 113
0.01 10061 113
0.01 10062 135
0.01 10063 129
0.01 10064 135
0.01 10065 124
0.01 10066 124
0.01 10067 135
0.01 10068 135
0.01 10069 135
0.01 10070 135
0.01 10071 135
0.01 10072 135
0.01 10073 135
0.01 10074 135
0.01 10075 135
0.01 10076 135
0.01 10077 113
0.01 10078 129
0.01 10079 135
0.01 10080 135
0.01 10081 135
0.01 10082 135
0.01 10083 135
0.01 10084 135
0.01 10085 135
0.01 10086 135
0.01 10087 135
0.01 10088 135
0.01 10089 135
0.01 10090 135
0.01 10091 135
0.01 10092 113
0.01 10093 113
0.01 10094 113
0.01 10095 129
0.01 10096 129
0.01 10097 135
0.01 10098 135
0.01 10099 129
0.01 10100 135
0.01 10101 135
0.01 10102 118
0.01 10103 118
0.01 10104 124
0.01 10105 135
0.01 10106 135
0.01 10107 135
0.01 10108 124
0.01 10109 135
0.01 10110 135
0.01 10111 135
0.01 10112 118
0.01 10113 118
0.01 10114 135
0.01 10115 135
0.01 10116 135
0.01 10117 135
0.01 10118 135
0.01 10119 135
0.01 10120 124
0.01 10121 135
0.01 10122 135
0.01 10123 135
0.01 10124 135
0.01 10125 135
0.01 10126 135
0.01 10127 135
0.01 10128 135
0.01 10129 113
0.01 10130 124
0.01 10131 124
0.01 10132 135
0.01 10133 124
0.01 10134 135
0.01 10135 135
0.01 10136 135
0.01 10137 135
0.01 10138 135
0.01 10139 135
0.01 10140 118
0.01 10141 135
0.01 10142 129
0.01 10143 135
0.01 10144 135
0.01 10145 135
0.01 10146 135
0.01 10147 113
0.01 10148 113
0.01 10149 113
0.01 10150 113
0.01 10151 113
0.01 10152 113
0.01 10153 113
0.01 10154 108
0.01 10155 118
0.01 10156 118
0.01 10157 113
0.01 10158 118
0.01 10159 108
0.01 10160 108
0.01 10161 108
0.01 10162 118
0.01 10163 118
0.01 10164 135
0.01 10165 135
0.01 10166 135
0.01 10167 135
0.01 10168 135
0.01 10169 135
0.01 10170 135
0.01 10171 135
0.01 10172 135
0.01 10173 118
0.01 10174 118
0.01 10175 113
0.01 10176 113
0.01 10177 113
0.01 10178 113
0.01 10179 113
0.01 10180 118
0.01 10181 124
0.01 10182 118
0.01 10183 129
0.01 10184 129
0.01 10185 129
0.01 10186 135
0.01 10187 108
0.01 10188 135
0.01 10189 135
0.01 10190 135
0.01 10191 135
0.01 10192 113
0.01 10193 113
0.01 10194 124
0.01 10195 135
0.01 10196 135
0.01 10197 108
0.01 10198 108
0.01 10199 129
0.01 10200 135
0.01 10201 135
0.01 10202 129
0.01 10203 135
0.01 10204 113
0.01 10205 129
0.01 10206 135
0.01 10207 135
0.01 10208 135
0.01 10209 135
0.01 10210 135
0.01 10211 135
0.01 10212 129
0.01 10213 129
0.01 10214 129
0.01 10215 124
0.01 10216 124
0.01 10217 113
0.01 10218 135
0.01 10219 118
0.01 10220 135
0.01 10221 135
0.01 10222 135
0.01 10223 135
0.01 10224 135
0.01 10225 135
0.01 10226 135
0.01 10227 135
0.01 10228 135
0.01 10229 135
0.01 10230 124
0.01 10231 135
0.01 10232 135
0.01 10233 135
0.01 10234 135
0.01 10235 135
0.01 10236 129
0.01 10237 129
0.01 10238 135
0.01 10239 135
0.01 10240 135
0.01 10241 129
0.01 10242 129
0.01 10243 135
0.01 10244 129
0.01 10245 124
0.01 10246 124
0.01 10247 135
0.01 10248 129
0.01 10249 118
0.01 10250 124
0.01 10251 129
0.01 10252 113
0.01 10253 129
0.01 10254 118
0.01 10255 124
0.01 10256 113
0.01 10257 113
0.01 10258 113
0.01 10259 129
0.01 10260 135
0.01 10261 135
0.01 10262 118
0.01 10263 129
0.01 10264 135
0.01 10265 135
0.01 10266 135
0.01 10267 135
0.01 10268 135
0.01 10269 135
0.01 10270 135
0.01 10271 118
0.01 10272 135
0.01 10273 113
0.01 10274 135
0.01 10275 135
0.01 10276 113
0.01 10277 113
0.01 10278 135
0.01 10279 135
0.01 10280 129
0.01 10281 135
0.01 10282 118
0.01 10283 135
0.01 10284 108
0.01 10285 108
0.01 10286 124
0.01 10287 135
0.01 10288 113
0.01 10289 118
0.01 10290 118
0.01 10291 118
0.01 10292 113
0.01 10293 118
0.01 10294 135
0.01 10295 135
0.01 10296 118
0.01 10297 118
0.01 10298 118
0.01 10299 135
0.01 10300 135
0.01 10301 135
0.01 10302 135
0.01 10303 135
0.01 10304 135
0.01 10305 135
0.01 10306 135
0.01 10307 135
0.01 10308 135
0.01 10309 135
0.01 10310 135
0.01 10311 135
0.01 10312 135
0.01 10313 135
0.01 10314 118
0.01 10315 118
0.01 10316 118
0.01 10317 118
0.01 10318 118
0.01 10319 129
0.01 10320 135
0.01 10321 135
0.01 10322 135
0.01 10323 135
0.01 10324 135
0.01 10325 135
0.01 10326 135
0.01 10327 129
0.01 10328 135
0.01 10329 135
0.01 10330 135
0.01 10331 124
0.01 10332 129
0.01 10333 135
0.01 10334 135
0.01 10335 135
0.01 10336 135
0.01 10337 113
0.01 10338 118
0.01 10339 118
0.01 10340 135
0.01 10341 135
0.01 10342 135
0.01 10343 135
0.01 10344 135
0.01 10345 135
0.01 10346 135
0.01 10347 135
0.01 10348 118
0.01 10349 118
0.01 10350 118
0.01 10351 118
0.01 10352 124
0.01 10353 135
0.01 10354 129
0.01 10355 129
0.01 10356 135
0.01 10357 135
0.01 10358 135
0.01 10359 135
0.01 10360 135
0.01 10361 135
0.01 10362 135
0.01 10363 135
0.01 10364 135
0.01 10365 135
0.01 10366 135
0.01 10367 135
0.01 10368 118
0.01 10369 135
0.01 10370 135
0.01 10371 135
0.01 10372 135
0.01 10373 124
0.01 10374 124
0.01 10375 124
0.01 10376 135
0.01 10377 135
0.01 10378 135
0.01 10379 135
0.01 10380 135
0.01 10381 129
0.01 10382 135
0.01 10383 135
0.01 10384 113
0.01 10385 118
0.01 10386 129
0.01 10387 135
0.01 10388 135
0.01 10389 135
0.01 10390 135
0.01 10391 135
0.01 10392 113
0.01 10393 129
0.01 10394 135
0.01 10395 135
0.01 10396 135
0.01 10397 118
0.01 10398 129
0.01 10399 124
0.01 10400 135
0.01 10401 135
0.01 10402 135
0.01 10403 135
0.01 10404 135
0.01 10405 135
0.01 10406 135
0.01 10407 135
0.01 10408 135
0.01 10409 135
0.01 10410 118
0.01 10411 135
0.01 10412 135
0.01 10413 129
0.01 10414 129
0.01 10415 124
0.01 10416 108
0.01 10417 118
0.01 10418 135
0.01 10419 135
0.01 10420 135
0.01 10421 135
0.01 10422 135
0.01 10423 135
0.01 10424 135
0.01 10425 135
0.01 10426 124
0.01 10427 129
0.01 10428 135
0.01 10429 135
0.01 10430 135
0.01 10431 108
0.01 10432 108
0.01 10433 135
0.01 10434 124
0.01 10435 118
0.01 10436 135
0.01 10437 113
0.01 10438 124
0.01 10439 135
0.01 10440 135
0.01 10441 135
0.01 10442 135
0.01 10443 135
0.01 10444 135
0.01 10445 113
0.01 10446 113
0.01 10447 135
0.01 10448 108
0.01 10449 108
0.01 10450 108
0.01 10451 124
0.01 10452 124
0.01 10453 118
0.01 10454 129
0.01 10455 108
0.01 10456 108
0.01 10457 113
0.01 10458 124
0.01 10459 135
0.01 10460 135
0.01 10461 135
0.01 10462 113
0.01 10463 118
0.01 10464 135
0.01 10465 124
0.01 10466 124
0.01 10467 124
0.01 10468 113
0.01 10469 129
0.01 10470 129
0.01 10471 129
0.01 10472 135
0.01 10473 135
0.01 10474 135
0.01 10475 135
0.01 10476 118
0.01 10477 124
0.01 10478 118
0.01 10479 118
0.01 10480 135
0.01 10481 135
0.01 10482 135
0.01 10483 108
0.01 10484 135
0.01 10485 135
0.01 10486 135
0.01 10487 135
0.01 10488 135
0.01 10489 135
0.01 10490 135
0.01 10491 135
0.01 10492 135
0.01 10493 135
0.01 10494 135
0.01 10495 135
0.01 10496 135
0.01 10497 135
0.01 10498 124
0.01 10499 124
0.01 10500 124
0.01 10501 135
0.01 10502 113
0.01 10503 129
0.01 10504 129
0.01 10505 135
0.01 10506 135
0.01 10507 135
0.01 10508 108
0.01 10509 124
0.01 10510 135
0.01 10511 135
0.01 10512 135
0.01 10513 135
0.01 10514 124
0.01 10515 124
0.01 10516 135
0.01 10517 135
0.01 10518 108
0.01 10519 124
0.01 10520 135
0.01 10521 129
0.01 10522 108
0.01 10523 129
0.01 10524 129
0.01 10525 135
0.01 10526 135
0.01 10527 108
0.01 10528 129
0.01 10529 118
0.01 10530 118
0.01 10531 135
0.01 10532 135
0.01 10533 135
0.01 10534 135
0.01 10535 135
0.01 10536 118
0.01 10537 135
0.01 10538 135
0.01 10539 135
0.01 10540 135
0.01 10541 135
0.01 10542 135
0.01 10543 135
0.01 10544 118
0.01 10545 118
0.01 10546 118
0.01 10547 124
0.01 10548 118
0.01 10549 135
0.01 10550 118
0.01 10551 135
0.01 10552 135
0.01 10553 135
0.01 10554 135
0.01 10555 135
0.01 10556 135
0.01 10557 135
0.01 10558 135
0.01 10559 118
0.01 10560 118
0.01 10561 135
0.01 10562 135
0.01 10563 135
0.01 10564 135
0.01 10565 135
0.01 10566 135
0.01 10567 135
0.01 10568 113
0.01 10569 135
0.01 10570 118
0.01 10571 135
0.01 10572 129
0.01 10573 113
0.01 10574 135
0.01 10575 135
0.01 10576 135
0.01 10577 135
0.01 10578 135
0.01 10579 135
0.01 10580 135
0.01 10581 135
0.01 10582 135
0.01 10583 135
0.01 10584 118
0.01 10585 135
0.01 10586 129
0.01 10587 129
0.01 10588 135
0.01 10589 118
0.01 10590 118
0.01 10591 135
0.01 10592 135
0.01 10593 135
0.01 10594 135
0.01 10595 135
0.01 10596 135
0.01 10597 135
0.01 10598 135
0.01 10599 129
0.01 10600 135
0.01 10601 129
0.01 10602 135
0.01 10603 135
0.01 10604 135
0.01 10605 135
0.01 10606 135
0.01 10607 135
0.01 10608 113
0.01 10609 108
0.01 10610 113
0.01 10611 113
0.01 10612 113
0.01 10613 135
0.01 10614 135
0.01 10615 135
0.01 10616 135
0.01 10617 135
0.01 10618 135
0.01 10619 135
0.01 10620 135
0.01 10621 135
0.01 10622 108
0.01 10623 108
0.01 10624 129
0.01 10625 135
0.01 10626 113
0.01 10627 113
0.01 10628 113
0.01 10629 113
0.01 10630 129
0.01 10631 108
0.01 10632 108
0.01 10633 118
0.01 10634 118
0.01 10635 129
0.01 10636 135
0.01 10637 135
0.01 10638 135
0.01 10639 135
0.01 10640 135
0.01 10641 135
0.01 10642 135
0.01 10643 135
0.01 10644 135
0.01 10645 135
0.01 10646 135
0.01 10647 135
0.01 10648 135
0.01 10649 135
0.01 10650 113
0.01 10651 108
0.01 10652 129
0.01 10653 135
0.01 10654 135
0.01 10655 135
0.01 10656 135
0.01 10657 135
0.01 10658 108
0.01 10659 124
0.01 10660 129
0.01 10661 129
0.01 10662 129
0.01 10663 108
0.01 10664 118
0.01 10665 108
0.01 10666 129
0.01 10667 135
0.01 10668 135
0.01 10669 135
0.01 10670 135
0.01 10671 135
0.01 10672 135
0.01 10673 135
0.01 10674 124
0.01 10675 113
0.01 10676 118
0.01 10677 118
0.01 10678 129
0.01 10679 129
0.01 10680 135
0.01 10681 135
0.01 10682 135
0.01 10683 135
0.01 10684 129
0.01 10685 135
0.01 10686 135
0.01 10687 108
0.01 10688 108
0.01 10689 108
0.01 10690 108
0.01 10691 135
0.01 10692 129
0.01 10693 129
0.01 10694 129
0.01 10695 135
0.01 10696 124
0.01 10697 135
0.01 10698 118
0.01 10699 118
0.01 10700 124
0.01 10701 129
0.01 10702 129
0.01 10703 135
0.01 10704 135
0.01 10705 135
0.01 10706 113
0.01 10707 113
0.01 10708 113
0.01 10709 118
0.01 10710 108
0.01 10711 108
0.01 10712 113
0.01 10713 129
0.01 10714 129
0.01 10715 135
0.01 10716 135
0.01 10717 135
0.01 10718 135
0.01 10719 135
0.01 10720 135
0.01 10721 135
0.01 10722 118
0.01 10723 108
0.01 10724 135
0.01 10725 135
0.01 10726 135
0.01 10727 135
0.01 10728 135
0.01 10729 135
0.01 10730 135
0.01 10731 135
0.01 10732 135
0.01 10733 135
0.01 10734 108
0.01 10735 129
0.01 10736 129
0.01 10737 135
0.01 10738 135
0.01 10739 124
0.01 10740 124
0.01 10741 135
0.01 10742 135
0.01 10743 135
0.01 10744 135
0.01 10745 118
0.01 10746 124
0.01 10747 108
0.01 10748 108
0.01 10749 113
0.01 10750 113
0.01 10751 129
0.01 10752 135
0.01 10753 135
0.01 10754 135
0.01 10755 135
0.01 10756 135
0.01 10757 135
0.01 10758 118
0.01 10759 113
0.01 10760 129
0.01 10761 129
0.01 10762 135
0.01 10763 135
0.01 10764 135
0.01 10765 135
0.01 10766 135
0.01 10767 129
0.01 10768 118
0.01 10769 118
0.01 10770 135
0.01 10771 135
0.01 10772 135
0.01 10773 135
0.01 10774 135
0.01 10775 135
0.01 10776 135
0.01 10777 135
0.01 10778 135
0.01 10779 135
0.01 10780 118
0.01 10781 135
0.01 10782 113
0.01 10783 113
0.01 10784 135
0.01 10785 135
0.01 10786 135
0.01 10787 135
0.01 10788 129
0.01 10789 135
0.01 10790 135
0.01 10791 129
0.01 10792 135
0.01 10793 135
0.01 10794 108
0.01 10795 108
0.01 10796 113
0.01 10797 135
0.01 10798 135
0.01 10799 135
0.01 10800 135
0.01 10801 135
0.01 10802 135
0.01 10803 135
0.01 10804 135
0.01 10805 135
0.01 10806 135
0.01 10807 124
0.01 10808 113
0.01 10809 113
0.01 10810 108
0.01 10811 108
0.01 10812 108
0.01 10813 135
0.01 10814 135
0.01 10815 135
0.01 10816 135
0.01 10817 135
0.01 10818 135
0.01 10819 135
0.01 10820 135
0.01 10821 129
0.01 10822 135
0.01 10823 135
0.01 10824 135
0.01 10825 135
0.01 10826 135
0.01 10827 135
0.01 10828 135
0.01 10829 135
0.01 10830 135
0.01 10831 135
0.01 10832 135
0.01 10833 135
0.01 10834 135
0.01 10835 135
0.01 10836 113
0.01 10837 113
0.01 10838 135
0.01 10839 135
0.01 10840 135
0.01 10841 135
0.01 10842 108
0.01 10843 108
0.01 10844 108
0.01 10845 113
0.01 10846 124
0.01 10847 124
0.01 10848 124
0.01 10849 124
0.01 10850 108
0.01 10851 118
0.01 10852 129
0.01 10853 135
0.01 10854 135
0.01 10855 129
0.01 10856 129
0.01 10857 135
0.01 10858 135
0.01 10859 135
0.01 10860 135
0.01 10861 135
0.01 10862 108
0.01 10863 129
0.01 10864 135
0.01 10865 135
0.01 10866 135
0.01 10867 135
0.01 10868 135
0.01 10869 135
0.01 10870 135
0.01 10871 135
0.01 10872 135
0.01 10873 124
0.01 10874 113
0.01 10875 135
0.01 10876 129
0.01 10877 129
0.01 10878 108
0.01 10879 108
0.01 10880 108
0.01 10881 118
0.01 10882 113
0.01 10883 135
0.01 10884 135
0.01 10885 135
0.01 10886 135
0.01 10887 135
0.01 10888 118
0.01 10889 118
0.01 10890 118
0.01 10891 135
0.01 10892 124
0.01 10893 124
0.01 10894 135
0.01 10895 135
0.01 10896 135
0.01 10897 135
0.01 10898 135
0.01 10899 135
0.01 10900 135
0.01 10901 113
0.01 10902 118
0.01 10903 135
0.01 10904 135
0.01 10905 135
0.01 10906 124
0.01 10907 135
0.01 10908 113
0.01 10909 129
0.01 10910 129
0.01 10911 135
0.01 10912 135
0.01 10913 135
0.01 10914 135
0.01 10915 135
0.01 10916 135
0.01 10917 135
0.01 10918 113
0.01 10919 113
0.01 10920 118
0.01 10921 124
0.01 10922 135
0.01 10923 135
0.01 10924 135
0.01 10925 135
0.01 10926 108
0.01 10927 108
0.01 10928 108
0.01 10929 124
0.01 10930 118
0.01 10931 135
0.01 10932 135
0.01 10933 135
0.01 10934 135
0.01 10935 135
0.01 10936 135
0.01 10937 135
0.01 10938 135
0.01 10939 108
0.01 10940 135
0.01 10941 135
0.01 10942 135
0.01 10943 135
0.01 10944 135
0.01 10945 135
0.01 10946 135
0.01 10947 135
0.01 10948 118
0.01 10949 118
0.01 10950 113
0.01 10951 113
0.01 10952 129
0.01 10953 108
0.01 10954 108
0.01 10955 113
0.01 10956 135
0.01 10957 135
0.01 10958 135
0.01 10959 135
0.01 10960 135
0.01 10961 135
0.01 10962 135
0.01 10963 135
0.01 10964 135
0.01 10965 135
0.01 10966 135
0.01 10967 135
0.01 10968 135
0.01 10969 124
0.01 10970 135
0.01 10971 135
0.01 10972 118
0.01 10973 118
0.01 10974 124
0.01 10975 135
0.01 10976 135
0.01 10977 135
0.01 10978 135
0.01 10979 135
0.01 10980 135
0.01 10981 135
0.01 10982 113
0.01 10983 124
0.01 10984 129
0.01 10985 135
0.01 10986 135
0.01 10987 135
0.01 10988 118
0.01 10989 118
0.01 10990 135
0.01 10991 135
0.01 10992 135
0.01 10993 135
0.01 10994 135
0.01 10995 135
0.01 10996 135
0.01 10997 135
0.01 10998 113
0.01 10999 113
0.01 11000 113
0.01 11001 135
0.01 11002 135
0.01 11003 135
0.01 11004 135
0.01 11005 129
0.01 11006 135
0.01 11007 129
0.01 11008 135
0.01 11009 135
0.01 11010 135
0.01 11011 135
0.01 11012 135
0.01 11013 135
0.01 11014 135
0.01 11015 135
0.01 11016 135
0.01 11017 135
0.01 11018 135
0.01 11019 118
0.01 11020 118
0.01 11021 118
0.01 11022 135
0.01 11023 113
0.01 11024 129
0.01 11025 135
0.01 11026 113
0.01 11027 129
0.01 11028 129
0.01 11029 135
0.01 11030 108
0.01 11031 129
0.01 11032 135
0.01 11033 135
0.01 11034 135
0.01 11035 118
0.01 11036 113
0.01 11037 135
0.01 11038 135
0.01 11039 113
0.01 11040 113
0.01 11041 108
0.01 11042 124
0.01 11043 118
0.01 11044 124
0.01 11045 113
0.01 11046 135
0.01 11047 135
0.01 11048 135
0.01 11049 135
0.01 11050 129
0.01 11051 129
0.01 11052 135
0.01 11053 135
0.01 11054 118
0.01 11055 129
0.01 11056 135
0.01 11057 135
0.01 11058 135
0.01 11059 108
0.01 11060 124
0.01 11061 124
0.01 11062 135
0.01 11063 135
0.01 11064 124
0.01 11065 135
0.01 11066 135
0.01 11067 113
0.01 11068 118
0.01 11069 135
0.01 11070 108
0.01 11071 108
0.01 11072 118
0.01 11073 124
0.01 11074 135
0.01 11075 135
0.01 11076 129
0.01 11077 135
0.01 11078 135
0.01 11079 135
0.01 11080 135
0.01 11081 113
0.01 11082 118
0.01 11083 135
0.01 11084 135
0.01 11085 135
0.01 11086 124
0.01 11087 118
0.01 11088 118
0.01 11089 135
0.01 11090 108
0.01 11091 135
0.01 11092 135
0.01 11093 135
0.01 11094 124
0.01 11095 135
0.01 11096 135
0.01 11097 135
0.01 11098 124
0.01 11099 108
0.01 11100 124
0.01 11101 135
0.01 11102 135
0.01 11103 135
0.01 11104 124
0.01 11105 124
0.01 11106 124
0.01 11107 135
0.01 11108 135
0.01 11109 135
0.01 11110 135
0.01 11111 118
0.01 11112 135
0.01 11113 135
0.01 11114 135
0.01 11115 135
0.01 11116 135
0.01 11117 135
0.01 11118 135
0.01 11119 135
0.01 11120 135
0.01 11121 129
0.01 11122 135
0.01 11123 118
0.01 11124 135
0.01 11125 118
0.01 11126 135
0.01 11127 118
0.01 11128 124
0.01 11129 135
0.01 11130 135
0.01 11131 135
0.01 11132 135
0.01 11133 135
0.01 11134 135
0.01 11135 135
0.01 11136 135
0.01 11137 118
0.01 11138 118
0.01 11139 135
0.01 11140 135
0.01 11141 135
0.01 11142 118
0.01 11143 108
0.01 11144 118
0.01 11145 118
0.01 11146 135
0.01 11147 135
0.01 11148 129
0.01 11149 124
0.01 11150 135
0.01 11151 135
0.01 11152 135
0.01 11153 135
0.01 11154 135
0.01 11155 118
0.01 11156 129
0.01 11157 124
0.01 11158 135
0.01 11159 118
0.01 11160 135
0.01 11161 135
0.01 11162 124
0.01 11163 129
0.01 11164 135
0.01 11165 118
0.01 11166 118
0.01 11167 135
0.01 11168 135
0.01 11169 135
0.01 11170 135
0.01 11171 135
0.01 11172 135
0.01 11173 135
0.01 11174 118
0.01 11175 108
0.01 11176 108
0.01 11177 108
0.01 11178 135
0.01 11179 135
0.01 11180 113
0.01 11181 113
0.01 11182 129
0.01 11183 135
0.01 11184 135
0.01 11185 129
0.01 11186 108
0.01 11187 108
0.01 11188 113
0.01 11189 124
0.01 11190 129
0.01 11191 135
0.01 11192 135
0.01 11193 108
0.01 11194 135
0.01 11195 135
0.01 11196 135
0.01 11197 135
0.01 11198 135
0.01 11199 135
0.01 11200 135
0.01 11201 135
0.01 11202 135
0.01 11203 124
0.01 11204 124
0.01 11205 118
0.01 11206 118
0.01 11207 135
0.01 11208 135
0.01 11209 135
0.01 11210 135
0.01 11211 135
0.01 11212 135
0.01 11213 135
0.01 11214 135
0.01 11215 135
0.01 11216 135
0.01 11217 129
0.01 11218 113
0.01 11219 113
0.01 11220 118
0.01 11221 135
0.01 11222 135
0.01 11223 135
0.01 11224 135
0.01 11225 135
0.01 11226 135
0.01 11227 135
0.01 11228 135
0.01 11229 135
0.01 11230 135
0.01 11231 135
0.01 11232 135
0.01 11233 135
0.01 11234 113
0.01 11235 129
0.01 11236 108
0.01 11237 108
0.01 11238 113
0.01 11239 118
0.01 11240 118
0.01 11241 135
0.01 11242 135
0.01 11243 129
0.01 11244 124
0.01 11245 113
0.01 11246 113
0.01 11247 118
0.01 11248 118
0.01 11249 118
0.01 11250 135
0.01 11251 135
0.01 11252 135
0.01 11253 135
0.01 11254 124
0.01 11255 129
0.01 11256 135
0.01 11257 135
0.01 11258 135
0.01 11259 135
0.01 11260 135
0.01 11261 135
0.01 11262 135
0.01 11263 108
0.01 11264 108
0.01 11265 108
0.01 11266 135
0.01 11267 135
0.01 11268 113
0.01 11269 135
0.01 11270 129
0.01 11271 129
0.01 11272 113
0.01 11273 118
0.01 11274 135
0.01 11275 118
0.01 11276 129
0.01 11277 129
0.01 11278 129
0.01 11279 129
0.01 11280 135
0.01 11281 135
0.01 11282 113
0.01 11283 124
0.01 11284 124
0.01 11285 135
0.01 11286 135
0.01 11287 135
0.01 11288 135
0.01 11289 135
0.01 11290 135
0.01 11291 113
0.01 11292 124
0.01 11293 129
0.01 11294 135
0.01 11295 135
0.01 11296 113
0.01 11297 108
0.01 11298 108
0.01 11299 108
0.01 11300 118
0.01 11301 129
0.01 11302 135
0.01 11303 135
0.01 11304 124
0.01 11305 135
0.01 11306 135
0.01 11307 135
0.01 11308 135
0.01 11309 135
0.01 11310 135
0.01 11311 135
0.01 11312 135
0.01 11313 135
0.01 11314 135
0.01 11315 135
0.01 11316 113
0.01 11317 124
0.01 11318 124
0.01 11319 135
0.01 11320 135
0.01 11321 113
0.01 11322 135
0.01 11323 135
0.01 11324 135
0.01 11325 135
0.01 11326 135
0.01 11327 113
0.01 11328 118
0.01 11329 124
0.01 11330 124
0.01 11331 124
0.01 11332 135
0.01 11333 135
0.01 11334 135
0.01 11335 135
0.01 11336 135
0.01 11337 135
0.01 11338 135
0.01 11339 135
0.01 11340 129
0.01 11341 135
0.01 11342 135
0.01 11343 118
0.01 11344 124
0.01 11345 135
0.01 11346 135
0.01 11347 135
0.01 11348 135
0.01 11349 135
0.01 11350 135
0.01 11351 135
0.01 11352 135
0.01 11353 135
0.01 11354 135
0.01 11355 135
0.01 11356 135
0.01 11357 135
0.01 11358 135
0.01 11359 135
0.01 11360 135
0.01 11361 135
0.01 11362 135
0.01 11363 135
0.01 11364 135
0.01 11365 135
0.01 11366 135
0.01 11367 135
0.01 11368 108
0.01 11369 124
0.01 11370 113
0.01 11371 129
0.01 11372 113
0.01 11373 129
0.01 11374 135
0.01 11375 135
0.01 11376 135
0.01 11377 135
0.01 11378 135
0.01 11379 135
0.01 11380 135
0.01 11381 135
0.01 11382 135
0.01 11383 135
0.01 11384 135
0.01 11385 108
0.01 11386 135
0.01 11387 118
0.01 11388 135
0.01 11389 135
0.01 11390 135
0.01 11391 135
0.01 11392 135
0.01 11393 135
0.01 11394 129
0.01 11395 118
0.01 11396 118
0.01 11397 118
0.01 11398 135
0.01 11399 135
0.01 11400 135
0.01 11401 135
0.01 11402 135
0.01 11403 135
0.01 11404 108
0.01 11405 118
0.01 11406 129
0.01 11407 135
0.01 11408 135
0.01 11409 135
0.01 11410 135
0.01 11411 135
0.01 11412 135
0.01 11413 135
0.01 11414 135
0.01 11415 135
0.01 11416 135
0.01 11417 129
0.01 11418 135
0.01 11419 135
0.01 11420 113
0.01 11421 135
0.01 11422 135
0.01 11423 118
0.01 11424 135
0.01 11425 129
0.01 11426 113
0.01 11427 135
0.01 11428 135
0.01 11429 135
0.01 11430 135
0.01 11431 135
0.01 11432 108
0.01 11433 118
0.01 11434 118
0.01 11435 118
0.01 11436 135
0.01 11437 108
0.01 11438 108
0.01 11439 135
0.01 11440 135
0.01 11441 135
0.01 11442 135
0.01 11443 135
0.01 11444 135
0.01 11445 135
0.01 11446 118
0.01 11447 118
0.01 11448 118
0.01 11449 124
0.01 11450 135
0.01 11451 135
0.01 11452 135
0.01 11453 135
0.01 11454 135
0.01 11455 124
0.01 11456 135
0.01 11457 113
0.01 11458 135
0.01 11459 135
0.01 11460 135
0.01 11461 135
0.01 11462 135
0.01 11463 135
0.01 11464 135
0.01 11465 135
0.01 11466 135
0.01 11467 135
0.01 11468 135
0.01 11469 135
0.01 11470 135
0.01 11471 108
0.01 11472 124
0.01 11473 135
0.01 11474 135
0.01 11475 113
0.01 11476 124
0.01 11477 135
0.01 11478 135
0.01 11479 135
0.01 11480 135
0.01 11481 135
0.01 11482 135
0.01 11483 135
0.01 11484 113
0.01 11485 135
0.01 11486 135
0.01 11487 135
0.01 11488 135
0.01 11489 129
0.01 11490 129
0.01 11491 135
0.01 11492 118
0.01 11493 118
0.01 11494 135
0.01 11495 135
0.01 11496 135
0.01 11497 113
0.01 11498 129
0.01 11499 135
0.01 11500 135
0.01 11501 118
0.01 11502 118
0.01 11503 124
0.01 11504 124
0.01 11505 124
0.01 11506 135
0.01 11507 135
0.01 11508 135
0.01 11509 135
0.01 11510 135
0.01 11511 135
0.01 11512 135
0.01 11513 135
0.01 11514 135
0.01 11515 135
0.01 11516 135
0.01 11517 135
0.01 11518 113
0.01 11519 113
0.01 11520 113
0.01 11521 124
0.01 11522 135
0.01 11523 129
0.01 11524 129
0.01 11525 135
0.01 11526 135
0.01 11527 135
0.01 11528 118
0.01 11529 124
0.01 11530 113
0.01 11531 113
0.01 11532 113
0.01 11533 135
0.01 11534 108
0.01 11535 129
0.01 11536 135
0.01 11537 135
0.01 11538 135
0.01 11539 135
0.01 11540 118
0.01 11541 135
0.01 11542 135
0.01 11543 135
0.01 11544 135
0.01 11545 135
0.01 11546 135
0.01 11547 124
0.01 11548 135
0.01 11549 124
0.01 11550 135
0.01 11551 135
0.01 11552 124
0.01 11553 124
0.01 11554 135
0.01 11555 135
0.01 11556 135
0.01 11557 124
0.01 11558 135
0.01 11559 135
0.01 11560 135
0.01 11561 135
0.01 11562 118
0.01 11563 135
0.01 11564 135
0.01 11565 135
0.01 11566 129
0.01 11567 118
0.01 11568 135
0.01 11569 135
0.01 11570 135
0.01 11571 135
0.01 11572 135
0.01 11573 135
0.01 11574 135
0.01 11575 135
0.01 11576 135
0.01 11577 135
0.01 11578 108
0.01 11579 113
0.01 11580 118
0.01 11581 135
0.01 11582 135
0.01 11583 135
0.01 11584 135
0.01 11585 135
0.01 11586 118
0.01 11587 108
0.01 11588 108
0.01 11589 108
0.01 11590 124
0.01 11591 124
0.01 11592 124
0.01 11593 135
0.01 11594 135
0.01 11595 135
0.01 11596 135
0.01 11597 135
0.01 11598 135
0.01 11599 135
0.01 11600 135
0.01 11601 135
0.01 11602 135
0.01 11603 135
0.01 11604 135
0.01 11605 135
0.01 11606 135
0.01 11607 135
0.01 11608 135
0.01 11609 113
0.01 11610 135
0.01 11611 135
0.01 11612 135
0.01 11613 135
0.01 11614 129
0.01 11615 135
0.01 11616 135
0.01 11617 129
0.01 11618 135
0.01 11619 135
0.01 11620 135
0.01 11621 135
0.01 11622 135
0.01 11623 135
0.01 11624 135
0.01 11625 124
0.01 11626 135
0.01 11627 135
0.01 11628 135
0.01 11629 135
0.01 11630 135
0.01 11631 135
0.01 11632 135
0.01 11633 135
0.01 11634 135
0.01 11635 108
0.01 11636 135
0.01 11637 135
0.01 11638 135
0.01 11639 135
0.01 11640 135
0.01 11641 135
0.01 11642 135
0.01 11643 135
0.01 11644 108
0.01 11645 108
0.01 11646 108
0.01 11647 118
0.01 11648 113
0.01 11649 135
0.01 11650 135
0.01 11651 135
0.01 11652 135
0.01 11653 135
0.01 11654 118
0.01 11655 135
0.01 11656 108
0.01 11657 124
0.01 11658 135
0.01 11659 135
0.01 11660 124
0.01 11661 135
0.01 11662 135
0.01 11663 118
0.01 11664 129
0.01 11665 129
0.01 11666 135
0.01 11667 135
0.01 11668 135
0.01 11669 135
0.01 11670 135
0.01 11671 135
0.01 11672 135
0.01 11673 135
0.01 11674 135
0.01 11675 135
0.01 11676 135
0.01 11677 135
0.01 11678 129
0.01 11679 135
0.01 11680 135
0.01 11681 135
0.01 11682 135
0.01 11683 113
0.01 11684 135
0.01 11685 135
0.01 11686 135
0.01 11687 135
0.01 11688 135
0.01 11689 113
0.01 11690 135
0.01 11691 135
0.01 11692 135
0.01 11693 113
0.01 11694 135
0.01 11695 135
0.01 11696 108
0.01 11697 124
0.01 11698 135
0.01 11699 135
0.01 11700 124
0.01 11701 135
0.01 11702 135
0.01 11703 135
0.01 11704 135
0.01 11705 108
0.01 11706 129
0.01 11707 113
0.01 11708 113
0.01 11709 118
0.01 11710 135
0.01 11711 135
0.01 11712 108
0.01 11713 108
0.01 11714 118
0.01 11715 135
0.01 11716 135
0.01 11717 118
0.01 11718 118
0.01 11719 118
0.01 11720 135
0.01 11721 135
0.01 11722 135
0.01 11723 135
0.01 11724 118
0.01 11725 135
0.01 11726 129
0.01 11727 135
0.01 11728 135
0.01 11729 135
0.01 11730 135
0.01 11731 118
0.01 11732 129
0.01 11733 124
0.01 11734 129
0.01 11735 108
0.01 11736 108
0.01 11737 108
0.01 11738 108
0.01 11739 124
0.01 11740 129
0.01 11741 135
0.01 11742 135
0.01 11743 129
0.01 11744 135
0.01 11745 135
0.01 11746 129
0.01 11747 135
0.01 11748 135
0.01 11749 118
0.01 11750 124
0.01 11751 129
0.01 11752 135
0.01 11753 135
0.01 11754 135
0.01 11755 135
0.01 11756 118
0.01 11757 118
0.01 11758 135
0.01 11759 135
0.01 11760 135
0.01 11761 124
0.01 11762 135
0.01 11763 135
0.01 11764 135
0.01 11765 135
0.01 11766 135
0.01 11767 135
0.01 11768 135
0.01 11769 108
0.01 11770 118
0.01 11771 129
0.01 11772 135
0.01 11773 118
0.01 11774 135
0.01 11775 135
0.01 11776 135
0.01 11777 118
0.01 11778 124
0.01 11779 135
0.01 11780 135
0.01 11781 135
0.01 11782 124
0.01 11783 118
0.01 11784 135
0.01 11785 129
0.01 11786 135
0.01 11787 135
0.01 11788 129
0.01 11789 135
0.01 11790 124
0.01 11791 129
0.01 11792 129
0.01 11793 135
0.01 11794 135
0.01 11795 135
0.01 11796 135
0.01 11797 135
0.01 11798 108
0.01 11799 129
0.01 11800 135
0.01 11801 135
0.01 11802 135
0.01 11803 113
0.01 11804 124
0.01 11805 135
0.01 11806 135
0.01 11807 135
0.01 11808 135
0.01 11809 135
0.01 11810 124
0.01 11811 113
0.01 11812 135
0.01 11813 135
0.01 11814 135
0.01 11815 135
0.01 11816 118
0.01 11817 135
0.01 11818 118
0.01 11819 135
0.01 11820 118
0.01 11821 135
0.01 11822 129
0.01 11823 135
0.01 11824 129
0.01 11825 135
0.01 11826 113
0.01 11827 113
0.01 11828 129
0.01 11829 129
0.01 11830 135
0.01 11831 135
0.01 11832 135
0.01 11833 135
0.01 11834 135
0.01 11835 135
0.01 11836 113
0.01 11837 135
0.01 11838 135
0.01 11839 113
0.01 11840 113
0.01 11841 135
0.01 11842 135
0.01 11843 135
0.01 11844 135
0.01 11845 135
0.01 11846 135
0.01 11847 135
0.01 11848 135
0.01 11849 118
0.01 11850 118
0.01 11851 129
0.01 11852 129
0.01 11853 135
0.01 11854 135
0.01 11855 135
0.01 11856 118
0.01 11857 135
0.01 11858 113
0.01 11859 124
0.01 11860 118
0.01 11861 113
0.01 11862 135
0.01 11863 135
0.01 11864 135
0.01 11865 135
0.01 11866 135
0.01 11867 135
0.01 11868 135
0.01 11869 135
0.01 11870 113
0.01 11871 118
0.01 11872 124
0.01 11873 135
0.01 11874 135
0.01 11875 135
0.01 11876 135
0.01 11877 113
0.01 11878 135
0.01 11879 135
0.01 11880 135
0.01 11881 135
0.01 11882 135
0.01 11883 124
0.01 11884 113
0.01 11885 129
0.01 11886 135
0.01 11887 135
0.01 11888 135
0.01 11889 113
0.01 11890 113
0.01 11891 113
0.01 11892 113
0.01 11893 118
0.01 11894 118
0.01 11895 135
0.01 11896 135
0.01 11897 129
0.01 11898 129
0.01 11899 124
0.01 11900 108
0.01 11901 129
0.01 11902 135
0.01 11903 113
0.01 11904 113
0.01 11905 135
0.01 11906 135
0.01 11907 113
0.01 11908 113
0.01 11909 124
0.01 11910 113
0.01 11911 113
0.01 11912 129
0.01 11913 129
0.01 11914 124
0.01 11915 129
0.01 11916 135
0.01 11917 135
0.01 11918 135
0.01 11919 135
0.01 11920 135
0.01 11921 135
0.01 11922 135
0.01 11923 135
0.01 11924 135
0.01 11925 135
0.01 11926 135
0.01 11927 135
0.01 11928 124
0.01 11929 129
0.01 11930 135
0.01 11931 135
0.01 11932 108
0.01 11933 113
0.01 11934 118
0.01 11935 124
0.01 11936 135
0.01 11937 135
0.01 11938 135
0.01 11939 135
0.01 11940 135
0.01 11941 135
0.01 11942 135
0.01 11943 135
0.01 11944 118
0.01 11945 135
0.01 11946 135
0.01 11947 135
0.01 11948 135
0.01 11949 135
0.01 11950 108
0.01 11951 108
0.01 11952 108
0.01 11953 129
0.01 11954 135
0.01 11955 135
0.01 11956 135
0.01 11957 108
0.01 11958 124
0.01 11959 124
0.01 11960 135
0.01 11961 129
0.01 11962 113
0.01 11963 113
0.01 11964 108
0.01 11965 135
0.01 11966 135
0.01 11967 124
0.01 11968 135
0.01 11969 135
0.01 11970 135
0.01 11971 135
0.01 11972 135
0.01 11973 135
0.01 11974 135
0.01 11975 135
0.01 11976 108
0.01 11977 108
0.01 11978 108
0.01 11979 124
0.01 11980 135
0.01 11981 135
0.01 11982 135
0.01 11983 135
0.01 11984 135
0.01 11985 118
0.01 11986 124
0.01 11987 135
0.01 11988 135
0.01 11989 118
0.01 11990 135
0.01 11991 135
0.01 11992 118
0.01 11993 129
0.01 11994 135
0.01 11995 135
0.01 11996 135
0.01 11997 135
0.01 11998 135
0.01 11999 135
0.01 12000 135
0.01 12001 135
0.01 12002 108
0.01 12003 108
0.01 12004 108
0.01 12005 108
0.01 12006 124
0.01 12007 135
0.01 12008 124
0.01 12009 135
0.01 12010 135
0.01 12011 108
0.01 12012 108
0.01 12013 108
0.01 12014 113
0.01 12015 108
0.01 12016 118
0.01 12017 113
0.01 12018 135
0.01 12019 135
0.01 12020 118
0.01 12021 118
0.01 12022 135
0.01 12023 135
0.01 12024 135
0.01 12025 135
0.01 12026 129
0.01 12027 135
0.01 12028 135
0.01 12029 135
0.01 12030 135
0.01 12031 129
0.01 12032 129
0.01 12033 129
0.01 12034 135
0.01 12035 135
0.01 12036 135
0.01 12037 135
0.01 12038 124
0.01 12039 135
0.01 12040 124
0.01 12041 135
0.01 12042 135
0.01 12043 135
0.01 12044 135
0.01 12045 135
0.01 12046 135
0.01 12047 135
0.01 12048 135
0.01 12049 135
0.01 12050 135
0.01 12051 113
0.01 12052 129
0.01 12053 135
0.01 12054 135
0.01 12055 108
0.01 12056 113
0.01 12057 113
0.01 12058 118
0.01 12059 129
0.01 12060 124
0.01 12061 108
0.01 12062 118
0.01 12063 118
0.01 12064 118
0.01 12065 135
0.01 12066 135
0.01 12067 135
0.01 12068 113
0.01 12069 124
0.01 12070 135
0.01 12071 135
0.01 12072 135
0.01 12073 135
0.01 12074 135
0.01 12075 135
0.01 12076 135
0.01 12077 135
0.01 12078 135
0.01 12079 135
0.01 12080 135
0.01 12081 135
0.01 12082 135
0.01 12083 135
0.01 12084 108
0.01 12085 113
0.01 12086 124
0.01 12087 113
0.01 12088 113
0.01 12089 129
0.01 12090 135
0.01 12091 135
0.01 12092 135
0.01 12093 135
0.01 12094 135
0.01 12095 135
0.01 12096 135
0.01 12097 129
0.01 12098 135
0.01 12099 135
0.01 12100 135
0.01 12101 135
0.01 12102 135
0.01 12103 129
0.01 12104 135
0.01 12105 135
0.01 12106 135
0.01 12107 108
0.01 12108 124
0.01 12109 124
0.01 12110 129
0.01 12111 135
0.01 12112 118
0.01 12113 135
0.01 12114 135
0.01 12115 135
0.01 12116 135
0.01 12117 129
0.01 12118 135
0.01 12119 135
0.01 12120 135
0.01 12121 135
0.01 12122 113
0.01 12123 129
0.01 12124 135
0.01 12125 135
0.01 12126 135
0.01 12127 135
0.01 12128 113
0.01 12129 113
0.01 12130 113
0.01 12131 135
0.01 12132 135
0.01 12133 135
0.01 12134 135
0.01 12135 135
0.01 12136 135
0.01 12137 135
0.01 12138 108
0.01 12139 108
0.01 12140 108
0.01 12141 124
0.01 12142 135
0.01 12143 135
0.01 12144 129
0.01 12145 124
0.01 12146 135
0.01 12147 135
0.01 12148 135
0.01 12149 135
0.01 12150 135
0.01 12151 135
0.01 12152 135
0.01 12153 135
0.01 12154 135
0.01 12155 135
0.01 12156 118
0.01 12157 118
0.01 12158 118
0.01 12159 118
0.01 12160 118
0.01 12161 129
0.01 12162 113
0.01 12163 135
0.01 12164 135
0.01 12165 129
0.01 12166 135
0.01 12167 113
0.01 12168 113
0.01 12169 113
0.01 12170 113
0.01 12171 113
0.01 12172 113
0.01 12173 113
0.01 12174 135
0.01 12175 135
0.01 12176 118
0.01 12177 135
0.01 12178 135
0.01 12179 135
0.01 12180 135
0.01 12181 135
0.01 12182 135
0.01 12183 108
0.01 12184 108
0.01 12185 113
0.01 12186 113
0.01 12187 135
0.01 12188 113
0.01 12189 113
0.01 12190 135
0.01 12191 135
0.01 12192 135
0.01 12193 118
0.01 12194 135
0.01 12195 135
0.01 12196 135
0.01 12197 135
0.01 12198 135
0.01 12199 135
0.01 12200 118
0.01 12201 118
0.01 12202 135
0.01 12203 135
0.01 12204 135
0.01 12205 129
0.01 12206 113
0.01 12207 118
0.01 12208 135
0.01 12209 135
0.01 12210 108
0.01 12211 108
0.01 12212 108
0.01 12213 124
0.01 12214 124
0.01 12215 118
0.01 12216 113
0.01 12217 118
0.01 12218 129
0.01 12219 118
0.01 12220 118
0.01 12221 135
0.01 12222 135
0.01 12223 135
0.01 12224 113
0.01 12225 113
0.01 12226 113
0.01 12227 124
0.01 12228 124
0.01 12229 129
0.01 12230 108
0.01 12231 124
0.01 12232 108
0.01 12233 129
0.01 12234 135
0.01 12235 135
0.01 12236 118
0.01 12237 124
0.01 12238 135
0.01 12239 113
0.01 12240 113
0.01 12241 135
0.01 12242 135
0.01 12243 135
0.01 12244 135
0.01 12245 135
0.01 12246 135
0.01 12247 118
0.01 12248 135
0.01 12249 135
0.01 12250 135
0.01 12251 135
0.01 12252 135
0.01 12253 135
0.01 12254 129
0.01 12255 135
0.01 12256 135
0.01 12257 135
0.01 12258 135
0.01 12259 129
0.01 12260 113
0.01 12261 113
0.01 12262 113
0.01 12263 118
0.01 12264 135
0.01 12265 135
0.01 12266 135
0.01 12267 135
0.01 12268 135
0.01 12269 118
0.01 12270 135
0.01 12271 135
0.01 12272 135
0.01 12273 135
0.01 12274 135
0.01 12275 135
0.01 12276 108
0.01 12277 108
0.01 12278 108
0.01 12279 108
0.01 12280 108
0.01 12281 108
0.01 12282 108
0.01 12283 129
0.01 12284 135
0.01 12285 135
0.01 12286 135
0.01 12287 135
0.01 12288 135
0.01 12289 108
0.01 12290 113
0.01 12291 118
0.01 12292 135
0.01 12293 135
0.01 12294 135
0.01 12295 135
0.01 12296 118
0.01 12297 118
0.01 12298 124
0.01 12299 124
0.01 12300 124
0.01 12301 124
0.01 12302 124
0.01 12303 135
0.01 12304 135
0.01 12305 129
0.01 12306 113
0.01 12307 113
0.01 12308 113
0.01 12309 118
0.01 12310 118
0.01 12311 135
0.01 12312 118
0.01 12313 118
0.01 12314 135
0.01 12315 135
0.01 12316 135
0.01 12317 135
0.01 12318 135
0.01 12319 135
0.01 12320 129
0.01 12321 124
0.01 12322 124
0.01 12323 135
0.01 12324 135
0.01 12325 135
0.01 12326 135
0.01 12327 135
0.01 12328 135
0.01 12329 118
0.01 12330 118
0.01 12331 118
0.01 12332 129
0.01 12333 135
0.01 12334 135
0.01 12335 135
0.01 12336 108
0.01 12337 108
0.01 12338 108
0.01 12339 118
0.01 12340 135
0.01 12341 135
0.01 12342 118
0.01 12343 118
0.01 12344 118
0.01 12345 118
0.01 12346 124
0.01 12347 124
0.01 12348 135
0.01 12349 135
0.01 12350 135
0.01 12351 135
0.01 12352 135
0.01 12353 135
0.01 12354 135
0.01 12355 135
0.01 12356 108
0.01 12357 124
0.01 12358 113
0.01 12359 124
0.01 12360 124
0.01 12361 118
0.01 12362 124
0.01 12363 124
0.01 12364 113
0.01 12365 129
0.01 12366 113
0.01 12367 113
0.01 12368 113
0.01 12369 118
0.01 12370 118
0.01 12371 113
0.01 12372 113
0.01 12373 129
0.01 12374 135
0.01 12375 135
0.01 12376 113
0.01 12377 118
0.01 12378 118
0.01 12379 118
0.01 12380 118
0.01 12381 135
0.01 12382 135
0.01 12383 135
0.01 12384 124
0.01 12385 118
0.01 12386 135
0.01 12387 135
0.01 12388 135
0.01 12389 135
0.01 12390 135
0.01 12391 135
0.01 12392 135
0.01 12393 118
0.01 12394 129
0.01 12395 135
0.01 12396 135
0.01 12397 135
0.01 12398 135
0.01 12399 135
0.01 12400 135
0.01 12401 135
0.01 12402 129
0.01 12403 124
0.01 12404 124
0.01 12405 135
0.01 12406 135
0.01 12407 135
0.01 12408 135
0.01 12409 135
0.01 12410 135
0.01 12411 135
0.01 12412 135
0.01 12413 135
0.01 12414 118
0.01 12415 118
0.01 12416 118
0.01 12417 118
0.01 12418 118
0.01 12419 118
0.01 12420 118
0.01 12421 118
0.01 12422 135
0.01 12423 135
0.01 12424 135
0.01 12425 135
0.01 12426 135
0.01 12427 135
0.01 12428 135
0.01 12429 135
0.01 12430 135
0.01 12431 113
0.01 12432 124
0.01 12433 129
0.01 12434 129
0.01 12435 135
0.01 12436 135
0.01 12437 118
0.01 12438 135
0.01 12439 135
0.01 12440 135
0.01 12441 124
0.01 12442 124
0.01 12443 124
0.01 12444 124
0.01 12445 124
0.01 12446 129
0.01 12447 129
0.01 12448 135
0.01 12449 135
0.01 12450 108
0.01 12451 108
0.01 12452 108
0.01 12453 108
0.01 12454 118
0.01 12455 118
0.01 12456 118
0.01 12457 135
0.01 12458 135
0.01 12459 135
0.01 12460 135
0.01 12461 135
0.01 12462 113
0.01 12463 129
0.01 12464 135
0.01 12465 135
0.01 12466 118
0.01 12467 129
0.01 12468 129
0.01 12469 135
0.01 12470 124
0.01 12471 124
0.01 12472 135
0.01 12473 135
0.01 12474 135
0.01 12475 135
0.01 12476 135
0.01 12477 135
0.01 12478 135
0.01 12479 135
0.01 12480 129
0.01 12481 135
0.01 12482 118
0.01 12483 129
0.01 12484 129
0.01 12485 108
0.01 12486 129
0.01 12487 135
0.01 12488 118
0.01 12489 113
0.01 12490 118
0.01 12491 108
0.01 12492 113
0.01 12493 124
0.01 12494 113
0.01 12495 113
0.01 12496 124
0.01 12497 124
0.01 12498 135
0.01 12499 135
0.01 12500 135
0.01 12501 108
0.01 12502 129
0.01 12503 135
0.01 12504 135
0.01 12505 135
0.01 12506 135
0.01 12507 135
0.01 12508 113
0.01 12509 113
0.01 12510 135
0.01 12511 135
0.01 12512 135
0.01 12513 135
0.01 12514 113
0.01 12515 135
0.01 12516 129
0.01 12517 135
0.01 12518 113
0.01 12519 129
0.01 12520 135
0.01 12521 124
0.01 12522 135
0.01 12523 135
0.01 12524 135
0.01 12525 135
0.01 12526 118
0.01 12527 108
0.01 12528 118
0.01 12529 108
0.01 12530 135
0.01 12531 135
0.01 12532 135
0.01 12533 135
0.01 12534 135
0.01 12535 135
0.01 12536 135
0.01 12537 124
0.01 12538 135
0.01 12539 135
0.01 12540 135
0.01 12541 135
0.01 12542 135
0.01 12543 135
0.01 12544 135
0.01 12545 135
0.01 12546 135
0.01 12547 129
0.01 12548 135
0.01 12549 135
0.01 12550 135
0.01 12551 135
0.01 12552 135
0.01 12553 135
0.01 12554 135
0.01 12555 135
0.01 12556 135
0.01 12557 135
0.01 12558 113
0.01 12559 113
0.01 12560 108
0.01 12561 113
0.01 12562 129
0.01 12563 113
0.01 12564 124
0.01 12565 118
0.01 12566 118
0.01 12567 135
0.01 12568 118
0.01 12569 118
0.01 12570 135
0.01 12571 135
0.01 12572 135
0.01 12573 135
0.01 12574 135
0.01 12575 124
0.01 12576 129
0.01 12577 129
0.01 12578 135
0.01 12579 135
0.01 12580 124
0.01 12581 135
0.01 12582 135
0.01 12583 135
0.01 12584 135
0.01 12585 135
0.01 12586 135
0.01 12587 135
0.01 12588 135
0.01 12589 135
0.01 12590 135
0.01 12591 129
0.01 12592 135
0.01 12593 135
0.01 12594 129
0.01 12595 129
0.01 12596 135
0.01 12597 135
0.01 12598 129
0.01 12599 129
0.01 12600 135
0.01 12601 135
0.01 12602 135
0.01 12603 135
0.01 12604 135
0.01 12605 135
0.01 12606 135
0.01 12607 129
0.01 12608 118
0.01 12609 129
0.01 12610 135
0.01 12611 135
0.01 12612 108
0.01 12613 135
0.01 12614 135
0.01 12615 135
0.01 12616 135
0.01 12617 129
0.01 12618 135
0.01 12619 135
0.01 12620 135
0.01 12621 135
0.01 12622 135
0.01 12623 135
0.01 12624 135
0.01 12625 135
0.01 12626 135
0.01 12627 135
0.01 12628 113
0.01 12629 113
0.01 12630 113
0.01 12631 124
0.01 12632 135
0.01 12633 135
0.01 12634 135
0.01 12635 135
0.01 12636 135
0.01 12637 135
0.01 12638 129
0.01 12639 135
0.01 12640 135
0.01 12641 113
0.01 12642 129
0.01 12643 129
0.01 12644 118
0.01 12645 113
0.01 12646 113
0.01 12647 135
0.01 12648 124
0.01 12649 135
0.01 12650 135
0.01 12651 135
0.01 12652 135
0.01 12653 108
0.01 12654 124
0.01 12655 124
0.01 12656 129
0.01 12657 124
0.01 12658 124
0.01 12659 118
0.01 12660 108
0.01 12661 108
0.01 12662 129
0.01 12663 129
0.01 12664 135
0.01 12665 118
0.01 12666 124
0.01 12667 124
0.01 12668 135
0.01 12669 135
0.01 12670 135
0.01 12671 135
0.01 12672 135
0.01 12673 135
0.01 12674 129
0.01 12675 118
0.01 12676 124
0.01 12677 135
0.01 12678 135
0.01 12679 135
0.01 12680 135
0.01 12681 135
0.01 12682 124
0.01 12683 124
0.01 12684 135
0.01 12685 135
0.01 12686 113
0.01 12687 108
0.01 12688 108
0.01 12689 113
0.01 12690 113
0.01 12691 113
0.01 12692 135
0.01 12693 129
0.01 12694 135
0.01 12695 113
0.01 12696 113
0.01 12697 113
0.01 12698 135
0.01 12699 135
0.01 12700 135
0.01 12701 135
0.01 12702 113
0.01 12703 124
0.01 12704 135
0.01 12705 135
0.01 12706 124
0.01 12707 129
0.01 12708 135
0.01 12709 135
0.01 12710 135
0.01 12711 135
0.01 12712 135
0.01 12713 135
0.01 12714 118
0.01 12715 118
0.01 12716 108
0.01 12717 118
0.01 12718 118
0.01 12719 124
0.01 12720 135
0.01 12721 118
0.01 12722 129
0.01 12723 135
0.01 12724 118
0.01 12725 135
0.01 12726 135
0.01 12727 135
0.01 12728 135
0.01 12729 113
0.01 12730 118
0.01 12731 118
0.01 12732 135
0.01 12733 135
0.01 12734 135
0.01 12735 135
0.01 12736 135
0.01 12737 135
0.01 12738 113
0.01 12739 118
0.01 12740 135
0.01 12741 135
0.01 12742 135
0.01 12743 135
0.01 12744 135
0.01 12745 118
0.01 12746 129
0.01 12747 113
0.01 12748 135
0.01 12749 135
0.01 12750 135
0.01 12751 135
0.01 12752 135
0.01 12753 135
0.01 12754 118
0.01 12755 124
0.01 12756 124
0.01 12757 135
0.01 12758 129
0.01 12759 135
0.01 12760 135
0.01 12761 118
0.01 12762 124
0.01 12763 135
0.01 12764 118
0.01 12765 129
0.01 12766 129
0.01 12767 135
0.01 12768 113
0.01 12769 118
0.01 12770 118
0.01 12771 118
0.01 12772 118
0.01 12773 118
0.01 12774 129
0.01 12775 135
0.01 12776 129
0.01 12777 118
0.01 12778 124
0.01 12779 124
0.01 12780 135
0.01 12781 135
0.01 12782 135
0.01 12783 135
0.01 12784 118
0.01 12785 124
0.01 12786 135
0.01 12787 135
0.01 12788 135
0.01 12789 124
0.01 12790 135
0.01 12791 135
0.01 12792 135
0.01 12793 135
0.01 12794 135
0.01 12795 135
0.01 12796 135
0.01 12797 135
0.01 12798 135
0.01 12799 135
0.01 12800 135
0.01 12801 135
0.01 12802 135
0.01 12803 135
0.01 12804 135
0.01 12805 135
0.01 12806 118
0.01 12807 135
0.01 12808 135
0.01 12809 135
0.01 12810 129
0.01 12811 124
0.01 12812 124
0.01 12813 113
0.01 12814 135
0.01 12815 135
0.01 12816 135
0.01 12817 135
0.01 12818 135
0.01 12819 135
0.01 12820 135
0.01 12821 135
0.01 12822 135
0.01 12823 135
0.01 12824 135
0.01 12825 124
0.01 12826 124
0.01 12827 135
0.01 12828 135
0.01 12829 135
0.01 12830 135
0.01 12831 135
0.01 12832 135
0.01 12833 135
0.01 12834 135
0.01 12835 135
0.01 12836 135
0.01 12837 135
0.01 12838 135
0.01 12839 135
0.01 12840 135
0.01 12841 135
0.01 12842 135
0.01 12843 135
0.01 12844 135
0.01 12845 135
0.01 12846 135
0.01 12847 118
0.01 12848 135
0.01 12849 135
0.01 12850 108
0.01 12851 129
0.01 12852 135
0.01 12853 135
0.01 12854 135
0.01 12855 135
0.01 12856 118
0.01 12857 118
0.01 12858 124
0.01 12859 135
0.01 12860 135
0.01 12861 135
0.01 12862 113
0.01 12863 135
0.01 12864 135
0.01 12865 135
0.01 12866 135
0.01 12867 135
0.01 12868 135
0.01 12869 135
0.01 12870 108
0.01 12871 108
0.01 12872 129
0.01 12873 135
0.01 12874 135
0.01 12875 135
0.01 12876 135
0.01 12877 118
0.01 12878 108
0.01 12879 129
0.01 12880 118
0.01 12881 135
0.01 12882 135
0.01 12883 135
0.01 12884 118
0.01 12885 118
0.01 12886 118
0.01 12887 108
0.01 12888 124
0.01 12889 113
0.01 12890 118
0.01 12891 124
0.01 12892 124
0.01 12893 135
0.01 12894 135
0.01 12895 135
0.01 12896 135
0.01 12897 135
0.01 12898 135
0.01 12899 135
0.01 12900 135
0.01 12901 118
0.01 12902 118
0.01 12903 118
0.01 12904 118
0.01 12905 135
0.01 12906 135
0.01 12907 135
0.01 12908 135
0.01 12909 118
0.01 12910 124
0.01 12911 124
0.01 12912 135
0.01 12913 124
0.01 12914 124
0.01 12915 135
0.01 12916 135
0.01 12917 135
0.01 12918 135
0.01 12919 113
0.01 12920 135
0.01 12921 135
0.01 12922 135
0.01 12923 135
0.01 12924 135
0.01 12925 135
0.01 12926 135
0.01 12927 135
0.01 12928 135
0.01 12929 124
0.01 12930 129
0.01 12931 135
0.01 12932 135
0.01 12933 135
0.01 12934 135
0.01 12935 135
0.01 12936 135
0.01 12937 135
0.01 12938 135
0.01 12939 135
0.01 12940 108
0.01 12941 108
0.01 12942 124
0.01 12943 113
0.01 12944 129
0.01 12945 135
0.01 12946 118
0.01 12947 118
0.01 12948 118
0.01 12949 135
0.01 12950 124
0.01 12951 124
0.01 12952 129
0.01 12953 124
0.01 12954 135
0.01 12955 129
0.01 12956 113
0.01 12957 113
0.01 12958 135
0.01 12959 135
0.01 12960 129
0.01 12961 135
0.01 12962 135
0.01 12963 135
0.01 12964 135
0.01 12965 135
0.01 12966 113
0.01 12967 124
0.01 12968 135
0.01 12969 135
0.01 12970 135
0.01 12971 124
0.01 12972 113
0.01 12973 113
0.01 12974 118
0.01 12975 118
0.01 12976 118
0.01 12977 118
0.01 12978 124
0.01 12979 124
0.01 12980 124
0.01 12981 129
0.01 12982 135
0.01 12983 129
0.01 12984 135
0.01 12985 135
0.01 12986 135
0.01 12987 113
0.01 12988 113
0.01 12989 135
0.01 12990 135
0.01 12991 135
0.01 12992 135
0.01 12993 113
0.01 12994 118
0.01 12995 124
0.01 12996 135
0.01 12997 124
0.01 12998 124
0.01 12999 124
0.01 13000 129
0.01 13001 113
0.01 13002 118
0.01 13003 118
0.01 13004 118
0.01 13005 124
0.01 13006 135
0.01 13007 135
0.01 13008 135
0.01 13009 113
0.01 13010 124
0.01 13011 124
0.01 13012 135
0.01 13013 113
0.01 13014 113
0.01 13015 135
0.01 13016 124
0.01 13017 135
0.01 13018 135
0.01 13019 135
0.01 13020 135
0.01 13021 135
0.01 13022 135
0.01 13023 135
0.01 13024 108
0.01 13025 118
0.01 13026 124
0.01 13027 118
0.01 13028 135
0.01 13029 113
0.01 13030 124
0.01 13031 129
0.01 13032 135
0.01 13033 135
0.01 13034 135
0.01 13035 135
0.01 13036 135
0.01 13037 135
0.01 13038 135
0.01 13039 135
0.01 13040 135
0.01 13041 135
0.01 13042 135
0.01 13043 135
0.01 13044 135
0.01 13045 135
0.01 13046 135
0.01 13047 135
0.01 13048 135
0.01 13049 118
0.01 13050 124
0.01 13051 135
0.01 13052 135
0.01 13053 135
0.01 13054 108
0.01 13055 113
0.01 13056 129
0.01 13057 135
0.01 13058 124
0.01 13059 124
0.01 13060 135
0.01 13061 135
0.01 13062 113
0.01 13063 113
0.01 13064 113
0.01 13065 118
0.01 13066 118
0.01 13067 135
0.01 13068 135
0.01 13069 135
0.01 13070 135
0.01 13071 135
0.01 13072 135
0.01 13073 124
0.01 13074 108
0.01 13075 124
0.01 13076 124
0.01 13077 118
0.01 13078 135
0.01 13079 135
0.01 13080 135
0.01 13081 118
0.01 13082 118
0.01 13083 124
0.01 13084 124
0.01 13085 118
0.01 13086 135
0.01 13087 135
0.01 13088 118
0.01 13089 124
0.01 13090 108
0.01 13091 108
0.01 13092 129
0.01 13093 135
0.01 13094 135
0.01 13095 124
0.01 13096 135
0.01 13097 135
0.01 13098 113
0.01 13099 124
0.01 13100 118
0.01 13101 135
0.01 13102 135
0.01 13103 135
0.01 13104 135
0.01 13105 135
0.01 13106 135
0.01 13107 135
0.01 13108 108
0.01 13109 108
0.01 13110 108
0.01 13111 113
0.01 13112 113
0.01 13113 135
0.01 13114 135
0.01 13115 113
0.01 13116 124
0.01 13117 135
0.01 13118 113
0.01 13119 135
0.01 13120 135
0.01 13121 135
0.01 13122 135
0.01 13123 135
0.01 13124 135
0.01 13125 124
0.01 13126 118
0.01 13127 124
0.01 13128 135
0.01 13129 108
0.01 13130 135
0.01 13131 118
0.01 13132 129
0.01 13133 113
0.01 13134 113
0.01 13135 135
0.01 13136 135
0.01 13137 135
0.01 13138 135
0.01 13139 135
0.01 13140 135
0.01 13141 129
0.01 13142 135
0.01 13143 113
0.01 13144 113
0.01 13145 113
0.01 13146 113
0.01 13147 124
0.01 13148 113
0.01 13149 113
0.01 13150 113
0.01 13151 118
0.01 13152 135
0.01 13153 135
0.01 13154 135
0.01 13155 135
0.01 13156 129
0.01 13157 135
0.01 13158 135
0.01 13159 135
0.01 13160 135
0.01 13161 135
0.01 13162 135
0.01 13163 135
0.01 13164 135
0.01 13165 135
0.01 13166 135
0.01 13167 135
0.01 13168 135
0.01 13169 135
0.01 13170 129
0.01 13171 129
0.01 13172 135
0.01 13173 113
0.01 13174 113
0.01 13175 113
0.01 13176 124
0.01 13177 124
0.01 13178 129
0.01 13179 113
0.01 13180 113
0.01 13181 113
0.01 13182 113
0.01 13183 135
0.01 13184 135
0.01 13185 129
0.01 13186 129
0.01 13187 135
0.01 13188 135
0.01 13189 135
0.01 13190 135
0.01 13191 135
0.01 13192 135
0.01 13193 135
0.01 13194 113
0.01 13195 113
0.01 13196 118
0.01 13197 135
0.01 13198 135
0.01 13199 135
0.01 13200 118
0.01 13201 118
0.01 13202 118
0.01 13203 135
0.01 13204 118
0.01 13205 118
0.01 13206 118
0.01 13207 135
0.01 13208 135
0.01 13209 135
0.01 13210 135
0.01 13211 135
0.01 13212 135
0.01 13213 135
0.01 13214 129
0.01 13215 129
0.01 13216 129
0.01 13217 113
0.01 13218 113
0.01 13219 129
0.01 13220 129
0.01 13221 135
0.01 13222 108
0.01 13223 124
0.01 13224 108
0.01 13225 124
0.01 13226 124
0.01 13227 108
0.01 13228 129
0.01 13229 135
0.01 13230 124
0.01 13231 135
0.01 13232 135
0.01 13233 135
0.01 13234 135
0.01 13235 135
0.01 13236 135
0.01 13237 129
0.01 13238 135
0.01 13239 113
0.01 13240 118
0.01 13241 113
0.01 13242 113
0.01 13243 118
0.01 13244 135
0.01 13245 135
0.01 13246 135
0.01 13247 135
0.01 13248 118
0.01 13249 118
0.01 13250 118
0.01 13251 129
0.01 13252 129
0.01 13253 135
0.01 13254 129
0.01 13255 135
0.01 13256 135
0.01 13257 135
0.01 13258 135
0.01 13259 135
0.01 13260 135
0.01 13261 129
0.01 13262 129
0.01 13263 135
0.01 13264 135
0.01 13265 129
0.01 13266 129
0.01 13267 135
0.01 13268 113
0.01 13269 124
0.01 13270 135
0.01 13271 135
0.01 13272 135
0.01 13273 135
0.01 13274 135
0.01 13275 135
0.01 13276 135
0.01 13277 108
0.01 13278 108
0.01 13279 108
0.01 13280 108
0.01 13281 129
0.01 13282 135
0.01 13283 135
0.01 13284 124
0.01 13285 113
0.01 13286 129
0.01 13287 135
0.01 13288 108
0.01 13289 108
0.01 13290 129
0.01 13291 124
0.01 13292 135
0.01 13293 118
0.01 13294 135
0.01 13295 135
0.01 13296 113
0.01 13297 118
0.01 13298 118
0.01 13299 135
0.01 13300 135
0.01 13301 135
0.01 13302 118
0.01 13303 118
0.01 13304 118
0.01 13305 118
0.01 13306 124
0.01 13307 118
0.01 13308 118
0.01 13309 135
0.01 13310 135
0.01 13311 124
0.01 13312 135
0.01 13313 135
0.01 13314 113
0.01 13315 118
0.01 13316 135
0.01 13317 135
0.01 13318 135
0.01 13319 113
0.01 13320 113
0.01 13321 113
0.01 13322 113
0.01 13323 129
0.01 13324 129
0.01 13325 135
0.01 13326 135
0.01 13327 135
0.01 13328 113
0.01 13329 113
0.01 13330 124
0.01 13331 124
0.01 13332 135
0.01 13333 135
0.01 13334 124
0.01 13335 108
0.01 13336 135
0.01 13337 113
0.01 13338 113
0.01 13339 135
0.01 13340 113
0.01 13341 118
0.01 13342 135
0.01 13343 124
0.01 13344 118
0.01 13345 118
0.01 13346 129
0.01 13347 135
0.01 13348 135
0.01 13349 135
0.01 13350 135
0.01 13351 135
0.01 13352 135
0.01 13353 135
0.01 13354 135
0.01 13355 135
0.01 13356 135
0.01 13357 135
0.01 13358 135
0.01 13359 135
0.01 13360 135
0.01 13361 135
0.01 13362 135
0.01 13363 135
0.01 13364 135
0.01 13365 113
0.01 13366 113
0.01 13367 113
0.01 13368 113
0.01 13369 135
0.01 13370 135
0.01 13371 118
0.01 13372 108
0.01 13373 108
0.01 13374 108
0.01 13375 113
0.01 13376 118
0.01 13377 135
0.01 13378 135
0.01 13379 108
0.01 13380 113
0.01 13381 124
0.01 13382 124
0.01 13383 113
0.01 13384 113
0.01 13385 118
0.01 13386 124
0.01 13387 124
0.01 13388 129
0.01 13389 135
0.01 13390 135
0.01 13391 135
0.01 13392 135
0.01 13393 135
0.01 13394 113
0.01 13395 113
0.01 13396 129
0.01 13397 124
0.01 13398 135
0.01 13399 135
0.01 13400 135
0.01 13401 113
0.01 13402 113
0.01 13403 118
0.01 13404 129
0.01 13405 124
0.01 13406 124
0.01 13407 124
0.01 13408 129
0.01 13409 135
0.01 13410 135
0.01 13411 135
0.01 13412 135
0.01 13413 135
0.01 13414 135
0.01 13415 135
0.01 13416 135
0.01 13417 135
0.01 13418 135
0.01 13419 135
0.01 13420 135
0.01 13421 135
0.01 13422 118
0.01 13423 135
0.01 13424 135
0.01 13425 135
0.01 13426 113
0.01 13427 124
0.01 13428 135
0.01 13429 135
0.01 13430 135
0.01 13431 135
0.01 13432 135
0.01 13433 135
0.01 13434 113
0.01 13435 124
0.01 13436 124
0.01 13437 135
0.01 13438 129
0.01 13439 129
0.01 13440 135
0.01 13441 135
0.01 13442 135
0.01 13443 135
0.01 13444 135
0.01 13445 135
0.01 13446 135
0.01 13447 135
0.01 13448 135
0.01 13449 135
0.01 13450 135
0.01 13451 135
0.01 13452 135
0.01 13453 135
0.01 13454 135
0.01 13455 135
0.01 13456 135
0.01 13457 135
0.01 13458 124
0.01 13459 124
0.01 13460 135
0.01 13461 135
0.01 13462 118
0.01 13463 118
0.01 13464 135
0.01 13465 135
0.01 13466 113
0.01 13467 113
0.01 13468 135
0.01 13469 135
0.01 13470 135
0.01 13471 108
0.01 13472 113
0.01 13473 124
0.01 13474 135
0.01 13475 135
0.01 13476 135
0.01 13477 113
0.01 13478 113
0.01 13479 135
0.01 13480 135
0.01 13481 135
0.01 13482 135
0.01 13483 135
0.01 13484 135
0.01 13485 135
0.01 13486 113
0.01 13487 135
0.01 13488 135
0.01 13489 108
0.01 13490 108
0.01 13491 108
0.01 13492 118
0.01 13493 118
0.01 13494 118
0.01 13495 108
0.01 13496 108
0.01 13497 108
0.01 13498 129
0.01 13499 129
0.01 13500 113
0.01 13501 124
0.01 13502 108
0.01 13503 113
0.01 13504 113
0.01 13505 113
0.01 13506 129
0.01 13507 135
0.01 13508 129
0.01 13509 135
0.01 13510 135
0.01 13511 135
0.01 13512 135
0.01 13513 135
0.01 13514 135
0.01 13515 135
0.01 13516 124
0.01 13517 124
0.01 13518 124
0.01 13519 124
0.01 13520 124
0.01 13521 113
0.01 13522 135
0.01 13523 135
0.01 13524 135
0.01 13525 135
0.01 13526 118
0.01 13527 124
0.01 13528 124
0.01 13529 135
0.01 13530 135
0.01 13531 135
0.01 13532 135
0.01 13533 135
0.01 13534 135
0.01 13535 135
0.01 13536 135
0.01 13537 135
0.01 13538 129
0.01 13539 135
0.01 13540 135
0.01 13541 135
0.01 13542 135
0.01 13543 135
0.01 13544 135
0.01 13545 135
0.01 13546 135
0.01 13547 135
0.01 13548 135
0.01 13549 135
0.01 13550 135
0.01 13551 135
0.01 13552 135
0.01 13553 129
0.01 13554 135
0.01 13555 113
0.01 13556 113
0.01 13557 113
0.01 13558 113
0.01 13559 113
0.01 13560 113
0.01 13561 113
0.01 13562 118
0.01 13563 135
0.01 13564 135
0.01 13565 108
0.01 13566 113
0.01 13567 129
0.01 13568 129
0.01 13569 135
0.01 13570 135
0.01 13571 135
0.01 13572 135
0.01 13573 135
0.01 13574 135
0.01 13575 135
0.01 13576 135
0.01 13577 135
0.01 13578 118
0.01 13579 124
0.01 13580 124
0.01 13581 135
0.01 13582 135
0.01 13583 135
0.01 13584 135
0.01 13585 135
0.01 13586 135
0.01 13587 118
0.01 13588 118
0.01 13589 135
0.01 13590 135
0.01 13591 135
0.01 13592 124
0.01 13593 129
0.01 13594 129
0.01 13595 129
0.01 13596 135
0.01 13597 135
0.01 13598 118
0.01 13599 118
0.01 13600 118
0.01 13601 135
0.01 13602 135
0.01 13603 135
0.01 13604 135
0.01 13605 135
0.01 13606 108
0.01 13607 124
0.01 13608 124
0.01 13609 124
0.01 13610 129
0.01 13611 135
0.01 13612 135
0.01 13613 135
0.01 13614 135
0.01 13615 135
0.01 13616 135
0.01 13617 135
0.01 13618 118
0.01 13619 118
0.01 13620 129
0.01 13621 135
0.01 13622 129
0.01 13623 129
0.01 13624 135
0.01 13625 118
0.01 13626 129
0.01 13627 135
0.01 13628 135
0.01 13629 135
0.01 13630 135
0.01 13631 135
0.01 13632 118
0.01 13633 129
0.01 13634 135
0.01 13635 135
0.01 13636 135
0.01 13637 135
0.01 13638 124
0.01 13639 135
0.01 13640 129
0.01 13641 129
0.01 13642 129
0.01 13643 118
0.01 13644 118
0.01 13645 129
0.01 13646 135
0.01 13647 135
0.01 13648 113
0.01 13649 113
0.01 13650 129
0.01 13651 135
0.01 13652 135
0.01 13653 135
0.01 13654 135
0.01 13655 135
0.01 13656 135
0.01 13657 135
0.01 13658 135
0.01 13659 135
0.01 13660 135
0.01 13661 129
0.01 13662 118
0.01 13663 124
0.01 13664 124
0.01 13665 124
0.01 13666 124
0.01 13667 118
0.01 13668 113
0.01 13669 113
0.01 13670 118
0.01 13671 108
0.01 13672 113
0.01 13673 135
0.01 13674 135
0.01 13675 129
0.01 13676 135
0.01 13677 135
0.01 13678 124
0.01 13679 135
0.01 13680 135
0.01 13681 135
0.01 13682 135
0.01 13683 113
0.01 13684 113
0.01 13685 118
0.01 13686 118
0.01 13687 118
0.01 13688 135
0.01 13689 135
0.01 13690 135
0.01 13691 124
0.01 13692 124
0.01 13693 124
0.01 13694 135
0.01 13695 113
0.01 13696 113
0.01 13697 124
0.01 13698 124
0.01 13699 118
0.01 13700 118
0.01 13701 135
0.01 13702 135
0.01 13703 135
0.01 13704 135
0.01 13705 108
0.01 13706 135
0.01 13707 135
0.01 13708 135
0.01 13709 108
0.01 13710 129
0.01 13711 129
0.01 13712 124
0.01 13713 118
0.01 13714 129
0.01 13715 118
0.01 13716 129
0.01 13717 135
0.01 13718 135
0.01 13719 113
0.01 13720 113
0.01 13721 113
0.01 13722 118
0.01 13723 135
0.01 13724 135
0.01 13725 113
0.01 13726 113
0.01 13727 118
0.01 13728 108
0.01 13729 113
0.01 13730 113
0.01 13731 113
0.01 13732 118
0.01 13733 118
0.01 13734 118
0.01 13735 118
0.01 13736 129
0.01 13737 135
0.01 13738 135
0.01 13739 135
0.01 13740 135
0.01 13741 129
0.01 13742 135
0.01 13743 135
0.01 13744 135
0.01 13745 113
0.01 13746 113
0.01 13747 129
0.01 13748 135
0.01 13749 135
0.01 13750 113
0.01 13751 124
0.01 13752 124
0.01 13753 124
0.01 13754 124
0.01 13755 135
0.01 13756 124
0.01 13757 135
0.01 13758 135
0.01 13759 135
0.01 13760 135
0.01 13761 135
0.01 13762 135
0.01 13763 135
0.01 13764 118
0.01 13765 135
0.01 13766 135
0.01 13767 118
0.01 13768 118
0.01 13769 118
0.01 13770 135
0.01 13771 135
0.01 13772 135
0.01 13773 135
0.01 13774 113
0.01 13775 135
0.01 13776 108
0.01 13777 129
0.01 13778 135
0.01 13779 118
0.01 13780 129
0.01 13781 129
0.01 13782 135
0.01 13783 135
0.01 13784 118
0.01 13785 113
0.01 13786 113
0.01 13787 124
0.01 13788 135
0.01 13789 135
0.01 13790 135
0.01 13791 124
0.01 13792 118
0.01 13793 118
0.01 13794 118
0.01 13795 129
0.01 13796 135
0.01 13797 124
0.01 13798 113
0.01 13799 113
0.01 13800 113
0.01 13801 113
0.01 13802 113
0.01 13803 118
0.01 13804 118
0.01 13805 124
0.01 13806 113
0.01 13807 113
0.01 13808 118
0.01 13809 129
0.01 13810 129
0.01 13811 135
0.01 13812 135
0.01 13813 135
0.01 13814 135
0.01 13815 108
0.01 13816 129
0.01 13817 129
0.01 13818 108
0.01 13819 108
0.01 13820 135
0.01 13821 135
0.01 13822 135
0.01 13823 124
0.01 13824 129
0.01 13825 135
0.01 13826 135
0.01 13827 113
0.01 13828 113
0.01 13829 108
0.01 13830 108
0.01 13831 108
0.01 13832 135
0.01 13833 135
0.01 13834 135
0.01 13835 135
0.01 13836 124
0.01 13837 135
0.01 13838 135
0.01 13839 129
0.01 13840 135
0.01 13841 135
0.01 13842 135
0.01 13843 135
0.01 13844 135
0.01 13845 135
0.01 13846 124
0.01 13847 108
0.01 13848 118
0.01 13849 118
0.01 13850 124
0.01 13851 113
0.01 13852 118
0.01 13853 135
0.01 13854 135
0.01 13855 135
0.01 13856 135
0.01 13857 135
0.01 13858 135
0.01 13859 135
0.01 13860 135
0.01 13861 135
0.01 13862 135
0.01 13863 135
0.01 13864 135
0.01 13865 124
0.01 13866 135
0.01 13867 135
0.01 13868 113
0.01 13869 135
0.01 13870 135
0.01 13871 135
0.01 13872 135
0.01 13873 113
0.01 13874 129
0.01 13875 135
0.01 13876 135
0.01 13877 113
0.01 13878 135
0.01 13879 135
0.01 13880 118
0.01 13881 135
0.01 13882 135
0.01 13883 135
0.01 13884 135
0.01 13885 135
0.01 13886 124
0.01 13887 124
0.01 13888 124
0.01 13889 135
0.01 13890 135
0.01 13891 135
0.01 13892 135
0.01 13893 135
0.01 13894 135
0.01 13895 135
0.01 13896 135
0.01 13897 135
0.01 13898 135
0.01 13899 135
0.01 13900 135
0.01 13901 135
0.01 13902 108
0.01 13903 108
0.01 13904 118
0.01 13905 124
0.01 13906 124
0.01 13907 129
0.01 13908 135
0.01 13909 135
0.01 13910 135
0.01 13911 135
0.01 13912 135
0.01 13913 135
0.01 13914 135
0.01 13915 135
0.01 13916 135
0.01 13917 135
0.01 13918 135
0.01 13919 135
0.01 13920 135
0.01 13921 113
0.01 13922 135
0.01 13923 135
0.01 13924 135
0.01 13925 135
0.01 13926 118
0.01 13927 118
0.01 13928 135
0.01 13929 108
0.01 13930 129
0.01 13931 118
0.01 13932 118
0.01 13933 135
0.01 13934 124
0.01 13935 135
0.01 13936 135
0.01 13937 135
0.01 13938 135
0.01 13939 135
0.01 13940 135
0.01 13941 135
0.01 13942 135
0.01 13943 135
0.01 13944 113
0.01 13945 113
0.01 13946 113
0.01 13947 135
0.01 13948 135
0.01 13949 135
0.01 13950 135
0.01 13951 135
0.01 13952 135
0.01 13953 129
0.01 13954 129
0.01 13955 135
0.01 13956 135
0.01 13957 135
0.01 13958 135
0.01 13959 135
0.01 13960 135
0.01 13961 135
0.01 13962 124
0.01 13963 124
0.01 13964 129
0.01 13965 129
0.01 13966 129
0.01 13967 135
0.01 13968 135
0.01 13969 124
0.01 13970 118
0.01 13971 129
0.01 13972 129
0.01 13973 135
0.01 13974 135
0.01 13975 135
0.01 13976 135
0.01 13977 135
0.01 13978 135
0.01 13979 135
0.01 13980 129
0.01 13981 135
0.01 13982 135
0.01 13983 135
0.01 13984 135
0.01 13985 118
0.01 13986 135
0.01 13987 118
0.01 13988 135
0.01 13989 135
0.01 13990 135
0.01 13991 135
0.01 13992 135
0.01 13993 129
0.01 13994 129
0.01 13995 113
0.01 13996 135
0.01 13997 135
0.01 13998 113
0.01 13999 108
0.01 14000 108
0.01 14001 124
0.01 14002 135
0.01 14003 135
0.01 14004 108
0.01 14005 118
0.01 14006 129
0.01 14007 135
0.01 14008 118
0.01 14009 118
0.01 14010 129
0.01 14011 135
0.01 14012 135
0.01 14013 135
0.01 14014 135
0.01 14015 135
0.01 14016 135
0.01 14017 113
0.01 14018 113
0.01 14019 135
0.01 14020 135
0.01 14021 124
0.01 14022 124
0.01 14023 135
0.01 14024 135
0.01 14025 135
0.01 14026 135
0.01 14027 129
0.01 14028 135
0.01 14029 135
0.01 14030 135
0.01 14031 135
0.01 14032 124
0.01 14033 135
0.01 14034 135
0.01 14035 118
0.01 14036 118
0.01 14037 108
0.01 14038 118
0.01 14039 113
0.01 14040 113
0.01 14041 113
0.01 14042 113
0.01 14043 113
0.01 14044 118
0.01 14045 118
0.01 14046 118
0.01 14047 118
0.01 14048 135
0.01 14049 108
0.01 14050 124
0.01 14051 113
0.01 14052 135
0.01 14053 135
0.01 14054 135
0.01 14055 135
0.01 14056 124
0.01 14057 118
0.01 14058 108
0.01 14059 113
0.01 14060 135
0.01 14061 129
0.01 14062 135
0.01 14063 135
0.01 14064 135
0.01 14065 135
0.01 14066 135
0.01 14067 129
0.01 14068 135
0.01 14069 135
0.01 14070 135
0.01 14071 135
0.01 14072 124
0.01 14073 129
0.01 14074 113
0.01 14075 124
0.01 14076 135
0.01 14077 135
0.01 14078 135
0.01 14079 135
0.01 14080 135
0.01 14081 135
0.01 14082 135
0.01 14083 124
0.01 14084 135
0.01 14085 135
0.01 14086 135
0.01 14087 135
0.01 14088 135
0.01 14089 118
0.01 14090 129
0.01 14091 135
0.01 14092 135
0.01 14093 124
0.01 14094 124
0.01 14095 135
0.01 14096 135
0.01 14097 135
0.01 14098 135
0.01 14099 108
0.01 14100 135
0.01 14101 129
0.01 14102 135
0.01 14103 135
0.01 14104 135
0.01 14105 135
0.01 14106 135
0.01 14107 108
0.01 14108 113
0.01 14109 113
0.01 14110 124
0.01 14111 135
0.01 14112 135
0.01 14113 135
0.01 14114 135
0.01 14115 135
0.01 14116 108
0.01 14117 113
0.01 14118 118
0.01 14119 135
0.01 14120 135
0.01 14121 135
0.01 14122 124
0.01 14123 124
0.01 14124 135
0.01 14125 118
0.01 14126 135
0.01 14127 118
0.01 14128 124
0.01 14129 118
0.01 14130 135
0.01 14131 135
0.01 14132 135
0.01 14133 135
0.01 14134 135
0.01 14135 124
0.01 14136 135
0.01 14137 135
0.01 14138 135
0.01 14139 135
0.01 14140 129
0.01 14141 129
0.01 14142 118
0.01 14143 135
0.01 14144 135
0.01 14145 135
0.01 14146 135
0.01 14147 129
0.01 14148 135
0.01 14149 135
0.01 14150 135
0.01 14151 135
0.01 14152 135
0.01 14153 118
0.01 14154 118
0.01 14155 118
0.01 14156 118
0.01 14157 135
0.01 14158 135
0.01 14159 135
0.01 14160 135
0.01 14161 118
0.01 14162 135
0.01 14163 135
0.01 14164 135
0.01 14165 135
0.01 14166 135
0.01 14167 118
0.01 14168 135
0.01 14169 113
0.01 14170 129
0.01 14171 135
0.01 14172 135
0.01 14173 135
0.01 14174 135
0.01 14175 129
0.01 14176 135
0.01 14177 135
0.01 14178 135
0.01 14179 135
0.01 14180 124
0.01 14181 124
0.01 14182 135
0.01 14183 135
0.01 14184 135
0.01 14185 135
0.01 14186 135
0.01 14187 135
0.01 14188 135
0.01 14189 135
0.01 14190 118
0.01 14191 129
0.01 14192 135
0.01 14193 135
0.01 14194 135
0.01 14195 135
0.01 14196 135
0.01 14197 135
0.01 14198 135
0.01 14199 135
0.01 14200 135
0.01 14201 135
0.01 14202 113
0.01 14203 124
0.01 14204 135
0.01 14205 135
0.01 14206 135
0.01 14207 135
0.01 14208 135
0.01 14209 108
0.01 14210 124
0.01 14211 129
0.01 14212 135
0.01 14213 113
0.01 14214 118
0.01 14215 135
0.01 14216 108
0.01 14217 113
0.01 14218 113
0.01 14219 113
0.01 14220 118
0.01 14221 135
0.01 14222 135
0.01 14223 135
0.01 14224 135
0.01 14225 135
0.01 14226 135
0.01 14227 135
0.01 14228 135
0.01 14229 135
0.01 14230 135
0.01 14231 135
0.01 14232 135
0.01 14233 135
0.01 14234 108
0.01 14235 135
0.01 14236 135
0.01 14237 135
0.01 14238 118
0.01 14239 129
0.01 14240 135
0.01 14241 118
0.01 14242 118
0.01 14243 135
0.01 14244 135
0.01 14245 135
0.01 14246 135
0.01 14247 135
0.01 14248 135
0.01 14249 135
0.01 14250 135
0.01 14251 118
0.01 14252 118
0.01 14253 135
0.01 14254 135
0.01 14255 135
0.01 14256 135
0.01 14257 135
0.01 14258 124
0.01 14259 108
0.01 14260 108
0.01 14261 118
0.01 14262 118
0.01 14263 135
0.01 14264 108
0.01 14265 129
0.01 14266 113
0.01 14267 113
0.01 14268 135
0.01 14269 135
0.01 14270 135
0.01 14271 113
0.01 14272 135
0.01 14273 135
0.01 14274 135
0.01 14275 135
0.01 14276 135
0.01 14277 135
0.01 14278 108
0.01 14279 118
0.01 14280 108
0.01 14281 118
0.01 14282 124
0.01 14283 135
0.01 14284 113
0.01 14285 113
0.01 14286 124
0.01 14287 124
0.01 14288 118
0.01 14289 118
0.01 14290 135
0.01 14291 135
0.01 14292 135
0.01 14293 113
0.01 14294 129
0.01 14295 135
0.01 14296 135
0.01 14297 135
0.01 14298 129
0.01 14299 135
0.01 14300 135
0.01 14301 129
0.01 14302 129
0.01 14303 129
0.01 14304 129
0.01 14305 135
0.01 14306 135
0.01 14307 135
0.01 14308 118
0.01 14309 135
0.01 14310 135
0.01 14311 135
0.01 14312 124
0.01 14313 118
0.01 14314 129
0.01 14315 135
0.01 14316 135
0.01 14317 135
0.01 14318 135
0.01 14319 135
0.01 14320 135
0.01 14321 135
0.01 14322 135
0.01 14323 135
0.01 14324 135
0.01 14325 135
0.01 14326 135
0.01 14327 135
0.01 14328 135
0.01 14329 135
0.01 14330 129
0.01 14331 135
0.01 14332 135
0.01 14333 135
0.01 14334 113
0.01 14335 124
0.01 14336 135
0.01 14337 108
0.01 14338 108
0.01 14339 129
0.01 14340 135
0.01 14341 135
0.01 14342 135
0.01 14343 135
0.01 14344 108
0.01 14345 108
0.01 14346 118
0.01 14347 124
0.01 14348 135
0.01 14349 135
0.01 14350 135
0.01 14351 135
0.01 14352 135
0.01 14353 129
0.01 14354 129
0.01 14355 135
0.01 14356 135
0.01 14357 135
0.01 14358 135
0.01 14359 135
0.01 14360 135
0.01 14361 135
0.01 14362 135
0.01 14363 118
0.01 14364 108
0.01 14365 108
0.01 14366 113
0.01 14367 113
0.01 14368 113
0.01 14369 129
0.01 14370 124
0.01 14371 135
0.01 14372 135
0.01 14373 135
0.01 14374 113
0.01 14375 113
0.01 14376 118
0.01 14377 135
0.01 14378 135
0.01 14379 124
0.01 14380 124
0.01 14381 108
0.01 14382 113
0.01 14383 113
0.01 14384 124
0.01 14385 135
0.01 14386 135
0.01 14387 135
0.01 14388 135
0.01 14389 118
0.01 14390 129
0.01 14391 135
0.01 14392 135
0.01 14393 135
0.01 14394 118
0.01 14395 118
0.01 14396 118
0.01 14397 135
0.01 14398 135
0.01 14399 108
0.01 14400 129
0.01 14401 129
0.01 14402 129
0.01 14403 135
0.01 14404 135
0.01 14405 135
0.01 14406 135
0.01 14407 135
0.01 14408 135
0.01 14409 135
0.01 14410 135
0.01 14411 135
0.01 14412 135
0.01 14413 135
0.01 14414 124
0.01 14415 135
0.01 14416 135
0.01 14417 135
0.01 14418 135
0.01 14419 135
0.01 14420 135
0.01 14421 113
0.01 14422 129
0.01 14423 135
0.01 14424 113
0.01 14425 113
0.01 14426 129
0.01 14427 129
0.01 14428 135
0.01 14429 135
0.01 14430 135
0.01 14431 135
0.01 14432 113
0.01 14433 135
0.01 14434 135
0.01 14435 135
0.01 14436 135
0.01 14437 135
0.01 14438 135
0.01 14439 135
0.01 14440 135
0.01 14441 135
0.01 14442 135
0.01 14443 135
0.01 14444 135
0.01 14445 135
0.01 14446 135
0.01 14447 129
0.01 14448 108
0.01 14449 108
0.01 14450 129
0.01 14451 135
0.01 14452 108
0.01 14453 135
0.01 14454 135
0.01 14455 135
0.01 14456 129
0.01 14457 135
0.01 14458 135
0.01 14459 135
0.01 14460 135
0.01 14461 135
0.01 14462 108
0.01 14463 108
0.01 14464 118
0.01 14465 113
0.01 14466 113
0.01 14467 135
0.01 14468 124
0.01 14469 124
0.01 14470 135
0.01 14471 135
0.01 14472 135
0.01 14473 113
0.01 14474 135
0.01 14475 135
0.01 14476 124
0.01 14477 113
0.01 14478 135
0.01 14479 135
0.01 14480 118
0.01 14481 135
0.01 14482 135
0.01 14483 135
0.01 14484 135
0.01 14485 118
0.01 14486 135
0.01 14487 113
0.01 14488 118
0.01 14489 118
0.01 14490 118
0.01 14491 108
0.01 14492 118
0.01 14493 113
0.01 14494 113
0.01 14495 113
0.01 14496 135
0.01 14497 135
0.01 14498 135
0.01 14499 135
0.01 14500 135
0.01 14501 135
0.01 14502 135
0.01 14503 135
0.01 14504 135
0.01 14505 135
0.01 14506 135
0.01 14507 135
0.01 14508 129
0.01 14509 118
0.01 14510 135
0.01 14511 135
0.01 14512 135
0.01 14513 135
0.01 14514 135
0.01 14515 135
0.01 14516 135
0.01 14517 129
0.01 14518 135
0.01 14519 118
0.01 14520 129
0.01 14521 113
0.01 14522 118
0.01 14523 118
0.01 14524 135
0.01 14525 135
0.01 14526 135
0.01 14527 135
0.01 14528 135
0.01 14529 135
0.01 14530 135
0.01 14531 135
0.01 14532 135
0.01 14533 135
0.01 14534 135
0.01 14535 135
0.01 14536 135
0.01 14537 129
0.01 14538 135
0.01 14539 135
0.01 14540 135
0.01 14541 135
0.01 14542 124
0.01 14543 135
0.01 14544 135
0.01 14545 135
0.01 14546 113
0.01 14547 113
0.01 14548 129
0.01 14549 129
0.01 14550 118
0.01 14551 135
0.01 14552 135
0.01 14553 135
0.01 14554 135
0.01 14555 113
0.01 14556 108
0.01 14557 129
0.01 14558 135
0.01 14559 135
0.01 14560 135
0.01 14561 124
0.01 14562 113
0.01 14563 129
0.01 14564 129
0.01 14565 108
0.01 14566 113
0.01 14567 124
0.01 14568 124
0.01 14569 124
0.01 14570 124
0.01 14571 118
0.01 14572 129
0.01 14573 129
0.01 14574 113
0.01 14575 113
0.01 14576 113
0.01 14577 129
0.01 14578 118
0.01 14579 135
0.01 14580 113
0.01 14581 118
0.01 14582 135
0.01 14583 118
0.01 14584 118
0.01 14585 118
0.01 14586 135
0.01 14587 135
0.01 14588 118
0.01 14589 135
0.01 14590 135
0.01 14591 135
0.01 14592 118
0.01 14593 135
0.01 14594 135
0.01 14595 135
0.01 14596 135
0.01 14597 135
0.01 14598 135
0.01 14599 113
0.01 14600 118
0.01 14601 135
0.01 14602 135
0.01 14603 135
0.01 14604 135
0.01 14605 135
0.01 14606 135
0.01 14607 135
0.01 14608 129
0.01 14609 135
0.01 14610 113
0.01 14611 129
0.01 14612 135
0.01 14613 135
0.01 14614 124
0.01 14615 124
0.01 14616 135
0.01 14617 108
0.01 14618 129
0.01 14619 113
0.01 14620 113
0.01 14621 118
0.01 14622 124
0.01 14623 124
0.01 14624 135
0.01 14625 135
0.01 14626 118
0.01 14627 135
0.01 14628 135
0.01 14629 108
0.01 14630 124
0.01 14631 129
0.01 14632 135
0.01 14633 135
0.01 14634 135
0.01 14635 135
0.01 14636 135
0.01 14637 135
0.01 14638 135
0.01 14639 135
0.01 14640 135
0.01 14641 135
0.01 14642 113
0.01 14643 135
0.01 14644 135
0.01 14645 135
0.01 14646 135
0.01 14647 135
0.01 14648 135
0.01 14649 135
0.01 14650 135
0.01 14651 135
0.01 14652 135
0.01 14653 124
0.01 14654 113
0.01 14655 124
0.01 14656 113
0.01 14657 113
0.01 14658 113
0.01 14659 135
0.01 14660 135
0.01 14661 113
0.01 14662 113
0.01 14663 135
0.01 14664 135
0.01 14665 135
0.01 14666 118
0.01 14667 113
0.01 14668 135
0.01 14669 118
0.01 14670 118
0.01 14671 135
0.01 14672 135
0.01 14673 124
0.01 14674 135
0.01 14675 135
0.01 14676 135
0.01 14677 135
0.01 14678 135
0.01 14679 108
0.01 14680 108
0.01 14681 108
0.01 14682 108
0.01 14683 118
0.01 14684 118
0.01 14685 135
0.01 14686 135
0.01 14687 135
0.01 14688 135
0.01 14689 135
0.01 14690 113
0.01 14691 113
0.01 14692 135
0.01 14693 135
0.01 14694 135
0.01 14695 135
0.01 14696 129
0.01 14697 135
0.01 14698 135
0.01 14699 135
0.01 14700 135
0.01 14701 124
0.01 14702 129
0.01 14703 135
0.01 14704 135
0.01 14705 135
0.01 14706 135
0.01 14707 108
0.01 14708 108
0.01 14709 108
0.01 14710 113
0.01 14711 113
0.01 14712 118
0.01 14713 118
0.01 14714 118
0.01 14715 118
0.01 14716 129
0.01 14717 129
0.01 14718 135
0.01 14719 135
0.01 14720 135
0.01 14721 135
0.01 14722 135
0.01 14723 124
0.01 14724 135
0.01 14725 135
0.01 14726 135
0.01 14727 135
0.01 14728 135
0.01 14729 118
0.01 14730 124
0.01 14731 135
0.01 14732 135
0.01 14733 129
0.01 14734 135
0.01 14735 108
0.01 14736 129
0.01 14737 135
0.01 14738 124
0.01 14739 135
0.01 14740 135
0.01 14741 135
0.01 14742 135
0.01 14743 108
0.01 14744 135
0.01 14745 129
0.01 14746 135
0.01 14747 135
0.01 14748 135
0.01 14749 135
0.01 14750 135
0.01 14751 124
0.01 14752 135
0.01 14753 124
0.01 14754 135
0.01 14755 135
0.01 14756 135
0.01 14757 124
0.01 14758 124
0.01 14759 124
0.01 14760 135
0.01 14761 135
0.01 14762 135
0.01 14763 135
0.01 14764 118
0.01 14765 118
0.01 14766 135
0.01 14767 135
0.01 14768 135
0.01 14769 135
0.01 14770 135
0.01 14771 135
0.01 14772 135
0.01 14773 129
0.01 14774 135
0.01 14775 135
0.01 14776 135
0.01 14777 135
0.01 14778 135
0.01 14779 124
0.01 14780 135
0.01 14781 129
0.01 14782 135
0.01 14783 113
0.01 14784 113
0.01 14785 135
0.01 14786 113
0.01 14787 113
0.01 14788 129
0.01 14789 135
0.01 14790 135
0.01 14791 135
0.01 14792 135
0.01 14793 135
0.01 14794 124
0.01 14795 135
0.01 14796 135
0.01 14797 135
0.01 14798 135
0.01 14799 135
0.01 14800 118
0.01 14801 108
0.01 14802 108
0.01 14803 124
0.01 14804 135
0.01 14805 135
0.01 14806 135
0.01 14807 135
0.01 14808 135
0.01 14809 135
0.01 14810 135
0.01 14811 135
0.01 14812 135
0.01 14813 135
0.01 14814 135
0.01 14815 135
0.01 14816 113
0.01 14817 113
0.01 14818 135
0.01 14819 135
0.01 14820 135
0.01 14821 135
0.01 14822 113
0.01 14823 129
0.01 14824 135
0.01 14825 135
0.01 14826 124
0.01 14827 135
0.01 14828 118
0.01 14829 108
0.01 14830 108
0.01 14831 108
0.01 14832 108
0.01 14833 135
0.01 14834 118
0.01 14835 129
0.01 14836 113
0.01 14837 135
0.01 14838 135
0.01 14839 135
0.01 14840 135
0.01 14841 129
0.01 14842 135
0.01 14843 135
0.01 14844 118
0.01 14845 124
0.01 14846 124
0.01 14847 124
0.01 14848 124
0.01 14849 124
0.01 14850 124
0.01 14851 113
0.01 14852 113
0.01 14853 135
0.01 14854 135
0.01 14855 135
0.01 14856 135
0.01 14857 135
0.01 14858 135
0.01 14859 118
0.01 14860 135
0.01 14861 108
0.01 14862 108
0.01 14863 124
0.01 14864 124
0.01 14865 118
0.01 14866 118
0.01 14867 135
0.01 14868 118
0.01 14869 118
0.01 14870 135
0.01 14871 135
0.01 14872 135
0.01 14873 135
0.01 14874 135
0.01 14875 135
0.01 14876 135
0.01 14877 135
0.01 14878 135
0.01 14879 108
0.01 14880 108
0.01 14881 124
0.01 14882 124
0.01 14883 124
0.01 14884 124
0.01 14885 135
0.01 14886 135
0.01 14887 135
0.01 14888 113
0.01 14889 129
0.01 14890 129
0.01 14891 135
0.01 14892 135
0.01 14893 135
0.01 14894 135
0.01 14895 135
0.01 14896 135
0.01 14897 135
0.01 14898 135
0.01 14899 135
0.01 14900 135
0.01 14901 135
0.01 14902 135
0.01 14903 135
0.01 14904 135
0.01 14905 135
0.01 14906 135
0.01 14907 135
0.01 14908 135
0.01 14909 135
0.01 14910 135
0.01 14911 135
0.01 14912 135
0.01 14913 135
0.01 14914 135
0.01 14915 135
0.01 14916 135
0.01 14917 135
0.01 14918 135
0.01 14919 135
0.01 14920 118
0.01 14921 135
0.01 14922 135
0.01 14923 135
0.01 14924 135
0.01 14925 118
0.01 14926 135
0.01 14927 135
0.01 14928 113
0.01 14929 129
0.01 14930 118
0.01 14931 124
0.01 14932 129
0.01 14933 135
0.01 14934 135
0.01 14935 135
0.01 14936 135
0.01 14937 135
0.01 14938 135
0.01 14939 135
0.01 14940 135
0.01 14941 135
0.01 14942 118
0.01 14943 124
0.01 14944 124
0.01 14945 135
0.01 14946 135
0.01 14947 124
0.01 14948 135
0.01 14949 135
0.01 14950 135
0.01 14951 135
0.01 14952 124
0.01 14953 124
0.01 14954 135
0.01 14955 135
0.01 14956 118
0.01 14957 135
0.01 14958 135
0.01 14959 118
0.01 14960 135
0.01 14961 135
0.01 14962 135
0.01 14963 135
0.01 14964 135
0.01 14965 135
0.01 14966 135
0.01 14967 135
0.01 14968 135
0.01 14969 113
0.01 14970 124
0.01 14971 135
0.01 14972 113
0.01 14973 118
0.01 14974 118
0.01 14975 118
0.01 14976 118
0.01 14977 129
0.01 14978 135
0.01 14979 135
0.01 14980 113
0.01 14981 118
0.01 14982 135
0.01 14983 135
0.01 14984 108
0.01 14985 129
0.01 14986 135
0.01 14987 135
0.01 14988 118
0.01 14989 124
0.01 14990 135
0.01 14991 135
0.01 14992 135
0.01 14993 135
0.01 14994 135
0.01 14995 135
0.01 14996 135
0.01 14997 135
0.01 14998 135
0.01 14999 135
