1 0 0 0 20 4999 0 0.0 30.0 0.0
2 0 0 0 40 4999 0 0.0 30.0 0.0
3 0 0 0 60 4999 0 0.0 30.0 0.0
4 0 0 0 80 4999 0 0.0 30.0 0.0
5 0 0 0 100 4999 0 0.0 30.0 0.0
6 0 0 0 120 4999 0 0.0 30.0 0.0
7 0 0 0 140 4999 0 0.0 30.0 0.0
8 0 0 0 160 4999 0 0.0 30.0 0.0
9 0 2 0 180 4999 2 0.0 30.0 0.0
10 4687 425 290 200 4999 4822 0.005 30.0 0.016
11 7418 401 287 220 4999 7532 0.007 30.0 0.023
12 10500 813 554 240 4999 10759 0.009 30.0 0.03
13 13727 1159 787 260 4999 14099 0.011 30.0 0.036
14 18281 1119 768 280 4999 18632 0.013 30.0 0.044
15 20338 1622 1122 300 4999 20838 0.014 30.0 0.046
16 23738 1169 824 320 4999 24083 0.015 30.0 0.05
17 27170 1871 1243 340 4999 27798 0.016 30.0 0.055
18 30293 1917 1318 360 4999 30892 0.017 30.0 0.057
19 33940 2090 1485 380 4999 34545 0.018 30.0 0.061
20 36805 1898 1342 400 4999 37361 0.019 30.0 0.062
21 40577 2057 1500 420 4999 41134 0.02 30.0 0.065
22 43624 2564 1820 440 4999 44368 0.02 30.0 0.067
23 47242 2833 1973 460 4999 48102 0.021 30.0 0.07
24 49656 3277 2317 480 4999 50616 0.021 30.0 0.07
25 53669 3456 2428 500 4999 54697 0.022 30.0 0.073
26 57124 3590 2496 520 4999 58218 0.022 30.0 0.075
27 60675 3502 2474 540 4999 61703 0.023 30.0 0.076
28 64217 3513 2417 560 4999 65313 0.023 30.0 0.078
29 67209 3740 2644 580 4999 68305 0.024 30.0 0.079
30 70856 3837 2722 600 4999 71971 0.024 30.0 0.08
31 73542 3578 2564 620 4999 74556 0.024 30.0 0.08
32 76871 3784 2698 640 4999 77957 0.024 30.0 0.081
33 80316 3443 2483 660 4999 81276 0.025 30.0 0.082
34 83607 3834 2800 680 4999 84641 0.025 30.0 0.083
35 86695 3644 2637 700 4999 87702 0.025 30.0 0.084
36 90702 3812 2776 720 4999 91738 0.025 30.0 0.085
37 93054 3357 2493 740 4999 93918 0.025 30.0 0.085
38 98099 3098 2237 760 4999 98960 0.026 30.0 0.087
39 99197 3319 2441 779 4999 100075 0.026 30.0 0.086
40 101853 3284 2371 800 4999 102766 0.026 30.0 0.086
41 106791 3128 2360 820 4999 107559 0.026 30.0 0.087
42 109967 3102 2356 840 4999 110713 0.026 30.0 0.088
43 110659 3239 2475 860 4999 111423 0.026 30.0 0.086
44 114713 2857 2202 880 4999 115368 0.026 30.0 0.087
45 120307 2652 2057 900 4999 120902 0.027 30.0 0.09
46 121117 2306 1777 920 4999 121646 0.026 30.0 0.088
47 125681 2456 1898 940 4999 126239 0.027 30.0 0.09
48 127345 2173 1749 960 4999 127769 0.027 30.0 0.089
49 131714 2071 1644 980 4999 132141 0.027 30.0 0.09
50 133752 2012 1593 1000 4999 134171 0.027 30.0 0.089
51 137587 1823 1471 1020 4999 137939 0.027 30.0 0.09
52 139546 1740 1416 1040 4999 139870 0.027 30.0 0.09
52 142367 1557 1284 1059 4999 142640 0.027 30.0 0.09
54 145501 1370 1140 1080 4999 145731 0.027 30.0 0.09
55 146406 1361 1146 1100 4999 146621 0.027 30.0 0.089
56 150027 1212 992 1120 4999 150247 0.027 30.0 0.089
57 152585 1093 933 1140 4999 152745 0.027 30.0 0.089
58 154921 1004 845 1160 4999 155080 0.027 30.0 0.089
58 156311 926 754 1179 4999 156483 0.027 30.0 0.089
60 155903 927 754 1200 4999 156076 0.026 30.0 0.087
61 162370 627 564 1220 4999 162433 0.027 30.0 0.089
62 162966 590 517 1240 4999 163039 0.026 30.0 0.088
63 163180 551 487 1260 4999 163244 0.026 30.0 0.086
64 164331 501 441 1280 4999 164391 0.026 30.0 0.086
65 165085 451 390 1300 4999 165146 0.025 30.0 0.085
66 168462 257 231 1320 4999 168488 0.026 30.0 0.085
67 168024 267 239 1340 4999 168052 0.025 30.0 0.084
68 170688 153 140 1360 4999 170701 0.025 30.0 0.084
69 167655 164 155 1380 4999 167664 0.024 30.0 0.081
70 168674 154 138 1400 4999 168690 0.024 30.0 0.08
71 169912 106 97 1420 4999 169921 0.024 30.0 0.08
72 170759 109 106 1440 4999 170762 0.024 30.0 0.079
73 168466 70 64 1460 4999 168472 0.023 30.0 0.077
74 170798 40 38 1480 4999 170800 0.023 30.0 0.077
75 168684 41 39 1500 4999 168686 0.022 30.0 0.075
76 165679 31 31 1520 4999 165679 0.022 30.0 0.073
77 162353 46 41 1540 4999 162358 0.021 30.0 0.07
78 160899 14 14 1559 4999 160899 0.021 30.0 0.069
79 159440 6 5 1580 4999 159441 0.02 30.0 0.067
80 153003 8 7 1600 4999 153004 0.019 30.0 0.064
81 155139 1 1 1620 4999 155139 0.019 30.0 0.064
82 145670 2 2 1640 4999 145670 0.018 30.0 0.059
83 139263 2 2 1660 4999 139263 0.017 30.0 0.056
84 136464 0 0 1680 4999 136464 0.016 30.0 0.054
85 124180 1 1 1700 4999 124180 0.015 30.0 0.049
86 121398 0 0 1720 4999 121398 0.014 30.0 0.047
87 111769 0 0 1740 4999 111769 0.013 30.0 0.043
88 104621 0 0 1760 4999 104621 0.012 30.0 0.04
89 96494 0 0 1780 4999 96494 0.011 30.0 0.036
90 86194 0 0 1800 4999 86194 0.01 30.0 0.032
