 1.00000000 0 0 0 20 5000 0 0.00000000 0.30000001 0.00000000 0.00000000 0.00000000 0.00000000
 1.50000000 0 0 0 30 5000 0 0.00000000 0.30000001 0.00000000 0.00000000 0.00000000 0.00000000
 2.00000000 0 0 0 40 5000 0 0.00000000 0.30000001 0.00000000 0.00000000 0.00000000 0.00000000
 2.50000000 0 0 0 50 5000 0 0.00000000 0.30000001 0.00000000 0.00000000 0.00000000 0.00000000
 3.00000000 0 0 0 60 5000 0 0.00000000 0.30000001 0.00000000 0.00000000 0.00000000 0.00000000
 3.50000000 0 0 0 70 5000 0 0.00000000 0.30000001 0.00000000 0.00000000 0.00000000 0.00000000
 4.00000000 0 0 0 80 5000 0 0.00000000 0.30000001 0.00000000 0.00000000 0.00000000 0.00000000
 4.50000000 0 0 0 90 5000 0 0.00000000 0.30000001 0.00000000 0.00000000 0.00000000 0.00000000
 5.00000000 0 0 0 100 5000 0 0.00000000 0.30000001 0.00000000 0.00000000 0.00000000 0.00000000
 5.50000000 0 0 0 110 5000 0 0.00000000 0.30000001 0.00000000 0.00000000 0.00000000 0.00000000
 6.00000000 0 0 0 120 5000 0 0.00000000 0.30000001 0.00000000 0.00000000 0.00000000 0.00000000
 6.50000000 0 0 0 130 5000 0 0.00000000 0.30000001 0.00000000 0.00000000 0.00000000 0.00000000
 7.00000000 0 0 0 140 5000 0 0.00000000 0.30000001 0.00000000 0.00000000 0.00000000 0.00000000
 7.50000000 0 0 0 150 5000 0 0.00000000 0.30000001 0.00000000 0.00000000 0.00000000 0.00000000
 8.00000000 0 0 0 160 5000 0 0.00000000 0.30000001 0.00000000 0.00000000 0.00000000 0.00000000
 8.50000000 0 0 0 170 5000 0 0.00000000 0.30000001 0.00000000 0.00000000 0.00000000 0.00000000
 9.00000000 0 0 0 180 5000 0 0.00000000 0.30000001 0.00000000 0.00000000 0.00000000 0.00000000
 9.50000000 0 0 0 190 5000 0 0.00000000 0.30000001 0.00000000 0.00000000 0.00000000 0.00000000
 10.00000000 0 0 0 200 5000 0 0.00000000 0.30000001 0.00000000 0.00000000 0.00000000 0.00000000
 10.50000000 3993 413 279 210 5000 4127 0.00393048 0.30000001 0.01310159 0.00380286 0.00039333 0.00026571
 11.00000000 5693 404 291 220 5000 5806 0.00527818 0.30000001 0.01759394 0.00517545 0.00036727 0.00026455
 11.50000000 6279 479 322 230 5000 6436 0.00559652 0.30000001 0.01865507 0.00546000 0.00041652 0.00028000
 12.00000000 8940 607 396 240 5000 9151 0.00762583 0.30000001 0.02541944 0.00745000 0.00050583 0.00033000
 12.50000000 10103 884 570 250 5000 10417 0.00833360 0.30000001 0.02777867 0.00808240 0.00070720 0.00045600
 13.00000000 11549 872 582 260 5000 11839 0.00910692 0.30000001 0.03035641 0.00888385 0.00067077 0.00044769
 13.50000000 13180 908 612 270 5000 13476 0.00998222 0.30000001 0.03327407 0.00976296 0.00067259 0.00045333
 14.00000000 13945 1275 817 280 5000 14403 0.01028786 0.30000001 0.03429286 0.00996071 0.00091071 0.00058357
 14.50000000 16204 1093 732 290 5000 16565 0.01142414 0.30000001 0.03808046 0.01117517 0.00075379 0.00050483
 15.00000000 17810 1360 923 300 5000 18247 0.01216467 0.30000001 0.04054889 0.01187333 0.00090667 0.00061533
 15.50000000 18961 1216 826 310 5000 19351 0.01248452 0.30000001 0.04161505 0.01223290 0.00078452 0.00053290
 16.00000000 20222 1345 907 320 5000 20660 0.01291250 0.30000001 0.04304166 0.01263875 0.00084063 0.00056687
 16.50000000 22259 1714 1168 330 5000 22805 0.01382121 0.30000001 0.04607071 0.01349030 0.00103879 0.00070788
 17.00000000 23492 1793 1231 340 5000 24054 0.01414941 0.30000001 0.04716470 0.01381882 0.00105471 0.00072412
 17.50000000 25349 1610 1091 350 5000 25868 0.01478171 0.30000001 0.04927238 0.01448514 0.00092000 0.00062343
 18.00000000 26601 1346 951 360 5000 26996 0.01499778 0.30000001 0.04999259 0.01477833 0.00074778 0.00052833
 18.50000000 28150 1620 1147 370 5000 28623 0.01547189 0.30000001 0.05157297 0.01521622 0.00087568 0.00062000
 19.00000000 29748 1790 1198 380 5000 30340 0.01596842 0.30000001 0.05322807 0.01565684 0.00094211 0.00063053
 19.50000000 31135 1893 1262 390 5000 31766 0.01629026 0.30000001 0.05430085 0.01596667 0.00097077 0.00064718
 20.00000000 32685 2337 1577 400 5000 33445 0.01672250 0.30000001 0.05574166 0.01634250 0.00116850 0.00078850
 20.50000000 34646 2351 1628 410 5000 35369 0.01725317 0.30000001 0.05751057 0.01690049 0.00114683 0.00079415
 21.00000000 35806 2196 1514 420 5000 36488 0.01737524 0.30000001 0.05791746 0.01705048 0.00104571 0.00072095
 21.50000000 37344 2049 1413 430 5000 37980 0.01766512 0.30000001 0.05888372 0.01736930 0.00095302 0.00065721
 22.00000000 39450 2163 1533 440 5000 40080 0.01821818 0.30000001 0.06072727 0.01793182 0.00098318 0.00069682
 22.50000000 40605 3105 2099 450 5000 41611 0.01849378 0.30000001 0.06164592 0.01804667 0.00138000 0.00093289
 23.00000000 41801 2364 1690 460 5000 42475 0.01846739 0.30000001 0.06155797 0.01817435 0.00102783 0.00073478
 23.50000000 44097 2283 1594 470 5000 44786 0.01905787 0.30000001 0.06352624 0.01876468 0.00097149 0.00067830
 24.00000000 45012 2362 1624 480 5000 45750 0.01906250 0.30000001 0.06354166 0.01875500 0.00098417 0.00067667
 24.50000000 46483 3313 2250 490 5000 47546 0.01940653 0.30000001 0.06468843 0.01897265 0.00135224 0.00091837
 25.00000000 48283 3219 2248 500 5000 49254 0.01970160 0.30000001 0.06567200 0.01931320 0.00128760 0.00089920
 25.50000000 49551 3111 2158 510 5000 50504 0.01980549 0.30000001 0.06601830 0.01943176 0.00122000 0.00084627
 26.00000000 51515 3224 2241 520 5000 52498 0.02019154 0.30000001 0.06730513 0.01981346 0.00124000 0.00086192
 26.50000000 52518 3147 2184 530 5000 53481 0.02018151 0.30000001 0.06727170 0.01981811 0.00118755 0.00082415
 27.00000000 54626 3135 2148 540 5000 55613 0.02059741 0.30000001 0.06865802 0.02023185 0.00116111 0.00079556
 27.50000000 55333 3404 2274 550 5000 56463 0.02053200 0.30000001 0.06844000 0.02012109 0.00123782 0.00082691
 28.00000000 57173 3002 2107 560 5000 58068 0.02073857 0.30000001 0.06912857 0.02041893 0.00107214 0.00075250
 28.50000000 58784 3188 2199 570 5000 59773 0.02097298 0.30000001 0.06990994 0.02062596 0.00111860 0.00077158
 29.00000000 60168 3176 2183 580 5000 61161 0.02109000 0.30000001 0.07030000 0.02074759 0.00109517 0.00075276
 29.50000000 62277 2419 1726 590 5000 62970 0.02134576 0.30000001 0.07115254 0.02111085 0.00082000 0.00058508
 30.00000000 63430 3190 2165 600 5000 64455 0.02148500 0.30000001 0.07161666 0.02114333 0.00106333 0.00072167
 30.50000000 64219 3703 2542 610 5000 65380 0.02143607 0.30000001 0.07145355 0.02105541 0.00121410 0.00083344
 31.00000000 66336 3366 2344 620 5000 67358 0.02172839 0.30000001 0.07242795 0.02139871 0.00108581 0.00075613
 31.50000000 68312 3620 2503 630 5000 69429 0.02204095 0.30000001 0.07346984 0.02168635 0.00114921 0.00079460
 32.00000000 69738 3765 2617 640 5000 70886 0.02215188 0.30000001 0.07383958 0.02179312 0.00117656 0.00081781
 32.50000000 71176 3566 2496 650 5000 72246 0.02222954 0.30000001 0.07409846 0.02190031 0.00109723 0.00076800
 33.00000000 72571 3524 2508 660 5000 73587 0.02229909 0.30000001 0.07433030 0.02199121 0.00106788 0.00076000
 33.50000000 74695 3760 2593 670 5000 75862 0.02264537 0.30000001 0.07548457 0.02229701 0.00112239 0.00077403
 34.00000000 76553 3997 2842 680 5000 77708 0.02285529 0.30000001 0.07618431 0.02251559 0.00117559 0.00083588
 34.50000000 77110 3677 2590 690 5000 78197 0.02266580 0.30000001 0.07555265 0.02235072 0.00106580 0.00075072
 35.00000000 77929 3731 2705 700 5000 78955 0.02255857 0.30000001 0.07519524 0.02226543 0.00106600 0.00077286
 35.50000000 79883 3194 2238 710 5000 80839 0.02277155 0.30000001 0.07590516 0.02250225 0.00089972 0.00063042
 36.00000000 82526 3449 2430 720 5000 83545 0.02320694 0.30000001 0.07735648 0.02292389 0.00095806 0.00067500
 36.50000000 83707 3506 2537 730 5000 84676 0.02319890 0.30000001 0.07732968 0.02293342 0.00096055 0.00069507
 37.00000000 84320 3285 2301 740 5000 85304 0.02305514 0.30000001 0.07685045 0.02278919 0.00088784 0.00062189
 37.50000000 86651 3171 2253 750 5000 87569 0.02335173 0.30000001 0.07783911 0.02310693 0.00084560 0.00060080
 38.00000000 88533 3353 2398 760 5000 89488 0.02354947 0.30000001 0.07849824 0.02329816 0.00088237 0.00063105
 38.50000000 89813 3489 2541 770 5000 90761 0.02357429 0.30000001 0.07858095 0.02332805 0.00090623 0.00066000
 39.00000000 91089 3410 2444 780 5000 92055 0.02360385 0.30000001 0.07867948 0.02335615 0.00087436 0.00062667
 39.50000000 92180 3397 2476 790 5000 93101 0.02356987 0.30000001 0.07856624 0.02333671 0.00086000 0.00062684
 40.00000000 93780 3080 2213 800 5000 94647 0.02366175 0.30000001 0.07887250 0.02344500 0.00077000 0.00055325
 40.50000000 94987 3268 2318 810 5000 95937 0.02368815 0.30000001 0.07896049 0.02345358 0.00080691 0.00057235
 41.00000000 96528 3072 2277 820 5000 97323 0.02373732 0.30000001 0.07912439 0.02354341 0.00074927 0.00055537
 41.50000000 98773 2956 2113 830 5000 99616 0.02400386 0.30000001 0.08001285 0.02380072 0.00071229 0.00050916
 42.00000000 100635 3020 2200 840 5000101455 0.02415595 0.30000001 0.08051984 0.02396071 0.00071905 0.00052381
 42.50000000 102133 2917 2157 850 5000102893 0.02421012 0.30000001 0.08070039 0.02403129 0.00068635 0.00050753
 43.00000000 104007 2861 2131 860 5000104737 0.02435744 0.30000001 0.08119147 0.02418767 0.00066535 0.00049558
 43.50000000 104621 2939 2181 870 5000105379 0.02422506 0.30000001 0.08075019 0.02405080 0.00067563 0.00050138
 44.00000000 104985 2775 2056 880 5000105704 0.02402364 0.30000001 0.08007878 0.02386023 0.00063068 0.00046727
 44.50000000 107868 2614 2005 890 5000108477 0.02437685 0.30000001 0.08125618 0.02424000 0.00058742 0.00045056
 45.00000000 106771 2751 2034 900 5000107488 0.02388622 0.30000001 0.07962074 0.02372689 0.00061133 0.00045200
 45.50000000 110809 2578 1985 910 5000111402 0.02448396 0.30000001 0.08161318 0.02435363 0.00056659 0.00043626
 46.00000000 111048 2448 1808 920 5000111688 0.02428000 0.30000001 0.08093333 0.02414087 0.00053217 0.00039304
 46.50000000 112663 2477 1907 930 5000113233 0.02435118 0.30000001 0.08117061 0.02422860 0.00053269 0.00041011
 47.00000000 115347 2489 1940 940 5000115896 0.02465872 0.30000001 0.08219574 0.02454191 0.00052957 0.00041277
 47.50000000 117316 2340 1850 950 5000117806 0.02480126 0.30000001 0.08267087 0.02469811 0.00049263 0.00038947
 48.00000000 117422 2269 1715 960 5000117976 0.02457833 0.30000001 0.08192777 0.02446292 0.00047271 0.00035729
 48.50000000 118919 2236 1674 970 5000119481 0.02463526 0.30000001 0.08211752 0.02451938 0.00046103 0.00034515
 49.00000000 121260 2089 1574 980 5000121775 0.02485204 0.30000001 0.08284013 0.02474694 0.00042633 0.00032122
 49.50000000 119992 2160 1651 990 5000120501 0.02434364 0.30000001 0.08114545 0.02424081 0.00043636 0.00033354
 50.00000000 124268 2009 1570 1000 5000124707 0.02494140 0.30000001 0.08313800 0.02485360 0.00040180 0.00031400
 50.50000000 125526 1863 1441 1010 5000125948 0.02494020 0.30000001 0.08313399 0.02485663 0.00036891 0.00028535
 51.00000000 125641 1810 1433 1020 5000126018 0.02470941 0.30000001 0.08236470 0.02463549 0.00035490 0.00028098
 51.50000000 125550 1774 1404 1030 5000125920 0.02445049 0.30000001 0.08150161 0.02437864 0.00034447 0.00027262
 52.00000000 128609 1674 1321 1040 5000128962 0.02480038 0.30000001 0.08266795 0.02473250 0.00032192 0.00025404
 52.50000000 129202 1622 1304 1050 5000129520 0.02467048 0.30000001 0.08223492 0.02460990 0.00030895 0.00024838
 53.00000000 131601 1520 1185 1060 5000131936 0.02489358 0.30000001 0.08297861 0.02483038 0.00028679 0.00022358
 53.50000000 132394 1546 1268 1070 5000132672 0.02479850 0.30000001 0.08266168 0.02474654 0.00028897 0.00023701
 54.00000000 134194 1473 1173 1080 5000134494 0.02490630 0.30000001 0.08302098 0.02485074 0.00027278 0.00021722
 54.50000000 134370 1427 1183 1090 5000134614 0.02469982 0.30000001 0.08233272 0.02465505 0.00026183 0.00021706
 55.00000000 136215 1281 1061 1100 5000136435 0.02480636 0.30000001 0.08268788 0.02476636 0.00023291 0.00019291
 55.50000000 138200 1233 1036 1110 5000138397 0.02493640 0.30000001 0.08312132 0.02490090 0.00022216 0.00018667
 56.00000000 141705 1206 996 1120 5000141915 0.02534196 0.30000001 0.08447321 0.02530446 0.00021536 0.00017786
 56.50000000 141289 960 821 1130 5000141428 0.02503150 0.30000001 0.08343834 0.02500690 0.00016991 0.00014531
 57.00000000 138884 1220 985 1140 5000139119 0.02440684 0.30000001 0.08135614 0.02436561 0.00021404 0.00017281
 57.50000000 142673 977 821 1150 5000142829 0.02483983 0.30000001 0.08279942 0.02481270 0.00016991 0.00014278
 58.00000000 143925 875 740 1160 5000144060 0.02483793 0.30000001 0.08279310 0.02481466 0.00015086 0.00012759
 58.50000000 145235 825 712 1170 5000145348 0.02484581 0.30000001 0.08281937 0.02482650 0.00014103 0.00012171
 59.00000000 144064 855 701 1180 5000144218 0.02444373 0.30000001 0.08147909 0.02441763 0.00014492 0.00011881
 59.50000000 144806 840 688 1190 5000144958 0.02436269 0.30000001 0.08120896 0.02433714 0.00014118 0.00011563
 60.00000000 148049 773 649 1200 5000148173 0.02469550 0.30000001 0.08231833 0.02467483 0.00012883 0.00010817
 60.50000000 150142 739 628 1210 5000150253 0.02483521 0.30000001 0.08278402 0.02481686 0.00012215 0.00010380
 61.00000000 148756 653 567 1220 5000148842 0.02440033 0.30000001 0.08133442 0.02438623 0.00010705 0.00009295
 61.50000000 150174 667 583 1230 5000150258 0.02443220 0.30000001 0.08144065 0.02441854 0.00010846 0.00009480
 62.00000000 151148 636 544 1240 5000151240 0.02439355 0.30000001 0.08131182 0.02437871 0.00010258 0.00008774
 62.50000000 154018 473 428 1250 5000154063 0.02465008 0.30000001 0.08216693 0.02464288 0.00007568 0.00006848
 63.00000000 154293 521 464 1260 5000154350 0.02450000 0.30000001 0.08166666 0.02449095 0.00008270 0.00007365
 63.50000000 150616 548 478 1270 5000150686 0.02373008 0.30000001 0.07910026 0.02371906 0.00008630 0.00007528
 64.00000000 155022 392 342 1280 5000155072 0.02423000 0.30000001 0.08076666 0.02422219 0.00006125 0.00005344
 64.50000000 154760 385 344 1290 5000154801 0.02400016 0.30000001 0.08000051 0.02399380 0.00005969 0.00005333
 65.00000000 153245 402 354 1300 5000153293 0.02358354 0.30000001 0.07861179 0.02357615 0.00006185 0.00005446
 65.50000000 158319 328 281 1310 5000158366 0.02417802 0.30000001 0.08059338 0.02417084 0.00005008 0.00004290
 66.00000000 156271 350 307 1320 5000156314 0.02368394 0.30000001 0.07894646 0.02367742 0.00005303 0.00004652
 66.50000000 158342 254 227 1330 5000158369 0.02381489 0.30000001 0.07938295 0.02381083 0.00003820 0.00003414
 67.00000000 157643 326 272 1340 5000157697 0.02353687 0.30000001 0.07845622 0.02352881 0.00004866 0.00004060
 67.50000000 158958 262 222 1350 5000158998 0.02355526 0.30000001 0.07851753 0.02354933 0.00003881 0.00003289
 68.00000000 161582 194 167 1360 5000161609 0.02376603 0.30000001 0.07922009 0.02376206 0.00002853 0.00002456
 68.50000000 162568 136 131 1370 5000162573 0.02373328 0.30000001 0.07911095 0.02373255 0.00001985 0.00001912
 69.00000000 159753 205 184 1380 5000159774 0.02315565 0.30000001 0.07718550 0.02315261 0.00002971 0.00002667
 69.50000000 161434 115 108 1390 5000161441 0.02322892 0.30000001 0.07742973 0.02322791 0.00001655 0.00001554
 70.00000000 162226 117 110 1400 5000162233 0.02317614 0.30000001 0.07725381 0.02317514 0.00001671 0.00001571
 70.50000000 162714 75 74 1410 5000162715 0.02308014 0.30000001 0.07693380 0.02308000 0.00001064 0.00001050
 71.00000000 161013 107 94 1420 5000161026 0.02267972 0.30000001 0.07559906 0.02267789 0.00001507 0.00001324
 71.50000000 163105 47 43 1430 5000163109 0.02281245 0.30000001 0.07604149 0.02281189 0.00000657 0.00000601
 72.00000000 163503 59 55 1440 5000163507 0.02270931 0.30000001 0.07569768 0.02270875 0.00000819 0.00000764
 72.50000000 160897 84 80 1450 5000160901 0.02219324 0.30000001 0.07397747 0.02219269 0.00001159 0.00001103
 73.00000000 162041 37 34 1460 5000162044 0.02219781 0.30000001 0.07399269 0.02219740 0.00000507 0.00000466
 73.50000000 161745 26 26 1470 5000161745 0.02200612 0.30000001 0.07335374 0.02200612 0.00000354 0.00000354
 74.00000000 160360 16 15 1480 5000160361 0.02167041 0.30000001 0.07223468 0.02167027 0.00000216 0.00000203
 74.50000000 158575 41 35 1490 5000158581 0.02128604 0.30000001 0.07095346 0.02128523 0.00000550 0.00000470
 75.00000000 159077 16 15 1500 5000159078 0.02121040 0.30000001 0.07070133 0.02121027 0.00000213 0.00000200
 75.50000000 160787 14 13 1510 5000160788 0.02129642 0.30000001 0.07098808 0.02129629 0.00000185 0.00000172
 76.00000000 158830 28 28 1520 5000158830 0.02089868 0.30000001 0.06966228 0.02089868 0.00000368 0.00000368
 76.50000000 159270 12 11 1530 5000159271 0.02081974 0.30000001 0.06939913 0.02081961 0.00000157 0.00000144
 77.00000000 157494 9 8 1540 5000157495 0.02045390 0.30000001 0.06817965 0.02045377 0.00000117 0.00000104
 77.50000000 155190 5 5 1550 5000155190 0.02002452 0.30000001 0.06674838 0.02002452 0.00000065 0.00000065
 78.00000000 160119 4 4 1560 5000160119 0.02052808 0.30000001 0.06842692 0.02052808 0.00000051 0.00000051
 78.50000000 156040 3 3 1570 5000156040 0.01987771 0.30000001 0.06625902 0.01987771 0.00000038 0.00000038
 79.00000000 153650 4 4 1580 5000153650 0.01944937 0.30000001 0.06483122 0.01944937 0.00000051 0.00000051
 79.50000000 151974 2 2 1590 5000151974 0.01911623 0.30000001 0.06372075 0.01911623 0.00000025 0.00000025
 80.00000000 148249 6 6 1600 5000148249 0.01853112 0.30000001 0.06177041 0.01853112 0.00000075 0.00000075
 80.50000000 150226 2 2 1610 5000150226 0.01866161 0.30000001 0.06220538 0.01866161 0.00000025 0.00000025
 81.00000000 149174 1 1 1620 5000149174 0.01841654 0.30000001 0.06138847 0.01841654 0.00000012 0.00000012
 81.50000000 145196 2 2 1630 5000145196 0.01781546 0.30000001 0.05938486 0.01781546 0.00000025 0.00000025
 82.00000000 143222 3 3 1640 5000143222 0.01746610 0.30000001 0.05822032 0.01746610 0.00000037 0.00000037
 82.50000000 140313 0 0 1650 5000140313 0.01700764 0.30000001 0.05669212 0.01700764 0.00000000 0.00000000
 83.00000000 138502 0 0 1660 5000138502 0.01668699 0.30000001 0.05562329 0.01668699 0.00000000 0.00000000
 83.50000000 134725 0 0 1670 5000134725 0.01613473 0.30000001 0.05378243 0.01613473 0.00000000 0.00000000
 84.00000000 132541 0 0 1680 5000132541 0.01577869 0.30000001 0.05259563 0.01577869 0.00000000 0.00000000
 84.50000000 129172 0 0 1690 5000129172 0.01528663 0.30000001 0.05095542 0.01528663 0.00000000 0.00000000
 85.00000000 127422 0 0 1700 5000127422 0.01499082 0.30000001 0.04996941 0.01499082 0.00000000 0.00000000
 85.50000000 123525 0 0 1710 5000123525 0.01444737 0.30000001 0.04815789 0.01444737 0.00000000 0.00000000
 86.00000000 120998 0 0 1720 5000120998 0.01406953 0.30000001 0.04689845 0.01406953 0.00000000 0.00000000
 86.50000000 117045 0 0 1730 5000117045 0.01353121 0.30000001 0.04510404 0.01353121 0.00000000 0.00000000
 87.00000000 113307 0 0 1740 5000113307 0.01302379 0.30000001 0.04341264 0.01302379 0.00000000 0.00000000
 87.50000000 109598 0 0 1750 5000109598 0.01252549 0.30000001 0.04175162 0.01252549 0.00000000 0.00000000
 88.00000000 104886 0 0 1760 5000104886 0.01191886 0.30000001 0.03972954 0.01191886 0.00000000 0.00000000
 88.50000000 101528 0 0 1770 5000101528 0.01147209 0.30000001 0.03824030 0.01147209 0.00000000 0.00000000
 89.00000000 96249 0 0 1780 5000 96249 0.01081449 0.30000001 0.03604831 0.01081449 0.00000000 0.00000000
 89.50000000 92896 0 0 1790 5000 92896 0.01037944 0.30000001 0.03459814 0.01037944 0.00000000 0.00000000
 90.00000000 87233 0 0 1800 5000 87233 0.00969256 0.30000001 0.03230852 0.00969256 0.00000000 0.00000000
 90.50000000 83175 0 0 1810 5000 83175 0.00919061 0.30000001 0.03063536 0.00919061 0.00000000 0.00000000
 91.00000000 78744 0 0 1820 5000 78744 0.00865319 0.30000001 0.02884395 0.00865319 0.00000000 0.00000000
 91.50000000 73866 0 0 1830 5000 73866 0.00807279 0.30000001 0.02690929 0.00807279 0.00000000 0.00000000
 92.00000000 67418 0 0 1840 5000 67418 0.00732804 0.30000001 0.02442681 0.00732804 0.00000000 0.00000000
 92.50000000 62515 0 0 1850 5000 62515 0.00675838 0.30000001 0.02252793 0.00675838 0.00000000 0.00000000
 93.00000000 57170 0 0 1860 5000 57170 0.00614731 0.30000001 0.02049104 0.00614731 0.00000000 0.00000000
 93.50000000 51165 0 0 1870 5000 51165 0.00547219 0.30000001 0.01824064 0.00547219 0.00000000 0.00000000
 94.00000000 45494 0 0 1880 5000 45494 0.00483979 0.30000001 0.01613262 0.00483979 0.00000000 0.00000000
 94.50000000 40321 0 0 1890 5000 40321 0.00426677 0.30000001 0.01422257 0.00426677 0.00000000 0.00000000
 95.00000000 35313 0 0 1900 5000 35313 0.00371716 0.30000001 0.01239053 0.00371716 0.00000000 0.00000000
 95.50000000 29968 0 0 1910 5000 29968 0.00313801 0.30000001 0.01046003 0.00313801 0.00000000 0.00000000
 96.00000000 23807 0 0 1920 5000 23807 0.00247990 0.30000001 0.00826632 0.00247990 0.00000000 0.00000000
 96.50000000 19757 0 0 1930 5000 19757 0.00204736 0.30000001 0.00682452 0.00204736 0.00000000 0.00000000
 97.00000000 14971 0 0 1940 5000 14971 0.00154340 0.30000001 0.00514467 0.00154340 0.00000000 0.00000000
 97.50000000 10078 0 0 1950 5000 10078 0.00103364 0.30000001 0.00344547 0.00103364 0.00000000 0.00000000
 98.00000000 6153 0 0 1960 5000 6153 0.00062786 0.30000001 0.00209286 0.00062786 0.00000000 0.00000000
 98.50000000 3855 0 0 1970 5000 3855 0.00039137 0.30000001 0.00130457 0.00039137 0.00000000 0.00000000
 99.00000000 1244 0 0 1980 5000 1244 0.00012566 0.30000001 0.00041886 0.00012566 0.00000000 0.00000000
 99.50000000 334 0 0 1990 5000 334 0.00003357 0.30000001 0.00011189 0.00003357 0.00000000 0.00000000
100.00000000 0 0 0 2000 5000 0 0.00000000 0.30000001 0.00000000 0.00000000 0.00000000 0.00000000
