1 0 0 0 20 5000 5000 0 0.0 30.0 0.0 0.0 0.0 0.0
2 0 0 0 40 5000 5000 0 0.0 30.0 0.0 0.0 0.0 0.0
3 0 0 0 60 5000 5000 0 0.0 30.0 0.0 0.0 0.0 0.0
4 0 0 0 80 5000 5000 0 0.0 30.0 0.0 0.0 0.0 0.0
5 0 0 0 100 5000 5000 0 0.0 30.0 0.0 0.0 0.0 0.0
6 0 0 0 120 5000 5000 0 0.0 30.0 0.0 0.0 0.0 0.0
7 0 0 0 140 5000 5000 0 0.0 30.0 0.0 0.0 0.0 0.0
8 1 0 0 160 5000 5000 1 0.0 30.0 0.0 0.0 0.0 0.0
9 8 7 2 180 5000 5000 13 0.0 30.0 0.0 0.0 0.0 0.0
10 580 193 178 200 5000 5000 595 0.001 30.0 0.002 0.001 0.0 0.0
11 2824 833 770 220 5000 5000 2887 0.003 30.0 0.009 0.003 0.001 0.001
12 5585 1619 1518 240 5000 5000 5686 0.005 30.0 0.016 0.005 0.001 0.001
13 8189 2197 2058 260 5000 5000 8328 0.006 30.0 0.021 0.006 0.002 0.002
14 10582 2918 2762 280 5000 5000 10738 0.008 30.0 0.026 0.008 0.002 0.002
15 11946 3162 2999 300 5000 5000 12109 0.008 30.0 0.027 0.008 0.002 0.002
16 14353 3635 3419 320 5000 5000 14569 0.009 30.0 0.03 0.009 0.002 0.002
17 16971 4296 4064 340 5000 5000 17203 0.01 30.0 0.034 0.01 0.003 0.002
18 18771 4747 4509 360 5000 5000 19009 0.011 30.0 0.035 0.01 0.003 0.003
19 22290 5576 5288 380 5000 5000 22578 0.012 30.0 0.04 0.012 0.003 0.003
20 24720 6377 6018 400 5000 5000 25079 0.013 30.0 0.042 0.012 0.003 0.003
21 26262 6757 6447 420 5000 5000 26572 0.013 30.0 0.042 0.013 0.003 0.003
22 28480 7008 6675 440 5000 5000 28813 0.013 30.0 0.044 0.013 0.003 0.003
23 28160 6509 6213 460 5000 5000 28456 0.012 30.0 0.041 0.012 0.003 0.003
24 29977 6883 6548 480 5000 5000 30312 0.013 30.0 0.042 0.012 0.003 0.003
25 32208 7611 7244 500 5000 5000 32575 0.013 30.0 0.043 0.013 0.003 0.003
26 35884 8289 7892 520 5000 5000 36281 0.014 30.0 0.047 0.014 0.003 0.003
27 35121 7757 7381 540 5000 5000 35497 0.013 30.0 0.044 0.013 0.003 0.003
28 39793 9319 8889 560 5000 5000 40223 0.014 30.0 0.048 0.014 0.003 0.003
29 39956 8775 8379 580 5000 5000 40352 0.014 30.0 0.046 0.014 0.003 0.003
30 41962 9332 8924 600 5000 5000 42370 0.014 30.0 0.047 0.014 0.003 0.003
31 41488 8987 8631 620 5000 5000 41844 0.013 30.0 0.045 0.013 0.003 0.003
32 44337 9909 9515 640 5000 5000 44731 0.014 30.0 0.047 0.014 0.003 0.003
33 47803 10508 10063 660 5000 5000 48248 0.015 30.0 0.049 0.014 0.003 0.003
34 46696 9919 9489 680 5000 5000 47126 0.014 30.0 0.046 0.014 0.003 0.003
35 48777 10417 9981 700 5000 5000 49213 0.014 30.0 0.047 0.014 0.003 0.003
36 50968 10717 10262 720 5000 5000 51423 0.014 30.0 0.048 0.014 0.003 0.003
37 50943 10260 9868 740 5000 5000 51335 0.014 30.0 0.046 0.014 0.003 0.003
38 50174 10012 9589 760 5000 5000 50597 0.013 30.0 0.044 0.013 0.003 0.003
39 52352 10167 9793 779 5000 5000 52726 0.014 30.0 0.045 0.013 0.003 0.003
40 51708 9655 9310 800 5000 5000 52053 0.013 30.0 0.043 0.013 0.002 0.002
41 53614 10140 9809 820 5000 5000 53945 0.013 30.0 0.044 0.013 0.002 0.002
42 51111 9341 9031 840 5000 5000 51421 0.012 30.0 0.041 0.012 0.002 0.002
43 53887 9573 9249 860 5000 5000 54211 0.013 30.0 0.042 0.013 0.002 0.002
44 53161 8905 8664 880 5000 5000 53402 0.012 30.0 0.04 0.012 0.002 0.002
45 54703 9445 9176 900 5000 5000 54972 0.012 30.0 0.041 0.012 0.002 0.002
46 53534 8725 8496 920 5000 5000 53763 0.012 30.0 0.039 0.012 0.002 0.002
47 53424 8634 8417 940 5000 5000 53641 0.011 30.0 0.038 0.011 0.002 0.002
48 55939 8355 8179 960 5000 5000 56115 0.012 30.0 0.039 0.012 0.002 0.002
49 52646 7801 7631 980 5000 5000 52816 0.011 30.0 0.036 0.011 0.002 0.002
50 51784 7538 7347 1000 5000 5000 51975 0.01 30.0 0.035 0.01 0.002 0.001
51 52752 7354 7233 1020 5000 5000 52873 0.01 30.0 0.035 0.01 0.001 0.001
52 51585 6682 6557 1040 5000 5000 51710 0.01 30.0 0.033 0.01 0.001 0.001
52 49211 6407 6271 1059 5000 5000 49347 0.009 30.0 0.031 0.009 0.001 0.001
54 48730 6105 5998 1080 5000 5000 48837 0.009 30.0 0.03 0.009 0.001 0.001
55 49546 5664 5599 1100 5000 5000 49611 0.009 30.0 0.03 0.009 0.001 0.001
56 47775 5149 5087 1120 5000 5000 47837 0.009 30.0 0.028 0.009 0.001 0.001
57 45423 4992 4907 1140 5000 5000 45508 0.008 30.0 0.027 0.008 0.001 0.001
58 45516 4535 4493 1160 5000 5000 45558 0.008 30.0 0.026 0.008 0.001 0.001
58 43607 4102 4056 1179 5000 5000 43653 0.007 30.0 0.025 0.007 0.001 0.001
60 41913 3794 3770 1200 5000 5000 41937 0.007 30.0 0.023 0.007 0.001 0.001
61 40252 3444 3418 1220 5000 5000 40278 0.007 30.0 0.022 0.007 0.001 0.001
62 39375 3000 2977 1240 5000 5000 39398 0.006 30.0 0.021 0.006 0.0 0.0
63 36417 2797 2775 1260 5000 5000 36439 0.006 30.0 0.019 0.006 0.0 0.0
64 34903 2610 2596 1280 5000 5000 34917 0.005 30.0 0.018 0.005 0.0 0.0
65 33993 1991 1984 1300 5000 5000 34000 0.005 30.0 0.017 0.005 0.0 0.0
66 31730 1967 1958 1320 5000 5000 31739 0.005 30.0 0.016 0.005 0.0 0.0
67 29341 1714 1706 1340 5000 5000 29349 0.004 30.0 0.015 0.004 0.0 0.0
68 28092 1325 1325 1360 5000 5000 28092 0.004 30.0 0.014 0.004 0.0 0.0
69 25877 937 934 1380 5000 5000 25880 0.004 30.0 0.013 0.004 0.0 0.0
70 23623 999 998 1400 5000 5000 23624 0.003 30.0 0.011 0.003 0.0 0.0
71 22320 739 735 1420 5000 5000 22324 0.003 30.0 0.01 0.003 0.0 0.0
72 20880 780 780 1440 5000 5000 20880 0.003 30.0 0.01 0.003 0.0 0.0
73 18572 550 549 1460 5000 5000 18573 0.003 30.0 0.008 0.003 0.0 0.0
74 17461 402 402 1480 5000 5000 17461 0.002 30.0 0.008 0.002 0.0 0.0
75 15038 309 309 1500 5000 5000 15038 0.002 30.0 0.007 0.002 0.0 0.0
76 13704 315 314 1520 5000 5000 13705 0.002 30.0 0.006 0.002 0.0 0.0
77 11658 127 127 1540 5000 5000 11658 0.002 30.0 0.005 0.002 0.0 0.0
78 10903 140 140 1559 5000 5000 10903 0.001 30.0 0.005 0.001 0.0 0.0
79 8928 67 67 1580 5000 5000 8928 0.001 30.0 0.004 0.001 0.0 0.0
80 8216 105 105 1600 5000 5000 8216 0.001 30.0 0.003 0.001 0.0 0.0
81 6544 59 59 1620 5000 5000 6544 0.001 30.0 0.003 0.001 0.0 0.0
82 5997 82 82 1640 5000 5000 5997 0.001 30.0 0.002 0.001 0.0 0.0
83 4492 8 8 1660 5000 5000 4492 0.001 30.0 0.002 0.001 0.0 0.0
84 3347 0 0 1680 5000 5000 3347 0.0 30.0 0.001 0.0 0.0 0.0
85 2683 0 0 1700 5000 5000 2683 0.0 30.0 0.001 0.0 0.0 0.0
86 2304 1 1 1720 5000 5000 2304 0.0 30.0 0.001 0.0 0.0 0.0
87 1583 0 0 1740 5000 5000 1583 0.0 30.0 0.001 0.0 0.0 0.0
88 1203 1 1 1760 5000 5000 1203 0.0 30.0 0.0 0.0 0.0 0.0
89 804 0 0 1780 5000 5000 804 0.0 30.0 0.0 0.0 0.0 0.0
90 910 0 0 1800 5000 5000 910 0.0 30.0 0.0 0.0 0.0 0.0
91 526 0 0 1820 5000 5000 526 0.0 30.0 0.0 0.0 0.0 0.0
92 159 0 0 1840 5000 5000 159 0.0 30.0 0.0 0.0 0.0 0.0
93 126 0 0 1860 5000 5000 126 0.0 30.0 0.0 0.0 0.0 0.0
94 42 0 0 1880 5000 5000 42 0.0 30.0 0.0 0.0 0.0 0.0
95 43 0 0 1900 5000 5000 43 0.0 30.0 0.0 0.0 0.0 0.0
96 24 0 0 1920 5000 5000 24 0.0 30.0 0.0 0.0 0.0 0.0
97 3 0 0 1940 5000 5000 3 0.0 30.0 0.0 0.0 0.0 0.0
98 0 0 0 1960 5000 5000 0 0.0 30.0 0.0 0.0 0.0 0.0
99 0 0 0 1980 5000 5000 0 0.0 30.0 0.0 0.0 0.0 0.0
100 0 0 0 2000 5000 5000 0 0.0 30.0 0.0 0.0 0.0 0.0
