1 0 0 0 20 4999 0 0.0 30.0 0.0
2 0 0 0 40 4999 0 0.0 30.0 0.0
3 0 0 0 60 4999 0 0.0 30.0 0.0
4 0 0 0 80 4999 0 0.0 30.0 0.0
5 0 0 0 100 4999 0 0.0 30.0 0.0
6 0 0 0 120 4999 0 0.0 30.0 0.0
7 0 2 0 140 4999 2 0.0 30.0 0.0
8 9 13 9 160 4999 13 0.0 30.0 0.0
9 35 48 35 180 4999 48 0.0 30.0 0.0
10 313 368 313 200 4999 368 0.0 30.0 0.001
11 3053 3362 3053 220 4999 3362 0.003 30.0 0.01
12 5282 5747 5282 240 4999 5747 0.005 30.0 0.016
13 7746 8355 7746 260 4999 8355 0.006 30.0 0.021
14 10808 11649 10808 280 4999 11649 0.008 30.0 0.028
15 13001 14053 13001 300 4999 14053 0.009 30.0 0.031
16 14635 15671 14635 320 4999 15671 0.01 30.0 0.033
17 17361 18580 17361 340 4999 18580 0.011 30.0 0.036
18 20180 21534 20180 360 4999 21534 0.012 30.0 0.04
19 20705 22001 20705 380 4999 22001 0.012 30.0 0.039
20 23319 24853 23319 400 4999 24853 0.012 30.0 0.041
21 25509 27129 25509 420 4999 27129 0.013 30.0 0.043
22 28371 30032 28371 440 4999 30032 0.014 30.0 0.046
23 30285 32126 30285 460 4999 32126 0.014 30.0 0.047
24 31245 33145 31245 480 4999 33145 0.014 30.0 0.046
25 33102 35021 33102 500 4999 35021 0.014 30.0 0.047
26 34836 36755 34836 520 4999 36755 0.014 30.0 0.047
27 37772 40074 37772 540 4999 40074 0.015 30.0 0.049
28 36040 37880 36040 560 4999 37880 0.014 30.0 0.045
29 41085 43228 41085 580 4999 43228 0.015 30.0 0.05
30 42924 45254 42924 600 4999 45254 0.015 30.0 0.05
31 43108 45376 43108 620 4999 45376 0.015 30.0 0.049
32 45769 48154 45769 640 4999 48154 0.015 30.0 0.05
33 47636 50007 47636 660 4999 50007 0.015 30.0 0.051
34 49383 51787 49383 680 4999 51787 0.015 30.0 0.051
35 50770 53123 50770 700 4999 53123 0.015 30.0 0.051
36 47040 49087 47040 720 4999 49087 0.014 30.0 0.045
37 50954 53023 50954 740 4999 53023 0.014 30.0 0.048
38 52028 54232 52028 760 4999 54232 0.014 30.0 0.048
39 52917 54994 52917 779 4999 54994 0.014 30.0 0.047
40 52583 54511 52583 800 4999 54511 0.014 30.0 0.045
41 54612 56556 54612 820 4999 56556 0.014 30.0 0.046
42 53703 55611 53703 840 4999 55611 0.013 30.0 0.044
43 53139 54901 53139 860 4999 54901 0.013 30.0 0.043
44 54879 56546 54879 880 4999 56546 0.013 30.0 0.043
45 55311 56824 55311 900 4999 56824 0.013 30.0 0.042
46 53229 54707 53229 920 4999 54707 0.012 30.0 0.04
47 53420 54851 53420 940 4999 54851 0.012 30.0 0.039
48 54333 55595 54333 960 4999 55595 0.012 30.0 0.039
49 51987 53162 51987 980 4999 53162 0.011 30.0 0.036
50 52707 53809 52707 1000 4999 53809 0.011 30.0 0.036
51 52788 53843 52788 1020 4999 53843 0.011 30.0 0.035
52 51378 52288 51378 1040 4999 52288 0.01 30.0 0.034
52 49678 50557 49678 1059 4999 50557 0.01 30.0 0.032
54 49803 50546 49803 1080 4999 50546 0.009 30.0 0.031
55 47488 48180 47488 1100 4999 48180 0.009 30.0 0.029
56 46416 47066 46416 1120 4999 47066 0.008 30.0 0.028
57 45524 46084 45524 1140 4999 46084 0.008 30.0 0.027
58 44316 44853 44316 1160 4999 44853 0.008 30.0 0.026
58 42903 43286 42903 1179 4999 43286 0.007 30.0 0.024
60 42242 42560 42242 1200 4999 42560 0.007 30.0 0.024
61 39175 39567 39175 1220 4999 39567 0.006 30.0 0.022
62 39212 39382 39212 1240 4999 39382 0.006 30.0 0.021
63 37126 37282 37126 1260 4999 37282 0.006 30.0 0.02
64 35192 35366 35192 1280 4999 35366 0.006 30.0 0.018
65 33716 33841 33716 1300 4999 33841 0.005 30.0 0.017
66 31599 31726 31599 1320 4999 31726 0.005 30.0 0.016
67 29787 29873 29787 1340 4999 29873 0.004 30.0 0.015
68 27437 27534 27437 1360 4999 27534 0.004 30.0 0.013
69 26296 26330 26296 1380 4999 26330 0.004 30.0 0.013
70 24266 24290 24266 1400 4999 24290 0.003 30.0 0.012
71 23070 23102 23070 1420 4999 23102 0.003 30.0 0.011
72 20310 20341 20310 1440 4999 20341 0.003 30.0 0.009
73 19623 19636 19623 1460 4999 19636 0.003 30.0 0.009
74 16978 16983 16978 1480 4999 16983 0.002 30.0 0.008
75 15886 15898 15886 1500 4999 15898 0.002 30.0 0.007
76 14079 14083 14079 1520 4999 14083 0.002 30.0 0.006
77 11740 11740 11740 1540 4999 11740 0.002 30.0 0.005
78 10145 10145 10145 1559 4999 10145 0.001 30.0 0.004
79 9073 9074 9073 1580 4999 9074 0.001 30.0 0.004
80 8014 8017 8014 1600 4999 8017 0.001 30.0 0.003
81 6909 6910 6909 1620 4999 6910 0.001 30.0 0.003
82 5336 5336 5336 1640 4999 5336 0.001 30.0 0.002
83 4119 4119 4119 1660 4999 4119 0.0 30.0 0.002
84 3633 3633 3633 1680 4999 3633 0.0 30.0 0.001
85 2970 2970 2970 1700 4999 2970 0.0 30.0 0.001
86 2298 2298 2298 1720 4999 2298 0.0 30.0 0.001
87 1540 1540 1540 1740 4999 1540 0.0 30.0 0.001
88 1612 1612 1612 1760 4999 1612 0.0 30.0 0.001
89 945 945 945 1780 4999 945 0.0 30.0 0.0
90 561 561 561 1800 4999 561 0.0 30.0 0.0
