134.45999 1.0 134.45999
135.0 1.0 135.0
135.0 1.0 135.0
135.0 1.0 135.0
135.0 1.0 135.0
135.0 1.0 135.0
133.65 1.0 133.65
135.0 1.0 135.0
135.0 1.0 135.0
135.0 1.0 135.0
134.45999 1.0 134.45999
135.0 1.0 135.0
135.0 1.0 135.0
134.45999 1.0 134.45999
135.0 1.0 135.0
134.45999 1.0 134.45999
135.0 1.0 135.0
135.0 1.0 135.0
135.0 1.0 135.0
134.45999 1.0 134.45999
133.65 1.0 133.65
135.0 1.0 135.0
135.0 1.0 135.0
135.0 1.0 135.0
134.45999 1.0 134.45999
134.45999 1.0 134.45999
135.0 1.0 135.0
135.0 1.0 135.0
134.19 1.0 134.19
135.0 1.0 135.0
135.0 1.0 135.0
135.0 1.0 135.0
135.0 1.0 135.0
135.0 1.0 135.0
135.0 1.0 135.0
134.45999 1.0 134.45999
135.0 1.0 135.0
134.19 1.0 134.19
135.0 1.0 135.0
135.0 1.0 135.0
135.0 1.0 135.0
270.0 2.0 135.0
269.19 2.0 134.595
270.0 2.0 135.0
270.0 2.0 135.0
270.0 2.0 135.0
270.0 2.0 135.0
269.19 2.0 134.595
270.0 2.0 135.0
270.0 2.0 135.0
270.0 2.0 135.0
270.0 2.0 135.0
270.0 2.0 135.0
268.65 2.0 134.325
270.0 2.0 135.0
269.46002 2.0 134.73001
269.19 2.0 134.595
270.0 2.0 135.0
268.65 2.0 134.325
268.91998 2.0 134.45999
270.0 2.0 135.0
270.0 2.0 135.0
268.92 2.0 134.46
269.46002 2.0 134.73001
270.0 2.0 135.0
269.19 2.0 134.595
269.46002 2.0 134.73001
270.0 2.0 135.0
270.0 2.0 135.0
270.0 2.0 135.0
270.0 2.0 135.0
268.91998 2.0 134.45999
270.0 2.0 135.0
270.0 2.0 135.0
269.19 2.0 134.595
270.0 2.0 135.0
269.46002 2.0 134.73001
269.73 2.0 134.865
269.46002 2.0 134.73001
269.19 2.0 134.595
269.73 2.0 134.865
270.0 2.0 135.0
404.73 3.0 134.91
403.91998 3.0 134.64
404.46002 3.0 134.82
405.0 3.0 135.0
404.19 3.0 134.73
404.46002 3.0 134.82
404.46002 3.0 134.82
404.19 3.0 134.73
404.46002 3.0 134.82
405.0 3.0 135.0
404.19003 3.0 134.73001
403.65002 3.0 134.55
403.91998 3.0 134.64
405.0 3.0 135.0
402.57 3.0 134.19
402.84 3.0 134.28
404.73 3.0 134.91
403.91998 3.0 134.64
403.65002 3.0 134.55
405.0 3.0 135.0
404.46002 3.0 134.82
402.57 3.0 134.19
405.0 3.0 135.0
404.46002 3.0 134.82
405.0 3.0 135.0
405.0 3.0 135.0
405.0 3.0 135.0
405.0 3.0 135.0
403.65002 3.0 134.55
405.0 3.0 135.0
405.0 3.0 135.0
405.0 3.0 135.0
404.73 3.0 134.91
405.0 3.0 135.0
405.0 3.0 135.0
405.0 3.0 135.0
405.0 3.0 135.0
403.91998 3.0 134.64
405.0 3.0 135.0
402.84 3.0 134.28
404.19 3.0 134.73
537.84 4.0 134.46
537.02997 4.0 134.25749
538.92004 4.0 134.73001
539.46 4.0 134.865
538.65 4.0 134.6625
538.92004 4.0 134.73001
540.0 4.0 135.0
539.73 4.0 134.9325
538.65 4.0 134.6625
539.19 4.0 134.7975
539.73 4.0 134.9325
539.19 4.0 134.7975
536.22003 4.0 134.05501
538.92 4.0 134.73
539.73 4.0 134.9325
540.0 4.0 135.0
540.0 4.0 135.0
539.73 4.0 134.9325
536.76 4.0 134.19
539.73 4.0 134.9325
539.45996 4.0 134.86499
539.19 4.0 134.7975
540.0 4.0 135.0
538.38 4.0 134.595
539.19 4.0 134.7975
540.0 4.0 135.0
539.46 4.0 134.865
539.46 4.0 134.865
540.0 4.0 135.0
539.19 4.0 134.7975
538.38 4.0 134.595
540.0 4.0 135.0
540.0 4.0 135.0
538.92004 4.0 134.73001
538.38 4.0 134.595
538.38 4.0 134.595
539.19 4.0 134.7975
538.11 4.0 134.5275
538.11 4.0 134.5275
539.73 4.0 134.9325
539.73 4.0 134.9325
675.0 5.0 135.0
673.92 5.0 134.784
674.19 5.0 134.838
674.73 5.0 134.946
674.19 5.0 134.838
673.92 5.0 134.784
673.11005 5.0 134.62201
672.02997 5.0 134.40599
673.92 5.0 134.784
673.92 5.0 134.784
675.0 5.0 135.0
673.64996 5.0 134.73
673.38 5.0 134.676
673.38 5.0 134.676
675.0 5.0 135.0
675.0 5.0 135.0
673.64996 5.0 134.73
675.0 5.0 135.0
674.45996 5.0 134.892
674.45996 5.0 134.892
674.19 5.0 134.838
673.92 5.0 134.784
675.0 5.0 135.0
674.19 5.0 134.838
674.45996 5.0 134.892
675.0 5.0 135.0
675.0 5.0 135.0
674.45996 5.0 134.892
674.45996 5.0 134.892
674.45996 5.0 134.892
674.45996 5.0 134.892
673.11005 5.0 134.62201
674.45996 5.0 134.892
674.19006 5.0 134.83801
674.19 5.0 134.838
674.19 5.0 134.838
674.73 5.0 134.946
673.38 5.0 134.676
674.73 5.0 134.946
674.19 5.0 134.838
674.45996 5.0 134.892
808.92004 6.0 134.82
808.11 6.0 134.685
809.19006 6.0 134.865
809.19006 6.0 134.865
809.19006 6.0 134.865
808.11 6.0 134.685
809.73 6.0 134.955
808.64996 6.0 134.775
810.0 6.0 135.0
808.11 6.0 134.685
808.38007 6.0 134.73001
809.46 6.0 134.91
808.11 6.0 134.685
808.11 6.0 134.685
809.73 6.0 134.955
807.8399 6.0 134.63998
808.64996 6.0 134.775
808.38 6.0 134.73
808.38007 6.0 134.73001
809.46 6.0 134.91
808.92004 6.0 134.82
810.0 6.0 135.0
810.0 6.0 135.0
809.46 6.0 134.91
808.92004 6.0 134.82
808.9199 6.0 134.81999
808.11 6.0 134.685
809.46 6.0 134.91
808.64996 6.0 134.775
808.64996 6.0 134.775
809.19006 6.0 134.865
807.83997 6.0 134.64
809.73 6.0 134.955
810.0 6.0 135.0
807.57 6.0 134.595
810.0 6.0 135.0
808.64996 6.0 134.775
810.0 6.0 135.0
809.46 6.0 134.91
807.30005 6.0 134.55
808.92004 6.0 134.82
943.38 7.0 134.76857
944.19006 7.0 134.8843
943.9199 7.0 134.8457
942.57007 7.0 134.65286
941.22 7.0 134.45999
944.19006 7.0 134.8843
943.38 7.0 134.76857
944.73 7.0 134.96143
943.9199 7.0 134.8457
943.65 7.0 134.80714
942.03 7.0 134.57571
945.0 7.0 135.0
941.49005 7.0 134.49858
943.11 7.0 134.73
943.92004 7.0 134.84572
943.92004 7.0 134.84572
944.19006 7.0 134.8843
943.92004 7.0 134.84572
941.7601 7.0 134.53716
942.57007 7.0 134.65286
944.19006 7.0 134.8843
942.8401 7.0 134.69144
942.8401 7.0 134.69144
944.73 7.0 134.96143
943.11 7.0 134.73
943.11 7.0 134.73
943.65 7.0 134.80714
944.18994 7.0 134.88428
944.45996 7.0 134.92285
942.8401 7.0 134.69144
943.65 7.0 134.80714
944.45996 7.0 134.92285
941.7601 7.0 134.53716
942.30005 7.0 134.61429
944.73 7.0 134.96143
942.57007 7.0 134.65286
942.8401 7.0 134.69144
943.92004 7.0 134.84572
944.19006 7.0 134.8843
944.73 7.0 134.96143
942.57007 7.0 134.65286
1078.9199 8.0 134.86499
1078.38 8.0 134.7975
1078.38 8.0 134.7975
1076.22 8.0 134.5275
1078.11 8.0 134.76375
1076.49 8.0 134.56125
1079.46 8.0 134.9325
1078.92 8.0 134.865
1080.0 8.0 135.0
1080.0 8.0 135.0
1080.0 8.0 135.0
1079.46 8.0 134.9325
1080.0 8.0 135.0
1078.65 8.0 134.83125
1079.1901 8.0 134.89876
1078.65 8.0 134.83125
1078.92 8.0 134.865
1079.1901 8.0 134.89876
1077.3 8.0 134.6625
1080.0 8.0 135.0
1079.1901 8.0 134.89876
1077.3 8.0 134.6625
1079.73 8.0 134.96625
1076.49 8.0 134.56125
1078.92 8.0 134.865
1079.46 8.0 134.9325
1078.65 8.0 134.83125
1077.8401 8.0 134.73001
1078.38 8.0 134.7975
1080.0 8.0 135.0
1078.1101 8.0 134.76376
1080.0 8.0 135.0
1078.65 8.0 134.83125
1078.65 8.0 134.83125
1078.92 8.0 134.865
1078.11 8.0 134.76375
1078.38 8.0 134.7975
1077.3 8.0 134.6625
1079.46 8.0 134.9325
1075.95 8.0 134.49374
1078.92 8.0 134.865
1213.65 9.0 134.85
1211.49 9.0 134.61
1212.2999 9.0 134.7
1212.0302 9.0 134.67001
1212.84 9.0 134.76
1214.19 9.0 134.90999
1210.68 9.0 134.52
1212.8401 9.0 134.76001
1212.57 9.0 134.73
1212.84 9.0 134.76
1213.65 9.0 134.85
1213.65 9.0 134.85
1212.0298 9.0 134.66998
1213.92 9.0 134.88
1215.0 9.0 135.0
1212.8401 9.0 134.76001
1213.92 9.0 134.88
1214.1901 9.0 134.91
1212.2999 9.0 134.7
1211.76 9.0 134.64
1212.8401 9.0 134.76001
1213.3799 9.0 134.81999
1213.1101 9.0 134.79001
1214.46 9.0 134.94
1210.9501 9.0 134.55
1213.65 9.0 134.85
1213.92 9.0 134.88
1214.73 9.0 134.97
1214.73 9.0 134.97
1214.46 9.0 134.94
1212.03 9.0 134.67
1212.57 9.0 134.73
1212.8401 9.0 134.76001
1213.65 9.0 134.85
1213.11 9.0 134.79
1213.9199 9.0 134.87999
1212.0298 9.0 134.66998
1214.1901 9.0 134.91
1213.11 9.0 134.79
1213.3799 9.0 134.81999
1214.19 9.0 134.90999
1345.95 10.0 134.595
1344.8701 10.0 134.48701
1345.41 10.0 134.541
1349.73 10.0 134.97299
1346.2201 10.0 134.62201
1346.76 10.0 134.676
1348.3801 10.0 134.83801
1348.65 10.0 134.865
1343.25 10.0 134.325
1342.4401 10.0 134.244
1344.87 10.0 134.487
1348.3801 10.0 134.83801
1348.3799 10.0 134.83798
1347.84 10.0 134.784
1346.2201 10.0 134.62201
1346.49 10.0 134.649
1349.46 10.0 134.946
1346.22 10.0 134.622
1348.65 10.0 134.865
1347.03 10.0 134.703
1347.84 10.0 134.784
1346.2201 10.0 134.62201
1347.3 10.0 134.73001
1348.1099 10.0 134.81099
1347.84 10.0 134.784
1348.1099 10.0 134.81099
1348.38 10.0 134.838
1349.46 10.0 134.946
1348.65 10.0 134.865
1344.5999 10.0 134.45999
1348.1099 10.0 134.81099
1348.9199 10.0 134.892
1344.87 10.0 134.487
1349.1901 10.0 134.919
1347.5701 10.0 134.757
1348.1101 10.0 134.811
1347.5701 10.0 134.757
1349.1901 10.0 134.919
1345.9498 10.0 134.59499
1347.03 10.0 134.703
1347.5698 10.0 134.75699
1482.0299 11.0 134.73
1483.92 11.0 134.90182
1484.4601 11.0 134.95091
1483.92 11.0 134.90182
1483.1101 11.0 134.82819
1484.19 11.0 134.92636
1482.57 11.0 134.77908
1483.65 11.0 134.87727
1482.57 11.0 134.77908
1483.1099 11.0 134.82817
1480.9498 11.0 134.6318
1484.4601 11.0 134.95091
1482.84 11.0 134.80363
1481.49 11.0 134.68091
1484.73 11.0 134.97545
1482.84 11.0 134.80363
1482.8398 11.0 134.80362
1483.1101 11.0 134.82819
1482.57 11.0 134.77908
1480.4099 11.0 134.58272
1478.25 11.0 134.38637
1482.0299 11.0 134.73
1483.3799 11.0 134.85272
1484.19 11.0 134.92636
1483.1099 11.0 134.82817
1481.7599 11.0 134.70544
1482.0299 11.0 134.73
1481.22 11.0 134.65636
1482.0299 11.0 134.73
1482.2998 11.0 134.75453
1483.3799 11.0 134.85272
1483.1099 11.0 134.82817
1482.57 11.0 134.77908
1482.57 11.0 134.77908
1478.5198 11.0 134.41089
1483.3799 11.0 134.85272
1482.5701 11.0 134.7791
1484.73 11.0 134.97545
1479.8701 11.0 134.53365
1481.7599 11.0 134.70544
1484.73 11.0 134.97545
1617.2999 12.0 134.775
1615.6798 12.0 134.63998
1614.8699 12.0 134.5725
1618.3801 12.0 134.865
1618.11 12.0 134.8425
1614.06 12.0 134.505
1618.1099 12.0 134.84248
1615.6799 12.0 134.64
1616.2197 12.0 134.68498
1617.8398 12.0 134.81999
1616.76 12.0 134.73
1617.0298 12.0 134.75249
1618.3801 12.0 134.865
1619.19 12.0 134.9325
1617.3 12.0 134.77501
1617.2999 12.0 134.775
1617.2999 12.0 134.775
1616.22 12.0 134.685
1613.7898 12.0 134.48248
1618.6499 12.0 134.8875
1617.03 12.0 134.7525
1618.11 12.0 134.8425
1617.8398 12.0 134.81999
1617.8401 12.0 134.82
1617.2999 12.0 134.775
1617.5701 12.0 134.7975
1616.7601 12.0 134.73001
1618.92 12.0 134.91
1615.9501 12.0 134.6625
1619.19 12.0 134.9325
1617.8398 12.0 134.81999
1618.11 12.0 134.8425
1614.6001 12.0 134.55
1617.0298 12.0 134.75249
1619.46 12.0 134.955
1618.11 12.0 134.8425
1614.8699 12.0 134.5725
1617.03 12.0 134.7525
1620.0 12.0 135.0
1615.14 12.0 134.595
1616.7601 12.0 134.73001
1751.22 13.0 134.70923
1752.03 13.0 134.77155
1750.95 13.0 134.68846
1752.3 13.0 134.79231
1752.5698 13.0 134.81306
1750.41 13.0 134.64693
1748.2499 13.0 134.48076
1752.8398 13.0 134.83383
1748.25 13.0 134.48077
1749.8699 13.0 134.60538
1753.3801 13.0 134.8754
1751.7598 13.0 134.75075
1748.25 13.0 134.48077
1753.3801 13.0 134.8754
1752.5698 13.0 134.81306
1750.68 13.0 134.6677
1751.2202 13.0 134.70924
1752.3 13.0 134.79231
1749.0599 13.0 134.54308
1752.8398 13.0 134.83383
1751.7599 13.0 134.75076
1752.03 13.0 134.77155
1749.8699 13.0 134.60538
1750.95 13.0 134.68846
1753.6499 13.0 134.89615
1748.2499 13.0 134.48076
1751.49 13.0 134.73
1750.68 13.0 134.6677
1754.4601 13.0 134.95847
1752.3 13.0 134.79231
1754.19 13.0 134.93768
1746.3602 13.0 134.3354
1751.49 13.0 134.73
1749.6 13.0 134.58461
1751.7599 13.0 134.75076
1750.4099 13.0 134.64691
1751.7599 13.0 134.75076
1752.5698 13.0 134.81306
1752.84 13.0 134.83385
1752.0299 13.0 134.77153
1751.49 13.0 134.73
1885.1401 14.0 134.65286
1882.98 14.0 134.49857
1884.6001 14.0 134.61429
1885.6802 14.0 134.69144
1885.1401 14.0 134.65286
1884.8699 14.0 134.63356
1884.3301 14.0 134.595
1887.3 14.0 134.80714
1885.95 14.0 134.71071
1887.03 14.0 134.78786
1884.6001 14.0 134.61429
1886.49 14.0 134.74928
1888.3801 14.0 134.8843
1886.7598 14.0 134.76855
1887.8401 14.0 134.84572
1886.4897 14.0 134.74927
1884.0602 14.0 134.57573
1884.6002 14.0 134.6143
1887.03 14.0 134.78786
1883.79 14.0 134.55643
1882.7101 14.0 134.4793
1884.0602 14.0 134.57573
1886.22 14.0 134.73
1884.0602 14.0 134.57573
1885.4099 14.0 134.67213
1878.93 14.0 134.20929
1884.3296 14.0 134.59497
1884.8699 14.0 134.63356
1887.2998 14.0 134.80713
1888.3801 14.0 134.8843
1887.5698 14.0 134.82642
1882.4401 14.0 134.46
1886.2202 14.0 134.73001
1888.3801 14.0 134.8843
1885.4102 14.0 134.67215
1884.8699 14.0 134.63356
1887.3 14.0 134.80714
1884.6001 14.0 134.61429
1887.0298 14.0 134.78784
1882.71 14.0 134.47928
1886.49 14.0 134.74928
2016.3599 15.000001 134.42398
2018.2501 15.000001 134.55
2017.1698 15.000001 134.47798
2020.14 15.000001 134.676
2016.9003 15.000001 134.46
2017.17 15.000001 134.478
2017.9801 15.000001 134.532
2017.1698 15.000001 134.47798
2020.4099 15.000001 134.69398
2019.5999 15.000001 134.63998
2020.9503 15.000001 134.73001
2021.49 15.000001 134.76599
2018.7902 15.000001 134.586
2018.25 15.000001 134.54999
2016.3604 15.000001 134.42401
2017.71 15.000001 134.51399
2020.4102 15.000001 134.694
2021.4902 15.000001 134.766
2019.6001 15.000001 134.64
2021.49 15.000001 134.76599
2017.4402 15.000001 134.496
2019.3301 15.000001 134.622
2019.0602 15.000001 134.604
2016.9003 15.000001 134.46
2018.2501 15.000001 134.55
2022.5701 15.000001 134.838
2014.2001 15.000001 134.28
2018.2501 15.000001 134.55
2020.1403 15.000001 134.67601
2017.9801 15.000001 134.532
2020.6802 15.000001 134.712
2018.52 15.000001 134.568
2020.1403 15.000001 134.67601
2021.7601 15.000001 134.784
2016.9 15.000001 134.45999
2019.0602 15.000001 134.604
2019.8702 15.000001 134.658
2019.87 15.000001 134.65799
2017.4404 15.000001 134.49602
2021.2201 15.000001 134.748
2021.2201 15.000001 134.748
2014.47 16.0 125.90437
2037.9597 16.0 127.37248
2072.7903 16.0 129.5494
2050.1099 16.0 128.13187
2024.7297 16.0 126.54561
2064.15 16.0 129.00937
2053.6199 16.0 128.35124
2025.0 16.0 126.5625
2012.5803 16.0 125.78627
2001.5098 16.0 125.09436
1994.2195 16.0 124.63872
2021.4905 16.0 126.343155
2087.37 16.0 130.46063
2069.2798 16.0 129.32999
2022.3 16.0 126.39375
2010.6897 16.0 125.668106
2060.0996 16.0 128.75623
2100.0596 16.0 131.25372
2112.4802 16.0 132.03001
2124.3599 16.0 132.77249
2147.31 16.0 134.20688
2143.5303 16.0 133.97064
2143.8003 16.0 133.98752
2145.1504 16.0 134.0719
2146.5 16.0 134.15625
2139.7505 16.0 133.7344
2150.01 16.0 134.37563
2147.85 16.0 134.24063
2130.8403 16.0 133.17752
2147.31 16.0 134.20688
2144.61 16.0 134.03813
2140.8296 16.0 133.80185
2138.94 16.0 133.68375
2131.3796 16.0 133.21123
2129.7595 16.0 133.10997
2111.3997 16.0 131.96248
2116.53 16.0 132.28313
2113.83 16.0 132.11438
2078.4595 16.0 129.90372
2036.0697 16.0 127.25436
2054.1597 16.0 128.38498
2033.0999 17.0 119.59411
1994.76 17.0 117.33882
1956.15 17.0 115.06765
1956.6898 17.0 115.0994
1972.3499 17.0 116.02058
1981.2601 17.0 116.544716
1953.7201 17.0 114.92471
1961.8206 17.0 115.40121
2021.7598 17.0 118.92705
2019.5996 17.0 118.79998
2015.8201 17.0 118.57765
1999.3501 17.0 117.608826
2019.3301 17.0 118.78412
2022.3 17.0 118.958824
2037.6895 17.0 119.86408
2066.58 17.0 121.56354
2047.41 17.0 120.43588
2019.8696 17.0 118.81586
2022.5702 17.0 118.97472
2016.6299 17.0 118.62529
1973.7003 17.0 116.10002
1990.7097 17.0 117.10057
1997.7302 17.0 117.51354
2054.1604 17.0 120.83297
2020.6797 17.0 118.86351
2021.7603 17.0 118.92707
1954.5298 17.0 114.97234
1934.0098 17.0 113.76528
1934.0103 17.0 113.76531
1963.1702 17.0 115.4806
2004.2104 17.0 117.89473
2052.5403 17.0 120.73766
2026.8901 17.0 119.22883
2019.8701 17.0 118.81589
1993.68 17.0 117.2753
2003.6704 17.0 117.86297
2024.7295 17.0 119.10174
2025.5397 17.0 119.14939
1984.23 17.0 116.71941
1994.7605 17.0 117.33885
2032.29 17.0 119.54647
1992.3301 18.0 110.685005
2012.8502 18.0 111.82501
1968.8403 18.0 109.38002
1952.6401 18.0 108.48001
1956.4194 18.0 108.68997
1985.3099 18.0 110.295
2013.9304 18.0 111.885025
1993.4099 18.0 110.744995
1956.4202 18.0 108.69001
1954.5298 18.0 108.58499
2007.99 18.0 111.555
2039.8499 18.0 113.32499
1980.7194 18.0 110.03996
1970.19 18.0 109.454994
1992.8696 18.0 110.71498
2026.0806 18.0 112.56003
2000.1602 18.0 111.12001
1985.0403 18.0 110.280014
1952.0999 18.0 108.44999
1977.48 18.0 109.86
2003.1299 18.0 111.284996
2026.0801 18.0 112.560005
2036.0696 18.0 113.114975
2023.9198 18.0 112.43999
2012.0394 18.0 111.77997
2040.6602 18.0 113.37001
1985.8502 18.0 110.32501
1994.49 18.0 110.805
2004.4795 18.0 111.35997
2046.5999 18.0 113.69999
2065.7698 18.0 114.764984
2025.2701 18.0 112.51501
2008.5303 18.0 111.585014
2008.5298 18.0 111.58499
2043.36 18.0 113.52
2070.3604 18.0 115.02002
2080.35 18.0 115.57501
2052.5403 18.0 114.030014
2037.9602 18.0 113.22001
2040.39 18.0 113.355
2028.7793 18.0 112.70996
2019.8696 19.0 106.30893
2007.1802 19.0 105.64106
1989.63 19.0 104.71737
1973.7004 19.0 103.87897
2003.6703 19.0 105.45633
1998.0 19.0 105.1579
2000.6997 19.0 105.29999
1974.5101 19.0 103.921585
2009.8801 19.0 105.783165
2022.84 19.0 106.46526
1993.1401 19.0 104.902115
1961.8202 19.0 103.25369
2000.4307 19.0 105.28583
2010.4194 19.0 105.81155
1983.9594 19.0 104.418915
1984.5004 19.0 104.44739
2026.0807 19.0 106.635826
2007.99 19.0 105.683685
1968.8396 19.0 103.62314
1958.3096 19.0 103.068924
1971.2698 19.0 103.75104
1990.4396 19.0 104.75998
1982.8804 19.0 104.36212
1987.7399 19.0 104.61789
1993.6803 19.0 104.93054
1997.7308 19.0 105.14373
2000.6996 19.0 105.29998
1975.3203 19.0 103.964226
1983.4202 19.0 104.39053
1977.75 19.0 104.0921
1969.6497 19.0 103.66577
1979.3706 19.0 104.1774
2000.1605 19.0 105.27161
2032.0195 19.0 106.948395
2003.3997 19.0 105.442085
1995.8401 19.0 105.04421
1983.6904 19.0 104.40476
1983.6896 19.0 104.40472
1988.8201 19.0 104.67474
2006.6401 19.0 105.61264
1997.7301 19.0 105.14369
1928.8799 20.0 96.44399
1915.6499 20.0 95.78249
1940.4896 20.0 97.02448
1934.82 20.0 96.741
1932.3903 20.0 96.619514
1912.68 20.0 95.634
1957.2307 20.0 97.861534
1934.2795 20.0 96.713974
1920.7803 20.0 96.03902
1934.2808 20.0 96.714035
1996.1096 20.0 99.80548
1998.0 20.0 99.9
1941.0298 20.0 97.05149
1940.4896 20.0 97.02448
1940.2205 20.0 97.011024
1949.1299 20.0 97.4565
1947.7798 20.0 97.38899
1913.7605 20.0 95.68803
1946.4292 20.0 97.32146
1955.879 20.0 97.79395
1909.9795 20.0 95.49898
1920.2394 20.0 96.01197
1968.03 20.0 98.401505
2012.3097 20.0 100.615486
2013.6595 20.0 100.682976
1970.7299 20.0 98.53649
1991.5199 20.0 99.576
1969.1104 20.0 98.45552
1943.4597 20.0 97.17299
1903.7705 20.0 95.18852
1885.1398 20.0 94.25699
1937.249 20.0 96.86245
1951.8297 20.0 97.591484
1962.63 20.0 98.1315
1992.8699 20.0 99.64349
1969.6497 20.0 98.48248
1948.3196 20.0 97.41598
1928.88 20.0 96.444
1937.2495 20.0 96.86247
1922.1301 20.0 96.10651
1959.9298 20.0 97.99649
1994.2201 21.0 94.96286
1907.8209 21.0 90.84862
1978.0206 21.0 94.19146
1996.6497 21.0 95.07855
1913.2205 21.0 91.105736
1941.3002 21.0 92.44286
1951.8307 21.0 92.94432
1955.8794 21.0 93.137115
1939.4105 21.0 92.35288
1985.5801 21.0 94.55143
1919.1595 21.0 91.38855
1941.8406 21.0 92.4686
1888.3807 21.0 89.92289
1890.2703 21.0 90.01287
1914.3 21.0 91.15714
1962.3597 21.0 93.4457
1979.1005 21.0 94.24288
1926.1803 21.0 91.72287
1912.6797 21.0 91.07999
1911.0607 21.0 91.00289
1937.2499 21.0 92.24999
1930.5002 21.0 91.92858
1930.2297 21.0 91.9157
1948.32 21.0 92.77714
1930.7704 21.0 91.941444
1937.5195 21.0 92.26283
1913.22 21.0 91.10571
1928.8794 21.0 91.8514
1917.2699 21.0 91.29857
1856.5201 21.0 88.40572
1945.8901 21.0 92.66144
1907.8203 21.0 90.84859
1940.4904 21.0 92.404305
1996.6493 21.0 95.07854
1958.3107 21.0 93.25289
1950.4796 21.0 92.87998
1929.1494 21.0 91.86426
1965.599 21.0 93.59995
1933.4695 21.0 92.06998
1966.4104 21.0 93.63859
1953.4503 21.0 93.02145
1926.9896 22.0 87.59044
1948.0505 22.0 88.54775
1933.4701 22.0 87.885
1879.74 22.0 85.442726
1910.7903 22.0 86.8541
1908.9009 22.0 86.76822
1900.7998 22.0 86.399994
1908.3604 22.0 86.74365
1953.4493 22.0 88.79315
1953.99 22.0 88.817726
1907.28 22.0 86.69455
1923.2104 22.0 87.418655
1942.3804 22.0 88.290016
1955.0701 22.0 88.86682
1901.8805 22.0 86.44911
1933.4706 22.0 87.885025
1929.69 22.0 87.71318
1975.32 22.0 89.78727
1959.1194 22.0 89.05088
1952.6405 22.0 88.756386
1968.8403 22.0 89.492744
1941.5703 22.0 88.2532
1902.9597 22.0 86.49817
1890.2706 22.0 85.921394
1853.0104 22.0 84.227745
1827.9 22.0 83.086365
1805.4905 22.0 82.06775
1877.3102 22.0 85.33228
1883.25 22.0 85.60227
1833.8398 22.0 83.35635
1833.0304 22.0 83.319565
1874.0701 22.0 85.185005
1917.8096 22.0 87.173164
1945.3497 22.0 88.42499
1917.5392 22.0 87.16087
1949.1301 22.0 88.596825
1931.8495 22.0 87.81134
1922.9397 22.0 87.40635
1915.3796 22.0 87.06271
1883.7903 22.0 85.62683
1939.6805 22.0 88.1673
1841.6697 23.0 80.07259
1871.6403 23.0 81.37566
1916.1903 23.0 83.31262
1895.9402 23.0 82.43218
1948.5907 23.0 84.72134
1893.7803 23.0 82.33827
1820.8802 23.0 79.16871
1891.0798 23.0 82.22086
1854.6296 23.0 80.63607
1884.3296 23.0 81.927376
1921.5901 23.0 83.54739
1901.3401 23.0 82.66696
1893.78 23.0 82.338264
1917.5393 23.0 83.37128
1928.0709 23.0 83.82917
1855.1699 23.0 80.65956
1870.83 23.0 81.34043
1910.2499 23.0 83.054344
1940.7605 23.0 84.38089
1870.2898 23.0 81.31695
1928.88 23.0 83.86435
1875.4208 23.0 81.54003
1870.0205 23.0 81.30524
1884.5999 23.0 81.939125
1888.1101 23.0 82.09174
1896.2106 23.0 82.44394
1892.9692 23.0 82.30301
1894.5905 23.0 82.3735
1899.4509 23.0 82.58482
1851.3905 23.0 80.49524
1914.5702 23.0 83.24218
1889.1895 23.0 82.13867
1937.2504 23.0 84.22828
1916.4603 23.0 83.32436
1932.9302 23.0 84.04044
1863.8107 23.0 81.03525
1888.9196 23.0 82.12694
1922.1299 23.0 83.57086
1872.4497 23.0 81.41086
1914.5703 23.0 83.24219
1909.7104 23.0 83.03089
1841.9397 24.0 76.74749
1835.46 24.0 76.4775
1856.52 24.0 77.355
1876.5004 24.0 78.187515
1835.4602 24.0 76.47751
1877.8494 24.0 78.24372
1882.98 24.0 78.4575
1871.3698 24.0 77.97374
1857.8704 24.0 77.41126
1870.2894 24.0 77.92873
1874.0702 24.0 78.08626
1873.8 24.0 78.075005
1817.9104 24.0 75.74627
1839.5103 24.0 76.64626
1761.75 24.0 73.40625
1870.8301 24.0 77.951256
1821.9602 24.0 75.91501
1808.4607 24.0 75.35253
1873.8 24.0 78.075005
1877.8501 24.0 78.24375
1826.0105 24.0 76.08377
1852.2004 24.0 77.17502
1826.011 24.0 76.08379
1836.2703 24.0 76.51126
1860.0304 24.0 77.50127
1877.3103 24.0 78.22126
1898.9104 24.0 79.12127
1873.7999 24.0 78.075
1900.2603 24.0 79.17751
1861.6501 24.0 77.568756
1854.6304 24.0 77.27627
1834.1101 24.0 76.42126
1873.53 24.0 78.06375
1890.8103 24.0 78.78376
1889.73 24.0 78.73875
1893.5115 24.0 78.89631
1861.1106 24.0 77.54627
1884.8699 24.0 78.53625
1862.4592 24.0 77.60247
1855.71 24.0 77.32125
1854.6309 24.0 77.27628
1829.52 25.0 73.1808
1861.9204 25.0 74.476814
1839.51 25.0 73.5804
1840.3201 25.0 73.6128
1884.0597 25.0 75.36239
1817.9108 25.0 72.71643
1782.5403 25.0 71.30161
1827.8999 25.0 73.116
1761.2097 25.0 70.44839
1799.8206 25.0 71.99282
1868.939 25.0 74.75756
1852.7402 25.0 74.10961
1810.0809 25.0 72.40324
1835.1901 25.0 73.4076
1867.3195 25.0 74.69278
1837.3508 25.0 73.49403
1814.9395 25.0 72.59758
1846.529 25.0 73.86116
1877.5804 25.0 75.10322
1862.1898 25.0 74.487595
1858.411 25.0 74.33644
1866.5103 25.0 74.66041
1856.5206 25.0 74.260826
1852.2 25.0 74.088
1835.1896 25.0 73.407585
1855.17 25.0 74.2068
1855.7096 25.0 74.228386
1853.8201 25.0 74.1528
1808.4608 25.0 72.33843
1868.9396 25.0 74.75758
1845.4509 25.0 73.81804
1851.9302 25.0 74.07721
1839.7804 25.0 73.59122
1822.2314 25.0 72.88926
1842.2106 25.0 73.68842
1862.9998 25.0 74.51999
1817.6405 25.0 72.70562
1829.7902 25.0 73.191605
1833.8398 25.0 73.35359
1823.5806 25.0 72.94322
1852.2001 25.0 74.088005
1808.46 26.0 69.55615
1762.8296 26.0 67.80114
1790.6399 26.0 68.870766
1786.0496 26.0 68.694214
1823.8499 26.0 70.14807
1815.2101 26.0 69.81577
1804.4098 26.0 69.400375
1823.3115 26.0 70.127365
1833.0308 26.0 70.50118
1889.1897 26.0 72.66114
1837.6205 26.0 70.67771
1820.3396 26.0 70.01306
1830.331 26.0 70.39735
1834.3799 26.0 70.55307
1820.3403 26.0 70.01309
1794.4214 26.0 69.016205
1852.2004 26.0 71.23848
1797.3904 26.0 69.1304
1817.6406 26.0 69.909256
1829.2501 26.0 70.355774
1791.4507 26.0 68.90195
1856.7898 26.0 71.41499
1832.7598 26.0 70.49076
1836.27 26.0 70.62577
1817.9104 26.0 69.91963
1863.27 26.0 71.66423
1824.1204 26.0 70.15848
1820.6094 26.0 70.02344
1812.7803 26.0 69.72232
1828.9806 26.0 70.345406
1806.0298 26.0 69.462685
1843.2908 26.0 70.8958
1811.9706 26.0 69.69118
1801.441 26.0 69.286194
1773.9005 26.0 68.226944
1796.8508 26.0 69.10965
1790.6411 26.0 68.87081
1789.8292 26.0 68.839584
1781.4598 26.0 68.517685
1828.9812 26.0 70.34543
1770.6604 26.0 68.102325
1787.4005 27.000002 66.20001
1802.5201 27.000002 66.76
1790.3707 27.000002 66.31002
1724.2205 27.000002 63.860012
1798.7402 27.000002 66.62
1797.6599 27.000002 66.579994
1822.7706 27.000002 67.51002
1776.6006 27.000002 65.80002
1764.7201 27.000002 65.36
1753.6505 27.000002 64.95001
1752.5701 27.000002 64.909996
1760.941 27.000002 65.22003
1835.1906 27.000002 67.97002
1816.2904 27.000002 67.27001
1815.7504 27.000002 67.25001
1824.6604 27.000002 67.58001
1823.8512 27.000002 67.55004
1789.8312 27.000002 66.29004
1797.391 27.000002 66.57003
1798.2003 27.000002 66.600006
1826.2802 27.000002 67.64
1827.9005 27.000002 67.70001
1727.4606 27.000002 63.980015
1775.7909 27.000002 65.77003
1822.5001 27.000002 67.5
1816.2909 27.000002 67.27003
1819.5299 27.000002 67.38999
1845.7201 27.000002 68.36
1838.1602 27.000002 68.08
1806.5701 27.000002 66.909996
1803.3308 27.000002 66.79002
1796.5808 27.000002 66.54002
1800.6316 27.000002 66.690056
1786.5905 27.000002 66.17001
1845.4501 27.000002 68.35
1828.1709 27.000002 67.71003
1816.5599 27.000002 67.27999
1732.5905 27.000002 64.17001
1746.3604 27.000002 64.68001
1747.7108 27.000002 64.73003
1740.96 27.000002 64.479996
1779.5697 28.0 63.55606
1782.8108 28.0 63.671814
1758.7802 28.0 62.813576
1744.4705 28.0 62.302517
1764.7211 28.0 63.025753
1747.9806 28.0 62.42788
1717.7395 28.0 61.34784
1747.1697 28.0 62.39892
1813.5894 28.0 64.77105
1766.8809 28.0 63.102886
1774.9802 28.0 63.39215
1812.5106 28.0 64.73252
1799.8191 28.0 64.27925
1796.31 28.0 64.15393
1782.0002 28.0 63.642864
1770.3911 28.0 63.228252
1754.4608 28.0 62.659313
1749.0607 28.0 62.466454
1762.2905 28.0 62.93895
1766.0706 28.0 63.073948
1835.1903 28.0 65.54251
1782.2701 28.0 63.652504
1814.9406 28.0 64.819305
1706.94 28.0 60.96214
1766.6106 28.0 63.093235
1756.3496 28.0 62.726772
1739.0713 28.0 62.109688
1790.3702 28.0 63.941795
1786.5897 28.0 63.806774
1800.3608 28.0 64.2986
1805.7595 28.0 64.49141
1800.6299 28.0 64.30821
1766.6104 28.0 63.093227
1788.2109 28.0 63.864677
1768.5004 28.0 63.16073
1801.1702 28.0 64.32751
1782.8105 28.0 63.671806
1776.8707 28.0 63.459667
1821.9596 28.0 65.069984
1769.5797 28.0 63.199276
1726.3795 28.0 61.65641
1736.1006 29.0 59.865536
1753.381 29.0 60.461414
1734.2097 29.0 59.800335
1745.0115 29.0 60.17281
1743.1206 29.0 60.10761
1769.0398 29.0 61.001373
1786.0511 29.0 61.58797
1702.8904 29.0 58.72036
1749.6001 29.0 60.33104
1785.5101 29.0 61.569317
1708.5605 29.0 58.915882
1755.5408 29.0 60.53589
1749.8705 29.0 60.340363
1754.7305 29.0 60.507946
1772.8202 29.0 61.13173
1720.7103 29.0 59.33484
1752.301 29.0 60.42417
1739.0708 29.0 59.96796
1753.6497 29.0 60.470676
1782.5406 29.0 61.46692
1753.6509 29.0 60.47072
1755.5399 29.0 60.53586
1706.6713 29.0 58.850735
1757.4308 29.0 60.601063
1766.3402 29.0 60.908283
1738.8004 29.0 59.958633
1719.3607 29.0 59.2883
1782.5394 29.0 61.466877
1730.9705 29.0 59.688637
1737.4504 29.0 59.912083
1757.7012 29.0 60.610386
1743.1208 29.0 60.107616
1728.27 29.0 59.595516
1740.4199 29.0 60.01448
1720.9802 29.0 59.344147
1729.0798 29.0 59.623444
1744.7399 29.0 60.163445
1735.8307 29.0 59.85623
1754.191 29.0 60.489346
1776.8707 29.0 61.271404
1770.6594 29.0 61.05722
1704.2405 30.000002 56.808014
1726.1095 30.000002 57.53698
1688.5806 30.000002 56.286015
1697.7615 30.000002 56.592045
1715.3107 30.000002 57.177017
1701.2706 30.000002 56.70902
1680.2108 30.000002 56.007023
1730.6995 30.000002 57.68998
1722.6008 30.000002 57.420025
1710.1803 30.000002 57.00601
1713.9607 30.000002 57.13202
1736.6407 30.000002 57.88802
1716.9299 30.000002 57.230995
1716.9305 30.000002 57.231014
1738.8005 30.000002 57.960014
1727.191 30.000002 57.573032
1754.4612 30.000002 58.482037
1744.2012 30.000002 58.140034
1691.5513 30.000002 56.38504
1734.4807 30.000002 57.81602
1709.6414 30.000002 56.98804
1701.8103 30.000002 56.727005
1687.7706 30.000002 56.259018
1725.2999 30.000002 57.509995
1733.1296 30.000002 57.770985
1739.3417 30.000002 57.978054
1706.1304 30.000002 56.87101
1755.541 30.000002 58.51803
1742.8511 30.000002 58.09503
1696.6812 30.000002 56.556034
1666.4412 30.000002 55.548035
1715.0411 30.000002 57.168034
1739.6102 30.000002 57.987003
1727.4608 30.000002 57.582024
1698.2999 30.000002 56.609993
1741.7706 30.000002 58.059017
1750.9507 30.000002 58.36502
1734.7521 30.000002 57.825066
1682.101 30.000002 56.070026
1730.701 30.000002 57.690033
1701.2704 30.000002 56.70901
1678.8608 31.0 54.156803
1696.1412 31.0 54.714233
1707.4806 31.0 55.08002
1664.8203 31.0 53.70388
1732.8596 31.0 55.898697
1686.9609 31.0 54.418095
1665.091 31.0 53.712612
1697.2201 31.0 54.749035
1708.8304 31.0 55.12356
1725.5706 31.0 55.663567
1699.9205 31.0 54.836147
1683.7213 31.0 54.31359
1692.6309 31.0 54.600994
1705.0511 31.0 55.00165
1655.101 31.0 53.390354
1668.0608 31.0 53.80841
1720.4403 31.0 55.498074
1691.0114 31.0 54.54875
1734.2103 31.0 55.94227
1697.4913 31.0 54.757786
1714.7711 31.0 55.315197
1681.5605 31.0 54.24389
1666.1709 31.0 53.747448
1699.1101 31.0 54.810005
1710.9911 31.0 55.19326
1722.87 31.0 55.57645
1698.8401 31.0 54.801292
1717.7404 31.0 55.41098
1723.9506 31.0 55.61131
1667.5206 31.0 53.79099
1703.6998 31.0 54.958057
1703.1617 31.0 54.9407
1695.6003 31.0 54.696785
1675.8906 31.0 54.06099
1710.1809 31.0 55.167126
1699.3802 31.0 54.818718
1736.1006 31.0 56.003246
1684.2606 31.0 54.330986
1756.6201 31.0 56.665165
1703.1609 31.0 54.940674
1745.5499 31.0 56.308064
1686.4215 32.0 52.700672
1649.7004 32.0 51.55314
1680.4801 32.0 52.515003
1674.5413 32.0 52.329414
1697.4912 32.0 53.0466
1676.1611 32.0 52.380035
1676.9707 32.0 52.405334
1641.8699 32.0 51.308434
1670.222 32.0 52.19444
1688.3108 32.0 52.759712
1644.3005 32.0 51.38439
1688.8508 32.0 52.77659
1678.8601 32.0 52.46438
1641.6002 32.0 51.300007
1664.2809 32.0 52.008778
1700.7314 32.0 53.147858
1678.5906 32.0 52.455956
1643.2207 32.0 51.350647
1652.401 32.0 51.63753
1689.6604 32.0 52.801888
1658.0706 32.0 51.814705
1668.601 32.0 52.14378
1672.1111 32.0 52.25347
1698.0312 32.0 53.063477
1680.2103 32.0 52.506573
1695.0612 32.0 52.97066
1660.2314 32.0 51.882233
1647.0007 32.0 51.468773
1666.4407 32.0 52.07627
1632.1516 32.0 51.004738
1674.8112 32.0 52.33785
1672.3802 32.0 52.261883
1701.8109 32.0 53.18159
1697.4906 32.0 53.04658
1676.1605 32.0 52.380016
1670.4908 32.0 52.20284
1663.4707 32.0 51.98346
1704.2408 32.0 53.257526
1728.8098 32.0 54.025307
1658.611 32.0 51.831593
1621.0803 32.0 50.65876
1665.0906 33.0 50.45729
1680.7509 33.0 50.931843
1644.03 33.0 49.81909
1661.0414 33.0 50.334587
1666.7113 33.0 50.506405
1644.3005 33.0 49.82729
1659.4218 33.0 50.285507
1687.7701 33.0 51.14455
1617.3008 33.0 49.009113
1632.1509 33.0 49.459118
1664.2797 33.0 50.432716
1656.4503 33.0 50.195465
1667.2501 33.0 50.52273
1672.1102 33.0 50.670006
1651.8617 33.0 50.056416
1657.8002 33.0 50.23637
1671.3014 33.0 50.645496
1601.9115 33.0 48.542774
1652.9403 33.0 50.0891
1674.5399 33.0 50.743633
1645.1113 33.0 49.85186
1661.8512 33.0 50.359127
1664.8214 33.0 50.449135
1665.0913 33.0 50.457314
1648.3512 33.0 49.950035
1681.0209 33.0 50.940025
1693.4407 33.0 51.316383
1648.0807 33.0 49.941837
1593.5419 33.0 48.289146
1635.6606 33.0 49.565475
1642.9509 33.0 49.786392
1664.2806 33.0 50.432747
1607.3104 33.0 48.706375
1656.7201 33.0 50.20364
1637.2811 33.0 49.61458
1676.1609 33.0 50.792755
1671.8403 33.0 50.661827
1665.0916 33.0 50.45732
1638.6309 33.0 49.65548
1649.971 33.0 49.99912
1625.1301 33.0 49.24637
1625.4012 34.0 47.80592
1628.371 34.0 47.893265
1636.4717 34.0 48.13152
1647.8112 34.0 48.465034
1622.9705 34.0 47.734425
1623.7814 34.0 47.758274
1638.6317 34.0 48.19505
1651.86 34.0 48.584118
1608.3909 34.0 47.305614
1620.2697 34.0 47.65499
1668.0609 34.0 49.060616
1647.8109 34.0 48.465027
1645.3809 34.0 48.393555
1615.6809 34.0 47.520027
1641.3313 34.0 48.27445
1644.0304 34.0 48.353836
1660.5011 34.0 48.83827
1624.3212 34.0 47.77415
1642.14 34.0 48.298237
1613.5205 34.0 47.456486
1635.6606 34.0 48.107666
1634.3112 34.0 48.067974
1638.0913 34.0 48.179157
1602.45 34.0 47.130882
1590.5715 34.0 46.781517
1628.641 34.0 47.901207
1635.3916 34.0 48.099754
1600.0211 34.0 47.059444
1637.5509 34.0 48.16326
1653.2107 34.0 48.623844
1613.5206 34.0 47.45649
1646.1906 34.0 48.41737
1610.5499 34.0 47.369114
1600.5604 34.0 47.075306
1634.5806 34.0 48.075897
1635.1213 34.0 48.091805
1640.7903 34.0 48.258537
1669.1416 34.0 49.0924
1575.7207 34.0 46.344727
1616.7616 34.0 47.55181
1630.8009 34.0 47.964733
1590.5715 35.0 45.4449
1590.841 35.0 45.4526
1595.7017 35.0 45.591476
1587.0612 35.0 45.344604
1586.7915 35.0 45.3369
1548.9906 35.0 44.256874
1621.3511 35.0 46.324318
1588.681 35.0 45.39089
1569.2408 35.0 44.835453
1645.6511 35.0 47.018604
1622.7012 35.0 46.362892
1604.3407 35.0 45.838306
1613.5219 35.0 46.100624
1624.32 35.0 46.40914
1579.7705 35.0 45.1363
1585.9811 35.0 45.313744
1571.9407 35.0 44.91259
1599.4812 35.0 45.699463
1603.5314 35.0 45.81518
1598.9412 35.0 45.684032
1580.5815 35.0 45.159473
1603.2611 35.0 45.80746
1616.4911 35.0 46.18546
1628.3704 35.0 46.524868
1595.4308 35.0 45.583736
1536.0303 35.0 43.886578
1636.2004 35.0 46.748585
1617.0319 35.0 46.20091
1629.4507 35.0 46.555733
1590.842 35.0 45.45263
1597.5912 35.0 45.645462
1585.9806 35.0 45.313732
1599.2106 35.0 45.69173
1592.7313 35.0 45.50661
1628.1012 35.0 46.517178
1620.002 35.0 46.28577
1537.6512 35.0 43.93289
1645.9202 35.0 47.02629
1617.571 35.0 46.216316
1574.1003 35.0 44.974297
1561.4102 35.0 44.611717
1526.0406 36.0 42.39002
1587.6012 36.0 44.100033
1578.4219 36.0 43.84505
1588.4108 36.0 44.12252
1587.6006 36.0 44.100018
1568.7004 36.0 43.575012
1588.4116 36.0 44.122543
1592.1902 36.0 44.227505
1581.9315 36.0 43.942543
1576.2614 36.0 43.785038
1569.7814 36.0 43.605038
1581.391 36.0 43.92753
1624.3212 36.0 45.120033
1594.3511 36.0 44.28753
1555.4716 36.0 43.207542
1587.601 36.0 44.100025
1622.1613 36.0 45.060036
1624.3198 36.0 45.119995
1608.122 36.0 44.670055
1605.4219 36.0 44.59505
1610.0109 36.0 44.722523
1624.051 36.0 45.11253
1564.9215 36.0 43.470043
1576.8014 36.0 43.800037
1603.5312 36.0 44.542534
1568.4305 36.0 43.567516
1601.9116 36.0 44.497543
1594.6211 36.0 44.29503
1587.3309 36.0 44.092525
1545.7509 36.0 42.937523
1582.2018 36.0 43.95005
1575.9913 36.0 43.77754
1594.0807 36.0 44.280018
1602.9908 36.0 44.527523
1584.0912 36.0 44.002533
1593.0009 36.0 44.250023
1579.7712 36.0 43.882534
1563.3004 36.0 43.42501
1587.3319 36.0 44.092552
1555.47 36.0 43.2075
1612.1714 36.0 44.78254
1520.3712 37.0 41.091114
1524.9619 37.0 41.215187
1540.8918 37.0 41.645725
1590.3014 37.0 42.981117
1548.9913 37.0 41.86463
1538.1909 37.0 41.572727
1577.0712 37.0 42.623547
1524.6908 37.0 41.20786
1537.381 37.0 41.55084
1553.5807 37.0 41.988667
1588.9507 37.0 42.944614
1590.571 37.0 42.988407
1546.2909 37.0 41.791645
1551.1517 37.0 41.92302
1549.2615 37.0 41.871933
1537.1117 37.0 41.54356
1559.2513 37.0 42.14193
1563.0306 37.0 42.244072
1549.5305 37.0 41.879204
1542.7817 37.0 41.696804
1573.2906 37.0 42.52137
1555.7396 37.0 42.047016
1536.3003 37.0 41.52163
1568.4309 37.0 42.390026
1563.0306 37.0 42.244072
1589.7604 37.0 42.966496
1553.5814 37.0 41.988686
1544.9414 37.0 41.755173
1511.1908 37.0 40.842995
1559.7909 37.0 42.15651
1567.0815 37.0 42.353554
1547.3717 37.0 41.820858
1543.5907 37.0 41.718666
1565.4606 37.0 42.309746
1588.1406 37.0 42.922718
1529.0111 37.0 41.324623
1558.1715 37.0 42.112743
1563.8406 37.0 42.26596
1573.021 37.0 42.51408
1563.3014 37.0 42.25139
1538.73 37.0 41.587296
1547.3716 38.0 40.720306
1522.5312 38.0 40.066612
1531.1724 38.0 40.29401
1513.621 38.0 39.83213
1535.4906 38.0 40.407646
1529.0115 38.0 40.237144
1524.4216 38.0 40.11636
1510.3807 38.0 39.74686
1547.6409 38.0 40.72739
1545.2117 38.0 40.663464
1530.3607 38.0 40.27265
1570.8618 38.0 41.33847
1554.392 38.0 40.905052
1542.5105 38.0 40.59238
1521.4504 38.0 40.03817
1544.9407 38.0 40.656334
1522.8016 38.0 40.073727
1515.2406 38.0 39.874752
1551.1523 38.0 40.819798
1529.0109 38.0 40.23713
1532.7913 38.0 40.336613
1551.9609 38.0 40.841076
1514.4314 38.0 39.85346
1537.6515 38.0 40.46451
1534.4122 38.0 40.37927
1520.1005 38.0 40.002644
1539.2712 38.0 40.507137
1536.0308 38.0 40.421864
1542.7815 38.0 40.599514
1533.6014 38.0 40.357933
1551.4211 38.0 40.826874
1537.9207 38.0 40.471596
1513.6212 38.0 39.832138
1523.6113 38.0 40.095036
1490.4012 38.0 39.221085
1535.491 38.0 40.407658
1505.7919 38.0 39.626102
1519.2909 38.0 39.98134
1540.0808 38.0 40.528442
1552.7705 38.0 40.86238
1521.7217 38.0 40.045307
1478.5266 39.0 37.91094
1487.9895 39.0 38.153576
1549.6283 39.0 39.73406
1531.7843 39.0 39.27652
1561.2526 39.0 40.032116
1504.7513 39.0 38.583366
1512.5901 39.0 38.784363
1509.8873 39.0 38.71506
1496.9106 39.0 38.382324
1506.643 39.0 38.63187
1528.5419 39.0 39.193382
1510.698 39.0 38.735847
1513.6721 39.0 38.812107
1514.7538 39.0 38.83984
1505.5612 39.0 38.604134
1536.9213 39.0 39.408237
1522.3224 39.0 39.03391
1535.3011 39.0 39.366695
1528.5409 39.0 39.193356
1511.509 39.0 38.75664
1513.1316 39.0 38.798244
1552.3318 39.0 39.80338
1545.843 39.0 39.637
1507.1838 39.0 38.64574
1561.2532 39.0 40.03213
1461.7653 39.0 37.48116
1512.32 39.0 38.777435
1496.9109 39.0 38.38233
1505.0211 39.0 38.590286
1535.8413 39.0 39.380547
1518.5385 39.0 38.936882
1516.1064 39.0 38.874523
1503.6691 39.0 38.55562
1530.9739 39.0 39.25574
1498.8025 39.0 38.430832
1536.3807 39.0 39.39438
1513.402 39.0 38.80518
1536.922 39.0 39.408257
1490.1519 39.0 38.209023
1537.1925 39.0 39.41519
1520.1603 39.0 38.97847
1452.6011 40.0 36.315025
1499.8517 40.0 37.496292
1488.7812 40.0 37.219532
1472.5815 40.0 36.814537
1508.7617 40.0 37.719044
1462.5918 40.0 36.564796
1477.4419 40.0 36.936047
1498.2318 40.0 37.455795
1507.6814 40.0 37.692036
1453.4117 40.0 36.335293
1494.9916 40.0 37.37479
1459.6208 40.0 36.49052
1470.9613 40.0 36.774033
1454.2214 40.0 36.355537
1505.2515 40.0 37.631287
1483.111 40.0 37.077774
1490.9423 40.0 37.273556
1479.3312 40.0 36.98328
1483.3811 40.0 37.084526
1484.1925 40.0 37.104813
1466.3715 40.0 36.659286
1488.5118 40.0 37.212795
1474.4717 40.0 36.861794
1474.7412 40.0 36.86853
1467.7203 40.0 36.69301
1511.4612 40.0 37.78653
1489.5911 40.0 37.239777
1484.7313 40.0 37.118282
1489.5911 40.0 37.239777
1476.3616 40.0 36.90904
1472.8517 40.0 36.821293
1495.2605 40.0 37.38151
1480.6813 40.0 37.017033
1482.0322 40.0 37.050804
1481.7617 40.0 37.044044
1474.4713 40.0 36.861782
1489.0521 40.0 37.226303
1480.4114 40.0 37.010284
1490.6708 40.0 37.26677
1467.1814 40.0 36.679535
1501.7417 40.0 37.54354
1483.1118 41.0 36.17346
1452.602 41.0 35.429317
1468.8025 41.0 35.82445
1458.2715 41.0 35.567596
1467.9918 41.0 35.80468
1458.0006 41.0 35.56099
1459.6222 41.0 35.60054
1473.3914 41.0 35.936375
1486.6213 41.0 36.259056
1458.272 41.0 35.567608
1462.3213 41.0 35.666374
1456.3812 41.0 35.521492
1461.5112 41.0 35.646614
1470.4222 41.0 35.863956
1474.2025 41.0 35.956158
1461.512 41.0 35.646633
1490.941 41.0 36.364414
1460.4309 41.0 35.620266
1469.61 41.0 35.844147
1459.6218 41.0 35.600533
1470.6924 41.0 35.870544
1434.5117 41.0 34.98809
1469.0718 41.0 35.83102
1478.5221 41.0 36.061516
1450.711 41.0 35.383198
1446.6614 41.0 35.284424
1466.1019 41.0 35.758583
1464.2107 41.0 35.712456
1457.4608 41.0 35.547825
1475.5511 41.0 35.98905
1462.5918 41.0 35.67297
1478.791 41.0 36.068073
1446.6609 41.0 35.284412
1479.6006 41.0 36.08782
1445.3108 41.0 35.251484
1485.5409 41.0 36.232704
1452.8718 41.0 35.435898
1486.6211 41.0 36.259052
1466.1028 41.0 35.758606
1469.0717 41.0 35.831017
1459.8916 41.0 35.607113
1424.7916 42.0 33.92361
1460.1619 42.0 34.76576
1412.6417 42.0 33.634327
1436.4009 42.0 34.20002
1429.3823 42.0 34.032913
1459.6229 42.0 34.752926
1435.8622 42.0 34.187195
1442.3418 42.0 34.341473
1453.9502 42.0 34.617863
1452.8708 42.0 34.592163
1427.7625 42.0 33.994343
1426.6809 42.0 33.968594
1436.941 42.0 34.212883
1442.3418 42.0 34.341473
1401.0314 42.0 33.35789
1428.301 42.0 34.007168
1396.7113 42.0 33.25503
1425.8707 42.0 33.949303
1413.9916 42.0 33.666466
1431.8119 42.0 34.09076
1433.1609 42.0 34.12288
1442.8821 42.0 34.354336
1444.7722 42.0 34.399338
1432.891 42.0 34.11645
1454.7618 42.0 34.637188
1435.0513 42.0 34.16789
1440.4512 42.0 34.296455
1462.5919 42.0 34.823616
1456.6515 42.0 34.68218
1469.8806 42.0 34.997158
1448.8218 42.0 34.495758
1438.2928 42.0 34.245068
1439.1013 42.0 34.264317
1442.6115 42.0 34.347893
1445.0419 42.0 34.405758
1431.812 42.0 34.090763
1432.6216 42.0 34.11004
1447.2019 42.0 34.457188
1450.9811 42.0 34.54717
1450.7115 42.0 34.540752
1450.4408 42.0 34.534306
1439.6416 43.0 33.480038
1431.5428 43.0 33.291695
1389.1503 43.0 32.30582
1415.6118 43.0 32.921204
1406.1622 43.0 32.701447
1402.112 43.0 32.607258
1423.9818 43.0 33.115856
1411.0219 43.0 32.81446
1419.3914 43.0 33.0091
1439.6405 43.0 33.48001
1437.4813 43.0 33.4298
1436.6716 43.0 33.41097
1428.0317 43.0 33.21004
1445.042 43.0 33.60563
1415.612 43.0 32.92121
1435.5923 43.0 33.385868
1427.4915 43.0 33.197475
1416.6908 43.0 32.946297
1432.6217 43.0 33.316784
1407.2406 43.0 32.726524
1413.7214 43.0 32.877243
1385.3715 43.0 32.21794
1404.0015 43.0 32.651196
1426.6823 43.0 33.178658
1389.961 43.0 32.324677
1415.3416 43.0 32.91492
1425.872 43.0 33.159813
1406.4318 43.0 32.707714
1403.4623 43.0 32.638657
1417.7717 43.0 32.971436
1412.1023 43.0 32.83959
1404.8115 43.0 32.670036
1403.4618 43.0 32.638645
1400.4913 43.0 32.569565
1405.6206 43.0 32.68885
1406.4318 43.0 32.707714
1407.7815 43.0 32.739105
1420.2015 43.0 33.027943
1439.6412 43.0 33.48003
1409.9413 43.0 32.789333
1400.7616 43.0 32.57585
1376.1917 44.0 31.277082
1394.0117 44.0 31.682083
1407.2411 44.0 31.982752
1378.0812 44.0 31.320026
1390.2318 44.0 31.596178
1385.3711 44.0 31.485706
1400.2217 44.0 31.82322
1409.6713 44.0 32.037983
1402.3815 44.0 31.872305
1362.6904 44.0 30.970238
1386.4513 44.0 31.510256
1377.0021 44.0 31.295502
1394.5518 44.0 31.694359
1418.5812 44.0 32.240482
1378.8915 44.0 31.338444
1402.9218 44.0 31.884586
1396.4415 44.0 31.737307
1401.3018 44.0 31.847767
1395.0919 44.0 31.706635
1398.0612 44.0 31.774117
1396.7118 44.0 31.74345
1409.1315 44.0 32.025715
1393.2018 44.0 31.663677
1411.562 44.0 32.080956
1405.6213 44.0 31.94594
1393.4718 44.0 31.669813
1379.1614 44.0 31.344578
1384.2921 44.0 31.461185
1401.0312 44.0 31.84162
1395.6322 44.0 31.718914
1375.1115 44.0 31.252533
1398.0619 44.0 31.774134
1352.1608 44.0 30.730927
1406.7018 44.0 31.970495
1379.1614 44.0 31.344578
1422.6313 44.0 32.33253
1379.1615 44.0 31.34458
1414.8018 44.0 32.154587
1415.0723 44.0 32.160732
1377.5411 44.0 31.307753
1399.4116 44.0 31.80481
1335.1515 45.0 29.670033
1365.3917 45.0 30.34204
1359.4515 45.0 30.210033
1380.781 45.0 30.684023
1350.0017 45.0 30.000038
1385.1006 45.0 30.780012
1375.3821 45.0 30.564045
1349.7318 45.0 29.994041
1344.8718 45.0 29.88604
1364.8514 45.0 30.330032
1336.5015 45.0 29.700031
1391.3119 45.0 30.918043
1365.6624 45.0 30.348053
1381.8624 45.0 30.708054
1355.4008 45.0 30.120016
1375.1113 45.0 30.55803
1388.6115 45.0 30.858032
1383.212 45.0 30.738045
1369.7119 45.0 30.438042
1377.2715 45.0 30.606033
1390.2319 45.0 30.894043
1328.9412 45.0 29.532026
1346.4915 45.0 29.922033
1352.7013 45.0 30.060028
1374.0325 45.0 30.534054
1393.7415 45.0 30.972033
1389.6918 45.0 30.88204
1387.5306 45.0 30.834015
1377.0015 45.0 30.600033
1367.0118 45.0 30.378042
1372.9513 45.0 30.510029
1361.611 45.0 30.25802
1364.8512 45.0 30.330027
1384.022 45.0 30.756044
1339.7422 45.0 29.772049
1369.7113 45.0 30.43803
1381.3218 45.0 30.69604
1380.5115 45.0 30.678034
1376.4615 45.0 30.588034
1369.9817 45.0 30.444036
1361.3416 45.0 30.252035
1363.5006 46.0 29.641317
1347.5706 46.0 29.295012
1355.9413 46.0 29.476984
1348.1124 46.0 29.306791
1350.5413 46.0 29.359592
1345.1415 46.0 29.242207
1323.2717 46.0 28.766777
1330.0209 46.0 28.913496
1335.9617 46.0 29.042645
1344.872 46.0 29.236347
1340.8213 46.0 29.148289
1326.5111 46.0 28.837198
1350.5421 46.0 29.359612
1338.661 46.0 29.101326
1352.9711 46.0 29.412415
1322.4614 46.0 28.749163
1344.0609 46.0 29.218716
1331.6426 46.0 28.948751
1352.4319 46.0 29.400694
1360.5315 46.0 29.576773
1334.8815 46.0 29.019163
1342.442 46.0 29.183523
1323.5411 46.0 28.772635
1335.4214 46.0 29.0309
1355.9417 46.0 29.476992
1340.5519 46.0 29.142433
1353.7821 46.0 29.430046
1351.3512 46.0 29.377201
1356.4823 46.0 29.488745
1320.8413 46.0 28.713942
1350.8113 46.0 29.365463
1350.2715 46.0 29.35373
1330.2932 46.0 28.919416
1336.2307 46.0 29.048494
1354.0524 46.0 29.43592
1345.9517 46.0 29.259819
1346.4917 46.0 29.271559
1331.1029 46.0 28.93702
1324.6222 46.0 28.796135
1325.4318 46.0 28.813734
1335.4213 46.0 29.030897
1309.7716 47.0 27.867481
1323.5424 47.0 28.160477
1315.4415 47.0 27.988117
1332.9923 47.0 28.361538
1321.1111 47.0 28.108747
1311.1216 47.0 27.896204
1317.6027 47.0 28.0341
1298.1615 47.0 27.620457
1318.1418 47.0 28.04557
1340.0117 47.0 28.510887
1340.2823 47.0 28.516645
1329.7524 47.0 28.292604
1330.2915 47.0 28.304073
1304.1016 47.0 27.746841
1273.8622 47.0 27.10345
1308.4222 47.0 27.83877
1306.262 47.0 27.792809
1331.3717 47.0 28.327059
1307.8826 47.0 27.82729
1327.3226 47.0 28.240908
1333.5317 47.0 28.373014
1323.001 47.0 28.148956
1340.5524 47.0 28.52239
1314.0918 47.0 27.9594
1315.442 47.0 27.988127
1314.3623 47.0 27.965155
1310.8511 47.0 27.89045
1340.8218 47.0 28.528124
1346.4911 47.0 28.648746
1324.0823 47.0 28.171963
1314.6323 47.0 27.9709
1338.3918 47.0 28.476421
1332.9918 47.0 28.361528
1331.1019 47.0 28.321318
1348.922 47.0 28.700468
1324.6217 47.0 28.18344
1325.4321 47.0 28.200684
1311.1212 47.0 27.896196
1309.5022 47.0 27.86175
1305.4517 47.0 27.775568
1340.5516 47.0 28.522375
1302.7517 48.0 27.140661
1287.6324 48.0 26.825676
1304.3718 48.0 27.174414
1291.4113 48.0 26.904402
1284.122 48.0 26.75254
1301.1318 48.0 27.106915
1296.543 48.0 27.01131
1301.9426 48.0 27.123804
1305.9912 48.0 27.208149
1267.9224 48.0 26.41505
1271.7017 48.0 26.493786
1297.3517 48.0 27.02816
1287.9019 48.0 26.83129
1288.4424 48.0 26.842548
1280.612 48.0 26.679419
1283.8519 48.0 26.746916
1270.0824 48.0 26.46005
1300.0518 48.0 27.084412
1308.4222 48.0 27.258797
1284.1218 48.0 26.752539
1274.942 48.0 26.561293
1283.0425 48.0 26.730053
1293.8414 48.0 26.95503
1283.0422 48.0 26.730045
1293.8414 48.0 26.95503
1274.6714 48.0 26.555655
1290.3325 48.0 26.881927
1303.0212 48.0 27.146276
1282.7714 48.0 26.724403
1298.702 48.0 27.056292
1282.231 48.0 26.713146
1290.332 48.0 26.881918
1321.6515 48.0 27.534407
1278.4521 48.0 26.63442
1283.5819 48.0 26.74129
1288.4418 48.0 26.842537
1298.1619 48.0 27.04504
1289.2511 48.0 26.859398
1316.2521 48.0 27.421919
1288.7114 48.0 26.848154
1286.0116 48.0 26.791908
1273.8619 49.0 25.997183
1273.8615 49.0 25.997171
1283.5829 49.0 26.195568
1282.2314 49.0 26.167988
1257.6625 49.0 25.66658
1257.6621 49.0 25.666573
1259.5515 49.0 25.705133
1257.3916 49.0 25.661053
1263.8722 49.0 25.79331
1278.182 49.0 26.085346
1288.9818 49.0 26.305752
1267.6512 49.0 25.870434
1249.2924 49.0 25.495762
1285.7428 49.0 26.239649
1301.4017 49.0 26.55922
1287.6321 49.0 26.278206
1281.6919 49.0 26.156977
1269.0016 49.0 25.897991
1284.1211 49.0 26.206553
1256.851 49.0 25.65002
1278.1816 49.0 26.08534
1278.1813 49.0 26.085331
1284.6626 49.0 26.217604
1269.0032 49.0 25.898024
1285.2023 49.0 26.228617
1270.8918 49.0 25.93657
1282.5023 49.0 26.173517
1283.0421 49.0 26.184534
1274.941 49.0 26.019205
1256.5818 49.0 25.644526
1254.9613 49.0 25.611454
1251.182 49.0 25.534327
1280.6112 49.0 26.134922
1260.3617 49.0 25.721666
1286.8208 49.0 26.26165
1289.7916 49.0 26.322279
1263.3319 49.0 25.782284
1306.532 49.0 26.663918
1266.0314 49.0 25.837376
1266.572 49.0 25.848408
1279.8009 49.0 26.118385
1265.4912 50.0 25.309824
1260.9019 50.0 25.218037
1240.6509 50.0 24.813019
1271.9713 50.0 25.439426
1268.1907 50.0 25.363813
1267.1112 50.0 25.342224
1248.2131 50.0 24.964264
1250.6423 50.0 25.012846
1265.7616 50.0 25.315231
1230.9309 50.0 24.618618
1254.4221 50.0 25.088442
1192.8615 50.0 23.85723
1233.9019 50.0 24.678038
1266.8418 50.0 25.336836
1235.7921 50.0 24.715841
1235.7926 50.0 24.715853
1240.9225 50.0 24.818449
1256.8519 50.0 25.13704
1215.002 50.0 24.30004
1242.8121 50.0 24.856243
1227.6927 50.0 24.553856
1247.6719 50.0 24.953438
1250.9115 50.0 25.01823
1252.2626 50.0 25.045252
1254.4219 50.0 25.088438
1228.7721 50.0 24.575441
1249.5616 50.0 24.991234
1243.891 50.0 24.877821
1233.9017 50.0 24.678036
1252.8018 50.0 25.056034
1251.9917 50.0 25.039833
1237.4117 50.0 24.748234
1256.3116 50.0 25.126234
1251.4512 50.0 25.029022
1253.8816 50.0 25.077631
1246.8619 50.0 24.937239
1258.2017 50.0 25.164032
1255.2316 50.0 25.104631
1247.132 50.0 24.94264
1239.8413 50.0 24.796825
1251.9915 50.0 25.03983
1243.892 51.0 24.39004
1243.8915 51.0 24.39003
1222.0216 51.0 23.961208
1230.123 51.0 24.12006
1233.6312 51.0 24.188847
1216.622 51.0 23.855331
1217.1617 51.0 23.865917
1230.9319 51.0 24.13592
1232.5514 51.0 24.167675
1222.2917 51.0 23.966505
1226.6113 51.0 24.051203
1217.701 51.0 23.876492
1218.2417 51.0 23.887093
1225.8014 51.0 24.03532
1223.1018 51.0 23.982388
1222.5618 51.0 23.9718
1230.3925 51.0 24.125343
1201.7719 51.0 23.564154
1210.1407 51.0 23.72825
1221.4827 51.0 23.95064
1224.7229 51.0 24.014175
1215.5428 51.0 23.834173
1247.4016 51.0 24.458855
1231.4719 51.0 24.146507
1211.7618 51.0 23.760036
1215.2725 51.0 23.828873
1209.3335 51.0 23.712421
1237.142 51.0 24.257685
1239.3027 51.0 24.300053
1250.3718 51.0 24.517096
1236.3326 51.0 24.241816
1222.0225 51.0 23.961224
1220.672 51.0 23.934744
1230.6619 51.0 24.130625
1213.1119 51.0 23.786509
1234.7122 51.0 24.210043
1217.4308 51.0 23.871193
1229.8516 51.0 24.114737
1229.5826 51.0 24.109465
1202.3124 51.0 23.574753
1224.9921 51.0 24.019451
1197.7219 52.0 23.033113
1191.5116 52.0 22.913685
1196.9114 52.0 23.017527
1228.5013 52.0 23.625027
1188.001 52.0 22.846172
1206.9 52.0 23.209616
1195.832 52.0 22.99677
1214.1919 52.0 23.349844
1199.6132 52.0 23.069485
1199.6116 52.0 23.069454
1201.5028 52.0 23.105824
1180.9822 52.0 22.711195
1187.7318 52.0 22.840996
1217.4321 52.0 23.412155
1213.9224 52.0 23.344662
1204.7415 52.0 23.168106
1202.8516 52.0 23.13176
1203.1222 52.0 23.136965
1195.5625 52.0 22.991587
1183.6815 52.0 22.763105
1229.0415 52.0 23.635414
1216.3518 52.0 23.39138
1203.3925 52.0 23.142162
1209.8718 52.0 23.266766
1222.2924 52.0 23.505623
1170.722 52.0 22.513885
1197.4514 52.0 23.027912
1198.802 52.0 23.053885
1190.1628 52.0 22.887747
1205.553 52.0 23.18371
1197.9923 52.0 23.038313
1193.9407 52.0 22.960398
1195.8315 52.0 22.996761
1200.4219 52.0 23.085037
1206.6315 52.0 23.20445
1194.2125 52.0 22.965626
1197.9929 52.0 23.038326
1200.4224 52.0 23.085045
1201.7719 52.0 23.110998
1209.3319 52.0 23.256384
1178.0126 52.0 22.654089
1171.5573 52.999996 22.104855
1196.9597 52.999996 22.584146
1180.7455 52.999996 22.27822
1181.016 52.999996 22.283323
1194.7994 52.999996 22.543386
1175.8816 52.999996 22.186447
1168.3142 52.999996 22.043667
1170.7467 52.999996 22.089561
1161.8287 52.999996 21.921299
1183.4487 52.999996 22.329224
1187.7728 52.999996 22.41081
1189.123 52.999996 22.436285
1171.2869 52.999996 22.099754
1186.4214 52.999996 22.385311
1207.2313 52.999996 22.777952
1169.9349 52.999996 22.074245
1187.5027 52.999996 22.405712
1191.2859 52.999996 22.477093
1203.9883 52.999996 22.71676
1159.3958 52.999996 21.875393
1169.1256 52.999996 22.058975
1181.2866 52.999996 22.28843
1186.961 52.999996 22.395493
1171.0162 52.999996 22.094646
1171.0162 52.999996 22.094646
1165.3406 52.999996 21.98756
1190.4746 52.999996 22.461786
1174.2599 52.999996 22.155848
1165.0713 52.999996 21.98248
1156.6925 52.999996 21.824389
1181.0168 52.999996 22.283339
1182.0968 52.999996 22.303715
1180.7455 52.999996 22.278217
1155.0718 52.999996 21.793808
1152.0988 52.999996 21.737713
1165.6111 52.999996 21.992662
1195.8798 52.999996 22.56377
1181.8271 52.999996 22.298628
1182.6382 52.999996 22.31393
1158.5854 52.999996 21.860106
1191.0156 52.999996 22.471994
1140.211 54.000004 21.115019
1154.5219 54.000004 21.380033
1150.742 54.000004 21.310034
1154.5219 54.000004 21.380033
1149.1221 54.000004 21.280037
1154.7922 54.000004 21.38504
1131.3018 54.000004 20.950031
1165.8622 54.000004 21.590038
1167.7522 54.000004 21.625038
1149.3926 54.000004 21.285046
1167.7523 54.000004 21.625042
1149.9324 54.000004 21.295042
1150.7421 54.000004 21.310036
1157.222 54.000004 21.430037
1144.8021 54.000004 21.200039
1152.9019 54.000004 21.350033
1145.3417 54.000004 21.21003
1165.8625 54.000004 21.590046
1134.811 54.000004 21.015018
1148.8522 54.000004 21.275038
1147.7717 54.000004 21.255032
1155.0616 54.000004 21.390028
1172.3418 54.000004 21.710032
1173.692 54.000004 21.735035
1149.663 54.000004 21.290052
1144.8031 54.000004 21.200056
1136.1626 54.000004 21.040047
1149.392 54.000004 21.285034
1175.582 54.000004 21.770037
1151.0125 54.000004 21.315044
1145.6122 54.000004 21.215038
1134.2722 54.000004 21.00504
1129.4114 54.000004 20.915024
1153.983 54.000004 21.370054
1168.5612 54.000004 21.64002
1157.2223 54.000004 21.43004
1158.8422 54.000004 21.46004
1143.9922 54.000004 21.18504
1168.8317 54.000004 21.64503
1140.7515 54.000004 21.125027
1135.6218 54.000004 21.030031
1137.5122 55.0 20.68204
1132.9224 55.0 20.598589
1134.5417 55.0 20.62803
1128.6014 55.0 20.520027
1123.4724 55.0 20.426771
1114.2928 55.0 20.25987
1122.3918 55.0 20.407125
1140.7524 55.0 20.740953
1111.3218 55.0 20.20585
1141.561 55.0 20.755655
1132.3823 55.0 20.58877
1122.9319 55.0 20.416943
1125.9012 55.0 20.470932
1138.3219 55.0 20.696762
1136.1624 55.0 20.657497
1096.7422 55.0 19.940767
1145.342 55.0 20.824402
1126.1722 55.0 20.475859
1119.6918 55.0 20.358032
1127.2518 55.0 20.495487
1157.2218 55.0 21.040396
1139.6726 55.0 20.72132
1129.413 55.0 20.53478
1142.9116 55.0 20.780212
1108.0824 55.0 20.146952
1144.8024 55.0 20.814589
1127.2513 55.0 20.49548
1130.7625 55.0 20.559317
1151.0122 55.0 20.927494
1134.0018 55.0 20.618216
1136.1627 55.0 20.657505
1129.412 55.0 20.534763
1136.7021 55.0 20.667313
1143.1814 55.0 20.785116
1125.092 55.0 20.456219
1122.1213 55.0 20.402206
1122.9305 55.0 20.41692
1133.7323 55.0 20.613314
1121.3124 55.0 20.387499
1116.4517 55.0 20.299122
1123.7415 55.0 20.431664
1100.792 56.0 19.657
1098.902 56.0 19.62325
1121.5833 56.0 20.028273
1109.1621 56.0 19.806467
1098.9021 56.0 19.623253
1117.532 56.0 19.955929
1104.5715 56.0 19.724491
1092.1533 56.0 19.502737
1110.7821 56.0 19.835394
1111.5924 56.0 19.849865
1128.8729 56.0 20.158445
1108.8918 56.0 19.80164
1123.7416 56.0 20.066814
1108.3518 56.0 19.791996
1108.8921 56.0 19.801643
1107.8125 56.0 19.782366
1096.7424 56.0 19.584686
1131.5718 56.0 20.206638
1102.6816 56.0 19.690742
1115.1027 56.0 19.912548
1113.7516 56.0 19.888422
1104.5721 56.0 19.724503
1116.9923 56.0 19.946291
1098.3627 56.0 19.613619
1099.1716 56.0 19.628065
1107.0017 56.0 19.767887
1111.0526 56.0 19.840225
1099.4425 56.0 19.632902
1095.6626 56.0 19.565403
1106.7317 56.0 19.763065
1099.4415 56.0 19.632885
1102.1421 56.0 19.681108
1090.532 56.0 19.473785
1112.1316 56.0 19.859493
1101.872 56.0 19.676285
1104.8423 56.0 19.729326
1094.042 56.0 19.536465
1096.4719 56.0 19.579857
1102.6821 56.0 19.690752
1116.451 56.0 19.936626
1110.5122 56.0 19.830574
1089.9923 57.0 19.122671
1087.0222 57.0 19.070564
1101.3319 57.0 19.321611
1078.9221 57.0 18.92846
1073.792 57.0 18.838455
1060.2925 57.0 18.601622
1060.5624 57.0 18.606358
1094.8516 57.0 19.207922
1053.2721 57.0 18.478458
1091.0726 57.0 19.141624
1082.702 57.0 18.994772
1088.6427 57.0 19.098995
1074.3319 57.0 18.847929
1070.283 57.0 18.776894
1098.9021 57.0 19.278984
1085.4022 57.0 19.042145
1064.6113 57.0 18.677391
1088.6425 57.0 19.09899
1075.6821 57.0 18.871616
1084.8615 57.0 19.032658
1095.9318 57.0 19.226873
1072.7115 57.0 18.8195
1074.8711 57.0 18.857388
1066.2323 57.0 18.70583
1087.8322 57.0 19.084774
1088.1023 57.0 19.089514
1097.5527 57.0 19.255312
1085.4021 57.0 19.042143
1093.7725 57.0 19.18899
1082.9718 57.0 18.999506
1064.0723 57.0 18.667934
1081.082 57.0 18.96635
1090.2617 57.0 19.1274
1075.6815 57.0 18.871605
1075.4119 57.0 18.866875
1077.032 57.0 18.895298
1073.2521 57.0 18.828983
1087.0216 57.0 19.070555
1088.3724 57.0 19.094254
1097.5515 57.0 19.25529
1091.8816 57.0 19.155817
1062.1818 58.0 18.313478
1047.3318 58.0 18.057446
1053.2723 58.0 18.159868
1032.7527 58.0 17.806082
1064.8824 58.0 18.360043
1064.8826 58.0 18.360044
1068.6625 58.0 18.425215
1057.8618 58.0 18.238997
1067.8525 58.0 18.411251
1061.1025 58.0 18.294872
1059.2119 58.0 18.262274
1053.0016 58.0 18.1552
1067.5822 58.0 18.40659
1042.7428 58.0 17.978325
1049.2213 58.0 18.090023
1040.8519 58.0 17.945723
1061.6421 58.0 18.304174
1058.1315 58.0 18.243647
1045.7118 58.0 18.029514
1065.1525 58.0 18.364698
1075.142 58.0 18.53693
1050.3024 58.0 18.108662
1041.9319 58.0 17.964342
1070.5529 58.0 18.457808
1061.372 58.0 18.299517
1047.332 58.0 18.05745
1037.0725 58.0 17.88056
1076.7617 58.0 18.564857
1052.4618 58.0 18.145893
1064.0713 58.0 18.346056
1068.662 58.0 18.425207
1031.6716 58.0 17.787441
1047.6033 58.0 18.062126
1063.5322 58.0 18.336763
1044.3618 58.0 18.006239
1057.3224 58.0 18.229696
1063.263 58.0 18.332119
1055.703 58.0 18.201777
1055.9718 58.0 18.206411
1063.5314 58.0 18.336748
1055.1617 58.0 18.192444
1023.3595 58.999996 17.345078
1023.89935 58.999996 17.354227
1032.2766 58.999996 17.496214
1044.9791 58.999996 17.711512
1050.3823 58.999996 17.803091
1015.25146 58.999996 17.207653
1030.3853 58.999996 17.464157
1044.7074 58.999996 17.706905
1052.8151 58.999996 17.844324
1027.9528 58.999996 17.42293
1011.4691 58.999996 17.143545
1056.8684 58.999996 17.913025
1025.5209 58.999996 17.38171
1033.0875 58.999996 17.50996
1033.0875 58.999996 17.50996
1033.0879 58.999996 17.509966
1033.6289 58.999996 17.519135
1036.6005 58.999996 17.5695
1035.5195 58.999996 17.55118
1029.5746 58.999996 17.450418
1033.8976 58.999996 17.52369
1033.8982 58.999996 17.523699
1023.3596 58.999996 17.34508
1034.4377 58.999996 17.532845
1027.6827 58.999996 17.418352
1030.6555 58.999996 17.468739
1036.3295 58.999996 17.564907
1039.3035 58.999996 17.615314
1023.9 58.999996 17.354239
1032.2766 58.999996 17.496214
1037.9528 58.999996 17.59242
1035.519 58.999996 17.551172
1013.9016 58.999996 17.184774
1029.5739 58.999996 17.450405
1030.116 58.999996 17.459595
1026.332 58.999996 17.39546
1022.5486 58.999996 17.331333
1045.2476 58.999996 17.71606
1034.7095 58.999996 17.537449
1040.6528 58.999996 17.638186
1039.0322 58.999996 17.610716
999.8123 60.000004 16.663538
1000.6219 60.000004 16.67703
1007.91235 60.000004 16.798538
1011.96185 60.000004 16.86603
1009.2623 60.000004 16.821037
1015.2026 60.000004 16.920042
1019.25244 60.000004 16.98754
1005.21155 60.000004 16.753525
998.4623 60.000004 16.641037
1016.8224 60.000004 16.947039
1006.83136 60.000004 16.780521
1018.172 60.000004 16.969532
1010.88165 60.000004 16.848026
1016.0119 60.000004 16.93353
1017.63184 60.000004 16.96053
1003.8622 60.000004 16.731035
1003.3224 60.000004 16.722038
1004.4014 60.000004 16.740023
1010.07184 60.000004 16.83453
1014.93207 60.000004 16.915533
1003.8624 60.000004 16.73104
1015.4707 60.000004 16.924511
1019.25183 60.000004 16.98753
1026.2726 60.000004 17.104542
1025.7319 60.000004 17.095531
996.3021 60.000004 16.605034
1001.7019 60.000004 16.69503
1021.1416 60.000004 17.019026
1000.35156 60.000004 16.672525
1013.8515 60.000004 16.897524
1004.6724 60.000004 16.74454
1005.4828 60.000004 16.758045
989.28296 60.000004 16.488049
1013.04205 60.000004 16.884033
995.4915 60.000004 16.591524
1013.8519 60.000004 16.897532
1014.6612 60.000004 16.911018
1020.3324 60.000004 17.005539
1007.6423 60.000004 16.794037
996.8419 60.000004 16.61403
1006.2928 60.000004 16.771545
989.2816 61.0 16.217731
976.59174 61.0 16.0097
984.15204 61.0 16.13364
984.9625 61.0 16.146927
995.2219 61.0 16.315113
976.3224 61.0 16.005285
979.02216 61.0 16.049543
977.1317 61.0 16.018553
974.1618 61.0 15.969866
981.9918 61.0 16.098227
978.4823 61.0 16.040693
985.50287 61.0 16.155785
979.29175 61.0 16.053963
990.90155 61.0 16.244287
985.23175 61.0 16.15134
979.83264 61.0 16.06283
985.7716 61.0 16.16019
991.7123 61.0 16.257578
998.4615 61.0 16.368221
986.582 61.0 16.173475
984.15173 61.0 16.133635
993.87286 61.0 16.292997
976.0526 61.0 16.000862
982.5326 61.0 16.107092
986.85205 61.0 16.177902
970.11163 61.0 15.903469
983.61255 61.0 16.124796
977.40155 61.0 16.022976
981.7208 61.0 16.093784
989.55237 61.0 16.22217
991.1712 61.0 16.248709
986.04156 61.0 16.164616
991.4418 61.0 16.253143
971.4613 61.0 15.925595
988.47174 61.0 16.204454
962.8219 61.0 15.783965
981.7222 61.0 16.093807
979.293 61.0 16.053984
984.96185 61.0 16.146915
984.42224 61.0 16.13807
987.6623 61.0 16.191185
958.7714 62.0 15.464055
954.1816 62.0 15.390025
946.8929 62.0 15.272466
964.1708 62.0 15.551142
950.94275 62.0 15.337787
961.472 62.0 15.507612
956.8819 62.0 15.433579
966.3319 62.0 15.585999
957.9619 62.0 15.450998
966.0632 62.0 15.581664
964.7119 62.0 15.55987
965.25165 62.0 15.568575
961.472 62.0 15.507612
949.05206 62.0 15.307291
959.5819 62.0 15.477128
973.3525 62.0 15.699233
957.96173 62.0 15.450995
951.2116 62.0 15.342123
957.1527 62.0 15.437947
967.1427 62.0 15.599075
955.2612 62.0 15.407439
956.0723 62.0 15.420522
962.0114 62.0 15.516314
976.8631 62.0 15.7558565
963.0918 62.0 15.533739
955.2611 62.0 15.407437
958.23254 62.0 15.455363
962.282 62.0 15.520678
972.8117 62.0 15.690512
961.20184 62.0 15.503256
960.93146 62.0 15.498895
952.83234 62.0 15.368263
970.92224 62.0 15.660036
973.6225 62.0 15.7035885
960.12146 62.0 15.48583
962.2817 62.0 15.520672
957.6927 62.0 15.446656
953.9113 62.0 15.385667
971.7327 62.0 15.673108
947.4321 62.0 15.281163
956.8826 62.0 15.433591
925.83093 63.0 14.695729
931.23157 63.0 14.781453
934.7411 63.0 14.83716
932.85114 63.0 14.807161
941.4916 63.0 14.944311
933.392 63.0 14.815746
931.77234 63.0 14.790037
936.09265 63.0 14.858614
935.82275 63.0 14.854329
937.7123 63.0 14.884322
929.3416 63.0 14.751454
947.16156 63.0 15.03431
935.01245 63.0 14.841468
933.9319 63.0 14.824316
932.0419 63.0 14.794315
931.5015 63.0 14.785739
949.86224 63.0 15.077178
938.521 63.0 14.897159
931.77155 63.0 14.790025
945.00214 63.0 15.000034
921.5118 63.0 14.6271715
941.4916 63.0 14.944311
919.62146 63.0 14.597166
944.46173 63.0 14.991456
947.97107 63.0 15.04716
923.13135 63.0 14.652879
927.45135 63.0 14.72145
940.14215 63.0 14.922892
941.22205 63.0 14.940033
933.9319 63.0 14.824316
936.3623 63.0 14.862894
934.202 63.0 14.828604
939.60156 63.0 14.91431
931.2317 63.0 14.781455
939.60236 63.0 14.914323
949.5911 63.0 15.072875
935.2822 63.0 14.84575
932.8513 63.0 14.807164
942.03204 63.0 14.952889
932.8521 63.0 14.807177
932.58203 63.0 14.80289
911.79236 64.0 14.246756
913.1414 64.0 14.267835
907.47235 64.0 14.1792555
902.0721 64.0 14.094876
925.29236 64.0 14.457693
920.1619 64.0 14.37753
913.682 64.0 14.276281
919.08185 64.0 14.360654
907.7416 64.0 14.183462
899.912 64.0 14.061125
897.48126 64.0 14.023145
917.192 64.0 14.331125
899.3719 64.0 14.052686
910.17316 64.0 14.221456
912.33215 64.0 14.25519
912.0622 64.0 14.250972
910.7125 64.0 14.229883
896.9422 64.0 14.014722
902.6125 64.0 14.10332
906.1216 64.0 14.15815
914.7619 64.0 14.293155
908.28156 64.0 14.191899
907.74207 64.0 14.18347
905.85254 64.0 14.153946
908.28204 64.0 14.191907
908.82166 64.0 14.200338
896.67255 64.0 14.010509
917.7316 64.0 14.339557
896.40155 64.0 14.006274
914.76306 64.0 14.293173
909.90186 64.0 14.2172165
907.20154 64.0 14.175024
915.84143 64.0 14.310022
908.55176 64.0 14.196121
902.88165 64.0 14.107526
910.7121 64.0 14.2298765
909.9022 64.0 14.217222
930.6921 64.0 14.542064
915.3016 64.0 14.301587
902.88196 64.0 14.107531
921.51154 64.0 14.398618
878.31165 65.0 13.512486
886.6817 65.0 13.641257
893.4314 65.0 13.745098
882.0917 65.0 13.5706415
884.25165 65.0 13.603871
895.3215 65.0 13.774177
899.6418 65.0 13.840643
884.7921 65.0 13.612186
876.6921 65.0 13.487571
876.15186 65.0 13.4792595
891.00195 65.0 13.707723
895.5912 65.0 13.778326
880.47205 65.0 13.545724
898.8325 65.0 13.828193
885.60175 65.0 13.624642
891.5415 65.0 13.716023
869.6714 65.0 13.3795595
874.8013 65.0 13.458481
890.4619 65.0 13.699414
887.761 65.0 13.657862
880.7415 65.0 13.54987
882.90137 65.0 13.583098
887.22174 65.0 13.649566
888.5713 65.0 13.670327
878.58234 65.0 13.516651
879.93195 65.0 13.537415
888.57196 65.0 13.670338
885.33167 65.0 13.620487
894.78107 65.0 13.765862
882.63074 65.0 13.578935
878.04193 65.0 13.508337
893.9717 65.0 13.75341
892.8906 65.0 13.736779
881.28156 65.0 13.558178
869.94073 65.0 13.383703
884.2519 65.0 13.603875
884.2526 65.0 13.603887
890.4618 65.0 13.699412
880.74225 65.0 13.549881
883.98224 65.0 13.599727
883.9816 65.0 13.599717
866.4318 66.0 13.127755
867.5123 66.0 13.144126
847.53174 66.0 12.84139
858.3306 66.0 13.00501
871.5618 66.0 13.2054825
863.73157 66.0 13.086842
850.5013 66.0 12.886383
860.221 66.0 13.033651
856.44214 66.0 12.976396
867.2424 66.0 13.140036
861.8423 66.0 13.058216
852.39185 66.0 12.915028
859.4116 66.0 13.021388
857.25214 66.0 12.988668
862.6516 66.0 13.070479
859.1421 66.0 13.017304
857.52136 66.0 12.992748
856.7124 66.0 12.980491
858.0612 66.0 13.000928
858.3324 66.0 13.005036
859.1414 66.0 13.017294
868.05237 66.0 13.152308
864.5419 66.0 13.099119
846.45215 66.0 12.825032
863.73145 66.0 13.08684
861.8417 66.0 13.0582075
858.60205 66.0 13.009122
869.9412 66.0 13.180927
851.85126 66.0 12.906837
867.2404 66.0 13.140006
857.7915 66.0 12.996841
848.0719 66.0 12.849574
859.68115 66.0 13.025472
868.86163 66.0 13.16457
869.4022 66.0 13.172761
869.6718 66.0 13.176846
856.98114 66.0 12.984563
869.132 66.0 13.168667
864.81256 66.0 13.103221
865.6219 66.0 13.115483
854.8215 66.0 12.95184
847.2612 67.0 12.64569
839.9717 67.0 12.536891
836.1912 67.0 12.480466
847.8011 67.0 12.653748
835.9213 67.0 12.476438
841.8612 67.0 12.565093
836.7318 67.0 12.488535
838.6215 67.0 12.516739
837.0019 67.0 12.492565
839.43115 67.0 12.528823
827.0112 67.0 12.3434515
842.40137 67.0 12.573154
835.1117 67.0 12.464354
829.98114 67.0 12.387778
837.2712 67.0 12.496585
833.4914 67.0 12.44017
840.24176 67.0 12.540922
830.52136 67.0 12.395842
825.6609 67.0 12.323297
845.10126 67.0 12.613452
844.5612 67.0 12.6053915
822.1514 67.0 12.270917
839.70166 67.0 12.532861
845.10175 67.0 12.613459
845.10187 67.0 12.613461
839.7013 67.0 12.532855
835.6517 67.0 12.472413
836.4619 67.0 12.484507
830.7917 67.0 12.399876
845.3715 67.0 12.617485
829.9808 67.0 12.387773
828.63135 67.0 12.367632
835.65173 67.0 12.472414
849.96136 67.0 12.68599
826.2023 67.0 12.331377
838.8914 67.0 12.520767
843.751 67.0 12.593298
835.1121 67.0 12.46436
837.5411 67.0 12.500613
849.9624 67.0 12.686006
845.6408 67.0 12.621505
812.7018 68.0 11.951497
812.43134 68.0 11.947519
812.1614 68.0 11.94355
813.24097 68.0 11.959426
816.21124 68.0 12.003106
815.401 68.0 11.991191
810.5413 68.0 11.919725
819.18146 68.0 12.046786
816.7515 68.0 12.011052
809.73126 68.0 11.907813
801.9013 68.0 11.792666
796.2314 68.0 11.709285
800.2814 68.0 11.768844
824.8515 68.0 12.130169
810.8109 68.0 11.92369
809.73145 68.0 11.907815
814.05133 68.0 11.971343
809.46124 68.0 11.903842
814.0516 68.0 11.971347
815.1315 68.0 11.987227
823.7714 68.0 12.114285
818.101 68.0 12.030897
826.4717 68.0 12.1539955
822.4211 68.0 12.094428
822.4214 68.0 12.094432
814.32153 68.0 11.975317
816.4813 68.0 12.007078
811.89124 68.0 11.939577
821.07166 68.0 12.074583
821.8818 68.0 12.086496
809.1909 68.0 11.899866
799.7417 68.0 11.760907
811.89154 68.0 11.939582
804.6013 68.0 11.832373
824.5817 68.0 12.126202
820.2614 68.0 12.062668
814.8613 68.0 11.983254
804.6016 68.0 11.8323765
815.1321 68.0 11.987236
807.8414 68.0 11.88002
800.2814 68.0 11.768844
780.57153 69.0 11.312631
778.4121 69.0 11.281335
788.9413 69.0 11.433931
788.9415 69.0 11.433935
802.1717 69.0 11.625677
779.2205 69.0 11.293051
786.78174 69.0 11.402634
784.3516 69.0 11.367414
794.07166 69.0 11.508285
789.2116 69.0 11.437849
785.43195 69.0 11.383072
781.38086 69.0 11.32436
780.3014 69.0 11.308716
787.3218 69.0 11.41046
777.3307 69.0 11.265662
784.3519 69.0 11.367419
793.8014 69.0 11.504368
792.9911 69.0 11.492624
798.3914 69.0 11.57089
784.62213 69.0 11.371335
788.94116 69.0 11.433929
796.23175 69.0 11.539591
794.6116 69.0 11.516109
787.5915 69.0 11.41437
785.70184 69.0 11.386983
788.40137 69.0 11.426106
784.3516 69.0 11.367414
796.7712 69.0 11.547408
777.3317 69.0 11.265677
771.66144 69.0 11.183499
785.1613 69.0 11.379149
789.75134 69.0 11.445672
798.3908 69.0 11.570881
785.4308 69.0 11.383055
777.87103 69.0 11.273493
778.1412 69.0 11.277409
784.0819 69.0 11.363506
784.6212 69.0 11.371322
788.4009 69.0 11.4261
790.022 69.0 11.449594
780.3012 69.0 11.308713
758.7012 70.0 10.838588
756.27185 70.0 10.803884
764.3712 70.0 10.919589
758.9714 70.0 10.842448
751.14154 70.0 10.730594
763.02185 70.0 10.900312
758.70123 70.0 10.838589
762.4814 70.0 10.892591
764.3712 70.0 10.919589
760.05164 70.0 10.857881
759.51196 70.0 10.850171
765.4517 70.0 10.935024
745.47125 70.0 10.64959
767.8815 70.0 10.969735
763.02075 70.0 10.900296
760.0507 70.0 10.857867
757.08154 70.0 10.815451
760.5918 70.0 10.865597
762.48126 70.0 10.89259
763.561 70.0 10.908014
757.081 70.0 10.815443
767.88153 70.0 10.969736
759.51166 70.0 10.850166
765.9915 70.0 10.942736
768.9616 70.0 10.985166
768.15186 70.0 10.973598
765.7211 70.0 10.938873
764.1019 70.0 10.915742
763.291 70.0 10.904158
770.3116 70.0 11.004451
765.72144 70.0 10.938878
765.4511 70.0 10.935016
757.89136 70.0 10.82702
766.8012 70.0 10.954303
767.88165 70.0 10.969738
758.7015 70.0 10.838593
767.61115 70.0 10.965874
762.4813 70.0 10.8925905
769.77167 70.0 10.996738
767.34143 70.0 10.962021
758.16187 70.0 10.830884
743.85156 71.0 10.476783
741.15186 71.0 10.438759
740.61163 71.0 10.4311495
730.3513 71.0 10.286638
740.6116 71.0 10.431149
734.67145 71.0 10.347486
738.9917 71.0 10.408334
737.1016 71.0 10.381713
738.4511 71.0 10.40072
746.8216 71.0 10.518614
736.29175 71.0 10.370306
743.0418 71.0 10.465378
723.0617 71.0 10.183968
736.022 71.0 10.366507
727.1116 71.0 10.241008
740.6112 71.0 10.431144
737.3715 71.0 10.385514
739.5313 71.0 10.415934
741.15137 71.0 10.438751
740.0712 71.0 10.423538
736.29175 71.0 10.370306
735.7509 71.0 10.362689
736.0214 71.0 10.366499
745.74084 71.0 10.503392
737.91156 71.0 10.393121
736.8313 71.0 10.377906
738.7207 71.0 10.404517
743.5817 71.0 10.472982
742.7715 71.0 10.46157
739.8014 71.0 10.419738
743.0413 71.0 10.465371
743.04144 71.0 10.465372
737.6415 71.0 10.389317
726.5715 71.0 10.233401
739.5311 71.0 10.415932
735.751 71.0 10.36269
739.8014 71.0 10.419738
728.46094 71.0 10.260014
741.15173 71.0 10.438757
745.20154 71.0 10.495796
733.05145 71.0 10.324668
712.53107 72.0 9.896265
709.56116 72.0 9.855016
710.6421 72.0 9.870029
711.9912 72.0 9.888767
714.9614 72.0 9.930019
709.56134 72.0 9.855019
714.69086 72.0 9.926262
713.88104 72.0 9.915014
718.74146 72.0 9.98252
711.7218 72.0 9.885025
713.61127 72.0 9.911267
710.1011 72.0 9.8625145
717.12115 72.0 9.960016
724.6812 72.0 10.065017
711.991 72.0 9.888764
710.37115 72.0 9.866266
723.8715 72.0 10.053771
717.9308 72.0 9.971261
719.82153 72.0 9.997521
720.09094 72.0 10.001263
708.21124 72.0 9.836267
724.1414 72.0 10.05752
714.6915 72.0 9.926271
713.34106 72.0 9.907515
706.86145 72.0 9.81752
715.23126 72.0 9.933767
717.12177 72.0 9.960025
717.1211 72.0 9.960015
716.3114 72.0 9.94877
703.3512 72.0 9.768766
707.4013 72.0 9.825018
713.8811 72.0 9.915015
714.1508 72.0 9.918761
714.15155 72.0 9.918772
716.58105 72.0 9.952515
721.44147 72.0 10.0200205
697.951 72.0 9.693764
706.59204 72.0 9.813778
713.0715 72.0 9.90377
715.7716 72.0 9.941273
718.47235 72.0 9.978783
689.5813 73.0 9.44632
692.28094 73.0 9.4833
690.3905 73.0 9.457404
690.12103 73.0 9.453712
687.96155 73.0 9.42413
692.2815 73.0 9.483308
692.55115 73.0 9.487002
685.8016 73.0 9.394542
689.0411 73.0 9.438919
693.3609 73.0 9.498095
696.60175 73.0 9.54249
687.6906 73.0 9.42042
691.20135 73.0 9.468512
685.531 73.0 9.390836
693.0914 73.0 9.494402
689.3113 73.0 9.44262
694.44073 73.0 9.512887
701.7312 73.0 9.612756
688.2315 73.0 9.427829
689.5811 73.0 9.446317
686.6113 73.0 9.405635
694.17065 73.0 9.509187
695.79114 73.0 9.531385
690.39087 73.0 9.457409
677.4311 73.0 9.279878
686.34125 73.0 9.401935
690.9316 73.0 9.464816
685.80164 73.0 9.394543
687.9618 73.0 9.424134
693.9009 73.0 9.505491
689.31146 73.0 9.442623
691.7406 73.0 9.475899
696.8704 73.0 9.54617
691.74146 73.0 9.47591
701.1913 73.0 9.60536
690.3909 73.0 9.45741
691.4711 73.0 9.472207
682.83105 73.0 9.35385
686.34125 73.0 9.401935
689.5811 73.0 9.446317
687.42194 73.0 9.4167385
665.2808 74.0 8.990281
657.721 74.0 8.888122
674.461 74.0 9.114338
661.2317 74.0 8.935563
660.96075 74.0 8.931902
664.47076 74.0 8.979335
662.58124 74.0 8.9538
658.2609 74.0 8.895418
658.5314 74.0 8.899073
665.8208 74.0 8.997579
655.29126 74.0 8.855288
660.15106 74.0 8.92096
654.48096 74.0 8.844337
663.66113 74.0 8.968393
667.17114 74.0 9.015826
657.72076 74.0 8.888119
664.4704 74.0 8.97933
664.7409 74.0 8.9829855
671.49054 74.0 9.074197
664.20105 74.0 8.97569
675.2705 74.0 9.1252775
663.1214 74.0 8.9611
652.32086 74.0 8.815146
653.13074 74.0 8.826091
664.74115 74.0 8.982988
661.7705 74.0 8.942844
652.8613 74.0 8.822451
665.28094 74.0 8.990283
659.88135 74.0 8.9173155
663.66046 74.0 8.968385
656.3708 74.0 8.869876
673.9205 74.0 9.107034
669.87134 74.0 9.052316
665.01056 74.0 8.9866295
669.0619 74.0 9.041377
669.60114 74.0 9.048664
663.6608 74.0 8.9683895
661.231 74.0 8.9355545
662.58124 74.0 8.9538
662.041 74.0 8.9465
665.01056 74.0 8.9866295
645.57086 75.0 8.607612
636.66077 75.0 8.488811
631.261 75.0 8.416813
636.66113 75.0 8.488815
645.0312 75.0 8.600416
642.6011 75.0 8.568014
645.5708 75.0 8.607611
642.87085 75.0 8.571611
636.39014 75.0 8.485202
641.52124 75.0 8.553617
640.71094 75.0 8.542812
633.9615 75.0 8.45282
643.14075 75.0 8.57521
642.0603 75.0 8.560804
636.66113 75.0 8.488815
639.36127 75.0 8.5248165
640.7105 75.0 8.542807
635.31055 75.0 8.470807
643.1409 75.0 8.5752125
625.5907 75.0 8.341209
638.2804 75.0 8.510406
645.3004 75.0 8.604006
640.71155 75.0 8.542821
638.551 75.0 8.514013
636.66113 75.0 8.488815
641.2511 75.0 8.5500145
636.93146 75.0 8.492419
632.8805 75.0 8.438407
633.96075 75.0 8.45281
634.501 75.0 8.460013
647.4615 75.0 8.63282
648.0008 75.0 8.640011
643.411 75.0 8.578814
643.9514 75.0 8.586019
641.7909 75.0 8.557212
638.5507 75.0 8.514009
636.391 75.0 8.485213
639.0914 75.0 8.521218
641.52094 75.0 8.553613
628.56067 75.0 8.380809
651.5109 75.0 8.686812
619.11145 76.0 8.146203
612.3601 76.0 8.05737
609.6609 76.0 8.021853
609.6611 76.0 8.021856
616.95135 76.0 8.117781
615.3313 76.0 8.096464
615.60034 76.0 8.100004
617.7606 76.0 8.128429
618.30096 76.0 8.135539
600.751 76.0 7.9046183
607.231 76.0 7.9898815
612.9003 76.0 8.064478
615.87103 76.0 8.103566
613.4407 76.0 8.071588
616.68085 76.0 8.114222
613.7107 76.0 8.075141
619.11084 76.0 8.146195
610.7411 76.0 8.036067
627.2113 76.0 8.25278
613.4403 76.0 8.071583
618.0311 76.0 8.131989
613.44055 76.0 8.071587
619.9213 76.0 8.156859
614.79 76.0 8.089342
603.18066 76.0 7.936588
609.9307 76.0 8.025404
606.9605 76.0 7.9863224
617.7609 76.0 8.128433
620.7313 76.0 8.167518
610.2014 76.0 8.028966
605.34045 76.0 7.9650064
618.03076 76.0 8.131984
612.9009 76.0 8.064486
617.4906 76.0 8.124876
611.01044 76.0 8.039611
613.7107 76.0 8.075141
618.5708 76.0 8.13909
614.7908 76.0 8.089353
617.4915 76.0 8.124888
612.09125 76.0 8.053832
615.3308 76.0 8.096458
580.50024 77.0 7.5389643
587.25104 77.0 7.6266365
594.5406 77.0 7.7213063
593.73114 77.0 7.710794
582.93066 77.0 7.570528
587.2501 77.0 7.626625
588.60065 77.0 7.6441646
591.03015 77.0 7.675716
586.98065 77.0 7.623125
582.1208 77.0 7.56001
588.0606 77.0 7.637151
590.22144 77.0 7.6652136
582.6606 77.0 7.567021
597.5104 77.0 7.7598753
591.8411 77.0 7.6862483
595.6205 77.0 7.7353306
586.44055 77.0 7.616111
591.03015 77.0 7.675716
594.27045 77.0 7.7177978
588.33014 77.0 7.640651
589.951 77.0 7.661701
591.30066 77.0 7.6792293
587.79034 77.0 7.633641
584.2807 77.0 7.5880613
587.2512 77.0 7.6266394
585.3608 77.0 7.602088
582.6602 77.0 7.567016
593.46106 77.0 7.7072864
590.2215 77.0 7.665214
591.5707 77.0 7.682736
592.1115 77.0 7.68976
592.92114 77.0 7.7002745
581.0404 77.0 7.545979
593.1906 77.0 7.7037745
595.891 77.0 7.7388444
590.76056 77.0 7.672215
591.5703 77.0 7.682731
591.30096 77.0 7.6792336
595.3509 77.0 7.7318296
581.3112 77.0 7.5494967
588.8707 77.0 7.6476717
560.3395 78.0 7.18384
558.17896 78.0 7.156141
559.2584 78.0 7.16998
562.501 78.0 7.211551
561.42035 78.0 7.197697
567.0936 78.0 7.2704315
572.76776 78.0 7.3431764
565.4726 78.0 7.2496486
568.4453 78.0 7.2877607
568.1752 78.0 7.284297
563.58167 78.0 7.225406
565.4728 78.0 7.249651
564.6626 78.0 7.239264
568.4452 78.0 7.287759
563.04126 78.0 7.2184777
569.79565 78.0 7.3050723
575.1989 78.0 7.374345
567.0937 78.0 7.270432
564.1216 78.0 7.232328
571.4169 78.0 7.3258576
560.33936 78.0 7.183838
565.20215 78.0 7.246181
561.4201 78.0 7.1976933
560.60944 78.0 7.1873007
567.0942 78.0 7.270438
565.20233 78.0 7.246184
558.17816 78.0 7.1561303
569.526 78.0 7.3016157
573.84827 78.0 7.357029
558.9886 78.0 7.1665206
562.7713 78.0 7.215017
566.8238 78.0 7.2669716
567.36395 78.0 7.273897
564.3919 78.0 7.2357936
569.52545 78.0 7.301608
566.01337 78.0 7.256582
561.6908 78.0 7.2011642
558.44867 78.0 7.1595984
562.50116 78.0 7.211553
567.9045 78.0 7.2808266
568.7147 78.0 7.291214
543.7799 79.0 6.88329
540.00006 79.0 6.8354435
542.43036 79.0 6.866207
537.84094 79.0 6.808113
542.43054 79.0 6.866209
537.03015 79.0 6.7978497
543.24036 79.0 6.8764606
534.3298 79.0 6.763668
535.68 79.0 6.7807593
541.6203 79.0 6.855953
536.2203 79.0 6.787598
536.2201 79.0 6.7875957
543.24023 79.0 6.8764586
540.0006 79.0 6.835451
543.5103 79.0 6.879877
539.45984 79.0 6.828605
542.9701 79.0 6.8730392
539.72974 79.0 6.832022
538.9202 79.0 6.821775
532.97986 79.0 6.7465806
534.0602 79.0 6.760256
532.17 79.0 6.7363286
544.05054 79.0 6.886716
546.4801 79.0 6.9174695
540.2702 79.0 6.8388634
537.30054 79.0 6.8012724
540.00006 79.0 6.8354435
539.7306 79.0 6.8320327
535.68 79.0 6.7807593
544.32 79.0 6.8901267
537.83997 79.0 6.808101
538.11 79.0 6.8115187
540.0006 79.0 6.835451
540.54065 79.0 6.842287
542.6998 79.0 6.869618
542.9704 79.0 6.873043
538.92004 79.0 6.8217726
538.38 79.0 6.814937
537.8409 79.0 6.808112
544.59045 79.0 6.89355
534.87006 79.0 6.7705073
510.02975 80.0 6.375372
513.2699 80.0 6.415874
506.7901 80.0 6.334876
509.76038 80.0 6.3720045
514.07983 80.0 6.4259977
509.49008 80.0 6.368626
513.26953 80.0 6.4158688
511.6498 80.0 6.3956227
515.42944 80.0 6.442868
514.0798 80.0 6.4259973
512.73 80.0 6.4091244
519.7491 80.0 6.496864
517.04974 80.0 6.463122
514.0796 80.0 6.425995
512.1898 80.0 6.402373
506.51965 80.0 6.331496
520.2904 80.0 6.50363
509.49 80.0 6.3686247
515.4302 80.0 6.442877
518.9403 80.0 6.486754
511.37997 80.0 6.3922496
506.7899 80.0 6.3348737
521.09985 80.0 6.513748
514.88995 80.0 6.4361243
503.27985 80.0 6.290998
501.11984 80.0 6.263998
510.83984 80.0 6.385498
511.9197 80.0 6.3989964
512.1898 80.0 6.402373
511.91986 80.0 6.3989983
518.66974 80.0 6.4833717
520.56024 80.0 6.5070033
520.28986 80.0 6.503623
516.51013 80.0 6.4563766
522.99036 80.0 6.5373793
510.30032 80.0 6.378754
522.99 80.0 6.5373745
511.37927 80.0 6.392241
519.2099 80.0 6.4901237
510.56976 80.0 6.382122
515.97 80.0 6.4496245
484.91953 81.0 5.986661
489.7794 81.0 6.046659
488.6998 81.0 6.033331
485.4594 81.0 5.993326
485.18964 81.0 5.9899955
493.55923 81.0 6.0933237
489.50946 81.0 6.043327
482.4893 81.0 5.956658
483.83963 81.0 5.9733286
494.63956 81.0 6.1066613
491.93976 81.0 6.0733304
482.48996 81.0 5.956666
493.28915 81.0 6.0899897
490.04956 81.0 6.0499945
487.8894 81.0 6.023326
489.77948 81.0 6.0466604
491.93994 81.0 6.073333
490.85995 81.0 6.0599995
487.61914 81.0 6.0199895
488.15955 81.0 6.026661
490.0493 81.0 6.049991
487.34967 81.0 6.0166626
486.80972 81.0 6.0099964
495.44955 81.0 6.116661
488.15945 81.0 6.02666
489.23965 81.0 6.0399957
493.83014 81.0 6.0966682
487.34955 81.0 6.016661
483.5696 81.0 5.969995
492.2096 81.0 6.0766616
493.55988 81.0 6.093332
479.78918 81.0 5.923323
490.58954 81.0 6.056661
482.21954 81.0 5.9533277
495.71936 81.0 6.1199923
487.34955 81.0 6.016661
494.90915 81.0 6.1099896
494.0998 81.0 6.0999975
488.15945 81.0 6.02666
491.39975 81.0 6.0666637
485.1897 81.0 5.9899964
465.47916 82.0 5.676575
464.93945 82.0 5.6699934
464.6686 82.0 5.6666903
462.239 82.0 5.637061
460.61896 82.0 5.6173043
461.42865 82.0 5.6271787
462.23898 82.0 5.6370606
461.42957 82.0 5.6271896
462.50888 82.0 5.6403522
465.2091 82.0 5.6732817
464.12933 82.0 5.660114
459.2693 82.0 5.600845
471.41885 82.0 5.7490106
465.2091 82.0 5.6732817
461.69904 82.0 5.630476
463.8592 82.0 5.6568193
465.47916 82.0 5.676575
462.50882 82.0 5.6403513
463.04883 82.0 5.646937
466.0191 82.0 5.68316
466.01904 82.0 5.683159
462.23892 82.0 5.63706
463.3192 82.0 5.650234
460.619 82.0 5.617305
461.15894 82.0 5.6238894
462.7793 82.0 5.64365
465.74924 82.0 5.6798687
467.90952 82.0 5.7062135
466.01956 82.0 5.6831656
462.7789 82.0 5.6436453
461.96927 82.0 5.6337714
468.9892 82.0 5.7193804
462.7791 82.0 5.6436477
466.5589 82.0 5.6897426
457.91898 82.0 5.584378
460.34912 82.0 5.6140137
458.72906 82.0 5.594257
457.64853 82.0 5.5810795
461.96915 82.0 5.63377
467.6392 82.0 5.702917
461.42917 82.0 5.627185
436.5886 83.0 5.2601037
441.98856 83.0 5.3251634
431.45825 83.0 5.1982923
434.42856 83.0 5.234079
436.3187 83.0 5.2568517
444.1488 83.0 5.3511906
437.93912 83.0 5.276375
433.88864 83.0 5.227574
435.50854 83.0 5.247091
437.93887 83.0 5.276372
443.60873 83.0 5.3446836
439.2889 83.0 5.2926373
436.0487 83.0 5.2535987
438.47867 83.0 5.2828755
438.20886 83.0 5.279625
439.8286 83.0 5.29914
438.20834 83.0 5.2796187
434.15875 83.0 5.2308283
442.52896 83.0 5.331674
437.39832 83.0 5.2698593
437.66852 83.0 5.2731147
434.15872 83.0 5.230828
441.7188 83.0 5.3219132
441.17865 83.0 5.3154054
439.55838 83.0 5.295884
441.98837 83.0 5.325161
437.6687 83.0 5.273117
434.69858 83.0 5.2373323
435.5082 83.0 5.247087
437.93884 83.0 5.2763715
437.6686 83.0 5.2731156
439.2884 83.0 5.292631
435.5088 83.0 5.2470937
440.6386 83.0 5.308899
441.17853 83.0 5.315404
440.09818 83.0 5.3023877
442.25854 83.0 5.3284163
436.31866 83.0 5.256851
436.0483 83.0 5.253594
431.9981 83.0 5.2047963
434.69818 83.0 5.2373276
414.17783 84.0 4.9306884
413.368 84.0 4.9210477
409.8579 84.0 4.879261
416.33817 84.0 4.9564066
413.6385 84.0 4.924268
413.63794 84.0 4.924261
408.23798 84.0 4.859976
407.42798 84.0 4.850333
410.9378 84.0 4.8921165
409.85803 84.0 4.8792624
411.47772 84.0 4.8985443
410.66815 84.0 4.8889065
414.17804 84.0 4.930691
414.44836 84.0 4.933909
412.01782 84.0 4.904974
411.47797 84.0 4.898547
410.3979 84.0 4.8856893
415.79834 84.0 4.9499803
407.6981 84.0 4.8535485
404.18784 84.0 4.81176
415.7979 84.0 4.949975
413.63812 84.0 4.9242635
413.36798 84.0 4.921047
415.5279 84.0 4.9467607
415.2578 84.0 4.9435453
414.988 84.0 4.9403334
415.2582 84.0 4.94355
416.33823 84.0 4.9564075
409.04803 84.0 4.8696194
416.87805 84.0 4.962834
409.85773 84.0 4.8792586
416.06824 84.0 4.953193
414.44772 84.0 4.9339013
412.018 84.0 4.9049764
410.93808 84.0 4.89212
412.8278 84.0 4.9146166
413.368 84.0 4.9210477
415.79797 84.0 4.949976
416.33804 84.0 4.956405
412.01794 84.0 4.9049754
408.77783 84.0 4.8664026
383.39798 85.0 4.5105643
392.3081 85.0 4.6153893
389.3381 85.0 4.580448
386.098 85.0 4.5423293
386.63782 85.0 4.5486803
386.6378 85.0 4.54868
391.49786 85.0 4.6058574
388.52808 85.0 4.5709186
385.82797 85.0 4.5391526
386.36755 85.0 4.5455008
387.98782 85.0 4.564563
390.95795 85.0 4.5995054
385.55817 85.0 4.5359783
388.79788 85.0 4.574093
386.90808 85.0 4.55186
386.36804 85.0 4.5455065
395.00784 85.0 4.647151
389.60803 85.0 4.583624
391.22803 85.0 4.6026826
389.33798 85.0 4.5804467
386.0979 85.0 4.5423284
390.4182 85.0 4.5931554
384.4781 85.0 4.5232716
386.36823 85.0 4.5455084
386.90805 85.0 4.5518594
386.36813 85.0 4.5455074
377.99805 85.0 4.447036
381.7781 85.0 4.491507
383.39813 85.0 4.510566
386.098 85.0 4.5423293
387.17804 85.0 4.5550356
390.14804 85.0 4.589977
389.06796 85.0 4.57727
385.55795 85.0 4.535976
386.90796 85.0 4.5518584
386.0981 85.0 4.5423307
382.31793 85.0 4.497858
391.76773 85.0 4.609032
385.28784 85.0 4.5327983
382.58807 85.0 4.501036
381.7779 85.0 4.4915047
363.14795 86.0 4.2226505
360.9882 86.0 4.197537
363.68823 86.0 4.228933
362.0682 86.0 4.2100954
364.49823 86.0 4.2383513
363.9579 86.0 4.2320685
362.06808 86.0 4.210094
362.33813 86.0 4.213234
365.57822 86.0 4.2509093
362.6082 86.0 4.2163744
361.25818 86.0 4.2006764
358.55814 86.0 4.1692805
364.22803 86.0 4.2352095
368.0081 86.0 4.279164
364.22784 86.0 4.2352076
366.388 86.0 4.2603254
363.9581 86.0 4.232071
358.0183 86.0 4.1630034
365.57788 86.0 4.2509055
359.638 86.0 4.181837
357.74802 86.0 4.1598606
360.4481 86.0 4.191257
358.55844 86.0 4.1692843
361.52808 86.0 4.203815
362.8781 86.0 4.219513
363.95813 86.0 4.2320714
364.22806 86.0 4.23521
365.57806 86.0 4.250908
362.06824 86.0 4.210096
363.95834 86.0 4.232074
363.41818 86.0 4.225793
361.52817 86.0 4.203816
359.09833 86.0 4.175562
360.71805 86.0 4.194396
359.63815 86.0 4.181839
362.6083 86.0 4.216376
362.06808 86.0 4.210094
363.9581 86.0 4.232071
363.958 86.0 4.23207
358.828 86.0 4.1724186
362.33813 86.0 4.213234
334.2582 87.0 3.8420484
339.11798 87.0 3.897908
332.36813 87.0 3.8203235
336.95825 87.0 3.8730834
336.9581 87.0 3.8730814
338.8483 87.0 3.894808
336.4182 87.0 3.8668761
340.46802 87.0 3.9134254
332.36804 87.0 3.8203223
335.06827 87.0 3.8513594
339.11813 87.0 3.8979096
334.79837 87.0 3.848257
338.308 87.0 3.888598
336.958 87.0 3.8730805
336.68814 87.0 3.8699787
334.52835 87.0 3.8451533
340.46832 87.0 3.913429
334.25827 87.0 3.8420491
337.76813 87.0 3.8823922
335.87814 87.0 3.8606682
338.30807 87.0 3.8885984
336.95822 87.0 3.873083
336.14798 87.0 3.86377
338.03824 87.0 3.885497
336.95816 87.0 3.8730822
337.22794 87.0 3.876183
336.6885 87.0 3.869983
337.76825 87.0 3.8823938
340.19824 87.0 3.9103246
333.17813 87.0 3.8296337
339.65826 87.0 3.904118
334.79834 87.0 3.8482568
336.1483 87.0 3.8637733
335.33844 87.0 3.8544648
337.7684 87.0 3.8823953
334.7982 87.0 3.848255
335.33813 87.0 3.8544614
335.06836 87.0 3.8513606
341.00848 87.0 3.9196377
335.06827 87.0 3.8513594
340.1982 87.0 3.9103243
313.19827 88.0 3.5590713
310.2283 88.0 3.5253215
307.5282 88.0 3.4946384
311.3083 88.0 3.5375943
309.14832 88.0 3.5130491
313.73846 88.0 3.5652099
310.2284 88.0 3.5253227
305.63837 88.0 3.4731631
314.27832 88.0 3.5713444
308.87836 88.0 3.5099814
313.73837 88.0 3.565209
307.25842 88.0 3.491573
311.57822 88.0 3.5406616
314.81818 88.0 3.5774791
313.1982 88.0 3.5590706
315.08835 88.0 3.5805495
311.5783 88.0 3.5406625
306.4484 88.0 3.482368
308.6084 88.0 3.5069137
314.54828 88.0 3.574412
314.00827 88.0 3.5682757
314.81805 88.0 3.577478
310.4982 88.0 3.5283885
313.46826 88.0 3.5621395
310.76837 88.0 3.5314589
313.19815 88.0 3.5590699
309.14832 88.0 3.5130491
309.95834 88.0 3.5222538
305.6383 88.0 3.4731627
307.5286 88.0 3.494643
310.4984 88.0 3.5283911
310.22852 88.0 3.525324
315.3581 88.0 3.5836146
313.4684 88.0 3.5621412
312.6584 88.0 3.5529363
308.8783 88.0 3.5099807
312.92862 88.0 3.556007
311.57846 88.0 3.5406644
305.3687 88.0 3.470099
311.84857 88.0 3.5437338
307.79803 88.0 3.497705
286.46872 89.0 3.2187495
287.54858 89.0 3.230883
290.5185 89.0 3.264253
285.6585 89.0 3.2096462
284.30853 89.0 3.194478
280.25848 89.0 3.1489718
285.92834 89.0 3.212678
286.73843 89.0 3.2217803
287.00854 89.0 3.2248151
283.49854 89.0 3.1853766
285.11862 89.0 3.20358
288.62842 89.0 3.243016
281.87833 89.0 3.1671722
288.08853 89.0 3.2369497
287.00867 89.0 3.2248166
285.6585 89.0 3.2096462
286.46875 89.0 3.21875
287.00842 89.0 3.2248137
288.6285 89.0 3.243017
284.03845 89.0 3.1914432
290.51834 89.0 3.264251
286.46866 89.0 3.2187488
278.36865 89.0 3.1277378
282.4186 89.0 3.1732428
284.84866 89.0 3.2005467
289.16876 89.0 3.249087
283.7688 89.0 3.1884134
286.46872 89.0 3.2187495
284.03827 89.0 3.1914413
290.78824 89.0 3.2672837
287.8185 89.0 3.2339158
287.0087 89.0 3.2248168
286.4685 89.0 3.2187471
285.38864 89.0 3.2066138
286.19864 89.0 3.2157152
289.70828 89.0 3.2551491
282.68845 89.0 3.1762745
285.6582 89.0 3.209643
285.11844 89.0 3.203578
283.22864 89.0 3.1823442
285.11865 89.0 3.2035804
262.16873 90.0 2.9129858
259.19864 90.0 2.8799849
260.54868 90.0 2.8949854
262.16867 90.0 2.9129853
258.11862 90.0 2.8679848
260.0086 90.0 2.8889844
258.11896 90.0 2.8679883
258.11874 90.0 2.8679862
259.73865 90.0 2.8859851
261.8987 90.0 2.9099855
257.5786 90.0 2.8619845
260.0088 90.0 2.8889866
260.27893 90.0 2.891988
258.65872 90.0 2.8739858
261.0886 90.0 2.9009845
260.00864 90.0 2.888985
256.76877 90.0 2.8529863
260.2787 90.0 2.8919854
258.11862 90.0 2.8679848
264.59866 90.0 2.939985
261.89868 90.0 2.9099853
260.27866 90.0 2.891985
255.95872 90.0 2.8439858
260.27872 90.0 2.8919857
257.03876 90.0 2.8559864
258.38873 90.0 2.870986
257.84882 90.0 2.864987
259.73865 90.0 2.8859851
259.46875 90.0 2.882986
260.54855 90.0 2.8949838
258.3888 90.0 2.8709867
260.5487 90.0 2.8949857
261.35864 90.0 2.903985
262.16858 90.0 2.9129844
261.35864 90.0 2.903985
260.00885 90.0 2.888987
258.65872 90.0 2.8739858
262.43878 90.0 2.9159865
261.8986 90.0 2.9099844
261.89877 90.0 2.9099863
259.4687 90.0 2.8829856
