116.64 1.0 116.64
120.42 1.0 120.42
120.14999 1.0 120.14999
117.45 1.0 117.45
118.53001 1.0 118.53001
118.26001 1.0 118.26001
117.45 1.0 117.45
120.69 1.0 120.69
119.33999 1.0 119.33999
121.76998 1.0 121.76998
117.990005 1.0 117.990005
115.56 1.0 115.56
116.369995 1.0 116.369995
119.61 1.0 119.61
122.04 1.0 122.04
118.8 1.0 118.8
119.87999 1.0 119.87999
119.880005 1.0 119.880005
120.69 1.0 120.69
120.68999 1.0 120.68999
117.71999 1.0 117.71999
120.420006 1.0 120.420006
124.73999 1.0 124.73999
119.87999 1.0 119.87999
116.91001 1.0 116.91001
118.53001 1.0 118.53001
121.770004 1.0 121.770004
118.53001 1.0 118.53001
119.880005 1.0 119.880005
117.990005 1.0 117.990005
117.180016 1.0 117.180016
120.420006 1.0 120.420006
118.259995 1.0 118.259995
120.959984 1.0 120.959984
116.909996 1.0 116.909996
116.909996 1.0 116.909996
121.77 1.0 121.77
120.15 1.0 120.15
119.880005 1.0 119.880005
121.500015 1.0 121.500015
120.15001 1.0 120.15001
239.21994 2.0 119.60997
240.83994 2.0 120.41997
236.78995 2.0 118.39497
235.43997 2.0 117.719986
236.79 2.0 118.395
238.67998 2.0 119.33999
232.19998 2.0 116.09999
238.14001 2.0 119.07001
236.24997 2.0 118.124985
236.24997 2.0 118.124985
235.16995 2.0 117.58498
241.10999 2.0 120.55499
240.57004 2.0 120.28502
233.81998 2.0 116.90999
238.40999 2.0 119.204994
240.29997 2.0 120.14999
234.9 2.0 117.45
234.08994 2.0 117.04497
238.40999 2.0 119.204994
239.21994 2.0 119.60997
240.03 2.0 120.015
244.34995 2.0 122.17497
238.67998 2.0 119.33999
233.00998 2.0 116.50499
236.78996 2.0 118.39498
237.33 2.0 118.665
235.16997 2.0 117.584984
244.08 2.0 122.04
235.97998 2.0 117.98999
231.11996 2.0 115.55998
231.11996 2.0 115.55998
241.38 2.0 120.69
234.35999 2.0 117.17999
239.21997 2.0 119.609985
234.9 2.0 117.45
241.91997 2.0 120.959984
238.94998 2.0 119.47499
235.97995 2.0 117.989975
239.75998 2.0 119.87999
241.10999 2.0 120.55499
238.94992 2.0 119.47496
353.15988 3.0 117.71996
355.04993 3.0 118.349976
357.7499 3.0 119.24997
362.88 3.0 120.96
358.28986 3.0 119.429955
352.61987 3.0 117.53996
350.72995 3.0 116.90998
356.93994 3.0 118.97998
357.20996 3.0 119.069984
361.52994 3.0 120.50998
358.55997 3.0 119.51999
358.01996 3.0 119.33999
353.42993 3.0 117.809975
358.28992 3.0 119.42997
363.15 3.0 121.049995
356.39993 3.0 118.79998
359.3699 3.0 119.78997
349.91992 3.0 116.63998
353.42993 3.0 117.80998
357.20996 3.0 119.069984
361.25998 3.0 120.41999
360.72 3.0 120.24
359.63995 3.0 119.87999
352.61996 3.0 117.539986
356.12994 3.0 118.70998
350.72986 3.0 116.90996
352.61987 3.0 117.539955
360.98993 3.0 120.32997
352.07993 3.0 117.35998
345.0599 3.0 115.019966
359.36996 3.0 119.789986
356.93988 3.0 118.979965
360.1799 3.0 120.05997
359.36996 3.0 119.789986
360.98993 3.0 120.32997
354.23996 3.0 118.07999
354.7799 3.0 118.259964
356.1299 3.0 118.70997
363.41992 3.0 121.13997
355.58994 3.0 118.529976
349.37994 3.0 116.45998
474.38995 4.0 118.59749
476.00995 4.0 119.00249
475.47003 4.0 118.86751
474.66 4.0 118.665
469.79996 4.0 117.44999
469.52988 4.0 117.38247
470.06992 4.0 117.51748
480.32993 4.0 120.08248
474.11996 4.0 118.52999
472.77002 4.0 118.192505
470.87994 4.0 117.719986
478.43994 4.0 119.609985
474.65997 4.0 118.66499
477.35995 4.0 119.33999
475.19995 4.0 118.79999
478.97998 4.0 119.744995
474.92993 4.0 118.73248
473.03995 4.0 118.25999
476.82 4.0 119.205
471.41992 4.0 117.85498
473.30997 4.0 118.32749
478.16992 4.0 119.54248
480.05997 4.0 120.01499
467.6399 4.0 116.90997
472.2299 4.0 118.05747
474.38995 4.0 118.59749
468.45 4.0 117.1125
474.3899 4.0 118.59747
467.36987 4.0 116.84247
474.65997 4.0 118.66499
470.60995 4.0 117.65249
482.75995 4.0 120.68999
470.87988 4.0 117.71997
464.39984 4.0 116.09996
471.41998 4.0 117.854996
469.79996 4.0 117.44999
471.42 4.0 117.855
477.62997 4.0 119.40749
480.05997 4.0 120.01499
476.28003 4.0 119.07001
481.40997 4.0 120.35249
468.17993 5.0 93.63599
486.81012 5.0 97.36202
506.24997 5.0 101.24999
532.44 5.0 106.488
543.78 5.0 108.756004
574.02014 5.0 114.80402
582.3901 5.0 116.47802
596.4301 5.0 119.28602
589.68 5.0 117.936
585.63 5.0 117.12601
591.8401 5.0 118.36801
590.49005 5.0 118.09801
583.2 5.0 116.64
594.26996 5.0 118.854
590.22 5.0 118.04399
590.22003 5.0 118.04401
591.3001 5.0 118.26002
590.22003 5.0 118.04401
597.2401 5.0 119.44802
588.05994 5.0 117.61199
584.8198 5.0 116.96397
578.88007 5.0 115.77601
601.8301 5.0 120.36601
587.79004 5.0 117.55801
590.76013 5.0 118.15202
594.8101 5.0 118.96203
591.5698 5.0 118.313965
552.69006 5.0 110.53802
539.18994 5.0 107.83799
504.0899 5.0 100.81798
522.4501 5.0 104.49001
523.7999 5.0 104.75999
547.2901 5.0 109.458015
557.55005 5.0 111.51001
545.94 5.0 109.187996
558.0901 5.0 111.61802
515.97 5.0 103.19399
511.92 5.0 102.384
521.10004 5.0 104.22001
538.1101 5.0 107.622025
514.3501 5.0 102.87002
504.89996 6.0 84.149994
462.24 6.0 77.04
470.87997 6.0 78.479996
516.5099 6.0 86.08498
529.20013 6.0 88.20002
549.7199 6.0 91.61999
503.54987 6.0 83.92498
482.21988 6.0 80.36998
452.51996 6.0 75.41999
454.14008 6.0 75.69001
432.53992 6.0 72.08999
488.16 6.0 81.36
513.0 6.0 85.5
515.43 6.0 85.905
520.02 6.0 86.670006
558.63 6.0 93.105
604.25995 6.0 100.70999
607.77014 6.0 101.29502
585.6301 6.0 97.60502
494.91003 6.0 82.48501
499.77002 6.0 83.295006
530.00995 6.0 88.33499
574.02 6.0 95.67
558.9 6.0 93.15001
531.09015 6.0 88.51502
563.49 6.0 93.915
528.66016 6.0 88.11003
511.11008 6.0 85.18501
518.12994 6.0 86.35499
500.84995 6.0 83.47499
476.82 6.0 79.47
510.5699 6.0 85.09498
487.8899 6.0 81.31498
501.93008 6.0 83.655014
480.59995 6.0 80.09999
449.0099 6.0 74.834984
468.44995 6.0 78.07499
463.05 6.0 77.174995
506.24994 6.0 84.37499
502.47003 6.0 83.745
531.63007 6.0 88.60501
461.96988 7.0 65.9957
480.59985 7.0 68.65712
470.88 7.0 67.26857
487.8901 7.0 69.698586
459.80994 7.0 65.68713
439.55988 7.0 62.794266
459.80988 7.0 65.687126
520.56006 7.0 74.36572
565.6501 7.0 80.80715
578.6099 7.0 82.65856
535.68005 7.0 76.52573
530.8197 7.0 75.83139
505.44003 7.0 72.20572
445.22998 7.0 63.604282
450.89987 7.0 64.41427
453.06 7.0 64.722855
468.1799 7.0 66.88284
521.6399 7.0 74.51999
510.56998 7.0 72.93857
503.82007 7.0 71.9743
508.13995 7.0 72.59142
589.4101 7.0 84.20144
507.33017 7.0 72.47574
478.16986 7.0 68.30998
515.42993 7.0 73.63285
506.24994 7.0 72.32142
498.68997 7.0 71.241425
521.37006 7.0 74.48144
579.4198 7.0 82.77426
518.39996 7.0 74.05714
545.12994 7.0 77.87571
529.7401 7.0 75.67716
504.89993 7.0 72.12856
520.83 7.0 74.40429
509.21982 7.0 72.74569
511.38013 7.0 73.054306
460.62006 7.0 65.802864
466.01996 7.0 66.57428
469.26007 7.0 67.037155
500.03998 7.0 71.43428
530.8201 7.0 75.83144
497.61002 8.0 62.201252
508.94995 8.0 63.618744
504.9001 8.0 63.11251
510.0301 8.0 63.75376
498.96005 8.0 62.370007
517.05 8.0 64.63125
489.24008 8.0 61.15501
489.24005 8.0 61.155006
499.23004 8.0 62.403755
480.06 8.0 60.0075
457.92 8.0 57.24
481.6801 8.0 60.210014
491.39996 8.0 61.424995
555.3901 8.0 69.42376
522.99 8.0 65.37375
470.34 8.0 58.7925
460.34995 8.0 57.543743
422.27994 8.0 52.784992
460.8899 8.0 57.611237
523.2601 8.0 65.40751
527.8501 8.0 65.98126
537.84 8.0 67.23
413.63998 8.0 51.704998
527.8501 8.0 65.98126
505.70996 8.0 63.213745
519.48004 8.0 64.935005
508.68002 8.0 63.585003
474.12003 8.0 59.265003
425.78995 8.0 53.223743
498.69003 8.0 62.336254
560.2499 8.0 70.031235
591.3002 8.0 73.91252
514.62 8.0 64.3275
492.47998 8.0 61.559998
494.63998 8.0 61.829998
526.23 8.0 65.77875
526.49994 8.0 65.81249
483.84003 8.0 60.480003
492.74985 8.0 61.59373
559.4401 8.0 69.930016
535.40985 8.0 66.92623
498.15 9.0 55.35
472.77002 9.0 52.530003
454.14 9.0 50.460003
545.67 9.0 60.629997
475.73993 9.0 52.859993
461.97003 9.0 51.33
514.35004 9.0 57.150005
502.20007 9.0 55.800007
557.5501 9.0 61.950012
481.95007 9.0 53.550007
544.31995 9.0 60.479992
526.2301 9.0 58.470013
532.1702 9.0 59.130024
590.49005 9.0 65.61001
507.87012 9.0 56.43001
461.15994 9.0 51.239994
503.82004 9.0 55.980003
535.68 9.0 59.519997
579.9599 9.0 64.43999
521.37 9.0 57.929996
540.80994 9.0 60.089996
553.23016 9.0 61.47002
465.75003 9.0 51.750004
493.28995 9.0 54.809994
491.13004 9.0 54.570004
532.9799 9.0 59.219994
469.25986 9.0 52.139984
516.78 9.0 57.420002
521.1001 9.0 57.90001
514.6201 9.0 57.18001
474.93008 9.0 52.770008
490.8599 9.0 54.53999
509.48993 9.0 56.609993
516.78015 9.0 57.420013
498.68994 9.0 55.409992
541.88995 9.0 60.209995
494.10004 9.0 54.900005
477.09006 9.0 53.010006
477.63007 9.0 53.070007
499.4998 9.0 55.499977
468.18005 9.0 52.020004
498.96 10.0 49.896
502.1999 10.0 50.21999
533.25006 10.0 53.32501
479.2499 10.0 47.92499
458.9999 10.0 45.89999
473.3101 10.0 47.33101
476.54996 10.0 47.654995
561.86993 10.0 56.186993
523.26 10.0 52.326004
534.6001 10.0 53.46001
572.67004 10.0 57.267002
495.18008 10.0 49.51801
449.55005 10.0 44.955006
535.68005 10.0 53.568005
515.69995 10.0 51.569996
479.51996 10.0 47.951996
459.8099 10.0 45.98099
482.22 10.0 48.222
492.74994 10.0 49.274994
484.9199 10.0 48.49199
493.83 10.0 49.383
506.24988 10.0 50.62499
492.20996 10.0 49.220997
506.25012 10.0 50.62501
477.35992 10.0 47.735992
509.48993 10.0 50.948994
511.37994 10.0 51.137993
485.19012 10.0 48.519012
503.82004 10.0 50.382004
556.1999 10.0 55.61999
532.43994 10.0 53.243996
461.16013 10.0 46.116013
493.0199 10.0 49.30199
507.33002 10.0 50.733
497.34006 10.0 49.734005
499.77002 10.0 49.977
486.00012 10.0 48.600014
494.09998 10.0 49.409996
504.3599 10.0 50.43599
488.43015 10.0 48.843014
464.13 10.0 46.413002
525.15 11.0 47.740913
491.66995 11.0 44.69727
559.43994 11.0 50.858177
458.4601 11.0 41.678192
542.9701 11.0 49.36092
491.66995 11.0 44.69727
514.35004 11.0 46.759094
602.37 11.0 54.76091
589.41 11.0 53.582726
444.41983 11.0 40.401802
494.09998 11.0 44.91818
552.14996 11.0 50.19545
482.49008 11.0 43.862736
482.49008 11.0 43.862736
510.30023 11.0 46.39093
532.98 11.0 48.452724
508.68005 11.0 46.24364
467.10007 11.0 42.463642
502.47018 11.0 45.679108
515.97003 11.0 46.90637
475.7401 11.0 43.2491
527.03986 11.0 47.912712
529.19995 11.0 48.109085
453.05994 11.0 41.187267
496.53006 11.0 45.139095
584.01013 11.0 53.091827
557.8201 11.0 50.71092
459.00003 11.0 41.727276
472.4999 11.0 42.954536
507.0599 11.0 46.096355
455.2199 11.0 41.38363
527.0401 11.0 47.91274
501.38992 11.0 45.580902
486.26996 11.0 44.20636
519.48004 11.0 47.22546
482.75992 11.0 43.887264
518.13 11.0 47.10273
447.93005 11.0 40.720913
504.89993 11.0 45.899994
459.27002 11.0 41.75182
462.77997 11.0 42.070908
462.2401 12.0 38.520008
551.33997 12.0 45.945
532.7102 12.0 44.392517
450.35992 12.0 37.529995
544.5902 12.0 45.382515
465.47998 12.0 38.789997
442.52994 12.0 36.877495
473.58005 12.0 39.465004
482.7599 12.0 40.229992
492.21002 12.0 41.0175
505.70996 12.0 42.142498
505.44006 12.0 42.120007
537.83997 12.0 44.82
540.80994 12.0 45.067497
469.52997 12.0 39.1275
473.03998 12.0 39.42
490.85992 12.0 40.904995
501.11984 12.0 41.759987
482.49017 12.0 40.207516
531.9 12.0 44.325005
508.68005 12.0 42.390003
464.66998 12.0 38.7225
508.68005 12.0 42.390003
493.83008 12.0 41.152508
522.72015 12.0 43.560013
539.73016 12.0 44.977512
515.1601 12.0 42.930008
469.52994 12.0 39.127495
517.05005 12.0 43.0875
512.18994 12.0 42.682495
497.61005 12.0 41.467503
513.0 12.0 42.75
510.57013 12.0 42.547512
485.72998 12.0 40.477497
476.81992 12.0 39.734993
534.0602 12.0 44.505016
503.00995 12.0 41.917496
486.27 12.0 40.5225
521.91003 12.0 43.492504
484.64996 12.0 40.387497
489.50995 12.0 40.792496
437.6698 13.0 33.66691
531.89996 13.0 40.915382
498.95984 13.0 38.381527
524.8799 13.0 40.375374
531.36005 13.0 40.873848
548.91016 13.0 42.223858
500.31012 13.0 38.485394
511.92004 13.0 39.378464
486.00012 13.0 37.384624
516.51 13.0 39.731537
417.69 13.0 32.13
519.2099 13.0 39.939224
471.15002 13.0 36.24231
514.89 13.0 39.606922
512.45996 13.0 39.42
528.9298 13.0 40.68691
488.96988 13.0 37.613068
531.6299 13.0 40.894608
508.95013 13.0 39.15001
448.20007 13.0 34.47693
549.4501 13.0 42.265392
498.15018 13.0 38.319244
447.12003 13.0 34.39385
484.92 13.0 37.30154
549.9899 13.0 42.30692
493.02008 13.0 37.92462
504.09015 13.0 38.776165
540.27014 13.0 41.559242
435.51007 13.0 33.500774
425.78986 13.0 32.753067
474.9301 13.0 36.533085
498.15018 13.0 38.319244
465.48007 13.0 35.80616
475.73987 13.0 36.595375
537.84015 13.0 41.37232
485.7299 13.0 37.36384
457.11 13.0 35.162308
469.26 13.0 36.096924
477.63004 13.0 36.740772
479.52002 13.0 36.886154
553.5001 13.0 42.576935
499.22995 14.0 35.659283
537.02997 14.0 38.359283
540.53986 14.0 38.60999
470.8801 14.0 33.634293
527.85 14.0 37.703568
476.55008 14.0 34.03929
387.9899 14.0 27.713564
447.38983 14.0 31.956417
522.9899 14.0 37.356422
478.71014 14.0 34.19358
518.12994 14.0 37.00928
494.64005 14.0 35.331432
517.31995 14.0 36.951424
472.77008 14.0 33.76929
516.7799 14.0 36.91285
469.80008 14.0 33.557148
474.39014 14.0 33.88501
494.1 14.0 35.29286
499.7701 14.0 35.697865
437.6699 14.0 31.262135
492.21 14.0 35.157856
473.0401 14.0 33.788578
480.32993 14.0 34.30928
514.88995 14.0 36.777855
464.67007 14.0 33.19072
485.72998 14.0 34.695
498.41995 14.0 35.601425
497.88007 14.0 35.562862
495.9901 14.0 35.427864
460.07996 14.0 32.862854
524.61 14.0 37.47214
512.1897 14.0 36.58498
497.88007 14.0 35.562862
503.27994 14.0 35.948566
503.82 14.0 35.987144
515.97 14.0 36.855
492.21008 14.0 35.157864
482.49 14.0 34.46357
527.8502 14.0 37.703587
482.49 14.0 34.46357
459.0001 14.0 32.78572
481.14005 15.000001 32.076
569.16 15.000001 37.943996
497.61008 15.000001 33.174004
532.17004 15.000001 35.478
470.61014 15.000001 31.374006
492.75012 15.000001 32.850006
485.99994 15.000001 32.399994
476.82 15.000001 31.787998
476.55008 15.000001 31.770002
460.8901 15.000001 30.726006
540.8103 15.000001 36.054016
492.47992 15.000001 32.831993
501.12 15.000001 33.407997
490.32004 15.000001 32.688
457.92007 15.000001 30.528004
502.74017 15.000001 33.51601
514.08014 15.000001 34.272007
461.15994 15.000001 30.743994
456.5701 15.000001 30.438005
448.47003 15.000001 29.898
533.2499 15.000001 35.54999
442.8 15.000001 29.519997
488.43002 15.000001 32.562
483.8401 15.000001 32.256004
499.22995 15.000001 33.281994
482.49 15.000001 32.165997
491.94006 15.000001 32.796
465.75006 15.000001 31.050003
502.47 15.000001 33.497997
499.23004 15.000001 33.282
463.58978 15.000001 30.905983
488.43002 15.000001 32.562
497.61014 15.000001 33.174007
458.1899 15.000001 30.545992
487.35007 15.000001 32.49
437.4001 15.000001 29.160004
514.89 15.000001 34.326
508.95016 15.000001 33.930008
437.67004 15.000001 29.178001
570.51013 15.000001 38.034008
486.27008 15.000001 32.418003
438.47998 16.0 27.404999
464.39996 16.0 29.024998
522.72015 16.0 32.67001
474.1202 16.0 29.632513
493.01993 16.0 30.813745
456.57013 16.0 28.535633
490.59 16.0 30.661875
514.35 16.0 32.146873
544.0502 16.0 34.003136
494.63995 16.0 30.914997
500.85 16.0 31.303125
464.13013 16.0 29.008133
467.91006 16.0 29.244379
451.7098 16.0 28.231863
432.27008 16.0 27.01688
455.22003 16.0 28.451252
492.2101 16.0 30.763132
455.75995 16.0 28.484997
467.10004 16.0 29.193752
484.65015 16.0 30.290634
527.3102 16.0 32.956886
526.7702 16.0 32.923138
474.39005 16.0 29.649378
483.29996 16.0 30.206247
482.49005 16.0 30.155628
479.51984 16.0 29.96999
494.6399 16.0 30.914993
479.25006 16.0 29.953129
450.63007 16.0 28.16438
427.95 16.0 26.746876
470.60992 16.0 29.41312
452.25006 16.0 28.265629
428.4899 16.0 26.780619
488.1599 16.0 30.509995
467.9101 16.0 29.24438
460.88998 16.0 28.805624
499.5 16.0 31.21875
494.6402 16.0 30.915012
478.98013 16.0 29.936258
488.16006 16.0 30.510004
491.40005 16.0 30.712503
474.66 17.0 27.921177
510.03 17.0 30.001764
506.79004 17.0 29.811178
452.25003 17.0 26.602943
462.77994 17.0 27.22235
505.1703 17.0 29.715899
466.2901 17.0 27.42883
457.65005 17.0 26.920591
431.46002 17.0 25.380001
455.75998 17.0 26.80941
494.91003 17.0 29.112354
483.8399 17.0 28.46117
473.03998 17.0 27.825882
507.32993 17.0 29.842937
473.0399 17.0 27.825876
468.4498 17.0 27.55587
492.21008 17.0 28.953535
434.96997 17.0 25.58647
500.58005 17.0 29.445885
467.36996 17.0 27.492352
499.77008 17.0 29.39824
510.56982 17.0 30.03352
475.74005 17.0 27.984709
459.81 17.0 27.047647
511.9201 17.0 30.112947
477.62997 17.0 28.09588
472.7701 17.0 27.810007
484.6501 17.0 28.50883
467.9099 17.0 27.524113
524.06995 17.0 30.827642
464.12997 17.0 27.301764
483.84003 17.0 28.461178
498.6901 17.0 29.334711
484.64996 17.0 28.508821
462.23993 17.0 27.190584
530.54987 17.0 31.208815
470.34 17.0 27.667059
494.64026 17.0 29.096485
400.95004 17.0 23.585297
424.44006 17.0 24.967062
453.60016 17.0 26.682362
475.74 18.0 26.43
463.86 18.0 25.769999
465.75024 18.0 25.875013
481.9501 18.0 26.775005
495.18005 18.0 27.510002
450.09 18.0 25.005
454.14 18.0 25.230001
468.99 18.0 26.055
471.42007 18.0 26.190004
471.69 18.0 26.205
484.38013 18.0 26.910007
494.36984 18.0 27.46499
481.94998 18.0 26.775
470.61002 18.0 26.145
542.43 18.0 30.134998
457.91992 18.0 25.439995
448.47003 18.0 24.915
485.9999 18.0 26.999994
458.46002 18.0 25.470001
482.7601 18.0 26.820005
448.1999 18.0 24.899994
474.11996 18.0 26.339998
405.0001 18.0 22.500006
451.97998 18.0 25.109999
474.12012 18.0 26.340006
470.34012 18.0 26.130007
508.9501 18.0 28.275005
493.55997 18.0 27.419998
504.8999 18.0 28.049995
517.05005 18.0 28.725002
456.02997 18.0 25.335
496.5301 18.0 27.585005
495.17972 18.0 27.509985
477.36002 18.0 26.52
490.58997 18.0 27.254997
437.66992 18.0 24.314995
469.53003 18.0 26.085001
494.10025 18.0 27.450014
454.13998 18.0 25.23
524.6102 18.0 29.145012
443.88004 18.0 24.660002
464.67 19.0 24.456316
524.07025 19.0 27.582645
439.2901 19.0 23.120531
448.2001 19.0 23.58948
480.06006 19.0 25.26632
457.11002 19.0 24.058422
438.47992 19.0 23.07789
436.59012 19.0 22.978428
440.10004 19.0 23.16316
519.4802 19.0 27.341064
518.13007 19.0 27.270004
440.37006 19.0 23.177372
508.95004 19.0 26.786844
474.11996 19.0 24.953682
497.88004 19.0 26.204212
430.6501 19.0 22.665794
449.01007 19.0 23.632109
503.81992 19.0 26.516838
460.35007 19.0 24.22895
451.70993 19.0 23.774206
467.63995 19.0 24.612629
496.53 19.0 26.133158
468.45007 19.0 24.655268
475.74 19.0 25.038946
454.40988 19.0 23.91631
491.67 19.0 25.877369
472.22992 19.0 24.854206
474.66025 19.0 24.982119
479.25015 19.0 25.223692
481.68002 19.0 25.35158
444.6899 19.0 23.404732
532.44 19.0 28.023159
464.13004 19.0 24.427896
423.36017 19.0 22.282114
483.02997 19.0 25.42263
492.48004 19.0 25.920002
475.47006 19.0 25.02474
401.21994 19.0 21.116838
447.92993 19.0 23.57526
459.27002 19.0 24.172106
466.2898 19.0 24.541569
514.89014 20.0 25.744507
435.78003 20.0 21.789001
490.58994 20.0 24.529497
498.14996 20.0 24.907497
425.7901 20.0 21.289505
433.62012 20.0 21.681005
430.37997 20.0 21.519
520.0199 20.0 26.000996
449.2801 20.0 22.464005
423.09006 20.0 21.154503
491.40015 20.0 24.570007
498.69006 20.0 24.934504
452.7898 20.0 22.63949
467.09998 20.0 23.355
488.69995 20.0 24.434998
463.59006 20.0 23.179502
403.92014 20.0 20.196007
486.54007 20.0 24.327003
446.58005 20.0 22.329002
431.72998 20.0 21.586498
466.29004 20.0 23.314503
453.33008 20.0 22.666504
410.66992 20.0 20.533497
431.18985 20.0 21.559492
449.27997 20.0 22.463999
443.87997 20.0 22.193998
452.5199 20.0 22.625996
428.4901 20.0 21.424505
540.53986 20.0 27.026993
416.33997 20.0 20.816998
437.1301 20.0 21.856504
444.95996 20.0 22.247997
463.5899 20.0 23.179495
451.43994 20.0 22.571997
503.8199 20.0 25.190994
493.83002 20.0 24.691502
454.13986 20.0 22.706993
473.57996 20.0 23.678997
479.25 20.0 23.9625
471.6901 20.0 23.584505
437.40005 20.0 21.870003
463.04996 21.0 22.049997
457.64987 21.0 21.79285
457.92 21.0 21.805716
474.11987 21.0 22.577137
490.32 21.0 23.348572
493.83014 21.0 23.51572
481.40997 21.0 22.924284
471.15002 21.0 22.435715
444.4199 21.0 21.162851
500.85 21.0 23.85
434.70013 21.0 20.700006
473.8499 21.0 22.564281
438.48013 21.0 20.880007
438.75006 21.0 20.89286
456.57004 21.0 21.74143
480.0601 21.0 22.860004
439.01996 21.0 20.905712
485.46005 21.0 23.117146
419.57983 21.0 19.979992
510.84015 21.0 24.325722
443.88004 21.0 21.137144
414.71988 21.0 19.748566
446.58005 21.0 21.265717
519.47986 21.0 24.737137
419.84995 21.0 19.992855
481.9501 21.0 22.950005
470.34 21.0 22.397142
454.95007 21.0 21.66429
504.63013 21.0 24.030006
475.20007 21.0 22.628574
504.0902 21.0 24.004295
505.43994 21.0 24.06857
414.18005 21.0 19.72286
470.07022 21.0 22.384296
507.33005 21.0 24.158573
472.77002 21.0 22.512857
499.50006 21.0 23.785717
423.8999 21.0 20.185709
487.6198 21.0 23.219992
462.2399 21.0 22.011423
454.94995 21.0 21.664284
438.4801 22.0 19.930914
437.93988 22.0 19.906359
454.40997 22.0 20.654999
444.96017 22.0 20.225462
441.1801 22.0 20.053642
424.97986 22.0 19.317266
477.6299 22.0 21.710451
475.47 22.0 21.612272
466.29007 22.0 21.195004
489.2403 22.0 22.238195
476.01 22.0 21.636818
455.4902 22.0 20.7041
449.0101 22.0 20.40955
464.4 22.0 21.10909
444.42007 22.0 20.200912
387.4499 22.0 17.611359
449.27982 22.0 20.42181
503.00998 22.0 22.86409
415.26007 22.0 18.875458
443.61017 22.0 20.164099
477.8999 22.0 21.722723
450.62988 22.0 20.483177
499.77017 22.0 22.716825
455.22025 22.0 20.69183
442.52982 22.0 20.114992
438.21027 22.0 19.918648
433.62 22.0 19.71
507.87006 22.0 23.085003
476.54993 22.0 21.66136
454.9501 22.0 20.67955
488.9701 22.0 22.225914
430.65002 22.0 19.575
453.3302 22.0 20.605919
468.72003 22.0 21.305456
426.33014 22.0 19.378643
422.2801 22.0 19.19455
472.77026 22.0 21.489557
468.9901 22.0 21.317732
457.37994 22.0 20.789997
464.94003 22.0 21.133638
453.33005 22.0 20.605911
403.92004 23.0 17.56174
437.39996 23.0 19.01739
472.23 23.0 20.53174
447.66022 23.0 19.463488
459.81 23.0 19.99174
435.50998 23.0 18.935217
443.0701 23.0 19.263918
444.41986 23.0 19.322603
459.54016 23.0 19.980007
438.75018 23.0 19.076096
441.18005 23.0 19.181742
428.22006 23.0 18.618263
461.70023 23.0 20.073923
458.46005 23.0 19.933046
433.62003 23.0 18.853045
453.59995 23.0 19.721737
464.6699 23.0 20.20304
441.99005 23.0 19.216959
416.06992 23.0 18.089996
420.39014 23.0 18.277832
479.51993 23.0 20.848692
414.18 23.0 18.007826
423.36008 23.0 18.40696
462.77997 23.0 20.120869
462.78015 23.0 20.120876
437.4001 23.0 19.017395
381.78 23.0 16.59913
478.98022 23.0 20.825228
444.42014 23.0 19.322615
478.97992 23.0 20.825214
473.85007 23.0 20.602177
427.40997 23.0 18.583042
449.28003 23.0 19.533915
435.50995 23.0 18.935215
469.26013 23.0 20.402615
416.88004 23.0 18.12522
417.69003 23.0 18.160437
467.91006 23.0 20.343916
431.45987 23.0 18.759125
470.34006 23.0 20.449568
436.31998 23.0 18.970434
471.69 24.0 19.65375
488.69998 24.0 20.3625
461.9701 24.0 19.248755
443.61023 24.0 18.483759
431.99994 24.0 17.999998
457.11023 24.0 19.046259
409.8599 24.0 17.077496
422.01007 24.0 17.583754
500.8499 24.0 20.868746
483.30005 24.0 20.137503
454.13995 24.0 18.922499
473.31006 24.0 19.721252
470.6098 24.0 19.608742
466.56015 24.0 19.440006
500.58008 24.0 20.857504
451.98004 24.0 18.832502
437.40002 24.0 18.225
408.23996 24.0 17.009998
465.7501 24.0 19.406254
467.64008 24.0 19.485003
418.5001 24.0 17.437504
479.51978 24.0 19.97999
505.71002 24.0 21.07125
459.81 24.0 19.15875
452.52014 24.0 18.855005
466.02014 24.0 19.417505
417.15002 24.0 17.38125
485.9999 24.0 20.249996
445.77008 24.0 18.573753
426.33002 24.0 17.76375
454.4102 24.0 18.933758
444.4201 24.0 18.517504
434.97006 24.0 18.123753
470.0699 24.0 19.586245
474.93005 24.0 19.788752
487.89014 24.0 20.328756
436.58997 24.0 18.191248
386.91003 24.0 16.121252
461.43008 24.0 19.226254
437.12997 24.0 18.213749
481.68008 24.0 20.070004
467.1 25.0 18.684
412.82993 25.0 16.513197
455.49017 25.0 18.219606
459.2699 25.0 18.370796
455.2201 25.0 18.208803
438.4801 25.0 17.539204
406.89017 25.0 16.275606
443.34015 25.0 17.733606
450.08994 25.0 18.003597
455.7601 25.0 18.230404
411.48004 25.0 16.459202
462.2399 25.0 18.489595
463.86 25.0 18.5544
432.00015 25.0 17.280006
423.6301 25.0 16.945204
443.87994 25.0 17.755198
434.70007 25.0 17.388002
463.86005 25.0 18.554401
451.71014 25.0 18.068405
432.26996 25.0 17.290798
439.02005 25.0 17.560802
460.3501 25.0 18.414003
424.98007 25.0 16.999203
484.38016 25.0 19.375206
482.4901 25.0 19.299604
457.92032 25.0 18.316813
432.54013 25.0 17.301605
447.93024 25.0 17.91721
436.5901 25.0 17.463604
444.96002 25.0 17.7984
446.58026 25.0 17.86321
474.11993 25.0 18.964798
505.7101 25.0 20.228405
424.43994 25.0 16.977598
407.7 25.0 16.308
414.18 25.0 16.5672
420.11996 25.0 16.804798
426.33005 25.0 17.053202
438.74994 25.0 17.549997
464.94012 25.0 18.597605
450.36002 25.0 18.0144
443.07022 26.0 17.041162
451.4399 26.0 17.363073
400.40997 26.0 15.400384
424.44016 26.0 16.324621
447.12003 26.0 17.196924
434.69995 26.0 16.719229
436.86 26.0 16.802307
427.68015 26.0 16.449236
460.62 26.0 17.716154
422.28003 26.0 16.241539
398.79013 26.0 15.338082
466.83 26.0 17.955
409.31995 26.0 15.743075
445.50003 26.0 17.134617
455.48996 26.0 17.518845
412.55997 26.0 15.867691
410.1302 26.0 15.774238
433.07996 26.0 16.656921
449.55008 26.0 17.290388
394.2001 26.0 15.161542
425.24997 26.0 16.355768
470.07013 26.0 18.07962
419.58 26.0 16.137691
419.30997 26.0 16.127306
431.45996 26.0 16.594614
448.19998 26.0 17.23846
441.44995 26.0 16.978844
424.9801 26.0 16.345388
433.34988 26.0 16.667303
430.1101 26.0 16.542696
448.7401 26.0 17.259235
466.02017 26.0 17.923853
389.0701 26.0 14.964234
430.6501 26.0 16.563465
475.47 26.0 18.287308
470.8802 26.0 18.110777
466.8301 26.0 17.955004
372.33002 26.0 14.320385
423.36005 26.0 16.28308
456.0299 26.0 17.539612
446.85016 26.0 17.186544
453.86996 27.000002 16.809998
442.26022 27.000002 16.380007
417.42 27.000002 15.459999
397.97998 27.000002 14.739998
407.7001 27.000002 15.100003
411.21 27.000002 15.229999
422.00998 27.000002 15.629998
427.95004 27.000002 15.85
430.65002 27.000002 15.95
408.5101 27.000002 15.130003
427.9501 27.000002 15.850003
409.3201 27.000002 15.160003
445.77014 27.000002 16.510004
394.20007 27.000002 14.600001
456.03018 27.000002 16.890005
443.6102 27.000002 16.430006
453.06 27.000002 16.779999
416.88 27.000002 15.44
423.89993 27.000002 15.699996
467.37012 27.000002 17.310003
417.4202 27.000002 15.460006
414.7202 27.000002 15.360006
410.40018 27.000002 15.200006
429.5701 27.000002 15.910003
448.47025 27.000002 16.610008
417.69012 27.000002 15.470003
424.9802 27.000002 15.740006
394.20007 27.000002 14.600001
429.30002 27.000002 15.9
442.26 27.000002 16.38
469.2601 27.000002 17.380003
443.34 27.000002 16.419998
382.32 27.000002 14.159999
445.77 27.000002 16.509998
421.47003 27.000002 15.610001
475.19998 27.000002 17.599998
419.84998 27.000002 15.549998
472.50003 27.000002 17.5
434.16025 27.000002 16.080008
446.58002 27.000002 16.539999
420.12015 27.000002 15.560004
380.9701 28.0 13.606074
390.15005 28.0 13.93393
421.74005 28.0 15.062144
427.14 28.0 15.255
486.0 28.0 17.357143
405.2701 28.0 14.473932
438.21 28.0 15.650357
453.60007 28.0 16.200003
437.40005 28.0 15.62143
466.56006 28.0 16.662859
443.07016 28.0 15.823935
405.81 28.0 14.493214
434.43008 28.0 15.51536
408.51004 28.0 14.589644
433.6199 28.0 15.486425
431.73007 28.0 15.418931
422.28003 28.0 15.0814295
403.91995 28.0 14.425713
398.79004 28.0 14.242501
448.2001 28.0 16.007147
414.44998 28.0 14.801785
431.1901 28.0 15.399646
491.39987 28.0 17.549995
379.62 28.0 13.557857
390.68994 28.0 13.953213
450.6302 28.0 16.093935
406.89008 28.0 14.531789
412.83005 28.0 14.74393
423.63 28.0 15.129643
395.81995 28.0 14.136427
409.32013 28.0 14.618576
429.56998 28.0 15.3417845
436.04996 28.0 15.573213
407.7 28.0 14.560715
470.07004 28.0 16.788216
445.22998 28.0 15.901071
391.50003 28.0 13.982144
410.67 28.0 14.666786
421.20026 28.0 15.042866
465.48013 28.0 16.62429
387.99 28.0 13.856786
400.68002 29.0 13.816552
440.64 29.0 15.194484
404.73007 29.0 13.956209
415.80017 29.0 14.337937
428.49002 29.0 14.775518
429.30002 29.0 14.803449
417.14996 29.0 14.384481
419.04004 29.0 14.4496565
355.85992 29.0 12.271032
461.9702 29.0 15.930007
413.64014 29.0 14.263453
421.20004 29.0 14.524139
435.78015 29.0 15.026901
434.16 29.0 14.971035
413.37012 29.0 14.254142
425.78998 29.0 14.682413
431.18994 29.0 14.868619
402.84006 29.0 13.891036
419.03998 29.0 14.449655
404.73007 29.0 13.956209
437.40002 29.0 15.08276
372.0601 29.0 12.8296585
450.6302 29.0 15.538972
402.83997 29.0 13.891033
402.03003 29.0 13.863105
436.86002 29.0 15.064138
384.47998 29.0 13.257931
411.4803 29.0 14.188975
430.10995 29.0 14.831378
489.78006 29.0 16.888968
432.27008 29.0 14.905865
398.5201 29.0 13.742073
387.99005 29.0 13.378967
436.32 29.0 15.045518
438.21008 29.0 15.110692
406.62006 29.0 14.021381
407.97018 29.0 14.067938
448.47012 29.0 15.464487
431.45996 29.0 14.87793
416.07004 29.0 14.347242
392.04013 29.0 13.518625
455.76028 30.000002 15.192008
470.88022 30.000002 15.696006
443.61014 30.000002 14.7870035
444.96 30.000002 14.831999
441.7201 30.000002 14.724002
375.2999 30.000002 12.509995
378.54004 30.000002 12.618
420.39008 30.000002 14.013001
439.83014 30.000002 14.661004
403.65012 30.000002 13.455003
399.33002 30.000002 13.311
421.19998 30.000002 14.039998
417.4201 30.000002 13.914002
423.08987 30.000002 14.102995
430.92017 30.000002 14.364004
468.45013 30.000002 15.615004
425.52008 30.000002 14.184002
417.15015 30.000002 13.9050045
435.24014 30.000002 14.508004
420.93015 30.000002 14.031004
380.1601 30.000002 12.672003
413.10013 30.000002 13.770003
393.6601 30.000002 13.122003
403.38004 30.000002 13.446
429.30008 30.000002 14.310001
385.29016 30.000002 12.843004
412.29007 30.000002 13.743001
387.18008 30.000002 12.906002
424.98007 30.000002 14.166001
433.35 30.000002 14.445
438.21024 30.000002 14.607007
437.66998 30.000002 14.588999
427.41003 30.000002 14.247001
428.75995 30.000002 14.291997
436.59003 30.000002 14.5529995
362.0702 30.000002 12.069006
369.36005 30.000002 12.312001
419.04007 30.000002 13.968001
445.77023 30.000002 14.859007
392.04004 30.000002 13.068001
450.36032 30.000002 15.01201
403.65005 31.0 13.020969
380.9701 31.0 12.289358
369.63004 31.0 11.92355
386.91003 31.0 12.480968
375.56995 31.0 12.11516
394.73996 31.0 12.733547
445.23004 31.0 14.362259
367.47 31.0 11.853871
409.86008 31.0 13.2212925
407.16003 31.0 13.134194
439.02002 31.0 14.161936
386.10022 31.0 12.454845
427.1402 31.0 13.778716
400.95016 31.0 12.933876
385.56006 31.0 12.437421
379.08005 31.0 12.228389
404.46 31.0 13.047096
447.39017 31.0 14.431941
393.39005 31.0 12.6900015
400.67993 31.0 12.925159
394.19992 31.0 12.716126
423.08994 31.0 13.648063
405.54013 31.0 13.08194
437.4 31.0 14.109677
420.1202 31.0 13.552265
402.3002 31.0 12.977426
426.6 31.0 13.761291
422.01007 31.0 13.613228
395.54987 31.0 12.759673
396.6301 31.0 12.794519
451.98022 31.0 14.580008
390.1501 31.0 12.585486
401.49005 31.0 12.951292
433.0801 31.0 13.970326
427.41016 31.0 13.787424
432.8099 31.0 13.96161
440.37003 31.0 14.205484
373.95004 31.0 12.062904
385.2901 31.0 12.428713
461.1599 31.0 14.876126
416.3401 31.0 13.4303255
431.45996 32.0 13.483124
376.37994 32.0 11.761873
393.93 32.0 12.310312
405.0 32.0 12.65625
412.01993 32.0 12.875623
366.93027 32.0 11.466571
418.23016 32.0 13.069693
424.17023 32.0 13.25532
409.05002 32.0 12.782813
441.9899 32.0 13.812184
380.43002 32.0 11.888438
396.09003 32.0 12.377813
449.27997 32.0 14.039999
397.9799 32.0 12.436872
418.22992 32.0 13.069685
328.05002 32.0 10.251563
418.76993 32.0 13.08656
407.16 32.0 12.72375
420.93002 32.0 13.154063
420.11996 32.0 13.128749
393.66013 32.0 12.301879
361.8001 32.0 11.306253
406.0799 32.0 12.689997
421.74005 32.0 13.179377
427.68024 32.0 13.365007
440.36987 32.0 13.761559
364.7701 32.0 11.399066
388.8001 32.0 12.150003
408.24 32.0 12.7575
428.7601 32.0 13.398753
403.6501 32.0 12.614065
384.75 32.0 12.0234375
381.78 32.0 11.930625
425.24982 32.0 13.289057
412.02008 32.0 12.8756275
407.43005 32.0 12.732189
409.85992 32.0 12.808123
391.23004 32.0 12.225939
454.41006 32.0 14.2003145
421.47003 32.0 13.1709385
387.18024 32.0 12.099382
425.52023 33.0 12.894552
397.98022 33.0 12.060007
433.89023 33.0 13.148189
419.58008 33.0 12.714548
405.81003 33.0 12.297274
410.94 33.0 12.452727
399.06018 33.0 12.092732
383.94006 33.0 11.634547
390.96008 33.0 11.847275
408.24005 33.0 12.370911
457.6499 33.0 13.868179
426.0602 33.0 12.910915
439.83005 33.0 13.328183
371.25006 33.0 11.250002
349.9201 33.0 10.60364
454.95026 33.0 13.786371
365.04007 33.0 11.06182
415.8001 33.0 12.600003
416.88007 33.0 12.63273
366.65994 33.0 11.110908
414.9901 33.0 12.575458
443.61005 33.0 13.442729
394.73996 33.0 11.961817
401.7599 33.0 12.174542
443.34012 33.0 13.434549
370.17007 33.0 11.217275
399.06006 33.0 12.092729
449.28003 33.0 13.614547
400.4101 33.0 12.133639
397.98013 33.0 12.060004
394.20013 33.0 11.945458
397.44012 33.0 12.04364
406.62024 33.0 12.321825
397.16998 33.0 12.035454
392.5802 33.0 11.89637
414.45007 33.0 12.559093
393.39008 33.0 11.920912
390.15005 33.0 11.822729
436.85995 33.0 13.23818
387.99023 33.0 11.757279
405.00018 33.0 12.272733
400.4101 34.0 11.776768
371.79016 34.0 10.935005
406.35016 34.0 11.951475
416.88013 34.0 12.26118
371.25015 34.0 10.919122
387.99 34.0 11.41147
418.50012 34.0 12.308827
359.91006 34.0 10.58559
395.55005 34.0 11.633825
400.13998 34.0 11.768823
405.0001 34.0 11.911767
383.4001 34.0 11.276473
387.72012 34.0 11.403533
425.52017 34.0 12.515299
417.14987 34.0 12.269114
424.44 34.0 12.483529
376.92004 34.0 11.085884
432.27005 34.0 12.713825
372.0601 34.0 10.942944
407.43 34.0 11.983235
394.4701 34.0 11.602061
400.40997 34.0 11.776764
402.03003 34.0 11.824412
405.54004 34.0 11.927649
413.64014 34.0 12.165886
408.2401 34.0 12.007062
372.86993 34.0 10.966763
387.18002 34.0 11.387648
366.3899 34.0 10.776174
373.68002 34.0 10.990589
403.38 34.0 11.864118
389.87997 34.0 11.467058
386.91016 34.0 11.37971
387.72003 34.0 11.40353
374.2199 34.0 11.006468
406.08 34.0 11.943529
388.53006 34.0 11.427355
368.81995 34.0 10.847646
368.28012 34.0 10.831768
422.01016 34.0 12.412064
417.14996 34.0 12.269116
354.24014 35.0 10.121147
390.69016 35.0 11.162576
420.6601 35.0 12.01886
405.27005 35.0 11.5791445
409.8601 35.0 11.710289
393.66003 35.0 11.24743
409.5899 35.0 11.702569
394.74 35.0 11.278285
416.07 35.0 11.887714
418.77017 35.0 11.964862
397.44 35.0 11.355429
398.52 35.0 11.386286
412.56 35.0 11.787429
410.67007 35.0 11.733431
367.2001 35.0 10.491431
433.08005 35.0 12.373715
372.87012 35.0 10.653432
397.4401 35.0 11.355432
396.90012 35.0 11.340003
404.72998 35.0 11.563714
394.47012 35.0 11.270575
411.20996 35.0 11.748856
445.2302 35.0 12.720862
362.61014 35.0 10.36029
400.41006 35.0 11.440288
420.12006 35.0 12.00343
389.0701 35.0 11.116288
375.57 35.0 10.730572
399.05997 35.0 11.401713
355.85995 35.0 10.167427
405.27014 35.0 11.579147
368.55017 35.0 10.5300045
409.05008 35.0 11.687145
417.42017 35.0 11.9262905
396.63007 35.0 11.332288
420.6601 35.0 12.01886
422.55005 35.0 12.072859
385.29007 35.0 11.008287
428.22 35.0 12.234858
380.16016 35.0 10.861719
402.03 35.0 11.486571
373.14014 36.0 10.365004
397.97992 36.0 11.054997
414.18008 36.0 11.505002
397.9801 36.0 11.055003
372.05997 36.0 10.334999
400.41013 36.0 11.122503
401.4899 36.0 11.152497
385.82996 36.0 10.717499
352.6199 36.0 9.794997
382.58997 36.0 10.627499
370.9801 36.0 10.305003
365.85013 36.0 10.162503
403.38004 36.0 11.205001
355.86014 36.0 9.885004
411.7499 36.0 11.437497
387.72006 36.0 10.770001
371.52005 36.0 10.320002
389.88013 36.0 10.830004
396.9 36.0 11.025
366.92996 36.0 10.192499
375.57013 36.0 10.432504
354.5101 36.0 9.847503
381.24005 36.0 10.590001
406.62 36.0 11.295
329.67007 36.0 9.157502
375.0301 36.0 10.417502
415.53027 36.0 11.542507
378.2698 36.0 10.507495
406.08 36.0 11.28
387.1799 36.0 10.754997
369.63016 36.0 10.267505
392.04016 36.0 10.890004
391.23016 36.0 10.867504
387.44998 36.0 10.7625
372.87027 36.0 10.357508
396.90005 36.0 11.025002
398.52017 36.0 11.070004
387.17996 36.0 10.754999
350.19003 36.0 9.727501
383.67014 36.0 10.657504
389.88 36.0 10.83
393.12 37.0 10.624865
375.57007 37.0 10.150542
340.47018 37.0 9.201897
346.68018 37.0 9.369735
379.62012 37.0 10.260003
420.39014 37.0 11.361896
442.26013 37.0 11.952976
392.85013 37.0 10.617571
394.19998 37.0 10.654054
420.39017 37.0 11.3618965
378.81024 37.0 10.238114
338.04022 37.0 9.136222
363.6901 37.0 9.829462
390.96002 37.0 10.566487
408.77997 37.0 11.048107
451.44 37.0 12.201081
369.63007 37.0 9.990002
450.63016 37.0 12.1791935
389.61005 37.0 10.530002
412.55997 37.0 11.1502695
423.9001 37.0 11.456759
388.8001 37.0 10.508111
375.0301 37.0 10.135948
399.60007 37.0 10.800002
359.37003 37.0 9.712704
393.12006 37.0 10.6248665
387.18008 37.0 10.464327
383.39987 37.0 10.362159
407.4302 37.0 11.011627
376.92007 37.0 10.187029
364.77 37.0 9.858648
387.72015 37.0 10.478923
382.85992 37.0 10.347566
369.36008 37.0 9.982705
352.6201 37.0 9.5302725
320.2201 37.0 8.654597
385.02002 37.0 10.405947
413.10007 37.0 11.164866
364.22998 37.0 9.844053
382.85995 37.0 10.347567
345.87024 37.0 9.347844
356.40012 38.0 9.37895
385.29004 38.0 10.139212
410.67004 38.0 10.807106
353.16 38.0 9.293684
325.3501 38.0 8.561845
356.40012 38.0 9.37895
399.33014 38.0 10.508688
379.89005 38.0 9.997107
374.22003 38.0 9.847896
354.24008 38.0 9.322107
361.80005 38.0 9.521054
395.55005 38.0 10.409212
356.13016 38.0 9.371846
406.89008 38.0 10.707634
377.46014 38.0 9.933162
363.15005 38.0 9.556581
386.37006 38.0 10.167633
402.03003 38.0 10.579738
347.21988 38.0 9.137365
401.21997 38.0 10.55842
366.38995 38.0 9.641841
420.12003 38.0 11.05579
397.17017 38.0 10.451846
395.0101 38.0 10.395002
351.27005 38.0 9.243949
399.60007 38.0 10.515791
361.53015 38.0 9.513951
413.10004 38.0 10.871054
382.85995 38.0 10.075262
375.3001 38.0 9.876319
402.8401 38.0 10.601055
388.26016 38.0 10.217373
388.26016 38.0 10.217373
370.44006 38.0 9.748423
347.22006 38.0 9.13737
394.20013 38.0 10.373688
389.87994 38.0 10.259998
395.54977 38.0 10.4092045
385.2901 38.0 10.139214
393.6599 38.0 10.359471
411.2101 38.0 10.821319
363.61627 39.0 9.323494
384.7033 39.0 9.864187
415.79306 39.0 10.661361
376.32266 39.0 9.649299
410.92685 39.0 10.536586
363.88654 39.0 9.330424
394.43588 39.0 10.113741
325.2269 39.0 8.339151
363.07544 39.0 9.309627
364.15686 39.0 9.337356
364.96786 39.0 9.3581505
380.10748 39.0 9.7463455
384.16248 39.0 9.85032
343.34027 39.0 8.8035965
378.21494 39.0 9.697819
362.80505 39.0 9.302693
387.67722 39.0 9.940441
352.53198 39.0 9.039282
358.47964 39.0 9.191786
390.38058 39.0 10.009759
396.32822 39.0 10.162262
349.55817 39.0 8.96303
356.04654 39.0 9.129398
396.59854 39.0 10.169193
367.67126 39.0 9.427468
395.24673 39.0 10.134532
369.2935 39.0 9.469064
367.1308 39.0 9.41361
402.27588 39.0 10.314766
402.2758 39.0 10.314764
402.00543 39.0 10.307832
353.8838 39.0 9.073943
364.42722 39.0 9.344288
404.43866 39.0 10.370222
384.70306 39.0 9.8641815
360.10168 39.0 9.2333765
354.6949 39.0 9.094741
362.53476 39.0 9.295763
326.03806 39.0 8.35995
390.92126 39.0 10.0236225
376.5927 39.0 9.656223
379.88998 40.0 9.49725
386.90994 40.0 9.672749
391.5002 40.0 9.787505
367.7401 40.0 9.193502
382.86017 40.0 9.571505
354.78003 40.0 8.869501
397.44003 40.0 9.936001
368.28018 40.0 9.207005
366.39 40.0 9.15975
369.09012 40.0 9.227253
348.57007 40.0 8.7142515
357.20993 40.0 8.930248
318.33002 40.0 7.9582505
309.96008 40.0 7.749002
327.51004 40.0 8.187751
382.3202 40.0 9.558004
373.41006 40.0 9.335252
428.76 40.0 10.719
351.81 40.0 8.79525
383.13007 40.0 9.578252
337.50012 40.0 8.437503
384.21017 40.0 9.605254
368.82007 40.0 9.220502
356.1301 40.0 8.903253
412.28992 40.0 10.307248
353.43002 40.0 8.835751
350.19006 40.0 8.754751
339.66 40.0 8.4915
349.11008 40.0 8.727752
358.29004 40.0 8.957251
368.82013 40.0 9.220503
387.72018 40.0 9.693005
361.8001 40.0 9.045003
372.05997 40.0 9.301499
370.70996 40.0 9.267749
400.94995 40.0 10.023748
385.29016 40.0 9.632254
348.03015 40.0 8.700754
383.13013 40.0 9.578253
339.38998 40.0 8.48475
368.0101 40.0 9.200253
363.9601 41.0 8.877076
370.44016 41.0 9.035126
378.27005 41.0 9.226099
377.45996 41.0 9.206341
397.17017 41.0 9.6870775
337.77014 41.0 8.2382965
326.70007 41.0 7.9682946
387.44998 41.0 9.45
393.93002 41.0 9.608049
386.64008 41.0 9.430245
380.97012 41.0 9.291954
376.92004 41.0 9.1931715
383.40027 41.0 9.351226
366.12 41.0 8.929756
359.91013 41.0 8.7782955
381.50998 41.0 9.305121
354.77975 41.0 8.653165
323.73 41.0 7.895854
329.94 41.0 8.0473175
353.9702 41.0 8.63342
342.9 41.0 8.363415
350.7302 41.0 8.554395
385.83017 41.0 9.410492
339.9301 41.0 8.290978
414.45016 41.0 10.108541
364.77014 41.0 8.896832
386.10007 41.0 9.417075
363.9601 41.0 8.877076
362.8801 41.0 8.850734
345.3301 41.0 8.422686
367.20016 41.0 8.956101
406.89017 41.0 9.92415
378.5402 41.0 9.232688
337.77 41.0 8.238293
391.2302 41.0 9.5422
348.57016 41.0 8.501711
360.9902 41.0 8.804639
392.04022 41.0 9.561956
408.78015 41.0 9.970247
344.78998 41.0 8.409512
357.48016 41.0 8.719028
358.02026 42.0 8.524292
346.95 42.0 8.260715
369.09015 42.0 8.787861
365.58005 42.0 8.704287
333.7202 42.0 7.9457192
387.99014 42.0 9.237861
368.0101 42.0 8.762145
373.14 42.0 8.884286
351.53995 42.0 8.369999
341.01007 42.0 8.1192875
371.25006 42.0 8.839287
335.33997 42.0 7.984285
349.6503 42.0 8.325007
362.61002 42.0 8.633572
383.13016 42.0 9.122147
331.83008 42.0 7.9007163
380.97 42.0 9.070714
383.13025 42.0 9.1221485
343.17014 42.0 8.170717
370.98016 42.0 8.832861
380.15994 42.0 9.051427
378.0002 42.0 9.000005
362.33997 42.0 8.627142
349.92004 42.0 8.3314295
374.76004 42.0 8.922858
366.1202 42.0 8.717148
351.2701 42.0 8.363574
366.6601 42.0 8.730002
332.90997 42.0 7.926428
405.53998 42.0 9.655714
345.06006 42.0 8.215715
348.3002 42.0 8.292862
326.4299 42.0 7.7721405
401.76013 42.0 9.565718
367.7402 42.0 8.755719
360.98996 42.0 8.594999
365.31012 42.0 8.69786
378.80997 42.0 9.019285
344.25 42.0 8.196428
377.7302 42.0 8.993576
379.35004 42.0 9.032144
360.99005 43.0 8.395118
353.69992 43.0 8.225579
336.4201 43.0 7.8237233
323.19003 43.0 7.516047
347.49008 43.0 8.081164
359.10022 43.0 8.351168
354.78015 43.0 8.250701
350.1899 43.0 8.143951
345.06018 43.0 8.024655
319.95016 43.0 7.4407015
355.32004 43.0 8.263257
366.65994 43.0 8.526976
351.81015 43.0 8.181631
334.52997 43.0 7.779767
349.3799 43.0 8.125114
334.5301 43.0 7.77977
371.79004 43.0 8.64628
328.32016 43.0 7.6353526
373.14017 43.0 8.677678
354.24023 43.0 8.238145
337.77008 43.0 7.8551183
385.83008 43.0 8.972793
355.59012 43.0 8.269538
357.7499 43.0 8.319765
329.94012 43.0 7.673026
346.9502 43.0 8.068609
395.28018 43.0 9.192562
360.72015 43.0 8.388841
384.7502 43.0 8.9476795
358.82993 43.0 8.344882
379.34995 43.0 8.822092
343.17014 43.0 7.9807005
382.05008 43.0 8.884886
366.39008 43.0 8.5206995
349.11005 43.0 8.118838
348.3 43.0 8.099999
356.13016 43.0 8.282097
346.14008 43.0 8.049769
338.30997 43.0 7.867674
321.30014 43.0 7.4720964
383.9402 43.0 8.928842
309.42 44.0 7.0322733
337.77 44.0 7.6765904
353.43008 44.0 8.032502
379.62018 44.0 8.627731
349.64996 44.0 7.9465904
347.49005 44.0 7.897501
351.27008 44.0 7.983411
326.16003 44.0 7.412728
346.4103 44.0 7.8729615
326.15997 44.0 7.4127264
358.83005 44.0 8.155229
351.0001 44.0 7.977275
344.51996 44.0 7.829999
392.31015 44.0 8.91614
335.8801 44.0 7.633639
376.92004 44.0 8.566364
376.9201 44.0 8.566366
383.40005 44.0 8.713637
351.27002 44.0 7.9834094
318.0601 44.0 7.228638
341.54996 44.0 7.7624993
359.64014 44.0 8.173639
297.54 44.0 6.762273
356.13004 44.0 8.093864
350.19012 44.0 7.9588666
337.23004 44.0 7.664319
332.37027 44.0 7.5538697
330.48013 44.0 7.5109124
339.1201 44.0 7.7072744
345.32996 44.0 7.8484077
338.31012 44.0 7.6888666
369.9001 44.0 8.40682
358.83005 44.0 8.155229
356.13007 44.0 8.093865
321.30014 44.0 7.302276
310.22986 44.0 7.0506787
344.24994 44.0 7.8238626
337.2302 44.0 7.664323
331.56012 44.0 7.535457
349.11008 44.0 7.93432
381.24014 44.0 8.664549
348.5701 45.0 7.746002
335.61017 45.0 7.4580035
349.11005 45.0 7.758001
367.4701 45.0 8.166002
338.31015 45.0 7.5180035
339.1202 45.0 7.5360045
374.22 45.0 8.316
321.84012 45.0 7.1520023
341.55008 45.0 7.5900016
343.44022 45.0 7.6320047
334.80008 45.0 7.4400015
331.83008 45.0 7.3740015
351.0002 45.0 7.8000045
334.80008 45.0 7.4400015
305.64005 45.0 6.7920012
306.72018 45.0 6.816004
312.12006 45.0 6.9360013
383.67014 45.0 8.526003
357.48013 45.0 7.9440026
336.96014 45.0 7.4880033
329.13004 45.0 7.314001
338.0401 45.0 7.512002
326.43024 45.0 7.2540054
334.52994 45.0 7.4339986
339.66006 45.0 7.5480013
305.37012 45.0 6.7860026
366.93018 45.0 8.154004
341.0101 45.0 7.578002
335.0701 45.0 7.4460025
356.94025 45.0 7.9320054
331.29004 45.0 7.362001
359.64017 45.0 7.992004
320.21988 45.0 7.1159973
337.77 45.0 7.506
342.63004 45.0 7.614001
338.3101 45.0 7.518002
355.0501 45.0 7.8900023
340.47003 45.0 7.566001
336.69016 45.0 7.482003
352.62006 45.0 7.836001
363.96002 45.0 8.088
321.57004 46.0 6.990653
328.32016 46.0 7.137395
321.03 46.0 6.9789133
309.69006 46.0 6.732393
333.4502 46.0 7.248917
296.45996 46.0 6.444782
311.84988 46.0 6.7793455
343.98007 46.0 7.4778275
340.7401 46.0 7.407394
332.37012 46.0 7.225437
309.9601 46.0 6.7382636
335.07013 46.0 7.2841334
302.93997 46.0 6.585652
350.19022 46.0 7.6128306
357.48004 46.0 7.7713056
346.95 46.0 7.542392
341.82013 46.0 7.4308724
308.8802 46.0 6.7147865
324.80997 46.0 7.061086
345.06006 46.0 7.5013056
370.70993 46.0 8.058911
336.96005 46.0 7.3252187
329.67014 46.0 7.166742
339.92996 46.0 7.389782
348.30017 46.0 7.571743
344.79016 46.0 7.495438
329.40012 46.0 7.160872
351.81006 46.0 7.648045
355.05014 46.0 7.718481
339.3901 46.0 7.3780456
339.38998 46.0 7.378043
348.0301 46.0 7.5658717
356.67004 46.0 7.7536964
364.7701 46.0 7.929785
315.90012 46.0 6.867394
356.40002 46.0 7.7478266
396.0901 46.0 8.610654
335.07013 46.0 7.284133
347.22 46.0 7.548261
348.84 46.0 7.583478
350.7301 46.0 7.6245675
368.01004 47.0 7.830001
309.69006 47.0 6.5891504
319.68005 47.0 6.8017035
316.7102 47.0 6.738515
318.87006 47.0 6.7844696
305.63992 47.0 6.5029774
310.77002 47.0 6.612128
332.91013 47.0 7.0831943
324.81006 47.0 6.9108524
318.6 47.0 6.7787232
317.7901 47.0 6.7614913
359.10013 47.0 7.640428
324.80997 47.0 6.9108505
343.17004 47.0 7.3014903
328.59012 47.0 6.991279
313.74008 47.0 6.6753206
359.37012 47.0 7.6461725
299.4299 47.0 6.3708487
304.56006 47.0 6.4800014
309.69003 47.0 6.5891495
326.15988 47.0 6.939572
297.54013 47.0 6.330641
315.6301 47.0 6.715534
312.65994 47.0 6.6523395
325.08002 47.0 6.9165964
352.6199 47.0 7.502551
327.2401 47.0 6.9625554
362.07 47.0 7.703617
275.67 47.0 5.8653197
365.58014 47.0 7.778301
363.96024 47.0 7.743835
339.66013 47.0 7.2268114
307.5301 47.0 6.5431933
315.62997 47.0 6.7155313
354.7801 47.0 7.5485125
344.52002 47.0 7.330213
340.20016 47.0 7.2383013
346.9501 47.0 7.381917
332.10007 47.0 7.065959
377.73007 47.0 8.03681
322.11008 47.0 6.853406
324.81012 48.0 6.766877
311.31006 48.0 6.485626
349.6502 48.0 7.2843795
329.1301 48.0 6.856877
360.1801 48.0 7.503752
311.58002 48.0 6.4912505
298.62003 48.0 6.2212505
326.7 48.0 6.8062506
326.16003 48.0 6.795001
332.1 48.0 6.9187503
324.81006 48.0 6.766876
335.34003 48.0 6.986251
306.18008 48.0 6.3787518
302.94006 48.0 6.311251
313.74008 48.0 6.5362515
328.3201 48.0 6.840002
320.22003 48.0 6.671251
319.6801 48.0 6.660002
360.99 48.0 7.5206246
328.5901 48.0 6.845627
346.14008 48.0 7.2112513
341.0099 48.0 7.104373
352.62006 48.0 7.346251
309.69 48.0 6.451875
331.83002 48.0 6.9131255
356.67032 48.0 7.4306316
311.31012 48.0 6.4856277
333.98984 48.0 6.958122
324.27014 48.0 6.7556276
322.6501 48.0 6.7218766
316.71024 48.0 6.5981297
329.9401 48.0 6.873752
288.09003 48.0 6.0018754
318.87 48.0 6.6431246
339.6602 48.0 7.076254
342.90005 48.0 7.143751
288.35995 48.0 6.007499
317.78992 48.0 6.620623
336.42032 48.0 7.0087566
372.87006 48.0 7.768126
341.55 48.0 7.115625
325.62003 49.0 6.6453066
319.68 49.0 6.524081
340.47018 49.0 6.948371
355.86014 49.0 7.2624516
331.56027 49.0 6.766536
303.48004 49.0 6.19347
327.51 49.0 6.6838775
333.9901 49.0 6.8161244
309.42007 49.0 6.3146954
350.73007 49.0 7.157757
295.65012 49.0 6.0336757
295.11 49.0 6.0226526
338.85013 49.0 6.9153085
312.11996 49.0 6.3697953
288.09 49.0 5.8793874
341.8201 49.0 6.9759207
320.2201 49.0 6.535104
328.32013 49.0 6.700411
306.45004 49.0 6.254082
311.58014 49.0 6.3587785
327.78006 49.0 6.689389
305.37018 49.0 6.2320447
288.63007 49.0 5.8904095
320.49008 49.0 6.540614
307.26 49.0 6.2706127
353.7001 49.0 7.2183695
316.44022 49.0 6.4579635
305.3701 49.0 6.2320423
341.28012 49.0 6.9649005
346.95016 49.0 7.0806155
299.97006 49.0 6.121838
321.03006 49.0 6.551634
331.55994 49.0 6.766529
310.7699 49.0 6.3422427
321.57013 49.0 6.562656
332.90994 49.0 6.7940803
315.09 49.0 6.430408
329.94022 49.0 6.733474
328.86002 49.0 6.711429
333.99014 49.0 6.8161254
332.37003 49.0 6.7830615
320.22012 50.0 6.4044027
306.45007 50.0 6.1290016
317.78998 50.0 6.3557997
338.58005 50.0 6.771601
330.75012 50.0 6.615002
318.06 50.0 6.3612
290.52 50.0 5.8104
309.4201 50.0 6.188402
334.26016 50.0 6.685203
313.4699 50.0 6.269398
324.27002 50.0 6.4854
282.9599 50.0 5.6591983
330.21017 50.0 6.604203
285.12012 50.0 5.702402
297.54 50.0 5.9508
343.98 50.0 6.8796
336.95993 50.0 6.7391987
316.98004 50.0 6.339601
284.84998 50.0 5.6969995
331.83008 50.0 6.6366014
316.70996 50.0 6.3341994
316.44022 50.0 6.3288045
325.3501 50.0 6.507002
298.08 50.0 5.9616
307.2602 50.0 6.1452036
316.17007 50.0 6.3234015
302.13 50.0 6.0426
310.5 50.0 6.21
345.06003 50.0 6.9012003
339.66006 50.0 6.7932014
292.68008 50.0 5.8536015
314.54996 50.0 6.2909994
314.28018 50.0 6.2856035
324.0001 50.0 6.480002
274.59003 50.0 5.491801
336.1502 50.0 6.723004
288.36 50.0 5.7671995
292.41013 50.0 5.848202
325.35004 50.0 6.5070004
302.66992 50.0 6.0533986
325.34998 50.0 6.5069995
285.39008 51.0 5.595884
327.78015 51.0 6.4270616
255.15002 51.0 5.0029416
292.68015 51.0 5.7388263
325.08008 51.0 6.3741193
312.66 51.0 6.1305885
271.08002 51.0 5.3152947
300.51 51.0 5.892353
304.29 51.0 5.9664707
270.54007 51.0 5.3047075
310.76993 51.0 6.0935283
302.67007 51.0 5.934707
277.29004 51.0 5.43706
318.87015 51.0 6.2523556
297.81012 51.0 5.839414
327.78015 51.0 6.4270616
297.27005 51.0 5.8288245
351.0002 51.0 6.882357
321.03012 51.0 6.2947083
286.47003 51.0 5.6170597
297.81006 51.0 5.839413
327.24005 51.0 6.4164715
331.83008 51.0 6.506472
314.00998 51.0 6.1570582
336.96014 51.0 6.6070614
324.54013 51.0 6.363532
299.97003 51.0 5.8817654
280.26007 51.0 5.4952955
324.2701 51.0 6.3582373
319.68005 51.0 6.268236
314.28003 51.0 6.1623535
323.46008 51.0 6.342355
311.85016 51.0 6.114709
329.67004 51.0 6.4641185
310.77 51.0 6.093529
326.43018 51.0 6.400592
331.29007 51.0 6.4958835
302.66998 51.0 5.9347057
310.23013 51.0 6.082944
338.84998 51.0 6.6441174
291.33014 51.0 5.7123556
288.36008 52.0 5.5453863
302.39993 52.0 5.8153834
299.1599 52.0 5.753075
310.77005 52.0 5.976347
309.96014 52.0 5.960772
295.91998 52.0 5.6907687
306.99005 52.0 5.9036546
310.23007 52.0 5.965963
282.42 52.0 5.4311543
311.31015 52.0 5.9867334
275.66992 52.0 5.3013444
324.81 52.0 6.246346
270.27005 52.0 5.197501
309.15012 52.0 5.9451947
314.8199 52.0 6.054229
305.91003 52.0 5.882885
318.59998 52.0 6.1269226
314.01004 52.0 6.038655
293.48993 52.0 5.6440372
281.07007 52.0 5.4051933
299.97006 52.0 5.768655
255.15002 52.0 4.906731
286.46997 52.0 5.509038
297.81 52.0 5.7271156
288.0901 52.0 5.540194
298.89014 52.0 5.747887
295.65012 52.0 5.6855793
295.3801 52.0 5.6803865
279.71985 52.0 5.3792276
303.48004 52.0 5.836155
304.02002 52.0 5.8465385
309.15005 52.0 5.9451933
324.81015 52.0 6.246349
271.35007 52.0 5.218271
339.93015 52.0 6.537118
314.55002 52.0 6.049039
323.46014 52.0 6.2203875
308.88007 52.0 5.9400015
297.81006 52.0 5.7271166
278.91003 52.0 5.3636546
301.0501 52.0 5.789425
275.1197 52.999996 5.190938
296.19955 52.999996 5.588671
282.41647 52.999996 5.3286133
301.87485 52.999996 5.695752
321.33325 52.999996 6.062892
325.92752 52.999996 6.149576
280.795 52.999996 5.2980194
292.686 52.999996 5.522378
315.92807 52.999996 5.9609075
311.60397 52.999996 5.8793206
327.2787 52.999996 6.1750703
322.41418 52.999996 6.083287
252.68842 52.999996 4.7677064
301.0641 52.999996 5.6804547
301.87482 52.999996 5.6957517
304.30707 52.999996 5.7416434
292.95636 52.999996 5.5274787
298.3615 52.999996 5.6294627
270.5254 52.999996 5.1042533
322.14395 52.999996 6.078188
278.09235 52.999996 5.247026
328.9003 52.999996 6.2056665
308.6312 52.999996 5.8232303
282.9569 52.999996 5.33881
294.8481 52.999996 5.5631723
289.71335 52.999996 5.46629
294.57797 52.999996 5.5580754
277.28156 52.999996 5.231728
334.84607 52.999996 6.3178506
304.57733 52.999996 5.7467422
285.3893 52.999996 5.3847046
298.09122 52.999996 5.624363
299.17215 52.999996 5.644758
303.49634 52.999996 5.7263465
291.87534 52.999996 5.5070825
320.52255 52.999996 6.0475955
304.8477 52.999996 5.7518435
323.22495 52.999996 6.098584
307.2799 52.999996 5.7977347
287.55127 52.999996 5.425496
296.19943 52.999996 5.588669
289.4401 54.000004 5.360001
274.32007 54.000004 5.080001
298.62003 54.000004 5.53
307.53018 54.000004 5.695003
332.6402 54.000004 6.160003
306.99014 54.000004 5.6850023
269.19003 54.000004 4.985
285.66016 54.000004 5.2900023
288.90012 54.000004 5.350002
272.7 54.000004 5.0499997
294.57 54.000004 5.455
290.52026 54.000004 5.3800044
291.6001 54.000004 5.4000015
305.64008 54.000004 5.660001
278.1 54.000004 5.1499996
302.9401 54.000004 5.6100016
286.47012 54.000004 5.3050017
265.1399 54.000004 4.9099975
320.22015 54.000004 5.9300027
299.70004 54.000004 5.5500007
303.21002 54.000004 5.615
313.2001 54.000004 5.8000016
274.59003 54.000004 5.085
278.91003 54.000004 5.1650004
279.17993 54.000004 5.1699986
282.42014 54.000004 5.2300024
302.94003 54.000004 5.61
324.81 54.000004 6.0149994
285.11984 54.000004 5.279997
293.21997 54.000004 5.429999
285.93005 54.000004 5.2950006
298.8902 54.000004 5.535003
282.96008 54.000004 5.240001
294.84015 54.000004 5.4600024
298.35007 54.000004 5.5250006
270.54004 54.000004 5.01
278.90997 54.000004 5.164999
305.91022 54.000004 5.665004
268.11002 54.000004 4.9649997
297.00015 54.000004 5.5000024
270.54004 54.000004 5.01
292.14005 55.0 5.3116374
293.75998 55.0 5.3410907
259.74002 55.0 4.7225456
305.1002 55.0 5.547276
299.9701 55.0 5.4540014
255.68997 55.0 4.6489086
303.75 55.0 5.522727
283.77 55.0 5.1594543
297.81012 55.0 5.4147296
316.71002 55.0 5.758364
304.29013 55.0 5.532548
260.82004 55.0 4.7421823
304.2902 55.0 5.532549
275.39993 55.0 5.0072713
255.15012 55.0 4.639093
273.78003 55.0 4.9778185
289.98016 55.0 5.2723665
267.56992 55.0 4.8649077
304.55997 55.0 5.537454
304.29004 55.0 5.532546
275.94012 55.0 5.017093
276.48004 55.0 5.02691
285.38995 55.0 5.188908
290.52008 55.0 5.282183
252.45003 55.0 4.5900006
281.88007 55.0 5.125092
297.27005 55.0 5.40491
280.25998 55.0 5.095636
300.51004 55.0 5.463819
281.06998 55.0 5.110363
279.98996 55.0 5.0907264
299.16 55.0 5.439273
286.74005 55.0 5.213455
271.08005 55.0 4.928728
305.64026 55.0 5.5570955
270.53986 55.0 4.9189067
298.34998 55.0 5.424545
291.33008 55.0 5.2969103
268.11002 55.0 4.8747277
302.13013 55.0 5.493275
306.45007 55.0 5.5718193
286.20007 56.0 5.110716
279.72015 56.0 4.9950027
265.68 56.0 4.7442856
301.3201 56.0 5.380716
240.8399 56.0 4.3007126
273.24002 56.0 4.8792863
288.90012 56.0 5.158931
246.51013 56.0 4.4019666
278.91003 56.0 4.9805365
309.96017 56.0 5.535003
267.57013 56.0 4.778038
283.77005 56.0 5.0673223
275.1301 56.0 4.9130373
264.06018 56.0 4.71536
273.24002 56.0 4.8792863
278.64008 56.0 4.9757156
276.75 56.0 4.941964
264.06 56.0 4.7153573
270.8101 56.0 4.8358946
266.22003 56.0 4.753929
270.53995 56.0 4.8310704
258.93005 56.0 4.6237507
295.92007 56.0 5.284287
262.97998 56.0 4.696071
289.44 56.0 5.1685715
289.71008 56.0 5.173394
274.58994 56.0 4.903392
258.38995 56.0 4.614106
298.6201 56.0 5.3325014
280.26007 56.0 5.0046444
244.35005 56.0 4.363394
275.6701 56.0 4.9226804
311.03986 56.0 5.554283
267.02997 56.0 4.7683926
273.78003 56.0 4.888929
293.76 56.0 5.2457147
273.24 56.0 4.879286
242.1899 56.0 4.3248196
266.7601 56.0 4.763573
283.23 56.0 5.0576787
289.1702 56.0 5.1637535
301.86017 57.0 5.2957926
289.97998 57.0 5.087368
265.94986 57.0 4.665787
248.94005 57.0 4.367369
260.28006 57.0 4.566317
272.9701 57.0 4.788949
269.19 57.0 4.7226315
275.94006 57.0 4.841054
278.90997 57.0 4.8931575
264.59998 57.0 4.6421046
250.28987 57.0 4.3910503
245.69992 57.0 4.310525
252.44992 57.0 4.428946
276.7499 57.0 4.855262
287.55005 57.0 5.044738
247.3201 57.0 4.338949
247.04999 57.0 4.3342104
283.50012 57.0 4.973686
269.19006 57.0 4.722633
260.55005 57.0 4.5710535
280.53012 57.0 4.9215813
272.42996 57.0 4.779473
284.03995 57.0 4.983157
276.2101 57.0 4.8457913
294.02997 57.0 5.1584206
282.15 57.0 4.95
244.34996 57.0 4.2868414
301.32013 57.0 5.286318
278.1001 57.0 4.878949
258.6601 57.0 4.5378966
267.0301 57.0 4.684738
299.16013 57.0 5.248423
251.91005 57.0 4.4194746
286.73996 57.0 5.0305257
268.3802 57.0 4.7084246
284.3102 57.0 4.9878983
279.7199 57.0 4.9073668
274.86014 57.0 4.822108
290.52005 57.0 5.0968432
256.50003 57.0 4.5000005
290.79016 57.0 5.1015816
283.7701 58.0 4.892588
260.27997 58.0 4.4875855
252.45003 58.0 4.3525867
243.81004 58.0 4.2036214
260.00995 58.0 4.48293
262.97995 58.0 4.5341372
255.14998 58.0 4.3991375
262.97998 58.0 4.5341377
261.08997 58.0 4.501551
276.47986 58.0 4.7668943
289.1699 58.0 4.9856877
250.02016 58.0 4.3106923
257.85 58.0 4.4456897
282.42004 58.0 4.8693113
248.66997 58.0 4.287413
243.26996 58.0 4.1943097
268.38007 58.0 4.6272426
268.38 58.0 4.6272416
277.02002 58.0 4.7762074
306.18018 58.0 5.2789683
255.14995 58.0 4.399137
284.30994 58.0 4.9018955
281.61002 58.0 4.8553452
279.18008 58.0 4.81345
266.76016 58.0 4.5993133
260.54996 58.0 4.4922404
264.33014 58.0 4.557416
280.53015 58.0 4.8367267
278.1001 58.0 4.7948294
282.6901 58.0 4.873967
289.70993 58.0 4.994999
283.2301 58.0 4.8832774
288.9001 58.0 4.9810357
258.12 58.0 4.4503446
276.48007 58.0 4.7668977
278.64008 58.0 4.804139
268.64996 58.0 4.631896
280.52997 58.0 4.836724
253.79994 58.0 4.375861
247.86006 58.0 4.2734494
270.00012 58.0 4.6551743
242.12518 58.999996 4.103817
272.39075 58.999996 4.6167927
238.0717 58.999996 4.035114
258.8793 58.999996 4.387785
272.93127 58.999996 4.625954
271.85043 58.999996 4.6076345
266.44577 58.999996 4.5160303
283.20007 58.999996 4.8000016
272.9314 58.999996 4.625956
266.9862 58.999996 4.5251904
267.797 58.999996 4.5389323
292.1176 58.999996 4.951146
267.79694 58.999996 4.5389314
251.85355 58.999996 4.2687044
249.96185 58.999996 4.236642
269.68854 58.999996 4.5709925
273.47165 58.999996 4.6351132
251.85335 58.999996 4.268701
262.93292 58.999996 4.4564905
249.15114 58.999996 4.222901
271.03955 58.999996 4.593891
264.8245 58.999996 4.488551
263.47336 58.999996 4.4656506
270.49918 58.999996 4.584732
268.60767 58.999996 4.5526724
257.52808 58.999996 4.364883
267.797 58.999996 4.5389323
248.34047 58.999996 4.209161
253.47476 58.999996 4.2961826
265.6351 58.999996 4.5022902
289.9559 58.999996 4.914507
267.7968 58.999996 4.5389295
265.36502 58.999996 4.4977126
248.34033 58.999996 4.2091584
262.6627 58.999996 4.4519105
235.90985 58.999996 3.9984722
271.5802 58.999996 4.6030545
281.57867 58.999996 4.77252
249.42136 58.999996 4.227481
257.52823 58.999996 4.3648853
258.60922 58.999996 4.3832073
268.92014 60.000004 4.482002
261.36008 60.000004 4.356001
245.97 60.000004 4.0994997
261.89993 60.000004 4.364999
250.29005 60.000004 4.1715007
250.02013 60.000004 4.1670017
270.2701 60.000004 4.5045013
249.75012 60.000004 4.162502
254.33995 60.000004 4.238999
273.78 60.000004 4.5629997
237.60008 60.000004 3.9600012
271.8901 60.000004 4.5315013
247.05 60.000004 4.1175
244.62006 60.000004 4.0770006
230.85004 60.000004 3.8475003
248.93997 60.000004 4.148999
221.67001 60.000004 3.6945
270.27014 60.000004 4.504502
265.41003 60.000004 4.4235
248.94008 60.000004 4.149001
268.92007 60.000004 4.482001
239.21996 60.000004 3.986999
218.69994 60.000004 3.6449988
269.18997 60.000004 4.4864993
262.98007 60.000004 4.383001
281.88016 60.000004 4.6980023
267.29996 60.000004 4.454999
245.70009 60.000004 4.095001
239.21996 60.000004 3.986999
251.64006 60.000004 4.1940007
238.40996 60.000004 3.973499
237.59999 60.000004 3.9599996
257.03998 60.000004 4.2839994
262.71 60.000004 4.3784995
275.12994 60.000004 4.585499
261.63 60.000004 4.3605
240.56999 60.000004 4.0094995
270.53995 60.000004 4.508999
255.95988 60.000004 4.265998
270.2701 60.000004 4.5045013
252.99014 60.000004 4.216502
249.21005 61.0 4.0854106
249.75014 61.0 4.0942645
248.39995 61.0 4.07213
267.29993 61.0 4.381966
251.90999 61.0 4.129672
257.5798 61.0 4.2226195
263.79004 61.0 4.3244267
263.25012 61.0 4.3155756
252.72002 61.0 4.142951
252.1801 61.0 4.1341
252.44994 61.0 4.1385236
232.46997 61.0 3.8109832
221.93999 61.0 3.6383605
268.38013 61.0 4.3996744
226.25996 61.0 3.7091796
262.98007 61.0 4.3111486
230.03996 61.0 3.771147
248.4 61.0 4.072131
244.62003 61.0 4.0101643
235.17 61.0 3.8552458
251.1 61.0 4.1163936
248.13005 61.0 4.0677056
256.50003 61.0 4.2049184
269.4599 61.0 4.4173756
242.19005 61.0 3.9703286
228.96005 61.0 3.7534435
257.04004 61.0 4.2137713
237.05998 61.0 3.8862293
251.90994 61.0 4.129671
258.11996 61.0 4.231475
233.01006 61.0 3.819837
265.1401 61.0 4.346559
215.99997 61.0 3.5409832
238.95001 61.0 3.9172132
252.45009 61.0 4.138526
250.01997 61.0 4.098688
234.62988 61.0 3.8463914
264.05997 61.0 4.3288517
230.8499 61.0 3.7844245
225.44995 61.0 3.695901
246.23991 61.0 4.03672
255.96002 62.0 4.1283875
244.62003 62.0 3.9454842
233.82004 62.0 3.771291
221.13005 62.0 3.5666137
256.22998 62.0 4.1327415
237.60005 62.0 3.832259
244.08003 62.0 3.9367747
267.57 62.0 4.315645
255.41995 62.0 4.1196766
237.32997 62.0 3.8279028
220.31995 62.0 3.5535476
259.73996 62.0 4.1893544
230.57996 62.0 3.7190316
248.13005 62.0 4.0020976
241.92001 62.0 3.9019358
231.39005 62.0 3.7320974
258.65997 62.0 4.171935
252.44998 62.0 4.071774
230.04 62.0 3.7103224
250.83006 62.0 4.045646
252.45007 62.0 4.0717754
253.80008 62.0 4.0935497
236.79 62.0 3.8191934
251.1001 62.0 4.0500016
253.25995 62.0 4.084838
208.43999 62.0 3.3619354
239.76001 62.0 3.867097
260.55017 62.0 4.202422
241.91998 62.0 3.901935
260.01 62.0 4.19371
243.81004 62.0 3.93242
243.00002 62.0 3.9193552
255.42009 62.0 4.119679
251.3699 62.0 4.054353
242.99991 62.0 3.9193532
234.08995 62.0 3.7756443
228.69 62.0 3.6885483
234.90015 62.0 3.788712
241.11002 62.0 3.8888712
260.28006 62.0 4.1980653
284.04013 62.0 4.5812926
255.15007 63.0 4.050001
248.67 63.0 3.9471428
236.24995 63.0 3.7499993
220.86003 63.0 3.505715
253.53003 63.0 4.0242863
239.2201 63.0 3.7971444
247.8601 63.0 3.9342873
240.56999 63.0 3.8185713
251.10002 63.0 3.9857147
233.01001 63.0 3.6985717
222.47987 63.0 3.5314267
244.89003 63.0 3.8871434
225.98999 63.0 3.5871427
231.93004 63.0 3.6814291
232.46997 63.0 3.6899996
225.45006 63.0 3.5785723
260.28015 63.0 4.131431
251.37007 63.0 3.9900012
239.21997 63.0 3.7971425
229.23006 63.0 3.6385722
217.88985 63.0 3.458569
231.12004 63.0 3.6685722
235.43997 63.0 3.7371423
233.81987 63.0 3.7114265
244.89009 63.0 3.8871443
240.30005 63.0 3.8142865
213.02998 63.0 3.3814282
236.79004 63.0 3.758572
224.91005 63.0 3.570001
239.48994 63.0 3.8014276
227.61002 63.0 3.6128573
230.03992 63.0 3.6514273
243.54 63.0 3.865714
224.63986 63.0 3.5657122
245.42998 63.0 3.895714
245.15985 63.0 3.8914263
229.77 63.0 3.647143
261.9 63.0 4.1571426
259.47 63.0 4.1185713
239.76012 63.0 3.805716
223.56004 63.0 3.548572
218.4301 64.0 3.4129703
233.54997 64.0 3.6492183
219.78 64.0 3.4340625
243.80997 64.0 3.8095307
241.65012 64.0 3.775783
265.40994 64.0 4.1470304
237.33003 64.0 3.7082818
242.99991 64.0 3.7968736
242.99995 64.0 3.7968743
244.07996 64.0 3.8137493
231.11992 64.0 3.6112487
226.8001 64.0 3.5437515
235.43997 64.0 3.6787496
214.38004 64.0 3.349688
246.24008 64.0 3.8475013
228.42001 64.0 3.5690627
215.73001 64.0 3.3707814
213.02995 64.0 3.328593
246.51004 64.0 3.8517194
242.7301 64.0 3.7926579
234.09006 64.0 3.6576571
235.97998 64.0 3.6871872
226.8 64.0 3.54375
228.41995 64.0 3.5690618
209.78992 64.0 3.2779675
250.56009 64.0 3.9150014
216.53995 64.0 3.3834367
229.49991 64.0 3.585936
235.16989 64.0 3.6745296
230.30997 64.0 3.5985932
241.6501 64.0 3.7757828
213.84001 64.0 3.3412502
227.61008 64.0 3.5564075
231.12 64.0 3.61125
246.24004 64.0 3.8475006
219.78006 64.0 3.4340634
224.91003 64.0 3.5142193
227.0699 64.0 3.5479672
237.87 64.0 3.7167187
242.18997 64.0 3.7842183
238.14001 64.0 3.7209377
231.1199 65.0 3.5556908
231.93004 65.0 3.5681543
221.12997 65.0 3.4019997
226.80002 65.0 3.489231
237.0601 65.0 3.6470785
249.7501 65.0 3.8423092
234.89995 65.0 3.6138453
254.07014 65.0 3.9087715
221.94002 65.0 3.4144619
206.27995 65.0 3.1735377
238.14005 65.0 3.663693
218.96996 65.0 3.3687685
203.85 65.0 3.136154
226.53 65.0 3.485077
247.86003 65.0 3.8132312
240.84001 65.0 3.705231
231.39001 65.0 3.5598464
243.81 65.0 3.7509232
228.95992 65.0 3.5224602
221.12994 65.0 3.4019992
214.65002 65.0 3.302308
230.84993 65.0 3.5515373
224.91011 65.0 3.4601555
251.6401 65.0 3.8713863
202.22997 65.0 3.1112301
205.19992 65.0 3.1569219
245.16019 65.0 3.7716951
229.76997 65.0 3.5349226
207.9 65.0 3.1984615
221.93999 65.0 3.4144614
227.06992 65.0 3.4933834
204.92992 65.0 3.152768
215.73001 65.0 3.3189232
222.21005 65.0 3.4186163
238.40994 65.0 3.6678452
210.05994 65.0 3.2316914
242.19003 65.0 3.7260005
258.39005 65.0 3.9752314
234.36002 65.0 3.6055386
250.29007 65.0 3.8506165
225.17996 65.0 3.464307
218.97005 66.0 3.317728
240.02998 66.0 3.636818
231.11996 66.0 3.5018177
219.51009 66.0 3.3259103
206.01001 66.0 3.1213639
243.81006 66.0 3.6940918
217.62001 66.0 3.297273
218.97002 66.0 3.3177276
210.60005 66.0 3.1909099
218.70004 66.0 3.313637
217.08003 66.0 3.2890913
206.0099 66.0 3.1213622
215.99998 66.0 3.272727
239.76 66.0 3.6327271
234.09012 66.0 3.54682
195.74997 66.0 2.9659085
213.03003 66.0 3.2277277
215.18999 66.0 3.2604544
207.8999 66.0 3.1499984
222.20996 66.0 3.3668175
209.25003 66.0 3.170455
211.95003 66.0 3.211364
232.73993 66.0 3.5263627
208.43999 66.0 3.1581817
214.11006 66.0 3.2440917
234.35994 66.0 3.550908
224.91002 66.0 3.4077275
221.93999 66.0 3.3627272
238.14001 66.0 3.608182
223.82999 66.0 3.3913634
241.91998 66.0 3.6654544
215.99995 66.0 3.2727265
217.34996 66.0 3.2931812
201.41998 66.0 3.051818
204.38998 66.0 3.096818
208.70996 66.0 3.1622722
203.84995 66.0 3.0886354
237.5999 66.0 3.5999985
219.24 66.0 3.3218184
235.17001 66.0 3.563182
235.44002 66.0 3.567273
210.32997 67.0 3.1392534
203.03995 67.0 3.030447
231.65999 67.0 3.4576118
209.51991 67.0 3.127163
211.41002 67.0 3.1553733
198.98996 67.0 2.9699993
214.38004 67.0 3.199702
214.64995 67.0 3.2037306
212.76001 67.0 3.1755226
192.78001 67.0 2.8773136
208.17001 67.0 3.1070151
208.16992 67.0 3.1070137
226.26001 67.0 3.377015
223.01996 67.0 3.3286562
194.67004 67.0 2.905523
235.43987 67.0 3.5140278
214.64998 67.0 3.203731
206.54996 67.0 3.0828352
224.63994 67.0 3.352835
223.29004 67.0 3.3326871
201.96004 67.0 3.014329
220.86003 67.0 3.2964184
246.24 67.0 3.675224
195.74998 67.0 2.9216416
204.38998 67.0 3.0505967
234.62993 67.0 3.5019393
233.28004 67.0 3.4817917
192.23997 67.0 2.8692534
221.12994 67.0 3.300447
215.45996 67.0 3.2158203
211.14003 67.0 3.1513438
204.38992 67.0 3.0505958
225.98987 67.0 3.3729832
218.43 67.0 3.2601492
220.31995 67.0 3.2883575
232.7401 67.0 3.4737327
201.41995 67.0 3.006268
237.06006 67.0 3.53821
203.03993 67.0 3.0304468
224.09998 67.0 3.3447757
222.75006 67.0 3.3246279
224.90996 68.0 3.3074994
211.94998 68.0 3.1169114
204.38994 68.0 3.0057344
214.10999 68.0 3.1486762
197.91002 68.0 2.9104414
207.35997 68.0 3.0494113
215.72997 68.0 3.1724994
201.41998 68.0 2.9620585
224.91 68.0 3.3075001
209.24988 68.0 3.077204
220.32 68.0 3.24
200.87999 68.0 2.9541175
208.17003 68.0 3.061324
201.41997 68.0 2.9620583
201.68991 68.0 2.9660282
211.41005 68.0 3.1089714
187.92003 68.0 2.7635298
200.07 68.0 2.942206
221.93999 68.0 3.2638233
231.65994 68.0 3.4067638
198.71994 68.0 2.922352
204.11992 68.0 3.0017636
218.43004 68.0 3.2122064
176.57993 68.0 2.5967636
196.82993 68.0 2.8945577
190.07994 68.0 2.7952933
201.68996 68.0 2.9660287
223.55994 68.0 3.287646
206.81992 68.0 3.0414693
204.92996 68.0 3.013676
210.05994 68.0 3.0891168
192.23994 68.0 2.827058
204.12007 68.0 3.0017657
225.99002 68.0 3.3233826
196.28998 68.0 2.8866174
207.89996 68.0 3.0573523
214.37997 68.0 3.1526468
204.38995 68.0 3.0057347
226.80005 68.0 3.3352947
211.13994 68.0 3.104999
223.29001 68.0 3.2836766
203.57999 69.0 2.9504347
194.39992 69.0 2.8173902
194.93993 69.0 2.8252163
202.77 69.0 2.9386957
184.40997 69.0 2.6726084
194.13 69.0 2.8134782
201.41998 69.0 2.91913
187.10999 69.0 2.7117388
194.94006 69.0 2.8252182
198.98988 69.0 2.8839114
204.38998 69.0 2.9621737
189.26999 69.0 2.7430434
210.87003 69.0 3.0560873
211.14 69.0 3.06
181.71002 69.0 2.6334786
208.97993 69.0 3.0286946
187.64998 69.0 2.719565
222.4799 69.0 3.2243464
189.53993 69.0 2.7469556
201.41998 69.0 2.91913
221.67 69.0 3.2126086
191.69995 69.0 2.7782602
218.96994 69.0 3.1734774
214.37994 69.0 3.1069558
201.68996 69.0 2.9230428
187.38 69.0 2.7156522
208.16995 69.0 3.0169559
189.26999 69.0 2.7430434
180.35992 69.0 2.6139119
176.84996 69.0 2.5630429
193.05 69.0 2.797826
193.85999 69.0 2.809565
188.18991 69.0 2.72739
223.55992 69.0 3.2399988
178.19998 69.0 2.5826085
215.99995 69.0 3.130434
205.47002 69.0 2.9778264
195.47998 69.0 2.833043
186.0299 69.0 2.6960857
193.58995 69.0 2.8056514
209.25 69.0 3.0326087
197.09995 70.0 2.8157134
202.76994 70.0 2.8967135
194.12996 70.0 2.7732852
168.21002 70.0 2.4030004
187.9199 70.0 2.68457
193.86002 70.0 2.7694287
196.01996 70.0 2.800285
198.45001 70.0 2.8350003
206.01001 70.0 2.943
200.87994 70.0 2.8697135
163.61996 70.0 2.337428
191.42992 70.0 2.734713
186.56995 70.0 2.6652849
193.85999 70.0 2.7694283
204.92993 70.0 2.9275703
171.99 70.0 2.457
181.71 70.0 2.5958571
209.79001 70.0 2.9970002
193.59003 70.0 2.7655718
212.49007 70.0 3.0355723
174.41994 70.0 2.4917133
200.87994 70.0 2.8697135
208.70999 70.0 2.9815712
188.72997 70.0 2.6961424
190.88994 70.0 2.726999
183.59998 70.0 2.6228569
200.60991 70.0 2.865856
217.35002 70.0 3.1050003
201.41997 70.0 2.877428
197.36995 70.0 2.8195708
203.31001 70.0 2.9044287
204.66003 70.0 2.9237149
191.15999 70.0 2.730857
197.09995 70.0 2.8157134
179.27989 70.0 2.5611413
194.3999 70.0 2.7771416
201.4199 70.0 2.8774273
185.22003 70.0 2.6460004
202.50003 70.0 2.8928576
207.62999 70.0 2.9661427
194.13002 70.0 2.773286
204.39 71.0 2.8787324
197.64003 71.0 2.7836623
192.77997 71.0 2.715211
200.33997 71.0 2.8216896
177.38994 71.0 2.4984498
193.58995 71.0 2.726619
186.83994 71.0 2.6315484
202.77 71.0 2.8559155
176.03996 71.0 2.4794362
194.66994 71.0 2.74183
200.88002 71.0 2.829296
180.08989 71.0 2.5364773
191.69992 71.0 2.6999989
174.69 71.0 2.4604225
198.18 71.0 2.7912674
189.26997 71.0 2.6657743
204.11995 71.0 2.874929
189.80998 71.0 2.6733801
200.60995 71.0 2.8254924
168.75 71.0 2.3767605
177.38994 71.0 2.4984498
205.19995 71.0 2.89014
205.46992 71.0 2.8939426
203.58 71.0 2.8673239
207.36006 71.0 2.9205642
193.04991 71.0 2.7190127
171.18 71.0 2.4109857
182.51991 71.0 2.570703
181.17 71.0 2.55169
206.27998 71.0 2.9053519
186.29996 71.0 2.623943
183.32997 71.0 2.5821123
186.83995 71.0 2.6315486
195.74995 71.0 2.7570417
184.40997 71.0 2.5973237
189.53996 71.0 2.669577
192.23996 71.0 2.7076051
174.68994 71.0 2.4604218
200.06996 71.0 2.8178868
183.0599 71.0 2.5783086
225.9899 71.0 3.1829562
177.11992 72.0 2.4599988
191.70003 72.0 2.6625004
181.16994 72.0 2.5162492
177.93 72.0 2.4712498
176.30997 72.0 2.4487495
194.12993 72.0 2.696249
187.10992 72.0 2.598749
187.65001 72.0 2.60625
198.17993 72.0 2.752499
186.57 72.0 2.5912502
174.69 72.0 2.42625
172.8 72.0 2.4
165.50996 72.0 2.2987494
186.03 72.0 2.58375
187.10999 72.0 2.5987499
163.61996 72.0 2.2724996
188.99994 72.0 2.624999
186.56993 72.0 2.591249
166.31995 72.0 2.3099992
183.33002 72.0 2.5462503
198.18 72.0 2.7524998
189.26996 72.0 2.6287494
172.25995 72.0 2.3924992
182.51994 72.0 2.5349991
193.58997 72.0 2.6887496
191.69998 72.0 2.6624997
186.83998 72.0 2.5949998
178.19998 72.0 2.4749997
184.95 72.0 2.56875
173.87994 72.0 2.4149992
189.54 72.0 2.6325
193.31996 72.0 2.6849995
192.50995 72.0 2.6737492
203.58002 72.0 2.8275003
169.83 72.0 2.35875
187.10997 72.0 2.5987496
170.91002 72.0 2.3737502
173.34003 72.0 2.4075003
208.16994 72.0 2.8912492
199.52994 72.0 2.771249
203.30998 72.0 2.8237498
167.66994 73.0 2.2968485
191.15997 73.0 2.6186297
183.59998 73.0 2.515068
194.6699 73.0 2.666711
184.13997 73.0 2.5224652
171.71991 73.0 2.3523276
167.93999 73.0 2.3005478
176.03995 73.0 2.4115062
179.28 73.0 2.4558904
178.47002 73.0 2.4447947
187.1099 73.0 2.5631492
197.09995 73.0 2.6999993
172.53001 73.0 2.3634248
182.24995 73.0 2.4965746
185.21992 73.0 2.5372593
171.17998 73.0 2.3449311
179.81998 73.0 2.4632874
165.77997 73.0 2.2709584
176.84996 73.0 2.4226022
176.57996 73.0 2.4189036
182.78996 73.0 2.503972
180.62999 73.0 2.4743834
169.83 73.0 2.3264384
172.8 73.0 2.3671234
176.84998 73.0 2.4226024
179.81996 73.0 2.463287
173.87999 73.0 2.3819177
177.11993 73.0 2.4263005
196.55988 73.0 2.692601
176.85002 73.0 2.4226031
187.10994 73.0 2.56315
175.76991 73.0 2.407807
161.45999 73.0 2.2117808
186.56996 73.0 2.555753
176.57996 73.0 2.4189036
162.53996 73.0 2.226575
170.63995 73.0 2.3375337
187.37997 73.0 2.566849
196.55995 73.0 2.6926022
172.2599 73.0 2.3597248
175.76999 73.0 2.407808
166.31999 74.0 2.2475674
179.00995 74.0 2.4190533
184.94994 74.0 2.4993234
176.85 74.0 2.389865
197.63998 74.0 2.6708107
165.78001 74.0 2.2402704
157.14001 74.0 2.1235137
152.82 74.0 2.0651352
173.61003 74.0 2.3460815
175.76999 74.0 2.3752701
167.93997 74.0 2.269459
156.59999 74.0 2.1162162
170.90993 74.0 2.3095937
166.04999 74.0 2.2439187
159.83997 74.0 2.1599996
166.85994 74.0 2.254864
183.32991 74.0 2.4774313
171.98996 74.0 2.3241887
172.26 74.0 2.3278377
169.82994 74.0 2.2949991
175.22993 74.0 2.3679721
173.33997 74.0 2.342432
153.0899 74.0 2.0687826
167.66998 74.0 2.2658105
167.40001 74.0 2.2621622
164.15993 74.0 2.2183774
181.70999 74.0 2.4555404
157.40997 74.0 2.1271617
176.03993 74.0 2.378918
175.77002 74.0 2.3752706
192.50995 74.0 2.6014857
177.38995 74.0 2.3971615
173.06998 74.0 2.3387835
163.88998 74.0 2.2147295
165.23991 74.0 2.232972
170.10004 74.0 2.298649
168.21 74.0 2.2731082
183.32996 74.0 2.4774318
156.59993 74.0 2.1162152
179.55 74.0 2.4263513
157.94994 74.0 2.1344585
192.24 75.0 2.5632
158.48997 75.0 2.1131997
172.25998 75.0 2.2967997
171.71999 75.0 2.2896
144.44997 75.0 1.9259995
176.04 75.0 2.3472
169.56003 75.0 2.2608004
172.79993 75.0 2.303999
176.30997 75.0 2.3507996
160.10994 75.0 2.1347992
167.40004 75.0 2.2320006
166.32 75.0 2.2176
173.3399 75.0 2.3111987
152.81999 75.0 2.0375998
182.79001 75.0 2.4372
157.40994 75.0 2.0987992
175.77005 75.0 2.3436007
164.42993 75.0 2.192399
152.54999 75.0 2.034
176.30994 75.0 2.350799
162.53995 75.0 2.1671994
160.91995 75.0 2.1455994
173.88 75.0 2.3184001
164.43004 75.0 2.1924005
165.50998 75.0 2.2067997
173.06996 75.0 2.3075995
154.70993 75.0 2.062799
175.23003 75.0 2.3364003
163.34995 75.0 2.1779993
164.96992 75.0 2.199599
151.73996 75.0 2.0231996
146.06998 75.0 1.9475996
159.03 75.0 2.1204
145.52998 75.0 1.9403998
164.96996 75.0 2.1995995
164.42996 75.0 2.1923995
183.32997 75.0 2.4443996
175.76997 75.0 2.3435996
173.06996 75.0 2.3075995
151.47003 75.0 2.0196004
160.10999 75.0 2.1347997
152.27998 76.0 2.003684
161.72997 76.0 2.1280258
152.00993 76.0 2.0001307
154.16997 76.0 2.0285523
163.35002 76.0 2.1493423
160.37997 76.0 2.1102629
173.60994 76.0 2.2843413
155.52002 76.0 2.0463161
156.87001 76.0 2.064079
169.01999 76.0 2.2239473
138.51 76.0 1.8225
143.36998 76.0 1.8864472
160.37993 76.0 2.1102622
159.29991 76.0 2.0960515
159.84001 76.0 2.103158
167.12997 76.0 2.1990786
175.22992 76.0 2.305657
169.5599 76.0 2.2310514
147.14995 76.0 1.9361835
153.62999 76.0 2.0214472
160.64996 76.0 2.1138153
171.98997 76.0 2.263026
161.19 76.0 2.1209211
173.60995 76.0 2.2843416
153.62994 76.0 2.0214467
171.18002 76.0 2.2523687
174.41995 76.0 2.2949994
178.19998 76.0 2.3447366
167.94 76.0 2.2097368
150.39001 76.0 1.978816
146.87991 76.0 1.9326305
154.43993 76.0 2.0321043
153.08998 76.0 2.0143418
149.85005 76.0 1.9717112
159.83994 76.0 2.103157
153.09 76.0 2.014342
158.21996 76.0 2.0818415
171.98997 76.0 2.263026
168.20995 76.0 2.2132888
154.98003 76.0 2.0392108
163.07994 76.0 2.1457887
174.14996 77.0 2.2616878
148.76997 77.0 1.9320775
142.55992 77.0 1.8514276
160.10988 77.0 2.079349
150.11992 77.0 1.9496094
136.61996 77.0 1.7742853
151.19994 77.0 1.9636356
143.36996 77.0 1.8619477
130.67998 77.0 1.6971426
162.00005 77.0 2.1038966
148.5 77.0 1.9285715
162.53998 77.0 2.1109087
141.20998 77.0 1.8338958
143.09995 77.0 1.8584409
155.25 77.0 2.0162337
149.84995 77.0 1.9461032
150.1199 77.0 1.9496092
154.43996 77.0 2.0057137
166.32004 77.0 2.1600006
148.77 77.0 1.9320779
151.19997 77.0 1.9636359
150.65999 77.0 1.9566233
149.85004 77.0 1.9461044
141.75005 77.0 1.8409096
140.39998 77.0 1.8233763
173.87996 77.0 2.2581813
169.02005 77.0 2.1950655
126.9 77.0 1.648052
138.77998 77.0 1.8023375
160.65 77.0 2.0863636
156.06001 77.0 2.0267534
134.99995 77.0 1.7532461
159.56996 77.0 2.0723372
164.97002 77.0 2.1424677
157.13998 77.0 2.040779
154.43999 77.0 2.0057142
157.94992 77.0 2.0512977
158.76001 77.0 2.0618184
149.84996 77.0 1.9461035
154.43996 77.0 2.0057137
155.79002 77.0 2.023247
122.118225 78.0 1.5656183
129.95328 78.0 1.6660677
135.89711 78.0 1.7422707
145.89359 78.0 1.8704306
142.38127 78.0 1.8254008
136.70758 78.0 1.7526612
144.81274 78.0 1.8565737
169.66872 78.0 2.17524
135.35675 78.0 1.735343
147.5145 78.0 1.8912115
148.5952 78.0 1.9050666
154.26889 78.0 1.9778062
156.97057 78.0 2.012443
164.2653 78.0 2.1059654
142.11102 78.0 1.8219361
132.65503 78.0 1.7007055
151.29694 78.0 1.9397043
151.02684 78.0 1.9362415
134.5462 78.0 1.7249513
159.40213 78.0 2.043617
153.4583 78.0 1.9674141
141.57071 78.0 1.8150091
135.89708 78.0 1.7422702
144.27248 78.0 1.8496472
148.59518 78.0 1.9050664
159.13194 78.0 2.040153
151.83731 78.0 1.9466321
151.83731 78.0 1.9466321
169.66875 78.0 2.1752403
142.92162 78.0 1.8323284
141.84088 78.0 1.8184727
157.78108 78.0 2.0228343
156.43024 78.0 2.0055158
148.05489 78.0 1.8981395
149.40579 78.0 1.9154588
148.32506 78.0 1.9016033
141.03038 78.0 1.8080819
159.9425 78.0 2.050545
145.35312 78.0 1.8635015
150.21623 78.0 1.9258492
144.27248 78.0 1.8496472
133.92001 79.0 1.69519
131.48996 79.0 1.6644299
142.28995 79.0 1.8011385
147.95995 79.0 1.8729106
134.72998 79.0 1.7054428
129.33 79.0 1.6370885
137.42998 79.0 1.73962
138.51001 79.0 1.7532912
151.46996 79.0 1.9173411
147.68999 79.0 1.8694936
137.69998 79.0 1.7430377
131.48997 79.0 1.6644301
143.1 79.0 1.8113925
139.31995 79.0 1.7635436
153.63002 79.0 1.9446838
144.98991 79.0 1.8353153
149.84998 79.0 1.8968351
136.35002 79.0 1.7259496
159.56996 79.0 2.019873
130.94997 79.0 1.6575944
132.83998 79.0 1.6815187
126.899994 79.0 1.6063291
137.42996 79.0 1.7396199
146.60992 79.0 1.8558218
133.64995 79.0 1.6917715
139.31995 79.0 1.7635436
152.54997 79.0 1.9310124
135.54 79.0 1.7156961
129.05998 79.0 1.6336707
129.59999 79.0 1.6405061
130.67996 79.0 1.6541768
134.99997 79.0 1.7088604
144.17996 79.0 1.8250628
151.19994 79.0 1.9139233
136.89 79.0 1.7327849
133.91995 79.0 1.6951892
139.31995 79.0 1.7635436
142.29002 79.0 1.8011395
140.66995 79.0 1.7806324
142.28998 79.0 1.801139
128.51997 79.0 1.6268351
140.39995 80.0 1.7549993
140.66998 80.0 1.7583747
132.84 80.0 1.6604999
120.68997 80.0 1.5086247
140.40001 80.0 1.7550001
145.52995 80.0 1.8191243
140.93997 80.0 1.7617496
144.44998 80.0 1.8056247
135.27003 80.0 1.6908754
146.07004 80.0 1.8258755
130.68 80.0 1.6334999
127.16998 80.0 1.5896248
129.86996 80.0 1.6233746
134.73001 80.0 1.6841251
129.6 80.0 1.62
145.25998 80.0 1.8157498
136.61996 80.0 1.7077495
128.24998 80.0 1.6031247
140.39992 80.0 1.754999
146.60997 80.0 1.8326247
129.33002 80.0 1.6166253
129.06003 80.0 1.6132503
148.49992 80.0 1.8562491
146.60999 80.0 1.8326248
126.09003 80.0 1.5761254
124.469986 80.0 1.5558748
133.37994 80.0 1.6672493
137.97002 80.0 1.7246252
119.61003 80.0 1.4951254
143.36996 80.0 1.7921246
126.62998 80.0 1.5828748
130.68 80.0 1.6334999
142.28998 80.0 1.7786248
139.58998 80.0 1.7448747
138.77998 80.0 1.7347498
136.61995 80.0 1.7077494
147.68994 80.0 1.8461242
126.359955 80.0 1.5794995
124.74 80.0 1.55925
141.20996 80.0 1.7651246
137.70003 80.0 1.7212503
129.59996 81.0 1.5999994
126.63 81.0 1.5633333
117.180016 81.0 1.4466668
133.37997 81.0 1.6466663
133.11 81.0 1.6433333
151.46996 81.0 1.8699995
143.90997 81.0 1.7766663
126.629974 81.0 1.563333
119.61 81.0 1.4766667
118.53003 81.0 1.4633337
126.089935 81.0 1.5566659
122.040016 81.0 1.5066669
123.930016 81.0 1.5300002
113.67 81.0 1.4033333
130.95001 81.0 1.6166668
124.73996 81.0 1.5399995
134.18997 81.0 1.6566664
114.20999 81.0 1.4099998
123.11996 81.0 1.5199995
126.62992 81.0 1.5633323
129.86998 81.0 1.6033331
130.14001 81.0 1.6066668
132.56993 81.0 1.6366658
119.069984 81.0 1.4699998
128.24992 81.0 1.5833323
126.629974 81.0 1.563333
142.83003 81.0 1.7633337
124.19998 81.0 1.5333331
115.28998 81.0 1.423333
128.79 81.0 1.5899999
130.40997 81.0 1.6099997
134.73006 81.0 1.663334
117.180016 81.0 1.4466668
137.96999 81.0 1.7033331
127.98 81.0 1.58
136.88994 81.0 1.6899992
132.83995 81.0 1.6399994
151.19997 81.0 1.8666662
122.85 81.0 1.5166667
130.94997 81.0 1.6166662
142.56001 81.0 1.7600002
130.40999 82.0 1.5903658
110.429955 82.0 1.3467067
114.75003 82.0 1.3993906
120.419975 82.0 1.4685363
115.28998 82.0 1.4059753
120.15 82.0 1.4652439
108.81 82.0 1.3269511
122.31 82.0 1.4915854
112.860016 82.0 1.3763417
128.51999 82.0 1.5673169
116.099945 82.0 1.415853
119.60999 82.0 1.4586585
122.03991 82.0 1.4882916
116.10001 82.0 1.4158539
117.71999 82.0 1.4356097
126.63001 82.0 1.5442685
132.02994 82.0 1.6101213
119.609985 82.0 1.4586583
124.46997 82.0 1.5179265
108.53999 82.0 1.3236585
116.099976 82.0 1.4158534
132.83998 82.0 1.6199998
126.62996 82.0 1.5442678
119.88004 82.0 1.4619517
124.19996 82.0 1.5146337
130.67998 82.0 1.5936582
115.830025 82.0 1.4125613
129.59998 82.0 1.5804875
119.87998 82.0 1.461951
110.43002 82.0 1.3467076
137.42996 82.0 1.6759751
134.18997 82.0 1.6364632
123.65999 82.0 1.5080487
127.979965 82.0 1.5607313
140.94 82.0 1.7187805
128.51999 82.0 1.567317
127.97996 82.0 1.5607312
127.44 82.0 1.5541464
138.23999 82.0 1.6858535
107.45998 82.0 1.3104875
109.619995 82.0 1.3368292
130.40996 83.0 1.5712043
102.86997 83.0 1.2393973
112.590004 83.0 1.3565061
120.41996 83.0 1.4508429
110.970024 83.0 1.3369882
118.52995 83.0 1.4280717
126.35999 83.0 1.5224096
98.279976 83.0 1.1840961
115.02 83.0 1.3857831
119.070015 83.0 1.4345785
106.64997 83.0 1.2849394
120.15 83.0 1.4475904
113.93997 83.0 1.3727708
119.87998 83.0 1.4443371
114.20999 83.0 1.376024
125.00998 83.0 1.5061443
110.70001 83.0 1.3337351
115.830025 83.0 1.3955425
119.60998 83.0 1.441084
111.509995 83.0 1.3434939
116.09998 83.0 1.398795
112.85999 83.0 1.359759
110.96998 83.0 1.3369877
115.56 83.0 1.3922892
115.55997 83.0 1.3922888
122.03999 83.0 1.4703614
117.71998 83.0 1.418313
112.31997 83.0 1.3532526
108.81001 83.0 1.310964
110.42998 83.0 1.3304816
106.649994 83.0 1.2849396
112.049965 83.0 1.3499995
130.95003 83.0 1.5777111
124.73997 83.0 1.5028912
112.589966 83.0 1.3565056
118.530014 83.0 1.4280725
112.049995 83.0 1.3499999
111.50995 83.0 1.3434933
117.71999 83.0 1.4183131
112.860016 83.0 1.3597592
135.26997 83.0 1.6297587
95.31002 84.0 1.1346431
115.290016 84.0 1.3725002
123.11997 84.0 1.465714
119.34 84.0 1.4207143
115.830025 84.0 1.3789289
96.119995 84.0 1.1442857
105.57002 84.0 1.256786
102.06004 84.0 1.2150005
103.410034 84.0 1.2310718
107.18998 84.0 1.2760712
105.57002 84.0 1.256786
107.18999 84.0 1.2760713
104.219986 84.0 1.2407141
119.60995 84.0 1.4239279
124.74003 84.0 1.4850004
99.09003 84.0 1.1796432
114.21001 84.0 1.359643
122.03999 84.0 1.452857
109.34996 84.0 1.3017852
105.30002 84.0 1.2535716
112.319984 84.0 1.3371427
120.149994 84.0 1.4303571
109.350006 84.0 1.3017858
113.130005 84.0 1.3467858
114.749985 84.0 1.3660712
111.24002 84.0 1.324286
119.069984 84.0 1.4174998
107.729996 84.0 1.2824999
112.05001 84.0 1.3339287
104.76002 84.0 1.247143
112.85997 84.0 1.3435711
102.87001 84.0 1.224643
105.03003 84.0 1.2503575
105.56999 84.0 1.2567856
116.909966 84.0 1.3917853
102.60002 84.0 1.2214289
118.799995 84.0 1.4142857
101.52001 84.0 1.2085716
102.869995 84.0 1.2246428
106.380035 84.0 1.266429
102.060005 84.0 1.215
105.3 85.0 1.2388235
110.16 85.0 1.296
96.12002 85.0 1.1308237
106.10998 85.0 1.2483526
112.319984 85.0 1.3214116
103.40998 85.0 1.216588
99.62998 85.0 1.1721175
90.71998 85.0 1.0672939
97.74002 85.0 1.1498826
110.97001 85.0 1.3055295
104.21999 85.0 1.2261176
108.000015 85.0 1.2705884
100.70999 85.0 1.1848234
104.22001 85.0 1.2261177
100.70997 85.0 1.1848232
103.13999 85.0 1.2134117
91.8 85.0 1.08
108.81 85.0 1.2801176
91.800026 85.0 1.0800003
98.01002 85.0 1.153059
98.280014 85.0 1.1562355
106.91998 85.0 1.2578821
112.86002 85.0 1.327765
100.70999 85.0 1.1848234
102.87002 85.0 1.2102355
99.63004 85.0 1.1721182
98.280014 85.0 1.1562355
105.3 85.0 1.2388235
96.93 85.0 1.140353
90.72001 85.0 1.0672942
97.20001 85.0 1.1435295
103.67999 85.0 1.2197646
91.26001 85.0 1.0736471
107.73002 85.0 1.267412
114.47994 85.0 1.3468229
95.850006 85.0 1.1276472
108.26998 85.0 1.2737645
105.02998 85.0 1.2356468
96.92997 85.0 1.1403526
101.24999 85.0 1.1911764
96.93002 85.0 1.1403532
99.62999 86.0 1.1584883
92.06999 86.0 1.0705813
100.170006 86.0 1.1647675
110.15998 86.0 1.28093
99.9 86.0 1.1616279
92.07001 86.0 1.0705814
98.819984 86.0 1.1490695
110.42998 86.0 1.2840695
97.20001 86.0 1.1302327
98.55002 86.0 1.1459304
102.32998 86.0 1.1898835
99.630005 86.0 1.1584884
100.98002 86.0 1.1741862
103.95001 86.0 1.208721
99.9 86.0 1.1616279
89.1 86.0 1.0360465
99.63001 86.0 1.1584885
90.71998 86.0 1.0548835
95.039986 86.0 1.1051161
103.94998 86.0 1.2087207
100.44001 86.0 1.1679071
103.14002 86.0 1.1993026
91.259995 86.0 1.0611627
110.43004 86.0 1.2840703
89.10002 86.0 1.0360467
91.799995 86.0 1.0674418
90.72004 86.0 1.0548842
92.61004 86.0 1.0768609
101.51998 86.0 1.1804649
90.99002 86.0 1.0580235
91.25998 86.0 1.0611626
95.580025 86.0 1.1113956
109.079994 86.0 1.268372
98.01004 86.0 1.1396517
92.61001 86.0 1.0768605
89.640015 86.0 1.0423257
99.09 86.0 1.1522093
99.09005 86.0 1.1522099
94.50004 86.0 1.0988376
97.20001 86.0 1.1302327
99.36002 86.0 1.1553491
85.59001 87.0 0.98379326
98.820015 87.0 1.1358622
91.79997 87.0 1.0551721
86.399994 87.0 0.9931034
96.66004 87.0 1.111035
82.62002 87.0 0.9496554
98.81997 87.0 1.1358618
92.069984 87.0 1.0582757
86.94 87.0 0.9993104
84.77999 87.0 0.97448266
94.23005 87.0 1.083104
89.36999 87.0 1.0272412
90.18002 87.0 1.036552
72.62999 87.0 0.8348274
87.210014 87.0 1.002414
83.16 87.0 0.9558621
87.48005 87.0 1.0055178
96.65998 87.0 1.1110343
90.18 87.0 1.0365517
94.77003 87.0 1.0893106
98.54999 87.0 1.1327585
82.35002 87.0 0.946552
99.36 87.0 1.142069
78.03001 87.0 0.89689666
94.23002 87.0 1.0831037
99.63001 87.0 1.1451726
82.89001 87.0 0.9527587
89.91 87.0 1.0334483
95.85005 87.0 1.1017247
93.960014 87.0 1.0800002
89.91003 87.0 1.0334486
96.66001 87.0 1.1110346
101.78998 87.0 1.1699997
89.369995 87.0 1.0272413
84.240005 87.0 0.96827596
93.95999 87.0 1.0799999
87.750015 87.0 1.0086209
86.94004 87.0 0.99931085
80.460014 87.0 0.92482775
94.500015 87.0 1.086207
96.92998 87.0 1.1141376
85.59005 88.0 0.97261417
76.41001 88.0 0.86829555
93.15005 88.0 1.0585233
66.96001 88.0 0.76090914
91.52998 88.0 1.0401134
88.83 88.0 1.0094318
83.430016 88.0 0.9480684
75.33 88.0 0.8560227
77.220024 88.0 0.87750024
94.50002 88.0 1.0738639
95.85001 88.0 1.0892047
71.81999 88.0 0.8161363
83.159996 88.0 0.945
83.97001 88.0 0.9542046
77.220024 88.0 0.87750024
89.10001 88.0 1.0125002
80.18999 88.0 0.9112499
85.86001 88.0 0.9756819
86.67003 88.0 0.9848867
94.5 88.0 1.0738636
90.719986 88.0 1.030909
92.340004 88.0 1.0493182
87.21 88.0 0.9910227
81.81003 88.0 0.92965937
79.65 88.0 0.90511364
74.78999 88.0 0.8498863
72.90002 88.0 0.8284093
89.100006 88.0 1.0125
76.68 88.0 0.87136364
90.17999 88.0 1.0247726
87.21001 88.0 0.9910228
77.490005 88.0 0.8805682
91.79999 88.0 1.0431817
86.940025 88.0 0.98795485
78.03003 88.0 0.88670486
84.51003 88.0 0.9603413
81.53999 88.0 0.92659086
85.320015 88.0 0.9695456
77.490005 88.0 0.88056827
79.38001 88.0 0.9020456
68.040016 88.0 0.77318203
89.36998 89.0 1.0041571
66.150024 89.0 0.7432587
67.22999 89.0 0.75539315
76.140015 89.0 0.85550576
70.47 89.0 0.79179776
83.97002 89.0 0.94348335
91.25998 89.0 1.025393
76.41001 89.0 0.85853946
87.75003 89.0 0.98595536
74.52001 89.0 0.8373035
87.21001 89.0 0.9798877
71.28001 89.0 0.8008989
79.38001 89.0 0.89191025
85.32001 89.0 0.9586518
81.81002 89.0 0.9192137
75.06002 89.0 0.843371
76.68003 89.0 0.86157334
76.41002 89.0 0.8585396
73.98002 89.0 0.8312361
76.41002 89.0 0.8585395
73.44 89.0 0.8251686
70.74003 89.0 0.79483175
85.32001 89.0 0.9586518
74.52002 89.0 0.8373036
87.75003 89.0 0.9859554
81.81001 89.0 0.9192136
82.89001 89.0 0.9313484
86.400024 89.0 0.9707868
75.33003 89.0 0.84640485
71.28 89.0 0.80089885
80.46001 89.0 0.904045
83.97002 89.0 0.94348335
79.380005 89.0 0.8919102
77.759995 89.0 0.87370783
81.26999 89.0 0.91314596
86.66999 89.0 0.9738201
76.41 89.0 0.85853934
75.87001 89.0 0.852472
76.95 89.0 0.8646067
71.009995 89.0 0.7978651
80.460014 89.0 0.9040451
73.44002 90.0 0.81600016
65.07003 90.0 0.72300035
67.229996 90.0 0.7469999
78.30002 90.0 0.8700002
63.990013 90.0 0.71100014
72.63003 90.0 0.80700034
71.280014 90.0 0.7920001
83.970024 90.0 0.93300027
69.38999 90.0 0.7709999
71.82003 90.0 0.79800034
60.750015 90.0 0.6750002
73.710014 90.0 0.8190001
71.55001 90.0 0.79500014
72.90004 90.0 0.8100004
69.390015 90.0 0.77100015
64.8 90.0 0.72
69.12 90.0 0.768
70.46999 90.0 0.78299993
83.97002 90.0 0.93300015
71.27999 90.0 0.79199994
77.49003 90.0 0.8610003
71.28 90.0 0.792
77.49001 90.0 0.8610002
56.970016 90.0 0.6330002
78.84001 90.0 0.8760001
80.46 90.0 0.894
69.12001 90.0 0.7680001
65.07001 90.0 0.7230001
72.90001 90.0 0.8100001
66.15 90.0 0.735
72.09002 90.0 0.80100024
76.68002 90.0 0.85200024
68.04002 90.0 0.7560003
68.85 90.0 0.765
67.23 90.0 0.74700004
69.66 90.0 0.77400005
75.06001 90.0 0.8340001
68.85001 90.0 0.76500016
60.750023 90.0 0.67500025
72.630005 90.0 0.80700004
65.070015 90.0 0.72300017
