113.4 1.0 113.4
116.1 1.0 116.1
117.45 1.0 117.45
116.1 1.0 116.1
120.15 1.0 120.15
112.05 1.0 112.05
117.45 1.0 117.45
114.75 1.0 114.75
113.4 1.0 113.4
118.8 1.0 118.8
112.05 1.0 112.05
112.05 1.0 112.05
114.75 1.0 114.75
117.45 1.0 117.45
117.45 1.0 117.45
114.75 1.0 114.75
114.75 1.0 114.75
113.4 1.0 113.4
120.15 1.0 120.15
121.5 1.0 121.5
117.45 1.0 117.45
114.75 1.0 114.75
116.1 1.0 116.1
114.75 1.0 114.75
118.8 1.0 118.8
117.45 1.0 117.45
116.1 1.0 116.1
117.45 1.0 117.45
114.75 1.0 114.75
120.15 1.0 120.15
112.05 1.0 112.05
117.45 1.0 117.45
118.8 1.0 118.8
120.15 1.0 120.15
118.8 1.0 118.8
113.4 1.0 113.4
116.1 1.0 116.1
118.8 1.0 118.8
116.1 1.0 116.1
109.35 1.0 109.35
110.7 1.0 110.7
228.15 2.0 114.075
233.55 2.0 116.775
226.8 2.0 113.4
230.85 2.0 115.425
241.65 2.0 120.825
234.9 2.0 117.45
226.8 2.0 113.4
236.25 2.0 118.125
225.45 2.0 112.725
233.55 2.0 116.775
234.9 2.0 117.45
226.8 2.0 113.4
233.55 2.0 116.775
237.6 2.0 118.8
233.55 2.0 116.775
237.6 2.0 118.8
232.2 2.0 116.1
232.2 2.0 116.1
230.85 2.0 115.425
233.55 2.0 116.775
226.8 2.0 113.4
230.85 2.0 115.425
232.2 2.0 116.1
234.9 2.0 117.45
234.9 2.0 117.45
238.95 2.0 119.475
230.85 2.0 115.425
225.45 2.0 112.725
234.9 2.0 117.45
238.95 2.0 119.475
236.25 2.0 118.125
232.2 2.0 116.1
226.8 2.0 113.4
230.85 2.0 115.425
234.9 2.0 117.45
243.0 2.0 121.5
229.5 2.0 114.75
236.25 2.0 118.125
229.5 2.0 114.75
228.15 2.0 114.075
230.85 2.0 115.425
352.34998 3.0 117.45
349.65002 3.0 116.55
351.0 3.0 117.0
345.59998 3.0 115.2
346.95 3.0 115.65
345.59998 3.0 115.2
352.34998 3.0 117.45
345.59998 3.0 115.2
348.3 3.0 116.1
349.65002 3.0 116.55
355.05 3.0 118.35
345.59998 3.0 115.2
348.3 3.0 116.1
342.90002 3.0 114.3
352.34998 3.0 117.45
353.7 3.0 117.9
348.3 3.0 116.1
346.95 3.0 115.65
355.05 3.0 118.35
345.59998 3.0 115.2
348.3 3.0 116.1
348.3 3.0 116.1
346.95 3.0 115.65
351.0 3.0 117.0
348.3 3.0 116.1
345.59998 3.0 115.2
341.55 3.0 113.85
352.34998 3.0 117.45
352.34998 3.0 117.45
345.59998 3.0 115.2
346.95 3.0 115.65
346.95 3.0 115.65
353.7 3.0 117.9
346.95 3.0 115.65
344.25 3.0 114.75
359.09998 3.0 119.7
348.3 3.0 116.1
353.7 3.0 117.9
340.2 3.0 113.4
355.05 3.0 118.35
353.7 3.0 117.9
457.65 4.0 114.4125
450.9 4.0 112.725
472.5 4.0 118.125
471.15 4.0 117.7875
459.0 4.0 114.75
475.2 4.0 118.8
469.8 4.0 117.45
469.8 4.0 117.45
463.05 4.0 115.7625
456.3 4.0 114.075
467.1 4.0 116.775
461.7 4.0 115.425
460.35 4.0 115.0875
463.05 4.0 115.7625
464.4 4.0 116.1
457.65 4.0 114.4125
457.65 4.0 114.4125
468.45 4.0 117.1125
472.5 4.0 118.125
465.75 4.0 116.4375
459.0 4.0 114.75
468.45 4.0 117.1125
469.8 4.0 117.45
459.0 4.0 114.75
450.9 4.0 112.725
468.45 4.0 117.1125
469.8 4.0 117.45
464.4 4.0 116.1
465.75 4.0 116.4375
471.15 4.0 117.7875
452.25 4.0 113.0625
461.7 4.0 115.425
468.45 4.0 117.1125
457.65 4.0 114.4125
461.7 4.0 115.425
469.8 4.0 117.45
471.15 4.0 117.7875
460.35 4.0 115.0875
460.35 4.0 115.0875
467.1 4.0 116.775
467.1 4.0 116.775
581.85004 5.0 116.37
580.5 5.0 116.1
575.1 5.0 115.02
588.6 5.0 117.72
576.45 5.0 115.29
595.35 5.0 119.07
580.5 5.0 116.1
561.6 5.0 112.32
571.05 5.0 114.21
544.05 5.0 108.81
572.4 5.0 114.48
573.75 5.0 114.75
583.2 5.0 116.64
573.75 5.0 114.75
592.65 5.0 118.53
587.25 5.0 117.45
567.0 5.0 113.4
571.05 5.0 114.21
585.9 5.0 117.18
583.2 5.0 116.64
569.7 5.0 113.94
573.75 5.0 114.75
576.45 5.0 115.29
579.15 5.0 115.83
587.25 5.0 117.45
571.05 5.0 114.21
580.5 5.0 116.1
579.15 5.0 115.83
585.9 5.0 117.18
568.35 5.0 113.67
572.4 5.0 114.48
514.35004 5.0 102.87
500.84998 5.0 100.17
476.55 5.0 95.31
481.95 5.0 96.39
475.2 5.0 95.04
514.35004 5.0 102.87
535.95 5.0 107.19
507.59998 5.0 101.52
506.25 5.0 101.25
515.7 5.0 103.14
506.25 6.0 84.375
546.75 6.0 91.125
442.80002 6.0 73.8
459.0 6.0 76.5
419.84998 6.0 69.975
514.35 6.0 85.725
522.44995 6.0 87.075
541.35 6.0 90.225
525.15 6.0 87.525
557.55005 6.0 92.925
583.19995 6.0 97.2
496.80002 6.0 82.8
503.55002 6.0 83.925
530.55005 6.0 88.425
529.19995 6.0 88.2
508.94998 6.0 84.825
565.65 6.0 94.275
515.69995 6.0 85.95
537.30005 6.0 89.55
517.05005 6.0 86.175
542.69995 6.0 90.45
561.6 6.0 93.6
562.94995 6.0 93.825
573.75 6.0 95.625
506.25 6.0 84.375
488.69998 6.0 81.45
441.44998 6.0 73.575
514.35 6.0 85.725
576.44995 6.0 96.075
527.85 6.0 87.975
499.5 6.0 83.25
507.59998 6.0 84.6
526.5 6.0 87.75
542.69995 6.0 90.45
542.69995 6.0 90.45
523.80005 6.0 87.3
521.1 6.0 86.85
518.4 6.0 86.4
481.94998 6.0 80.325
515.69995 6.0 85.95
526.5 6.0 87.75
545.39996 7.0 77.91428
545.39996 7.0 77.91428
571.05005 7.0 81.578575
595.35004 7.0 85.05
608.85 7.0 86.97857
599.4 7.0 85.62857
531.9 7.0 75.98572
534.6 7.0 76.37143
515.69995 7.0 73.671425
525.15 7.0 75.02143
538.64996 7.0 76.95
553.5 7.0 79.07143
526.5 7.0 75.21429
552.15 7.0 78.87857
585.89996 7.0 83.7
507.59998 7.0 72.51428
467.09998 7.0 66.72857
553.5 7.0 79.07143
496.8 7.0 70.97143
469.80002 7.0 67.11429
538.64996 7.0 76.95
487.35 7.0 69.62143
502.2 7.0 71.74286
534.6 7.0 76.37143
530.55 7.0 75.792854
552.15 7.0 78.87857
502.2 7.0 71.74286
569.69995 7.0 81.38571
518.4 7.0 74.057144
475.19998 7.0 67.88571
557.55 7.0 79.65
541.35004 7.0 77.33572
496.8 7.0 70.97143
565.65 7.0 80.807144
567.0 7.0 81.0
507.59998 7.0 72.51428
480.6 7.0 68.65714
507.59998 7.0 72.51428
517.05005 7.0 73.86429
506.25 7.0 72.32143
503.55 7.0 71.935715
473.85 8.0 59.23125
515.7 8.0 64.4625
514.35 8.0 64.29375
552.15 8.0 69.01875
571.05 8.0 71.38125
500.85 8.0 62.60625
569.7 8.0 71.2125
548.1 8.0 68.5125
571.05 8.0 71.38125
571.05 8.0 71.38125
538.65 8.0 67.33125
514.35 8.0 64.29375
531.9 8.0 66.4875
498.15 8.0 62.26875
508.95 8.0 63.61875
500.85 8.0 62.60625
507.6 8.0 63.45
500.85 8.0 62.60625
542.7 8.0 67.8375
554.85 8.0 69.35625
575.1 8.0 71.8875
561.6 8.0 70.2
565.65 8.0 70.70625
564.3 8.0 70.5375
514.35 8.0 64.29375
531.9 8.0 66.4875
527.85 8.0 65.98125
598.05 8.0 74.75625
575.1 8.0 71.8875
577.8 8.0 72.225
571.05 8.0 71.38125
483.3 8.0 60.4125
522.45 8.0 65.30625
513.0 8.0 64.125
504.9 8.0 63.1125
475.2 8.0 59.4
502.2 8.0 62.775
514.35 8.0 64.29375
552.15 8.0 69.01875
554.85 8.0 69.35625
535.95 8.0 66.99375
531.89996 9.0 59.1
500.85 9.0 55.65
498.15 9.0 55.35
560.25 9.0 62.25
576.45 9.0 64.05
526.5 9.0 58.5
541.35004 9.0 60.15
483.30002 9.0 53.7
511.65 9.0 56.85
541.35004 9.0 60.15
529.2 9.0 58.8
565.64996 9.0 62.85
519.75 9.0 57.75
503.55002 9.0 55.95
525.14996 9.0 58.35
583.2 9.0 64.8
583.2 9.0 64.8
546.75 9.0 60.75
487.35 9.0 54.15
503.55002 9.0 55.95
500.85 9.0 55.65
460.35 9.0 51.15
511.65 9.0 56.85
487.35 9.0 54.15
495.44998 9.0 55.05
545.39996 9.0 60.6
550.8 9.0 61.2
562.95 9.0 62.55
494.1 9.0 54.9
480.6 9.0 53.4
495.44998 9.0 55.05
572.39996 9.0 63.6
526.5 9.0 58.5
537.3 9.0 59.7
581.85004 9.0 64.65
508.94998 9.0 56.55
495.44998 9.0 55.05
550.8 9.0 61.2
548.10004 9.0 60.9
446.85 9.0 49.65
517.05 9.0 57.45
513.0 10.0 51.3
511.65002 10.0 51.165
529.19995 10.0 52.92
499.5 10.0 49.95
557.55 10.0 55.755
564.3 10.0 56.43
577.8 10.0 57.78
507.59998 10.0 50.76
580.5 10.0 58.05
550.80005 10.0 55.08
545.4 10.0 54.54
553.5 10.0 55.35
545.4 10.0 54.54
530.55 10.0 53.055
541.35 10.0 54.135
521.1 10.0 52.11
511.65002 10.0 51.165
526.5 10.0 52.65
460.35 10.0 46.035
568.35 10.0 56.835
506.25 10.0 50.625
506.25 10.0 50.625
488.69998 10.0 48.87
500.84998 10.0 50.085
479.25 10.0 47.925
529.19995 10.0 52.92
514.35004 10.0 51.435
523.8 10.0 52.38
506.25 10.0 50.625
541.35 10.0 54.135
533.25 10.0 53.325
495.44998 10.0 49.545
476.55 10.0 47.655
504.90002 10.0 50.49
519.75 10.0 51.975
522.45 10.0 52.245
469.8 10.0 46.98
490.05002 10.0 49.005
463.05 10.0 46.305
518.4 10.0 51.84
468.45 10.0 46.845
502.19998 11.0 45.654545
560.25 11.0 50.93182
552.14996 11.0 50.195454
568.35 11.0 51.668182
535.95 11.0 48.72273
461.7 11.0 41.97273
442.80002 11.0 40.254547
480.6 11.0 43.69091
598.05 11.0 54.368183
591.30005 11.0 53.754547
540.0 11.0 49.090908
530.55 11.0 48.23182
504.90002 11.0 45.9
534.6 11.0 48.6
537.3 11.0 48.845455
523.8 11.0 47.618183
508.94998 11.0 46.26818
514.35 11.0 46.75909
486.00003 11.0 44.18182
504.90002 11.0 45.9
521.1 11.0 47.372726
594.0 11.0 54.0
519.75 11.0 47.25
479.24997 11.0 43.56818
477.9 11.0 43.445454
484.65 11.0 44.05909
544.05 11.0 49.45909
471.15 11.0 42.831818
463.05002 11.0 42.095455
556.2 11.0 50.563637
503.55 11.0 45.77727
660.15 11.0 60.013638
492.75 11.0 44.795456
510.3 11.0 46.390907
525.15 11.0 47.74091
483.3 11.0 43.936363
491.4 11.0 44.672726
522.44995 11.0 47.495453
519.75 11.0 47.25
491.4 11.0 44.672726
525.15 11.0 47.74091
519.75 12.0 43.3125
521.1 12.0 43.425
540.0 12.0 45.0
534.6 12.0 44.55
496.80002 12.0 41.4
491.40002 12.0 40.95
521.1 12.0 43.425
436.05002 12.0 36.3375
498.15002 12.0 41.5125
538.65 12.0 44.8875
560.25 12.0 46.6875
513.0 12.0 42.75
500.84998 12.0 41.7375
507.59998 12.0 42.3
554.85 12.0 46.2375
538.65 12.0 44.8875
521.1 12.0 43.425
510.30002 12.0 42.525
452.25 12.0 37.6875
508.94998 12.0 42.4125
471.15002 12.0 39.2625
479.25 12.0 39.9375
421.19998 12.0 35.1
464.40002 12.0 38.7
476.55002 12.0 39.7125
503.55002 12.0 41.9625
569.69995 12.0 47.475
503.55002 12.0 41.9625
546.75 12.0 45.5625
495.44998 12.0 41.2875
550.80005 12.0 45.9
504.90002 12.0 42.075
523.80005 12.0 43.65
545.4 12.0 45.45
548.1 12.0 45.675
511.65002 12.0 42.6375
486.0 12.0 40.5
515.69995 12.0 42.975
595.35 12.0 49.6125
542.69995 12.0 45.225
554.85 12.0 46.2375
552.14996 13.0 42.473076
449.55 13.0 34.58077
483.3 13.0 37.17692
475.19998 13.0 36.553844
499.5 13.0 38.423077
452.24997 13.0 34.78846
506.25 13.0 38.942307
477.90002 13.0 36.76154
471.15002 13.0 36.24231
496.80002 13.0 38.215385
526.5 13.0 40.5
530.55 13.0 40.81154
585.89996 13.0 45.06923
557.55 13.0 42.888462
510.3 13.0 39.253845
491.4 13.0 37.8
515.7 13.0 39.66923
499.5 13.0 38.423077
567.0 13.0 43.615383
573.75 13.0 44.134617
506.25 13.0 38.942307
499.5 13.0 38.423077
483.3 13.0 37.17692
490.05002 13.0 37.696156
535.95 13.0 41.226925
437.4 13.0 33.646152
545.4 13.0 41.953846
572.4 13.0 44.03077
454.95 13.0 34.996155
479.24997 13.0 36.865383
473.85 13.0 36.45
472.5 13.0 36.346153
483.3 13.0 37.17692
515.7 13.0 39.66923
503.55 13.0 38.734615
444.15002 13.0 34.165386
508.95 13.0 39.15
440.1 13.0 33.853848
533.25 13.0 41.01923
525.14996 13.0 40.396152
545.4 13.0 41.953846
513.0 14.0 36.642857
502.2 14.0 35.87143
488.7 14.0 34.907143
498.15 14.0 35.58214
522.44995 14.0 37.317856
496.8 14.0 35.485714
515.69995 14.0 36.835712
473.84998 14.0 33.846428
511.65 14.0 36.54643
456.3 14.0 32.592857
542.7 14.0 38.764286
484.65002 14.0 34.61786
518.4 14.0 37.028572
507.59998 14.0 36.25714
525.15 14.0 37.510715
457.65 14.0 32.689285
486.0 14.0 34.714287
498.15 14.0 35.58214
494.1 14.0 35.29286
527.85 14.0 37.70357
475.19998 14.0 33.942856
487.35 14.0 34.810715
523.80005 14.0 37.414288
523.80005 14.0 37.414288
548.10004 14.0 39.15
518.4 14.0 37.028572
480.6 14.0 34.32857
476.55002 14.0 34.039288
508.95 14.0 36.353573
475.19998 14.0 33.942856
491.39996 14.0 35.1
573.75 14.0 40.982143
533.25 14.0 38.089287
502.2 14.0 35.87143
496.8 14.0 35.485714
480.6 14.0 34.32857
456.3 14.0 32.592857
469.80002 14.0 33.557144
445.5 14.0 31.821428
471.15002 14.0 33.653572
461.7 14.0 32.978573
445.50003 15.000001 29.7
529.2 15.000001 35.28
492.75 15.000001 32.85
511.65005 15.000001 34.11
481.95004 15.000001 32.13
523.8 15.000001 34.92
488.70007 15.000001 32.58
506.25003 15.000001 33.75
515.7001 15.000001 34.38
467.1 15.000001 31.14
475.20004 15.000001 31.68
510.30005 15.000001 34.02
456.30002 15.000001 30.42
445.50003 15.000001 29.7
519.75006 15.000001 34.65
494.1 15.000001 32.94
465.75003 15.000001 31.05
513.00006 15.000001 34.2
488.70007 15.000001 32.58
549.4501 15.000001 36.63
522.4501 15.000001 34.83
535.95 15.000001 35.73
529.2 15.000001 35.28
587.25006 15.000001 39.15
486.00006 15.000001 32.4
452.25003 15.000001 30.15
530.55 15.000001 35.37
491.4 15.000001 32.76
531.9 15.000001 35.46
434.7 15.000001 28.98
507.60004 15.000001 33.84
452.25003 15.000001 30.15
514.35004 15.000001 34.29
517.05005 15.000001 34.47
432.00003 15.000001 28.8
487.35007 15.000001 32.49
456.30002 15.000001 30.42
448.2 15.000001 29.88
507.60004 15.000001 33.84
550.80005 15.000001 36.72
483.30005 15.000001 32.22
506.25 16.0 31.640625
461.7 16.0 28.85625
456.3 16.0 28.51875
502.2 16.0 31.3875
436.05 16.0 27.253124
508.95 16.0 31.809376
515.7 16.0 32.23125
464.4 16.0 29.025
460.35 16.0 28.771875
508.95 16.0 31.809376
480.6 16.0 30.0375
492.75 16.0 30.796875
461.7 16.0 28.85625
583.2 16.0 36.45
457.65 16.0 28.603125
433.35 16.0 27.084375
495.45 16.0 30.965626
571.05 16.0 35.690624
517.05 16.0 32.315624
514.35 16.0 32.146873
518.4 16.0 32.4
573.75 16.0 35.859375
494.1 16.0 30.88125
476.55 16.0 29.784374
468.45 16.0 29.278126
479.25 16.0 29.953125
469.8 16.0 29.3625
477.9 16.0 29.86875
452.25 16.0 28.265625
464.4 16.0 29.025
491.4 16.0 30.7125
484.65 16.0 30.290625
449.55 16.0 28.096874
430.65 16.0 26.915625
461.7 16.0 28.85625
545.4 16.0 34.0875
487.35 16.0 30.459375
484.65 16.0 30.290625
529.2 16.0 33.075
498.15 16.0 31.134375
540.0 16.0 33.75
491.4 17.0 28.905882
488.7 17.0 28.747059
476.55 17.0 28.032352
487.34998 17.0 28.667646
504.90002 17.0 29.7
521.1 17.0 30.65294
529.2 17.0 31.129412
503.55 17.0 29.620588
502.19998 17.0 29.541176
503.55 17.0 29.620588
490.05002 17.0 28.826471
484.65 17.0 28.508823
513.0 17.0 30.17647
433.35 17.0 25.491177
515.7 17.0 30.335295
534.60004 17.0 31.44706
507.6 17.0 29.858824
503.55 17.0 29.620588
540.0 17.0 31.764706
484.65 17.0 28.508823
479.25 17.0 28.191177
515.7 17.0 30.335295
480.6 17.0 28.270588
495.44998 17.0 29.144117
444.15 17.0 26.12647
492.75 17.0 28.985294
441.45 17.0 25.967648
521.1 17.0 30.65294
504.90002 17.0 29.7
511.65 17.0 30.09706
527.85 17.0 31.05
514.35 17.0 30.255882
475.2 17.0 27.952942
488.7 17.0 28.747059
446.84998 17.0 26.285294
502.19998 17.0 29.541176
529.2 17.0 31.129412
446.84998 17.0 26.285294
527.85 17.0 31.05
511.65 17.0 30.09706
491.4 17.0 28.905882
442.80002 18.0 24.6
484.65 18.0 26.925
479.25 18.0 26.625
456.30002 18.0 25.35
511.65 18.0 28.425
531.89996 18.0 29.55
486.0 18.0 27.0
514.35004 18.0 28.575
440.1 18.0 24.45
521.10004 18.0 28.95
519.75 18.0 28.875
526.5 18.0 29.25
517.05 18.0 28.725
468.44998 18.0 26.025
444.15 18.0 24.675
450.9 18.0 25.05
477.9 18.0 26.55
541.35004 18.0 30.075
490.05002 18.0 27.225
450.9 18.0 25.05
554.85004 18.0 30.825
494.1 18.0 27.45
530.55 18.0 29.475
429.30002 18.0 23.85
491.4 18.0 27.3
486.0 18.0 27.0
480.6 18.0 26.7
467.1 18.0 25.95
480.6 18.0 26.7
535.95 18.0 29.775
457.65 18.0 25.425
534.60004 18.0 29.7
459.0 18.0 25.5
542.7 18.0 30.15
538.64996 18.0 29.925
499.5 18.0 27.75
476.55002 18.0 26.475
467.1 18.0 25.95
510.30002 18.0 28.35
502.19998 18.0 27.9
467.1 18.0 25.95
453.6 19.0 23.873684
487.35 19.0 25.65
479.25 19.0 25.223684
465.75003 19.0 24.513159
496.8 19.0 26.147367
486.0 19.0 25.578947
492.75 19.0 25.93421
483.3 19.0 25.436842
553.5 19.0 29.131578
472.5 19.0 24.868422
514.35 19.0 27.071053
484.65 19.0 25.507895
431.99997 19.0 22.736841
480.6 19.0 25.294737
487.35 19.0 25.65
429.3 19.0 22.594736
502.2 19.0 26.43158
477.9 19.0 25.152632
453.6 19.0 23.873684
513.0 19.0 27.0
498.15002 19.0 26.218422
517.05 19.0 27.213158
506.25 19.0 26.644737
460.34998 19.0 24.228947
495.44998 19.0 26.076315
460.34998 19.0 24.228947
553.5 19.0 29.131578
522.45 19.0 27.497368
488.69998 19.0 25.721052
500.85 19.0 26.360527
467.1 19.0 24.584211
515.7 19.0 27.142105
522.45 19.0 27.497368
473.85 19.0 24.939474
481.95 19.0 25.36579
472.5 19.0 24.868422
484.65 19.0 25.507895
514.35 19.0 27.071053
530.55 19.0 27.923685
518.4 19.0 27.28421
504.90002 19.0 26.573685
445.5 20.0 22.275
495.44998 20.0 24.7725
500.84998 20.0 25.0425
442.8 20.0 22.14
511.65002 20.0 25.5825
496.8 20.0 24.84
452.25 20.0 22.6125
511.65002 20.0 25.5825
498.15 20.0 24.9075
460.35 20.0 23.0175
473.84998 20.0 23.6925
469.8 20.0 23.49
472.5 20.0 23.625
511.65002 20.0 25.5825
511.65002 20.0 25.5825
468.45 20.0 23.4225
530.55 20.0 26.5275
461.69998 20.0 23.085
525.15 20.0 26.2575
491.4 20.0 24.57
521.1 20.0 26.055
515.7 20.0 25.785
480.6 20.0 24.03
530.55 20.0 26.5275
472.5 20.0 23.625
504.90002 20.0 25.245
487.35 20.0 24.3675
405.0 20.0 20.25
450.9 20.0 22.545
399.59998 20.0 19.98
450.9 20.0 22.545
487.35 20.0 24.3675
517.05005 20.0 25.8525
481.95 20.0 24.0975
442.8 20.0 22.14
496.8 20.0 24.84
496.8 20.0 24.84
530.55 20.0 26.5275
392.85 20.0 19.6425
490.05002 20.0 24.5025
525.15 20.0 26.2575
417.15002 21.0 19.864286
449.55 21.0 21.407143
464.40002 21.0 22.114286
460.35 21.0 21.921429
492.74997 21.0 23.464285
442.8 21.0 21.085714
486.0 21.0 23.142857
498.15 21.0 23.721428
531.9 21.0 25.328571
526.5 21.0 25.071428
446.85 21.0 21.278572
473.84998 21.0 22.564285
486.0 21.0 23.142857
499.50003 21.0 23.785715
423.90002 21.0 20.185715
503.55 21.0 23.97857
452.25003 21.0 21.535715
449.55 21.0 21.407143
450.9 21.0 21.471428
467.1 21.0 22.242857
483.30002 21.0 23.014286
531.9 21.0 25.328571
553.5 21.0 26.357143
425.25 21.0 20.25
459.0 21.0 21.857143
429.30002 21.0 20.442858
454.95 21.0 21.664286
515.7 21.0 24.557142
498.15 21.0 23.721428
517.05005 21.0 24.62143
461.69998 21.0 21.985714
498.15 21.0 23.721428
479.25 21.0 22.821428
446.85 21.0 21.278572
496.8 21.0 23.657143
484.65 21.0 23.078571
463.05 21.0 22.05
464.40002 21.0 22.114286
450.9 21.0 21.471428
487.35 21.0 23.207144
460.35 21.0 21.921429
484.65 22.0 22.029545
499.5 22.0 22.704546
496.8 22.0 22.581818
491.4 22.0 22.336363
476.55 22.0 21.661364
445.5 22.0 20.25
499.5 22.0 22.704546
504.90002 22.0 22.95
467.09998 22.0 21.231817
471.15 22.0 21.415909
465.75 22.0 21.170454
468.45 22.0 21.293182
486.00003 22.0 22.09091
492.75 22.0 22.397728
469.8 22.0 21.354546
427.94998 22.0 19.452272
459.0 22.0 20.863636
452.25 22.0 20.556818
445.5 22.0 20.25
453.59998 22.0 20.618181
413.1 22.0 18.777273
461.7 22.0 20.986364
442.80002 22.0 20.127274
483.3 22.0 21.968182
465.75 22.0 21.170454
460.34998 22.0 20.925
402.3 22.0 18.286364
475.2 22.0 21.6
440.1 22.0 20.004545
419.85 22.0 19.084091
448.19998 22.0 20.372726
479.24997 22.0 21.78409
454.95 22.0 20.679546
467.09998 22.0 21.231817
427.94998 22.0 19.452272
569.7 22.0 25.895454
452.25 22.0 20.556818
440.1 22.0 20.004545
464.4 22.0 21.10909
454.95 22.0 20.679546
499.5 22.0 22.704546
473.85 23.0 20.602175
441.44998 23.0 19.193478
502.2 23.0 21.834784
499.5 23.0 21.717392
427.95 23.0 18.606522
485.99997 23.0 21.130434
490.05002 23.0 21.306522
415.8 23.0 18.07826
436.05002 23.0 18.958696
411.75 23.0 17.902174
476.55 23.0 20.719564
530.55 23.0 23.06739
430.65 23.0 18.723913
487.35 23.0 21.18913
488.69998 23.0 21.247826
490.05002 23.0 21.306522
445.50003 23.0 19.369566
469.8 23.0 20.426086
442.80002 23.0 19.252174
469.8 23.0 20.426086
471.15002 23.0 20.484783
465.75 23.0 20.25
483.30002 23.0 21.013044
481.94998 23.0 20.954348
464.40002 23.0 20.191305
508.95 23.0 22.128262
494.1 23.0 21.482609
440.1 23.0 19.134783
453.6 23.0 19.721739
464.40002 23.0 20.191305
453.6 23.0 19.721739
436.05002 23.0 18.958696
429.3 23.0 18.665216
460.34998 23.0 20.015217
465.75 23.0 20.25
473.85 23.0 20.602175
457.65 23.0 19.897825
429.3 23.0 18.665216
450.9 23.0 19.604347
521.1 23.0 22.65652
430.65 23.0 18.723913
469.80002 24.0 19.575
407.69998 24.0 16.9875
407.69998 24.0 16.9875
480.59998 24.0 20.025
504.90002 24.0 21.0375
464.40002 24.0 19.35
432.0 24.0 18.0
448.19998 24.0 18.675
517.05005 24.0 21.54375
448.19998 24.0 18.675
527.85 24.0 21.99375
498.15002 24.0 20.75625
448.19998 24.0 18.675
423.90002 24.0 17.6625
444.15002 24.0 18.50625
395.55002 24.0 16.48125
480.59998 24.0 20.025
525.15 24.0 21.88125
461.69998 24.0 19.2375
426.59998 24.0 17.775
417.15002 24.0 17.38125
500.84998 24.0 20.86875
465.75 24.0 19.40625
459.0 24.0 19.125
465.75 24.0 19.40625
449.55002 24.0 18.73125
425.25 24.0 17.71875
492.75 24.0 20.53125
395.55002 24.0 16.48125
465.75 24.0 19.40625
383.40002 24.0 15.975
459.0 24.0 19.125
427.94998 24.0 17.83125
479.25 24.0 19.96875
503.55002 24.0 20.98125
465.75 24.0 19.40625
454.94998 24.0 18.95625
448.19998 24.0 18.675
476.55002 24.0 19.85625
434.69998 24.0 18.1125
444.15002 24.0 18.50625
446.85 25.0 17.874
476.55002 25.0 19.062
427.95 25.0 17.118
438.74997 25.0 17.55
452.25 25.0 18.09
484.65 25.0 19.386
457.65 25.0 18.306
449.55002 25.0 17.982
491.4 25.0 19.656
476.55002 25.0 19.062
477.9 25.0 19.116
454.95 25.0 18.198
441.45 25.0 17.658
442.8 25.0 17.712
480.60004 25.0 19.224
472.5 25.0 18.9
418.5 25.0 16.74
445.5 25.0 17.82
500.85 25.0 20.034
457.65 25.0 18.306
450.9 25.0 18.036
518.4 25.0 20.736
452.25 25.0 18.09
441.45 25.0 17.658
477.9 25.0 19.116
437.4 25.0 17.496
446.85 25.0 17.874
484.65 25.0 19.386
440.1 25.0 17.604
432.00003 25.0 17.28
459.0 25.0 18.36
441.45 25.0 17.658
492.74997 25.0 19.71
436.05 25.0 17.442
464.4 25.0 18.576
469.8 25.0 18.792
479.25 25.0 19.17
529.19995 25.0 21.168
437.4 25.0 17.496
457.65 25.0 18.306
446.85 25.0 17.874
479.24997 26.0 18.432692
442.8 26.0 17.03077
453.6 26.0 17.446154
417.15002 26.0 16.044231
432.0 26.0 16.615385
415.8 26.0 15.992308
467.10004 26.0 17.965385
444.15002 26.0 17.082693
449.55 26.0 17.290384
468.44998 26.0 18.017307
469.80002 26.0 18.069231
409.05002 26.0 15.732693
409.05002 26.0 15.732693
507.6 26.0 19.523077
453.6 26.0 17.446154
423.9 26.0 16.303846
437.4 26.0 16.823076
446.85 26.0 17.186539
480.6 26.0 18.484615
422.55 26.0 16.251923
454.95 26.0 17.498077
445.5 26.0 17.134615
437.4 26.0 16.823076
413.09998 26.0 15.888461
432.0 26.0 16.615385
453.6 26.0 17.446154
399.6 26.0 15.369231
508.95 26.0 19.575
448.2 26.0 17.238462
417.15002 26.0 16.044231
519.75 26.0 19.990385
438.75 26.0 16.875
403.65 26.0 15.525
486.00003 26.0 18.692308
464.4 26.0 17.861538
475.19998 26.0 18.276922
486.00003 26.0 18.692308
442.8 26.0 17.03077
438.75 26.0 16.875
486.00003 26.0 18.692308
441.44998 26.0 16.978846
449.55002 27.000002 16.65
445.50003 27.000002 16.5
473.85 27.000002 17.55
483.30002 27.000002 17.9
498.15005 27.000002 18.45
456.30002 27.000002 16.9
483.30002 27.000002 17.9
459.00003 27.000002 17.0
444.15005 27.000002 16.45
425.25003 27.000002 15.75
437.40005 27.000002 16.2
444.15005 27.000002 16.45
450.90005 27.000002 16.7
475.20004 27.000002 17.6
394.20004 27.000002 14.6
484.65005 27.000002 17.95
461.70004 27.000002 17.1
415.80002 27.000002 15.4
415.80002 27.000002 15.4
429.30002 27.000002 15.9
400.95004 27.000002 14.85
475.20004 27.000002 17.6
507.6 27.000002 18.8
523.80005 27.000002 19.4
418.50003 27.000002 15.5
429.30002 27.000002 15.9
423.90002 27.000002 15.7
483.30002 27.000002 17.9
457.65005 27.000002 16.95
449.55002 27.000002 16.65
378.00003 27.000002 14.0
448.20004 27.000002 16.6
452.25003 27.000002 16.75
460.35 27.000002 17.05
456.30002 27.000002 16.9
438.75003 27.000002 16.25
440.1 27.000002 16.3
430.65002 27.000002 15.95
433.35 27.000002 16.05
414.45004 27.000002 15.35
468.45004 27.000002 17.35
418.5 28.0 14.946428
446.84998 28.0 15.958928
459.0 28.0 16.392857
429.3 28.0 15.332143
471.15002 28.0 16.826786
426.59998 28.0 15.235714
414.44998 28.0 14.801785
430.65 28.0 15.380357
484.65002 28.0 17.30893
427.95 28.0 15.283929
427.95 28.0 15.283929
427.95 28.0 15.283929
502.2 28.0 17.935715
438.75 28.0 15.669642
452.24997 28.0 16.151785
430.65 28.0 15.380357
461.7 28.0 16.489286
440.1 28.0 15.717857
456.3 28.0 16.296429
464.4 28.0 16.585714
445.5 28.0 15.910714
479.25 28.0 17.116072
425.25 28.0 15.1875
448.2 28.0 16.007143
448.2 28.0 16.007143
446.84998 28.0 15.958928
486.0 28.0 17.357143
441.45 28.0 15.766071
444.15 28.0 15.8625
448.2 28.0 16.007143
422.55 28.0 15.091071
457.65 28.0 16.344643
413.1 28.0 14.7535715
461.7 28.0 16.489286
469.80002 28.0 16.778572
418.5 28.0 14.946428
448.2 28.0 16.007143
433.35 28.0 15.476786
390.15 28.0 13.9339285
448.2 28.0 16.007143
454.95 28.0 16.248215
464.40002 29.0 16.013794
452.25 29.0 15.594828
429.30002 29.0 14.803449
387.45 29.0 13.360345
460.35 29.0 15.874138
480.6 29.0 16.572414
438.75 29.0 15.129311
395.55 29.0 13.639655
442.80002 29.0 15.268966
438.75 29.0 15.129311
508.94998 29.0 17.55
442.80002 29.0 15.268966
475.2 29.0 16.386208
421.19998 29.0 14.5241375
388.8 29.0 13.406897
429.30002 29.0 14.803449
445.5 29.0 15.362069
442.80002 29.0 15.268966
459.0 29.0 15.827586
475.2 29.0 16.386208
436.05002 29.0 15.036207
418.5 29.0 14.431034
387.45 29.0 13.360345
415.8 29.0 14.337931
437.4 29.0 15.082759
398.25 29.0 13.7327585
471.15 29.0 16.246552
430.65002 29.0 14.85
436.05002 29.0 15.036207
483.30002 29.0 16.665518
472.50003 29.0 16.293104
468.44998 29.0 16.153448
444.15 29.0 15.315517
429.30002 29.0 14.803449
486.0 29.0 16.758621
465.75 29.0 16.060345
454.95 29.0 15.687931
465.75 29.0 16.060345
449.55 29.0 15.501724
433.35 29.0 14.943104
390.15 29.0 13.453448
434.7 30.000002 14.49
427.95004 30.000002 14.265
422.55002 30.000002 14.085
427.95004 30.000002 14.265
387.45 30.000002 12.915
459.00003 30.000002 15.3
438.75003 30.000002 14.625
399.6 30.000002 13.32
430.65002 30.000002 14.355
391.50003 30.000002 13.05
438.75003 30.000002 14.625
446.85004 30.000002 14.895
403.65002 30.000002 13.455
398.25 30.000002 13.275
423.90002 30.000002 14.13
422.55002 30.000002 14.085
448.2 30.000002 14.94
453.60004 30.000002 15.12
463.05005 30.000002 15.435
411.75003 30.000002 13.725
406.35004 30.000002 13.545
464.40002 30.000002 15.48
399.6 30.000002 13.32
399.6 30.000002 13.32
432.00003 30.000002 14.4
415.80002 30.000002 13.86
419.85004 30.000002 13.995
421.2 30.000002 14.04
444.15002 30.000002 14.805
406.35004 30.000002 13.545
411.75003 30.000002 13.725
450.90002 30.000002 15.03
387.45 30.000002 12.915
434.7 30.000002 14.49
438.75003 30.000002 14.625
425.25003 30.000002 14.175
448.2 30.000002 14.94
453.60004 30.000002 15.12
421.2 30.000002 14.04
421.2 30.000002 14.04
444.15002 30.000002 14.805
438.75 31.0 14.153226
454.94998 31.0 14.675806
379.35 31.0 12.237097
444.15 31.0 14.327419
442.8 31.0 14.283871
398.25 31.0 12.846774
427.95 31.0 13.804839
414.45 31.0 13.369355
432.0 31.0 13.935484
406.35 31.0 13.108065
438.75 31.0 14.153226
395.55002 31.0 12.759678
355.05002 31.0 11.453226
445.5 31.0 14.370968
398.25 31.0 12.846774
457.65 31.0 14.762903
403.65 31.0 13.0209675
406.35 31.0 13.108065
398.25 31.0 12.846774
427.95 31.0 13.804839
433.35 31.0 13.9790325
418.5 31.0 13.5
491.4 31.0 15.851613
452.25 31.0 14.58871
398.25 31.0 12.846774
457.65 31.0 14.762903
409.05 31.0 13.195161
476.55 31.0 15.372581
436.05 31.0 14.066129
413.1 31.0 13.325807
398.25 31.0 12.846774
426.6 31.0 13.761291
442.8 31.0 14.283871
427.95 31.0 13.804839
371.25 31.0 11.975806
430.65 31.0 13.891935
423.9 31.0 13.674193
405.0 31.0 13.064516
452.25 31.0 14.58871
414.45 31.0 13.369355
452.25 31.0 14.58871
448.2 32.0 14.00625
352.35 32.0 11.010938
426.6 32.0 13.33125
378.0 32.0 11.8125
452.25 32.0 14.1328125
417.15 32.0 13.035937
472.5 32.0 14.765625
434.7 32.0 13.584375
399.6 32.0 12.4875
438.75 32.0 13.7109375
406.35 32.0 12.698438
419.85 32.0 13.120313
414.45 32.0 12.951563
423.9 32.0 13.246875
383.4 32.0 11.98125
452.25 32.0 14.1328125
445.5 32.0 13.921875
382.05 32.0 11.939062
411.75 32.0 12.8671875
421.2 32.0 13.1625
409.05 32.0 12.782812
456.3 32.0 14.259375
390.15 32.0 12.192187
446.85 32.0 13.964063
415.8 32.0 12.99375
434.7 32.0 13.584375
402.3 32.0 12.571875
414.45 32.0 12.951563
449.55 32.0 14.048437
418.5 32.0 13.078125
437.4 32.0 13.66875
486.0 32.0 15.1875
425.25 32.0 13.2890625
382.05 32.0 11.939062
376.65 32.0 11.770312
396.9 32.0 12.403125
403.65 32.0 12.614062
409.05 32.0 12.782812
438.75 32.0 13.7109375
406.35 32.0 12.698438
399.6 32.0 12.4875
411.75 33.0 12.477273
440.1 33.0 13.336364
465.75 33.0 14.113636
441.44998 33.0 13.377273
422.55 33.0 12.804545
432.0 33.0 13.090909
418.5 33.0 12.681818
407.7 33.0 12.354546
387.44998 33.0 11.740909
414.44998 33.0 12.559091
395.55 33.0 11.986363
414.44998 33.0 12.559091
384.75 33.0 11.659091
391.5 33.0 11.863636
398.25 33.0 12.068182
386.1 33.0 11.7
437.4 33.0 13.254545
414.44998 33.0 12.559091
383.40002 33.0 11.618182
409.05 33.0 12.395454
456.3 33.0 13.827272
391.5 33.0 11.863636
392.85 33.0 11.904546
371.25 33.0 11.25
436.05 33.0 13.213636
413.1 33.0 12.518182
427.94998 33.0 12.968182
409.05 33.0 12.395454
446.84998 33.0 13.540909
398.25 33.0 12.068182
444.15002 33.0 13.459091
417.15 33.0 12.640909
406.35 33.0 12.313637
442.8 33.0 13.418181
437.4 33.0 13.254545
417.15 33.0 12.640909
476.55002 33.0 14.440909
425.25 33.0 12.886364
430.65 33.0 13.05
438.75 33.0 13.295455
432.0 33.0 13.090909
373.95 34.0 10.998529
400.95 34.0 11.792647
427.94998 34.0 12.586764
427.94998 34.0 12.586764
409.05 34.0 12.030882
429.3 34.0 12.626471
417.15 34.0 12.269117
409.05 34.0 12.030882
406.35 34.0 11.95147
402.3 34.0 11.832353
405.0 34.0 11.911765
432.0 34.0 12.705882
425.25 34.0 12.507353
442.8 34.0 13.023529
398.25 34.0 11.713235
392.85 34.0 11.554412
475.2 34.0 13.976471
384.75 34.0 11.316176
413.09998 34.0 12.15
407.7 34.0 11.991177
444.15 34.0 13.063235
384.75 34.0 11.316176
437.4 34.0 12.864706
444.15 34.0 13.063235
373.95 34.0 10.998529
453.59998 34.0 13.341176
403.65 34.0 11.872059
417.15 34.0 12.269117
415.80002 34.0 12.229412
413.09998 34.0 12.15
407.7 34.0 11.991177
427.94998 34.0 12.586764
432.0 34.0 12.705882
409.05 34.0 12.030882
414.45 34.0 12.189706
409.05 34.0 12.030882
394.2 34.0 11.594118
402.3 34.0 11.832353
413.09998 34.0 12.15
407.7 34.0 11.991177
396.9 34.0 11.67353
390.15 35.0 11.147142
390.15 35.0 11.147142
359.1 35.0 10.26
473.85 35.0 13.538571
411.75 35.0 11.764286
378.0 35.0 10.8
415.80002 35.0 11.88
414.45 35.0 11.841429
409.05002 35.0 11.687143
373.95 35.0 10.684286
391.5 35.0 11.185715
383.4 35.0 10.954286
386.1 35.0 11.031428
425.25 35.0 12.15
427.95 35.0 12.227143
349.65 35.0 9.99
407.69998 35.0 11.648571
407.69998 35.0 11.648571
369.9 35.0 10.568571
454.95 35.0 12.998571
430.65002 35.0 12.304286
359.1 35.0 10.26
418.5 35.0 11.957143
415.80002 35.0 11.88
382.05 35.0 10.915714
357.75 35.0 10.221429
394.2 35.0 11.262857
373.95 35.0 10.684286
403.65 35.0 11.532857
379.35 35.0 10.838572
434.7 35.0 12.42
379.35 35.0 10.838572
352.34998 35.0 10.0671425
411.75 35.0 11.764286
405.0 35.0 11.571428
371.25 35.0 10.607142
433.35 35.0 12.381429
391.5 35.0 11.185715
386.1 35.0 11.031428
430.65002 35.0 12.304286
432.0 35.0 12.342857
410.4 36.0 11.4
390.15 36.0 10.8375
367.19998 36.0 10.2
425.25 36.0 11.8125
417.15 36.0 11.5875
386.1 36.0 10.725
400.94998 36.0 11.1375
399.6 36.0 11.1
342.9 36.0 9.525
376.65 36.0 10.4625
406.35 36.0 11.2875
422.55002 36.0 11.7375
369.9 36.0 10.275
376.65 36.0 10.4625
437.4 36.0 12.15
382.05002 36.0 10.6125
365.85 36.0 10.1625
379.35 36.0 10.5375
367.19998 36.0 10.2
367.19998 36.0 10.2
400.94998 36.0 11.1375
415.80002 36.0 11.55
384.75 36.0 10.6875
338.85 36.0 9.4125
436.05002 36.0 12.1125
395.55002 36.0 10.9875
383.4 36.0 10.65
387.44998 36.0 10.7625
379.35 36.0 10.5375
386.1 36.0 10.725
427.94998 36.0 11.8875
359.1 36.0 9.975
387.44998 36.0 10.7625
392.85 36.0 10.9125
396.9 36.0 11.025
392.85 36.0 10.9125
359.1 36.0 9.975
387.44998 36.0 10.7625
409.05002 36.0 11.3625
368.55002 36.0 10.2375
344.25 36.0 9.5625
390.15 37.0 10.544595
322.65 37.0 8.72027
437.40002 37.0 11.821622
396.9 37.0 10.727027
384.75 37.0 10.398648
406.35 37.0 10.982432
410.40002 37.0 11.091892
373.95 37.0 10.106757
369.9 37.0 9.997297
441.44998 37.0 11.931081
334.80002 37.0 9.048649
395.55 37.0 10.69054
410.40002 37.0 11.091892
433.35 37.0 11.712162
387.44998 37.0 10.4716215
406.35 37.0 10.982432
411.74997 37.0 11.128378
411.74997 37.0 11.128378
405.0 37.0 10.945946
417.15 37.0 11.274324
403.65 37.0 10.909459
410.40002 37.0 11.091892
400.95 37.0 10.836487
436.05002 37.0 11.785135
400.95 37.0 10.836487
357.75 37.0 9.668919
334.80002 37.0 9.048649
399.6 37.0 10.8
415.8 37.0 11.237838
423.9 37.0 11.456757
432.0 37.0 11.675675
380.7 37.0 10.289189
368.55 37.0 9.960811
382.05002 37.0 10.325676
410.40002 37.0 11.091892
386.09998 37.0 10.435135
405.0 37.0 10.945946
375.3 37.0 10.143243
375.3 37.0 10.143243
405.0 37.0 10.945946
392.85 37.0 10.617568
364.5 38.0 9.592105
380.7 38.0 10.018421
388.8 38.0 10.231579
351.0 38.0 9.236842
390.15 38.0 10.267105
395.55 38.0 10.40921
361.8 38.0 9.521052
384.75 38.0 10.125
324.0 38.0 8.526316
402.30002 38.0 10.586843
441.45 38.0 11.6171055
407.7 38.0 10.728948
380.7 38.0 10.018421
419.85 38.0 11.048684
390.15 38.0 10.267105
367.19998 38.0 9.663157
342.90002 38.0 9.0236845
384.75 38.0 10.125
351.0 38.0 9.236842
384.75 38.0 10.125
418.5 38.0 11.013158
399.59998 38.0 10.515789
367.19998 38.0 9.663157
365.84998 38.0 9.627631
379.35 38.0 9.982895
382.05 38.0 10.053947
376.65002 38.0 9.911842
413.1 38.0 10.871053
406.35 38.0 10.693421
356.4 38.0 9.378947
365.84998 38.0 9.627631
405.0 38.0 10.657895
425.25 38.0 11.190789
342.90002 38.0 9.0236845
422.55 38.0 11.119737
380.7 38.0 10.018421
359.1 38.0 9.45
379.35 38.0 9.982895
383.4 38.0 10.089474
452.25 38.0 11.901316
352.35 38.0 9.272368
389.2991 39.0 9.982028
386.5956 39.0 9.912708
354.15402 39.0 9.080873
401.4647 39.0 10.293966
354.15402 39.0 9.080873
366.3196 39.0 9.392811
419.03723 39.0 10.744544
348.74713 39.0 8.942234
428.49933 39.0 10.987163
409.5751 39.0 10.501925
435.25803 39.0 11.160462
364.9679 39.0 9.358151
398.76123 39.0 10.224647
358.20926 39.0 9.184853
423.09244 39.0 10.848524
373.0783 39.0 9.566111
389.2991 39.0 9.982028
346.04367 39.0 8.872914
414.98203 39.0 10.640565
360.91272 39.0 9.254172
375.78177 39.0 9.63543
396.05777 39.0 10.155328
363.61618 39.0 9.323492
373.0783 39.0 9.566111
386.5956 39.0 9.912708
377.13348 39.0 9.67009
359.56097 39.0 9.219512
414.98203 39.0 10.640565
352.8023 39.0 9.046213
394.70602 39.0 10.120667
360.91272 39.0 9.254172
402.81644 39.0 10.328627
344.6919 39.0 8.838254
390.65085 39.0 10.016688
381.18872 39.0 9.77407
406.8716 39.0 10.432606
377.13348 39.0 9.67009
394.70602 39.0 10.120667
412.27856 39.0 10.571245
341.98843 39.0 8.768934
328.47113 39.0 8.422337
433.34998 40.0 10.83375
364.5 40.0 9.1125
399.59998 40.0 9.99
387.44998 40.0 9.68625
379.35 40.0 9.48375
403.65002 40.0 10.09125
364.5 40.0 9.1125
365.84998 40.0 9.14625
391.5 40.0 9.7875
375.3 40.0 9.3825
334.8 40.0 8.37
399.59998 40.0 9.99
391.5 40.0 9.7875
399.59998 40.0 9.99
372.59998 40.0 9.315
415.80002 40.0 10.395
403.65002 40.0 10.09125
356.4 40.0 8.91
418.5 40.0 10.4625
368.55 40.0 9.21375
338.84998 40.0 8.47125
364.5 40.0 9.1125
406.34998 40.0 10.15875
369.90002 40.0 9.2475
373.95 40.0 9.34875
376.65002 40.0 9.41625
341.55 40.0 8.53875
361.8 40.0 9.045
383.4 40.0 9.585
382.05002 40.0 9.55125
413.1 40.0 10.3275
379.35 40.0 9.48375
367.2 40.0 9.18
373.95 40.0 9.34875
391.5 40.0 9.7875
402.3 40.0 10.0575
387.44998 40.0 9.68625
368.55 40.0 9.21375
379.35 40.0 9.48375
361.8 40.0 9.045
384.75 40.0 9.61875
390.15002 41.0 9.515854
367.2 41.0 8.956098
359.09998 41.0 8.758536
356.40002 41.0 8.692683
422.55002 41.0 10.306098
379.35 41.0 9.2524395
368.55 41.0 8.989024
368.55 41.0 8.989024
407.69998 41.0 9.943902
372.6 41.0 9.087805
352.35 41.0 8.593903
360.45 41.0 8.791464
382.05 41.0 9.318293
355.05 41.0 8.659756
348.3 41.0 8.495122
375.30002 41.0 9.153659
367.2 41.0 8.956098
388.8 41.0 9.482926
409.05002 41.0 9.97683
450.9 41.0 10.9975605
351.00003 41.0 8.560976
365.85 41.0 8.923171
342.9 41.0 8.363415
360.45 41.0 8.791464
387.44998 41.0 9.45
371.25 41.0 9.054878
369.90002 41.0 9.021952
344.25 41.0 8.396341
345.59998 41.0 8.429268
325.35 41.0 7.9353657
348.3 41.0 8.495122
382.05 41.0 9.318293
403.65002 41.0 9.845122
391.5 41.0 9.54878
360.45 41.0 8.791464
360.45 41.0 8.791464
342.9 41.0 8.363415
346.95 41.0 8.462195
352.35 41.0 8.593903
351.00003 41.0 8.560976
348.3 41.0 8.495122
399.6 42.0 9.514286
365.85 42.0 8.710714
378.0 42.0 9.0
345.6 42.0 8.228572
403.65 42.0 9.610714
386.09998 42.0 9.192857
359.1 42.0 8.55
359.1 42.0 8.55
365.85 42.0 8.710714
373.94998 42.0 8.903571
357.75003 42.0 8.517858
342.9 42.0 8.164286
378.0 42.0 9.0
394.2 42.0 9.385715
383.4 42.0 9.1285715
387.45 42.0 9.225
365.85 42.0 8.710714
373.94998 42.0 8.903571
352.35 42.0 8.389286
364.5 42.0 8.678572
425.25 42.0 10.125
382.05002 42.0 9.096429
371.25 42.0 8.839286
390.15 42.0 9.289286
368.55 42.0 8.775
332.09998 42.0 7.9071426
356.4 42.0 8.485714
345.6 42.0 8.228572
368.55 42.0 8.775
330.75 42.0 7.875
383.4 42.0 9.1285715
375.30002 42.0 8.935715
409.05 42.0 9.739285
338.84998 42.0 8.067857
322.65 42.0 7.6821427
355.05 42.0 8.453571
341.55002 42.0 8.132143
336.15 42.0 8.0035715
379.34998 42.0 9.032143
342.9 42.0 8.164286
356.4 42.0 8.485714
394.2 43.0 9.167442
348.30002 43.0 8.1
369.9 43.0 8.602325
345.6 43.0 8.0372095
396.9 43.0 9.230232
357.74997 43.0 8.319767
375.30002 43.0 8.727907
371.25003 43.0 8.633721
365.85 43.0 8.50814
363.15 43.0 8.445349
365.85 43.0 8.50814
363.15 43.0 8.445349
328.05 43.0 7.62907
349.65 43.0 8.131395
364.50003 43.0 8.476745
350.99997 43.0 8.16279
334.8 43.0 7.7860465
357.74997 43.0 8.319767
311.85 43.0 7.2523255
390.15 43.0 9.073256
378.00003 43.0 8.790698
383.4 43.0 8.916279
367.19998 43.0 8.539535
353.69998 43.0 8.225581
345.6 43.0 8.0372095
373.94998 43.0 8.696511
355.05002 43.0 8.256977
405.0 43.0 9.418605
400.95 43.0 9.324419
378.00003 43.0 8.790698
367.19998 43.0 8.539535
344.25 43.0 8.005814
379.35 43.0 8.822093
356.4 43.0 8.288372
340.19998 43.0 7.911628
318.6 43.0 7.409302
350.99997 43.0 8.16279
307.80002 43.0 7.1581397
372.6 43.0 8.665116
340.19998 43.0 7.911628
353.69998 43.0 8.225581
365.85 44.0 8.314773
349.65 44.0 7.946591
367.19998 44.0 8.345454
322.65 44.0 7.3329544
360.44998 44.0 8.192045
352.35 44.0 8.007955
348.30002 44.0 7.9159093
402.3 44.0 9.143182
380.7 44.0 8.652273
355.05 44.0 8.069318
357.75 44.0 8.130682
376.65 44.0 8.560227
375.30002 44.0 8.529546
332.1 44.0 7.547727
364.5 44.0 8.284091
336.15 44.0 7.639773
364.5 44.0 8.284091
344.25 44.0 7.8238635
363.15002 44.0 8.253409
353.69998 44.0 8.038636
369.90002 44.0 8.406818
349.65 44.0 7.946591
318.6 44.0 7.240909
382.05002 44.0 8.682955
319.94998 44.0 7.2715907
383.4 44.0 8.713636
376.65 44.0 8.560227
361.8 44.0 8.222727
353.69998 44.0 8.038636
352.35 44.0 8.007955
332.1 44.0 7.547727
352.35 44.0 8.007955
345.6 44.0 7.8545456
371.25 44.0 8.4375
328.05 44.0 7.455682
367.19998 44.0 8.345454
384.75 44.0 8.744318
330.75 44.0 7.5170455
332.1 44.0 7.547727
363.15002 44.0 8.253409
330.75 44.0 7.5170455
344.25 45.0 7.65
364.50003 45.0 8.1
337.5 45.0 7.5
379.35 45.0 8.43
359.1 45.0 7.98
367.19998 45.0 8.16
363.15 45.0 8.07
333.44998 45.0 7.41
363.15 45.0 8.07
352.35 45.0 7.83
359.1 45.0 7.98
384.75 45.0 8.55
329.4 45.0 7.32
346.95 45.0 7.71
352.35 45.0 7.83
344.25 45.0 7.65
333.44998 45.0 7.41
348.3 45.0 7.74
382.05 45.0 8.49
324.0 45.0 7.2
341.55002 45.0 7.59
313.2 45.0 6.96
318.6 45.0 7.08
359.1 45.0 7.98
364.50003 45.0 8.1
329.4 45.0 7.32
309.15 45.0 6.87
324.0 45.0 7.2
353.7 45.0 7.86
375.30002 45.0 8.34
368.55 45.0 8.19
333.44998 45.0 7.41
317.25 45.0 7.05
307.80002 45.0 6.84
380.7 45.0 8.46
371.25 45.0 8.25
365.85 45.0 8.13
330.75 45.0 7.35
360.45 45.0 8.01
367.19998 45.0 8.16
357.75 45.0 7.95
355.05 46.0 7.718478
318.6 46.0 6.926087
352.34998 46.0 7.6597824
297.0 46.0 6.4565215
330.75 46.0 7.1902175
328.05 46.0 7.1315217
363.15 46.0 7.894565
348.3 46.0 7.571739
360.45 46.0 7.83587
355.05 46.0 7.718478
352.34998 46.0 7.6597824
334.8 46.0 7.2782607
333.44998 46.0 7.248913
357.75 46.0 7.777174
297.0 46.0 6.4565215
394.19998 46.0 8.569565
337.5 46.0 7.3369565
309.15 46.0 6.720652
372.6 46.0 8.1
355.05 46.0 7.718478
340.2 46.0 7.3956523
318.6 46.0 6.926087
338.85 46.0 7.3663044
330.75 46.0 7.1902175
332.1 46.0 7.2195654
375.3 46.0 8.158695
346.95 46.0 7.5423913
330.75 46.0 7.1902175
378.0 46.0 8.217391
351.0 46.0 7.630435
340.2 46.0 7.3956523
338.85 46.0 7.3663044
341.55002 46.0 7.425
317.25 46.0 6.896739
368.55 46.0 8.011956
341.55002 46.0 7.425
369.90002 46.0 8.041305
357.75 46.0 7.777174
355.05 46.0 7.718478
326.69998 46.0 7.102174
310.5 46.0 6.75
383.4 47.0 8.157447
349.65 47.0 7.4393616
352.35 47.0 7.4968085
367.2 47.0 7.812766
334.8 47.0 7.123404
322.65 47.0 6.8648934
340.2 47.0 7.238298
369.9 47.0 7.8702126
371.25 47.0 7.8989363
346.95 47.0 7.381915
353.69998 47.0 7.525532
321.3 47.0 6.83617
313.2 47.0 6.66383
322.65 47.0 6.8648934
307.80002 47.0 6.5489364
294.3 47.0 6.261702
338.85 47.0 7.2095747
313.2 47.0 6.66383
298.35 47.0 6.3478723
332.1 47.0 7.0659575
348.3 47.0 7.4106383
334.8 47.0 7.123404
352.35 47.0 7.4968085
352.35 47.0 7.4968085
330.75 47.0 7.037234
365.84998 47.0 7.7840424
344.25 47.0 7.324468
307.80002 47.0 6.5489364
334.8 47.0 7.123404
322.65 47.0 6.8648934
325.35 47.0 6.9223404
333.45 47.0 7.094681
355.05002 47.0 7.5542555
342.90002 47.0 7.295745
341.55 47.0 7.267021
329.4 47.0 7.0085106
344.25 47.0 7.324468
365.84998 47.0 7.7840424
311.85 47.0 6.6351066
338.85 47.0 7.2095747
334.8 47.0 7.123404
321.3 48.0 6.69375
303.75 48.0 6.328125
341.55 48.0 7.115625
360.45 48.0 7.509375
319.95 48.0 6.665625
371.25 48.0 7.734375
324.0 48.0 6.75
334.8 48.0 6.975
326.7 48.0 6.80625
349.65002 48.0 7.284375
330.75 48.0 6.890625
328.05 48.0 6.834375
329.40002 48.0 6.8625
338.84998 48.0 7.059375
348.3 48.0 7.25625
348.3 48.0 7.25625
345.59998 48.0 7.2
348.3 48.0 7.25625
369.90002 48.0 7.70625
318.59998 48.0 6.6375
344.25 48.0 7.171875
351.0 48.0 7.3125
322.65002 48.0 6.721875
301.05 48.0 6.271875
303.75 48.0 6.328125
291.59998 48.0 6.075
326.7 48.0 6.80625
326.7 48.0 6.80625
329.40002 48.0 6.8625
342.90002 48.0 7.14375
307.8 48.0 6.4125
290.25 48.0 6.046875
376.65002 48.0 7.846875
328.05 48.0 6.834375
313.2 48.0 6.525
314.55 48.0 6.553125
328.05 48.0 6.834375
328.05 48.0 6.834375
355.05 48.0 7.396875
317.25 48.0 6.609375
359.09998 48.0 7.48125
322.65 49.0 6.584694
324.0 49.0 6.612245
344.25 49.0 7.0255103
329.4 49.0 6.722449
325.35 49.0 6.639796
338.85 49.0 6.915306
356.4 49.0 7.2734694
310.5 49.0 6.336735
310.5 49.0 6.336735
315.90002 49.0 6.446939
336.15 49.0 6.860204
315.90002 49.0 6.446939
346.95 49.0 7.080612
340.2 49.0 6.9428573
321.3 49.0 6.5571427
341.55 49.0 6.970408
321.3 49.0 6.5571427
317.25 49.0 6.4744897
299.69998 49.0 6.1163263
313.19998 49.0 6.3918366
348.30002 49.0 7.1081634
375.3 49.0 7.6591835
313.19998 49.0 6.3918366
328.05002 49.0 6.694898
317.25 49.0 6.4744897
332.1 49.0 6.777551
332.1 49.0 6.777551
314.55 49.0 6.419388
315.90002 49.0 6.446939
337.5 49.0 6.887755
332.1 49.0 6.777551
341.55 49.0 6.970408
348.30002 49.0 7.1081634
306.45 49.0 6.2540817
280.8 49.0 5.7306123
361.80002 49.0 7.3836737
302.4 49.0 6.1714287
318.6 49.0 6.502041
333.44998 49.0 6.805102
334.8 49.0 6.832653
274.05002 49.0 5.5928574
311.85 50.0 6.237
346.95 50.0 6.939
338.85 50.0 6.777
329.4 50.0 6.588
330.75 50.0 6.615
349.65 50.0 6.993
310.5 50.0 6.21
334.80002 50.0 6.696
369.9 50.0 7.398
309.15 50.0 6.183
298.35 50.0 5.967
345.6 50.0 6.912
313.2 50.0 6.264
291.59998 50.0 5.832
290.25 50.0 5.805
318.6 50.0 6.372
330.75 50.0 6.615
317.25 50.0 6.345
299.7 50.0 5.994
294.30002 50.0 5.886
307.80002 50.0 6.156
307.80002 50.0 6.156
297.0 50.0 5.94
352.35 50.0 7.047
321.30002 50.0 6.426
292.95 50.0 5.859
329.4 50.0 6.588
324.0 50.0 6.48
349.65 50.0 6.993
352.35 50.0 7.047
302.4 50.0 6.048
338.85 50.0 6.777
313.2 50.0 6.264
291.59998 50.0 5.832
324.0 50.0 6.48
337.5 50.0 6.75
290.25 50.0 5.805
317.25 50.0 6.345
286.2 50.0 5.724
338.85 50.0 6.777
326.69998 50.0 6.534
334.8 51.0 6.564706
313.2 51.0 6.1411767
310.5 51.0 6.0882354
303.75 51.0 5.9558825
333.44998 51.0 6.538235
271.35 51.0 5.320588
333.44998 51.0 6.538235
332.09998 51.0 6.5117645
329.4 51.0 6.4588237
310.5 51.0 6.0882354
325.35 51.0 6.3794117
290.25 51.0 5.6911764
329.4 51.0 6.4588237
294.30002 51.0 5.7705884
291.6 51.0 5.717647
298.35 51.0 5.85
325.35 51.0 6.3794117
340.19998 51.0 6.670588
292.95 51.0 5.7441177
340.19998 51.0 6.670588
348.30002 51.0 6.829412
288.9 51.0 5.6647058
305.09998 51.0 5.9823527
294.30002 51.0 5.7705884
303.75 51.0 5.9558825
328.05002 51.0 6.432353
333.44998 51.0 6.538235
309.15 51.0 6.0617647
295.65002 51.0 5.797059
352.35 51.0 6.9088235
345.6 51.0 6.7764707
302.4 51.0 5.929412
332.09998 51.0 6.5117645
330.75 51.0 6.4852943
303.75 51.0 5.9558825
303.75 51.0 5.9558825
324.0 51.0 6.352941
342.9 51.0 6.7235293
309.15 51.0 6.0617647
322.65 51.0 6.3264704
317.25 51.0 6.220588
318.6 52.0 6.126923
344.25 52.0 6.6201925
290.25 52.0 5.581731
328.05 52.0 6.308654
341.55 52.0 6.5682693
305.1 52.0 5.8673077
298.35 52.0 5.7375
257.85 52.0 4.958654
290.25 52.0 5.581731
330.75 52.0 6.360577
295.65 52.0 5.685577
317.25 52.0 6.1009617
280.80002 52.0 5.4
287.55 52.0 5.5298076
299.7 52.0 5.7634616
311.85 52.0 5.9971156
271.35 52.0 5.2182693
310.5 52.0 5.9711537
306.44998 52.0 5.893269
311.85 52.0 5.9971156
268.65 52.0 5.166346
318.6 52.0 6.126923
337.5 52.0 6.4903846
272.7 52.0 5.2442307
270.0 52.0 5.1923075
361.8 52.0 6.957692
295.65 52.0 5.685577
330.75 52.0 6.360577
336.15 52.0 6.464423
325.34998 52.0 6.2567306
318.6 52.0 6.126923
283.5 52.0 5.451923
311.85 52.0 5.9971156
329.4 52.0 6.334615
318.6 52.0 6.126923
322.65 52.0 6.2048078
319.94998 52.0 6.1528845
286.2 52.0 5.503846
274.05 52.0 5.270192
322.65 52.0 6.2048078
315.9 52.0 6.075
327.00845 52.999996 6.1699715
301.33426 52.999996 5.6855526
294.57788 52.999996 5.5580735
293.22662 52.999996 5.532578
293.22662 52.999996 5.532578
316.19827 52.999996 5.966006
286.4702 52.999996 5.405099
309.4419 52.999996 5.8385267
289.17276 52.999996 5.4560905
325.6572 52.999996 6.144476
308.09064 52.999996 5.813031
268.90366 52.999996 5.073654
297.28043 52.999996 5.609065
312.14444 52.999996 5.8895183
266.2011 52.999996 5.022663
322.95465 52.999996 6.0934844
293.22662 52.999996 5.532578
298.6317 52.999996 5.634561
274.30875 52.999996 5.1756372
313.49573 52.999996 5.9150143
301.33426 52.999996 5.6855526
301.33426 52.999996 5.6855526
294.57788 52.999996 5.5580735
283.7677 52.999996 5.354108
299.98297 52.999996 5.6600566
310.79318 52.999996 5.8640227
295.92917 52.999996 5.5835695
294.57788 52.999996 5.5580735
298.6317 52.999996 5.634561
318.90085 52.999996 6.0169973
306.73935 52.999996 5.787535
345.92633 52.999996 6.526912
310.79318 52.999996 5.8640227
314.847 52.999996 5.94051
275.66003 52.999996 5.2011333
312.14444 52.999996 5.8895183
291.87534 52.999996 5.507082
325.6572 52.999996 6.144476
309.4419 52.999996 5.8385267
322.95465 52.999996 6.0934844
306.73935 52.999996 5.787535
298.35004 54.000004 5.525
305.10004 54.000004 5.65
321.30002 54.000004 5.95
301.05002 54.000004 5.575
357.75003 54.000004 6.625
278.10004 54.000004 5.15
301.05002 54.000004 5.575
322.65002 54.000004 5.975
298.35004 54.000004 5.525
292.95004 54.000004 5.425
319.95004 54.000004 5.925
299.70004 54.000004 5.55
307.80002 54.000004 5.7
291.60004 54.000004 5.4
326.70004 54.000004 6.05
282.15002 54.000004 5.225
325.35004 54.000004 6.025
276.75003 54.000004 5.125
295.65002 54.000004 5.475
303.75003 54.000004 5.625
297.00003 54.000004 5.5
294.30002 54.000004 5.45
297.00003 54.000004 5.5
294.30002 54.000004 5.45
311.85004 54.000004 5.775
270.00003 54.000004 5.0
306.45004 54.000004 5.675
318.60004 54.000004 5.9
272.70004 54.000004 5.05
288.90002 54.000004 5.35
283.50003 54.000004 5.25
291.60004 54.000004 5.4
283.50003 54.000004 5.25
321.30002 54.000004 5.95
295.65002 54.000004 5.475
315.90002 54.000004 5.85
294.30002 54.000004 5.45
291.60004 54.000004 5.4
272.70004 54.000004 5.05
284.85004 54.000004 5.275
288.90002 54.000004 5.35
283.5 55.0 5.1545453
295.65 55.0 5.3754544
297.0 55.0 5.4
319.94998 55.0 5.8172727
278.1 55.0 5.0563636
307.8 55.0 5.5963635
324.0 55.0 5.890909
292.94998 55.0 5.3263636
330.75 55.0 6.0136366
283.5 55.0 5.1545453
251.09999 55.0 4.5654545
279.45 55.0 5.0809093
264.6 55.0 4.8109093
284.85 55.0 5.179091
310.5 55.0 5.6454544
314.55 55.0 5.719091
311.85 55.0 5.67
263.25 55.0 4.7863636
278.1 55.0 5.0563636
301.05 55.0 5.473636
319.94998 55.0 5.8172727
297.0 55.0 5.4
271.34998 55.0 4.933636
322.65 55.0 5.8663635
314.55 55.0 5.719091
302.4 55.0 5.498182
271.34998 55.0 4.933636
290.25 55.0 5.2772727
271.34998 55.0 4.933636
309.15 55.0 5.620909
248.4 55.0 4.5163636
279.45 55.0 5.0809093
298.34998 55.0 5.4245453
298.34998 55.0 5.4245453
282.15 55.0 5.13
259.19998 55.0 4.712727
318.6 55.0 5.7927275
288.90002 55.0 5.2527275
324.0 55.0 5.890909
302.4 55.0 5.498182
317.25 55.0 5.768182
321.30002 56.0 5.7375
291.6 56.0 5.207143
261.90002 56.0 4.676786
286.2 56.0 5.1107144
282.15002 56.0 5.038393
297.0 56.0 5.303571
276.75 56.0 4.941964
294.30002 56.0 5.2553573
279.45 56.0 4.9901786
287.55 56.0 5.1348214
310.5 56.0 5.544643
271.35 56.0 4.8455358
261.90002 56.0 4.676786
306.45 56.0 5.4723215
288.9 56.0 5.1589284
301.05 56.0 5.3758926
329.40002 56.0 5.882143
271.35 56.0 4.8455358
270.0 56.0 4.821429
264.6 56.0 4.725
284.84998 56.0 5.086607
301.05 56.0 5.3758926
260.55 56.0 4.6526785
270.0 56.0 4.821429
306.45 56.0 5.4723215
291.6 56.0 5.207143
303.75 56.0 5.424107
297.0 56.0 5.303571
283.5 56.0 5.0625
282.15002 56.0 5.038393
298.35 56.0 5.3276787
278.1 56.0 4.9660716
306.45 56.0 5.4723215
270.0 56.0 4.821429
292.94998 56.0 5.23125
267.3 56.0 4.7732143
305.09998 56.0 5.448214
279.45 56.0 4.9901786
278.1 56.0 4.9660716
260.55 56.0 4.6526785
294.30002 56.0 5.2553573
280.8 57.0 4.926316
274.05 57.0 4.8078947
249.75 57.0 4.381579
278.1 57.0 4.8789473
255.15001 57.0 4.476316
303.75 57.0 5.3289475
298.35 57.0 5.2342105
278.1 57.0 4.8789473
261.90002 57.0 4.594737
280.8 57.0 4.926316
286.2 57.0 5.021053
290.25 57.0 5.0921054
265.95 57.0 4.6657896
263.25 57.0 4.618421
275.4 57.0 4.8315787
272.7 57.0 4.7842107
274.05 57.0 4.8078947
264.59998 57.0 4.642105
274.05 57.0 4.8078947
279.45 57.0 4.9026318
297.0 57.0 5.2105265
279.45 57.0 4.9026318
294.3 57.0 5.163158
278.1 57.0 4.8789473
301.05002 57.0 5.281579
288.9 57.0 5.068421
287.55 57.0 5.044737
224.09999 57.0 3.9315789
290.25 57.0 5.0921054
270.0 57.0 4.736842
271.35 57.0 4.760526
314.55002 57.0 5.518421
288.9 57.0 5.068421
294.3 57.0 5.163158
275.4 57.0 4.8315787
288.9 57.0 5.068421
307.80002 57.0 5.4
279.45 57.0 4.9026318
294.3 57.0 5.163158
263.25 57.0 4.618421
253.79999 57.0 4.4526315
288.9 58.0 4.9810343
259.2 58.0 4.4689655
270.0 58.0 4.6551723
248.40001 58.0 4.2827587
264.6 58.0 4.562069
276.75 58.0 4.7715516
252.45 58.0 4.3525863
261.9 58.0 4.515517
305.1 58.0 5.260345
288.9 58.0 4.9810343
279.44998 58.0 4.8181033
307.80002 58.0 5.3068967
268.65 58.0 4.6318965
260.55 58.0 4.4922414
283.5 58.0 4.887931
280.8 58.0 4.841379
260.55 58.0 4.4922414
275.4 58.0 4.7482758
283.5 58.0 4.887931
287.55 58.0 4.9577584
299.7 58.0 5.1672416
283.5 58.0 4.887931
291.59998 58.0 5.027586
278.1 58.0 4.7948275
275.4 58.0 4.7482758
282.15 58.0 4.864655
237.6 58.0 4.096552
287.55 58.0 4.9577584
260.55 58.0 4.4922414
248.40001 58.0 4.2827587
261.9 58.0 4.515517
272.69998 58.0 4.701724
272.69998 58.0 4.701724
286.19998 58.0 4.9344826
245.70001 58.0 4.236207
267.3 58.0 4.6086206
264.6 58.0 4.562069
325.35 58.0 5.609483
270.0 58.0 4.6551723
310.5 58.0 5.3534484
292.94998 58.0 5.050862
289.14502 58.999996 4.9007635
252.6641 58.999996 4.2824426
297.2519 58.999996 5.038168
263.47327 58.999996 4.4656487
264.8244 58.999996 4.4885497
251.31296 58.999996 4.259542
275.63358 58.999996 4.671756
258.0687 58.999996 4.374046
256.71756 58.999996 4.3511453
306.7099 58.999996 5.1984735
290.49615 58.999996 4.923664
270.22897 58.999996 4.5801525
258.0687 58.999996 4.374046
285.09158 58.999996 4.8320613
249.96182 58.999996 4.2366414
267.5267 58.999996 4.5343513
272.93127 58.999996 4.625954
267.5267 58.999996 4.5343513
267.5267 58.999996 4.5343513
256.71756 58.999996 4.3511453
240.5038 58.999996 4.076336
263.47327 58.999996 4.4656487
275.63358 58.999996 4.671756
249.96182 58.999996 4.2366414
268.87784 58.999996 4.557252
251.31296 58.999996 4.259542
260.771 58.999996 4.4198475
287.79385 58.999996 4.8778625
255.3664 58.999996 4.328244
293.19846 58.999996 4.9694657
252.6641 58.999996 4.2824426
245.90837 58.999996 4.1679387
276.9847 58.999996 4.6946564
279.687 58.999996 4.740458
260.771 58.999996 4.4198475
259.41983 58.999996 4.3969464
266.17554 58.999996 4.5114503
254.01526 58.999996 4.3053436
259.41983 58.999996 4.3969464
276.9847 58.999996 4.6946564
241.85493 58.999996 4.0992365
274.05002 60.000004 4.5675
268.65002 60.000004 4.4775
243.00003 60.000004 4.05
264.6 60.000004 4.41
275.40002 60.000004 4.59
290.25003 60.000004 4.8375
238.95001 60.000004 3.9825
274.05002 60.000004 4.5675
274.05002 60.000004 4.5675
271.35 60.000004 4.5225
240.30002 60.000004 4.005
241.65002 60.000004 4.0275
255.15002 60.000004 4.2525
259.2 60.000004 4.32
255.15002 60.000004 4.2525
259.2 60.000004 4.32
276.75003 60.000004 4.6125
238.95001 60.000004 3.9825
251.1 60.000004 4.185
288.90002 60.000004 4.815
280.80002 60.000004 4.68
244.35004 60.000004 4.0725
247.05 60.000004 4.1175
288.90002 60.000004 4.815
261.9 60.000004 4.365
259.2 60.000004 4.32
252.45001 60.000004 4.2075
256.50003 60.000004 4.275
276.75003 60.000004 4.6125
248.40001 60.000004 4.14
283.5 60.000004 4.725
297.0 60.000004 4.95
244.35004 60.000004 4.0725
284.85 60.000004 4.7475
252.45001 60.000004 4.2075
272.7 60.000004 4.545
252.45001 60.000004 4.2075
270.00003 60.000004 4.5
257.85004 60.000004 4.2975
284.85 60.000004 4.7475
241.65002 60.000004 4.0275
252.45 61.0 4.1385245
249.74998 61.0 4.094262
249.74998 61.0 4.094262
259.2 61.0 4.2491803
252.45 61.0 4.1385245
248.4 61.0 4.072131
272.7 61.0 4.470492
257.85 61.0 4.2270494
244.35 61.0 4.005738
226.8 61.0 3.7180328
233.55 61.0 3.8286886
238.95001 61.0 3.9172132
247.05002 61.0 4.05
259.2 61.0 4.2491803
294.3 61.0 4.82459
275.40002 61.0 4.5147543
240.29999 61.0 3.9393442
220.05 61.0 3.607377
245.7 61.0 4.0278687
238.95001 61.0 3.9172132
252.45 61.0 4.1385245
238.95001 61.0 3.9172132
260.55 61.0 4.2713113
268.65002 61.0 4.4040985
233.55 61.0 3.8286886
261.9 61.0 4.2934427
282.15 61.0 4.6254096
240.29999 61.0 3.9393442
257.85 61.0 4.2270494
249.74998 61.0 4.094262
248.4 61.0 4.072131
244.35 61.0 4.005738
272.7 61.0 4.470492
259.2 61.0 4.2491803
286.2 61.0 4.6918035
241.65 61.0 3.9614754
248.4 61.0 4.072131
265.95 61.0 4.359836
252.45 61.0 4.1385245
278.09998 61.0 4.559016
263.25 61.0 4.3155737
261.9 62.0 4.2241936
271.35 62.0 4.376613
280.8 62.0 4.529032
286.19998 62.0 4.616129
255.15 62.0 4.1153226
248.4 62.0 4.0064516
260.55 62.0 4.2024193
247.04999 62.0 3.9846773
268.65 62.0 4.3330646
272.69998 62.0 4.398387
271.35 62.0 4.376613
240.3 62.0 3.8758066
249.75 62.0 4.028226
225.45 62.0 3.6362903
253.79999 62.0 4.0935483
244.34999 62.0 3.941129
249.75 62.0 4.028226
244.34999 62.0 3.941129
256.5 62.0 4.137097
283.5 62.0 4.572581
240.3 62.0 3.8758066
229.5 62.0 3.701613
253.79999 62.0 4.0935483
259.19998 62.0 4.180645
252.44998 62.0 4.071774
256.5 62.0 4.137097
248.4 62.0 4.0064516
267.3 62.0 4.3112903
237.59999 62.0 3.832258
243.0 62.0 3.919355
245.7 62.0 3.9629033
270.0 62.0 4.354839
229.5 62.0 3.701613
249.75 62.0 4.028226
263.25 62.0 4.245968
249.75 62.0 4.028226
238.95 62.0 3.8540323
255.15 62.0 4.1153226
261.9 62.0 4.2241936
257.85 62.0 4.158871
230.84999 62.0 3.723387
241.65001 63.0 3.8357143
244.35 63.0 3.8785715
233.55 63.0 3.7071428
282.15 63.0 4.4785714
252.45001 63.0 4.007143
210.6 63.0 3.3428571
221.40001 63.0 3.5142858
238.95 63.0 3.7928572
278.1 63.0 4.4142857
228.15 63.0 3.6214285
240.3 63.0 3.8142858
229.5 63.0 3.642857
237.6 63.0 3.7714286
268.65 63.0 4.2642856
218.7 63.0 3.4714286
248.4 63.0 3.942857
237.6 63.0 3.7714286
233.55 63.0 3.7071428
218.7 63.0 3.4714286
249.75 63.0 3.9642856
247.05 63.0 3.9214287
265.94998 63.0 4.2214284
234.9 63.0 3.7285714
260.55 63.0 4.135714
276.75 63.0 4.392857
249.75 63.0 3.9642856
216.0 63.0 3.4285715
290.25 63.0 4.607143
268.65 63.0 4.2642856
260.55 63.0 4.135714
245.70001 63.0 3.9
248.4 63.0 3.942857
272.69998 63.0 4.3285713
236.25 63.0 3.75
207.9 63.0 3.3
210.6 63.0 3.3428571
278.1 63.0 4.4142857
225.45 63.0 3.5785713
255.15001 63.0 4.05
218.7 63.0 3.4714286
238.95 63.0 3.7928572
236.25 64.0 3.6914062
216.0 64.0 3.375
232.2 64.0 3.628125
247.05 64.0 3.8601563
220.05 64.0 3.4382813
248.4 64.0 3.88125
244.35 64.0 3.8179688
214.65 64.0 3.3539062
214.65 64.0 3.3539062
275.4 64.0 4.303125
217.35 64.0 3.3960938
249.75 64.0 3.9023438
220.05 64.0 3.4382813
252.45 64.0 3.9445312
237.6 64.0 3.7125
251.1 64.0 3.9234376
260.55 64.0 4.0710936
251.1 64.0 3.9234376
243.0 64.0 3.796875
260.55 64.0 4.0710936
253.8 64.0 3.965625
245.7 64.0 3.8390625
264.6 64.0 4.134375
233.55 64.0 3.6492188
240.3 64.0 3.7546875
251.1 64.0 3.9234376
226.8 64.0 3.54375
230.85 64.0 3.6070313
256.5 64.0 4.0078125
247.05 64.0 3.8601563
264.6 64.0 4.134375
222.75 64.0 3.4804688
216.0 64.0 3.375
228.15 64.0 3.5648437
249.75 64.0 3.9023438
245.7 64.0 3.8390625
249.75 64.0 3.9023438
236.25 64.0 3.6914062
229.5 64.0 3.5859375
201.15 64.0 3.1429687
248.4 64.0 3.88125
198.45 65.0 3.053077
232.2 65.0 3.5723076
222.75 65.0 3.426923
234.9 65.0 3.613846
264.6 65.0 4.0707693
206.55 65.0 3.1776924
221.40001 65.0 3.406154
241.65001 65.0 3.7176924
221.40001 65.0 3.406154
224.1 65.0 3.4476924
218.7 65.0 3.3646154
206.55 65.0 3.1776924
224.1 65.0 3.4476924
221.40001 65.0 3.406154
234.9 65.0 3.613846
226.8 65.0 3.4892309
221.40001 65.0 3.406154
232.2 65.0 3.5723076
210.6 65.0 3.24
233.55 65.0 3.593077
249.75 65.0 3.8423078
247.05 65.0 3.8007693
257.85 65.0 3.966923
233.55 65.0 3.593077
229.5 65.0 3.5307693
243.0 65.0 3.7384615
209.25 65.0 3.2192307
245.7 65.0 3.78
252.45 65.0 3.883846
236.25 65.0 3.6346154
251.1 65.0 3.863077
237.59999 65.0 3.6553845
251.1 65.0 3.863077
213.3 65.0 3.2815385
217.34999 65.0 3.343846
220.05 65.0 3.3853846
244.35 65.0 3.7592309
210.6 65.0 3.24
233.55 65.0 3.593077
210.6 65.0 3.24
207.9 65.0 3.1984615
214.65001 66.0 3.2522728
216.0 66.0 3.2727273
202.5 66.0 3.0681818
213.3 66.0 3.2318182
221.4 66.0 3.3545454
233.55 66.0 3.5386364
224.1 66.0 3.3954546
218.7 66.0 3.3136363
218.7 66.0 3.3136363
229.5 66.0 3.4772727
211.95 66.0 3.2113636
210.6 66.0 3.1909091
225.45 66.0 3.415909
217.35 66.0 3.293182
222.75 66.0 3.375
225.45 66.0 3.415909
230.84999 66.0 3.4977272
222.75 66.0 3.375
268.65 66.0 4.0704546
236.25 66.0 3.5795455
209.25 66.0 3.1704545
230.84999 66.0 3.4977272
264.6 66.0 4.009091
241.65 66.0 3.6613636
238.95 66.0 3.6204545
205.2 66.0 3.1090908
245.7 66.0 3.7227273
244.34999 66.0 3.7022727
202.5 66.0 3.0681818
206.55 66.0 3.1295455
199.8 66.0 3.0272727
222.75 66.0 3.375
202.5 66.0 3.0681818
213.3 66.0 3.2318182
226.8 66.0 3.4363637
206.55 66.0 3.1295455
238.95 66.0 3.6204545
203.85 66.0 3.0886364
233.55 66.0 3.5386364
195.75 66.0 2.965909
213.3 66.0 3.2318182
232.2 67.0 3.4656715
226.8 67.0 3.3850746
220.05 67.0 3.2843285
209.25 67.0 3.1231344
210.6 67.0 3.1432836
182.25 67.0 2.7201493
226.8 67.0 3.3850746
207.90001 67.0 3.1029851
206.55 67.0 3.082836
237.6 67.0 3.5462687
207.90001 67.0 3.1029851
218.7 67.0 3.264179
203.84999 67.0 3.0425372
229.5 67.0 3.425373
226.8 67.0 3.3850746
224.1 67.0 3.3447762
186.3 67.0 2.780597
224.1 67.0 3.3447762
226.8 67.0 3.3850746
216.0 67.0 3.2238805
201.15 67.0 3.0022388
228.15 67.0 3.4052238
245.7 67.0 3.667164
220.05 67.0 3.2843285
205.20001 67.0 3.0626867
247.04999 67.0 3.6873133
209.25 67.0 3.1231344
224.1 67.0 3.3447762
213.3 67.0 3.183582
199.8 67.0 2.9820895
221.40001 67.0 3.3044777
195.75 67.0 2.9216418
210.6 67.0 3.1432836
251.1 67.0 3.7477612
236.25 67.0 3.5261195
218.7 67.0 3.264179
202.5 67.0 3.022388
221.40001 67.0 3.3044777
225.45 67.0 3.3649254
221.40001 67.0 3.3044777
224.1 67.0 3.3447762
213.3 68.0 3.1367648
203.85 68.0 2.9977942
237.6 68.0 3.4941177
217.35 68.0 3.1963236
209.25 68.0 3.077206
233.55 68.0 3.4345589
237.6 68.0 3.4941177
197.1 68.0 2.8985295
194.4 68.0 2.8588235
202.5 68.0 2.9779413
210.59999 68.0 3.0970588
220.05 68.0 3.2360294
224.1 68.0 3.2955883
214.65 68.0 3.1566176
233.55 68.0 3.4345589
221.4 68.0 3.2558823
180.9 68.0 2.660294
255.15 68.0 3.7522058
214.65 68.0 3.1566176
211.95 68.0 3.1169116
244.35 68.0 3.5933824
211.95 68.0 3.1169116
202.5 68.0 2.9779413
198.45 68.0 2.9183824
214.65 68.0 3.1566176
226.79999 68.0 3.335294
211.95 68.0 3.1169116
224.1 68.0 3.2955883
221.4 68.0 3.2558823
230.84999 68.0 3.3948529
220.05 68.0 3.2360294
222.75 68.0 3.2757354
206.54999 68.0 3.0375
209.25 68.0 3.077206
195.75 68.0 2.8786764
214.65 68.0 3.1566176
191.7 68.0 2.8191175
222.75 68.0 3.2757354
178.20001 68.0 2.6205883
186.29999 68.0 2.7397058
233.55 68.0 3.4345589
199.79999 69.0 2.895652
225.45 69.0 3.2673912
206.55 69.0 2.9934783
202.5 69.0 2.9347825
217.35 69.0 3.15
217.35 69.0 3.15
201.15 69.0 2.9152174
206.55 69.0 2.9934783
217.35 69.0 3.15
218.7 69.0 3.1695652
202.5 69.0 2.9347825
211.95001 69.0 3.0717392
193.05 69.0 2.797826
214.65001 69.0 3.1108696
205.2 69.0 2.973913
210.59999 69.0 3.0521739
187.65 69.0 2.7195652
210.59999 69.0 3.0521739
201.15 69.0 2.9152174
210.59999 69.0 3.0521739
189.0 69.0 2.7391305
217.35 69.0 3.15
201.15 69.0 2.9152174
211.95001 69.0 3.0717392
226.8 69.0 3.2869565
218.7 69.0 3.1695652
229.5 69.0 3.326087
217.35 69.0 3.15
206.55 69.0 2.9934783
202.5 69.0 2.9347825
198.45 69.0 2.876087
251.09999 69.0 3.6391304
202.5 69.0 2.9347825
207.9 69.0 3.0130434
203.85 69.0 2.9543478
195.75 69.0 2.8369565
195.75 69.0 2.8369565
233.55 69.0 3.3847826
211.95001 69.0 3.0717392
206.55 69.0 2.9934783
237.6 69.0 3.4434783
201.15 70.0 2.8735714
176.84999 70.0 2.5264285
186.3 70.0 2.6614287
179.55 70.0 2.565
218.7 70.0 3.1242857
195.75 70.0 2.7964287
193.05 70.0 2.757857
189.0 70.0 2.7
205.20001 70.0 2.9314287
186.3 70.0 2.6614287
217.35 70.0 3.105
214.65001 70.0 3.0664287
224.1 70.0 3.2014287
210.59999 70.0 3.0085714
205.20001 70.0 2.9314287
237.59999 70.0 3.3942857
194.4 70.0 2.7771428
205.20001 70.0 2.9314287
201.15 70.0 2.8735714
190.35 70.0 2.7192857
194.4 70.0 2.7771428
210.59999 70.0 3.0085714
207.90001 70.0 2.97
194.4 70.0 2.7771428
195.75 70.0 2.7964287
193.05 70.0 2.757857
193.05 70.0 2.757857
184.95 70.0 2.6421428
198.45 70.0 2.835
197.1 70.0 2.8157144
199.8 70.0 2.8542857
203.84999 70.0 2.9121428
220.05 70.0 3.1435714
228.15 70.0 3.2592857
194.4 70.0 2.7771428
201.15 70.0 2.8735714
193.05 70.0 2.757857
232.20001 70.0 3.317143
199.8 70.0 2.8542857
207.90001 70.0 2.97
172.8 70.0 2.4685714
206.55 71.0 2.909155
187.65 71.0 2.6429577
180.9 71.0 2.5478873
191.7 71.0 2.7
190.35 71.0 2.680986
195.75 71.0 2.7570422
198.45 71.0 2.7950704
194.40001 71.0 2.7380283
207.9 71.0 2.928169
197.09999 71.0 2.7760563
184.95001 71.0 2.6049297
205.2 71.0 2.8901408
190.35 71.0 2.680986
187.65 71.0 2.6429577
157.95001 71.0 2.224648
217.35 71.0 3.0612676
189.0 71.0 2.6619718
194.40001 71.0 2.7380283
206.55 71.0 2.909155
198.45 71.0 2.7950704
187.65 71.0 2.6429577
199.8 71.0 2.8140845
186.29999 71.0 2.6239436
193.05 71.0 2.7190142
182.25 71.0 2.5669014
197.09999 71.0 2.7760563
151.2 71.0 2.1295774
218.7 71.0 3.0802817
190.35 71.0 2.680986
198.45 71.0 2.7950704
201.15001 71.0 2.8330986
213.29999 71.0 3.0042253
197.09999 71.0 2.7760563
189.0 71.0 2.6619718
189.0 71.0 2.6619718
195.75 71.0 2.7570422
182.25 71.0 2.5669014
183.6 71.0 2.5859156
176.84999 71.0 2.490845
193.05 71.0 2.7190142
202.5 71.0 2.8521128
194.40001 72.0 2.7
168.75 72.0 2.34375
198.45 72.0 2.75625
199.8 72.0 2.775
202.5 72.0 2.8125
171.45 72.0 2.38125
209.25 72.0 2.90625
172.8 72.0 2.4
194.40001 72.0 2.7
202.5 72.0 2.8125
205.2 72.0 2.85
160.65001 72.0 2.23125
175.5 72.0 2.4375
218.7 72.0 3.0375
183.59999 72.0 2.55
194.40001 72.0 2.7
198.45 72.0 2.75625
194.40001 72.0 2.7
207.90001 72.0 2.8875
199.8 72.0 2.775
182.25 72.0 2.53125
191.7 72.0 2.6625
197.09999 72.0 2.7375
163.34999 72.0 2.26875
176.84999 72.0 2.45625
180.90001 72.0 2.5125
190.34999 72.0 2.64375
194.40001 72.0 2.7
178.2 72.0 2.475
191.7 72.0 2.6625
172.8 72.0 2.4
190.34999 72.0 2.64375
183.59999 72.0 2.55
160.65001 72.0 2.23125
155.25 72.0 2.15625
157.95 72.0 2.19375
186.3 72.0 2.5875
182.25 72.0 2.53125
189.0 72.0 2.625
180.90001 72.0 2.5125
201.15001 72.0 2.79375
184.95001 73.0 2.5335617
182.25 73.0 2.4965754
197.1 73.0 2.7
190.34999 73.0 2.6075342
189.0 73.0 2.589041
199.8 73.0 2.7369864
203.84999 73.0 2.7924657
174.15001 73.0 2.3856165
167.4 73.0 2.2931507
174.15001 73.0 2.3856165
153.9 73.0 2.1082191
172.8 73.0 2.3671234
178.2 73.0 2.4410958
164.7 73.0 2.2561643
171.45 73.0 2.3486302
193.05 73.0 2.6445205
176.84999 73.0 2.4226027
172.8 73.0 2.3671234
182.25 73.0 2.4965754
168.75 73.0 2.3116438
170.1 73.0 2.330137
205.2 73.0 2.8109589
209.25 73.0 2.8664384
213.3 73.0 2.921918
179.55 73.0 2.459589
170.1 73.0 2.330137
164.7 73.0 2.2561643
211.95001 73.0 2.9034247
203.84999 73.0 2.7924657
163.34999 73.0 2.2376711
171.45 73.0 2.3486302
166.05 73.0 2.2746575
211.95001 73.0 2.9034247
197.1 73.0 2.7
180.9 73.0 2.4780822
182.25 73.0 2.4965754
191.7 73.0 2.6260273
179.55 73.0 2.459589
203.84999 73.0 2.7924657
178.2 73.0 2.4410958
193.05 73.0 2.6445205
203.85 74.0 2.7547297
180.90001 74.0 2.4445946
172.8 74.0 2.3351352
168.75002 74.0 2.2804055
174.15 74.0 2.3533783
194.4 74.0 2.627027
178.2 74.0 2.408108
195.75 74.0 2.6452703
198.45 74.0 2.6817567
186.3 74.0 2.5175676
183.59999 74.0 2.481081
156.59999 74.0 2.1162162
157.95 74.0 2.1344595
184.95 74.0 2.4993243
189.0 74.0 2.554054
184.95 74.0 2.4993243
163.35 74.0 2.2074325
180.90001 74.0 2.4445946
178.2 74.0 2.408108
197.09999 74.0 2.6635134
187.65 74.0 2.5358107
184.95 74.0 2.4993243
156.59999 74.0 2.1162162
171.45 74.0 2.316892
180.90001 74.0 2.4445946
162.0 74.0 2.1891892
176.85 74.0 2.389865
168.75002 74.0 2.2804055
153.90001 74.0 2.0797298
186.3 74.0 2.5175676
159.3 74.0 2.1527028
179.55 74.0 2.4263513
194.4 74.0 2.627027
163.35 74.0 2.2074325
156.59999 74.0 2.1162162
176.85 74.0 2.389865
166.05 74.0 2.243919
193.04999 74.0 2.6087837
191.70001 74.0 2.5905406
178.2 74.0 2.408108
186.3 74.0 2.5175676
164.70001 75.0 2.196
189.0 75.0 2.52
172.79999 75.0 2.304
170.09999 75.0 2.268
152.54999 75.0 2.034
194.4 75.0 2.592
163.34999 75.0 2.178
175.5 75.0 2.34
164.70001 75.0 2.196
163.34999 75.0 2.178
190.35 75.0 2.538
179.55 75.0 2.394
172.79999 75.0 2.304
182.25 75.0 2.43
172.79999 75.0 2.304
175.5 75.0 2.34
194.4 75.0 2.592
175.5 75.0 2.34
166.05 75.0 2.214
166.05 75.0 2.214
179.55 75.0 2.394
152.54999 75.0 2.034
159.3 75.0 2.124
174.15001 75.0 2.322
191.7 75.0 2.556
197.1 75.0 2.628
184.95001 75.0 2.466
145.8 75.0 1.944
164.70001 75.0 2.196
183.59999 75.0 2.448
153.90001 75.0 2.052
176.85 75.0 2.358
152.54999 75.0 2.034
179.55 75.0 2.394
176.85 75.0 2.358
155.25 75.0 2.07
183.59999 75.0 2.448
179.55 75.0 2.394
175.5 75.0 2.34
170.09999 75.0 2.268
160.65 75.0 2.142
179.55 76.0 2.3625
172.8 76.0 2.2736843
160.65 76.0 2.1138158
180.9 76.0 2.380263
151.2 76.0 1.9894737
187.65001 76.0 2.469079
193.05 76.0 2.5401316
176.85 76.0 2.3269737
183.59999 76.0 2.4157894
170.1 76.0 2.238158
160.65 76.0 2.1138158
163.34999 76.0 2.149342
148.5 76.0 1.9539474
170.1 76.0 2.238158
168.75002 76.0 2.2203948
183.59999 76.0 2.4157894
179.55 76.0 2.3625
201.15001 76.0 2.6467106
168.75002 76.0 2.2203948
159.3 76.0 2.0960526
153.90001 76.0 2.025
166.04999 76.0 2.1848683
178.2 76.0 2.3447368
143.1 76.0 1.8828948
160.65 76.0 2.1138158
166.04999 76.0 2.1848683
180.9 76.0 2.380263
166.04999 76.0 2.1848683
148.5 76.0 1.9539474
152.55 76.0 2.007237
163.34999 76.0 2.149342
160.65 76.0 2.1138158
152.55 76.0 2.007237
155.25 76.0 2.0427632
186.3 76.0 2.4513159
178.2 76.0 2.3447368
172.8 76.0 2.2736843
160.65 76.0 2.1138158
166.04999 76.0 2.1848683
163.34999 76.0 2.149342
162.0 76.0 2.131579
162.0 77.0 2.1038961
164.7 77.0 2.138961
183.6 77.0 2.3844156
155.25 77.0 2.0162337
164.7 77.0 2.138961
167.40001 77.0 2.174026
156.6 77.0 2.0337663
140.40001 77.0 1.8233767
120.15 77.0 1.5603896
147.15001 77.0 1.911039
152.55 77.0 1.9811689
160.65 77.0 2.0863636
156.6 77.0 2.0337663
168.75 77.0 2.1915584
139.05 77.0 1.8058442
143.1 77.0 1.8584416
137.7 77.0 1.7883117
162.0 77.0 2.1038961
160.65 77.0 2.0863636
172.8 77.0 2.244156
141.75 77.0 1.8409091
167.40001 77.0 2.174026
140.40001 77.0 1.8233767
149.85 77.0 1.9461039
155.25 77.0 2.0162337
148.5 77.0 1.9285715
129.6 77.0 1.6831169
149.85 77.0 1.9461039
160.65 77.0 2.0863636
139.05 77.0 1.8058442
159.3 77.0 2.0688312
155.25 77.0 2.0162337
156.6 77.0 2.0337663
160.65 77.0 2.0863636
170.1 77.0 2.209091
145.8 77.0 1.8935065
148.5 77.0 1.9285715
159.3 77.0 2.0688312
176.84999 77.0 2.2967532
159.3 77.0 2.0688312
155.25 77.0 2.0162337
155.34958 78.0 1.9916613
156.70044 78.0 2.00898
147.24438 78.0 1.8877486
171.55997 78.0 2.1994867
162.1039 78.0 2.0782552
164.80565 78.0 2.1128929
158.05132 78.0 2.026299
164.80565 78.0 2.1128929
168.85825 78.0 2.1648493
131.034 78.0 1.679923
159.40218 78.0 2.0436177
167.50739 78.0 2.1475306
128.33228 78.0 1.6452855
141.84093 78.0 1.8184733
167.50739 78.0 2.1475306
162.1039 78.0 2.0782552
141.84093 78.0 1.8184733
148.59525 78.0 1.9050673
125.63053 78.0 1.6106478
153.99872 78.0 1.9743426
147.24438 78.0 1.8877486
176.96344 78.0 2.268762
139.13919 78.0 1.7838358
162.1039 78.0 2.0782552
153.99872 78.0 1.9743426
159.40218 78.0 2.0436177
158.05132 78.0 2.026299
153.99872 78.0 1.9743426
125.63053 78.0 1.6106478
160.75304 78.0 2.0609365
139.13919 78.0 1.7838358
147.24438 78.0 1.8877486
147.24438 78.0 1.8877486
158.05132 78.0 2.026299
125.63053 78.0 1.6106478
137.78833 78.0 1.766517
158.05132 78.0 2.026299
163.45479 78.0 2.0955741
151.29698 78.0 1.9397049
148.59525 78.0 1.9050673
155.34958 78.0 1.9916613
144.45 79.0 1.828481
136.35 79.0 1.7259494
129.6 79.0 1.6405064
152.55 79.0 1.9310126
153.9 79.0 1.9481013
141.75 79.0 1.7943038
156.6 79.0 1.9822785
180.9 79.0 2.2898734
139.05 79.0 1.7601266
144.45 79.0 1.828481
164.7 79.0 2.08481
152.55 79.0 1.9310126
156.6 79.0 1.9822785
144.45 79.0 1.828481
143.1 79.0 1.8113924
145.8 79.0 1.8455696
149.85 79.0 1.8968354
156.6 79.0 1.9822785
151.2 79.0 1.9139241
151.2 79.0 1.9139241
145.8 79.0 1.8455696
149.85 79.0 1.8968354
145.8 79.0 1.8455696
147.15001 79.0 1.8626583
147.15001 79.0 1.8626583
148.5 79.0 1.8797468
157.95 79.0 1.9993671
140.40001 79.0 1.7772152
147.15001 79.0 1.8626583
143.1 79.0 1.8113924
149.85 79.0 1.8968354
155.25 79.0 1.9651898
137.7 79.0 1.7430379
144.45 79.0 1.828481
137.7 79.0 1.7430379
122.85 79.0 1.5550632
130.95 79.0 1.6575949
159.3 79.0 2.0164557
167.4 79.0 2.1189873
162.0 79.0 2.050633
124.2 79.0 1.5721519
132.29999 80.0 1.65375
136.35 80.0 1.704375
141.75 80.0 1.771875
172.8 80.0 2.16
163.34999 80.0 2.041875
122.85 80.0 1.535625
155.25 80.0 1.940625
145.8 80.0 1.8225
162.0 80.0 2.025
166.04999 80.0 2.075625
152.55 80.0 1.906875
162.0 80.0 2.025
145.8 80.0 1.8225
128.25 80.0 1.603125
122.85 80.0 1.535625
137.70001 80.0 1.72125
149.84999 80.0 1.873125
155.25 80.0 1.940625
163.34999 80.0 2.041875
122.85 80.0 1.535625
137.70001 80.0 1.72125
155.25 80.0 1.940625
124.2 80.0 1.5525
152.55 80.0 1.906875
132.29999 80.0 1.65375
137.70001 80.0 1.72125
140.4 80.0 1.755
147.15 80.0 1.839375
144.45 80.0 1.805625
147.15 80.0 1.839375
145.8 80.0 1.8225
135.0 80.0 1.6875
149.84999 80.0 1.873125
137.70001 80.0 1.72125
144.45 80.0 1.805625
144.45 80.0 1.805625
155.25 80.0 1.940625
143.1 80.0 1.78875
135.0 80.0 1.6875
136.35 80.0 1.704375
135.0 80.0 1.6875
143.1 81.0 1.7666667
125.549995 81.0 1.55
147.15001 81.0 1.8166667
136.34999 81.0 1.6833333
157.95 81.0 1.95
117.450005 81.0 1.45
157.95 81.0 1.95
108.0 81.0 1.3333334
130.95 81.0 1.6166667
130.95 81.0 1.6166667
143.1 81.0 1.7666667
140.4 81.0 1.7333333
129.6 81.0 1.6
112.05 81.0 1.3833333
137.7 81.0 1.7
129.6 81.0 1.6
126.9 81.0 1.5666667
145.8 81.0 1.8
136.34999 81.0 1.6833333
126.9 81.0 1.5666667
135.0 81.0 1.6666666
136.34999 81.0 1.6833333
112.05 81.0 1.3833333
137.7 81.0 1.7
137.7 81.0 1.7
126.9 81.0 1.5666667
145.8 81.0 1.8
151.2 81.0 1.8666667
125.549995 81.0 1.55
136.34999 81.0 1.6833333
121.5 81.0 1.5
137.7 81.0 1.7
151.2 81.0 1.8666667
118.8 81.0 1.4666667
135.0 81.0 1.6666666
140.4 81.0 1.7333333
137.7 81.0 1.7
139.05 81.0 1.7166667
112.05 81.0 1.3833333
133.65 81.0 1.65
133.65 81.0 1.65
116.1 82.0 1.4158536
136.34999 82.0 1.6628048
106.649994 82.0 1.3006097
139.05 82.0 1.6957318
126.899994 82.0 1.5475609
130.95 82.0 1.5969512
129.6 82.0 1.5804878
122.85 82.0 1.4981707
156.59999 82.0 1.9097561
132.3 82.0 1.6134146
121.5 82.0 1.4817073
136.34999 82.0 1.6628048
125.549995 82.0 1.5310975
139.05 82.0 1.6957318
126.899994 82.0 1.5475609
126.899994 82.0 1.5475609
121.5 82.0 1.4817073
108.00001 82.0 1.3170732
130.95 82.0 1.5969512
108.00001 82.0 1.3170732
108.00001 82.0 1.3170732
121.5 82.0 1.4817073
126.899994 82.0 1.5475609
143.1 82.0 1.745122
110.700005 82.0 1.35
139.05 82.0 1.6957318
132.3 82.0 1.6134146
118.8 82.0 1.4487805
129.6 82.0 1.5804878
132.3 82.0 1.6134146
128.25 82.0 1.5640244
118.8 82.0 1.4487805
148.5 82.0 1.8109756
118.8 82.0 1.4487805
122.85 82.0 1.4981707
139.05 82.0 1.6957318
139.05 82.0 1.6957318
126.899994 82.0 1.5475609
110.700005 82.0 1.35
133.65 82.0 1.629878
132.3 82.0 1.6134146
141.75 83.0 1.7078314
125.55 83.0 1.5126506
140.4 83.0 1.6915662
153.9 83.0 1.8542168
141.75 83.0 1.7078314
129.6 83.0 1.5614458
109.35 83.0 1.3174698
118.8 83.0 1.4313253
137.7 83.0 1.6590362
133.65 83.0 1.6102409
113.4 83.0 1.366265
144.45 83.0 1.7403615
137.7 83.0 1.6590362
105.3 83.0 1.2686747
113.4 83.0 1.366265
116.1 83.0 1.3987951
128.25 83.0 1.5451807
124.200005 83.0 1.4963856
128.25 83.0 1.5451807
116.1 83.0 1.3987951
147.15 83.0 1.7728915
125.55 83.0 1.5126506
117.450005 83.0 1.4150603
95.85 83.0 1.1548193
121.5 83.0 1.4638554
135.0 83.0 1.626506
136.35 83.0 1.6427711
132.3 83.0 1.5939759
118.8 83.0 1.4313253
109.35 83.0 1.3174698
113.4 83.0 1.366265
130.95 83.0 1.5777109
120.15 83.0 1.4475904
122.850006 83.0 1.4801205
128.25 83.0 1.5451807
130.95 83.0 1.5777109
106.65 83.0 1.2849398
106.65 83.0 1.2849398
94.5 83.0 1.1385542
109.35 83.0 1.3174698
125.55 83.0 1.5126506
103.95 84.0 1.2375
116.100006 84.0 1.3821429
118.799995 84.0 1.4142857
117.450005 84.0 1.3982143
98.55 84.0 1.1732143
98.55 84.0 1.1732143
103.95 84.0 1.2375
116.100006 84.0 1.3821429
108.0 84.0 1.2857143
126.9 84.0 1.5107143
113.4 84.0 1.35
130.95 84.0 1.5589286
124.2 84.0 1.4785714
110.7 84.0 1.3178571
106.649994 84.0 1.2696428
125.55 84.0 1.4946429
108.0 84.0 1.2857143
109.35 84.0 1.3017857
118.799995 84.0 1.4142857
116.100006 84.0 1.3821429
128.25 84.0 1.5267857
113.4 84.0 1.35
112.05 84.0 1.3339286
114.75 84.0 1.3660715
101.25001 84.0 1.2053572
105.299995 84.0 1.2535714
136.34999 84.0 1.6232142
103.95 84.0 1.2375
106.649994 84.0 1.2696428
130.95 84.0 1.5589286
128.25 84.0 1.5267857
106.649994 84.0 1.2696428
116.100006 84.0 1.3821429
114.75 84.0 1.3660715
126.9 84.0 1.5107143
108.0 84.0 1.2857143
125.55 84.0 1.4946429
121.5 84.0 1.4464285
102.6 84.0 1.2214285
112.05 84.0 1.3339286
106.649994 84.0 1.2696428
122.85 85.0 1.4452941
101.24999 85.0 1.1911764
125.549995 85.0 1.4770588
110.7 85.0 1.3023529
93.149994 85.0 1.0958823
110.7 85.0 1.3023529
106.65 85.0 1.2547059
118.799995 85.0 1.397647
113.4 85.0 1.3341177
102.6 85.0 1.2070588
110.7 85.0 1.3023529
110.7 85.0 1.3023529
101.24999 85.0 1.1911764
109.35 85.0 1.2864705
110.7 85.0 1.3023529
108.0 85.0 1.2705883
98.55 85.0 1.1594118
94.5 85.0 1.1117647
128.25 85.0 1.5088235
117.45 85.0 1.3817647
121.5 85.0 1.4294118
114.75 85.0 1.35
114.75 85.0 1.35
113.4 85.0 1.3341177
112.049995 85.0 1.3182353
109.35 85.0 1.2864705
103.95 85.0 1.2229412
109.35 85.0 1.2864705
98.55 85.0 1.1594118
103.95 85.0 1.2229412
113.4 85.0 1.3341177
105.3 85.0 1.2388235
99.9 85.0 1.1752942
99.9 85.0 1.1752942
114.75 85.0 1.35
113.4 85.0 1.3341177
105.3 85.0 1.2388235
93.149994 85.0 1.0958823
108.0 85.0 1.2705883
86.399994 85.0 1.0164706
114.75 85.0 1.35
87.74999 86.0 1.0203488
98.55 86.0 1.1459303
101.25 86.0 1.1773256
85.049995 86.0 0.9889535
98.55 86.0 1.1459303
93.15 86.0 1.0831395
99.9 86.0 1.1616279
99.9 86.0 1.1616279
112.05 86.0 1.302907
99.9 86.0 1.1616279
110.7 86.0 1.2872093
106.649994 86.0 1.2401162
94.50001 86.0 1.0988373
98.55 86.0 1.1459303
93.15 86.0 1.0831395
93.15 86.0 1.0831395
93.15 86.0 1.0831395
117.45 86.0 1.3656976
108.0 86.0 1.255814
108.0 86.0 1.255814
95.85 86.0 1.1145349
101.25 86.0 1.1773256
116.1 86.0 1.35
112.05 86.0 1.302907
106.649994 86.0 1.2401162
112.05 86.0 1.302907
110.7 86.0 1.2872093
113.4 86.0 1.3186047
118.8 86.0 1.3813953
105.3 86.0 1.2244186
86.4 86.0 1.0046512
114.75 86.0 1.3343023
99.9 86.0 1.1616279
98.55 86.0 1.1459303
105.3 86.0 1.2244186
98.55 86.0 1.1459303
114.75 86.0 1.3343023
114.75 86.0 1.3343023
114.75 86.0 1.3343023
89.1 86.0 1.0360465
97.200005 86.0 1.1302326
89.100006 87.0 1.024138
94.5 87.0 1.0862069
76.95 87.0 0.88448274
87.75001 87.0 1.0086207
89.100006 87.0 1.024138
89.100006 87.0 1.024138
83.700005 87.0 0.962069
79.65 87.0 0.9155173
83.700005 87.0 0.962069
87.75001 87.0 1.0086207
95.85 87.0 1.1017241
85.05 87.0 0.9775862
82.35 87.0 0.94655174
99.9 87.0 1.1482759
79.65 87.0 0.9155173
107.99999 87.0 1.2413793
94.5 87.0 1.0862069
74.25 87.0 0.8534483
101.25 87.0 1.1637931
102.6 87.0 1.1793103
117.450005 87.0 1.35
110.700005 87.0 1.2724138
91.8 87.0 1.0551724
94.5 87.0 1.0862069
91.8 87.0 1.0551724
91.8 87.0 1.0551724
85.05 87.0 0.9775862
101.25 87.0 1.1637931
116.100006 87.0 1.3344828
98.55 87.0 1.1327586
91.8 87.0 1.0551724
90.450005 87.0 1.0396552
113.4 87.0 1.3034483
95.85 87.0 1.1017241
98.55 87.0 1.1327586
106.649994 87.0 1.225862
110.700005 87.0 1.2724138
98.55 87.0 1.1327586
83.700005 87.0 0.962069
91.8 87.0 1.0551724
93.15 87.0 1.0706897
93.149994 88.0 1.0585227
87.75 88.0 0.99715906
109.350006 88.0 1.2426137
86.4 88.0 0.9818182
94.5 88.0 1.0738636
74.25 88.0 0.84375
78.299995 88.0 0.8897727
81.0 88.0 0.92045456
99.9 88.0 1.1352273
81.0 88.0 0.92045456
76.95 88.0 0.8744318
105.3 88.0 1.1965909
89.100006 88.0 1.0125
90.45 88.0 1.0278409
91.799995 88.0 1.0431818
82.35 88.0 0.9357954
89.100006 88.0 1.0125
70.200005 88.0 0.7977273
93.149994 88.0 1.0585227
87.75 88.0 0.99715906
98.55 88.0 1.1198864
95.85 88.0 1.0892045
94.5 88.0 1.0738636
101.24999 88.0 1.1505681
82.35 88.0 0.9357954
79.65 88.0 0.90511364
95.85 88.0 1.0892045
90.45 88.0 1.0278409
86.4 88.0 0.9818182
108.0 88.0 1.2272727
87.75 88.0 0.99715906
91.799995 88.0 1.0431818
85.05 88.0 0.9664773
97.200005 88.0 1.1045455
89.100006 88.0 1.0125
110.700005 88.0 1.2579546
82.35 88.0 0.9357954
106.65 88.0 1.2119318
78.299995 88.0 0.8897727
83.7 88.0 0.95113635
79.65 88.0 0.90511364
75.6 89.0 0.8494382
85.049995 89.0 0.95561796
75.6 89.0 0.8494382
75.6 89.0 0.8494382
71.55 89.0 0.8039326
91.799995 89.0 1.0314606
82.350006 89.0 0.9252809
79.65 89.0 0.89494383
94.5 89.0 1.0617977
83.7 89.0 0.9404494
67.5 89.0 0.75842696
78.3 89.0 0.8797753
79.65 89.0 0.89494383
67.5 89.0 0.75842696
78.3 89.0 0.8797753
85.049995 89.0 0.95561796
93.15 89.0 1.0466292
79.65 89.0 0.89494383
64.799995 89.0 0.72808987
78.3 89.0 0.8797753
63.449997 89.0 0.7129213
62.100002 89.0 0.69775283
102.600006 89.0 1.152809
74.25 89.0 0.83426964
95.85 89.0 1.0769663
76.95 89.0 0.86460674
103.950005 89.0 1.1679776
90.45 89.0 1.0162921
75.6 89.0 0.8494382
79.65 89.0 0.89494383
87.75 89.0 0.98595506
82.350006 89.0 0.9252809
74.25 89.0 0.83426964
91.799995 89.0 1.0314606
71.55 89.0 0.8039326
64.799995 89.0 0.72808987
90.45 89.0 1.0162921
76.95 89.0 0.86460674
76.95 89.0 0.86460674
82.350006 89.0 0.9252809
79.65 89.0 0.89494383
79.65 90.0 0.885
85.05 90.0 0.945
78.3 90.0 0.87
70.2 90.0 0.78
64.8 90.0 0.72
90.45 90.0 1.005
67.5 90.0 0.75
64.8 90.0 0.72
62.1 90.0 0.69
75.6 90.0 0.84
85.05 90.0 0.945
81.0 90.0 0.9
79.65 90.0 0.885
75.6 90.0 0.84
89.1 90.0 0.99
70.2 90.0 0.78
70.2 90.0 0.78
63.449997 90.0 0.705
81.0 90.0 0.9
79.65 90.0 0.885
79.65 90.0 0.885
72.9 90.0 0.81
70.2 90.0 0.78
74.25 90.0 0.825
56.7 90.0 0.63
78.3 90.0 0.87
78.3 90.0 0.87
78.3 90.0 0.87
67.5 90.0 0.75
67.5 90.0 0.75
67.5 90.0 0.75
76.950005 90.0 0.855
78.3 90.0 0.87
89.1 90.0 0.99
66.15 90.0 0.735
86.4 90.0 0.96
62.1 90.0 0.69
76.950005 90.0 0.855
79.65 90.0 0.885
83.7 90.0 0.93
71.55 90.0 0.795
