130.39778 1.0 130.39778
260.71307 2.0 130.35654
390.9919 3.0 130.33067
521.2286 4.0 130.30714
651.1563 5.0 130.23116
781.20984 6.0 130.20164
911.0406 7.0 130.14867
1040.4092 8.0 130.05115
1169.9716 9.0 129.99695
1297.9503 10.0 129.79532
1229.6312 11.0 111.78479
1233.6176 12.0 102.80147
1177.8585 13.0 90.604546
1182.1368 14.0 84.43821
1165.4641 15.000001 77.69757
1174.7866 16.0 73.424164
1141.2954 17.0 67.13509
1134.0189 18.0 63.00094
1133.2426 19.0 59.644382
1120.542 20.0 56.027077
1112.9688 21.0 52.998367
1103.1454 22.0 50.143085
1090.1656 23.0 47.398457
1074.7736 24.0 44.782158
1059.4843 25.0 42.3794
1059.6278 26.0 40.754887
1039.2229 27.000002 38.48978
1030.618 28.0 36.807808
1015.5635 29.0 35.019405
1003.1747 30.000002 33.439213
996.1381 31.0 32.133553
979.9802 32.0 30.624382
965.3787 33.0 29.253902
953.9147 34.0 28.056347
945.0008 35.0 27.00003
936.0907 36.0 26.00251
919.3802 37.0 24.848104
906.5032 38.0 23.855335
896.9836 39.0 22.999638
888.0937 40.0 22.2023
872.2247 41.0 21.27375
860.7885 42.0 20.494976
846.5876 43.0 19.688042
832.7547 44.0 18.926233
820.5593 45.0 18.23462
809.4465 46.0 17.59666
794.1264 47.0 16.89635
784.0897 48.0 16.335258
768.2299 49.0 15.678158
755.6812 50.0 15.113629
742.5483 51.0 14.559781
730.26373 52.0 14.043511
718.13965 52.999996 13.549811
703.1991 54.000004 13.022209
690.6092 55.0 12.556492
676.2425 56.0 12.075764
660.8594 57.0 11.594028
649.2455 58.0 11.193924
636.8429 58.999996 10.793964
622.637 60.000004 10.377296
609.0832 61.0 9.984981
593.5759 62.0 9.573814
581.3159 63.0 9.227233
566.93243 64.0 8.858319
551.3467 65.0 8.482255
537.3536 66.0 8.141727
523.58453 67.0 7.814666
509.17456 68.0 7.487854
493.7315 69.0 7.1553335
480.1361 70.0 6.859086
465.3613 71.0 6.5543814
452.06024 72.0 6.2786164
437.594 73.0 5.994417
421.58234 74.0 5.6970453
407.86902 75.0 5.438246
391.77823 76.0 5.1549726
377.21896 77.0 4.8989353
363.63364 78.0 4.661978
347.5881 79.0 4.3998647
332.1782 80.0 4.1522303
316.5174 81.0 3.9076204
300.9546 82.0 3.6701734
285.35422 83.0 3.4380043
270.60248 84.0 3.2214508
255.1196 85.0 3.0014093
238.9852 86.0 2.7789042
223.3619 87.0 2.5673795
207.40816 88.0 2.356913
191.15367 89.0 2.1477942
174.72302 90.0 1.9413662
158.34964 91.0 1.7401148
141.86797 92.0 1.5420427
125.20625 93.0 1.3463086
107.82472 94.0 1.147071
90.58464 95.0 0.9535244
73.1694 96.0 0.76218176
55.26795 97.0 0.5697704
37.168785 98.0 0.3792726
18.669008 99.0 0.18857506
0.0 100.0 0.0
