0.1 10001 135
0.1 10002 135
0.1 10003 135
0.1 10004 118
0.1 10005 118
0.1 10006 124
0.1 10007 135
0.1 10008 135
0.1 10009 135
0.1 10010 135
0.1 10011 135
0.1 10012 135
0.1 10013 135
0.1 10014 135
0.1 10015 135
0.1 10016 129
0.1 10017 124
0.1 10018 135
0.1 10019 135
0.1 10020 135
0.1 10021 135
0.1 10022 113
0.1 10023 113
0.1 10024 129
0.1 10025 135
0.1 10026 135
0.1 10027 135
0.1 10028 135
0.1 10029 135
0.1 10030 124
0.1 10031 135
0.1 10032 135
0.1 10033 135
0.1 10034 129
0.1 10035 113
0.1 10036 124
0.1 10037 97
0.1 10038 118
0.1 10039 135
0.1 10040 135
0.1 10041 135
0.1 10042 135
0.1 10043 135
0.1 10044 135
0.1 10045 124
0.1 10046 113
0.1 10047 86
0.1 10048 86
0.1 10049 97
0.1 10050 118
0.1 10051 135
0.1 10052 135
0.1 10053 135
0.1 10054 135
0.1 10055 135
0.1 10056 135
0.1 10057 135
0.1 10058 124
0.1 10059 135
0.1 10060 135
0.1 10061 135
0.1 10062 135
0.1 10063 129
0.1 10064 118
0.1 10065 135
0.1 10066 135
0.1 10067 118
0.1 10068 124
0.1 10069 124
0.1 10070 135
0.1 10071 118
0.1 10072 135
0.1 10073 135
0.1 10074 118
0.1 10075 118
0.1 10076 135
0.1 10077 135
0.1 10078 135
0.1 10079 118
0.1 10080 118
0.1 10081 135
0.1 10082 135
0.1 10083 118
0.1 10084 129
0.1 10085 135
0.1 10086 135
0.1 10087 135
0.1 10088 118
0.1 10089 129
0.1 10090 135
0.1 10091 129
0.1 10092 135
0.1 10093 135
0.1 10094 129
0.1 10095 118
0.1 10096 118
0.1 10097 135
0.1 10098 135
0.1 10099 135
0.1 10100 135
0.1 10101 135
0.1 10102 135
0.1 10103 135
0.1 10104 135
0.1 10105 124
0.1 10106 124
0.1 10107 135
0.1 10108 124
0.1 10109 124
0.1 10110 135
0.1 10111 135
0.1 10112 108
0.1 10113 129
0.1 10114 135
0.1 10115 135
0.1 10116 135
0.1 10117 135
0.1 10118 113
0.1 10119 124
0.1 10120 135
0.1 10121 135
0.1 10122 135
0.1 10123 135
0.1 10124 135
0.1 10125 124
0.1 10126 108
0.1 10127 118
0.1 10128 118
0.1 10129 118
0.1 10130 124
0.1 10131 129
0.1 10132 129
0.1 10133 135
0.1 10134 135
0.1 10135 113
0.1 10136 113
0.1 10137 129
0.1 10138 135
0.1 10139 118
0.1 10140 129
0.1 10141 135
0.1 10142 135
0.1 10143 129
0.1 10144 118
0.1 10145 135
0.1 10146 113
0.1 10147 118
0.1 10148 118
0.1 10149 135
0.1 10150 135
0.1 10151 135
0.1 10152 135
0.1 10153 124
0.1 10154 129
0.1 10155 135
0.1 10156 135
0.1 10157 118
0.1 10158 118
0.1 10159 135
0.1 10160 135
0.1 10161 135
0.1 10162 135
0.1 10163 135
0.1 10164 135
0.1 10165 113
0.1 10166 124
0.1 10167 135
0.1 10168 135
0.1 10169 118
0.1 10170 135
0.1 10171 135
0.1 10172 135
0.1 10173 135
0.1 10174 135
0.1 10175 135
0.1 10176 135
0.1 10177 135
0.1 10178 135
0.1 10179 135
0.1 10180 135
0.1 10181 135
0.1 10182 135
0.1 10183 135
0.1 10184 135
0.1 10185 129
0.1 10186 124
0.1 10187 118
0.1 10188 135
0.1 10189 118
0.1 10190 135
0.1 10191 135
0.1 10192 135
0.1 10193 135
0.1 10194 118
0.1 10195 135
0.1 10196 135
0.1 10197 118
0.1 10198 129
0.1 10199 118
0.1 10200 118
0.1 10201 124
0.1 10202 135
0.1 10203 135
0.1 10204 135
0.1 10205 124
0.1 10206 135
0.1 10207 124
0.1 10208 124
0.1 10209 135
0.1 10210 135
0.1 10211 135
0.1 10212 135
0.1 10213 124
0.1 10214 135
0.1 10215 124
0.1 10216 135
0.1 10217 135
0.1 10218 135
0.1 10219 135
0.1 10220 113
0.1 10221 135
0.1 10222 135
0.1 10223 118
0.1 10224 135
0.1 10225 135
0.1 10226 124
0.1 10227 135
0.1 10228 113
0.1 10229 118
0.1 10230 135
0.1 10231 135
0.1 10232 135
0.1 10233 135
0.1 10234 124
0.1 10235 124
0.1 10236 113
0.1 10237 124
0.1 10238 124
0.1 10239 118
0.1 10240 129
0.1 10241 135
0.1 10242 135
0.1 10243 135
0.1 10244 135
0.1 10245 135
0.1 10246 135
0.1 10247 118
0.1 10248 129
0.1 10249 124
0.1 10250 135
0.1 10251 118
0.1 10252 135
0.1 10253 135
0.1 10254 135
0.1 10255 118
0.1 10256 118
0.1 10257 129
0.1 10258 118
0.1 10259 124
0.1 10260 135
0.1 10261 135
0.1 10262 135
0.1 10263 124
0.1 10264 118
0.1 10265 118
0.1 10266 135
0.1 10267 124
0.1 10268 124
0.1 10269 135
0.1 10270 113
0.1 10271 118
0.1 10272 135
0.1 10273 135
0.1 10274 135
0.1 10275 124
0.1 10276 135
0.1 10277 135
0.1 10278 124
0.1 10279 135
0.1 10280 135
0.1 10281 135
0.1 10282 135
0.1 10283 135
0.1 10284 135
0.1 10285 135
0.1 10286 135
0.1 10287 135
0.1 10288 135
0.1 10289 135
0.1 10290 135
0.1 10291 124
0.1 10292 113
0.1 10293 113
0.1 10294 129
0.1 10295 135
0.1 10296 124
0.1 10297 135
0.1 10298 135
0.1 10299 135
0.1 10300 124
0.1 10301 118
0.1 10302 118
0.1 10303 129
0.1 10304 129
0.1 10305 129
0.1 10306 135
0.1 10307 135
0.1 10308 135
0.1 10309 124
0.1 10310 124
0.1 10311 129
0.1 10312 118
0.1 10313 124
0.1 10314 118
0.1 10315 135
0.1 10316 135
0.1 10317 135
0.1 10318 135
0.1 10319 113
0.1 10320 129
0.1 10321 135
0.1 10322 135
0.1 10323 118
0.1 10324 129
0.1 10325 113
0.1 10326 113
0.1 10327 124
0.1 10328 135
0.1 10329 135
0.1 10330 135
0.1 10331 124
0.1 10332 124
0.1 10333 135
0.1 10334 135
0.1 10335 124
0.1 10336 135
0.1 10337 135
0.1 10338 135
0.1 10339 135
0.1 10340 135
0.1 10341 135
0.1 10342 124
0.1 10343 124
0.1 10344 135
0.1 10345 135
0.1 10346 135
0.1 10347 124
0.1 10348 108
0.1 10349 124
0.1 10350 118
0.1 10351 135
0.1 10352 135
0.1 10353 135
0.1 10354 135
0.1 10355 124
0.1 10356 135
0.1 10357 135
0.1 10358 124
0.1 10359 135
0.1 10360 124
0.1 10361 135
0.1 10362 135
0.1 10363 118
0.1 10364 135
0.1 10365 135
0.1 10366 135
0.1 10367 118
0.1 10368 135
0.1 10369 135
0.1 10370 124
0.1 10371 70
0.1 10372 16
0.1 10373 0
0.1 10374 5
0.1 10375 16
0.1 10376 10
0.1 10377 21
0.1 10378 43
0.1 10379 48
0.1 10380 59
0.1 10381 75
0.1 10382 70
0.1 10383 70
0.1 10384 70
0.1 10385 75
0.1 10386 48
0.1 10387 5
0.1 10388 0
0.1 10389 0
0.1 10390 0
0.1 10391 10
0.1 10392 0
0.1 10393 0
0.1 10394 0
0.1 10395 5
0.1 10396 10
0.1 10397 16
0.1 10398 16
0.1 10399 0
0.1 10400 10
0.1 10401 21
0.1 10402 43
0.1 10403 43
0.1 10404 59
0.1 10405 70
0.1 10406 70
0.1 10407 16
0.1 10408 0
0.1 10409 0
0.1 10410 0
0.1 10411 0
0.1 10412 5
0.1 10413 16
0.1 10414 5
0.1 10415 16
0.1 10416 16
0.1 10417 27
0.1 10418 5
0.1 10419 0
0.1 10420 0
0.1 10421 5
0.1 10422 16
0.1 10423 37
0.1 10424 59
0.1 10425 59
0.1 10426 70
0.1 10427 75
0.1 10428 48
0.1 10429 0
0.1 10430 0
0.1 10431 0
0.1 10432 5
0.1 10433 27
0.1 10434 37
0.1 10435 37
0.1 10436 32
0.1 10437 10
0.1 10438 0
0.1 10439 5
0.1 10440 5
0.1 10441 16
0.1 10442 5
0.1 10443 0
0.1 10444 0
0.1 10445 0
0.1 10446 0
0.1 10447 0
0.1 10448 0
0.1 10449 0
0.1 10450 0
0.1 10451 0
0.1 10452 0
0.1 10453 16
0.1 10454 5
0.1 10455 10
0.1 10456 10
0.1 10457 16
0.1 10458 27
0.1 10459 32
0.1 10460 37
0.1 10461 59
0.1 10462 59
0.1 10463 59
0.1 10464 75
0.1 10465 86
0.1 10466 91
0.1 10467 97
0.1 10468 102
0.1 10469 118
0.1 10470 135
0.1 10471 135
0.1 10472 135
0.1 10473 118
0.1 10474 118
0.1 10475 118
0.1 10476 118
0.1 10477 118
0.1 10478 118
0.1 10479 118
0.1 10480 118
0.1 10481 135
0.1 10482 135
0.1 10483 118
0.1 10484 135
0.1 10485 124
0.1 10486 135
0.1 10487 124
0.1 10488 135
0.1 10489 135
0.1 10490 113
0.1 10491 118
0.1 10492 135
0.1 10493 135
0.1 10494 124
0.1 10495 135
0.1 10496 135
0.1 10497 135
0.1 10498 135
0.1 10499 124
0.1 10500 124
0.1 10501 135
0.1 10502 124
0.1 10503 135
0.1 10504 135
0.1 10505 118
0.1 10506 135
0.1 10507 118
0.1 10508 129
0.1 10509 135
0.1 10510 135
0.1 10511 113
0.1 10512 113
0.1 10513 129
0.1 10514 113
0.1 10515 113
0.1 10516 129
0.1 10517 113
0.1 10518 113
0.1 10519 113
0.1 10520 135
0.1 10521 135
0.1 10522 135
0.1 10523 135
0.1 10524 135
0.1 10525 135
0.1 10526 135
0.1 10527 135
0.1 10528 113
0.1 10529 124
0.1 10530 135
0.1 10531 118
0.1 10532 129
0.1 10533 135
0.1 10534 135
0.1 10535 135
0.1 10536 135
0.1 10537 135
0.1 10538 135
0.1 10539 135
0.1 10540 124
0.1 10541 135
0.1 10542 135
0.1 10543 135
0.1 10544 135
0.1 10545 135
0.1 10546 135
0.1 10547 135
0.1 10548 124
0.1 10549 124
0.1 10550 118
0.1 10551 129
0.1 10552 135
0.1 10553 135
0.1 10554 135
0.1 10555 135
0.1 10556 118
0.1 10557 129
0.1 10558 135
0.1 10559 124
0.1 10560 135
0.1 10561 135
0.1 10562 135
0.1 10563 135
0.1 10564 135
0.1 10565 135
0.1 10566 135
0.1 10567 135
0.1 10568 135
0.1 10569 124
0.1 10570 135
0.1 10571 135
0.1 10572 135
0.1 10573 124
0.1 10574 129
0.1 10575 135
0.1 10576 113
0.1 10577 124
0.1 10578 135
0.1 10579 135
0.1 10580 135
0.1 10581 135
0.1 10582 135
0.1 10583 135
0.1 10584 135
0.1 10585 135
0.1 10586 135
0.1 10587 135
0.1 10588 118
0.1 10589 118
0.1 10590 129
0.1 10591 135
0.1 10592 135
0.1 10593 135
0.1 10594 135
0.1 10595 113
0.1 10596 113
0.1 10597 129
0.1 10598 135
0.1 10599 135
0.1 10600 113
0.1 10601 129
0.1 10602 135
0.1 10603 135
0.1 10604 135
0.1 10605 124
0.1 10606 124
0.1 10607 135
0.1 10608 135
0.1 10609 135
0.1 10610 129
0.1 10611 135
0.1 10612 135
0.1 10613 135
0.1 10614 129
0.1 10615 135
0.1 10616 135
0.1 10617 135
0.1 10618 135
0.1 10619 135
0.1 10620 118
0.1 10621 124
0.1 10622 135
0.1 10623 135
0.1 10624 135
0.1 10625 135
0.1 10626 135
0.1 10627 135
0.1 10628 135
0.1 10629 135
0.1 10630 135
0.1 10631 135
0.1 10632 135
0.1 10633 135
0.1 10634 135
0.1 10635 135
0.1 10636 124
0.1 10637 135
0.1 10638 135
0.1 10639 135
0.1 10640 135
0.1 10641 135
0.1 10642 108
0.1 10643 118
0.1 10644 124
0.1 10645 135
0.1 10646 135
0.1 10647 124
0.1 10648 129
0.1 10649 113
0.1 10650 124
0.1 10651 129
0.1 10652 135
0.1 10653 118
0.1 10654 124
0.1 10655 135
0.1 10656 135
0.1 10657 135
0.1 10658 135
0.1 10659 118
0.1 10660 118
0.1 10661 129
0.1 10662 135
0.1 10663 124
0.1 10664 135
0.1 10665 135
0.1 10666 135
0.1 10667 129
0.1 10668 135
0.1 10669 102
0.1 10670 124
0.1 10671 113
0.1 10672 124
0.1 10673 118
0.1 10674 135
0.1 10675 135
0.1 10676 129
0.1 10677 118
0.1 10678 129
0.1 10679 124
0.1 10680 118
0.1 10681 118
0.1 10682 135
0.1 10683 124
0.1 10684 118
0.1 10685 135
0.1 10686 113
0.1 10687 118
0.1 10688 124
0.1 10689 135
0.1 10690 113
0.1 10691 129
0.1 10692 135
0.1 10693 135
0.1 10694 135
0.1 10695 135
0.1 10696 124
0.1 10697 135
0.1 10698 135
0.1 10699 135
0.1 10700 135
0.1 10701 118
0.1 10702 135
0.1 10703 135
0.1 10704 135
0.1 10705 135
0.1 10706 135
0.1 10707 118
0.1 10708 118
0.1 10709 129
0.1 10710 124
0.1 10711 124
0.1 10712 113
0.1 10713 118
0.1 10714 129
0.1 10715 124
0.1 10716 129
0.1 10717 135
0.1 10718 135
0.1 10719 118
0.1 10720 135
0.1 10721 129
0.1 10722 135
0.1 10723 124
0.1 10724 129
0.1 10725 135
0.1 10726 135
0.1 10727 118
0.1 10728 135
0.1 10729 118
0.1 10730 129
0.1 10731 135
0.1 10732 135
0.1 10733 124
0.1 10734 135
0.1 10735 135
0.1 10736 135
0.1 10737 135
0.1 10738 135
0.1 10739 135
0.1 10740 135
0.1 10741 135
0.1 10742 118
0.1 10743 124
0.1 10744 135
0.1 10745 135
0.1 10746 135
0.1 10747 135
0.1 10748 118
0.1 10749 124
0.1 10750 135
0.1 10751 108
0.1 10752 108
0.1 10753 124
0.1 10754 118
0.1 10755 135
0.1 10756 118
0.1 10757 129
0.1 10758 135
0.1 10759 135
0.1 10760 135
0.1 10761 135
0.1 10762 129
0.1 10763 135
0.1 10764 135
0.1 10765 124
0.1 10766 118
0.1 10767 135
0.1 10768 135
0.1 10769 135
0.1 10770 135
0.1 10771 135
0.1 10772 135
0.1 10773 135
0.1 10774 135
0.1 10775 118
0.1 10776 124
0.1 10777 135
0.1 10778 135
0.1 10779 129
0.1 10780 113
0.1 10781 124
0.1 10782 129
0.1 10783 135
0.1 10784 113
0.1 10785 129
0.1 10786 135
0.1 10787 135
0.1 10788 135
0.1 10789 135
0.1 10790 135
0.1 10791 135
0.1 10792 135
0.1 10793 135
0.1 10794 124
0.1 10795 118
0.1 10796 124
0.1 10797 135
0.1 10798 124
0.1 10799 113
0.1 10800 129
0.1 10801 135
0.1 10802 135
0.1 10803 135
0.1 10804 118
0.1 10805 135
0.1 10806 135
0.1 10807 118
0.1 10808 118
0.1 10809 129
0.1 10810 135
0.1 10811 135
0.1 10812 129
0.1 10813 135
0.1 10814 135
0.1 10815 135
0.1 10816 113
0.1 10817 135
0.1 10818 135
0.1 10819 118
0.1 10820 108
0.1 10821 124
0.1 10822 124
0.1 10823 135
0.1 10824 135
0.1 10825 124
0.1 10826 129
0.1 10827 135
0.1 10828 135
0.1 10829 135
0.1 10830 135
0.1 10831 135
0.1 10832 118
0.1 10833 124
0.1 10834 135
0.1 10835 113
0.1 10836 124
0.1 10837 124
0.1 10838 135
0.1 10839 135
0.1 10840 135
0.1 10841 135
0.1 10842 135
0.1 10843 118
0.1 10844 113
0.1 10845 124
0.1 10846 81
0.1 10847 0
0.1 10848 0
0.1 10849 10
0.1 10850 10
0.1 10851 21
0.1 10852 5
0.1 10853 10
0.1 10854 21
0.1 10855 32
0.1 10856 32
0.1 10857 16
0.1 10858 0
0.1 10859 5
0.1 10860 0
0.1 10861 10
0.1 10862 16
0.1 10863 5
0.1 10864 16
0.1 10865 37
0.1 10866 0
0.1 10867 10
0.1 10868 0
0.1 10869 0
0.1 10870 16
0.1 10871 27
0.1 10872 0
0.1 10873 0
0.1 10874 10
0.1 10875 10
0.1 10876 16
0.1 10877 21
0.1 10878 0
0.1 10879 10
0.1 10880 16
0.1 10881 16
0.1 10882 0
0.1 10883 0
0.1 10884 0
0.1 10885 16
0.1 10886 32
0.1 10887 43
0.1 10888 43
0.1 10889 48
0.1 10890 64
0.1 10891 86
0.1 10892 102
0.1 10893 113
0.1 10894 118
0.1 10895 135
0.1 10896 135
0.1 10897 135
0.1 10898 135
0.1 10899 135
0.1 10900 135
0.1 10901 135
0.1 10902 135
0.1 10903 113
0.1 10904 113
0.1 10905 135
0.1 10906 135
0.1 10907 118
0.1 10908 135
0.1 10909 135
0.1 10910 129
0.1 10911 135
0.1 10912 124
0.1 10913 124
0.1 10914 118
0.1 10915 135
0.1 10916 135
0.1 10917 135
0.1 10918 124
0.1 10919 135
0.1 10920 135
0.1 10921 135
0.1 10922 124
0.1 10923 135
0.1 10924 135
0.1 10925 135
0.1 10926 135
0.1 10927 135
0.1 10928 135
0.1 10929 118
0.1 10930 135
0.1 10931 118
0.1 10932 118
0.1 10933 129
0.1 10934 124
0.1 10935 118
0.1 10936 129
0.1 10937 135
0.1 10938 135
0.1 10939 118
0.1 10940 135
0.1 10941 135
0.1 10942 135
0.1 10943 135
0.1 10944 135
0.1 10945 135
0.1 10946 135
0.1 10947 135
0.1 10948 118
0.1 10949 129
0.1 10950 135
0.1 10951 135
0.1 10952 135
0.1 10953 113
0.1 10954 129
0.1 10955 135
0.1 10956 135
0.1 10957 124
0.1 10958 135
0.1 10959 135
0.1 10960 135
0.1 10961 135
0.1 10962 135
0.1 10963 135
0.1 10964 135
0.1 10965 124
0.1 10966 135
0.1 10967 135
0.1 10968 135
0.1 10969 135
0.1 10970 118
0.1 10971 118
0.1 10972 135
0.1 10973 118
0.1 10974 129
0.1 10975 135
0.1 10976 135
0.1 10977 135
0.1 10978 135
0.1 10979 135
0.1 10980 135
0.1 10981 135
0.1 10982 124
0.1 10983 129
0.1 10984 118
0.1 10985 135
0.1 10986 118
0.1 10987 135
0.1 10988 135
0.1 10989 135
0.1 10990 118
0.1 10991 135
0.1 10992 135
0.1 10993 135
0.1 10994 124
0.1 10995 124
0.1 10996 135
0.1 10997 135
0.1 10998 108
0.1 10999 124
0.1 11000 135
0.1 11001 135
0.1 11002 118
0.1 11003 135
0.1 11004 113
0.1 11005 113
0.1 11006 124
0.1 11007 135
0.1 11008 135
0.1 11009 108
0.1 11010 108
0.1 11011 108
0.1 11012 118
0.1 11013 124
0.1 11014 135
0.1 11015 135
0.1 11016 135
0.1 11017 135
0.1 11018 135
0.1 11019 135
0.1 11020 135
0.1 11021 135
0.1 11022 113
0.1 11023 124
0.1 11024 118
0.1 11025 118
0.1 11026 135
0.1 11027 135
0.1 11028 135
0.1 11029 135
0.1 11030 113
0.1 11031 129
0.1 11032 118
0.1 11033 135
0.1 11034 135
0.1 11035 135
0.1 11036 135
0.1 11037 135
0.1 11038 135
0.1 11039 135
0.1 11040 135
0.1 11041 135
0.1 11042 135
0.1 11043 135
0.1 11044 135
0.1 11045 135
0.1 11046 135
0.1 11047 135
0.1 11048 135
0.1 11049 135
0.1 11050 135
0.1 11051 135
0.1 11052 135
0.1 11053 135
0.1 11054 135
0.1 11055 118
0.1 11056 118
0.1 11057 135
0.1 11058 135
0.1 11059 135
0.1 11060 135
0.1 11061 124
0.1 11062 135
0.1 11063 135
0.1 11064 135
0.1 11065 135
0.1 11066 135
0.1 11067 135
0.1 11068 135
0.1 11069 135
0.1 11070 135
0.1 11071 135
0.1 11072 113
0.1 11073 113
0.1 11074 135
0.1 11075 135
0.1 11076 113
0.1 11077 113
0.1 11078 124
0.1 11079 135
0.1 11080 135
0.1 11081 135
0.1 11082 135
0.1 11083 135
0.1 11084 135
0.1 11085 135
0.1 11086 135
0.1 11087 135
0.1 11088 129
0.1 11089 135
0.1 11090 135
0.1 11091 135
0.1 11092 118
0.1 11093 118
0.1 11094 118
0.1 11095 118
0.1 11096 118
0.1 11097 124
0.1 11098 124
0.1 11099 135
0.1 11100 135
0.1 11101 135
0.1 11102 135
0.1 11103 135
0.1 11104 129
0.1 11105 124
0.1 11106 135
0.1 11107 118
0.1 11108 124
0.1 11109 135
0.1 11110 135
0.1 11111 135
0.1 11112 124
0.1 11113 113
0.1 11114 113
0.1 11115 113
0.1 11116 129
0.1 11117 118
0.1 11118 118
0.1 11119 129
0.1 11120 118
0.1 11121 135
0.1 11122 129
0.1 11123 135
0.1 11124 135
0.1 11125 118
0.1 11126 135
0.1 11127 135
0.1 11128 135
0.1 11129 135
0.1 11130 135
0.1 11131 135
0.1 11132 135
0.1 11133 118
0.1 11134 124
0.1 11135 124
0.1 11136 124
0.1 11137 135
0.1 11138 135
0.1 11139 135
0.1 11140 135
0.1 11141 135
0.1 11142 124
0.1 11143 124
0.1 11144 135
0.1 11145 135
0.1 11146 129
0.1 11147 124
0.1 11148 135
0.1 11149 135
0.1 11150 135
0.1 11151 135
0.1 11152 118
0.1 11153 135
0.1 11154 135
0.1 11155 135
0.1 11156 135
0.1 11157 135
0.1 11158 135
0.1 11159 118
0.1 11160 124
0.1 11161 124
0.1 11162 135
0.1 11163 135
0.1 11164 129
0.1 11165 135
0.1 11166 118
0.1 11167 118
0.1 11168 135
0.1 11169 135
0.1 11170 135
0.1 11171 135
0.1 11172 124
0.1 11173 135
0.1 11174 135
0.1 11175 135
0.1 11176 135
0.1 11177 135
0.1 11178 135
0.1 11179 135
0.1 11180 135
0.1 11181 135
0.1 11182 135
0.1 11183 135
0.1 11184 113
0.1 11185 135
0.1 11186 135
0.1 11187 113
0.1 11188 113
0.1 11189 118
0.1 11190 129
0.1 11191 118
0.1 11192 118
0.1 11193 135
0.1 11194 135
0.1 11195 135
0.1 11196 135
0.1 11197 118
0.1 11198 124
0.1 11199 135
0.1 11200 118
0.1 11201 135
0.1 11202 135
0.1 11203 135
0.1 11204 135
0.1 11205 135
0.1 11206 135
0.1 11207 124
0.1 11208 124
0.1 11209 135
0.1 11210 118
0.1 11211 135
0.1 11212 135
0.1 11213 135
0.1 11214 118
0.1 11215 129
0.1 11216 135
0.1 11217 135
0.1 11218 135
0.1 11219 135
0.1 11220 135
0.1 11221 135
0.1 11222 129
0.1 11223 135
0.1 11224 113
0.1 11225 129
0.1 11226 135
0.1 11227 113
0.1 11228 129
0.1 11229 129
0.1 11230 135
0.1 11231 135
0.1 11232 129
0.1 11233 129
0.1 11234 135
0.1 11235 135
0.1 11236 135
0.1 11237 129
0.1 11238 135
0.1 11239 135
0.1 11240 135
0.1 11241 135
0.1 11242 129
0.1 11243 124
0.1 11244 135
0.1 11245 135
0.1 11246 118
0.1 11247 135
0.1 11248 135
0.1 11249 135
0.1 11250 118
0.1 11251 129
0.1 11252 113
0.1 11253 113
0.1 11254 113
0.1 11255 135
0.1 11256 135
0.1 11257 135
0.1 11258 118
0.1 11259 124
0.1 11260 135
0.1 11261 135
0.1 11262 135
0.1 11263 135
0.1 11264 102
0.1 11265 0
0.1 11266 0
0.1 11267 0
0.1 11268 0
0.1 11269 0
0.1 11270 0
0.1 11271 0
0.1 11272 0
0.1 11273 0
0.1 11274 10
0.1 11275 21
0.1 11276 32
0.1 11277 0
0.1 11278 0
0.1 11279 0
0.1 11280 0
0.1 11281 16
0.1 11282 27
0.1 11283 43
0.1 11284 43
0.1 11285 48
0.1 11286 0
0.1 11287 0
0.1 11288 10
0.1 11289 21
0.1 11290 5
0.1 11291 0
0.1 11292 0
0.1 11293 5
0.1 11294 0
0.1 11295 0
0.1 11296 0
0.1 11297 10
0.1 11298 10
0.1 11299 10
0.1 11300 27
0.1 11301 43
0.1 11302 59
0.1 11303 37
0.1 11304 48
0.1 11305 37
0.1 11306 0
0.1 11307 5
0.1 11308 16
0.1 11309 10
0.1 11310 10
0.1 11311 10
0.1 11312 10
0.1 11313 21
0.1 11314 43
0.1 11315 54
0.1 11316 64
0.1 11317 64
0.1 11318 81
0.1 11319 81
0.1 11320 97
0.1 11321 118
0.1 11322 86
0.1 11323 0
0.1 11324 0
0.1 11325 0
0.1 11326 0
0.1 11327 10
0.1 11328 10
0.1 11329 16
0.1 11330 16
0.1 11331 32
0.1 11332 5
0.1 11333 0
0.1 11334 0
0.1 11335 16
0.1 11336 16
0.1 11337 32
0.1 11338 54
0.1 11339 48
0.1 11340 5
0.1 11341 5
0.1 11342 16
0.1 11343 21
0.1 11344 37
0.1 11345 37
0.1 11346 48
0.1 11347 59
0.1 11348 75
0.1 11349 81
0.1 11350 5
0.1 11351 0
0.1 11352 0
0.1 11353 0
0.1 11354 0
0.1 11355 0
0.1 11356 10
0.1 11357 21
0.1 11358 27
0.1 11359 32
0.1 11360 43
0.1 11361 59
0.1 11362 81
0.1 11363 81
0.1 11364 81
0.1 11365 97
0.1 11366 97
0.1 11367 102
0.1 11368 102
0.1 11369 118
0.1 11370 118
0.1 11371 118
0.1 11372 124
0.1 11373 135
0.1 11374 135
0.1 11375 118
0.1 11376 129
0.1 11377 135
0.1 11378 129
0.1 11379 135
0.1 11380 135
0.1 11381 118
0.1 11382 135
0.1 11383 135
0.1 11384 135
0.1 11385 135
0.1 11386 135
0.1 11387 135
0.1 11388 135
0.1 11389 135
0.1 11390 135
0.1 11391 135
0.1 11392 135
0.1 11393 135
0.1 11394 135
0.1 11395 129
0.1 11396 135
0.1 11397 135
0.1 11398 135
0.1 11399 135
0.1 11400 135
0.1 11401 118
0.1 11402 129
0.1 11403 135
0.1 11404 135
0.1 11405 124
0.1 11406 124
0.1 11407 118
0.1 11408 135
0.1 11409 135
0.1 11410 124
0.1 11411 124
0.1 11412 129
0.1 11413 135
0.1 11414 135
0.1 11415 135
0.1 11416 135
0.1 11417 113
0.1 11418 113
0.1 11419 129
0.1 11420 124
0.1 11421 129
0.1 11422 135
0.1 11423 118
0.1 11424 118
0.1 11425 135
0.1 11426 135
0.1 11427 135
0.1 11428 135
0.1 11429 135
0.1 11430 129
0.1 11431 113
0.1 11432 118
0.1 11433 118
0.1 11434 129
0.1 11435 135
0.1 11436 118
0.1 11437 129
0.1 11438 124
0.1 11439 129
0.1 11440 135
0.1 11441 135
0.1 11442 124
0.1 11443 129
0.1 11444 135
0.1 11445 135
0.1 11446 135
0.1 11447 135
0.1 11448 118
0.1 11449 135
0.1 11450 118
0.1 11451 135
0.1 11452 135
0.1 11453 135
0.1 11454 135
0.1 11455 129
0.1 11456 135
0.1 11457 135
0.1 11458 135
0.1 11459 118
0.1 11460 129
0.1 11461 135
0.1 11462 135
0.1 11463 135
0.1 11464 135
0.1 11465 124
0.1 11466 118
0.1 11467 135
0.1 11468 135
0.1 11469 135
0.1 11470 135
0.1 11471 135
0.1 11472 135
0.1 11473 135
0.1 11474 113
0.1 11475 129
0.1 11476 135
0.1 11477 135
0.1 11478 135
0.1 11479 135
0.1 11480 118
0.1 11481 135
0.1 11482 135
0.1 11483 113
0.1 11484 129
0.1 11485 135
0.1 11486 135
0.1 11487 135
0.1 11488 135
0.1 11489 135
0.1 11490 135
0.1 11491 135
0.1 11492 135
0.1 11493 135
0.1 11494 135
0.1 11495 135
0.1 11496 135
0.1 11497 118
0.1 11498 135
0.1 11499 135
0.1 11500 118
0.1 11501 135
0.1 11502 135
0.1 11503 124
0.1 11504 135
0.1 11505 135
0.1 11506 135
0.1 11507 135
0.1 11508 135
0.1 11509 135
0.1 11510 135
0.1 11511 135
0.1 11512 135
0.1 11513 135
0.1 11514 135
0.1 11515 135
0.1 11516 118
0.1 11517 135
0.1 11518 102
0.1 11519 108
0.1 11520 124
0.1 11521 135
0.1 11522 129
0.1 11523 135
0.1 11524 118
0.1 11525 135
0.1 11526 135
0.1 11527 135
0.1 11528 124
0.1 11529 135
0.1 11530 135
0.1 11531 124
0.1 11532 124
0.1 11533 135
0.1 11534 124
0.1 11535 124
0.1 11536 124
0.1 11537 135
0.1 11538 124
0.1 11539 118
0.1 11540 124
0.1 11541 113
0.1 11542 129
0.1 11543 135
0.1 11544 124
0.1 11545 135
0.1 11546 113
0.1 11547 113
0.1 11548 113
0.1 11549 113
0.1 11550 118
0.1 11551 124
0.1 11552 135
0.1 11553 135
0.1 11554 135
0.1 11555 135
0.1 11556 129
0.1 11557 135
0.1 11558 135
0.1 11559 135
0.1 11560 108
0.1 11561 118
0.1 11562 124
0.1 11563 135
0.1 11564 124
0.1 11565 135
0.1 11566 129
0.1 11567 129
0.1 11568 135
0.1 11569 135
0.1 11570 129
0.1 11571 118
0.1 11572 135
0.1 11573 113
0.1 11574 113
0.1 11575 113
0.1 11576 129
0.1 11577 135
0.1 11578 135
0.1 11579 135
0.1 11580 135
0.1 11581 135
0.1 11582 135
0.1 11583 135
0.1 11584 135
0.1 11585 135
0.1 11586 135
0.1 11587 118
0.1 11588 118
0.1 11589 118
0.1 11590 135
0.1 11591 135
0.1 11592 118
0.1 11593 135
0.1 11594 135
0.1 11595 135
0.1 11596 135
0.1 11597 135
0.1 11598 135
0.1 11599 135
0.1 11600 135
0.1 11601 118
0.1 11602 129
0.1 11603 135
0.1 11604 135
0.1 11605 124
0.1 11606 129
0.1 11607 135
0.1 11608 135
0.1 11609 135
0.1 11610 135
0.1 11611 113
0.1 11612 118
0.1 11613 118
0.1 11614 129
0.1 11615 135
0.1 11616 135
0.1 11617 135
0.1 11618 135
0.1 11619 135
0.1 11620 135
0.1 11621 135
0.1 11622 129
0.1 11623 135
0.1 11624 135
0.1 11625 135
0.1 11626 135
0.1 11627 124
0.1 11628 118
0.1 11629 118
0.1 11630 135
0.1 11631 135
0.1 11632 113
0.1 11633 124
0.1 11634 135
0.1 11635 129
0.1 11636 135
0.1 11637 135
0.1 11638 135
0.1 11639 135
0.1 11640 118
0.1 11641 135
0.1 11642 135
0.1 11643 135
0.1 11644 124
0.1 11645 135
0.1 11646 135
0.1 11647 129
0.1 11648 135
0.1 11649 113
0.1 11650 124
0.1 11651 135
0.1 11652 118
0.1 11653 135
0.1 11654 135
0.1 11655 135
0.1 11656 135
0.1 11657 135
0.1 11658 118
0.1 11659 118
0.1 11660 135
0.1 11661 135
0.1 11662 135
0.1 11663 135
0.1 11664 135
0.1 11665 135
0.1 11666 135
0.1 11667 135
0.1 11668 129
0.1 11669 129
0.1 11670 113
0.1 11671 124
0.1 11672 135
0.1 11673 135
0.1 11674 135
0.1 11675 124
0.1 11676 135
0.1 11677 124
0.1 11678 113
0.1 11679 129
0.1 11680 135
0.1 11681 124
0.1 11682 135
0.1 11683 135
0.1 11684 118
0.1 11685 129
0.1 11686 129
0.1 11687 135
0.1 11688 124
0.1 11689 113
0.1 11690 113
0.1 11691 129
0.1 11692 135
0.1 11693 118
0.1 11694 135
0.1 11695 108
0.1 11696 118
0.1 11697 129
0.1 11698 124
0.1 11699 129
0.1 11700 135
0.1 11701 135
0.1 11702 135
0.1 11703 135
0.1 11704 135
0.1 11705 135
0.1 11706 135
0.1 11707 135
0.1 11708 135
0.1 11709 135
0.1 11710 135
0.1 11711 135
0.1 11712 135
0.1 11713 135
0.1 11714 135
0.1 11715 124
0.1 11716 113
0.1 11717 113
0.1 11718 124
0.1 11719 135
0.1 11720 135
0.1 11721 135
0.1 11722 118
0.1 11723 135
0.1 11724 135
0.1 11725 118
0.1 11726 118
0.1 11727 118
0.1 11728 113
0.1 11729 129
0.1 11730 135
0.1 11731 113
0.1 11732 5
0.1 11733 0
0.1 11734 0
0.1 11735 5
0.1 11736 10
0.1 11737 0
0.1 11738 5
0.1 11739 0
0.1 11740 16
0.1 11741 27
0.1 11742 37
0.1 11743 48
0.1 11744 59
0.1 11745 59
0.1 11746 59
0.1 11747 59
0.1 11748 70
0.1 11749 86
0.1 11750 64
0.1 11751 16
0.1 11752 10
0.1 11753 0
0.1 11754 0
0.1 11755 0
0.1 11756 0
0.1 11757 0
0.1 11758 0
0.1 11759 16
0.1 11760 27
0.1 11761 27
0.1 11762 10
0.1 11763 0
0.1 11764 0
0.1 11765 10
0.1 11766 10
0.1 11767 0
0.1 11768 0
0.1 11769 16
0.1 11770 5
0.1 11771 0
0.1 11772 5
0.1 11773 16
0.1 11774 10
0.1 11775 10
0.1 11776 0
0.1 11777 0
0.1 11778 10
0.1 11779 10
0.1 11780 10
0.1 11781 21
0.1 11782 21
0.1 11783 32
0.1 11784 32
0.1 11785 32
0.1 11786 32
0.1 11787 27
0.1 11788 27
0.1 11789 27
0.1 11790 48
0.1 11791 59
0.1 11792 64
0.1 11793 54
0.1 11794 5
0.1 11795 5
0.1 11796 0
0.1 11797 0
0.1 11798 16
0.1 11799 21
0.1 11800 32
0.1 11801 32
0.1 11802 32
0.1 11803 32
0.1 11804 32
0.1 11805 43
0.1 11806 43
0.1 11807 43
0.1 11808 54
0.1 11809 54
0.1 11810 54
0.1 11811 75
0.1 11812 59
0.1 11813 59
0.1 11814 59
0.1 11815 59
0.1 11816 70
0.1 11817 86
0.1 11818 97
0.1 11819 113
0.1 11820 113
0.1 11821 124
0.1 11822 113
0.1 11823 124
0.1 11824 124
0.1 11825 129
0.1 11826 118
0.1 11827 124
0.1 11828 135
0.1 11829 113
0.1 11830 113
0.1 11831 113
0.1 11832 113
0.1 11833 113
0.1 11834 124
0.1 11835 129
0.1 11836 135
0.1 11837 135
0.1 11838 135
0.1 11839 135
0.1 11840 135
0.1 11841 135
0.1 11842 118
0.1 11843 118
0.1 11844 135
0.1 11845 135
0.1 11846 135
0.1 11847 135
0.1 11848 135
0.1 11849 97
0.1 11850 86
0.1 11851 102
0.1 11852 102
0.1 11853 118
0.1 11854 118
0.1 11855 135
0.1 11856 135
0.1 11857 135
0.1 11858 135
0.1 11859 113
0.1 11860 113
0.1 11861 118
0.1 11862 129
0.1 11863 135
0.1 11864 135
0.1 11865 113
0.1 11866 113
0.1 11867 129
0.1 11868 135
0.1 11869 135
0.1 11870 135
0.1 11871 135
0.1 11872 135
0.1 11873 135
0.1 11874 135
0.1 11875 118
0.1 11876 108
0.1 11877 108
0.1 11878 108
0.1 11879 124
0.1 11880 135
0.1 11881 135
0.1 11882 118
0.1 11883 124
0.1 11884 118
0.1 11885 135
0.1 11886 113
0.1 11887 129
0.1 11888 135
0.1 11889 135
0.1 11890 135
0.1 11891 135
0.1 11892 135
0.1 11893 135
0.1 11894 135
0.1 11895 135
0.1 11896 135
0.1 11897 135
0.1 11898 113
0.1 11899 129
0.1 11900 135
0.1 11901 118
0.1 11902 135
0.1 11903 129
0.1 11904 135
0.1 11905 135
0.1 11906 135
0.1 11907 135
0.1 11908 113
0.1 11909 118
0.1 11910 135
0.1 11911 135
0.1 11912 118
0.1 11913 135
0.1 11914 113
0.1 11915 118
0.1 11916 118
0.1 11917 135
0.1 11918 135
0.1 11919 135
0.1 11920 135
0.1 11921 124
0.1 11922 135
0.1 11923 124
0.1 11924 135
0.1 11925 135
0.1 11926 135
0.1 11927 124
0.1 11928 118
0.1 11929 124
0.1 11930 124
0.1 11931 135
0.1 11932 135
0.1 11933 129
0.1 11934 135
0.1 11935 135
0.1 11936 135
0.1 11937 118
0.1 11938 113
0.1 11939 129
0.1 11940 135
0.1 11941 135
0.1 11942 118
0.1 11943 135
0.1 11944 135
0.1 11945 135
0.1 11946 135
0.1 11947 135
0.1 11948 135
0.1 11949 124
0.1 11950 135
0.1 11951 129
0.1 11952 135
0.1 11953 135
0.1 11954 135
0.1 11955 135
0.1 11956 118
0.1 11957 129
0.1 11958 118
0.1 11959 124
0.1 11960 118
0.1 11961 135
0.1 11962 135
0.1 11963 135
0.1 11964 118
0.1 11965 118
0.1 11966 135
0.1 11967 135
0.1 11968 135
0.1 11969 129
0.1 11970 135
0.1 11971 118
0.1 11972 135
0.1 11973 135
0.1 11974 135
0.1 11975 118
0.1 11976 113
0.1 11977 97
0.1 11978 97
0.1 11979 108
0.1 11980 124
0.1 11981 124
0.1 11982 113
0.1 11983 129
0.1 11984 135
0.1 11985 129
0.1 11986 135
0.1 11987 124
0.1 11988 113
0.1 11989 135
0.1 11990 124
0.1 11991 129
0.1 11992 135
0.1 11993 135
0.1 11994 118
0.1 11995 129
0.1 11996 135
0.1 11997 135
0.1 11998 135
0.1 11999 135
0.1 12000 124
0.1 12001 135
0.1 12002 135
0.1 12003 135
0.1 12004 118
0.1 12005 118
0.1 12006 124
0.1 12007 129
0.1 12008 135
0.1 12009 135
0.1 12010 135
0.1 12011 118
0.1 12012 113
0.1 12013 113
0.1 12014 118
0.1 12015 135
0.1 12016 135
0.1 12017 129
0.1 12018 135
0.1 12019 135
0.1 12020 118
0.1 12021 118
0.1 12022 135
0.1 12023 118
0.1 12024 113
0.1 12025 124
0.1 12026 113
0.1 12027 129
0.1 12028 118
0.1 12029 118
0.1 12030 135
0.1 12031 124
0.1 12032 135
0.1 12033 135
0.1 12034 135
0.1 12035 135
0.1 12036 118
0.1 12037 113
0.1 12038 108
0.1 12039 108
0.1 12040 129
0.1 12041 113
0.1 12042 113
0.1 12043 135
0.1 12044 135
0.1 12045 118
0.1 12046 129
0.1 12047 113
0.1 12048 118
0.1 12049 135
0.1 12050 135
0.1 12051 118
0.1 12052 135
0.1 12053 135
0.1 12054 124
0.1 12055 124
0.1 12056 135
0.1 12057 135
0.1 12058 118
0.1 12059 129
0.1 12060 135
0.1 12061 124
0.1 12062 124
0.1 12063 135
0.1 12064 135
0.1 12065 135
0.1 12066 135
0.1 12067 135
0.1 12068 118
0.1 12069 135
0.1 12070 124
0.1 12071 124
0.1 12072 135
0.1 12073 135
0.1 12074 135
0.1 12075 135
0.1 12076 124
0.1 12077 124
0.1 12078 135
0.1 12079 135
0.1 12080 124
0.1 12081 135
0.1 12082 135
0.1 12083 129
0.1 12084 135
0.1 12085 129
0.1 12086 135
0.1 12087 124
0.1 12088 135
0.1 12089 135
0.1 12090 135
0.1 12091 118
0.1 12092 118
0.1 12093 135
0.1 12094 135
0.1 12095 135
0.1 12096 129
0.1 12097 135
0.1 12098 135
0.1 12099 135
0.1 12100 129
0.1 12101 135
0.1 12102 135
0.1 12103 129
0.1 12104 135
0.1 12105 129
0.1 12106 108
0.1 12107 108
0.1 12108 124
0.1 12109 135
0.1 12110 135
0.1 12111 135
0.1 12112 124
0.1 12113 135
0.1 12114 135
0.1 12115 135
0.1 12116 135
0.1 12117 135
0.1 12118 135
0.1 12119 135
0.1 12120 124
0.1 12121 113
0.1 12122 124
0.1 12123 135
0.1 12124 118
0.1 12125 135
0.1 12126 124
0.1 12127 135
0.1 12128 129
0.1 12129 135
0.1 12130 135
0.1 12131 135
0.1 12132 135
0.1 12133 135
0.1 12134 135
0.1 12135 135
0.1 12136 135
0.1 12137 135
0.1 12138 135
0.1 12139 135
0.1 12140 113
0.1 12141 113
0.1 12142 124
0.1 12143 135
0.1 12144 129
0.1 12145 135
0.1 12146 118
0.1 12147 135
0.1 12148 124
0.1 12149 135
0.1 12150 135
0.1 12151 135
0.1 12152 135
0.1 12153 135
0.1 12154 118
0.1 12155 135
0.1 12156 129
0.1 12157 135
0.1 12158 135
0.1 12159 135
0.1 12160 135
0.1 12161 135
0.1 12162 124
0.1 12163 135
0.1 12164 135
0.1 12165 135
0.1 12166 129
0.1 12167 135
0.1 12168 124
0.1 12169 129
0.1 12170 129
0.1 12171 135
0.1 12172 135
0.1 12173 135
0.1 12174 135
0.1 12175 135
0.1 12176 113
0.1 12177 113
0.1 12178 129
0.1 12179 135
0.1 12180 135
0.1 12181 135
0.1 12182 135
0.1 12183 135
0.1 12184 135
0.1 12185 118
0.1 12186 124
0.1 12187 124
0.1 12188 118
0.1 12189 135
0.1 12190 118
0.1 12191 97
0.1 12192 27
0.1 12193 0
0.1 12194 0
0.1 12195 5
0.1 12196 16
0.1 12197 16
0.1 12198 21
0.1 12199 21
0.1 12200 0
0.1 12201 0
0.1 12202 10
0.1 12203 10
0.1 12204 10
0.1 12205 27
0.1 12206 43
0.1 12207 27
0.1 12208 27
0.1 12209 48
0.1 12210 70
0.1 12211 37
0.1 12212 43
0.1 12213 43
0.1 12214 64
0.1 12215 75
0.1 12216 75
0.1 12217 86
0.1 12218 97
0.1 12219 91
0.1 12220 75
0.1 12221 91
0.1 12222 97
0.1 12223 108
0.1 12224 124
0.1 12225 135
0.1 12226 135
0.1 12227 135
0.1 12228 113
0.1 12229 118
0.1 12230 135
0.1 12231 135
0.1 12232 135
0.1 12233 135
0.1 12234 135
0.1 12235 32
0.1 12236 0
0.1 12237 0
0.1 12238 0
0.1 12239 0
0.1 12240 0
0.1 12241 0
0.1 12242 0
0.1 12243 0
0.1 12244 5
0.1 12245 5
0.1 12246 0
0.1 12247 10
0.1 12248 5
0.1 12249 5
0.1 12250 10
0.1 12251 27
0.1 12252 37
0.1 12253 48
0.1 12254 64
0.1 12255 75
0.1 12256 75
0.1 12257 48
0.1 12258 0
0.1 12259 0
0.1 12260 5
0.1 12261 5
0.1 12262 16
0.1 12263 21
0.1 12264 21
0.1 12265 32
0.1 12266 0
0.1 12267 5
0.1 12268 0
0.1 12269 0
0.1 12270 0
0.1 12271 0
0.1 12272 5
0.1 12273 0
0.1 12274 5
0.1 12275 0
0.1 12276 5
0.1 12277 5
0.1 12278 5
0.1 12279 10
0.1 12280 0
0.1 12281 0
0.1 12282 0
0.1 12283 5
0.1 12284 16
0.1 12285 0
0.1 12286 0
0.1 12287 10
0.1 12288 27
0.1 12289 16
0.1 12290 37
0.1 12291 37
0.1 12292 54
0.1 12293 16
0.1 12294 32
0.1 12295 32
0.1 12296 37
0.1 12297 54
0.1 12298 75
0.1 12299 86
0.1 12300 97
0.1 12301 70
0.1 12302 0
0.1 12303 0
0.1 12304 5
0.1 12305 27
0.1 12306 27
0.1 12307 37
0.1 12308 37
0.1 12309 54
0.1 12310 70
0.1 12311 70
0.1 12312 91
0.1 12313 108
0.1 12314 108
0.1 12315 118
0.1 12316 124
0.1 12317 135
0.1 12318 135
0.1 12319 75
0.1 12320 81
0.1 12321 70
0.1 12322 70
0.1 12323 91
0.1 12324 108
0.1 12325 124
0.1 12326 135
0.1 12327 124
0.1 12328 135
0.1 12329 113
0.1 12330 129
0.1 12331 124
0.1 12332 135
0.1 12333 129
0.1 12334 135
0.1 12335 135
0.1 12336 118
0.1 12337 129
0.1 12338 108
0.1 12339 108
0.1 12340 108
0.1 12341 129
0.1 12342 135
0.1 12343 118
0.1 12344 118
0.1 12345 129
0.1 12346 135
0.1 12347 135
0.1 12348 135
0.1 12349 129
0.1 12350 113
0.1 12351 113
0.1 12352 124
0.1 12353 135
0.1 12354 129
0.1 12355 102
0.1 12356 118
0.1 12357 118
0.1 12358 118
0.1 12359 135
0.1 12360 135
0.1 12361 135
0.1 12362 135
0.1 12363 108
0.1 12364 108
0.1 12365 108
0.1 12366 113
0.1 12367 113
0.1 12368 129
0.1 12369 135
0.1 12370 135
0.1 12371 108
0.1 12372 108
0.1 12373 113
0.1 12374 135
0.1 12375 135
0.1 12376 135
0.1 12377 124
0.1 12378 135
0.1 12379 135
0.1 12380 135
0.1 12381 135
0.1 12382 135
0.1 12383 113
0.1 12384 113
0.1 12385 129
0.1 12386 135
0.1 12387 135
0.1 12388 118
0.1 12389 118
0.1 12390 129
0.1 12391 135
0.1 12392 135
0.1 12393 135
0.1 12394 118
0.1 12395 129
0.1 12396 129
0.1 12397 135
0.1 12398 135
0.1 12399 129
0.1 12400 135
0.1 12401 135
0.1 12402 135
0.1 12403 135
0.1 12404 124
0.1 12405 135
0.1 12406 135
0.1 12407 118
0.1 12408 124
0.1 12409 135
0.1 12410 124
0.1 12411 135
0.1 12412 135
0.1 12413 124
0.1 12414 135
0.1 12415 124
0.1 12416 135
0.1 12417 135
0.1 12418 135
0.1 12419 135
0.1 12420 135
0.1 12421 135
0.1 12422 135
0.1 12423 118
0.1 12424 129
0.1 12425 124
0.1 12426 113
0.1 12427 113
0.1 12428 129
0.1 12429 135
0.1 12430 113
0.1 12431 124
0.1 12432 129
0.1 12433 135
0.1 12434 135
0.1 12435 135
0.1 12436 135
0.1 12437 135
0.1 12438 135
0.1 12439 113
0.1 12440 113
0.1 12441 124
0.1 12442 124
0.1 12443 135
0.1 12444 135
0.1 12445 118
0.1 12446 135
0.1 12447 135
0.1 12448 118
0.1 12449 118
0.1 12450 124
0.1 12451 124
0.1 12452 135
0.1 12453 124
0.1 12454 135
0.1 12455 135
0.1 12456 135
0.1 12457 135
0.1 12458 135
0.1 12459 129
0.1 12460 135
0.1 12461 135
0.1 12462 135
0.1 12463 129
0.1 12464 135
0.1 12465 135
0.1 12466 124
0.1 12467 118
0.1 12468 102
0.1 12469 102
0.1 12470 102
0.1 12471 124
0.1 12472 135
0.1 12473 135
0.1 12474 135
0.1 12475 135
0.1 12476 135
0.1 12477 135
0.1 12478 135
0.1 12479 135
0.1 12480 129
0.1 12481 118
0.1 12482 124
0.1 12483 124
0.1 12484 118
0.1 12485 113
0.1 12486 129
0.1 12487 102
0.1 12488 102
0.1 12489 118
0.1 12490 135
0.1 12491 118
0.1 12492 118
0.1 12493 129
0.1 12494 135
0.1 12495 135
0.1 12496 135
0.1 12497 118
0.1 12498 135
0.1 12499 113
0.1 12500 113
0.1 12501 113
0.1 12502 129
0.1 12503 135
0.1 12504 113
0.1 12505 113
0.1 12506 135
0.1 12507 135
0.1 12508 135
0.1 12509 118
0.1 12510 135
0.1 12511 135
0.1 12512 118
0.1 12513 135
0.1 12514 108
0.1 12515 108
0.1 12516 124
0.1 12517 135
0.1 12518 135
0.1 12519 135
0.1 12520 135
0.1 12521 135
0.1 12522 129
0.1 12523 124
0.1 12524 135
0.1 12525 124
0.1 12526 135
0.1 12527 118
0.1 12528 135
0.1 12529 135
0.1 12530 135
0.1 12531 135
0.1 12532 135
0.1 12533 124
0.1 12534 124
0.1 12535 135
0.1 12536 135
0.1 12537 135
0.1 12538 135
0.1 12539 113
0.1 12540 124
0.1 12541 135
0.1 12542 135
0.1 12543 135
0.1 12544 129
0.1 12545 135
0.1 12546 135
0.1 12547 135
0.1 12548 129
0.1 12549 129
0.1 12550 129
0.1 12551 108
0.1 12552 124
0.1 12553 124
0.1 12554 118
0.1 12555 108
0.1 12556 118
0.1 12557 118
0.1 12558 124
0.1 12559 135
0.1 12560 108
0.1 12561 108
0.1 12562 108
0.1 12563 118
0.1 12564 135
0.1 12565 113
0.1 12566 124
0.1 12567 135
0.1 12568 135
0.1 12569 135
0.1 12570 124
0.1 12571 135
0.1 12572 135
0.1 12573 135
0.1 12574 135
0.1 12575 135
0.1 12576 135
0.1 12577 135
0.1 12578 135
0.1 12579 135
0.1 12580 135
0.1 12581 118
0.1 12582 118
0.1 12583 124
0.1 12584 135
0.1 12585 135
0.1 12586 135
0.1 12587 135
0.1 12588 135
0.1 12589 135
0.1 12590 135
0.1 12591 129
0.1 12592 135
0.1 12593 135
0.1 12594 129
0.1 12595 135
0.1 12596 135
0.1 12597 135
0.1 12598 135
0.1 12599 135
0.1 12600 135
0.1 12601 135
0.1 12602 135
0.1 12603 118
0.1 12604 118
0.1 12605 118
0.1 12606 118
0.1 12607 118
0.1 12608 129
0.1 12609 135
0.1 12610 135
0.1 12611 124
0.1 12612 118
0.1 12613 118
0.1 12614 118
0.1 12615 124
0.1 12616 118
0.1 12617 135
0.1 12618 135
0.1 12619 135
0.1 12620 135
0.1 12621 135
0.1 12622 135
0.1 12623 135
0.1 12624 135
0.1 12625 135
0.1 12626 135
0.1 12627 124
0.1 12628 118
0.1 12629 135
0.1 12630 129
0.1 12631 135
0.1 12632 135
0.1 12633 135
0.1 12634 135
0.1 12635 135
0.1 12636 135
0.1 12637 113
0.1 12638 113
0.1 12639 124
0.1 12640 118
0.1 12641 113
0.1 12642 135
0.1 12643 135
0.1 12644 135
0.1 12645 129
0.1 12646 135
0.1 12647 135
0.1 12648 135
0.1 12649 135
0.1 12650 135
0.1 12651 113
0.1 12652 113
0.1 12653 113
0.1 12654 118
0.1 12655 124
0.1 12656 124
0.1 12657 129
0.1 12658 135
0.1 12659 135
0.1 12660 124
0.1 12661 135
0.1 12662 118
0.1 12663 135
0.1 12664 118
0.1 12665 113
0.1 12666 113
0.1 12667 135
0.1 12668 118
0.1 12669 129
0.1 12670 118
0.1 12671 129
0.1 12672 135
0.1 12673 135
0.1 12674 135
0.1 12675 124
0.1 12676 129
0.1 12677 135
0.1 12678 135
0.1 12679 124
0.1 12680 118
0.1 12681 135
0.1 12682 135
0.1 12683 118
0.1 12684 129
0.1 12685 113
0.1 12686 113
0.1 12687 129
0.1 12688 118
0.1 12689 124
0.1 12690 135
0.1 12691 37
0.1 12692 16
0.1 12693 0
0.1 12694 0
0.1 12695 0
0.1 12696 5
0.1 12697 5
0.1 12698 0
0.1 12699 21
0.1 12700 16
0.1 12701 32
0.1 12702 21
0.1 12703 43
0.1 12704 64
0.1 12705 37
0.1 12706 5
0.1 12707 16
0.1 12708 32
0.1 12709 43
0.1 12710 10
0.1 12711 21
0.1 12712 21
0.1 12713 27
0.1 12714 48
0.1 12715 48
0.1 12716 0
0.1 12717 0
0.1 12718 0
0.1 12719 0
0.1 12720 0
0.1 12721 10
0.1 12722 10
0.1 12723 10
0.1 12724 21
0.1 12725 21
0.1 12726 32
0.1 12727 32
0.1 12728 43
0.1 12729 54
0.1 12730 64
0.1 12731 81
0.1 12732 102
0.1 12733 113
0.1 12734 135
0.1 12735 124
0.1 12736 70
0.1 12737 10
0.1 12738 0
0.1 12739 0
0.1 12740 0
0.1 12741 5
0.1 12742 16
0.1 12743 32
0.1 12744 48
0.1 12745 70
0.1 12746 37
0.1 12747 37
0.1 12748 37
0.1 12749 48
0.1 12750 70
0.1 12751 86
0.1 12752 108
0.1 12753 108
0.1 12754 118
0.1 12755 124
0.1 12756 118
0.1 12757 135
0.1 12758 135
0.1 12759 135
0.1 12760 124
0.1 12761 124
0.1 12762 135
0.1 12763 124
0.1 12764 0
0.1 12765 0
0.1 12766 0
0.1 12767 0
0.1 12768 0
0.1 12769 0
0.1 12770 0
0.1 12771 10
0.1 12772 0
0.1 12773 5
0.1 12774 10
0.1 12775 21
0.1 12776 37
0.1 12777 43
0.1 12778 21
0.1 12779 16
0.1 12780 16
0.1 12781 27
0.1 12782 43
0.1 12783 59
0.1 12784 59
0.1 12785 70
0.1 12786 86
0.1 12787 75
0.1 12788 27
0.1 12789 32
0.1 12790 32
0.1 12791 54
0.1 12792 75
0.1 12793 75
0.1 12794 81
0.1 12795 97
0.1 12796 97
0.1 12797 108
0.1 12798 108
0.1 12799 108
0.1 12800 118
0.1 12801 135
0.1 12802 129
0.1 12803 135
0.1 12804 113
0.1 12805 124
0.1 12806 135
0.1 12807 129
0.1 12808 135
0.1 12809 135
0.1 12810 135
0.1 12811 118
0.1 12812 118
0.1 12813 129
0.1 12814 135
0.1 12815 129
0.1 12816 135
0.1 12817 135
0.1 12818 135
0.1 12819 135
0.1 12820 118
0.1 12821 118
0.1 12822 135
0.1 12823 135
0.1 12824 118
0.1 12825 124
0.1 12826 113
0.1 12827 135
0.1 12828 135
0.1 12829 135
0.1 12830 129
0.1 12831 129
0.1 12832 135
0.1 12833 135
0.1 12834 118
0.1 12835 124
0.1 12836 135
0.1 12837 113
0.1 12838 70
0.1 12839 75
0.1 12840 97
0.1 12841 102
0.1 12842 102
0.1 12843 118
0.1 12844 102
0.1 12845 108
0.1 12846 129
0.1 12847 118
0.1 12848 135
0.1 12849 129
0.1 12850 113
0.1 12851 113
0.1 12852 129
0.1 12853 135
0.1 12854 135
0.1 12855 124
0.1 12856 135
0.1 12857 135
0.1 12858 135
0.1 12859 135
0.1 12860 135
0.1 12861 135
0.1 12862 135
0.1 12863 135
0.1 12864 135
0.1 12865 135
0.1 12866 135
0.1 12867 118
0.1 12868 129
0.1 12869 129
0.1 12870 135
0.1 12871 135
0.1 12872 118
0.1 12873 129
0.1 12874 135
0.1 12875 135
0.1 12876 135
0.1 12877 135
0.1 12878 124
0.1 12879 135
0.1 12880 135
0.1 12881 135
0.1 12882 135
0.1 12883 135
0.1 12884 135
0.1 12885 135
0.1 12886 135
0.1 12887 135
0.1 12888 135
0.1 12889 135
0.1 12890 118
0.1 12891 118
0.1 12892 118
0.1 12893 135
0.1 12894 135
0.1 12895 124
0.1 12896 113
0.1 12897 129
0.1 12898 135
0.1 12899 124
0.1 12900 118
0.1 12901 118
0.1 12902 135
0.1 12903 108
0.1 12904 108
0.1 12905 124
0.1 12906 135
0.1 12907 118
0.1 12908 113
0.1 12909 129
0.1 12910 135
0.1 12911 135
0.1 12912 135
0.1 12913 135
0.1 12914 135
0.1 12915 135
0.1 12916 135
0.1 12917 129
0.1 12918 113
0.1 12919 129
0.1 12920 135
0.1 12921 135
0.1 12922 135
0.1 12923 129
0.1 12924 129
0.1 12925 118
0.1 12926 135
0.1 12927 118
0.1 12928 129
0.1 12929 135
0.1 12930 113
0.1 12931 129
0.1 12932 135
0.1 12933 135
0.1 12934 129
0.1 12935 135
0.1 12936 135
0.1 12937 135
0.1 12938 135
0.1 12939 135
0.1 12940 135
0.1 12941 129
0.1 12942 108
0.1 12943 113
0.1 12944 113
0.1 12945 135
0.1 12946 135
0.1 12947 135
0.1 12948 135
0.1 12949 135
0.1 12950 135
0.1 12951 129
0.1 12952 124
0.1 12953 135
0.1 12954 118
0.1 12955 135
0.1 12956 113
0.1 12957 97
0.1 12958 108
0.1 12959 108
0.1 12960 108
0.1 12961 124
0.1 12962 118
0.1 12963 118
0.1 12964 118
0.1 12965 118
0.1 12966 129
0.1 12967 135
0.1 12968 135
0.1 12969 108
0.1 12970 124
0.1 12971 135
0.1 12972 135
0.1 12973 135
0.1 12974 135
0.1 12975 124
0.1 12976 124
0.1 12977 135
0.1 12978 124
0.1 12979 135
0.1 12980 135
0.1 12981 135
0.1 12982 129
0.1 12983 135
0.1 12984 135
0.1 12985 118
0.1 12986 118
0.1 12987 124
0.1 12988 113
0.1 12989 124
0.1 12990 135
0.1 12991 124
0.1 12992 91
0.1 12993 102
0.1 12994 102
0.1 12995 108
0.1 12996 108
0.1 12997 129
0.1 12998 135
0.1 12999 135
0.1 13000 135
0.1 13001 135
0.1 13002 129
0.1 13003 124
0.1 13004 135
0.1 13005 135
0.1 13006 135
0.1 13007 124
0.1 13008 129
0.1 13009 135
0.1 13010 135
0.1 13011 135
0.1 13012 135
0.1 13013 135
0.1 13014 124
0.1 13015 135
0.1 13016 124
0.1 13017 135
0.1 13018 135
0.1 13019 129
0.1 13020 118
0.1 13021 108
0.1 13022 118
0.1 13023 135
0.1 13024 135
0.1 13025 129
0.1 13026 118
0.1 13027 129
0.1 13028 113
0.1 13029 118
0.1 13030 135
0.1 13031 135
0.1 13032 135
0.1 13033 135
0.1 13034 135
0.1 13035 135
0.1 13036 135
0.1 13037 113
0.1 13038 113
0.1 13039 113
0.1 13040 124
0.1 13041 113
0.1 13042 113
0.1 13043 135
0.1 13044 135
0.1 13045 135
0.1 13046 135
0.1 13047 135
0.1 13048 135
0.1 13049 135
0.1 13050 135
0.1 13051 124
0.1 13052 113
0.1 13053 124
0.1 13054 135
0.1 13055 135
0.1 13056 124
0.1 13057 124
0.1 13058 124
0.1 13059 135
0.1 13060 124
0.1 13061 135
0.1 13062 135
0.1 13063 135
0.1 13064 135
0.1 13065 135
0.1 13066 129
0.1 13067 135
0.1 13068 135
0.1 13069 113
0.1 13070 124
0.1 13071 135
0.1 13072 135
0.1 13073 129
0.1 13074 135
0.1 13075 135
0.1 13076 135
0.1 13077 135
0.1 13078 135
0.1 13079 135
0.1 13080 118
0.1 13081 129
0.1 13082 135
0.1 13083 135
0.1 13084 135
0.1 13085 135
0.1 13086 124
0.1 13087 129
0.1 13088 113
0.1 13089 129
0.1 13090 135
0.1 13091 118
0.1 13092 129
0.1 13093 135
0.1 13094 135
0.1 13095 135
0.1 13096 135
0.1 13097 113
0.1 13098 118
0.1 13099 118
0.1 13100 129
0.1 13101 135
0.1 13102 135
0.1 13103 124
0.1 13104 135
0.1 13105 135
0.1 13106 135
0.1 13107 135
0.1 13108 108
0.1 13109 113
0.1 13110 135
0.1 13111 135
0.1 13112 135
0.1 13113 135
0.1 13114 135
0.1 13115 124
0.1 13116 135
0.1 13117 124
0.1 13118 129
0.1 13119 113
0.1 13120 135
0.1 13121 135
0.1 13122 135
0.1 13123 135
0.1 13124 135
0.1 13125 135
0.1 13126 135
0.1 13127 135
0.1 13128 135
0.1 13129 135
0.1 13130 135
0.1 13131 135
0.1 13132 135
0.1 13133 135
0.1 13134 135
0.1 13135 135
0.1 13136 135
0.1 13137 135
0.1 13138 124
0.1 13139 129
0.1 13140 118
0.1 13141 129
0.1 13142 124
0.1 13143 124
0.1 13144 118
0.1 13145 129
0.1 13146 135
0.1 13147 97
0.1 13148 118
0.1 13149 135
0.1 13150 135
0.1 13151 135
0.1 13152 135
0.1 13153 135
0.1 13154 108
0.1 13155 108
0.1 13156 124
0.1 13157 124
0.1 13158 135
0.1 13159 102
0.1 13160 37
0.1 13161 48
0.1 13162 43
0.1 13163 32
0.1 13164 5
0.1 13165 0
0.1 13166 0
0.1 13167 0
0.1 13168 0
0.1 13169 0
0.1 13170 0
0.1 13171 5
0.1 13172 21
0.1 13173 0
0.1 13174 0
0.1 13175 0
0.1 13176 16
0.1 13177 27
0.1 13178 48
0.1 13179 64
0.1 13180 81
0.1 13181 91
0.1 13182 0
0.1 13183 0
0.1 13184 0
0.1 13185 16
0.1 13186 5
0.1 13187 27
0.1 13188 27
0.1 13189 37
0.1 13190 48
0.1 13191 48
0.1 13192 64
0.1 13193 86
0.1 13194 86
0.1 13195 91
0.1 13196 91
0.1 13197 91
0.1 13198 91
0.1 13199 108
0.1 13200 118
0.1 13201 129
0.1 13202 135
0.1 13203 124
0.1 13204 135
0.1 13205 75
0.1 13206 5
0.1 13207 0
0.1 13208 16
0.1 13209 21
0.1 13210 16
0.1 13211 32
0.1 13212 16
0.1 13213 5
0.1 13214 10
0.1 13215 32
0.1 13216 37
0.1 13217 54
0.1 13218 59
0.1 13219 54
0.1 13220 59
0.1 13221 75
0.1 13222 86
0.1 13223 97
0.1 13224 64
0.1 13225 54
0.1 13226 75
0.1 13227 70
0.1 13228 59
0.1 13229 64
0.1 13230 64
0.1 13231 86
0.1 13232 86
0.1 13233 91
0.1 13234 91
0.1 13235 54
0.1 13236 37
0.1 13237 10
0.1 13238 0
0.1 13239 0
0.1 13240 0
0.1 13241 0
0.1 13242 0
0.1 13243 10
0.1 13244 27
0.1 13245 5
0.1 13246 10
0.1 13247 10
0.1 13248 10
0.1 13249 32
0.1 13250 37
0.1 13251 32
0.1 13252 32
0.1 13253 43
0.1 13254 48
0.1 13255 48
0.1 13256 59
0.1 13257 59
0.1 13258 70
0.1 13259 70
0.1 13260 75
0.1 13261 75
0.1 13262 81
0.1 13263 91
0.1 13264 102
0.1 13265 118
0.1 13266 135
0.1 13267 135
0.1 13268 118
0.1 13269 135
0.1 13270 113
0.1 13271 113
0.1 13272 129
0.1 13273 135
0.1 13274 135
0.1 13275 135
0.1 13276 135
0.1 13277 135
0.1 13278 118
0.1 13279 135
0.1 13280 135
0.1 13281 135
0.1 13282 135
0.1 13283 135
0.1 13284 135
0.1 13285 135
0.1 13286 135
0.1 13287 118
0.1 13288 124
0.1 13289 118
0.1 13290 118
0.1 13291 135
0.1 13292 124
0.1 13293 113
0.1 13294 113
0.1 13295 135
0.1 13296 135
0.1 13297 135
0.1 13298 135
0.1 13299 135
0.1 13300 135
0.1 13301 135
0.1 13302 135
0.1 13303 135
0.1 13304 135
0.1 13305 135
0.1 13306 135
0.1 13307 113
0.1 13308 135
0.1 13309 135
0.1 13310 135
0.1 13311 135
0.1 13312 118
0.1 13313 129
0.1 13314 135
0.1 13315 135
0.1 13316 135
0.1 13317 124
0.1 13318 124
0.1 13319 118
0.1 13320 129
0.1 13321 124
0.1 13322 129
0.1 13323 118
0.1 13324 135
0.1 13325 118
0.1 13326 135
0.1 13327 124
0.1 13328 129
0.1 13329 113
0.1 13330 118
0.1 13331 129
0.1 13332 135
0.1 13333 135
0.1 13334 135
0.1 13335 124
0.1 13336 135
0.1 13337 135
0.1 13338 135
0.1 13339 135
0.1 13340 124
0.1 13341 113
0.1 13342 113
0.1 13343 118
0.1 13344 129
0.1 13345 118
0.1 13346 135
0.1 13347 135
0.1 13348 124
0.1 13349 124
0.1 13350 135
0.1 13351 113
0.1 13352 129
0.1 13353 124
0.1 13354 135
0.1 13355 113
0.1 13356 113
0.1 13357 113
0.1 13358 118
0.1 13359 135
0.1 13360 135
0.1 13361 135
0.1 13362 135
0.1 13363 135
0.1 13364 135
0.1 13365 135
0.1 13366 135
0.1 13367 135
0.1 13368 135
0.1 13369 135
0.1 13370 118
0.1 13371 135
0.1 13372 135
0.1 13373 135
0.1 13374 135
0.1 13375 135
0.1 13376 129
0.1 13377 135
0.1 13378 113
0.1 13379 124
0.1 13380 124
0.1 13381 124
0.1 13382 124
0.1 13383 135
0.1 13384 113
0.1 13385 135
0.1 13386 135
0.1 13387 135
0.1 13388 135
0.1 13389 135
0.1 13390 129
0.1 13391 135
0.1 13392 135
0.1 13393 135
0.1 13394 135
0.1 13395 135
0.1 13396 135
0.1 13397 135
0.1 13398 135
0.1 13399 135
0.1 13400 135
0.1 13401 135
0.1 13402 135
0.1 13403 135
0.1 13404 135
0.1 13405 135
0.1 13406 135
0.1 13407 135
0.1 13408 124
0.1 13409 113
0.1 13410 124
0.1 13411 135
0.1 13412 135
0.1 13413 135
0.1 13414 118
0.1 13415 129
0.1 13416 118
0.1 13417 129
0.1 13418 135
0.1 13419 135
0.1 13420 113
0.1 13421 118
0.1 13422 135
0.1 13423 135
0.1 13424 135
0.1 13425 135
0.1 13426 135
0.1 13427 135
0.1 13428 118
0.1 13429 135
0.1 13430 135
0.1 13431 135
0.1 13432 135
0.1 13433 118
0.1 13434 135
0.1 13435 135
0.1 13436 135
0.1 13437 118
0.1 13438 135
0.1 13439 135
0.1 13440 135
0.1 13441 135
0.1 13442 135
0.1 13443 135
0.1 13444 135
0.1 13445 135
0.1 13446 135
0.1 13447 118
0.1 13448 129
0.1 13449 135
0.1 13450 124
0.1 13451 135
0.1 13452 135
0.1 13453 124
0.1 13454 118
0.1 13455 135
0.1 13456 135
0.1 13457 118
0.1 13458 129
0.1 13459 135
0.1 13460 113
0.1 13461 129
0.1 13462 135
0.1 13463 135
0.1 13464 135
0.1 13465 135
0.1 13466 118
0.1 13467 129
0.1 13468 113
0.1 13469 124
0.1 13470 135
0.1 13471 135
0.1 13472 135
0.1 13473 129
0.1 13474 135
0.1 13475 135
0.1 13476 135
0.1 13477 135
0.1 13478 135
0.1 13479 135
0.1 13480 135
0.1 13481 135
0.1 13482 129
0.1 13483 135
0.1 13484 124
0.1 13485 135
0.1 13486 124
0.1 13487 118
0.1 13488 129
0.1 13489 124
0.1 13490 135
0.1 13491 135
0.1 13492 135
0.1 13493 135
0.1 13494 135
0.1 13495 135
0.1 13496 135
0.1 13497 118
0.1 13498 124
0.1 13499 129
0.1 13500 135
0.1 13501 135
0.1 13502 135
0.1 13503 135
0.1 13504 129
0.1 13505 135
0.1 13506 135
0.1 13507 124
0.1 13508 135
0.1 13509 135
0.1 13510 118
0.1 13511 135
0.1 13512 135
0.1 13513 135
0.1 13514 118
0.1 13515 135
0.1 13516 135
0.1 13517 135
0.1 13518 124
0.1 13519 135
0.1 13520 135
0.1 13521 129
0.1 13522 135
0.1 13523 135
0.1 13524 135
0.1 13525 124
0.1 13526 135
0.1 13527 135
0.1 13528 135
0.1 13529 135
0.1 13530 135
0.1 13531 135
0.1 13532 118
0.1 13533 129
0.1 13534 118
0.1 13535 135
0.1 13536 135
0.1 13537 135
0.1 13538 129
0.1 13539 135
0.1 13540 135
0.1 13541 135
0.1 13542 118
0.1 13543 118
0.1 13544 129
0.1 13545 135
0.1 13546 135
0.1 13547 135
0.1 13548 135
0.1 13549 118
0.1 13550 129
0.1 13551 118
0.1 13552 129
0.1 13553 124
0.1 13554 118
0.1 13555 135
0.1 13556 135
0.1 13557 135
0.1 13558 135
0.1 13559 118
0.1 13560 129
0.1 13561 135
0.1 13562 135
0.1 13563 135
0.1 13564 135
0.1 13565 135
0.1 13566 129
0.1 13567 135
0.1 13568 135
0.1 13569 118
0.1 13570 124
0.1 13571 135
0.1 13572 124
0.1 13573 135
0.1 13574 135
0.1 13575 118
0.1 13576 118
0.1 13577 129
0.1 13578 135
0.1 13579 118
0.1 13580 118
0.1 13581 135
0.1 13582 135
0.1 13583 135
0.1 13584 113
0.1 13585 135
0.1 13586 135
0.1 13587 135
0.1 13588 135
0.1 13589 135
0.1 13590 118
0.1 13591 129
0.1 13592 135
0.1 13593 135
0.1 13594 135
0.1 13595 124
0.1 13596 135
0.1 13597 135
0.1 13598 129
0.1 13599 135
0.1 13600 135
0.1 13601 135
0.1 13602 135
0.1 13603 135
0.1 13604 135
0.1 13605 129
0.1 13606 135
0.1 13607 135
0.1 13608 135
0.1 13609 135
0.1 13610 135
0.1 13611 135
0.1 13612 135
0.1 13613 118
0.1 13614 124
0.1 13615 135
0.1 13616 118
0.1 13617 48
0.1 13618 0
0.1 13619 0
0.1 13620 16
0.1 13621 37
0.1 13622 48
0.1 13623 64
0.1 13624 54
0.1 13625 48
0.1 13626 59
0.1 13627 70
0.1 13628 70
0.1 13629 70
0.1 13630 81
0.1 13631 97
0.1 13632 97
0.1 13633 97
0.1 13634 113
0.1 13635 129
0.1 13636 124
0.1 13637 54
0.1 13638 64
0.1 13639 64
0.1 13640 75
0.1 13641 91
0.1 13642 91
0.1 13643 108
0.1 13644 70
0.1 13645 5
0.1 13646 0
0.1 13647 0
0.1 13648 0
0.1 13649 5
0.1 13650 5
0.1 13651 0
0.1 13652 10
0.1 13653 5
0.1 13654 10
0.1 13655 27
0.1 13656 37
0.1 13657 54
0.1 13658 75
0.1 13659 75
0.1 13660 86
0.1 13661 108
0.1 13662 124
0.1 13663 124
0.1 13664 124
0.1 13665 75
0.1 13666 32
0.1 13667 5
0.1 13668 10
0.1 13669 21
0.1 13670 32
0.1 13671 32
0.1 13672 43
0.1 13673 59
0.1 13674 75
0.1 13675 75
0.1 13676 81
0.1 13677 81
0.1 13678 81
0.1 13679 0
0.1 13680 5
0.1 13681 21
0.1 13682 27
0.1 13683 27
0.1 13684 43
0.1 13685 5
0.1 13686 5
0.1 13687 10
0.1 13688 10
0.1 13689 10
0.1 13690 27
0.1 13691 48
0.1 13692 64
0.1 13693 70
0.1 13694 70
0.1 13695 81
0.1 13696 81
0.1 13697 97
0.1 13698 70
0.1 13699 0
0.1 13700 0
0.1 13701 0
0.1 13702 0
0.1 13703 0
0.1 13704 10
0.1 13705 10
0.1 13706 16
0.1 13707 32
0.1 13708 48
0.1 13709 48
0.1 13710 10
0.1 13711 16
0.1 13712 16
0.1 13713 0
0.1 13714 0
0.1 13715 0
0.1 13716 5
0.1 13717 5
0.1 13718 16
0.1 13719 21
0.1 13720 21
0.1 13721 37
0.1 13722 59
0.1 13723 70
0.1 13724 81
0.1 13725 81
0.1 13726 91
0.1 13727 108
0.1 13728 108
0.1 13729 124
0.1 13730 135
0.1 13731 135
0.1 13732 135
0.1 13733 135
0.1 13734 135
0.1 13735 135
0.1 13736 135
0.1 13737 135
0.1 13738 135
0.1 13739 135
0.1 13740 135
0.1 13741 118
0.1 13742 129
0.1 13743 124
0.1 13744 135
0.1 13745 118
0.1 13746 135
0.1 13747 135
0.1 13748 135
0.1 13749 118
0.1 13750 129
0.1 13751 118
0.1 13752 135
0.1 13753 124
0.1 13754 118
0.1 13755 118
0.1 13756 118
0.1 13757 129
0.1 13758 135
0.1 13759 135
0.1 13760 135
0.1 13761 135
0.1 13762 124
0.1 13763 135
0.1 13764 135
0.1 13765 124
0.1 13766 113
0.1 13767 118
0.1 13768 129
0.1 13769 113
0.1 13770 113
0.1 13771 129
0.1 13772 135
0.1 13773 129
0.1 13774 135
0.1 13775 124
0.1 13776 129
0.1 13777 135
0.1 13778 135
0.1 13779 118
0.1 13780 129
0.1 13781 124
0.1 13782 135
0.1 13783 135
0.1 13784 135
0.1 13785 135
0.1 13786 135
0.1 13787 135
0.1 13788 135
0.1 13789 135
0.1 13790 135
0.1 13791 135
0.1 13792 135
0.1 13793 124
0.1 13794 118
0.1 13795 129
0.1 13796 135
0.1 13797 135
0.1 13798 124
0.1 13799 135
0.1 13800 135
0.1 13801 135
0.1 13802 124
0.1 13803 124
0.1 13804 135
0.1 13805 135
0.1 13806 118
0.1 13807 113
0.1 13808 124
0.1 13809 135
0.1 13810 135
0.1 13811 118
0.1 13812 135
0.1 13813 124
0.1 13814 135
0.1 13815 124
0.1 13816 124
0.1 13817 124
0.1 13818 124
0.1 13819 135
0.1 13820 135
0.1 13821 135
0.1 13822 135
0.1 13823 124
0.1 13824 124
0.1 13825 135
0.1 13826 135
0.1 13827 135
0.1 13828 135
0.1 13829 135
0.1 13830 118
0.1 13831 135
0.1 13832 135
0.1 13833 118
0.1 13834 118
0.1 13835 118
0.1 13836 135
0.1 13837 135
0.1 13838 118
0.1 13839 129
0.1 13840 135
0.1 13841 135
0.1 13842 135
0.1 13843 135
0.1 13844 135
0.1 13845 135
0.1 13846 135
0.1 13847 124
0.1 13848 113
0.1 13849 118
0.1 13850 135
0.1 13851 135
0.1 13852 135
0.1 13853 135
0.1 13854 135
0.1 13855 135
0.1 13856 135
0.1 13857 118
0.1 13858 129
0.1 13859 124
0.1 13860 135
0.1 13861 135
0.1 13862 118
0.1 13863 124
0.1 13864 124
0.1 13865 129
0.1 13866 113
0.1 13867 129
0.1 13868 135
0.1 13869 118
0.1 13870 129
0.1 13871 129
0.1 13872 124
0.1 13873 118
0.1 13874 124
0.1 13875 118
0.1 13876 124
0.1 13877 135
0.1 13878 135
0.1 13879 135
0.1 13880 135
0.1 13881 135
0.1 13882 135
0.1 13883 135
0.1 13884 135
0.1 13885 113
0.1 13886 129
0.1 13887 135
0.1 13888 135
0.1 13889 135
0.1 13890 135
0.1 13891 124
0.1 13892 135
0.1 13893 135
0.1 13894 113
0.1 13895 135
0.1 13896 135
0.1 13897 135
0.1 13898 135
0.1 13899 135
0.1 13900 135
0.1 13901 135
0.1 13902 113
0.1 13903 113
0.1 13904 135
0.1 13905 135
0.1 13906 135
0.1 13907 124
0.1 13908 124
0.1 13909 135
0.1 13910 118
0.1 13911 135
0.1 13912 135
0.1 13913 129
0.1 13914 135
0.1 13915 135
0.1 13916 135
0.1 13917 135
0.1 13918 135
0.1 13919 135
0.1 13920 135
0.1 13921 135
0.1 13922 135
0.1 13923 135
0.1 13924 135
0.1 13925 124
0.1 13926 135
0.1 13927 135
0.1 13928 135
0.1 13929 135
0.1 13930 135
0.1 13931 135
0.1 13932 135
0.1 13933 135
0.1 13934 135
0.1 13935 113
0.1 13936 113
0.1 13937 113
0.1 13938 129
0.1 13939 129
0.1 13940 113
0.1 13941 124
0.1 13942 124
0.1 13943 135
0.1 13944 124
0.1 13945 135
0.1 13946 135
0.1 13947 135
0.1 13948 135
0.1 13949 135
0.1 13950 135
0.1 13951 135
0.1 13952 129
0.1 13953 135
0.1 13954 129
0.1 13955 113
0.1 13956 113
0.1 13957 113
0.1 13958 124
0.1 13959 118
0.1 13960 135
0.1 13961 124
0.1 13962 135
0.1 13963 124
0.1 13964 135
0.1 13965 135
0.1 13966 135
0.1 13967 135
0.1 13968 135
0.1 13969 129
0.1 13970 113
0.1 13971 113
0.1 13972 118
0.1 13973 124
0.1 13974 135
0.1 13975 135
0.1 13976 135
0.1 13977 124
0.1 13978 124
0.1 13979 135
0.1 13980 135
0.1 13981 135
0.1 13982 135
0.1 13983 124
0.1 13984 124
0.1 13985 135
0.1 13986 135
0.1 13987 135
0.1 13988 135
0.1 13989 135
0.1 13990 135
0.1 13991 135
0.1 13992 135
0.1 13993 135
0.1 13994 113
0.1 13995 113
0.1 13996 113
0.1 13997 124
0.1 13998 124
0.1 13999 135
0.1 14000 124
0.1 14001 124
0.1 14002 129
0.1 14003 135
0.1 14004 135
0.1 14005 135
0.1 14006 135
0.1 14007 108
0.1 14008 118
0.1 14009 129
0.1 14010 135
0.1 14011 135
0.1 14012 135
0.1 14013 135
0.1 14014 118
0.1 14015 135
0.1 14016 113
0.1 14017 129
0.1 14018 135
0.1 14019 118
0.1 14020 135
0.1 14021 118
0.1 14022 135
0.1 14023 113
0.1 14024 124
0.1 14025 135
0.1 14026 135
0.1 14027 124
0.1 14028 129
0.1 14029 135
0.1 14030 135
0.1 14031 135
0.1 14032 124
0.1 14033 135
0.1 14034 135
0.1 14035 135
0.1 14036 118
0.1 14037 124
0.1 14038 135
0.1 14039 135
0.1 14040 135
0.1 14041 135
0.1 14042 135
0.1 14043 113
0.1 14044 124
0.1 14045 135
0.1 14046 135
0.1 14047 113
0.1 14048 113
0.1 14049 135
0.1 14050 135
0.1 14051 124
0.1 14052 118
0.1 14053 118
0.1 14054 135
0.1 14055 124
0.1 14056 113
0.1 14057 129
0.1 14058 129
0.1 14059 135
0.1 14060 129
0.1 14061 135
0.1 14062 135
0.1 14063 135
0.1 14064 124
0.1 14065 135
0.1 14066 135
0.1 14067 135
0.1 14068 135
0.1 14069 135
0.1 14070 135
0.1 14071 135
0.1 14072 135
0.1 14073 135
0.1 14074 135
0.1 14075 135
0.1 14076 135
0.1 14077 135
0.1 14078 135
0.1 14079 124
0.1 14080 135
0.1 14081 113
0.1 14082 135
0.1 14083 135
0.1 14084 135
0.1 14085 135
0.1 14086 129
0.1 14087 10
0.1 14088 0
0.1 14089 0
0.1 14090 5
0.1 14091 0
0.1 14092 0
0.1 14093 0
0.1 14094 5
0.1 14095 0
0.1 14096 0
0.1 14097 16
0.1 14098 0
0.1 14099 0
0.1 14100 10
0.1 14101 27
0.1 14102 43
0.1 14103 48
0.1 14104 64
0.1 14105 75
0.1 14106 86
0.1 14107 97
0.1 14108 113
0.1 14109 59
0.1 14110 70
0.1 14111 81
0.1 14112 86
0.1 14113 102
0.1 14114 97
0.1 14115 86
0.1 14116 86
0.1 14117 102
0.1 14118 124
0.1 14119 135
0.1 14120 135
0.1 14121 124
0.1 14122 135
0.1 14123 118
0.1 14124 129
0.1 14125 135
0.1 14126 129
0.1 14127 0
0.1 14128 10
0.1 14129 0
0.1 14130 0
0.1 14131 0
0.1 14132 0
0.1 14133 5
0.1 14134 0
0.1 14135 0
0.1 14136 0
0.1 14137 0
0.1 14138 5
0.1 14139 0
0.1 14140 0
0.1 14141 0
0.1 14142 0
0.1 14143 10
0.1 14144 0
0.1 14145 5
0.1 14146 5
0.1 14147 21
0.1 14148 32
0.1 14149 43
0.1 14150 64
0.1 14151 37
0.1 14152 5
0.1 14153 0
0.1 14154 10
0.1 14155 27
0.1 14156 37
0.1 14157 48
0.1 14158 48
0.1 14159 54
0.1 14160 70
0.1 14161 86
0.1 14162 86
0.1 14163 91
0.1 14164 102
0.1 14165 91
0.1 14166 64
0.1 14167 70
0.1 14168 91
0.1 14169 97
0.1 14170 0
0.1 14171 0
0.1 14172 16
0.1 14173 32
0.1 14174 21
0.1 14175 32
0.1 14176 27
0.1 14177 37
0.1 14178 54
0.1 14179 70
0.1 14180 48
0.1 14181 10
0.1 14182 0
0.1 14183 0
0.1 14184 0
0.1 14185 0
0.1 14186 10
0.1 14187 5
0.1 14188 10
0.1 14189 16
0.1 14190 27
0.1 14191 21
0.1 14192 0
0.1 14193 0
0.1 14194 16
0.1 14195 21
0.1 14196 5
0.1 14197 5
0.1 14198 0
0.1 14199 10
0.1 14200 0
0.1 14201 10
0.1 14202 16
0.1 14203 16
0.1 14204 27
0.1 14205 32
0.1 14206 43
0.1 14207 43
0.1 14208 43
0.1 14209 43
0.1 14210 43
0.1 14211 32
0.1 14212 48
0.1 14213 59
0.1 14214 59
0.1 14215 59
0.1 14216 59
0.1 14217 59
0.1 14218 86
0.1 14219 86
0.1 14220 97
0.1 14221 113
0.1 14222 129
0.1 14223 135
0.1 14224 118
0.1 14225 135
0.1 14226 135
0.1 14227 135
0.1 14228 135
0.1 14229 113
0.1 14230 118
0.1 14231 135
0.1 14232 135
0.1 14233 135
0.1 14234 118
0.1 14235 118
0.1 14236 113
0.1 14237 113
0.1 14238 113
0.1 14239 124
0.1 14240 124
0.1 14241 124
0.1 14242 135
0.1 14243 118
0.1 14244 135
0.1 14245 135
0.1 14246 135
0.1 14247 135
0.1 14248 129
0.1 14249 118
0.1 14250 124
0.1 14251 135
0.1 14252 135
0.1 14253 135
0.1 14254 135
0.1 14255 135
0.1 14256 135
0.1 14257 135
0.1 14258 108
0.1 14259 118
0.1 14260 118
0.1 14261 135
0.1 14262 135
0.1 14263 129
0.1 14264 135
0.1 14265 135
0.1 14266 118
0.1 14267 135
0.1 14268 135
0.1 14269 135
0.1 14270 135
0.1 14271 118
0.1 14272 135
0.1 14273 113
0.1 14274 113
0.1 14275 135
0.1 14276 135
0.1 14277 135
0.1 14278 113
0.1 14279 135
0.1 14280 129
0.1 14281 135
0.1 14282 135
0.1 14283 108
0.1 14284 113
0.1 14285 124
0.1 14286 118
0.1 14287 118
0.1 14288 135
0.1 14289 135
0.1 14290 135
0.1 14291 135
0.1 14292 118
0.1 14293 129
0.1 14294 129
0.1 14295 129
0.1 14296 135
0.1 14297 135
0.1 14298 124
0.1 14299 135
0.1 14300 124
0.1 14301 135
0.1 14302 135
0.1 14303 135
0.1 14304 118
0.1 14305 135
0.1 14306 135
0.1 14307 135
0.1 14308 135
0.1 14309 118
0.1 14310 129
0.1 14311 135
0.1 14312 124
0.1 14313 135
0.1 14314 135
0.1 14315 135
0.1 14316 124
0.1 14317 118
0.1 14318 129
0.1 14319 135
0.1 14320 135
0.1 14321 135
0.1 14322 118
0.1 14323 135
0.1 14324 135
0.1 14325 135
0.1 14326 135
0.1 14327 135
0.1 14328 135
0.1 14329 135
0.1 14330 135
0.1 14331 118
0.1 14332 118
0.1 14333 129
0.1 14334 135
0.1 14335 118
0.1 14336 129
0.1 14337 135
0.1 14338 129
0.1 14339 118
0.1 14340 135
0.1 14341 135
0.1 14342 135
0.1 14343 124
0.1 14344 135
0.1 14345 118
0.1 14346 135
0.1 14347 135
0.1 14348 124
0.1 14349 124
0.1 14350 113
0.1 14351 113
0.1 14352 113
0.1 14353 113
0.1 14354 124
0.1 14355 129
0.1 14356 129
0.1 14357 135
0.1 14358 124
0.1 14359 118
0.1 14360 135
0.1 14361 124
0.1 14362 113
0.1 14363 129
0.1 14364 135
0.1 14365 135
0.1 14366 135
0.1 14367 118
0.1 14368 124
0.1 14369 135
0.1 14370 124
0.1 14371 135
0.1 14372 135
0.1 14373 135
0.1 14374 135
0.1 14375 135
0.1 14376 135
0.1 14377 135
0.1 14378 135
0.1 14379 118
0.1 14380 118
0.1 14381 135
0.1 14382 135
0.1 14383 135
0.1 14384 118
0.1 14385 135
0.1 14386 135
0.1 14387 135
0.1 14388 135
0.1 14389 135
0.1 14390 118
0.1 14391 129
0.1 14392 129
0.1 14393 135
0.1 14394 135
0.1 14395 135
0.1 14396 118
0.1 14397 135
0.1 14398 135
0.1 14399 135
0.1 14400 135
0.1 14401 135
0.1 14402 135
0.1 14403 135
0.1 14404 135
0.1 14405 129
0.1 14406 135
0.1 14407 135
0.1 14408 135
0.1 14409 113
0.1 14410 135
0.1 14411 113
0.1 14412 124
0.1 14413 135
0.1 14414 135
0.1 14415 135
0.1 14416 135
0.1 14417 135
0.1 14418 124
0.1 14419 135
0.1 14420 135
0.1 14421 129
0.1 14422 135
0.1 14423 135
0.1 14424 135
0.1 14425 118
0.1 14426 118
0.1 14427 113
0.1 14428 118
0.1 14429 135
0.1 14430 118
0.1 14431 135
0.1 14432 135
0.1 14433 135
0.1 14434 135
0.1 14435 118
0.1 14436 129
0.1 14437 135
0.1 14438 124
0.1 14439 129
0.1 14440 118
0.1 14441 124
0.1 14442 124
0.1 14443 124
0.1 14444 135
0.1 14445 135
0.1 14446 135
0.1 14447 135
0.1 14448 135
0.1 14449 135
0.1 14450 135
0.1 14451 135
0.1 14452 135
0.1 14453 135
0.1 14454 135
0.1 14455 118
0.1 14456 124
0.1 14457 135
0.1 14458 135
0.1 14459 135
0.1 14460 135
0.1 14461 135
0.1 14462 129
0.1 14463 118
0.1 14464 129
0.1 14465 118
0.1 14466 129
0.1 14467 129
0.1 14468 135
0.1 14469 135
0.1 14470 135
0.1 14471 135
0.1 14472 135
0.1 14473 135
0.1 14474 135
0.1 14475 135
0.1 14476 118
0.1 14477 129
0.1 14478 135
0.1 14479 135
0.1 14480 135
0.1 14481 135
0.1 14482 129
0.1 14483 129
0.1 14484 135
0.1 14485 135
0.1 14486 118
0.1 14487 129
0.1 14488 135
0.1 14489 129
0.1 14490 135
0.1 14491 135
0.1 14492 124
0.1 14493 135
0.1 14494 124
0.1 14495 129
0.1 14496 118
0.1 14497 135
0.1 14498 135
0.1 14499 135
0.1 14500 135
0.1 14501 135
0.1 14502 135
0.1 14503 135
0.1 14504 135
0.1 14505 135
0.1 14506 135
0.1 14507 135
0.1 14508 135
0.1 14509 118
0.1 14510 135
0.1 14511 135
0.1 14512 135
0.1 14513 135
0.1 14514 113
0.1 14515 129
0.1 14516 135
0.1 14517 113
0.1 14518 124
0.1 14519 135
0.1 14520 135
0.1 14521 135
0.1 14522 135
0.1 14523 135
0.1 14524 135
0.1 14525 113
0.1 14526 135
0.1 14527 135
0.1 14528 113
0.1 14529 113
0.1 14530 129
0.1 14531 135
0.1 14532 118
0.1 14533 124
0.1 14534 118
0.1 14535 108
0.1 14536 113
0.1 14537 118
0.1 14538 124
0.1 14539 135
0.1 14540 135
0.1 14541 135
0.1 14542 113
0.1 14543 124
0.1 14544 129
0.1 14545 135
0.1 14546 118
0.1 14547 118
0.1 14548 135
0.1 14549 135
0.1 14550 135
0.1 14551 135
0.1 14552 135
0.1 14553 118
0.1 14554 118
0.1 14555 118
0.1 14556 118
0.1 14557 129
0.1 14558 135
0.1 14559 129
0.1 14560 135
0.1 14561 135
0.1 14562 135
0.1 14563 135
0.1 14564 135
0.1 14565 135
0.1 14566 135
0.1 14567 135
0.1 14568 135
0.1 14569 135
0.1 14570 135
0.1 14571 135
0.1 14572 135
0.1 14573 135
0.1 14574 135
0.1 14575 124
0.1 14576 135
0.1 14577 135
0.1 14578 135
0.1 14579 135
0.1 14580 135
0.1 14581 135
0.1 14582 129
0.1 14583 135
0.1 14584 135
0.1 14585 135
0.1 14586 135
0.1 14587 135
0.1 14588 118
0.1 14589 0
0.1 14590 0
0.1 14591 0
0.1 14592 0
0.1 14593 0
0.1 14594 0
0.1 14595 16
0.1 14596 0
0.1 14597 0
0.1 14598 0
0.1 14599 0
0.1 14600 0
0.1 14601 0
0.1 14602 0
0.1 14603 0
0.1 14604 0
0.1 14605 0
0.1 14606 5
0.1 14607 27
0.1 14608 37
0.1 14609 21
0.1 14610 27
0.1 14611 5
0.1 14612 0
0.1 14613 16
0.1 14614 16
0.1 14615 0
0.1 14616 0
0.1 14617 0
0.1 14618 0
0.1 14619 21
0.1 14620 0
0.1 14621 0
0.1 14622 5
0.1 14623 21
0.1 14624 32
0.1 14625 48
0.1 14626 59
0.1 14627 75
0.1 14628 48
0.1 14629 54
0.1 14630 64
0.1 14631 86
0.1 14632 97
0.1 14633 97
0.1 14634 37
0.1 14635 0
0.1 14636 0
0.1 14637 0
0.1 14638 10
0.1 14639 10
0.1 14640 27
0.1 14641 5
0.1 14642 27
0.1 14643 37
0.1 14644 32
0.1 14645 21
0.1 14646 37
0.1 14647 54
0.1 14648 75
0.1 14649 81
0.1 14650 97
0.1 14651 113
0.1 14652 70
0.1 14653 16
0.1 14654 0
0.1 14655 0
0.1 14656 0
0.1 14657 0
0.1 14658 0
0.1 14659 0
0.1 14660 10
0.1 14661 16
0.1 14662 16
0.1 14663 5
0.1 14664 5
0.1 14665 10
0.1 14666 27
0.1 14667 10
0.1 14668 0
0.1 14669 0
0.1 14670 0
0.1 14671 21
0.1 14672 10
0.1 14673 21
0.1 14674 43
0.1 14675 43
0.1 14676 43
0.1 14677 43
0.1 14678 59
0.1 14679 59
0.1 14680 64
0.1 14681 70
0.1 14682 81
0.1 14683 97
0.1 14684 108
0.1 14685 118
0.1 14686 118
0.1 14687 118
0.1 14688 118
0.1 14689 135
0.1 14690 135
0.1 14691 108
0.1 14692 54
0.1 14693 37
0.1 14694 37
0.1 14695 37
0.1 14696 54
0.1 14697 64
0.1 14698 64
0.1 14699 86
0.1 14700 86
0.1 14701 102
0.1 14702 118
0.1 14703 91
0.1 14704 102
0.1 14705 97
0.1 14706 91
0.1 14707 97
0.1 14708 102
0.1 14709 108
0.1 14710 108
0.1 14711 108
0.1 14712 113
0.1 14713 129
0.1 14714 135
0.1 14715 118
0.1 14716 118
0.1 14717 118
0.1 14718 129
0.1 14719 135
0.1 14720 135
0.1 14721 135
0.1 14722 129
0.1 14723 102
0.1 14724 102
0.1 14725 102
0.1 14726 118
0.1 14727 135
0.1 14728 129
0.1 14729 135
0.1 14730 135
0.1 14731 124
0.1 14732 129
0.1 14733 135
0.1 14734 135
0.1 14735 135
0.1 14736 135
0.1 14737 135
0.1 14738 124
0.1 14739 129
0.1 14740 124
0.1 14741 135
0.1 14742 135
0.1 14743 129
0.1 14744 135
0.1 14745 135
0.1 14746 135
0.1 14747 124
0.1 14748 118
0.1 14749 135
0.1 14750 118
0.1 14751 135
0.1 14752 135
0.1 14753 135
0.1 14754 129
0.1 14755 129
0.1 14756 135
0.1 14757 135
0.1 14758 135
0.1 14759 118
0.1 14760 118
0.1 14761 124
0.1 14762 118
0.1 14763 129
0.1 14764 135
0.1 14765 118
0.1 14766 135
0.1 14767 135
0.1 14768 135
0.1 14769 124
0.1 14770 135
0.1 14771 135
0.1 14772 135
0.1 14773 135
0.1 14774 135
0.1 14775 129
0.1 14776 118
0.1 14777 129
0.1 14778 135
0.1 14779 135
0.1 14780 113
0.1 14781 113
0.1 14782 129
0.1 14783 135
0.1 14784 135
0.1 14785 135
0.1 14786 124
0.1 14787 129
0.1 14788 102
0.1 14789 102
0.1 14790 124
0.1 14791 135
0.1 14792 118
0.1 14793 135
0.1 14794 135
0.1 14795 135
0.1 14796 135
0.1 14797 135
0.1 14798 129
0.1 14799 135
0.1 14800 135
0.1 14801 135
0.1 14802 129
0.1 14803 135
0.1 14804 135
0.1 14805 113
0.1 14806 118
0.1 14807 118
0.1 14808 113
0.1 14809 129
0.1 14810 135
0.1 14811 135
0.1 14812 135
0.1 14813 135
0.1 14814 113
0.1 14815 118
0.1 14816 135
0.1 14817 135
0.1 14818 118
0.1 14819 129
0.1 14820 135
0.1 14821 135
0.1 14822 135
0.1 14823 135
0.1 14824 135
0.1 14825 135
0.1 14826 135
0.1 14827 129
0.1 14828 135
0.1 14829 135
0.1 14830 135
0.1 14831 135
0.1 14832 135
0.1 14833 135
0.1 14834 135
0.1 14835 135
0.1 14836 118
0.1 14837 113
0.1 14838 124
0.1 14839 135
0.1 14840 118
0.1 14841 129
0.1 14842 124
0.1 14843 135
0.1 14844 124
0.1 14845 124
0.1 14846 129
0.1 14847 135
0.1 14848 135
0.1 14849 135
0.1 14850 113
0.1 14851 135
0.1 14852 118
0.1 14853 124
0.1 14854 135
0.1 14855 135
0.1 14856 124
0.1 14857 135
0.1 14858 124
0.1 14859 135
0.1 14860 124
0.1 14861 135
0.1 14862 135
0.1 14863 135
0.1 14864 113
0.1 14865 118
0.1 14866 135
0.1 14867 129
0.1 14868 135
0.1 14869 124
0.1 14870 135
0.1 14871 135
0.1 14872 135
0.1 14873 135
0.1 14874 129
0.1 14875 135
0.1 14876 135
0.1 14877 118
0.1 14878 118
0.1 14879 129
0.1 14880 135
0.1 14881 135
0.1 14882 124
0.1 14883 135
0.1 14884 124
0.1 14885 129
0.1 14886 135
0.1 14887 113
0.1 14888 129
0.1 14889 135
0.1 14890 135
0.1 14891 118
0.1 14892 118
0.1 14893 129
0.1 14894 124
0.1 14895 135
0.1 14896 118
0.1 14897 113
0.1 14898 113
0.1 14899 113
0.1 14900 113
0.1 14901 129
0.1 14902 135
0.1 14903 135
0.1 14904 135
0.1 14905 135
0.1 14906 135
0.1 14907 135
0.1 14908 135
0.1 14909 118
0.1 14910 118
0.1 14911 135
0.1 14912 135
0.1 14913 135
0.1 14914 135
0.1 14915 135
0.1 14916 135
0.1 14917 135
0.1 14918 135
0.1 14919 129
0.1 14920 124
0.1 14921 118
0.1 14922 124
0.1 14923 129
0.1 14924 124
0.1 14925 118
0.1 14926 113
0.1 14927 124
0.1 14928 124
0.1 14929 118
0.1 14930 135
0.1 14931 135
0.1 14932 135
0.1 14933 135
0.1 14934 135
0.1 14935 135
0.1 14936 135
0.1 14937 135
0.1 14938 135
0.1 14939 135
0.1 14940 124
0.1 14941 124
0.1 14942 135
0.1 14943 135
0.1 14944 135
0.1 14945 135
0.1 14946 135
0.1 14947 135
0.1 14948 124
0.1 14949 135
0.1 14950 124
0.1 14951 135
0.1 14952 124
0.1 14953 135
0.1 14954 135
0.1 14955 129
0.1 14956 135
0.1 14957 124
0.1 14958 135
0.1 14959 135
0.1 14960 129
0.1 14961 124
0.1 14962 129
0.1 14963 135
0.1 14964 135
0.1 14965 135
0.1 14966 124
0.1 14967 129
0.1 14968 135
0.1 14969 135
0.1 14970 113
0.1 14971 113
0.1 14972 124
0.1 14973 118
0.1 14974 113
0.1 14975 135
0.1 14976 135
0.1 14977 135
0.1 14978 135
0.1 14979 135
0.1 14980 135
0.1 14981 124
0.1 14982 135
0.1 14983 135
0.1 14984 135
0.1 14985 135
0.1 14986 135
0.1 14987 135
0.1 14988 135
0.1 14989 135
0.1 14990 113
0.1 14991 129
0.1 14992 135
0.1 14993 118
0.1 14994 124
0.1 14995 135
0.1 14996 135
0.1 14997 135
0.1 14998 118
0.1 14999 118
