0.01 10001 135
0.01 10002 135
0.01 10003 135
0.01 10004 129
0.01 10005 135
0.01 10006 129
0.01 10007 118
0.01 10008 129
0.01 10009 135
0.01 10010 113
0.01 10011 113
0.01 10012 113
0.01 10013 113
0.01 10014 124
0.01 10015 135
0.01 10016 124
0.01 10017 124
0.01 10018 129
0.01 10019 135
0.01 10020 129
0.01 10021 118
0.01 10022 118
0.01 10023 124
0.01 10024 135
0.01 10025 135
0.01 10026 124
0.01 10027 124
0.01 10028 135
0.01 10029 135
0.01 10030 135
0.01 10031 135
0.01 10032 135
0.01 10033 135
0.01 10034 124
0.01 10035 118
0.01 10036 118
0.01 10037 118
0.01 10038 129
0.01 10039 129
0.01 10040 129
0.01 10041 124
0.01 10042 124
0.01 10043 135
0.01 10044 135
0.01 10045 135
0.01 10046 129
0.01 10047 129
0.01 10048 124
0.01 10049 124
0.01 10050 129
0.01 10051 135
0.01 10052 129
0.01 10053 135
0.01 10054 135
0.01 10055 124
0.01 10056 135
0.01 10057 129
0.01 10058 135
0.01 10059 135
0.01 10060 135
0.01 10061 135
0.01 10062 135
0.01 10063 135
0.01 10064 124
0.01 10065 124
0.01 10066 135
0.01 10067 135
0.01 10068 129
0.01 10069 135
0.01 10070 135
0.01 10071 135
0.01 10072 124
0.01 10073 135
0.01 10074 135
0.01 10075 135
0.01 10076 135
0.01 10077 135
0.01 10078 129
0.01 10079 129
0.01 10080 135
0.01 10081 135
0.01 10082 129
0.01 10083 135
0.01 10084 135
0.01 10085 135
0.01 10086 124
0.01 10087 135
0.01 10088 135
0.01 10089 135
0.01 10090 135
0.01 10091 135
0.01 10092 135
0.01 10093 135
0.01 10094 135
0.01 10095 135
0.01 10096 135
0.01 10097 135
0.01 10098 135
0.01 10099 135
0.01 10100 129
0.01 10101 135
0.01 10102 135
0.01 10103 129
0.01 10104 129
0.01 10105 118
0.01 10106 124
0.01 10107 118
0.01 10108 118
0.01 10109 129
0.01 10110 124
0.01 10111 135
0.01 10112 135
0.01 10113 129
0.01 10114 124
0.01 10115 124
0.01 10116 135
0.01 10117 135
0.01 10118 129
0.01 10119 129
0.01 10120 135
0.01 10121 135
0.01 10122 135
0.01 10123 129
0.01 10124 129
0.01 10125 129
0.01 10126 129
0.01 10127 135
0.01 10128 129
0.01 10129 135
0.01 10130 135
0.01 10131 118
0.01 10132 118
0.01 10133 124
0.01 10134 124
0.01 10135 129
0.01 10136 129
0.01 10137 135
0.01 10138 135
0.01 10139 135
0.01 10140 135
0.01 10141 124
0.01 10142 124
0.01 10143 124
0.01 10144 129
0.01 10145 135
0.01 10146 135
0.01 10147 124
0.01 10148 135
0.01 10149 135
0.01 10150 129
0.01 10151 135
0.01 10152 135
0.01 10153 135
0.01 10154 135
0.01 10155 135
0.01 10156 135
0.01 10157 135
0.01 10158 135
0.01 10159 135
0.01 10160 135
0.01 10161 135
0.01 10162 129
0.01 10163 135
0.01 10164 135
0.01 10165 135
0.01 10166 135
0.01 10167 129
0.01 10168 129
0.01 10169 129
0.01 10170 135
0.01 10171 135
0.01 10172 124
0.01 10173 129
0.01 10174 124
0.01 10175 124
0.01 10176 124
0.01 10177 124
0.01 10178 129
0.01 10179 135
0.01 10180 135
0.01 10181 135
0.01 10182 135
0.01 10183 135
0.01 10184 135
0.01 10185 135
0.01 10186 135
0.01 10187 124
0.01 10188 124
0.01 10189 129
0.01 10190 129
0.01 10191 135
0.01 10192 135
0.01 10193 135
0.01 10194 135
0.01 10195 135
0.01 10196 129
0.01 10197 135
0.01 10198 135
0.01 10199 135
0.01 10200 135
0.01 10201 135
0.01 10202 135
0.01 10203 135
0.01 10204 135
0.01 10205 135
0.01 10206 135
0.01 10207 135
0.01 10208 135
0.01 10209 135
0.01 10210 124
0.01 10211 135
0.01 10212 135
0.01 10213 135
0.01 10214 135
0.01 10215 135
0.01 10216 129
0.01 10217 124
0.01 10218 129
0.01 10219 124
0.01 10220 135
0.01 10221 124
0.01 10222 135
0.01 10223 129
0.01 10224 135
0.01 10225 135
0.01 10226 124
0.01 10227 129
0.01 10228 135
0.01 10229 135
0.01 10230 135
0.01 10231 135
0.01 10232 135
0.01 10233 124
0.01 10234 124
0.01 10235 124
0.01 10236 135
0.01 10237 135
0.01 10238 135
0.01 10239 135
0.01 10240 135
0.01 10241 129
0.01 10242 129
0.01 10243 135
0.01 10244 135
0.01 10245 135
0.01 10246 135
0.01 10247 129
0.01 10248 135
0.01 10249 135
0.01 10250 129
0.01 10251 135
0.01 10252 129
0.01 10253 124
0.01 10254 129
0.01 10255 135
0.01 10256 129
0.01 10257 118
0.01 10258 129
0.01 10259 135
0.01 10260 135
0.01 10261 135
0.01 10262 135
0.01 10263 124
0.01 10264 124
0.01 10265 135
0.01 10266 135
0.01 10267 135
0.01 10268 135
0.01 10269 135
0.01 10270 118
0.01 10271 118
0.01 10272 124
0.01 10273 129
0.01 10274 135
0.01 10275 135
0.01 10276 129
0.01 10277 135
0.01 10278 135
0.01 10279 135
0.01 10280 135
0.01 10281 129
0.01 10282 124
0.01 10283 129
0.01 10284 135
0.01 10285 135
0.01 10286 135
0.01 10287 135
0.01 10288 135
0.01 10289 135
0.01 10290 129
0.01 10291 135
0.01 10292 124
0.01 10293 124
0.01 10294 129
0.01 10295 135
0.01 10296 135
0.01 10297 135
0.01 10298 124
0.01 10299 135
0.01 10300 135
0.01 10301 135
0.01 10302 124
0.01 10303 129
0.01 10304 118
0.01 10305 124
0.01 10306 135
0.01 10307 135
0.01 10308 135
0.01 10309 135
0.01 10310 135
0.01 10311 118
0.01 10312 124
0.01 10313 129
0.01 10314 135
0.01 10315 135
0.01 10316 135
0.01 10317 135
0.01 10318 135
0.01 10319 135
0.01 10320 124
0.01 10321 124
0.01 10322 118
0.01 10323 129
0.01 10324 135
0.01 10325 129
0.01 10326 135
0.01 10327 135
0.01 10328 135
0.01 10329 135
0.01 10330 129
0.01 10331 135
0.01 10332 135
0.01 10333 124
0.01 10334 124
0.01 10335 124
0.01 10336 113
0.01 10337 124
0.01 10338 129
0.01 10339 129
0.01 10340 129
0.01 10341 135
0.01 10342 135
0.01 10343 124
0.01 10344 129
0.01 10345 124
0.01 10346 129
0.01 10347 129
0.01 10348 135
0.01 10349 135
0.01 10350 135
0.01 10351 135
0.01 10352 135
0.01 10353 135
0.01 10354 135
0.01 10355 135
0.01 10356 135
0.01 10357 135
0.01 10358 135
0.01 10359 118
0.01 10360 118
0.01 10361 124
0.01 10362 135
0.01 10363 135
0.01 10364 135
0.01 10365 135
0.01 10366 135
0.01 10367 135
0.01 10368 135
0.01 10369 135
0.01 10370 135
0.01 10371 124
0.01 10372 124
0.01 10373 135
0.01 10374 135
0.01 10375 135
0.01 10376 129
0.01 10377 135
0.01 10378 135
0.01 10379 135
0.01 10380 135
0.01 10381 135
0.01 10382 135
0.01 10383 135
0.01 10384 135
0.01 10385 135
0.01 10386 129
0.01 10387 135
0.01 10388 135
0.01 10389 135
0.01 10390 135
0.01 10391 135
0.01 10392 129
0.01 10393 135
0.01 10394 135
0.01 10395 135
0.01 10396 118
0.01 10397 118
0.01 10398 124
0.01 10399 124
0.01 10400 124
0.01 10401 129
0.01 10402 135
0.01 10403 124
0.01 10404 135
0.01 10405 129
0.01 10406 135
0.01 10407 135
0.01 10408 135
0.01 10409 135
0.01 10410 135
0.01 10411 129
0.01 10412 135
0.01 10413 135
0.01 10414 124
0.01 10415 124
0.01 10416 124
0.01 10417 129
0.01 10418 124
0.01 10419 135
0.01 10420 135
0.01 10421 135
0.01 10422 135
0.01 10423 135
0.01 10424 135
0.01 10425 129
0.01 10426 135
0.01 10427 124
0.01 10428 129
0.01 10429 129
0.01 10430 129
0.01 10431 135
0.01 10432 135
0.01 10433 135
0.01 10434 129
0.01 10435 135
0.01 10436 135
0.01 10437 135
0.01 10438 135
0.01 10439 129
0.01 10440 135
0.01 10441 135
0.01 10442 135
0.01 10443 135
0.01 10444 135
0.01 10445 135
0.01 10446 129
0.01 10447 135
0.01 10448 135
0.01 10449 124
0.01 10450 129
0.01 10451 124
0.01 10452 135
0.01 10453 113
0.01 10454 118
0.01 10455 129
0.01 10456 118
0.01 10457 118
0.01 10458 124
0.01 10459 135
0.01 10460 135
0.01 10461 118
0.01 10462 118
0.01 10463 118
0.01 10464 118
0.01 10465 118
0.01 10466 124
0.01 10467 124
0.01 10468 124
0.01 10469 124
0.01 10470 129
0.01 10471 135
0.01 10472 135
0.01 10473 118
0.01 10474 118
0.01 10475 129
0.01 10476 135
0.01 10477 135
0.01 10478 124
0.01 10479 135
0.01 10480 135
0.01 10481 124
0.01 10482 129
0.01 10483 124
0.01 10484 129
0.01 10485 135
0.01 10486 135
0.01 10487 135
0.01 10488 124
0.01 10489 124
0.01 10490 135
0.01 10491 135
0.01 10492 135
0.01 10493 129
0.01 10494 135
0.01 10495 135
0.01 10496 135
0.01 10497 135
0.01 10498 135
0.01 10499 135
0.01 10500 129
0.01 10501 135
0.01 10502 135
0.01 10503 135
0.01 10504 135
0.01 10505 135
0.01 10506 135
0.01 10507 135
0.01 10508 135
0.01 10509 124
0.01 10510 129
0.01 10511 135
0.01 10512 124
0.01 10513 124
0.01 10514 135
0.01 10515 135
0.01 10516 135
0.01 10517 135
0.01 10518 135
0.01 10519 129
0.01 10520 129
0.01 10521 135
0.01 10522 118
0.01 10523 129
0.01 10524 135
0.01 10525 135
0.01 10526 135
0.01 10527 135
0.01 10528 135
0.01 10529 135
0.01 10530 135
0.01 10531 135
0.01 10532 135
0.01 10533 124
0.01 10534 129
0.01 10535 135
0.01 10536 129
0.01 10537 135
0.01 10538 135
0.01 10539 135
0.01 10540 135
0.01 10541 135
0.01 10542 135
0.01 10543 129
0.01 10544 135
0.01 10545 135
0.01 10546 124
0.01 10547 129
0.01 10548 129
0.01 10549 135
0.01 10550 135
0.01 10551 135
0.01 10552 135
0.01 10553 135
0.01 10554 135
0.01 10555 129
0.01 10556 118
0.01 10557 118
0.01 10558 129
0.01 10559 135
0.01 10560 135
0.01 10561 135
0.01 10562 135
0.01 10563 135
0.01 10564 129
0.01 10565 135
0.01 10566 135
0.01 10567 135
0.01 10568 124
0.01 10569 129
0.01 10570 135
0.01 10571 124
0.01 10572 124
0.01 10573 124
0.01 10574 129
0.01 10575 129
0.01 10576 135
0.01 10577 124
0.01 10578 135
0.01 10579 129
0.01 10580 129
0.01 10581 135
0.01 10582 129
0.01 10583 135
0.01 10584 124
0.01 10585 124
0.01 10586 135
0.01 10587 135
0.01 10588 135
0.01 10589 135
0.01 10590 124
0.01 10591 135
0.01 10592 135
0.01 10593 135
0.01 10594 135
0.01 10595 135
0.01 10596 135
0.01 10597 135
0.01 10598 135
0.01 10599 129
0.01 10600 124
0.01 10601 135
0.01 10602 135
0.01 10603 129
0.01 10604 135
0.01 10605 129
0.01 10606 135
0.01 10607 124
0.01 10608 129
0.01 10609 135
0.01 10610 124
0.01 10611 124
0.01 10612 135
0.01 10613 129
0.01 10614 124
0.01 10615 124
0.01 10616 135
0.01 10617 129
0.01 10618 129
0.01 10619 135
0.01 10620 129
0.01 10621 135
0.01 10622 124
0.01 10623 135
0.01 10624 135
0.01 10625 129
0.01 10626 129
0.01 10627 135
0.01 10628 135
0.01 10629 135
0.01 10630 135
0.01 10631 135
0.01 10632 135
0.01 10633 129
0.01 10634 129
0.01 10635 135
0.01 10636 124
0.01 10637 124
0.01 10638 129
0.01 10639 135
0.01 10640 135
0.01 10641 124
0.01 10642 135
0.01 10643 135
0.01 10644 135
0.01 10645 129
0.01 10646 124
0.01 10647 135
0.01 10648 135
0.01 10649 135
0.01 10650 135
0.01 10651 135
0.01 10652 135
0.01 10653 129
0.01 10654 129
0.01 10655 135
0.01 10656 129
0.01 10657 135
0.01 10658 118
0.01 10659 124
0.01 10660 135
0.01 10661 135
0.01 10662 135
0.01 10663 135
0.01 10664 135
0.01 10665 135
0.01 10666 135
0.01 10667 129
0.01 10668 135
0.01 10669 135
0.01 10670 135
0.01 10671 135
0.01 10672 135
0.01 10673 124
0.01 10674 124
0.01 10675 135
0.01 10676 135
0.01 10677 135
0.01 10678 129
0.01 10679 135
0.01 10680 135
0.01 10681 135
0.01 10682 135
0.01 10683 129
0.01 10684 135
0.01 10685 135
0.01 10686 124
0.01 10687 135
0.01 10688 129
0.01 10689 135
0.01 10690 135
0.01 10691 129
0.01 10692 124
0.01 10693 135
0.01 10694 135
0.01 10695 135
0.01 10696 135
0.01 10697 129
0.01 10698 124
0.01 10699 135
0.01 10700 135
0.01 10701 135
0.01 10702 135
0.01 10703 135
0.01 10704 135
0.01 10705 135
0.01 10706 129
0.01 10707 135
0.01 10708 135
0.01 10709 129
0.01 10710 135
0.01 10711 135
0.01 10712 135
0.01 10713 135
0.01 10714 135
0.01 10715 124
0.01 10716 129
0.01 10717 135
0.01 10718 135
0.01 10719 135
0.01 10720 135
0.01 10721 129
0.01 10722 135
0.01 10723 135
0.01 10724 135
0.01 10725 135
0.01 10726 129
0.01 10727 129
0.01 10728 135
0.01 10729 135
0.01 10730 135
0.01 10731 135
0.01 10732 135
0.01 10733 118
0.01 10734 118
0.01 10735 124
0.01 10736 124
0.01 10737 129
0.01 10738 135
0.01 10739 135
0.01 10740 124
0.01 10741 129
0.01 10742 135
0.01 10743 135
0.01 10744 135
0.01 10745 135
0.01 10746 135
0.01 10747 124
0.01 10748 124
0.01 10749 124
0.01 10750 129
0.01 10751 129
0.01 10752 135
0.01 10753 135
0.01 10754 135
0.01 10755 124
0.01 10756 135
0.01 10757 135
0.01 10758 135
0.01 10759 135
0.01 10760 129
0.01 10761 135
0.01 10762 135
0.01 10763 135
0.01 10764 135
0.01 10765 135
0.01 10766 129
0.01 10767 135
0.01 10768 135
0.01 10769 135
0.01 10770 135
0.01 10771 129
0.01 10772 118
0.01 10773 129
0.01 10774 135
0.01 10775 129
0.01 10776 135
0.01 10777 135
0.01 10778 135
0.01 10779 129
0.01 10780 135
0.01 10781 135
0.01 10782 135
0.01 10783 118
0.01 10784 118
0.01 10785 118
0.01 10786 124
0.01 10787 129
0.01 10788 135
0.01 10789 135
0.01 10790 135
0.01 10791 124
0.01 10792 135
0.01 10793 135
0.01 10794 135
0.01 10795 135
0.01 10796 118
0.01 10797 124
0.01 10798 135
0.01 10799 135
0.01 10800 124
0.01 10801 135
0.01 10802 135
0.01 10803 129
0.01 10804 129
0.01 10805 135
0.01 10806 135
0.01 10807 135
0.01 10808 135
0.01 10809 135
0.01 10810 129
0.01 10811 124
0.01 10812 129
0.01 10813 129
0.01 10814 135
0.01 10815 118
0.01 10816 124
0.01 10817 124
0.01 10818 135
0.01 10819 135
0.01 10820 135
0.01 10821 124
0.01 10822 129
0.01 10823 124
0.01 10824 118
0.01 10825 118
0.01 10826 118
0.01 10827 129
0.01 10828 135
0.01 10829 135
0.01 10830 135
0.01 10831 135
0.01 10832 135
0.01 10833 135
0.01 10834 135
0.01 10835 135
0.01 10836 135
0.01 10837 124
0.01 10838 118
0.01 10839 118
0.01 10840 124
0.01 10841 129
0.01 10842 129
0.01 10843 129
0.01 10844 135
0.01 10845 124
0.01 10846 129
0.01 10847 135
0.01 10848 135
0.01 10849 135
0.01 10850 135
0.01 10851 129
0.01 10852 135
0.01 10853 124
0.01 10854 129
0.01 10855 135
0.01 10856 135
0.01 10857 135
0.01 10858 135
0.01 10859 135
0.01 10860 129
0.01 10861 118
0.01 10862 124
0.01 10863 135
0.01 10864 135
0.01 10865 135
0.01 10866 135
0.01 10867 135
0.01 10868 135
0.01 10869 135
0.01 10870 135
0.01 10871 135
0.01 10872 124
0.01 10873 129
0.01 10874 135
0.01 10875 135
0.01 10876 135
0.01 10877 135
0.01 10878 135
0.01 10879 135
0.01 10880 124
0.01 10881 135
0.01 10882 118
0.01 10883 124
0.01 10884 124
0.01 10885 135
0.01 10886 135
0.01 10887 135
0.01 10888 135
0.01 10889 135
0.01 10890 129
0.01 10891 135
0.01 10892 135
0.01 10893 129
0.01 10894 135
0.01 10895 135
0.01 10896 135
0.01 10897 129
0.01 10898 129
0.01 10899 129
0.01 10900 135
0.01 10901 129
0.01 10902 135
0.01 10903 135
0.01 10904 124
0.01 10905 124
0.01 10906 129
0.01 10907 135
0.01 10908 124
0.01 10909 129
0.01 10910 129
0.01 10911 135
0.01 10912 135
0.01 10913 135
0.01 10914 135
0.01 10915 135
0.01 10916 135
0.01 10917 135
0.01 10918 118
0.01 10919 129
0.01 10920 135
0.01 10921 129
0.01 10922 135
0.01 10923 135
0.01 10924 129
0.01 10925 129
0.01 10926 124
0.01 10927 118
0.01 10928 118
0.01 10929 129
0.01 10930 135
0.01 10931 118
0.01 10932 124
0.01 10933 135
0.01 10934 135
0.01 10935 135
0.01 10936 135
0.01 10937 135
0.01 10938 135
0.01 10939 135
0.01 10940 135
0.01 10941 124
0.01 10942 129
0.01 10943 135
0.01 10944 129
0.01 10945 135
0.01 10946 135
0.01 10947 135
0.01 10948 135
0.01 10949 135
0.01 10950 135
0.01 10951 135
0.01 10952 135
0.01 10953 135
0.01 10954 135
0.01 10955 124
0.01 10956 135
0.01 10957 135
0.01 10958 135
0.01 10959 135
0.01 10960 124
0.01 10961 124
0.01 10962 129
0.01 10963 135
0.01 10964 135
0.01 10965 118
0.01 10966 124
0.01 10967 129
0.01 10968 135
0.01 10969 135
0.01 10970 135
0.01 10971 129
0.01 10972 135
0.01 10973 135
0.01 10974 124
0.01 10975 129
0.01 10976 135
0.01 10977 135
0.01 10978 135
0.01 10979 124
0.01 10980 118
0.01 10981 118
0.01 10982 129
0.01 10983 135
0.01 10984 135
0.01 10985 124
0.01 10986 124
0.01 10987 129
0.01 10988 129
0.01 10989 135
0.01 10990 135
0.01 10991 135
0.01 10992 135
0.01 10993 135
0.01 10994 135
0.01 10995 135
0.01 10996 135
0.01 10997 135
0.01 10998 135
0.01 10999 135
0.01 11000 135
0.01 11001 129
0.01 11002 118
0.01 11003 118
0.01 11004 124
0.01 11005 135
0.01 11006 135
0.01 11007 135
0.01 11008 124
0.01 11009 129
0.01 11010 129
0.01 11011 135
0.01 11012 129
0.01 11013 135
0.01 11014 135
0.01 11015 135
0.01 11016 135
0.01 11017 135
0.01 11018 135
0.01 11019 135
0.01 11020 135
0.01 11021 135
0.01 11022 135
0.01 11023 124
0.01 11024 135
0.01 11025 135
0.01 11026 135
0.01 11027 135
0.01 11028 135
0.01 11029 129
0.01 11030 135
0.01 11031 135
0.01 11032 118
0.01 11033 118
0.01 11034 118
0.01 11035 124
0.01 11036 124
0.01 11037 129
0.01 11038 129
0.01 11039 135
0.01 11040 135
0.01 11041 135
0.01 11042 135
0.01 11043 129
0.01 11044 135
0.01 11045 135
0.01 11046 135
0.01 11047 129
0.01 11048 135
0.01 11049 135
0.01 11050 135
0.01 11051 135
0.01 11052 135
0.01 11053 135
0.01 11054 135
0.01 11055 135
0.01 11056 124
0.01 11057 135
0.01 11058 124
0.01 11059 135
0.01 11060 135
0.01 11061 135
0.01 11062 124
0.01 11063 124
0.01 11064 135
0.01 11065 129
0.01 11066 135
0.01 11067 135
0.01 11068 135
0.01 11069 135
0.01 11070 135
0.01 11071 124
0.01 11072 135
0.01 11073 135
0.01 11074 135
0.01 11075 135
0.01 11076 129
0.01 11077 135
0.01 11078 118
0.01 11079 124
0.01 11080 135
0.01 11081 135
0.01 11082 135
0.01 11083 135
0.01 11084 129
0.01 11085 135
0.01 11086 135
0.01 11087 129
0.01 11088 135
0.01 11089 135
0.01 11090 129
0.01 11091 135
0.01 11092 135
0.01 11093 129
0.01 11094 129
0.01 11095 135
0.01 11096 129
0.01 11097 118
0.01 11098 124
0.01 11099 124
0.01 11100 118
0.01 11101 118
0.01 11102 118
0.01 11103 124
0.01 11104 129
0.01 11105 135
0.01 11106 135
0.01 11107 135
0.01 11108 135
0.01 11109 135
0.01 11110 135
0.01 11111 135
0.01 11112 124
0.01 11113 129
0.01 11114 135
0.01 11115 124
0.01 11116 124
0.01 11117 135
0.01 11118 135
0.01 11119 135
0.01 11120 118
0.01 11121 124
0.01 11122 124
0.01 11123 135
0.01 11124 135
0.01 11125 135
0.01 11126 135
0.01 11127 135
0.01 11128 135
0.01 11129 135
0.01 11130 135
0.01 11131 135
0.01 11132 124
0.01 11133 124
0.01 11134 124
0.01 11135 124
0.01 11136 124
0.01 11137 124
0.01 11138 129
0.01 11139 135
0.01 11140 135
0.01 11141 124
0.01 11142 135
0.01 11143 135
0.01 11144 118
0.01 11145 135
0.01 11146 135
0.01 11147 135
0.01 11148 135
0.01 11149 124
0.01 11150 129
0.01 11151 135
0.01 11152 124
0.01 11153 135
0.01 11154 129
0.01 11155 129
0.01 11156 135
0.01 11157 129
0.01 11158 124
0.01 11159 129
0.01 11160 135
0.01 11161 135
0.01 11162 135
0.01 11163 135
0.01 11164 129
0.01 11165 135
0.01 11166 124
0.01 11167 135
0.01 11168 129
0.01 11169 135
0.01 11170 135
0.01 11171 124
0.01 11172 124
0.01 11173 135
0.01 11174 129
0.01 11175 124
0.01 11176 124
0.01 11177 129
0.01 11178 135
0.01 11179 135
0.01 11180 124
0.01 11181 124
0.01 11182 124
0.01 11183 135
0.01 11184 135
0.01 11185 129
0.01 11186 124
0.01 11187 129
0.01 11188 135
0.01 11189 135
0.01 11190 135
0.01 11191 135
0.01 11192 135
0.01 11193 135
0.01 11194 135
0.01 11195 135
0.01 11196 124
0.01 11197 124
0.01 11198 135
0.01 11199 135
0.01 11200 135
0.01 11201 124
0.01 11202 135
0.01 11203 118
0.01 11204 118
0.01 11205 129
0.01 11206 135
0.01 11207 129
0.01 11208 135
0.01 11209 135
0.01 11210 124
0.01 11211 124
0.01 11212 124
0.01 11213 124
0.01 11214 124
0.01 11215 124
0.01 11216 124
0.01 11217 124
0.01 11218 135
0.01 11219 135
0.01 11220 135
0.01 11221 135
0.01 11222 135
0.01 11223 135
0.01 11224 135
0.01 11225 135
0.01 11226 129
0.01 11227 135
0.01 11228 135
0.01 11229 135
0.01 11230 124
0.01 11231 129
0.01 11232 135
0.01 11233 135
0.01 11234 129
0.01 11235 135
0.01 11236 135
0.01 11237 124
0.01 11238 124
0.01 11239 124
0.01 11240 135
0.01 11241 135
0.01 11242 135
0.01 11243 135
0.01 11244 124
0.01 11245 135
0.01 11246 135
0.01 11247 129
0.01 11248 135
0.01 11249 135
0.01 11250 129
0.01 11251 129
0.01 11252 129
0.01 11253 135
0.01 11254 135
0.01 11255 135
0.01 11256 129
0.01 11257 135
0.01 11258 135
0.01 11259 135
0.01 11260 124
0.01 11261 135
0.01 11262 135
0.01 11263 118
0.01 11264 118
0.01 11265 118
0.01 11266 118
0.01 11267 124
0.01 11268 135
0.01 11269 124
0.01 11270 129
0.01 11271 124
0.01 11272 135
0.01 11273 129
0.01 11274 135
0.01 11275 129
0.01 11276 135
0.01 11277 135
0.01 11278 135
0.01 11279 135
0.01 11280 135
0.01 11281 129
0.01 11282 135
0.01 11283 135
0.01 11284 135
0.01 11285 135
0.01 11286 135
0.01 11287 129
0.01 11288 124
0.01 11289 124
0.01 11290 129
0.01 11291 135
0.01 11292 135
0.01 11293 135
0.01 11294 135
0.01 11295 135
0.01 11296 135
0.01 11297 135
0.01 11298 135
0.01 11299 135
0.01 11300 135
0.01 11301 135
0.01 11302 129
0.01 11303 135
0.01 11304 135
0.01 11305 135
0.01 11306 135
0.01 11307 135
0.01 11308 129
0.01 11309 135
0.01 11310 135
0.01 11311 135
0.01 11312 129
0.01 11313 135
0.01 11314 135
0.01 11315 135
0.01 11316 135
0.01 11317 135
0.01 11318 129
0.01 11319 135
0.01 11320 135
0.01 11321 135
0.01 11322 135
0.01 11323 135
0.01 11324 135
0.01 11325 124
0.01 11326 135
0.01 11327 135
0.01 11328 124
0.01 11329 124
0.01 11330 135
0.01 11331 129
0.01 11332 129
0.01 11333 135
0.01 11334 135
0.01 11335 135
0.01 11336 118
0.01 11337 135
0.01 11338 135
0.01 11339 135
0.01 11340 129
0.01 11341 135
0.01 11342 135
0.01 11343 135
0.01 11344 135
0.01 11345 135
0.01 11346 135
0.01 11347 124
0.01 11348 124
0.01 11349 135
0.01 11350 124
0.01 11351 118
0.01 11352 118
0.01 11353 124
0.01 11354 124
0.01 11355 129
0.01 11356 135
0.01 11357 124
0.01 11358 124
0.01 11359 129
0.01 11360 135
0.01 11361 135
0.01 11362 135
0.01 11363 135
0.01 11364 135
0.01 11365 124
0.01 11366 124
0.01 11367 135
0.01 11368 135
0.01 11369 135
0.01 11370 135
0.01 11371 129
0.01 11372 135
0.01 11373 129
0.01 11374 135
0.01 11375 135
0.01 11376 135
0.01 11377 135
0.01 11378 129
0.01 11379 124
0.01 11380 129
0.01 11381 135
0.01 11382 135
0.01 11383 135
0.01 11384 129
0.01 11385 118
0.01 11386 118
0.01 11387 118
0.01 11388 129
0.01 11389 129
0.01 11390 135
0.01 11391 135
0.01 11392 124
0.01 11393 135
0.01 11394 129
0.01 11395 129
0.01 11396 135
0.01 11397 124
0.01 11398 129
0.01 11399 135
0.01 11400 135
0.01 11401 135
0.01 11402 135
0.01 11403 135
0.01 11404 135
0.01 11405 135
0.01 11406 124
0.01 11407 124
0.01 11408 135
0.01 11409 135
0.01 11410 135
0.01 11411 124
0.01 11412 129
0.01 11413 135
0.01 11414 135
0.01 11415 118
0.01 11416 129
0.01 11417 135
0.01 11418 129
0.01 11419 135
0.01 11420 135
0.01 11421 135
0.01 11422 129
0.01 11423 135
0.01 11424 135
0.01 11425 129
0.01 11426 129
0.01 11427 135
0.01 11428 129
0.01 11429 135
0.01 11430 124
0.01 11431 124
0.01 11432 135
0.01 11433 135
0.01 11434 135
0.01 11435 135
0.01 11436 129
0.01 11437 135
0.01 11438 135
0.01 11439 135
0.01 11440 118
0.01 11441 124
0.01 11442 135
0.01 11443 135
0.01 11444 135
0.01 11445 129
0.01 11446 135
0.01 11447 135
0.01 11448 135
0.01 11449 129
0.01 11450 135
0.01 11451 135
0.01 11452 135
0.01 11453 135
0.01 11454 135
0.01 11455 135
0.01 11456 135
0.01 11457 135
0.01 11458 124
0.01 11459 135
0.01 11460 135
0.01 11461 124
0.01 11462 135
0.01 11463 135
0.01 11464 135
0.01 11465 135
0.01 11466 124
0.01 11467 135
0.01 11468 135
0.01 11469 135
0.01 11470 135
0.01 11471 135
0.01 11472 135
0.01 11473 129
0.01 11474 129
0.01 11475 135
0.01 11476 135
0.01 11477 135
0.01 11478 129
0.01 11479 135
0.01 11480 129
0.01 11481 124
0.01 11482 135
0.01 11483 135
0.01 11484 129
0.01 11485 135
0.01 11486 124
0.01 11487 129
0.01 11488 124
0.01 11489 135
0.01 11490 135
0.01 11491 135
0.01 11492 124
0.01 11493 129
0.01 11494 124
0.01 11495 129
0.01 11496 129
0.01 11497 135
0.01 11498 135
0.01 11499 135
0.01 11500 129
0.01 11501 135
0.01 11502 124
0.01 11503 135
0.01 11504 135
0.01 11505 135
0.01 11506 135
0.01 11507 135
0.01 11508 135
0.01 11509 129
0.01 11510 135
0.01 11511 135
0.01 11512 135
0.01 11513 135
0.01 11514 135
0.01 11515 135
0.01 11516 124
0.01 11517 129
0.01 11518 129
0.01 11519 129
0.01 11520 129
0.01 11521 129
0.01 11522 129
0.01 11523 135
0.01 11524 124
0.01 11525 129
0.01 11526 135
0.01 11527 135
0.01 11528 124
0.01 11529 135
0.01 11530 135
0.01 11531 135
0.01 11532 135
0.01 11533 124
0.01 11534 135
0.01 11535 135
0.01 11536 124
0.01 11537 129
0.01 11538 129
0.01 11539 135
0.01 11540 135
0.01 11541 135
0.01 11542 118
0.01 11543 118
0.01 11544 135
0.01 11545 135
0.01 11546 135
0.01 11547 135
0.01 11548 129
0.01 11549 135
0.01 11550 135
0.01 11551 135
0.01 11552 135
0.01 11553 135
0.01 11554 135
0.01 11555 135
0.01 11556 135
0.01 11557 135
0.01 11558 135
0.01 11559 124
0.01 11560 129
0.01 11561 118
0.01 11562 124
0.01 11563 129
0.01 11564 135
0.01 11565 135
0.01 11566 135
0.01 11567 135
0.01 11568 135
0.01 11569 135
0.01 11570 135
0.01 11571 135
0.01 11572 118
0.01 11573 129
0.01 11574 135
0.01 11575 135
0.01 11576 135
0.01 11577 129
0.01 11578 135
0.01 11579 129
0.01 11580 135
0.01 11581 135
0.01 11582 124
0.01 11583 129
0.01 11584 135
0.01 11585 129
0.01 11586 129
0.01 11587 129
0.01 11588 129
0.01 11589 135
0.01 11590 135
0.01 11591 129
0.01 11592 135
0.01 11593 135
0.01 11594 135
0.01 11595 124
0.01 11596 124
0.01 11597 135
0.01 11598 135
0.01 11599 124
0.01 11600 124
0.01 11601 129
0.01 11602 135
0.01 11603 135
0.01 11604 129
0.01 11605 135
0.01 11606 135
0.01 11607 135
0.01 11608 129
0.01 11609 135
0.01 11610 135
0.01 11611 129
0.01 11612 135
0.01 11613 135
0.01 11614 135
0.01 11615 135
0.01 11616 135
0.01 11617 135
0.01 11618 135
0.01 11619 135
0.01 11620 135
0.01 11621 135
0.01 11622 118
0.01 11623 129
0.01 11624 135
0.01 11625 135
0.01 11626 129
0.01 11627 129
0.01 11628 124
0.01 11629 129
0.01 11630 135
0.01 11631 135
0.01 11632 118
0.01 11633 124
0.01 11634 129
0.01 11635 135
0.01 11636 135
0.01 11637 135
0.01 11638 135
0.01 11639 135
0.01 11640 135
0.01 11641 135
0.01 11642 135
0.01 11643 135
0.01 11644 135
0.01 11645 135
0.01 11646 135
0.01 11647 135
0.01 11648 135
0.01 11649 124
0.01 11650 124
0.01 11651 124
0.01 11652 124
0.01 11653 129
0.01 11654 129
0.01 11655 135
0.01 11656 135
0.01 11657 135
0.01 11658 135
0.01 11659 135
0.01 11660 135
0.01 11661 135
0.01 11662 124
0.01 11663 135
0.01 11664 135
0.01 11665 135
0.01 11666 129
0.01 11667 135
0.01 11668 135
0.01 11669 135
0.01 11670 113
0.01 11671 118
0.01 11672 124
0.01 11673 135
0.01 11674 135
0.01 11675 135
0.01 11676 135
0.01 11677 135
0.01 11678 135
0.01 11679 135
0.01 11680 135
0.01 11681 135
0.01 11682 135
0.01 11683 129
0.01 11684 129
0.01 11685 129
0.01 11686 129
0.01 11687 135
0.01 11688 135
0.01 11689 124
0.01 11690 124
0.01 11691 124
0.01 11692 135
0.01 11693 135
0.01 11694 135
0.01 11695 135
0.01 11696 135
0.01 11697 135
0.01 11698 135
0.01 11699 129
0.01 11700 135
0.01 11701 124
0.01 11702 124
0.01 11703 135
0.01 11704 135
0.01 11705 118
0.01 11706 129
0.01 11707 124
0.01 11708 129
0.01 11709 135
0.01 11710 129
0.01 11711 124
0.01 11712 129
0.01 11713 124
0.01 11714 129
0.01 11715 118
0.01 11716 118
0.01 11717 129
0.01 11718 129
0.01 11719 135
0.01 11720 135
0.01 11721 135
0.01 11722 135
0.01 11723 135
0.01 11724 135
0.01 11725 124
0.01 11726 135
0.01 11727 135
0.01 11728 124
0.01 11729 124
0.01 11730 129
0.01 11731 129
0.01 11732 124
0.01 11733 135
0.01 11734 135
0.01 11735 135
0.01 11736 135
0.01 11737 124
0.01 11738 124
0.01 11739 135
0.01 11740 135
0.01 11741 135
0.01 11742 135
0.01 11743 129
0.01 11744 135
0.01 11745 135
0.01 11746 135
0.01 11747 135
0.01 11748 135
0.01 11749 135
0.01 11750 135
0.01 11751 135
0.01 11752 135
0.01 11753 135
0.01 11754 135
0.01 11755 135
0.01 11756 135
0.01 11757 135
0.01 11758 135
0.01 11759 135
0.01 11760 135
0.01 11761 124
0.01 11762 135
0.01 11763 135
0.01 11764 135
0.01 11765 135
0.01 11766 129
0.01 11767 135
0.01 11768 124
0.01 11769 129
0.01 11770 135
0.01 11771 135
0.01 11772 135
0.01 11773 135
0.01 11774 129
0.01 11775 129
0.01 11776 135
0.01 11777 135
0.01 11778 135
0.01 11779 129
0.01 11780 124
0.01 11781 129
0.01 11782 135
0.01 11783 129
0.01 11784 118
0.01 11785 118
0.01 11786 135
0.01 11787 135
0.01 11788 135
0.01 11789 129
0.01 11790 135
0.01 11791 135
0.01 11792 135
0.01 11793 135
0.01 11794 135
0.01 11795 135
0.01 11796 135
0.01 11797 135
0.01 11798 135
0.01 11799 135
0.01 11800 129
0.01 11801 129
0.01 11802 129
0.01 11803 135
0.01 11804 135
0.01 11805 129
0.01 11806 135
0.01 11807 135
0.01 11808 129
0.01 11809 129
0.01 11810 135
0.01 11811 135
0.01 11812 135
0.01 11813 135
0.01 11814 129
0.01 11815 124
0.01 11816 124
0.01 11817 118
0.01 11818 129
0.01 11819 135
0.01 11820 135
0.01 11821 113
0.01 11822 124
0.01 11823 129
0.01 11824 135
0.01 11825 118
0.01 11826 118
0.01 11827 118
0.01 11828 118
0.01 11829 124
0.01 11830 129
0.01 11831 135
0.01 11832 129
0.01 11833 124
0.01 11834 124
0.01 11835 129
0.01 11836 129
0.01 11837 124
0.01 11838 129
0.01 11839 135
0.01 11840 135
0.01 11841 135
0.01 11842 135
0.01 11843 135
0.01 11844 135
0.01 11845 124
0.01 11846 124
0.01 11847 129
0.01 11848 129
0.01 11849 129
0.01 11850 135
0.01 11851 135
0.01 11852 124
0.01 11853 135
0.01 11854 129
0.01 11855 135
0.01 11856 135
0.01 11857 135
0.01 11858 135
0.01 11859 118
0.01 11860 129
0.01 11861 135
0.01 11862 129
0.01 11863 129
0.01 11864 135
0.01 11865 135
0.01 11866 135
0.01 11867 135
0.01 11868 135
0.01 11869 135
0.01 11870 135
0.01 11871 135
0.01 11872 124
0.01 11873 135
0.01 11874 135
0.01 11875 124
0.01 11876 118
0.01 11877 118
0.01 11878 118
0.01 11879 118
0.01 11880 118
0.01 11881 124
0.01 11882 118
0.01 11883 135
0.01 11884 135
0.01 11885 135
0.01 11886 135
0.01 11887 135
0.01 11888 135
0.01 11889 118
0.01 11890 124
0.01 11891 129
0.01 11892 129
0.01 11893 135
0.01 11894 135
0.01 11895 118
0.01 11896 135
0.01 11897 135
0.01 11898 135
0.01 11899 135
0.01 11900 135
0.01 11901 129
0.01 11902 124
0.01 11903 124
0.01 11904 135
0.01 11905 135
0.01 11906 113
0.01 11907 113
0.01 11908 118
0.01 11909 135
0.01 11910 135
0.01 11911 135
0.01 11912 135
0.01 11913 124
0.01 11914 129
0.01 11915 129
0.01 11916 135
0.01 11917 135
0.01 11918 135
0.01 11919 135
0.01 11920 124
0.01 11921 124
0.01 11922 135
0.01 11923 135
0.01 11924 135
0.01 11925 135
0.01 11926 135
0.01 11927 135
0.01 11928 129
0.01 11929 135
0.01 11930 129
0.01 11931 135
0.01 11932 135
0.01 11933 135
0.01 11934 135
0.01 11935 135
0.01 11936 135
0.01 11937 135
0.01 11938 118
0.01 11939 118
0.01 11940 129
0.01 11941 135
0.01 11942 135
0.01 11943 135
0.01 11944 135
0.01 11945 118
0.01 11946 129
0.01 11947 124
0.01 11948 124
0.01 11949 124
0.01 11950 129
0.01 11951 118
0.01 11952 124
0.01 11953 135
0.01 11954 135
0.01 11955 124
0.01 11956 118
0.01 11957 129
0.01 11958 135
0.01 11959 124
0.01 11960 135
0.01 11961 135
0.01 11962 129
0.01 11963 135
0.01 11964 135
0.01 11965 135
0.01 11966 129
0.01 11967 135
0.01 11968 129
0.01 11969 129
0.01 11970 135
0.01 11971 135
0.01 11972 129
0.01 11973 129
0.01 11974 135
0.01 11975 135
0.01 11976 129
0.01 11977 135
0.01 11978 118
0.01 11979 124
0.01 11980 124
0.01 11981 124
0.01 11982 129
0.01 11983 129
0.01 11984 129
0.01 11985 135
0.01 11986 124
0.01 11987 124
0.01 11988 135
0.01 11989 135
0.01 11990 135
0.01 11991 124
0.01 11992 118
0.01 11993 129
0.01 11994 118
0.01 11995 135
0.01 11996 124
0.01 11997 135
0.01 11998 135
0.01 11999 135
0.01 12000 113
0.01 12001 118
0.01 12002 118
0.01 12003 118
0.01 12004 135
0.01 12005 124
0.01 12006 135
0.01 12007 135
0.01 12008 135
0.01 12009 135
0.01 12010 135
0.01 12011 129
0.01 12012 135
0.01 12013 124
0.01 12014 129
0.01 12015 135
0.01 12016 129
0.01 12017 129
0.01 12018 135
0.01 12019 135
0.01 12020 129
0.01 12021 135
0.01 12022 129
0.01 12023 135
0.01 12024 129
0.01 12025 135
0.01 12026 135
0.01 12027 135
0.01 12028 135
0.01 12029 135
0.01 12030 135
0.01 12031 135
0.01 12032 135
0.01 12033 135
0.01 12034 135
0.01 12035 135
0.01 12036 135
0.01 12037 135
0.01 12038 135
0.01 12039 135
0.01 12040 135
0.01 12041 135
0.01 12042 135
0.01 12043 135
0.01 12044 135
0.01 12045 135
0.01 12046 135
0.01 12047 135
0.01 12048 135
0.01 12049 135
0.01 12050 129
0.01 12051 129
0.01 12052 129
0.01 12053 135
0.01 12054 135
0.01 12055 129
0.01 12056 135
0.01 12057 135
0.01 12058 135
0.01 12059 135
0.01 12060 135
0.01 12061 135
0.01 12062 135
0.01 12063 135
0.01 12064 135
0.01 12065 135
0.01 12066 124
0.01 12067 129
0.01 12068 135
0.01 12069 129
0.01 12070 118
0.01 12071 124
0.01 12072 135
0.01 12073 118
0.01 12074 124
0.01 12075 118
0.01 12076 135
0.01 12077 135
0.01 12078 135
0.01 12079 135
0.01 12080 135
0.01 12081 135
0.01 12082 135
0.01 12083 135
0.01 12084 129
0.01 12085 135
0.01 12086 135
0.01 12087 135
0.01 12088 135
0.01 12089 124
0.01 12090 129
0.01 12091 135
0.01 12092 135
0.01 12093 135
0.01 12094 135
0.01 12095 135
0.01 12096 129
0.01 12097 124
0.01 12098 135
0.01 12099 135
0.01 12100 135
0.01 12101 135
0.01 12102 135
0.01 12103 135
0.01 12104 118
0.01 12105 118
0.01 12106 129
0.01 12107 129
0.01 12108 135
0.01 12109 135
0.01 12110 135
0.01 12111 135
0.01 12112 135
0.01 12113 124
0.01 12114 135
0.01 12115 135
0.01 12116 124
0.01 12117 129
0.01 12118 124
0.01 12119 118
0.01 12120 135
0.01 12121 135
0.01 12122 135
0.01 12123 135
0.01 12124 135
0.01 12125 135
0.01 12126 135
0.01 12127 135
0.01 12128 135
0.01 12129 135
0.01 12130 129
0.01 12131 135
0.01 12132 135
0.01 12133 135
0.01 12134 118
0.01 12135 135
0.01 12136 118
0.01 12137 124
0.01 12138 135
0.01 12139 135
0.01 12140 135
0.01 12141 135
0.01 12142 129
0.01 12143 135
0.01 12144 129
0.01 12145 135
0.01 12146 129
0.01 12147 135
0.01 12148 129
0.01 12149 135
0.01 12150 135
0.01 12151 135
0.01 12152 135
0.01 12153 135
0.01 12154 129
0.01 12155 124
0.01 12156 135
0.01 12157 135
0.01 12158 135
0.01 12159 135
0.01 12160 135
0.01 12161 135
0.01 12162 129
0.01 12163 129
0.01 12164 135
0.01 12165 135
0.01 12166 135
0.01 12167 135
0.01 12168 124
0.01 12169 124
0.01 12170 129
0.01 12171 135
0.01 12172 135
0.01 12173 135
0.01 12174 135
0.01 12175 135
0.01 12176 135
0.01 12177 135
0.01 12178 135
0.01 12179 135
0.01 12180 135
0.01 12181 135
0.01 12182 135
0.01 12183 135
0.01 12184 135
0.01 12185 129
0.01 12186 135
0.01 12187 135
0.01 12188 135
0.01 12189 135
0.01 12190 135
0.01 12191 135
0.01 12192 135
0.01 12193 135
0.01 12194 129
0.01 12195 135
0.01 12196 129
0.01 12197 135
0.01 12198 135
0.01 12199 124
0.01 12200 124
0.01 12201 124
0.01 12202 129
0.01 12203 135
0.01 12204 135
0.01 12205 124
0.01 12206 135
0.01 12207 118
0.01 12208 118
0.01 12209 129
0.01 12210 129
0.01 12211 135
0.01 12212 135
0.01 12213 129
0.01 12214 135
0.01 12215 135
0.01 12216 135
0.01 12217 135
0.01 12218 124
0.01 12219 124
0.01 12220 129
0.01 12221 135
0.01 12222 135
0.01 12223 135
0.01 12224 129
0.01 12225 124
0.01 12226 135
0.01 12227 135
0.01 12228 135
0.01 12229 135
0.01 12230 135
0.01 12231 135
0.01 12232 135
0.01 12233 129
0.01 12234 124
0.01 12235 135
0.01 12236 135
0.01 12237 129
0.01 12238 135
0.01 12239 129
0.01 12240 135
0.01 12241 129
0.01 12242 124
0.01 12243 124
0.01 12244 124
0.01 12245 124
0.01 12246 124
0.01 12247 129
0.01 12248 129
0.01 12249 129
0.01 12250 129
0.01 12251 135
0.01 12252 135
0.01 12253 135
0.01 12254 135
0.01 12255 135
0.01 12256 129
0.01 12257 135
0.01 12258 135
0.01 12259 135
0.01 12260 135
0.01 12261 124
0.01 12262 124
0.01 12263 124
0.01 12264 135
0.01 12265 135
0.01 12266 124
0.01 12267 135
0.01 12268 129
0.01 12269 129
0.01 12270 124
0.01 12271 135
0.01 12272 135
0.01 12273 135
0.01 12274 135
0.01 12275 135
0.01 12276 135
0.01 12277 124
0.01 12278 124
0.01 12279 135
0.01 12280 135
0.01 12281 135
0.01 12282 135
0.01 12283 135
0.01 12284 135
0.01 12285 135
0.01 12286 135
0.01 12287 135
0.01 12288 135
0.01 12289 129
0.01 12290 135
0.01 12291 124
0.01 12292 129
0.01 12293 124
0.01 12294 124
0.01 12295 129
0.01 12296 124
0.01 12297 129
0.01 12298 135
0.01 12299 118
0.01 12300 118
0.01 12301 118
0.01 12302 129
0.01 12303 135
0.01 12304 135
0.01 12305 135
0.01 12306 135
0.01 12307 135
0.01 12308 135
0.01 12309 135
0.01 12310 135
0.01 12311 135
0.01 12312 129
0.01 12313 135
0.01 12314 124
0.01 12315 135
0.01 12316 135
0.01 12317 135
0.01 12318 135
0.01 12319 135
0.01 12320 135
0.01 12321 129
0.01 12322 135
0.01 12323 135
0.01 12324 135
0.01 12325 135
0.01 12326 135
0.01 12327 124
0.01 12328 129
0.01 12329 135
0.01 12330 135
0.01 12331 135
0.01 12332 135
0.01 12333 135
0.01 12334 135
0.01 12335 135
0.01 12336 135
0.01 12337 124
0.01 12338 129
0.01 12339 135
0.01 12340 135
0.01 12341 129
0.01 12342 129
0.01 12343 129
0.01 12344 135
0.01 12345 135
0.01 12346 135
0.01 12347 135
0.01 12348 135
0.01 12349 135
0.01 12350 135
0.01 12351 135
0.01 12352 135
0.01 12353 135
0.01 12354 135
0.01 12355 135
0.01 12356 135
0.01 12357 129
0.01 12358 135
0.01 12359 135
0.01 12360 135
0.01 12361 135
0.01 12362 118
0.01 12363 129
0.01 12364 135
0.01 12365 135
0.01 12366 135
0.01 12367 129
0.01 12368 135
0.01 12369 135
0.01 12370 135
0.01 12371 129
0.01 12372 135
0.01 12373 135
0.01 12374 135
0.01 12375 135
0.01 12376 135
0.01 12377 129
0.01 12378 135
0.01 12379 135
0.01 12380 135
0.01 12381 135
0.01 12382 135
0.01 12383 135
0.01 12384 135
0.01 12385 118
0.01 12386 129
0.01 12387 135
0.01 12388 124
0.01 12389 118
0.01 12390 124
0.01 12391 135
0.01 12392 135
0.01 12393 135
0.01 12394 118
0.01 12395 129
0.01 12396 135
0.01 12397 135
0.01 12398 135
0.01 12399 135
0.01 12400 135
0.01 12401 135
0.01 12402 129
0.01 12403 124
0.01 12404 124
0.01 12405 124
0.01 12406 129
0.01 12407 124
0.01 12408 124
0.01 12409 135
0.01 12410 135
0.01 12411 135
0.01 12412 129
0.01 12413 124
0.01 12414 118
0.01 12415 135
0.01 12416 135
0.01 12417 135
0.01 12418 135
0.01 12419 129
0.01 12420 135
0.01 12421 135
0.01 12422 124
0.01 12423 135
0.01 12424 124
0.01 12425 135
0.01 12426 129
0.01 12427 129
0.01 12428 135
0.01 12429 135
0.01 12430 135
0.01 12431 135
0.01 12432 124
0.01 12433 135
0.01 12434 135
0.01 12435 129
0.01 12436 129
0.01 12437 135
0.01 12438 135
0.01 12439 135
0.01 12440 135
0.01 12441 135
0.01 12442 129
0.01 12443 129
0.01 12444 135
0.01 12445 135
0.01 12446 135
0.01 12447 135
0.01 12448 129
0.01 12449 124
0.01 12450 124
0.01 12451 124
0.01 12452 129
0.01 12453 135
0.01 12454 124
0.01 12455 124
0.01 12456 124
0.01 12457 129
0.01 12458 135
0.01 12459 124
0.01 12460 135
0.01 12461 124
0.01 12462 124
0.01 12463 124
0.01 12464 124
0.01 12465 129
0.01 12466 129
0.01 12467 135
0.01 12468 135
0.01 12469 135
0.01 12470 135
0.01 12471 135
0.01 12472 135
0.01 12473 135
0.01 12474 135
0.01 12475 135
0.01 12476 135
0.01 12477 135
0.01 12478 118
0.01 12479 135
0.01 12480 124
0.01 12481 129
0.01 12482 135
0.01 12483 135
0.01 12484 135
0.01 12485 135
0.01 12486 135
0.01 12487 129
0.01 12488 135
0.01 12489 135
0.01 12490 135
0.01 12491 135
0.01 12492 135
0.01 12493 135
0.01 12494 135
0.01 12495 135
0.01 12496 124
0.01 12497 129
0.01 12498 135
0.01 12499 135
0.01 12500 124
0.01 12501 129
0.01 12502 135
0.01 12503 135
0.01 12504 135
0.01 12505 135
0.01 12506 135
0.01 12507 135
0.01 12508 135
0.01 12509 135
0.01 12510 129
0.01 12511 124
0.01 12512 118
0.01 12513 118
0.01 12514 124
0.01 12515 124
0.01 12516 118
0.01 12517 118
0.01 12518 118
0.01 12519 124
0.01 12520 124
0.01 12521 129
0.01 12522 135
0.01 12523 135
0.01 12524 135
0.01 12525 135
0.01 12526 135
0.01 12527 135
0.01 12528 135
0.01 12529 135
0.01 12530 124
0.01 12531 135
0.01 12532 129
0.01 12533 129
0.01 12534 135
0.01 12535 135
0.01 12536 129
0.01 12537 135
0.01 12538 135
0.01 12539 124
0.01 12540 124
0.01 12541 124
0.01 12542 129
0.01 12543 124
0.01 12544 124
0.01 12545 129
0.01 12546 129
0.01 12547 135
0.01 12548 135
0.01 12549 135
0.01 12550 135
0.01 12551 135
0.01 12552 135
0.01 12553 124
0.01 12554 129
0.01 12555 129
0.01 12556 135
0.01 12557 135
0.01 12558 118
0.01 12559 129
0.01 12560 124
0.01 12561 124
0.01 12562 129
0.01 12563 135
0.01 12564 135
0.01 12565 129
0.01 12566 124
0.01 12567 129
0.01 12568 135
0.01 12569 124
0.01 12570 129
0.01 12571 135
0.01 12572 135
0.01 12573 135
0.01 12574 135
0.01 12575 124
0.01 12576 135
0.01 12577 124
0.01 12578 129
0.01 12579 124
0.01 12580 135
0.01 12581 135
0.01 12582 135
0.01 12583 135
0.01 12584 135
0.01 12585 135
0.01 12586 135
0.01 12587 129
0.01 12588 135
0.01 12589 135
0.01 12590 135
0.01 12591 129
0.01 12592 135
0.01 12593 135
0.01 12594 135
0.01 12595 118
0.01 12596 118
0.01 12597 118
0.01 12598 135
0.01 12599 124
0.01 12600 124
0.01 12601 135
0.01 12602 135
0.01 12603 135
0.01 12604 135
0.01 12605 135
0.01 12606 135
0.01 12607 135
0.01 12608 135
0.01 12609 135
0.01 12610 135
0.01 12611 135
0.01 12612 135
0.01 12613 124
0.01 12614 124
0.01 12615 129
0.01 12616 135
0.01 12617 135
0.01 12618 135
0.01 12619 135
0.01 12620 124
0.01 12621 135
0.01 12622 135
0.01 12623 135
0.01 12624 135
0.01 12625 135
0.01 12626 135
0.01 12627 135
0.01 12628 124
0.01 12629 135
0.01 12630 129
0.01 12631 135
0.01 12632 129
0.01 12633 135
0.01 12634 135
0.01 12635 135
0.01 12636 135
0.01 12637 135
0.01 12638 135
0.01 12639 135
0.01 12640 135
0.01 12641 135
0.01 12642 135
0.01 12643 129
0.01 12644 135
0.01 12645 118
0.01 12646 118
0.01 12647 124
0.01 12648 135
0.01 12649 135
0.01 12650 124
0.01 12651 129
0.01 12652 129
0.01 12653 135
0.01 12654 135
0.01 12655 124
0.01 12656 124
0.01 12657 124
0.01 12658 135
0.01 12659 118
0.01 12660 118
0.01 12661 118
0.01 12662 118
0.01 12663 129
0.01 12664 135
0.01 12665 129
0.01 12666 129
0.01 12667 135
0.01 12668 135
0.01 12669 124
0.01 12670 135
0.01 12671 129
0.01 12672 135
0.01 12673 135
0.01 12674 135
0.01 12675 135
0.01 12676 135
0.01 12677 135
0.01 12678 129
0.01 12679 135
0.01 12680 135
0.01 12681 124
0.01 12682 135
0.01 12683 135
0.01 12684 135
0.01 12685 135
0.01 12686 129
0.01 12687 135
0.01 12688 135
0.01 12689 135
0.01 12690 118
0.01 12691 129
0.01 12692 129
0.01 12693 135
0.01 12694 135
0.01 12695 135
0.01 12696 135
0.01 12697 135
0.01 12698 135
0.01 12699 135
0.01 12700 135
0.01 12701 135
0.01 12702 129
0.01 12703 129
0.01 12704 129
0.01 12705 135
0.01 12706 135
0.01 12707 135
0.01 12708 135
0.01 12709 118
0.01 12710 118
0.01 12711 135
0.01 12712 135
0.01 12713 135
0.01 12714 135
0.01 12715 135
0.01 12716 135
0.01 12717 135
0.01 12718 135
0.01 12719 135
0.01 12720 135
0.01 12721 135
0.01 12722 135
0.01 12723 135
0.01 12724 135
0.01 12725 135
0.01 12726 129
0.01 12727 135
0.01 12728 135
0.01 12729 124
0.01 12730 129
0.01 12731 129
0.01 12732 135
0.01 12733 135
0.01 12734 118
0.01 12735 129
0.01 12736 135
0.01 12737 135
0.01 12738 135
0.01 12739 135
0.01 12740 124
0.01 12741 129
0.01 12742 135
0.01 12743 135
0.01 12744 135
0.01 12745 135
0.01 12746 135
0.01 12747 135
0.01 12748 135
0.01 12749 135
0.01 12750 135
0.01 12751 135
0.01 12752 135
0.01 12753 135
0.01 12754 124
0.01 12755 129
0.01 12756 124
0.01 12757 129
0.01 12758 135
0.01 12759 135
0.01 12760 135
0.01 12761 129
0.01 12762 135
0.01 12763 135
0.01 12764 135
0.01 12765 135
0.01 12766 135
0.01 12767 135
0.01 12768 135
0.01 12769 135
0.01 12770 135
0.01 12771 124
0.01 12772 135
0.01 12773 135
0.01 12774 135
0.01 12775 135
0.01 12776 129
0.01 12777 135
0.01 12778 135
0.01 12779 135
0.01 12780 124
0.01 12781 124
0.01 12782 135
0.01 12783 135
0.01 12784 135
0.01 12785 135
0.01 12786 135
0.01 12787 135
0.01 12788 135
0.01 12789 129
0.01 12790 135
0.01 12791 129
0.01 12792 124
0.01 12793 135
0.01 12794 135
0.01 12795 135
0.01 12796 135
0.01 12797 135
0.01 12798 129
0.01 12799 135
0.01 12800 135
0.01 12801 118
0.01 12802 124
0.01 12803 124
0.01 12804 113
0.01 12805 124
0.01 12806 124
0.01 12807 124
0.01 12808 129
0.01 12809 135
0.01 12810 135
0.01 12811 135
0.01 12812 135
0.01 12813 135
0.01 12814 135
0.01 12815 135
0.01 12816 129
0.01 12817 129
0.01 12818 135
0.01 12819 135
0.01 12820 129
0.01 12821 129
0.01 12822 118
0.01 12823 118
0.01 12824 118
0.01 12825 129
0.01 12826 129
0.01 12827 124
0.01 12828 124
0.01 12829 124
0.01 12830 129
0.01 12831 124
0.01 12832 135
0.01 12833 124
0.01 12834 124
0.01 12835 129
0.01 12836 113
0.01 12837 118
0.01 12838 129
0.01 12839 129
0.01 12840 135
0.01 12841 135
0.01 12842 135
0.01 12843 129
0.01 12844 135
0.01 12845 135
0.01 12846 135
0.01 12847 135
0.01 12848 135
0.01 12849 135
0.01 12850 135
0.01 12851 135
0.01 12852 135
0.01 12853 135
0.01 12854 129
0.01 12855 135
0.01 12856 129
0.01 12857 135
0.01 12858 135
0.01 12859 135
0.01 12860 135
0.01 12861 135
0.01 12862 135
0.01 12863 124
0.01 12864 124
0.01 12865 129
0.01 12866 124
0.01 12867 135
0.01 12868 135
0.01 12869 135
0.01 12870 135
0.01 12871 135
0.01 12872 135
0.01 12873 124
0.01 12874 135
0.01 12875 135
0.01 12876 135
0.01 12877 135
0.01 12878 135
0.01 12879 124
0.01 12880 129
0.01 12881 124
0.01 12882 135
0.01 12883 129
0.01 12884 135
0.01 12885 135
0.01 12886 129
0.01 12887 135
0.01 12888 135
0.01 12889 129
0.01 12890 135
0.01 12891 135
0.01 12892 135
0.01 12893 135
0.01 12894 135
0.01 12895 135
0.01 12896 118
0.01 12897 118
0.01 12898 124
0.01 12899 135
0.01 12900 135
0.01 12901 129
0.01 12902 129
0.01 12903 135
0.01 12904 135
0.01 12905 129
0.01 12906 135
0.01 12907 135
0.01 12908 135
0.01 12909 135
0.01 12910 135
0.01 12911 135
0.01 12912 135
0.01 12913 135
0.01 12914 135
0.01 12915 135
0.01 12916 124
0.01 12917 135
0.01 12918 135
0.01 12919 135
0.01 12920 135
0.01 12921 135
0.01 12922 135
0.01 12923 135
0.01 12924 135
0.01 12925 124
0.01 12926 124
0.01 12927 129
0.01 12928 135
0.01 12929 124
0.01 12930 129
0.01 12931 135
0.01 12932 135
0.01 12933 135
0.01 12934 124
0.01 12935 129
0.01 12936 135
0.01 12937 135
0.01 12938 135
0.01 12939 135
0.01 12940 135
0.01 12941 135
0.01 12942 118
0.01 12943 129
0.01 12944 135
0.01 12945 135
0.01 12946 135
0.01 12947 135
0.01 12948 129
0.01 12949 135
0.01 12950 135
0.01 12951 135
0.01 12952 129
0.01 12953 135
0.01 12954 135
0.01 12955 135
0.01 12956 124
0.01 12957 124
0.01 12958 124
0.01 12959 129
0.01 12960 135
0.01 12961 135
0.01 12962 124
0.01 12963 129
0.01 12964 135
0.01 12965 129
0.01 12966 135
0.01 12967 124
0.01 12968 129
0.01 12969 135
0.01 12970 135
0.01 12971 135
0.01 12972 135
0.01 12973 135
0.01 12974 135
0.01 12975 135
0.01 12976 135
0.01 12977 135
0.01 12978 135
0.01 12979 135
0.01 12980 135
0.01 12981 135
0.01 12982 135
0.01 12983 135
0.01 12984 135
0.01 12985 124
0.01 12986 135
0.01 12987 135
0.01 12988 135
0.01 12989 135
0.01 12990 124
0.01 12991 124
0.01 12992 135
0.01 12993 135
0.01 12994 135
0.01 12995 129
0.01 12996 135
0.01 12997 135
0.01 12998 135
0.01 12999 135
0.01 13000 135
0.01 13001 135
0.01 13002 135
0.01 13003 135
0.01 13004 129
0.01 13005 135
0.01 13006 129
0.01 13007 124
0.01 13008 135
0.01 13009 135
0.01 13010 129
0.01 13011 135
0.01 13012 135
0.01 13013 129
0.01 13014 135
0.01 13015 135
0.01 13016 135
0.01 13017 135
0.01 13018 135
0.01 13019 135
0.01 13020 135
0.01 13021 135
0.01 13022 135
0.01 13023 135
0.01 13024 135
0.01 13025 135
0.01 13026 129
0.01 13027 135
0.01 13028 124
0.01 13029 124
0.01 13030 129
0.01 13031 135
0.01 13032 135
0.01 13033 135
0.01 13034 135
0.01 13035 135
0.01 13036 118
0.01 13037 129
0.01 13038 135
0.01 13039 124
0.01 13040 129
0.01 13041 135
0.01 13042 135
0.01 13043 135
0.01 13044 118
0.01 13045 124
0.01 13046 135
0.01 13047 118
0.01 13048 124
0.01 13049 124
0.01 13050 129
0.01 13051 135
0.01 13052 129
0.01 13053 135
0.01 13054 135
0.01 13055 135
0.01 13056 129
0.01 13057 135
0.01 13058 135
0.01 13059 135
0.01 13060 135
0.01 13061 135
0.01 13062 135
0.01 13063 135
0.01 13064 129
0.01 13065 129
0.01 13066 135
0.01 13067 135
0.01 13068 135
0.01 13069 135
0.01 13070 135
0.01 13071 135
0.01 13072 135
0.01 13073 135
0.01 13074 135
0.01 13075 135
0.01 13076 135
0.01 13077 135
0.01 13078 135
0.01 13079 135
0.01 13080 135
0.01 13081 135
0.01 13082 135
0.01 13083 135
0.01 13084 135
0.01 13085 135
0.01 13086 129
0.01 13087 135
0.01 13088 135
0.01 13089 135
0.01 13090 135
0.01 13091 135
0.01 13092 135
0.01 13093 135
0.01 13094 135
0.01 13095 124
0.01 13096 135
0.01 13097 129
0.01 13098 113
0.01 13099 113
0.01 13100 118
0.01 13101 135
0.01 13102 135
0.01 13103 135
0.01 13104 135
0.01 13105 135
0.01 13106 135
0.01 13107 135
0.01 13108 135
0.01 13109 135
0.01 13110 124
0.01 13111 129
0.01 13112 124
0.01 13113 129
0.01 13114 129
0.01 13115 135
0.01 13116 135
0.01 13117 124
0.01 13118 129
0.01 13119 135
0.01 13120 135
0.01 13121 135
0.01 13122 124
0.01 13123 129
0.01 13124 135
0.01 13125 135
0.01 13126 135
0.01 13127 135
0.01 13128 124
0.01 13129 124
0.01 13130 124
0.01 13131 124
0.01 13132 135
0.01 13133 135
0.01 13134 118
0.01 13135 118
0.01 13136 124
0.01 13137 129
0.01 13138 135
0.01 13139 129
0.01 13140 135
0.01 13141 135
0.01 13142 118
0.01 13143 129
0.01 13144 135
0.01 13145 124
0.01 13146 129
0.01 13147 135
0.01 13148 135
0.01 13149 135
0.01 13150 135
0.01 13151 135
0.01 13152 135
0.01 13153 129
0.01 13154 135
0.01 13155 135
0.01 13156 135
0.01 13157 129
0.01 13158 135
0.01 13159 129
0.01 13160 135
0.01 13161 135
0.01 13162 135
0.01 13163 135
0.01 13164 135
0.01 13165 135
0.01 13166 124
0.01 13167 135
0.01 13168 135
0.01 13169 124
0.01 13170 124
0.01 13171 124
0.01 13172 129
0.01 13173 135
0.01 13174 129
0.01 13175 135
0.01 13176 135
0.01 13177 124
0.01 13178 129
0.01 13179 118
0.01 13180 118
0.01 13181 118
0.01 13182 124
0.01 13183 129
0.01 13184 135
0.01 13185 129
0.01 13186 129
0.01 13187 129
0.01 13188 135
0.01 13189 135
0.01 13190 118
0.01 13191 124
0.01 13192 118
0.01 13193 129
0.01 13194 135
0.01 13195 135
0.01 13196 135
0.01 13197 135
0.01 13198 135
0.01 13199 135
0.01 13200 135
0.01 13201 135
0.01 13202 135
0.01 13203 135
0.01 13204 135
0.01 13205 135
0.01 13206 135
0.01 13207 135
0.01 13208 135
0.01 13209 135
0.01 13210 135
0.01 13211 113
0.01 13212 113
0.01 13213 124
0.01 13214 129
0.01 13215 129
0.01 13216 135
0.01 13217 135
0.01 13218 129
0.01 13219 135
0.01 13220 129
0.01 13221 135
0.01 13222 118
0.01 13223 118
0.01 13224 118
0.01 13225 129
0.01 13226 135
0.01 13227 135
0.01 13228 135
0.01 13229 135
0.01 13230 135
0.01 13231 135
0.01 13232 135
0.01 13233 135
0.01 13234 135
0.01 13235 135
0.01 13236 135
0.01 13237 135
0.01 13238 135
0.01 13239 135
0.01 13240 135
0.01 13241 129
0.01 13242 135
0.01 13243 135
0.01 13244 135
0.01 13245 135
0.01 13246 135
0.01 13247 135
0.01 13248 129
0.01 13249 135
0.01 13250 135
0.01 13251 135
0.01 13252 135
0.01 13253 124
0.01 13254 124
0.01 13255 135
0.01 13256 135
0.01 13257 124
0.01 13258 135
0.01 13259 135
0.01 13260 118
0.01 13261 129
0.01 13262 135
0.01 13263 129
0.01 13264 135
0.01 13265 124
0.01 13266 129
0.01 13267 135
0.01 13268 135
0.01 13269 135
0.01 13270 135
0.01 13271 135
0.01 13272 135
0.01 13273 135
0.01 13274 135
0.01 13275 135
0.01 13276 135
0.01 13277 135
0.01 13278 135
0.01 13279 135
0.01 13280 124
0.01 13281 135
0.01 13282 135
0.01 13283 135
0.01 13284 129
0.01 13285 135
0.01 13286 135
0.01 13287 124
0.01 13288 129
0.01 13289 135
0.01 13290 135
0.01 13291 135
0.01 13292 135
0.01 13293 129
0.01 13294 118
0.01 13295 124
0.01 13296 129
0.01 13297 135
0.01 13298 135
0.01 13299 124
0.01 13300 124
0.01 13301 129
0.01 13302 129
0.01 13303 118
0.01 13304 118
0.01 13305 124
0.01 13306 135
0.01 13307 135
0.01 13308 135
0.01 13309 135
0.01 13310 135
0.01 13311 135
0.01 13312 135
0.01 13313 135
0.01 13314 129
0.01 13315 135
0.01 13316 129
0.01 13317 135
0.01 13318 135
0.01 13319 135
0.01 13320 135
0.01 13321 135
0.01 13322 135
0.01 13323 135
0.01 13324 135
0.01 13325 135
0.01 13326 135
0.01 13327 135
0.01 13328 135
0.01 13329 135
0.01 13330 135
0.01 13331 129
0.01 13332 135
0.01 13333 135
0.01 13334 135
0.01 13335 129
0.01 13336 135
0.01 13337 135
0.01 13338 129
0.01 13339 135
0.01 13340 135
0.01 13341 135
0.01 13342 118
0.01 13343 124
0.01 13344 135
0.01 13345 129
0.01 13346 135
0.01 13347 129
0.01 13348 135
0.01 13349 135
0.01 13350 129
0.01 13351 135
0.01 13352 129
0.01 13353 135
0.01 13354 135
0.01 13355 135
0.01 13356 135
0.01 13357 135
0.01 13358 135
0.01 13359 124
0.01 13360 129
0.01 13361 135
0.01 13362 135
0.01 13363 118
0.01 13364 118
0.01 13365 124
0.01 13366 124
0.01 13367 129
0.01 13368 129
0.01 13369 135
0.01 13370 118
0.01 13371 124
0.01 13372 129
0.01 13373 124
0.01 13374 124
0.01 13375 135
0.01 13376 135
0.01 13377 129
0.01 13378 135
0.01 13379 135
0.01 13380 135
0.01 13381 135
0.01 13382 135
0.01 13383 129
0.01 13384 124
0.01 13385 129
0.01 13386 129
0.01 13387 118
0.01 13388 129
0.01 13389 124
0.01 13390 135
0.01 13391 135
0.01 13392 124
0.01 13393 124
0.01 13394 135
0.01 13395 135
0.01 13396 135
0.01 13397 135
0.01 13398 118
0.01 13399 118
0.01 13400 118
0.01 13401 124
0.01 13402 135
0.01 13403 124
0.01 13404 124
0.01 13405 135
0.01 13406 135
0.01 13407 135
0.01 13408 135
0.01 13409 129
0.01 13410 129
0.01 13411 129
0.01 13412 135
0.01 13413 135
0.01 13414 124
0.01 13415 118
0.01 13416 135
0.01 13417 135
0.01 13418 135
0.01 13419 129
0.01 13420 135
0.01 13421 135
0.01 13422 135
0.01 13423 118
0.01 13424 129
0.01 13425 135
0.01 13426 129
0.01 13427 135
0.01 13428 124
0.01 13429 113
0.01 13430 124
0.01 13431 129
0.01 13432 135
0.01 13433 135
0.01 13434 135
0.01 13435 135
0.01 13436 124
0.01 13437 135
0.01 13438 124
0.01 13439 129
0.01 13440 135
0.01 13441 135
0.01 13442 118
0.01 13443 124
0.01 13444 124
0.01 13445 124
0.01 13446 129
0.01 13447 129
0.01 13448 129
0.01 13449 135
0.01 13450 135
0.01 13451 135
0.01 13452 135
0.01 13453 135
0.01 13454 135
0.01 13455 135
0.01 13456 135
0.01 13457 135
0.01 13458 129
0.01 13459 135
0.01 13460 135
0.01 13461 118
0.01 13462 118
0.01 13463 118
0.01 13464 118
0.01 13465 129
0.01 13466 118
0.01 13467 129
0.01 13468 129
0.01 13469 129
0.01 13470 129
0.01 13471 129
0.01 13472 135
0.01 13473 135
0.01 13474 129
0.01 13475 135
0.01 13476 135
0.01 13477 135
0.01 13478 135
0.01 13479 135
0.01 13480 135
0.01 13481 135
0.01 13482 135
0.01 13483 135
0.01 13484 118
0.01 13485 118
0.01 13486 129
0.01 13487 129
0.01 13488 135
0.01 13489 129
0.01 13490 129
0.01 13491 135
0.01 13492 135
0.01 13493 129
0.01 13494 129
0.01 13495 135
0.01 13496 135
0.01 13497 135
0.01 13498 135
0.01 13499 135
0.01 13500 135
0.01 13501 129
0.01 13502 135
0.01 13503 124
0.01 13504 135
0.01 13505 135
0.01 13506 135
0.01 13507 135
0.01 13508 129
0.01 13509 124
0.01 13510 118
0.01 13511 118
0.01 13512 124
0.01 13513 135
0.01 13514 113
0.01 13515 124
0.01 13516 129
0.01 13517 135
0.01 13518 135
0.01 13519 135
0.01 13520 135
0.01 13521 135
0.01 13522 118
0.01 13523 124
0.01 13524 124
0.01 13525 124
0.01 13526 135
0.01 13527 135
0.01 13528 135
0.01 13529 118
0.01 13530 129
0.01 13531 135
0.01 13532 135
0.01 13533 135
0.01 13534 135
0.01 13535 124
0.01 13536 135
0.01 13537 129
0.01 13538 135
0.01 13539 135
0.01 13540 135
0.01 13541 129
0.01 13542 135
0.01 13543 135
0.01 13544 135
0.01 13545 135
0.01 13546 135
0.01 13547 129
0.01 13548 129
0.01 13549 135
0.01 13550 124
0.01 13551 135
0.01 13552 135
0.01 13553 135
0.01 13554 135
0.01 13555 135
0.01 13556 135
0.01 13557 135
0.01 13558 135
0.01 13559 135
0.01 13560 118
0.01 13561 118
0.01 13562 124
0.01 13563 124
0.01 13564 124
0.01 13565 129
0.01 13566 124
0.01 13567 124
0.01 13568 124
0.01 13569 124
0.01 13570 129
0.01 13571 135
0.01 13572 135
0.01 13573 135
0.01 13574 135
0.01 13575 129
0.01 13576 135
0.01 13577 135
0.01 13578 135
0.01 13579 135
0.01 13580 135
0.01 13581 124
0.01 13582 124
0.01 13583 135
0.01 13584 118
0.01 13585 118
0.01 13586 118
0.01 13587 135
0.01 13588 124
0.01 13589 129
0.01 13590 135
0.01 13591 135
0.01 13592 135
0.01 13593 135
0.01 13594 135
0.01 13595 135
0.01 13596 135
0.01 13597 135
0.01 13598 135
0.01 13599 135
0.01 13600 135
0.01 13601 135
0.01 13602 124
0.01 13603 135
0.01 13604 135
0.01 13605 135
0.01 13606 124
0.01 13607 124
0.01 13608 124
0.01 13609 135
0.01 13610 129
0.01 13611 135
0.01 13612 135
0.01 13613 135
0.01 13614 129
0.01 13615 135
0.01 13616 129
0.01 13617 135
0.01 13618 135
0.01 13619 124
0.01 13620 118
0.01 13621 118
0.01 13622 124
0.01 13623 129
0.01 13624 124
0.01 13625 124
0.01 13626 135
0.01 13627 135
0.01 13628 135
0.01 13629 135
0.01 13630 135
0.01 13631 118
0.01 13632 124
0.01 13633 135
0.01 13634 135
0.01 13635 135
0.01 13636 118
0.01 13637 135
0.01 13638 135
0.01 13639 129
0.01 13640 129
0.01 13641 124
0.01 13642 124
0.01 13643 135
0.01 13644 135
0.01 13645 129
0.01 13646 135
0.01 13647 124
0.01 13648 129
0.01 13649 129
0.01 13650 135
0.01 13651 135
0.01 13652 135
0.01 13653 135
0.01 13654 124
0.01 13655 135
0.01 13656 135
0.01 13657 135
0.01 13658 135
0.01 13659 135
0.01 13660 129
0.01 13661 135
0.01 13662 129
0.01 13663 135
0.01 13664 129
0.01 13665 129
0.01 13666 135
0.01 13667 135
0.01 13668 135
0.01 13669 118
0.01 13670 118
0.01 13671 124
0.01 13672 129
0.01 13673 135
0.01 13674 135
0.01 13675 135
0.01 13676 135
0.01 13677 135
0.01 13678 135
0.01 13679 135
0.01 13680 135
0.01 13681 135
0.01 13682 135
0.01 13683 135
0.01 13684 135
0.01 13685 135
0.01 13686 135
0.01 13687 135
0.01 13688 135
0.01 13689 135
0.01 13690 135
0.01 13691 135
0.01 13692 135
0.01 13693 129
0.01 13694 135
0.01 13695 118
0.01 13696 129
0.01 13697 135
0.01 13698 135
0.01 13699 135
0.01 13700 124
0.01 13701 129
0.01 13702 129
0.01 13703 129
0.01 13704 135
0.01 13705 135
0.01 13706 135
0.01 13707 135
0.01 13708 135
0.01 13709 135
0.01 13710 135
0.01 13711 135
0.01 13712 135
0.01 13713 129
0.01 13714 135
0.01 13715 135
0.01 13716 135
0.01 13717 135
0.01 13718 118
0.01 13719 118
0.01 13720 129
0.01 13721 129
0.01 13722 129
0.01 13723 124
0.01 13724 129
0.01 13725 135
0.01 13726 129
0.01 13727 135
0.01 13728 135
0.01 13729 129
0.01 13730 129
0.01 13731 135
0.01 13732 135
0.01 13733 135
0.01 13734 135
0.01 13735 135
0.01 13736 135
0.01 13737 135
0.01 13738 135
0.01 13739 135
0.01 13740 124
0.01 13741 135
0.01 13742 124
0.01 13743 135
0.01 13744 135
0.01 13745 135
0.01 13746 135
0.01 13747 135
0.01 13748 135
0.01 13749 129
0.01 13750 129
0.01 13751 135
0.01 13752 135
0.01 13753 135
0.01 13754 129
0.01 13755 135
0.01 13756 135
0.01 13757 129
0.01 13758 124
0.01 13759 124
0.01 13760 124
0.01 13761 135
0.01 13762 135
0.01 13763 135
0.01 13764 135
0.01 13765 135
0.01 13766 135
0.01 13767 135
0.01 13768 135
0.01 13769 135
0.01 13770 135
0.01 13771 135
0.01 13772 135
0.01 13773 135
0.01 13774 135
0.01 13775 135
0.01 13776 135
0.01 13777 118
0.01 13778 135
0.01 13779 124
0.01 13780 135
0.01 13781 135
0.01 13782 129
0.01 13783 129
0.01 13784 135
0.01 13785 135
0.01 13786 124
0.01 13787 135
0.01 13788 118
0.01 13789 118
0.01 13790 124
0.01 13791 129
0.01 13792 124
0.01 13793 135
0.01 13794 135
0.01 13795 135
0.01 13796 135
0.01 13797 129
0.01 13798 129
0.01 13799 124
0.01 13800 135
0.01 13801 135
0.01 13802 135
0.01 13803 135
0.01 13804 124
0.01 13805 135
0.01 13806 135
0.01 13807 129
0.01 13808 129
0.01 13809 135
0.01 13810 135
0.01 13811 135
0.01 13812 135
0.01 13813 135
0.01 13814 135
0.01 13815 135
0.01 13816 135
0.01 13817 124
0.01 13818 135
0.01 13819 135
0.01 13820 135
0.01 13821 135
0.01 13822 135
0.01 13823 135
0.01 13824 135
0.01 13825 129
0.01 13826 135
0.01 13827 135
0.01 13828 124
0.01 13829 124
0.01 13830 118
0.01 13831 118
0.01 13832 129
0.01 13833 135
0.01 13834 129
0.01 13835 129
0.01 13836 135
0.01 13837 135
0.01 13838 129
0.01 13839 118
0.01 13840 124
0.01 13841 124
0.01 13842 124
0.01 13843 135
0.01 13844 135
0.01 13845 124
0.01 13846 129
0.01 13847 135
0.01 13848 124
0.01 13849 135
0.01 13850 135
0.01 13851 129
0.01 13852 135
0.01 13853 129
0.01 13854 135
0.01 13855 135
0.01 13856 135
0.01 13857 129
0.01 13858 135
0.01 13859 124
0.01 13860 135
0.01 13861 129
0.01 13862 135
0.01 13863 135
0.01 13864 135
0.01 13865 135
0.01 13866 135
0.01 13867 135
0.01 13868 135
0.01 13869 135
0.01 13870 135
0.01 13871 129
0.01 13872 135
0.01 13873 135
0.01 13874 129
0.01 13875 124
0.01 13876 124
0.01 13877 129
0.01 13878 135
0.01 13879 135
0.01 13880 124
0.01 13881 129
0.01 13882 129
0.01 13883 129
0.01 13884 129
0.01 13885 124
0.01 13886 129
0.01 13887 135
0.01 13888 135
0.01 13889 135
0.01 13890 135
0.01 13891 135
0.01 13892 118
0.01 13893 129
0.01 13894 135
0.01 13895 135
0.01 13896 124
0.01 13897 135
0.01 13898 135
0.01 13899 129
0.01 13900 113
0.01 13901 124
0.01 13902 129
0.01 13903 135
0.01 13904 124
0.01 13905 118
0.01 13906 129
0.01 13907 135
0.01 13908 129
0.01 13909 135
0.01 13910 135
0.01 13911 124
0.01 13912 135
0.01 13913 135
0.01 13914 118
0.01 13915 124
0.01 13916 129
0.01 13917 135
0.01 13918 135
0.01 13919 124
0.01 13920 129
0.01 13921 135
0.01 13922 124
0.01 13923 135
0.01 13924 135
0.01 13925 135
0.01 13926 135
0.01 13927 135
0.01 13928 135
0.01 13929 135
0.01 13930 135
0.01 13931 135
0.01 13932 129
0.01 13933 118
0.01 13934 135
0.01 13935 129
0.01 13936 135
0.01 13937 129
0.01 13938 135
0.01 13939 129
0.01 13940 135
0.01 13941 135
0.01 13942 135
0.01 13943 135
0.01 13944 135
0.01 13945 124
0.01 13946 135
0.01 13947 135
0.01 13948 135
0.01 13949 135
0.01 13950 135
0.01 13951 135
0.01 13952 135
0.01 13953 124
0.01 13954 124
0.01 13955 124
0.01 13956 129
0.01 13957 135
0.01 13958 135
0.01 13959 135
0.01 13960 135
0.01 13961 135
0.01 13962 135
0.01 13963 135
0.01 13964 135
0.01 13965 124
0.01 13966 118
0.01 13967 124
0.01 13968 135
0.01 13969 135
0.01 13970 135
0.01 13971 135
0.01 13972 135
0.01 13973 135
0.01 13974 118
0.01 13975 129
0.01 13976 124
0.01 13977 129
0.01 13978 135
0.01 13979 135
0.01 13980 129
0.01 13981 135
0.01 13982 135
0.01 13983 135
0.01 13984 135
0.01 13985 135
0.01 13986 135
0.01 13987 135
0.01 13988 135
0.01 13989 135
0.01 13990 135
0.01 13991 135
0.01 13992 124
0.01 13993 135
0.01 13994 135
0.01 13995 135
0.01 13996 135
0.01 13997 135
0.01 13998 135
0.01 13999 135
0.01 14000 135
0.01 14001 135
0.01 14002 135
0.01 14003 135
0.01 14004 135
0.01 14005 124
0.01 14006 129
0.01 14007 135
0.01 14008 135
0.01 14009 129
0.01 14010 135
0.01 14011 135
0.01 14012 129
0.01 14013 129
0.01 14014 135
0.01 14015 135
0.01 14016 129
0.01 14017 135
0.01 14018 124
0.01 14019 124
0.01 14020 135
0.01 14021 135
0.01 14022 124
0.01 14023 124
0.01 14024 124
0.01 14025 129
0.01 14026 135
0.01 14027 135
0.01 14028 135
0.01 14029 135
0.01 14030 135
0.01 14031 135
0.01 14032 135
0.01 14033 135
0.01 14034 129
0.01 14035 118
0.01 14036 129
0.01 14037 135
0.01 14038 135
0.01 14039 129
0.01 14040 124
0.01 14041 135
0.01 14042 135
0.01 14043 135
0.01 14044 135
0.01 14045 135
0.01 14046 135
0.01 14047 135
0.01 14048 135
0.01 14049 129
0.01 14050 135
0.01 14051 129
0.01 14052 129
0.01 14053 135
0.01 14054 135
0.01 14055 135
0.01 14056 135
0.01 14057 129
0.01 14058 135
0.01 14059 135
0.01 14060 129
0.01 14061 135
0.01 14062 124
0.01 14063 124
0.01 14064 135
0.01 14065 135
0.01 14066 135
0.01 14067 135
0.01 14068 135
0.01 14069 124
0.01 14070 135
0.01 14071 135
0.01 14072 135
0.01 14073 135
0.01 14074 135
0.01 14075 129
0.01 14076 135
0.01 14077 129
0.01 14078 135
0.01 14079 118
0.01 14080 129
0.01 14081 135
0.01 14082 135
0.01 14083 135
0.01 14084 135
0.01 14085 118
0.01 14086 124
0.01 14087 129
0.01 14088 129
0.01 14089 113
0.01 14090 113
0.01 14091 118
0.01 14092 118
0.01 14093 118
0.01 14094 124
0.01 14095 129
0.01 14096 135
0.01 14097 135
0.01 14098 129
0.01 14099 135
0.01 14100 129
0.01 14101 129
0.01 14102 124
0.01 14103 129
0.01 14104 135
0.01 14105 129
0.01 14106 135
0.01 14107 135
0.01 14108 135
0.01 14109 135
0.01 14110 129
0.01 14111 124
0.01 14112 124
0.01 14113 135
0.01 14114 135
0.01 14115 135
0.01 14116 135
0.01 14117 129
0.01 14118 135
0.01 14119 135
0.01 14120 135
0.01 14121 124
0.01 14122 135
0.01 14123 135
0.01 14124 135
0.01 14125 129
0.01 14126 135
0.01 14127 129
0.01 14128 135
0.01 14129 135
0.01 14130 135
0.01 14131 135
0.01 14132 135
0.01 14133 135
0.01 14134 129
0.01 14135 124
0.01 14136 129
0.01 14137 135
0.01 14138 135
0.01 14139 124
0.01 14140 129
0.01 14141 129
0.01 14142 129
0.01 14143 124
0.01 14144 135
0.01 14145 135
0.01 14146 135
0.01 14147 135
0.01 14148 135
0.01 14149 129
0.01 14150 135
0.01 14151 135
0.01 14152 135
0.01 14153 135
0.01 14154 135
0.01 14155 129
0.01 14156 135
0.01 14157 135
0.01 14158 135
0.01 14159 135
0.01 14160 135
0.01 14161 135
0.01 14162 124
0.01 14163 124
0.01 14164 118
0.01 14165 129
0.01 14166 129
0.01 14167 135
0.01 14168 135
0.01 14169 135
0.01 14170 135
0.01 14171 135
0.01 14172 135
0.01 14173 135
0.01 14174 135
0.01 14175 124
0.01 14176 124
0.01 14177 135
0.01 14178 135
0.01 14179 135
0.01 14180 135
0.01 14181 124
0.01 14182 129
0.01 14183 135
0.01 14184 135
0.01 14185 135
0.01 14186 124
0.01 14187 129
0.01 14188 135
0.01 14189 135
0.01 14190 135
0.01 14191 135
0.01 14192 135
0.01 14193 135
0.01 14194 124
0.01 14195 129
0.01 14196 129
0.01 14197 135
0.01 14198 135
0.01 14199 135
0.01 14200 129
0.01 14201 135
0.01 14202 135
0.01 14203 135
0.01 14204 135
0.01 14205 135
0.01 14206 129
0.01 14207 135
0.01 14208 135
0.01 14209 135
0.01 14210 135
0.01 14211 129
0.01 14212 129
0.01 14213 135
0.01 14214 135
0.01 14215 135
0.01 14216 135
0.01 14217 135
0.01 14218 135
0.01 14219 135
0.01 14220 135
0.01 14221 135
0.01 14222 135
0.01 14223 135
0.01 14224 135
0.01 14225 135
0.01 14226 135
0.01 14227 135
0.01 14228 135
0.01 14229 135
0.01 14230 135
0.01 14231 124
0.01 14232 135
0.01 14233 135
0.01 14234 135
0.01 14235 135
0.01 14236 124
0.01 14237 118
0.01 14238 124
0.01 14239 129
0.01 14240 135
0.01 14241 135
0.01 14242 135
0.01 14243 129
0.01 14244 129
0.01 14245 135
0.01 14246 135
0.01 14247 124
0.01 14248 129
0.01 14249 135
0.01 14250 135
0.01 14251 135
0.01 14252 135
0.01 14253 135
0.01 14254 135
0.01 14255 135
0.01 14256 135
0.01 14257 124
0.01 14258 129
0.01 14259 124
0.01 14260 135
0.01 14261 135
0.01 14262 135
0.01 14263 135
0.01 14264 135
0.01 14265 135
0.01 14266 135
0.01 14267 135
0.01 14268 135
0.01 14269 124
0.01 14270 135
0.01 14271 135
0.01 14272 135
0.01 14273 135
0.01 14274 129
0.01 14275 135
0.01 14276 135
0.01 14277 135
0.01 14278 135
0.01 14279 135
0.01 14280 135
0.01 14281 135
0.01 14282 135
0.01 14283 135
0.01 14284 135
0.01 14285 135
0.01 14286 135
0.01 14287 135
0.01 14288 135
0.01 14289 135
0.01 14290 135
0.01 14291 135
0.01 14292 135
0.01 14293 135
0.01 14294 135
0.01 14295 135
0.01 14296 135
0.01 14297 135
0.01 14298 135
0.01 14299 135
0.01 14300 135
0.01 14301 135
0.01 14302 135
0.01 14303 118
0.01 14304 124
0.01 14305 124
0.01 14306 129
0.01 14307 135
0.01 14308 135
0.01 14309 135
0.01 14310 129
0.01 14311 135
0.01 14312 135
0.01 14313 135
0.01 14314 135
0.01 14315 135
0.01 14316 135
0.01 14317 135
0.01 14318 118
0.01 14319 129
0.01 14320 135
0.01 14321 135
0.01 14322 135
0.01 14323 135
0.01 14324 135
0.01 14325 135
0.01 14326 135
0.01 14327 129
0.01 14328 124
0.01 14329 129
0.01 14330 129
0.01 14331 135
0.01 14332 129
0.01 14333 135
0.01 14334 135
0.01 14335 135
0.01 14336 135
0.01 14337 135
0.01 14338 135
0.01 14339 135
0.01 14340 135
0.01 14341 135
0.01 14342 135
0.01 14343 135
0.01 14344 135
0.01 14345 129
0.01 14346 135
0.01 14347 129
0.01 14348 135
0.01 14349 129
0.01 14350 118
0.01 14351 129
0.01 14352 135
0.01 14353 135
0.01 14354 129
0.01 14355 129
0.01 14356 124
0.01 14357 124
0.01 14358 129
0.01 14359 135
0.01 14360 135
0.01 14361 135
0.01 14362 135
0.01 14363 135
0.01 14364 135
0.01 14365 135
0.01 14366 135
0.01 14367 135
0.01 14368 135
0.01 14369 135
0.01 14370 135
0.01 14371 135
0.01 14372 129
0.01 14373 129
0.01 14374 124
0.01 14375 124
0.01 14376 129
0.01 14377 124
0.01 14378 124
0.01 14379 135
0.01 14380 135
0.01 14381 135
0.01 14382 135
0.01 14383 135
0.01 14384 135
0.01 14385 135
0.01 14386 135
0.01 14387 135
0.01 14388 135
0.01 14389 124
0.01 14390 124
0.01 14391 124
0.01 14392 129
0.01 14393 129
0.01 14394 135
0.01 14395 124
0.01 14396 135
0.01 14397 135
0.01 14398 124
0.01 14399 124
0.01 14400 129
0.01 14401 124
0.01 14402 135
0.01 14403 135
0.01 14404 135
0.01 14405 135
0.01 14406 135
0.01 14407 135
0.01 14408 135
0.01 14409 124
0.01 14410 129
0.01 14411 135
0.01 14412 118
0.01 14413 118
0.01 14414 118
0.01 14415 118
0.01 14416 129
0.01 14417 129
0.01 14418 135
0.01 14419 135
0.01 14420 124
0.01 14421 135
0.01 14422 135
0.01 14423 129
0.01 14424 135
0.01 14425 135
0.01 14426 135
0.01 14427 135
0.01 14428 135
0.01 14429 135
0.01 14430 135
0.01 14431 129
0.01 14432 129
0.01 14433 135
0.01 14434 135
0.01 14435 135
0.01 14436 135
0.01 14437 135
0.01 14438 135
0.01 14439 135
0.01 14440 135
0.01 14441 135
0.01 14442 135
0.01 14443 135
0.01 14444 135
0.01 14445 135
0.01 14446 118
0.01 14447 135
0.01 14448 124
0.01 14449 124
0.01 14450 129
0.01 14451 135
0.01 14452 135
0.01 14453 135
0.01 14454 135
0.01 14455 135
0.01 14456 135
0.01 14457 129
0.01 14458 135
0.01 14459 135
0.01 14460 135
0.01 14461 129
0.01 14462 129
0.01 14463 135
0.01 14464 135
0.01 14465 135
0.01 14466 135
0.01 14467 135
0.01 14468 129
0.01 14469 124
0.01 14470 129
0.01 14471 129
0.01 14472 135
0.01 14473 118
0.01 14474 118
0.01 14475 129
0.01 14476 135
0.01 14477 129
0.01 14478 135
0.01 14479 135
0.01 14480 135
0.01 14481 135
0.01 14482 113
0.01 14483 118
0.01 14484 118
0.01 14485 118
0.01 14486 124
0.01 14487 129
0.01 14488 135
0.01 14489 135
0.01 14490 135
0.01 14491 135
0.01 14492 135
0.01 14493 135
0.01 14494 135
0.01 14495 135
0.01 14496 135
0.01 14497 135
0.01 14498 135
0.01 14499 135
0.01 14500 135
0.01 14501 129
0.01 14502 129
0.01 14503 129
0.01 14504 129
0.01 14505 135
0.01 14506 135
0.01 14507 135
0.01 14508 135
0.01 14509 124
0.01 14510 118
0.01 14511 135
0.01 14512 135
0.01 14513 135
0.01 14514 135
0.01 14515 135
0.01 14516 135
0.01 14517 135
0.01 14518 135
0.01 14519 135
0.01 14520 135
0.01 14521 135
0.01 14522 129
0.01 14523 135
0.01 14524 124
0.01 14525 124
0.01 14526 135
0.01 14527 118
0.01 14528 124
0.01 14529 135
0.01 14530 135
0.01 14531 124
0.01 14532 135
0.01 14533 113
0.01 14534 118
0.01 14535 124
0.01 14536 135
0.01 14537 135
0.01 14538 135
0.01 14539 124
0.01 14540 129
0.01 14541 135
0.01 14542 135
0.01 14543 135
0.01 14544 129
0.01 14545 135
0.01 14546 135
0.01 14547 135
0.01 14548 135
0.01 14549 135
0.01 14550 135
0.01 14551 124
0.01 14552 129
0.01 14553 129
0.01 14554 135
0.01 14555 135
0.01 14556 135
0.01 14557 129
0.01 14558 118
0.01 14559 118
0.01 14560 124
0.01 14561 129
0.01 14562 135
0.01 14563 135
0.01 14564 135
0.01 14565 135
0.01 14566 135
0.01 14567 129
0.01 14568 129
0.01 14569 135
0.01 14570 135
0.01 14571 135
0.01 14572 124
0.01 14573 124
0.01 14574 129
0.01 14575 135
0.01 14576 135
0.01 14577 135
0.01 14578 135
0.01 14579 135
0.01 14580 135
0.01 14581 124
0.01 14582 124
0.01 14583 124
0.01 14584 129
0.01 14585 135
0.01 14586 118
0.01 14587 135
0.01 14588 135
0.01 14589 129
0.01 14590 135
0.01 14591 135
0.01 14592 135
0.01 14593 135
0.01 14594 124
0.01 14595 135
0.01 14596 113
0.01 14597 129
0.01 14598 135
0.01 14599 124
0.01 14600 129
0.01 14601 135
0.01 14602 135
0.01 14603 124
0.01 14604 124
0.01 14605 124
0.01 14606 124
0.01 14607 135
0.01 14608 135
0.01 14609 135
0.01 14610 135
0.01 14611 135
0.01 14612 124
0.01 14613 124
0.01 14614 135
0.01 14615 135
0.01 14616 129
0.01 14617 135
0.01 14618 129
0.01 14619 124
0.01 14620 129
0.01 14621 135
0.01 14622 124
0.01 14623 135
0.01 14624 135
0.01 14625 135
0.01 14626 135
0.01 14627 135
0.01 14628 135
0.01 14629 135
0.01 14630 135
0.01 14631 135
0.01 14632 135
0.01 14633 124
0.01 14634 124
0.01 14635 124
0.01 14636 129
0.01 14637 135
0.01 14638 135
0.01 14639 135
0.01 14640 135
0.01 14641 135
0.01 14642 135
0.01 14643 135
0.01 14644 135
0.01 14645 124
0.01 14646 129
0.01 14647 135
0.01 14648 135
0.01 14649 135
0.01 14650 135
0.01 14651 135
0.01 14652 135
0.01 14653 135
0.01 14654 135
0.01 14655 129
0.01 14656 135
0.01 14657 129
0.01 14658 135
0.01 14659 135
0.01 14660 135
0.01 14661 135
0.01 14662 124
0.01 14663 129
0.01 14664 135
0.01 14665 135
0.01 14666 129
0.01 14667 135
0.01 14668 135
0.01 14669 135
0.01 14670 135
0.01 14671 135
0.01 14672 135
0.01 14673 135
0.01 14674 129
0.01 14675 118
0.01 14676 118
0.01 14677 124
0.01 14678 135
0.01 14679 135
0.01 14680 135
0.01 14681 135
0.01 14682 135
0.01 14683 135
0.01 14684 135
0.01 14685 135
0.01 14686 124
0.01 14687 124
0.01 14688 118
0.01 14689 118
0.01 14690 129
0.01 14691 135
0.01 14692 135
0.01 14693 135
0.01 14694 135
0.01 14695 124
0.01 14696 129
0.01 14697 129
0.01 14698 135
0.01 14699 135
0.01 14700 129
0.01 14701 135
0.01 14702 135
0.01 14703 135
0.01 14704 135
0.01 14705 129
0.01 14706 135
0.01 14707 135
0.01 14708 135
0.01 14709 135
0.01 14710 129
0.01 14711 129
0.01 14712 129
0.01 14713 135
0.01 14714 135
0.01 14715 129
0.01 14716 135
0.01 14717 135
0.01 14718 135
0.01 14719 135
0.01 14720 135
0.01 14721 135
0.01 14722 124
0.01 14723 135
0.01 14724 135
0.01 14725 135
0.01 14726 135
0.01 14727 118
0.01 14728 129
0.01 14729 129
0.01 14730 135
0.01 14731 118
0.01 14732 118
0.01 14733 135
0.01 14734 135
0.01 14735 135
0.01 14736 135
0.01 14737 135
0.01 14738 135
0.01 14739 135
0.01 14740 135
0.01 14741 135
0.01 14742 135
0.01 14743 135
0.01 14744 124
0.01 14745 129
0.01 14746 135
0.01 14747 129
0.01 14748 135
0.01 14749 135
0.01 14750 129
0.01 14751 135
0.01 14752 135
0.01 14753 135
0.01 14754 135
0.01 14755 135
0.01 14756 135
0.01 14757 124
0.01 14758 135
0.01 14759 124
0.01 14760 129
0.01 14761 135
0.01 14762 135
0.01 14763 135
0.01 14764 124
0.01 14765 118
0.01 14766 124
0.01 14767 124
0.01 14768 135
0.01 14769 135
0.01 14770 135
0.01 14771 129
0.01 14772 135
0.01 14773 129
0.01 14774 135
0.01 14775 135
0.01 14776 135
0.01 14777 129
0.01 14778 129
0.01 14779 135
0.01 14780 129
0.01 14781 135
0.01 14782 135
0.01 14783 135
0.01 14784 135
0.01 14785 135
0.01 14786 135
0.01 14787 135
0.01 14788 135
0.01 14789 135
0.01 14790 135
0.01 14791 135
0.01 14792 135
0.01 14793 135
0.01 14794 135
0.01 14795 135
0.01 14796 135
0.01 14797 118
0.01 14798 135
0.01 14799 135
0.01 14800 135
0.01 14801 129
0.01 14802 129
0.01 14803 135
0.01 14804 135
0.01 14805 124
0.01 14806 129
0.01 14807 135
0.01 14808 124
0.01 14809 129
0.01 14810 135
0.01 14811 135
0.01 14812 118
0.01 14813 118
0.01 14814 118
0.01 14815 124
0.01 14816 135
0.01 14817 135
0.01 14818 135
0.01 14819 135
0.01 14820 124
0.01 14821 135
0.01 14822 135
0.01 14823 135
0.01 14824 135
0.01 14825 129
0.01 14826 135
0.01 14827 135
0.01 14828 135
0.01 14829 135
0.01 14830 135
0.01 14831 135
0.01 14832 124
0.01 14833 129
0.01 14834 129
0.01 14835 135
0.01 14836 135
0.01 14837 129
0.01 14838 135
0.01 14839 135
0.01 14840 135
0.01 14841 124
0.01 14842 129
0.01 14843 135
0.01 14844 129
0.01 14845 135
0.01 14846 135
0.01 14847 118
0.01 14848 118
0.01 14849 124
0.01 14850 135
0.01 14851 124
0.01 14852 135
0.01 14853 135
0.01 14854 135
0.01 14855 135
0.01 14856 135
0.01 14857 129
0.01 14858 135
0.01 14859 124
0.01 14860 135
0.01 14861 118
0.01 14862 135
0.01 14863 135
0.01 14864 135
0.01 14865 135
0.01 14866 135
0.01 14867 135
0.01 14868 135
0.01 14869 135
0.01 14870 129
0.01 14871 135
0.01 14872 135
0.01 14873 118
0.01 14874 118
0.01 14875 129
0.01 14876 129
0.01 14877 135
0.01 14878 135
0.01 14879 135
0.01 14880 124
0.01 14881 135
0.01 14882 135
0.01 14883 135
0.01 14884 135
0.01 14885 135
0.01 14886 124
0.01 14887 129
0.01 14888 129
0.01 14889 135
0.01 14890 124
0.01 14891 124
0.01 14892 129
0.01 14893 129
0.01 14894 135
0.01 14895 135
0.01 14896 135
0.01 14897 135
0.01 14898 135
0.01 14899 135
0.01 14900 135
0.01 14901 135
0.01 14902 135
0.01 14903 135
0.01 14904 135
0.01 14905 135
0.01 14906 135
0.01 14907 135
0.01 14908 135
0.01 14909 135
0.01 14910 135
0.01 14911 135
0.01 14912 129
0.01 14913 135
0.01 14914 135
0.01 14915 135
0.01 14916 135
0.01 14917 135
0.01 14918 135
0.01 14919 135
0.01 14920 129
0.01 14921 135
0.01 14922 135
0.01 14923 135
0.01 14924 129
0.01 14925 135
0.01 14926 124
0.01 14927 135
0.01 14928 135
0.01 14929 135
0.01 14930 135
0.01 14931 135
0.01 14932 135
0.01 14933 124
0.01 14934 135
0.01 14935 135
0.01 14936 135
0.01 14937 135
0.01 14938 135
0.01 14939 135
0.01 14940 135
0.01 14941 135
0.01 14942 135
0.01 14943 135
0.01 14944 135
0.01 14945 129
0.01 14946 129
0.01 14947 129
0.01 14948 124
0.01 14949 124
0.01 14950 129
0.01 14951 135
0.01 14952 124
0.01 14953 135
0.01 14954 135
0.01 14955 129
0.01 14956 129
0.01 14957 129
0.01 14958 135
0.01 14959 135
0.01 14960 135
0.01 14961 135
0.01 14962 135
0.01 14963 135
0.01 14964 135
0.01 14965 135
0.01 14966 118
0.01 14967 124
0.01 14968 129
0.01 14969 135
0.01 14970 135
0.01 14971 135
0.01 14972 135
0.01 14973 135
0.01 14974 135
0.01 14975 135
0.01 14976 135
0.01 14977 135
0.01 14978 135
0.01 14979 129
0.01 14980 135
0.01 14981 135
0.01 14982 135
0.01 14983 135
0.01 14984 124
0.01 14985 135
0.01 14986 135
0.01 14987 129
0.01 14988 135
0.01 14989 135
0.01 14990 135
0.01 14991 129
0.01 14992 135
0.01 14993 129
0.01 14994 124
0.01 14995 129
0.01 14996 135
0.01 14997 135
0.01 14998 135
0.01 14999 129
