0.3 10001 0
0.3 10002 0
0.3 10003 5
0.3 10004 10
0.3 10005 0
0.3 10006 5
0.3 10007 10
0.3 10008 21
0.3 10009 27
0.3 10010 5
0.3 10011 21
0.3 10012 0
0.3 10013 0
0.3 10014 0
0.3 10015 10
0.3 10016 16
0.3 10017 27
0.3 10018 27
0.3 10019 43
0.3 10020 48
0.3 10021 54
0.3 10022 59
0.3 10023 59
0.3 10024 59
0.3 10025 75
0.3 10026 48
0.3 10027 48
0.3 10028 48
0.3 10029 48
0.3 10030 48
0.3 10031 54
0.3 10032 54
0.3 10033 64
0.3 10034 70
0.3 10035 81
0.3 10036 81
0.3 10037 86
0.3 10038 97
0.3 10039 102
0.3 10040 102
0.3 10041 102
0.3 10042 91
0.3 10043 86
0.3 10044 86
0.3 10045 91
0.3 10046 91
0.3 10047 97
0.3 10048 97
0.3 10049 102
0.3 10050 108
0.3 10051 113
0.3 10052 118
0.3 10053 135
0.3 10054 118
0.3 10055 59
0.3 10056 0
0.3 10057 0
0.3 10058 5
0.3 10059 5
0.3 10060 0
0.3 10061 0
0.3 10062 5
0.3 10063 0
0.3 10064 0
0.3 10065 10
0.3 10066 0
0.3 10067 0
0.3 10068 0
0.3 10069 0
0.3 10070 5
0.3 10071 10
0.3 10072 0
0.3 10073 5
0.3 10074 5
0.3 10075 0
0.3 10076 10
0.3 10077 5
0.3 10078 5
0.3 10079 16
0.3 10080 21
0.3 10081 0
0.3 10082 0
0.3 10083 0
0.3 10084 0
0.3 10085 0
0.3 10086 5
0.3 10087 5
0.3 10088 5
0.3 10089 16
0.3 10090 21
0.3 10091 21
0.3 10092 21
0.3 10093 27
0.3 10094 32
0.3 10095 21
0.3 10096 27
0.3 10097 37
0.3 10098 43
0.3 10099 48
0.3 10100 64
0.3 10101 64
0.3 10102 70
0.3 10103 59
0.3 10104 48
0.3 10105 32
0.3 10106 37
0.3 10107 43
0.3 10108 48
0.3 10109 59
0.3 10110 54
0.3 10111 37
0.3 10112 27
0.3 10113 27
0.3 10114 27
0.3 10115 27
0.3 10116 27
0.3 10117 27
0.3 10118 27
0.3 10119 37
0.3 10120 43
0.3 10121 43
0.3 10122 54
0.3 10123 54
0.3 10124 59
0.3 10125 59
0.3 10126 59
0.3 10127 64
0.3 10128 75
0.3 10129 75
0.3 10130 81
0.3 10131 86
0.3 10132 97
0.3 10133 102
0.3 10134 108
0.3 10135 113
0.3 10136 118
0.3 10137 129
0.3 10138 129
0.3 10139 75
0.3 10140 0
0.3 10141 0
0.3 10142 0
0.3 10143 0
0.3 10144 0
0.3 10145 0
0.3 10146 0
0.3 10147 0
0.3 10148 5
0.3 10149 0
0.3 10150 0
0.3 10151 0
0.3 10152 0
0.3 10153 5
0.3 10154 5
0.3 10155 0
0.3 10156 0
0.3 10157 0
0.3 10158 0
0.3 10159 0
0.3 10160 0
0.3 10161 0
0.3 10162 0
0.3 10163 0
0.3 10164 0
0.3 10165 16
0.3 10166 32
0.3 10167 37
0.3 10168 48
0.3 10169 32
0.3 10170 10
0.3 10171 21
0.3 10172 16
0.3 10173 21
0.3 10174 27
0.3 10175 27
0.3 10176 32
0.3 10177 32
0.3 10178 37
0.3 10179 48
0.3 10180 59
0.3 10181 59
0.3 10182 64
0.3 10183 64
0.3 10184 32
0.3 10185 10
0.3 10186 0
0.3 10187 0
0.3 10188 0
0.3 10189 0
0.3 10190 0
0.3 10191 0
0.3 10192 0
0.3 10193 5
0.3 10194 16
0.3 10195 16
0.3 10196 21
0.3 10197 27
0.3 10198 27
0.3 10199 27
0.3 10200 27
0.3 10201 27
0.3 10202 27
0.3 10203 27
0.3 10204 43
0.3 10205 43
0.3 10206 54
0.3 10207 54
0.3 10208 59
0.3 10209 70
0.3 10210 81
0.3 10211 86
0.3 10212 97
0.3 10213 113
0.3 10214 118
0.3 10215 124
0.3 10216 129
0.3 10217 135
0.3 10218 21
0.3 10219 27
0.3 10220 0
0.3 10221 0
0.3 10222 0
0.3 10223 0
0.3 10224 5
0.3 10225 5
0.3 10226 5
0.3 10227 10
0.3 10228 0
0.3 10229 0
0.3 10230 0
0.3 10231 5
0.3 10232 16
0.3 10233 0
0.3 10234 0
0.3 10235 0
0.3 10236 0
0.3 10237 0
0.3 10238 5
0.3 10239 5
0.3 10240 0
0.3 10241 0
0.3 10242 0
0.3 10243 5
0.3 10244 5
0.3 10245 10
0.3 10246 5
0.3 10247 0
0.3 10248 0
0.3 10249 0
0.3 10250 0
0.3 10251 0
0.3 10252 0
0.3 10253 0
0.3 10254 5
0.3 10255 16
0.3 10256 16
0.3 10257 32
0.3 10258 32
0.3 10259 16
0.3 10260 10
0.3 10261 16
0.3 10262 21
0.3 10263 5
0.3 10264 10
0.3 10265 21
0.3 10266 0
0.3 10267 5
0.3 10268 0
0.3 10269 0
0.3 10270 0
0.3 10271 0
0.3 10272 0
0.3 10273 0
0.3 10274 0
0.3 10275 0
0.3 10276 5
0.3 10277 0
0.3 10278 0
0.3 10279 5
0.3 10280 16
0.3 10281 10
0.3 10282 16
0.3 10283 32
0.3 10284 37
0.3 10285 27
0.3 10286 10
0.3 10287 16
0.3 10288 21
0.3 10289 27
0.3 10290 37
0.3 10291 37
0.3 10292 37
0.3 10293 37
0.3 10294 43
0.3 10295 43
0.3 10296 54
0.3 10297 59
0.3 10298 59
0.3 10299 64
0.3 10300 64
0.3 10301 64
0.3 10302 70
0.3 10303 86
0.3 10304 91
0.3 10305 102
0.3 10306 102
0.3 10307 108
0.3 10308 118
0.3 10309 129
0.3 10310 124
0.3 10311 129
0.3 10312 135
0.3 10313 102
0.3 10314 86
0.3 10315 91
0.3 10316 91
0.3 10317 108
0.3 10318 118
0.3 10319 118
0.3 10320 70
0.3 10321 16
0.3 10322 16
0.3 10323 0
0.3 10324 5
0.3 10325 0
0.3 10326 0
0.3 10327 10
0.3 10328 0
0.3 10329 0
0.3 10330 0
0.3 10331 10
0.3 10332 10
0.3 10333 10
0.3 10334 10
0.3 10335 16
0.3 10336 16
0.3 10337 16
0.3 10338 16
0.3 10339 27
0.3 10340 32
0.3 10341 37
0.3 10342 54
0.3 10343 48
0.3 10344 48
0.3 10345 54
0.3 10346 64
0.3 10347 64
0.3 10348 70
0.3 10349 70
0.3 10350 70
0.3 10351 75
0.3 10352 75
0.3 10353 86
0.3 10354 86
0.3 10355 97
0.3 10356 108
0.3 10357 118
0.3 10358 124
0.3 10359 48
0.3 10360 0
0.3 10361 5
0.3 10362 0
0.3 10363 10
0.3 10364 5
0.3 10365 5
0.3 10366 0
0.3 10367 0
0.3 10368 5
0.3 10369 0
0.3 10370 5
0.3 10371 5
0.3 10372 16
0.3 10373 27
0.3 10374 0
0.3 10375 0
0.3 10376 5
0.3 10377 5
0.3 10378 5
0.3 10379 16
0.3 10380 21
0.3 10381 21
0.3 10382 21
0.3 10383 32
0.3 10384 37
0.3 10385 10
0.3 10386 5
0.3 10387 0
0.3 10388 0
0.3 10389 0
0.3 10390 0
0.3 10391 5
0.3 10392 16
0.3 10393 5
0.3 10394 5
0.3 10395 5
0.3 10396 10
0.3 10397 21
0.3 10398 21
0.3 10399 10
0.3 10400 5
0.3 10401 10
0.3 10402 10
0.3 10403 27
0.3 10404 43
0.3 10405 48
0.3 10406 32
0.3 10407 37
0.3 10408 43
0.3 10409 59
0.3 10410 70
0.3 10411 81
0.3 10412 81
0.3 10413 86
0.3 10414 102
0.3 10415 97
0.3 10416 0
0.3 10417 0
0.3 10418 0
0.3 10419 0
0.3 10420 0
0.3 10421 0
0.3 10422 5
0.3 10423 0
0.3 10424 0
0.3 10425 5
0.3 10426 0
0.3 10427 5
0.3 10428 5
0.3 10429 0
0.3 10430 10
0.3 10431 10
0.3 10432 16
0.3 10433 32
0.3 10434 48
0.3 10435 0
0.3 10436 0
0.3 10437 0
0.3 10438 10
0.3 10439 10
0.3 10440 16
0.3 10441 21
0.3 10442 21
0.3 10443 37
0.3 10444 43
0.3 10445 43
0.3 10446 43
0.3 10447 37
0.3 10448 37
0.3 10449 37
0.3 10450 37
0.3 10451 48
0.3 10452 48
0.3 10453 48
0.3 10454 48
0.3 10455 59
0.3 10456 70
0.3 10457 21
0.3 10458 0
0.3 10459 0
0.3 10460 0
0.3 10461 0
0.3 10462 0
0.3 10463 0
0.3 10464 0
0.3 10465 10
0.3 10466 16
0.3 10467 16
0.3 10468 10
0.3 10469 21
0.3 10470 5
0.3 10471 5
0.3 10472 5
0.3 10473 5
0.3 10474 10
0.3 10475 21
0.3 10476 21
0.3 10477 21
0.3 10478 21
0.3 10479 21
0.3 10480 32
0.3 10481 37
0.3 10482 37
0.3 10483 43
0.3 10484 59
0.3 10485 70
0.3 10486 16
0.3 10487 10
0.3 10488 10
0.3 10489 5
0.3 10490 0
0.3 10491 0
0.3 10492 5
0.3 10493 5
0.3 10494 5
0.3 10495 5
0.3 10496 5
0.3 10497 5
0.3 10498 10
0.3 10499 27
0.3 10500 27
0.3 10501 43
0.3 10502 48
0.3 10503 48
0.3 10504 54
0.3 10505 59
0.3 10506 70
0.3 10507 70
0.3 10508 64
0.3 10509 0
0.3 10510 0
0.3 10511 0
0.3 10512 10
0.3 10513 16
0.3 10514 16
0.3 10515 21
0.3 10516 10
0.3 10517 16
0.3 10518 5
0.3 10519 5
0.3 10520 10
0.3 10521 10
0.3 10522 16
0.3 10523 16
0.3 10524 27
0.3 10525 37
0.3 10526 37
0.3 10527 48
0.3 10528 43
0.3 10529 43
0.3 10530 43
0.3 10531 43
0.3 10532 48
0.3 10533 48
0.3 10534 48
0.3 10535 54
0.3 10536 70
0.3 10537 81
0.3 10538 86
0.3 10539 86
0.3 10540 102
0.3 10541 108
0.3 10542 108
0.3 10543 108
0.3 10544 108
0.3 10545 113
0.3 10546 124
0.3 10547 81
0.3 10548 10
0.3 10549 10
0.3 10550 16
0.3 10551 16
0.3 10552 27
0.3 10553 16
0.3 10554 0
0.3 10555 5
0.3 10556 0
0.3 10557 5
0.3 10558 16
0.3 10559 27
0.3 10560 32
0.3 10561 48
0.3 10562 54
0.3 10563 37
0.3 10564 37
0.3 10565 43
0.3 10566 37
0.3 10567 43
0.3 10568 48
0.3 10569 59
0.3 10570 59
0.3 10571 64
0.3 10572 64
0.3 10573 70
0.3 10574 70
0.3 10575 81
0.3 10576 64
0.3 10577 16
0.3 10578 10
0.3 10579 10
0.3 10580 10
0.3 10581 16
0.3 10582 16
0.3 10583 21
0.3 10584 27
0.3 10585 32
0.3 10586 37
0.3 10587 37
0.3 10588 10
0.3 10589 10
0.3 10590 21
0.3 10591 27
0.3 10592 37
0.3 10593 16
0.3 10594 5
0.3 10595 0
0.3 10596 0
0.3 10597 0
0.3 10598 10
0.3 10599 16
0.3 10600 16
0.3 10601 10
0.3 10602 0
0.3 10603 0
0.3 10604 0
0.3 10605 0
0.3 10606 0
0.3 10607 0
0.3 10608 0
0.3 10609 0
0.3 10610 0
0.3 10611 0
0.3 10612 0
0.3 10613 10
0.3 10614 5
0.3 10615 10
0.3 10616 0
0.3 10617 0
0.3 10618 10
0.3 10619 0
0.3 10620 0
0.3 10621 0
0.3 10622 10
0.3 10623 16
0.3 10624 5
0.3 10625 16
0.3 10626 0
0.3 10627 5
0.3 10628 21
0.3 10629 10
0.3 10630 0
0.3 10631 0
0.3 10632 0
0.3 10633 10
0.3 10634 16
0.3 10635 0
0.3 10636 0
0.3 10637 0
0.3 10638 0
0.3 10639 0
0.3 10640 0
0.3 10641 0
0.3 10642 5
0.3 10643 0
0.3 10644 0
0.3 10645 10
0.3 10646 21
0.3 10647 27
0.3 10648 37
0.3 10649 37
0.3 10650 16
0.3 10651 16
0.3 10652 21
0.3 10653 21
0.3 10654 21
0.3 10655 27
0.3 10656 5
0.3 10657 5
0.3 10658 0
0.3 10659 0
0.3 10660 0
0.3 10661 5
0.3 10662 0
0.3 10663 0
0.3 10664 0
0.3 10665 0
0.3 10666 0
0.3 10667 0
0.3 10668 0
0.3 10669 0
0.3 10670 0
0.3 10671 10
0.3 10672 16
0.3 10673 21
0.3 10674 21
0.3 10675 21
0.3 10676 32
0.3 10677 0
0.3 10678 0
0.3 10679 0
0.3 10680 0
0.3 10681 0
0.3 10682 16
0.3 10683 16
0.3 10684 27
0.3 10685 37
0.3 10686 43
0.3 10687 48
0.3 10688 59
0.3 10689 59
0.3 10690 48
0.3 10691 54
0.3 10692 54
0.3 10693 54
0.3 10694 54
0.3 10695 54
0.3 10696 64
0.3 10697 64
0.3 10698 75
0.3 10699 86
0.3 10700 108
0.3 10701 118
0.3 10702 129
0.3 10703 135
0.3 10704 135
0.3 10705 124
0.3 10706 21
0.3 10707 5
0.3 10708 5
0.3 10709 10
0.3 10710 16
0.3 10711 16
0.3 10712 21
0.3 10713 32
0.3 10714 32
0.3 10715 43
0.3 10716 32
0.3 10717 32
0.3 10718 37
0.3 10719 37
0.3 10720 37
0.3 10721 48
0.3 10722 54
0.3 10723 54
0.3 10724 64
0.3 10725 81
0.3 10726 70
0.3 10727 43
0.3 10728 37
0.3 10729 37
0.3 10730 43
0.3 10731 54
0.3 10732 54
0.3 10733 54
0.3 10734 70
0.3 10735 70
0.3 10736 75
0.3 10737 86
0.3 10738 97
0.3 10739 102
0.3 10740 102
0.3 10741 113
0.3 10742 118
0.3 10743 129
0.3 10744 21
0.3 10745 0
0.3 10746 0
0.3 10747 0
0.3 10748 0
0.3 10749 0
0.3 10750 0
0.3 10751 5
0.3 10752 0
0.3 10753 5
0.3 10754 5
0.3 10755 0
0.3 10756 0
0.3 10757 10
0.3 10758 0
0.3 10759 0
0.3 10760 0
0.3 10761 10
0.3 10762 10
0.3 10763 0
0.3 10764 0
0.3 10765 5
0.3 10766 0
0.3 10767 16
0.3 10768 16
0.3 10769 16
0.3 10770 16
0.3 10771 16
0.3 10772 21
0.3 10773 0
0.3 10774 5
0.3 10775 0
0.3 10776 0
0.3 10777 16
0.3 10778 16
0.3 10779 21
0.3 10780 21
0.3 10781 16
0.3 10782 21
0.3 10783 5
0.3 10784 5
0.3 10785 5
0.3 10786 16
0.3 10787 21
0.3 10788 32
0.3 10789 37
0.3 10790 37
0.3 10791 54
0.3 10792 64
0.3 10793 70
0.3 10794 70
0.3 10795 32
0.3 10796 0
0.3 10797 5
0.3 10798 10
0.3 10799 0
0.3 10800 5
0.3 10801 0
0.3 10802 0
0.3 10803 0
0.3 10804 0
0.3 10805 0
0.3 10806 0
0.3 10807 0
0.3 10808 5
0.3 10809 5
0.3 10810 0
0.3 10811 0
0.3 10812 0
0.3 10813 0
0.3 10814 0
0.3 10815 5
0.3 10816 10
0.3 10817 10
0.3 10818 10
0.3 10819 21
0.3 10820 27
0.3 10821 0
0.3 10822 0
0.3 10823 0
0.3 10824 0
0.3 10825 5
0.3 10826 10
0.3 10827 16
0.3 10828 0
0.3 10829 0
0.3 10830 0
0.3 10831 0
0.3 10832 0
0.3 10833 0
0.3 10834 0
0.3 10835 0
0.3 10836 5
0.3 10837 10
0.3 10838 21
0.3 10839 27
0.3 10840 32
0.3 10841 37
0.3 10842 0
0.3 10843 0
0.3 10844 5
0.3 10845 10
0.3 10846 5
0.3 10847 5
0.3 10848 21
0.3 10849 21
0.3 10850 27
0.3 10851 27
0.3 10852 27
0.3 10853 10
0.3 10854 0
0.3 10855 5
0.3 10856 10
0.3 10857 16
0.3 10858 27
0.3 10859 27
0.3 10860 27
0.3 10861 32
0.3 10862 37
0.3 10863 16
0.3 10864 10
0.3 10865 0
0.3 10866 0
0.3 10867 0
0.3 10868 5
0.3 10869 5
0.3 10870 0
0.3 10871 0
0.3 10872 0
0.3 10873 0
0.3 10874 0
0.3 10875 0
0.3 10876 5
0.3 10877 0
0.3 10878 5
0.3 10879 5
0.3 10880 16
0.3 10881 10
0.3 10882 10
0.3 10883 16
0.3 10884 10
0.3 10885 21
0.3 10886 27
0.3 10887 21
0.3 10888 0
0.3 10889 0
0.3 10890 5
0.3 10891 0
0.3 10892 0
0.3 10893 10
0.3 10894 5
0.3 10895 0
0.3 10896 10
0.3 10897 10
0.3 10898 10
0.3 10899 16
0.3 10900 0
0.3 10901 5
0.3 10902 5
0.3 10903 10
0.3 10904 10
0.3 10905 0
0.3 10906 10
0.3 10907 21
0.3 10908 16
0.3 10909 27
0.3 10910 27
0.3 10911 32
0.3 10912 37
0.3 10913 43
0.3 10914 48
0.3 10915 27
0.3 10916 0
0.3 10917 0
0.3 10918 0
0.3 10919 0
0.3 10920 0
0.3 10921 0
0.3 10922 0
0.3 10923 0
0.3 10924 0
0.3 10925 5
0.3 10926 0
0.3 10927 5
0.3 10928 10
0.3 10929 0
0.3 10930 0
0.3 10931 0
0.3 10932 0
0.3 10933 0
0.3 10934 0
0.3 10935 5
0.3 10936 5
0.3 10937 21
0.3 10938 21
0.3 10939 16
0.3 10940 0
0.3 10941 0
0.3 10942 0
0.3 10943 0
0.3 10944 0
0.3 10945 5
0.3 10946 5
0.3 10947 10
0.3 10948 16
0.3 10949 27
0.3 10950 27
0.3 10951 37
0.3 10952 32
0.3 10953 43
0.3 10954 48
0.3 10955 54
0.3 10956 64
0.3 10957 64
0.3 10958 0
0.3 10959 0
0.3 10960 0
0.3 10961 0
0.3 10962 0
0.3 10963 0
0.3 10964 0
0.3 10965 0
0.3 10966 0
0.3 10967 5
0.3 10968 0
0.3 10969 5
0.3 10970 10
0.3 10971 21
0.3 10972 27
0.3 10973 37
0.3 10974 48
0.3 10975 37
0.3 10976 0
0.3 10977 0
0.3 10978 0
0.3 10979 0
0.3 10980 0
0.3 10981 0
0.3 10982 5
0.3 10983 0
0.3 10984 0
0.3 10985 0
0.3 10986 5
0.3 10987 0
0.3 10988 0
0.3 10989 5
0.3 10990 5
0.3 10991 5
0.3 10992 0
0.3 10993 5
0.3 10994 5
0.3 10995 5
0.3 10996 16
0.3 10997 21
0.3 10998 27
0.3 10999 37
0.3 11000 48
0.3 11001 48
0.3 11002 54
0.3 11003 59
0.3 11004 59
0.3 11005 21
0.3 11006 0
0.3 11007 0
0.3 11008 0
0.3 11009 0
0.3 11010 0
0.3 11011 0
0.3 11012 10
0.3 11013 16
0.3 11014 27
0.3 11015 27
0.3 11016 27
0.3 11017 43
0.3 11018 43
0.3 11019 48
0.3 11020 16
0.3 11021 16
0.3 11022 5
0.3 11023 0
0.3 11024 0
0.3 11025 5
0.3 11026 0
0.3 11027 0
0.3 11028 0
0.3 11029 0
0.3 11030 0
0.3 11031 5
0.3 11032 5
0.3 11033 10
0.3 11034 27
0.3 11035 37
0.3 11036 5
0.3 11037 5
0.3 11038 16
0.3 11039 16
0.3 11040 27
0.3 11041 16
0.3 11042 21
0.3 11043 0
0.3 11044 5
0.3 11045 5
0.3 11046 10
0.3 11047 16
0.3 11048 21
0.3 11049 27
0.3 11050 21
0.3 11051 0
0.3 11052 5
0.3 11053 16
0.3 11054 16
0.3 11055 21
0.3 11056 37
0.3 11057 43
0.3 11058 48
0.3 11059 16
0.3 11060 10
0.3 11061 10
0.3 11062 0
0.3 11063 0
0.3 11064 0
0.3 11065 0
0.3 11066 0
0.3 11067 0
0.3 11068 0
0.3 11069 10
0.3 11070 10
0.3 11071 10
0.3 11072 16
0.3 11073 21
0.3 11074 21
0.3 11075 21
0.3 11076 37
0.3 11077 59
0.3 11078 64
0.3 11079 70
0.3 11080 81
0.3 11081 86
0.3 11082 81
0.3 11083 75
0.3 11084 75
0.3 11085 75
0.3 11086 75
0.3 11087 86
0.3 11088 91
0.3 11089 97
0.3 11090 97
0.3 11091 97
0.3 11092 97
0.3 11093 108
0.3 11094 113
0.3 11095 113
0.3 11096 113
0.3 11097 113
0.3 11098 124
0.3 11099 124
0.3 11100 124
0.3 11101 135
0.3 11102 135
0.3 11103 135
0.3 11104 135
0.3 11105 135
0.3 11106 135
0.3 11107 129
0.3 11108 124
0.3 11109 129
0.3 11110 135
0.3 11111 135
0.3 11112 135
0.3 11113 135
0.3 11114 135
0.3 11115 135
0.3 11116 135
0.3 11117 135
0.3 11118 135
0.3 11119 135
0.3 11120 135
0.3 11121 16
0.3 11122 16
0.3 11123 16
0.3 11124 10
0.3 11125 27
0.3 11126 21
0.3 11127 10
0.3 11128 5
0.3 11129 5
0.3 11130 0
0.3 11131 0
0.3 11132 5
0.3 11133 5
0.3 11134 10
0.3 11135 21
0.3 11136 10
0.3 11137 27
0.3 11138 21
0.3 11139 21
0.3 11140 5
0.3 11141 0
0.3 11142 5
0.3 11143 5
0.3 11144 21
0.3 11145 27
0.3 11146 27
0.3 11147 16
0.3 11148 10
0.3 11149 5
0.3 11150 0
0.3 11151 0
0.3 11152 5
0.3 11153 0
0.3 11154 5
0.3 11155 0
0.3 11156 0
0.3 11157 5
0.3 11158 10
0.3 11159 16
0.3 11160 16
0.3 11161 21
0.3 11162 16
0.3 11163 0
0.3 11164 5
0.3 11165 0
0.3 11166 0
0.3 11167 0
0.3 11168 5
0.3 11169 5
0.3 11170 5
0.3 11171 5
0.3 11172 10
0.3 11173 21
0.3 11174 21
0.3 11175 27
0.3 11176 10
0.3 11177 0
0.3 11178 5
0.3 11179 5
0.3 11180 5
0.3 11181 10
0.3 11182 16
0.3 11183 21
0.3 11184 32
0.3 11185 43
0.3 11186 43
0.3 11187 16
0.3 11188 0
0.3 11189 10
0.3 11190 16
0.3 11191 27
0.3 11192 0
0.3 11193 0
0.3 11194 0
0.3 11195 0
0.3 11196 0
0.3 11197 0
0.3 11198 0
0.3 11199 10
0.3 11200 16
0.3 11201 10
0.3 11202 10
0.3 11203 16
0.3 11204 32
0.3 11205 32
0.3 11206 32
0.3 11207 43
0.3 11208 43
0.3 11209 54
0.3 11210 59
0.3 11211 70
0.3 11212 70
0.3 11213 70
0.3 11214 75
0.3 11215 75
0.3 11216 10
0.3 11217 0
0.3 11218 5
0.3 11219 5
0.3 11220 0
0.3 11221 0
0.3 11222 0
0.3 11223 0
0.3 11224 0
0.3 11225 0
0.3 11226 5
0.3 11227 5
0.3 11228 10
0.3 11229 0
0.3 11230 5
0.3 11231 5
0.3 11232 10
0.3 11233 21
0.3 11234 32
0.3 11235 48
0.3 11236 48
0.3 11237 5
0.3 11238 0
0.3 11239 0
0.3 11240 5
0.3 11241 5
0.3 11242 10
0.3 11243 16
0.3 11244 27
0.3 11245 37
0.3 11246 16
0.3 11247 21
0.3 11248 32
0.3 11249 37
0.3 11250 43
0.3 11251 32
0.3 11252 21
0.3 11253 10
0.3 11254 10
0.3 11255 10
0.3 11256 10
0.3 11257 16
0.3 11258 27
0.3 11259 37
0.3 11260 48
0.3 11261 54
0.3 11262 64
0.3 11263 75
0.3 11264 75
0.3 11265 81
0.3 11266 86
0.3 11267 91
0.3 11268 102
0.3 11269 102
0.3 11270 102
0.3 11271 108
0.3 11272 124
0.3 11273 27
0.3 11274 0
0.3 11275 0
0.3 11276 5
0.3 11277 5
0.3 11278 10
0.3 11279 0
0.3 11280 5
0.3 11281 10
0.3 11282 10
0.3 11283 10
0.3 11284 0
0.3 11285 5
0.3 11286 5
0.3 11287 10
0.3 11288 21
0.3 11289 32
0.3 11290 43
0.3 11291 48
0.3 11292 16
0.3 11293 16
0.3 11294 21
0.3 11295 21
0.3 11296 16
0.3 11297 0
0.3 11298 5
0.3 11299 0
0.3 11300 0
0.3 11301 5
0.3 11302 5
0.3 11303 5
0.3 11304 10
0.3 11305 10
0.3 11306 27
0.3 11307 32
0.3 11308 37
0.3 11309 48
0.3 11310 59
0.3 11311 16
0.3 11312 16
0.3 11313 21
0.3 11314 21
0.3 11315 27
0.3 11316 43
0.3 11317 48
0.3 11318 43
0.3 11319 43
0.3 11320 43
0.3 11321 43
0.3 11322 48
0.3 11323 43
0.3 11324 43
0.3 11325 54
0.3 11326 54
0.3 11327 64
0.3 11328 75
0.3 11329 81
0.3 11330 91
0.3 11331 59
0.3 11332 0
0.3 11333 0
0.3 11334 5
0.3 11335 0
0.3 11336 0
0.3 11337 5
0.3 11338 0
0.3 11339 0
0.3 11340 5
0.3 11341 5
0.3 11342 10
0.3 11343 16
0.3 11344 21
0.3 11345 21
0.3 11346 21
0.3 11347 21
0.3 11348 27
0.3 11349 37
0.3 11350 48
0.3 11351 54
0.3 11352 27
0.3 11353 16
0.3 11354 16
0.3 11355 10
0.3 11356 21
0.3 11357 27
0.3 11358 10
0.3 11359 0
0.3 11360 0
0.3 11361 0
0.3 11362 5
0.3 11363 0
0.3 11364 5
0.3 11365 16
0.3 11366 21
0.3 11367 5
0.3 11368 5
0.3 11369 5
0.3 11370 5
0.3 11371 5
0.3 11372 10
0.3 11373 21
0.3 11374 37
0.3 11375 37
0.3 11376 37
0.3 11377 0
0.3 11378 0
0.3 11379 10
0.3 11380 5
0.3 11381 0
0.3 11382 0
0.3 11383 0
0.3 11384 5
0.3 11385 0
0.3 11386 0
0.3 11387 0
0.3 11388 0
0.3 11389 0
0.3 11390 0
0.3 11391 10
0.3 11392 0
0.3 11393 0
0.3 11394 0
0.3 11395 0
0.3 11396 10
0.3 11397 0
0.3 11398 0
0.3 11399 0
0.3 11400 10
0.3 11401 10
0.3 11402 10
0.3 11403 21
0.3 11404 21
0.3 11405 21
0.3 11406 21
0.3 11407 32
0.3 11408 48
0.3 11409 43
0.3 11410 16
0.3 11411 16
0.3 11412 5
0.3 11413 5
0.3 11414 5
0.3 11415 5
0.3 11416 0
0.3 11417 5
0.3 11418 10
0.3 11419 10
0.3 11420 21
0.3 11421 27
0.3 11422 32
0.3 11423 43
0.3 11424 27
0.3 11425 10
0.3 11426 16
0.3 11427 27
0.3 11428 32
0.3 11429 27
0.3 11430 0
0.3 11431 0
0.3 11432 0
0.3 11433 0
0.3 11434 0
0.3 11435 0
0.3 11436 0
0.3 11437 0
0.3 11438 10
0.3 11439 0
0.3 11440 0
0.3 11441 10
0.3 11442 16
0.3 11443 27
0.3 11444 27
0.3 11445 32
0.3 11446 16
0.3 11447 27
0.3 11448 37
0.3 11449 43
0.3 11450 43
0.3 11451 32
0.3 11452 5
0.3 11453 0
0.3 11454 10
0.3 11455 0
0.3 11456 10
0.3 11457 0
0.3 11458 0
0.3 11459 10
0.3 11460 10
0.3 11461 16
0.3 11462 21
0.3 11463 37
0.3 11464 37
0.3 11465 59
0.3 11466 59
0.3 11467 54
0.3 11468 43
0.3 11469 32
0.3 11470 37
0.3 11471 54
0.3 11472 64
0.3 11473 70
0.3 11474 75
0.3 11475 75
0.3 11476 81
0.3 11477 81
0.3 11478 97
0.3 11479 97
0.3 11480 97
0.3 11481 102
0.3 11482 102
0.3 11483 108
0.3 11484 118
0.3 11485 124
0.3 11486 135
0.3 11487 135
0.3 11488 124
0.3 11489 124
0.3 11490 135
0.3 11491 135
0.3 11492 135
0.3 11493 135
0.3 11494 135
0.3 11495 135
0.3 11496 135
0.3 11497 118
0.3 11498 118
0.3 11499 129
0.3 11500 135
0.3 11501 135
0.3 11502 129
0.3 11503 118
0.3 11504 118
0.3 11505 124
0.3 11506 129
0.3 11507 135
0.3 11508 21
0.3 11509 0
0.3 11510 5
0.3 11511 10
0.3 11512 16
0.3 11513 21
0.3 11514 32
0.3 11515 37
0.3 11516 0
0.3 11517 10
0.3 11518 0
0.3 11519 5
0.3 11520 0
0.3 11521 0
0.3 11522 10
0.3 11523 16
0.3 11524 16
0.3 11525 16
0.3 11526 21
0.3 11527 0
0.3 11528 0
0.3 11529 5
0.3 11530 5
0.3 11531 10
0.3 11532 10
0.3 11533 10
0.3 11534 10
0.3 11535 10
0.3 11536 10
0.3 11537 10
0.3 11538 10
0.3 11539 10
0.3 11540 10
0.3 11541 16
0.3 11542 16
0.3 11543 21
0.3 11544 21
0.3 11545 21
0.3 11546 21
0.3 11547 21
0.3 11548 37
0.3 11549 37
0.3 11550 43
0.3 11551 54
0.3 11552 59
0.3 11553 59
0.3 11554 59
0.3 11555 59
0.3 11556 70
0.3 11557 81
0.3 11558 81
0.3 11559 81
0.3 11560 86
0.3 11561 86
0.3 11562 97
0.3 11563 102
0.3 11564 108
0.3 11565 108
0.3 11566 108
0.3 11567 54
0.3 11568 0
0.3 11569 0
0.3 11570 0
0.3 11571 0
0.3 11572 5
0.3 11573 16
0.3 11574 16
0.3 11575 5
0.3 11576 5
0.3 11577 5
0.3 11578 0
0.3 11579 10
0.3 11580 0
0.3 11581 5
0.3 11582 0
0.3 11583 0
0.3 11584 0
0.3 11585 0
0.3 11586 0
0.3 11587 0
0.3 11588 5
0.3 11589 0
0.3 11590 0
0.3 11591 5
0.3 11592 10
0.3 11593 0
0.3 11594 0
0.3 11595 0
0.3 11596 5
0.3 11597 5
0.3 11598 21
0.3 11599 0
0.3 11600 0
0.3 11601 5
0.3 11602 16
0.3 11603 0
0.3 11604 0
0.3 11605 5
0.3 11606 5
0.3 11607 21
0.3 11608 16
0.3 11609 16
0.3 11610 10
0.3 11611 0
0.3 11612 5
0.3 11613 5
0.3 11614 10
0.3 11615 16
0.3 11616 21
0.3 11617 32
0.3 11618 43
0.3 11619 59
0.3 11620 70
0.3 11621 64
0.3 11622 59
0.3 11623 64
0.3 11624 64
0.3 11625 64
0.3 11626 54
0.3 11627 59
0.3 11628 75
0.3 11629 75
0.3 11630 81
0.3 11631 91
0.3 11632 0
0.3 11633 0
0.3 11634 0
0.3 11635 0
0.3 11636 0
0.3 11637 10
0.3 11638 0
0.3 11639 5
0.3 11640 10
0.3 11641 21
0.3 11642 16
0.3 11643 10
0.3 11644 10
0.3 11645 10
0.3 11646 16
0.3 11647 21
0.3 11648 21
0.3 11649 37
0.3 11650 37
0.3 11651 43
0.3 11652 43
0.3 11653 48
0.3 11654 48
0.3 11655 21
0.3 11656 0
0.3 11657 5
0.3 11658 0
0.3 11659 0
0.3 11660 0
0.3 11661 0
0.3 11662 5
0.3 11663 0
0.3 11664 0
0.3 11665 5
0.3 11666 5
0.3 11667 5
0.3 11668 5
0.3 11669 16
0.3 11670 16
0.3 11671 21
0.3 11672 21
0.3 11673 21
0.3 11674 27
0.3 11675 27
0.3 11676 27
0.3 11677 27
0.3 11678 27
0.3 11679 32
0.3 11680 10
0.3 11681 16
0.3 11682 21
0.3 11683 10
0.3 11684 32
0.3 11685 21
0.3 11686 21
0.3 11687 32
0.3 11688 21
0.3 11689 27
0.3 11690 32
0.3 11691 32
0.3 11692 43
0.3 11693 10
0.3 11694 0
0.3 11695 0
0.3 11696 0
0.3 11697 0
0.3 11698 0
0.3 11699 0
0.3 11700 0
0.3 11701 0
0.3 11702 0
0.3 11703 5
0.3 11704 5
0.3 11705 5
0.3 11706 5
0.3 11707 10
0.3 11708 16
0.3 11709 27
0.3 11710 37
0.3 11711 54
0.3 11712 59
0.3 11713 70
0.3 11714 64
0.3 11715 48
0.3 11716 43
0.3 11717 48
0.3 11718 48
0.3 11719 48
0.3 11720 54
0.3 11721 59
0.3 11722 64
0.3 11723 59
0.3 11724 64
0.3 11725 75
0.3 11726 81
0.3 11727 91
0.3 11728 91
0.3 11729 91
0.3 11730 108
0.3 11731 118
0.3 11732 118
0.3 11733 118
0.3 11734 129
0.3 11735 135
0.3 11736 124
0.3 11737 91
0.3 11738 54
0.3 11739 48
0.3 11740 48
0.3 11741 48
0.3 11742 48
0.3 11743 54
0.3 11744 54
0.3 11745 64
0.3 11746 75
0.3 11747 86
0.3 11748 97
0.3 11749 86
0.3 11750 91
0.3 11751 91
0.3 11752 102
0.3 11753 102
0.3 11754 102
0.3 11755 108
0.3 11756 108
0.3 11757 118
0.3 11758 129
0.3 11759 135
0.3 11760 135
0.3 11761 129
0.3 11762 129
0.3 11763 118
0.3 11764 0
0.3 11765 0
0.3 11766 0
0.3 11767 0
0.3 11768 5
0.3 11769 5
0.3 11770 5
0.3 11771 16
0.3 11772 27
0.3 11773 21
0.3 11774 21
0.3 11775 21
0.3 11776 5
0.3 11777 5
0.3 11778 0
0.3 11779 10
0.3 11780 10
0.3 11781 10
0.3 11782 10
0.3 11783 0
0.3 11784 0
0.3 11785 0
0.3 11786 5
0.3 11787 10
0.3 11788 21
0.3 11789 27
0.3 11790 43
0.3 11791 59
0.3 11792 0
0.3 11793 0
0.3 11794 0
0.3 11795 0
0.3 11796 0
0.3 11797 0
0.3 11798 5
0.3 11799 5
0.3 11800 16
0.3 11801 5
0.3 11802 0
0.3 11803 0
0.3 11804 0
0.3 11805 0
0.3 11806 10
0.3 11807 0
0.3 11808 0
0.3 11809 0
0.3 11810 0
0.3 11811 10
0.3 11812 21
0.3 11813 27
0.3 11814 43
0.3 11815 48
0.3 11816 37
0.3 11817 21
0.3 11818 16
0.3 11819 10
0.3 11820 16
0.3 11821 5
0.3 11822 5
0.3 11823 5
0.3 11824 5
0.3 11825 0
0.3 11826 0
0.3 11827 0
0.3 11828 5
0.3 11829 10
0.3 11830 5
0.3 11831 5
0.3 11832 0
0.3 11833 5
0.3 11834 5
0.3 11835 0
0.3 11836 0
0.3 11837 0
0.3 11838 10
0.3 11839 5
0.3 11840 0
0.3 11841 0
0.3 11842 0
0.3 11843 0
0.3 11844 0
0.3 11845 0
0.3 11846 0
0.3 11847 0
0.3 11848 0
0.3 11849 0
0.3 11850 0
0.3 11851 0
0.3 11852 0
0.3 11853 5
0.3 11854 16
0.3 11855 16
0.3 11856 5
0.3 11857 5
0.3 11858 21
0.3 11859 21
0.3 11860 21
0.3 11861 21
0.3 11862 27
0.3 11863 21
0.3 11864 5
0.3 11865 5
0.3 11866 10
0.3 11867 0
0.3 11868 0
0.3 11869 0
0.3 11870 0
0.3 11871 0
0.3 11872 0
0.3 11873 0
0.3 11874 5
0.3 11875 5
0.3 11876 16
0.3 11877 16
0.3 11878 16
0.3 11879 16
0.3 11880 16
0.3 11881 21
0.3 11882 32
0.3 11883 48
0.3 11884 59
0.3 11885 0
0.3 11886 10
0.3 11887 16
0.3 11888 10
0.3 11889 27
0.3 11890 27
0.3 11891 27
0.3 11892 48
0.3 11893 64
0.3 11894 43
0.3 11895 43
0.3 11896 48
0.3 11897 48
0.3 11898 59
0.3 11899 59
0.3 11900 27
0.3 11901 0
0.3 11902 0
0.3 11903 0
0.3 11904 5
0.3 11905 0
0.3 11906 0
0.3 11907 0
0.3 11908 0
0.3 11909 0
0.3 11910 5
0.3 11911 0
0.3 11912 0
0.3 11913 5
0.3 11914 5
0.3 11915 10
0.3 11916 21
0.3 11917 21
0.3 11918 27
0.3 11919 27
0.3 11920 37
0.3 11921 32
0.3 11922 43
0.3 11923 48
0.3 11924 59
0.3 11925 70
0.3 11926 75
0.3 11927 91
0.3 11928 59
0.3 11929 37
0.3 11930 43
0.3 11931 43
0.3 11932 54
0.3 11933 59
0.3 11934 75
0.3 11935 81
0.3 11936 70
0.3 11937 70
0.3 11938 75
0.3 11939 75
0.3 11940 86
0.3 11941 86
0.3 11942 86
0.3 11943 97
0.3 11944 108
0.3 11945 113
0.3 11946 118
0.3 11947 102
0.3 11948 108
0.3 11949 113
0.3 11950 81
0.3 11951 0
0.3 11952 0
0.3 11953 0
0.3 11954 0
0.3 11955 5
0.3 11956 5
0.3 11957 10
0.3 11958 10
0.3 11959 10
0.3 11960 16
0.3 11961 16
0.3 11962 16
0.3 11963 27
0.3 11964 27
0.3 11965 32
0.3 11966 48
0.3 11967 48
0.3 11968 27
0.3 11969 37
0.3 11970 43
0.3 11971 43
0.3 11972 43
0.3 11973 54
0.3 11974 64
0.3 11975 75
0.3 11976 81
0.3 11977 86
0.3 11978 54
0.3 11979 43
0.3 11980 54
0.3 11981 64
0.3 11982 64
0.3 11983 64
0.3 11984 70
0.3 11985 81
0.3 11986 91
0.3 11987 86
0.3 11988 86
0.3 11989 70
0.3 11990 0
0.3 11991 0
0.3 11992 5
0.3 11993 0
0.3 11994 5
0.3 11995 0
0.3 11996 0
0.3 11997 5
0.3 11998 0
0.3 11999 0
0.3 12000 5
0.3 12001 0
0.3 12002 0
0.3 12003 0
0.3 12004 0
0.3 12005 0
0.3 12006 0
0.3 12007 10
0.3 12008 16
0.3 12009 16
0.3 12010 5
0.3 12011 10
0.3 12012 10
0.3 12013 0
0.3 12014 5
0.3 12015 0
0.3 12016 5
0.3 12017 0
0.3 12018 0
0.3 12019 0
0.3 12020 0
0.3 12021 0
0.3 12022 0
0.3 12023 0
0.3 12024 0
0.3 12025 0
0.3 12026 0
0.3 12027 0
0.3 12028 5
0.3 12029 5
0.3 12030 0
0.3 12031 5
0.3 12032 5
0.3 12033 5
0.3 12034 0
0.3 12035 16
0.3 12036 16
0.3 12037 0
0.3 12038 0
0.3 12039 0
0.3 12040 10
0.3 12041 16
0.3 12042 16
0.3 12043 16
0.3 12044 16
0.3 12045 16
0.3 12046 21
0.3 12047 27
0.3 12048 37
0.3 12049 37
0.3 12050 48
0.3 12051 54
0.3 12052 64
0.3 12053 0
0.3 12054 0
0.3 12055 0
0.3 12056 5
0.3 12057 0
0.3 12058 0
0.3 12059 0
0.3 12060 5
0.3 12061 10
0.3 12062 0
0.3 12063 0
0.3 12064 0
0.3 12065 0
0.3 12066 5
0.3 12067 0
0.3 12068 0
0.3 12069 5
0.3 12070 5
0.3 12071 10
0.3 12072 10
0.3 12073 10
0.3 12074 10
0.3 12075 21
0.3 12076 21
0.3 12077 32
0.3 12078 48
0.3 12079 64
0.3 12080 70
0.3 12081 54
0.3 12082 54
0.3 12083 27
0.3 12084 5
0.3 12085 0
0.3 12086 0
0.3 12087 0
0.3 12088 0
0.3 12089 0
0.3 12090 0
0.3 12091 0
0.3 12092 0
0.3 12093 0
0.3 12094 0
0.3 12095 0
0.3 12096 0
0.3 12097 0
0.3 12098 10
0.3 12099 10
0.3 12100 16
0.3 12101 5
0.3 12102 5
0.3 12103 5
0.3 12104 10
0.3 12105 0
0.3 12106 5
0.3 12107 5
0.3 12108 10
0.3 12109 16
0.3 12110 16
0.3 12111 16
0.3 12112 32
0.3 12113 32
0.3 12114 32
0.3 12115 37
0.3 12116 37
0.3 12117 43
0.3 12118 48
0.3 12119 37
0.3 12120 0
0.3 12121 5
0.3 12122 0
0.3 12123 0
0.3 12124 10
0.3 12125 10
0.3 12126 5
0.3 12127 0
0.3 12128 0
0.3 12129 5
0.3 12130 10
0.3 12131 16
0.3 12132 16
0.3 12133 27
0.3 12134 27
0.3 12135 27
0.3 12136 37
0.3 12137 37
0.3 12138 48
0.3 12139 48
0.3 12140 59
0.3 12141 59
0.3 12142 70
0.3 12143 70
0.3 12144 86
0.3 12145 91
0.3 12146 91
0.3 12147 97
0.3 12148 113
0.3 12149 118
0.3 12150 135
0.3 12151 135
0.3 12152 129
0.3 12153 129
0.3 12154 135
0.3 12155 135
0.3 12156 135
0.3 12157 135
0.3 12158 135
0.3 12159 70
0.3 12160 16
0.3 12161 0
0.3 12162 0
0.3 12163 5
0.3 12164 5
0.3 12165 10
0.3 12166 16
0.3 12167 16
0.3 12168 5
0.3 12169 5
0.3 12170 5
0.3 12171 5
0.3 12172 5
0.3 12173 5
0.3 12174 5
0.3 12175 16
0.3 12176 27
0.3 12177 27
0.3 12178 37
0.3 12179 37
0.3 12180 48
0.3 12181 54
0.3 12182 0
0.3 12183 5
0.3 12184 5
0.3 12185 10
0.3 12186 21
0.3 12187 21
0.3 12188 21
0.3 12189 21
0.3 12190 21
0.3 12191 27
0.3 12192 32
0.3 12193 43
0.3 12194 43
0.3 12195 43
0.3 12196 59
0.3 12197 70
0.3 12198 70
0.3 12199 81
0.3 12200 48
0.3 12201 10
0.3 12202 0
0.3 12203 0
0.3 12204 0
0.3 12205 5
0.3 12206 0
0.3 12207 0
0.3 12208 0
0.3 12209 0
0.3 12210 0
0.3 12211 0
0.3 12212 10
0.3 12213 5
0.3 12214 5
0.3 12215 0
0.3 12216 5
0.3 12217 0
0.3 12218 0
0.3 12219 0
0.3 12220 0
0.3 12221 5
0.3 12222 10
0.3 12223 10
0.3 12224 16
0.3 12225 21
0.3 12226 27
0.3 12227 37
0.3 12228 37
0.3 12229 21
0.3 12230 0
0.3 12231 0
0.3 12232 10
0.3 12233 27
0.3 12234 27
0.3 12235 21
0.3 12236 27
0.3 12237 16
0.3 12238 21
0.3 12239 21
0.3 12240 21
0.3 12241 27
0.3 12242 32
0.3 12243 32
0.3 12244 37
0.3 12245 48
0.3 12246 21
0.3 12247 0
0.3 12248 0
0.3 12249 10
0.3 12250 5
0.3 12251 0
0.3 12252 0
0.3 12253 0
0.3 12254 5
0.3 12255 5
0.3 12256 10
0.3 12257 21
0.3 12258 27
0.3 12259 43
0.3 12260 0
0.3 12261 10
0.3 12262 5
0.3 12263 21
0.3 12264 21
0.3 12265 16
0.3 12266 27
0.3 12267 27
0.3 12268 32
0.3 12269 37
0.3 12270 43
0.3 12271 0
0.3 12272 0
0.3 12273 5
0.3 12274 10
0.3 12275 5
0.3 12276 0
0.3 12277 0
0.3 12278 0
0.3 12279 5
0.3 12280 5
0.3 12281 5
0.3 12282 0
0.3 12283 10
0.3 12284 10
0.3 12285 16
0.3 12286 21
0.3 12287 21
0.3 12288 21
0.3 12289 21
0.3 12290 32
0.3 12291 0
0.3 12292 0
0.3 12293 0
0.3 12294 0
0.3 12295 10
0.3 12296 16
0.3 12297 0
0.3 12298 5
0.3 12299 0
0.3 12300 0
0.3 12301 0
0.3 12302 5
0.3 12303 5
0.3 12304 0
0.3 12305 0
0.3 12306 0
0.3 12307 5
0.3 12308 5
0.3 12309 16
0.3 12310 16
0.3 12311 27
0.3 12312 16
0.3 12313 0
0.3 12314 0
0.3 12315 5
0.3 12316 10
0.3 12317 21
0.3 12318 21
0.3 12319 21
0.3 12320 27
0.3 12321 5
0.3 12322 0
0.3 12323 0
0.3 12324 0
0.3 12325 5
0.3 12326 5
0.3 12327 16
0.3 12328 0
0.3 12329 0
0.3 12330 0
0.3 12331 5
0.3 12332 10
0.3 12333 0
0.3 12334 0
0.3 12335 0
0.3 12336 5
0.3 12337 10
0.3 12338 16
0.3 12339 27
0.3 12340 27
0.3 12341 37
0.3 12342 37
0.3 12343 43
0.3 12344 54
0.3 12345 48
0.3 12346 54
0.3 12347 54
0.3 12348 10
0.3 12349 0
0.3 12350 0
0.3 12351 5
0.3 12352 0
0.3 12353 0
0.3 12354 10
0.3 12355 16
0.3 12356 10
0.3 12357 10
0.3 12358 21
0.3 12359 21
0.3 12360 0
0.3 12361 5
0.3 12362 0
0.3 12363 0
0.3 12364 5
0.3 12365 10
0.3 12366 10
0.3 12367 5
0.3 12368 5
0.3 12369 10
0.3 12370 10
0.3 12371 16
0.3 12372 27
0.3 12373 32
0.3 12374 5
0.3 12375 5
0.3 12376 10
0.3 12377 21
0.3 12378 21
0.3 12379 37
0.3 12380 37
0.3 12381 37
0.3 12382 37
0.3 12383 43
0.3 12384 48
0.3 12385 54
0.3 12386 70
0.3 12387 70
0.3 12388 86
0.3 12389 97
0.3 12390 113
0.3 12391 21
0.3 12392 0
0.3 12393 0
0.3 12394 0
0.3 12395 0
0.3 12396 0
0.3 12397 0
0.3 12398 0
0.3 12399 0
0.3 12400 0
0.3 12401 10
0.3 12402 5
0.3 12403 10
0.3 12404 10
0.3 12405 21
0.3 12406 16
0.3 12407 0
0.3 12408 0
0.3 12409 0
0.3 12410 0
0.3 12411 10
0.3 12412 0
0.3 12413 0
0.3 12414 0
0.3 12415 0
0.3 12416 0
0.3 12417 0
0.3 12418 0
0.3 12419 0
0.3 12420 0
0.3 12421 0
0.3 12422 0
0.3 12423 0
0.3 12424 0
0.3 12425 0
0.3 12426 10
0.3 12427 10
0.3 12428 10
0.3 12429 10
0.3 12430 0
0.3 12431 5
0.3 12432 5
0.3 12433 10
0.3 12434 10
0.3 12435 10
0.3 12436 10
0.3 12437 16
0.3 12438 27
0.3 12439 27
0.3 12440 27
0.3 12441 32
0.3 12442 10
0.3 12443 0
0.3 12444 0
0.3 12445 0
0.3 12446 5
0.3 12447 0
0.3 12448 0
0.3 12449 0
0.3 12450 0
0.3 12451 0
0.3 12452 16
0.3 12453 0
0.3 12454 0
0.3 12455 0
0.3 12456 5
0.3 12457 10
0.3 12458 16
0.3 12459 5
0.3 12460 10
0.3 12461 0
0.3 12462 0
0.3 12463 5
0.3 12464 0
0.3 12465 0
0.3 12466 0
0.3 12467 5
0.3 12468 10
0.3 12469 16
0.3 12470 27
0.3 12471 32
0.3 12472 32
0.3 12473 43
0.3 12474 10
0.3 12475 5
0.3 12476 0
0.3 12477 5
0.3 12478 10
0.3 12479 16
0.3 12480 32
0.3 12481 37
0.3 12482 16
0.3 12483 27
0.3 12484 27
0.3 12485 27
0.3 12486 32
0.3 12487 48
0.3 12488 48
0.3 12489 48
0.3 12490 64
0.3 12491 27
0.3 12492 0
0.3 12493 0
0.3 12494 5
0.3 12495 5
0.3 12496 5
0.3 12497 16
0.3 12498 27
0.3 12499 10
0.3 12500 10
0.3 12501 16
0.3 12502 27
0.3 12503 27
0.3 12504 27
0.3 12505 27
0.3 12506 32
0.3 12507 32
0.3 12508 27
0.3 12509 10
0.3 12510 10
0.3 12511 16
0.3 12512 27
0.3 12513 21
0.3 12514 21
0.3 12515 27
0.3 12516 27
0.3 12517 32
0.3 12518 37
0.3 12519 37
0.3 12520 43
0.3 12521 48
0.3 12522 48
0.3 12523 64
0.3 12524 54
0.3 12525 16
0.3 12526 0
0.3 12527 5
0.3 12528 5
0.3 12529 5
0.3 12530 5
0.3 12531 10
0.3 12532 27
0.3 12533 32
0.3 12534 32
0.3 12535 37
0.3 12536 43
0.3 12537 54
0.3 12538 54
0.3 12539 59
0.3 12540 64
0.3 12541 64
0.3 12542 75
0.3 12543 75
0.3 12544 86
0.3 12545 91
0.3 12546 91
0.3 12547 97
0.3 12548 97
0.3 12549 97
0.3 12550 108
0.3 12551 113
0.3 12552 124
0.3 12553 124
0.3 12554 124
0.3 12555 135
0.3 12556 124
0.3 12557 124
0.3 12558 135
0.3 12559 135
0.3 12560 129
0.3 12561 135
0.3 12562 135
0.3 12563 135
0.3 12564 129
0.3 12565 135
0.3 12566 124
0.3 12567 135
0.3 12568 124
0.3 12569 135
0.3 12570 135
0.3 12571 118
0.3 12572 124
0.3 12573 129
0.3 12574 124
0.3 12575 135
0.3 12576 135
0.3 12577 135
0.3 12578 129
0.3 12579 10
0.3 12580 10
0.3 12581 10
0.3 12582 0
0.3 12583 5
0.3 12584 5
0.3 12585 10
0.3 12586 16
0.3 12587 21
0.3 12588 10
0.3 12589 10
0.3 12590 16
0.3 12591 21
0.3 12592 27
0.3 12593 27
0.3 12594 27
0.3 12595 32
0.3 12596 0
0.3 12597 5
0.3 12598 0
0.3 12599 0
0.3 12600 5
0.3 12601 10
0.3 12602 16
0.3 12603 5
0.3 12604 10
0.3 12605 10
0.3 12606 10
0.3 12607 10
0.3 12608 10
0.3 12609 21
0.3 12610 32
0.3 12611 37
0.3 12612 37
0.3 12613 43
0.3 12614 48
0.3 12615 48
0.3 12616 59
0.3 12617 59
0.3 12618 70
0.3 12619 5
0.3 12620 0
0.3 12621 0
0.3 12622 0
0.3 12623 0
0.3 12624 5
0.3 12625 5
0.3 12626 5
0.3 12627 10
0.3 12628 16
0.3 12629 21
0.3 12630 27
0.3 12631 27
0.3 12632 43
0.3 12633 43
0.3 12634 27
0.3 12635 0
0.3 12636 5
0.3 12637 10
0.3 12638 0
0.3 12639 0
0.3 12640 5
0.3 12641 0
0.3 12642 0
0.3 12643 0
0.3 12644 0
0.3 12645 0
0.3 12646 0
0.3 12647 0
0.3 12648 0
0.3 12649 0
0.3 12650 0
0.3 12651 5
0.3 12652 5
0.3 12653 10
0.3 12654 10
0.3 12655 16
0.3 12656 27
0.3 12657 32
0.3 12658 32
0.3 12659 37
0.3 12660 21
0.3 12661 27
0.3 12662 27
0.3 12663 27
0.3 12664 32
0.3 12665 32
0.3 12666 43
0.3 12667 48
0.3 12668 59
0.3 12669 59
0.3 12670 70
0.3 12671 70
0.3 12672 86
0.3 12673 97
0.3 12674 102
0.3 12675 113
0.3 12676 118
0.3 12677 118
0.3 12678 118
0.3 12679 124
0.3 12680 97
0.3 12681 70
0.3 12682 70
0.3 12683 81
0.3 12684 81
0.3 12685 64
0.3 12686 21
0.3 12687 10
0.3 12688 0
0.3 12689 0
0.3 12690 0
0.3 12691 0
0.3 12692 0
0.3 12693 0
0.3 12694 0
0.3 12695 5
0.3 12696 16
0.3 12697 21
0.3 12698 0
0.3 12699 5
0.3 12700 21
0.3 12701 27
0.3 12702 32
0.3 12703 37
0.3 12704 37
0.3 12705 37
0.3 12706 37
0.3 12707 37
0.3 12708 37
0.3 12709 37
0.3 12710 43
0.3 12711 43
0.3 12712 43
0.3 12713 43
0.3 12714 21
0.3 12715 5
0.3 12716 0
0.3 12717 10
0.3 12718 0
0.3 12719 10
0.3 12720 10
0.3 12721 5
0.3 12722 5
0.3 12723 0
0.3 12724 5
0.3 12725 0
0.3 12726 5
0.3 12727 16
0.3 12728 0
0.3 12729 0
0.3 12730 0
0.3 12731 0
0.3 12732 0
0.3 12733 0
0.3 12734 0
0.3 12735 0
0.3 12736 0
0.3 12737 0
0.3 12738 5
0.3 12739 5
0.3 12740 5
0.3 12741 5
0.3 12742 0
0.3 12743 0
0.3 12744 0
0.3 12745 0
0.3 12746 0
0.3 12747 21
0.3 12748 21
0.3 12749 32
0.3 12750 43
0.3 12751 10
0.3 12752 10
0.3 12753 0
0.3 12754 0
0.3 12755 0
0.3 12756 0
0.3 12757 5
0.3 12758 10
0.3 12759 21
0.3 12760 0
0.3 12761 0
0.3 12762 10
0.3 12763 16
0.3 12764 16
0.3 12765 21
0.3 12766 21
0.3 12767 32
0.3 12768 37
0.3 12769 37
0.3 12770 37
0.3 12771 37
0.3 12772 16
0.3 12773 5
0.3 12774 0
0.3 12775 0
0.3 12776 0
0.3 12777 0
0.3 12778 0
0.3 12779 0
0.3 12780 0
0.3 12781 0
0.3 12782 5
0.3 12783 0
0.3 12784 5
0.3 12785 10
0.3 12786 10
0.3 12787 10
0.3 12788 0
0.3 12789 5
0.3 12790 0
0.3 12791 0
0.3 12792 0
0.3 12793 0
0.3 12794 5
0.3 12795 0
0.3 12796 5
0.3 12797 5
0.3 12798 0
0.3 12799 0
0.3 12800 5
0.3 12801 5
0.3 12802 16
0.3 12803 16
0.3 12804 16
0.3 12805 21
0.3 12806 10
0.3 12807 16
0.3 12808 5
0.3 12809 5
0.3 12810 10
0.3 12811 10
0.3 12812 5
0.3 12813 0
0.3 12814 0
0.3 12815 0
0.3 12816 5
0.3 12817 10
0.3 12818 0
0.3 12819 5
0.3 12820 10
0.3 12821 21
0.3 12822 0
0.3 12823 10
0.3 12824 5
0.3 12825 5
0.3 12826 5
0.3 12827 5
0.3 12828 10
0.3 12829 16
0.3 12830 16
0.3 12831 21
0.3 12832 37
0.3 12833 21
0.3 12834 0
0.3 12835 0
0.3 12836 0
0.3 12837 16
0.3 12838 10
0.3 12839 10
0.3 12840 21
0.3 12841 27
0.3 12842 0
0.3 12843 10
0.3 12844 5
0.3 12845 5
0.3 12846 5
0.3 12847 10
0.3 12848 0
0.3 12849 0
0.3 12850 0
0.3 12851 0
0.3 12852 0
0.3 12853 0
0.3 12854 10
0.3 12855 16
0.3 12856 27
0.3 12857 10
0.3 12858 10
0.3 12859 0
0.3 12860 0
0.3 12861 5
0.3 12862 5
0.3 12863 10
0.3 12864 10
0.3 12865 16
0.3 12866 16
0.3 12867 32
0.3 12868 32
0.3 12869 10
0.3 12870 0
0.3 12871 0
0.3 12872 5
0.3 12873 5
0.3 12874 16
0.3 12875 21
0.3 12876 21
0.3 12877 10
0.3 12878 0
0.3 12879 5
0.3 12880 0
0.3 12881 0
0.3 12882 0
0.3 12883 0
0.3 12884 0
0.3 12885 5
0.3 12886 5
0.3 12887 5
0.3 12888 5
0.3 12889 5
0.3 12890 16
0.3 12891 0
0.3 12892 0
0.3 12893 5
0.3 12894 10
0.3 12895 16
0.3 12896 21
0.3 12897 21
0.3 12898 27
0.3 12899 16
0.3 12900 16
0.3 12901 16
0.3 12902 21
0.3 12903 27
0.3 12904 37
0.3 12905 48
0.3 12906 59
0.3 12907 32
0.3 12908 27
0.3 12909 27
0.3 12910 27
0.3 12911 32
0.3 12912 32
0.3 12913 32
0.3 12914 43
0.3 12915 43
0.3 12916 48
0.3 12917 59
0.3 12918 64
0.3 12919 64
0.3 12920 75
0.3 12921 81
0.3 12922 81
0.3 12923 91
0.3 12924 97
0.3 12925 108
0.3 12926 113
0.3 12927 118
0.3 12928 124
0.3 12929 108
0.3 12930 113
0.3 12931 108
0.3 12932 113
0.3 12933 118
0.3 12934 124
0.3 12935 135
0.3 12936 135
0.3 12937 124
0.3 12938 129
0.3 12939 135
0.3 12940 135
0.3 12941 135
0.3 12942 135
0.3 12943 124
0.3 12944 135
0.3 12945 135
0.3 12946 135
0.3 12947 135
0.3 12948 124
0.3 12949 129
0.3 12950 129
0.3 12951 135
0.3 12952 129
0.3 12953 129
0.3 12954 129
0.3 12955 135
0.3 12956 124
0.3 12957 129
0.3 12958 135
0.3 12959 124
0.3 12960 113
0.3 12961 113
0.3 12962 118
0.3 12963 135
0.3 12964 135
0.3 12965 135
0.3 12966 135
0.3 12967 129
0.3 12968 135
0.3 12969 43
0.3 12970 0
0.3 12971 0
0.3 12972 0
0.3 12973 0
0.3 12974 0
0.3 12975 0
0.3 12976 0
0.3 12977 0
0.3 12978 0
0.3 12979 0
0.3 12980 0
0.3 12981 0
0.3 12982 0
0.3 12983 10
0.3 12984 21
0.3 12985 21
0.3 12986 32
0.3 12987 37
0.3 12988 16
0.3 12989 16
0.3 12990 21
0.3 12991 21
0.3 12992 27
0.3 12993 32
0.3 12994 32
0.3 12995 37
0.3 12996 43
0.3 12997 59
0.3 12998 59
0.3 12999 10
0.3 13000 5
0.3 13001 5
0.3 13002 0
0.3 13003 0
0.3 13004 0
0.3 13005 0
0.3 13006 0
0.3 13007 0
0.3 13008 0
0.3 13009 0
0.3 13010 0
0.3 13011 0
0.3 13012 0
0.3 13013 0
0.3 13014 5
0.3 13015 21
0.3 13016 21
0.3 13017 16
0.3 13018 10
0.3 13019 10
0.3 13020 10
0.3 13021 16
0.3 13022 16
0.3 13023 10
0.3 13024 10
0.3 13025 0
0.3 13026 0
0.3 13027 0
0.3 13028 5
0.3 13029 0
0.3 13030 0
0.3 13031 5
0.3 13032 0
0.3 13033 0
0.3 13034 5
0.3 13035 16
0.3 13036 10
0.3 13037 0
0.3 13038 16
0.3 13039 27
0.3 13040 21
0.3 13041 21
0.3 13042 21
0.3 13043 21
0.3 13044 21
0.3 13045 5
0.3 13046 10
0.3 13047 0
0.3 13048 0
0.3 13049 5
0.3 13050 16
0.3 13051 16
0.3 13052 32
0.3 13053 32
0.3 13054 27
0.3 13055 32
0.3 13056 27
0.3 13057 21
0.3 13058 21
0.3 13059 16
0.3 13060 16
0.3 13061 16
0.3 13062 27
0.3 13063 32
0.3 13064 16
0.3 13065 5
0.3 13066 0
0.3 13067 0
0.3 13068 0
0.3 13069 0
0.3 13070 5
0.3 13071 0
0.3 13072 0
0.3 13073 0
0.3 13074 5
0.3 13075 5
0.3 13076 5
0.3 13077 0
0.3 13078 0
0.3 13079 0
0.3 13080 5
0.3 13081 16
0.3 13082 16
0.3 13083 16
0.3 13084 16
0.3 13085 27
0.3 13086 32
0.3 13087 37
0.3 13088 37
0.3 13089 27
0.3 13090 27
0.3 13091 27
0.3 13092 32
0.3 13093 32
0.3 13094 32
0.3 13095 43
0.3 13096 54
0.3 13097 64
0.3 13098 75
0.3 13099 75
0.3 13100 75
0.3 13101 86
0.3 13102 86
0.3 13103 91
0.3 13104 91
0.3 13105 97
0.3 13106 108
0.3 13107 108
0.3 13108 97
0.3 13109 16
0.3 13110 16
0.3 13111 16
0.3 13112 21
0.3 13113 5
0.3 13114 10
0.3 13115 16
0.3 13116 32
0.3 13117 32
0.3 13118 16
0.3 13119 10
0.3 13120 10
0.3 13121 10
0.3 13122 16
0.3 13123 16
0.3 13124 27
0.3 13125 27
0.3 13126 32
0.3 13127 21
0.3 13128 27
0.3 13129 27
0.3 13130 27
0.3 13131 27
0.3 13132 37
0.3 13133 37
0.3 13134 37
0.3 13135 43
0.3 13136 54
0.3 13137 59
0.3 13138 64
0.3 13139 64
0.3 13140 81
0.3 13141 81
0.3 13142 97
0.3 13143 102
0.3 13144 102
0.3 13145 108
0.3 13146 113
0.3 13147 113
0.3 13148 21
0.3 13149 10
0.3 13150 21
0.3 13151 21
0.3 13152 32
0.3 13153 27
0.3 13154 27
0.3 13155 27
0.3 13156 27
0.3 13157 21
0.3 13158 27
0.3 13159 27
0.3 13160 27
0.3 13161 37
0.3 13162 37
0.3 13163 37
0.3 13164 59
0.3 13165 64
0.3 13166 75
0.3 13167 75
0.3 13168 75
0.3 13169 81
0.3 13170 81
0.3 13171 81
0.3 13172 91
0.3 13173 102
0.3 13174 113
0.3 13175 113
0.3 13176 124
0.3 13177 124
0.3 13178 129
0.3 13179 135
0.3 13180 135
0.3 13181 135
0.3 13182 135
0.3 13183 135
0.3 13184 129
0.3 13185 135
0.3 13186 124
0.3 13187 32
0.3 13188 0
0.3 13189 0
0.3 13190 0
0.3 13191 0
0.3 13192 0
0.3 13193 5
0.3 13194 5
0.3 13195 5
0.3 13196 5
0.3 13197 5
0.3 13198 5
0.3 13199 10
0.3 13200 10
0.3 13201 0
0.3 13202 0
0.3 13203 5
0.3 13204 5
0.3 13205 0
0.3 13206 5
0.3 13207 0
0.3 13208 0
0.3 13209 0
0.3 13210 0
0.3 13211 16
0.3 13212 0
0.3 13213 0
0.3 13214 0
0.3 13215 0
0.3 13216 10
0.3 13217 16
0.3 13218 16
0.3 13219 27
0.3 13220 0
0.3 13221 0
0.3 13222 5
0.3 13223 0
0.3 13224 0
0.3 13225 0
0.3 13226 0
0.3 13227 0
0.3 13228 0
0.3 13229 0
0.3 13230 5
0.3 13231 0
0.3 13232 5
0.3 13233 10
0.3 13234 16
0.3 13235 5
0.3 13236 0
0.3 13237 5
0.3 13238 5
0.3 13239 5
0.3 13240 21
0.3 13241 21
0.3 13242 27
0.3 13243 32
0.3 13244 21
0.3 13245 27
0.3 13246 27
0.3 13247 27
0.3 13248 37
0.3 13249 37
0.3 13250 27
0.3 13251 0
0.3 13252 0
0.3 13253 0
0.3 13254 0
0.3 13255 0
0.3 13256 0
0.3 13257 0
0.3 13258 0
0.3 13259 0
0.3 13260 0
0.3 13261 0
0.3 13262 0
0.3 13263 0
0.3 13264 5
0.3 13265 0
0.3 13266 0
0.3 13267 5
0.3 13268 16
0.3 13269 21
0.3 13270 27
0.3 13271 32
0.3 13272 48
0.3 13273 37
0.3 13274 43
0.3 13275 21
0.3 13276 27
0.3 13277 32
0.3 13278 32
0.3 13279 43
0.3 13280 54
0.3 13281 54
0.3 13282 54
0.3 13283 59
0.3 13284 64
0.3 13285 64
0.3 13286 64
0.3 13287 70
0.3 13288 5
0.3 13289 16
0.3 13290 21
0.3 13291 21
0.3 13292 16
0.3 13293 5
0.3 13294 10
0.3 13295 16
0.3 13296 16
0.3 13297 16
0.3 13298 0
0.3 13299 0
0.3 13300 5
0.3 13301 5
0.3 13302 10
0.3 13303 21
0.3 13304 32
0.3 13305 0
0.3 13306 0
0.3 13307 0
0.3 13308 0
0.3 13309 5
0.3 13310 0
0.3 13311 0
0.3 13312 0
0.3 13313 5
0.3 13314 0
0.3 13315 0
0.3 13316 0
0.3 13317 0
0.3 13318 0
0.3 13319 10
0.3 13320 16
0.3 13321 10
0.3 13322 5
0.3 13323 0
0.3 13324 0
0.3 13325 0
0.3 13326 0
0.3 13327 10
0.3 13328 5
0.3 13329 0
0.3 13330 0
0.3 13331 5
0.3 13332 0
0.3 13333 10
0.3 13334 5
0.3 13335 0
0.3 13336 5
0.3 13337 10
0.3 13338 0
0.3 13339 10
0.3 13340 21
0.3 13341 21
0.3 13342 21
0.3 13343 0
0.3 13344 0
0.3 13345 0
0.3 13346 0
0.3 13347 0
0.3 13348 0
0.3 13349 0
0.3 13350 0
0.3 13351 5
0.3 13352 10
0.3 13353 5
0.3 13354 10
0.3 13355 16
0.3 13356 27
0.3 13357 16
0.3 13358 16
0.3 13359 10
0.3 13360 27
0.3 13361 10
0.3 13362 10
0.3 13363 16
0.3 13364 21
0.3 13365 27
0.3 13366 37
0.3 13367 37
0.3 13368 37
0.3 13369 43
0.3 13370 48
0.3 13371 59
0.3 13372 75
0.3 13373 86
0.3 13374 86
0.3 13375 86
0.3 13376 91
0.3 13377 97
0.3 13378 0
0.3 13379 10
0.3 13380 21
0.3 13381 27
0.3 13382 27
0.3 13383 32
0.3 13384 10
0.3 13385 5
0.3 13386 0
0.3 13387 0
0.3 13388 0
0.3 13389 0
0.3 13390 0
0.3 13391 0
0.3 13392 5
0.3 13393 5
0.3 13394 10
0.3 13395 10
0.3 13396 10
0.3 13397 16
0.3 13398 5
0.3 13399 5
0.3 13400 0
0.3 13401 0
0.3 13402 10
0.3 13403 21
0.3 13404 10
0.3 13405 0
0.3 13406 10
0.3 13407 5
0.3 13408 0
0.3 13409 5
0.3 13410 0
0.3 13411 0
0.3 13412 0
0.3 13413 0
0.3 13414 0
0.3 13415 5
0.3 13416 16
0.3 13417 10
0.3 13418 5
0.3 13419 5
0.3 13420 5
0.3 13421 0
0.3 13422 16
0.3 13423 10
0.3 13424 16
0.3 13425 16
0.3 13426 16
0.3 13427 16
0.3 13428 16
0.3 13429 21
0.3 13430 27
0.3 13431 32
0.3 13432 43
0.3 13433 54
0.3 13434 54
0.3 13435 64
0.3 13436 64
0.3 13437 70
0.3 13438 81
0.3 13439 54
0.3 13440 43
0.3 13441 48
0.3 13442 48
0.3 13443 59
0.3 13444 64
0.3 13445 59
0.3 13446 64
0.3 13447 43
0.3 13448 43
0.3 13449 48
0.3 13450 64
0.3 13451 75
0.3 13452 86
0.3 13453 91
0.3 13454 86
0.3 13455 70
0.3 13456 70
0.3 13457 81
0.3 13458 43
0.3 13459 5
0.3 13460 0
0.3 13461 0
0.3 13462 0
0.3 13463 0
0.3 13464 5
0.3 13465 5
0.3 13466 0
0.3 13467 0
0.3 13468 5
0.3 13469 0
0.3 13470 0
0.3 13471 0
0.3 13472 10
0.3 13473 16
0.3 13474 0
0.3 13475 0
0.3 13476 16
0.3 13477 16
0.3 13478 21
0.3 13479 21
0.3 13480 21
0.3 13481 32
0.3 13482 32
0.3 13483 32
0.3 13484 37
0.3 13485 54
0.3 13486 54
0.3 13487 59
0.3 13488 64
0.3 13489 64
0.3 13490 64
0.3 13491 81
0.3 13492 81
0.3 13493 81
0.3 13494 86
0.3 13495 91
0.3 13496 91
0.3 13497 91
0.3 13498 97
0.3 13499 97
0.3 13500 97
0.3 13501 108
0.3 13502 43
0.3 13503 16
0.3 13504 10
0.3 13505 0
0.3 13506 0
0.3 13507 16
0.3 13508 10
0.3 13509 10
0.3 13510 5
0.3 13511 5
0.3 13512 16
0.3 13513 27
0.3 13514 21
0.3 13515 16
0.3 13516 5
0.3 13517 0
0.3 13518 0
0.3 13519 0
0.3 13520 0
0.3 13521 0
0.3 13522 0
0.3 13523 5
0.3 13524 5
0.3 13525 10
0.3 13526 0
0.3 13527 0
0.3 13528 0
0.3 13529 0
0.3 13530 10
0.3 13531 10
0.3 13532 10
0.3 13533 0
0.3 13534 0
0.3 13535 5
0.3 13536 0
0.3 13537 5
0.3 13538 5
0.3 13539 0
0.3 13540 0
0.3 13541 0
0.3 13542 5
0.3 13543 0
0.3 13544 0
0.3 13545 10
0.3 13546 21
0.3 13547 5
0.3 13548 5
0.3 13549 5
0.3 13550 16
0.3 13551 21
0.3 13552 32
0.3 13553 10
0.3 13554 0
0.3 13555 0
0.3 13556 0
0.3 13557 0
0.3 13558 0
0.3 13559 0
0.3 13560 0
0.3 13561 10
0.3 13562 10
0.3 13563 16
0.3 13564 21
0.3 13565 21
0.3 13566 10
0.3 13567 16
0.3 13568 16
0.3 13569 21
0.3 13570 37
0.3 13571 37
0.3 13572 43
0.3 13573 43
0.3 13574 54
0.3 13575 70
0.3 13576 81
0.3 13577 86
0.3 13578 97
0.3 13579 102
0.3 13580 113
0.3 13581 129
0.3 13582 135
0.3 13583 129
0.3 13584 37
0.3 13585 10
0.3 13586 0
0.3 13587 0
0.3 13588 0
0.3 13589 0
0.3 13590 0
0.3 13591 0
0.3 13592 0
0.3 13593 5
0.3 13594 5
0.3 13595 16
0.3 13596 5
0.3 13597 16
0.3 13598 5
0.3 13599 10
0.3 13600 0
0.3 13601 10
0.3 13602 27
0.3 13603 0
0.3 13604 5
0.3 13605 0
0.3 13606 0
0.3 13607 5
0.3 13608 16
0.3 13609 21
0.3 13610 21
0.3 13611 21
0.3 13612 21
0.3 13613 21
0.3 13614 21
0.3 13615 21
0.3 13616 21
0.3 13617 21
0.3 13618 27
0.3 13619 27
0.3 13620 32
0.3 13621 37
0.3 13622 37
0.3 13623 37
0.3 13624 54
0.3 13625 70
0.3 13626 70
0.3 13627 70
0.3 13628 75
0.3 13629 75
0.3 13630 86
0.3 13631 86
0.3 13632 97
0.3 13633 97
0.3 13634 108
0.3 13635 118
0.3 13636 129
0.3 13637 129
0.3 13638 135
0.3 13639 124
0.3 13640 135
0.3 13641 54
0.3 13642 16
0.3 13643 10
0.3 13644 21
0.3 13645 5
0.3 13646 5
0.3 13647 16
0.3 13648 16
0.3 13649 32
0.3 13650 43
0.3 13651 0
0.3 13652 0
0.3 13653 0
0.3 13654 0
0.3 13655 0
0.3 13656 0
0.3 13657 0
0.3 13658 0
0.3 13659 5
0.3 13660 0
0.3 13661 5
0.3 13662 0
0.3 13663 0
0.3 13664 0
0.3 13665 0
0.3 13666 0
0.3 13667 10
0.3 13668 0
0.3 13669 0
0.3 13670 0
0.3 13671 0
0.3 13672 5
0.3 13673 0
0.3 13674 0
0.3 13675 5
0.3 13676 0
0.3 13677 0
0.3 13678 5
0.3 13679 5
0.3 13680 16
0.3 13681 0
0.3 13682 0
0.3 13683 0
0.3 13684 0
0.3 13685 0
0.3 13686 0
0.3 13687 0
0.3 13688 0
0.3 13689 0
0.3 13690 5
0.3 13691 0
0.3 13692 0
0.3 13693 0
0.3 13694 0
0.3 13695 0
0.3 13696 5
0.3 13697 16
0.3 13698 10
0.3 13699 16
0.3 13700 10
0.3 13701 0
0.3 13702 0
0.3 13703 5
0.3 13704 5
0.3 13705 5
0.3 13706 16
0.3 13707 10
0.3 13708 16
0.3 13709 32
0.3 13710 27
0.3 13711 27
0.3 13712 27
0.3 13713 10
0.3 13714 0
0.3 13715 0
0.3 13716 0
0.3 13717 0
0.3 13718 0
0.3 13719 0
0.3 13720 5
0.3 13721 0
0.3 13722 0
0.3 13723 0
0.3 13724 16
0.3 13725 5
0.3 13726 5
0.3 13727 5
0.3 13728 0
0.3 13729 0
0.3 13730 0
0.3 13731 5
0.3 13732 21
0.3 13733 5
0.3 13734 5
0.3 13735 5
0.3 13736 5
0.3 13737 16
0.3 13738 21
0.3 13739 27
0.3 13740 32
0.3 13741 16
0.3 13742 27
0.3 13743 27
0.3 13744 43
0.3 13745 48
0.3 13746 48
0.3 13747 37
0.3 13748 48
0.3 13749 43
0.3 13750 54
0.3 13751 64
0.3 13752 70
0.3 13753 75
0.3 13754 81
0.3 13755 81
0.3 13756 81
0.3 13757 81
0.3 13758 91
0.3 13759 16
0.3 13760 0
0.3 13761 0
0.3 13762 0
0.3 13763 5
0.3 13764 0
0.3 13765 0
0.3 13766 0
0.3 13767 0
0.3 13768 0
0.3 13769 0
0.3 13770 0
0.3 13771 0
0.3 13772 0
0.3 13773 0
0.3 13774 0
0.3 13775 0
0.3 13776 0
0.3 13777 5
0.3 13778 10
0.3 13779 10
0.3 13780 5
0.3 13781 0
0.3 13782 10
0.3 13783 27
0.3 13784 32
0.3 13785 27
0.3 13786 32
0.3 13787 27
0.3 13788 27
0.3 13789 27
0.3 13790 10
0.3 13791 21
0.3 13792 32
0.3 13793 37
0.3 13794 16
0.3 13795 16
0.3 13796 10
0.3 13797 5
0.3 13798 0
0.3 13799 0
0.3 13800 5
0.3 13801 5
0.3 13802 0
0.3 13803 0
0.3 13804 0
0.3 13805 0
0.3 13806 0
0.3 13807 5
0.3 13808 16
0.3 13809 16
0.3 13810 16
0.3 13811 16
0.3 13812 32
0.3 13813 37
0.3 13814 43
0.3 13815 54
0.3 13816 0
0.3 13817 0
0.3 13818 0
0.3 13819 0
0.3 13820 5
0.3 13821 5
0.3 13822 10
0.3 13823 10
0.3 13824 10
0.3 13825 10
0.3 13826 0
0.3 13827 0
0.3 13828 0
0.3 13829 0
0.3 13830 5
0.3 13831 5
0.3 13832 5
0.3 13833 10
0.3 13834 10
0.3 13835 16
0.3 13836 16
0.3 13837 5
0.3 13838 0
0.3 13839 0
0.3 13840 0
0.3 13841 0
0.3 13842 5
0.3 13843 16
0.3 13844 5
0.3 13845 0
0.3 13846 10
0.3 13847 0
0.3 13848 0
0.3 13849 0
0.3 13850 0
0.3 13851 0
0.3 13852 5
0.3 13853 0
0.3 13854 10
0.3 13855 5
0.3 13856 10
0.3 13857 0
0.3 13858 0
0.3 13859 0
0.3 13860 5
0.3 13861 5
0.3 13862 16
0.3 13863 16
0.3 13864 21
0.3 13865 21
0.3 13866 32
0.3 13867 32
0.3 13868 32
0.3 13869 43
0.3 13870 48
0.3 13871 64
0.3 13872 64
0.3 13873 64
0.3 13874 70
0.3 13875 16
0.3 13876 5
0.3 13877 0
0.3 13878 5
0.3 13879 0
0.3 13880 5
0.3 13881 5
0.3 13882 0
0.3 13883 10
0.3 13884 21
0.3 13885 5
0.3 13886 10
0.3 13887 5
0.3 13888 0
0.3 13889 0
0.3 13890 0
0.3 13891 0
0.3 13892 0
0.3 13893 0
0.3 13894 0
0.3 13895 5
0.3 13896 0
0.3 13897 0
0.3 13898 0
0.3 13899 5
0.3 13900 5
0.3 13901 5
0.3 13902 5
0.3 13903 5
0.3 13904 5
0.3 13905 5
0.3 13906 10
0.3 13907 0
0.3 13908 0
0.3 13909 5
0.3 13910 16
0.3 13911 0
0.3 13912 5
0.3 13913 10
0.3 13914 10
0.3 13915 10
0.3 13916 10
0.3 13917 16
0.3 13918 10
0.3 13919 16
0.3 13920 27
0.3 13921 32
0.3 13922 32
0.3 13923 32
0.3 13924 43
0.3 13925 48
0.3 13926 59
0.3 13927 64
0.3 13928 64
0.3 13929 70
0.3 13930 91
0.3 13931 108
0.3 13932 97
0.3 13933 97
0.3 13934 37
0.3 13935 0
0.3 13936 5
0.3 13937 0
0.3 13938 0
0.3 13939 0
0.3 13940 0
0.3 13941 10
0.3 13942 0
0.3 13943 5
0.3 13944 5
0.3 13945 10
0.3 13946 5
0.3 13947 10
0.3 13948 0
0.3 13949 10
0.3 13950 0
0.3 13951 0
0.3 13952 0
0.3 13953 0
0.3 13954 10
0.3 13955 16
0.3 13956 27
0.3 13957 27
0.3 13958 27
0.3 13959 27
0.3 13960 27
0.3 13961 32
0.3 13962 37
0.3 13963 37
0.3 13964 48
0.3 13965 59
0.3 13966 64
0.3 13967 64
0.3 13968 70
0.3 13969 75
0.3 13970 86
0.3 13971 102
0.3 13972 102
0.3 13973 113
0.3 13974 75
0.3 13975 16
0.3 13976 27
0.3 13977 32
0.3 13978 27
0.3 13979 37
0.3 13980 21
0.3 13981 5
0.3 13982 10
0.3 13983 0
0.3 13984 0
0.3 13985 5
0.3 13986 5
0.3 13987 10
0.3 13988 21
0.3 13989 21
0.3 13990 10
0.3 13991 0
0.3 13992 5
0.3 13993 5
0.3 13994 0
0.3 13995 0
0.3 13996 0
0.3 13997 0
0.3 13998 5
0.3 13999 0
0.3 14000 5
0.3 14001 0
0.3 14002 0
0.3 14003 0
0.3 14004 0
0.3 14005 5
0.3 14006 5
0.3 14007 5
0.3 14008 10
0.3 14009 10
0.3 14010 27
0.3 14011 37
0.3 14012 21
0.3 14013 5
0.3 14014 0
0.3 14015 0
0.3 14016 10
0.3 14017 10
0.3 14018 16
0.3 14019 27
0.3 14020 32
0.3 14021 32
0.3 14022 32
0.3 14023 32
0.3 14024 43
0.3 14025 43
0.3 14026 48
0.3 14027 59
0.3 14028 64
0.3 14029 70
0.3 14030 81
0.3 14031 48
0.3 14032 59
0.3 14033 70
0.3 14034 16
0.3 14035 16
0.3 14036 0
0.3 14037 0
0.3 14038 0
0.3 14039 0
0.3 14040 5
0.3 14041 5
0.3 14042 5
0.3 14043 10
0.3 14044 10
0.3 14045 21
0.3 14046 0
0.3 14047 0
0.3 14048 5
0.3 14049 0
0.3 14050 10
0.3 14051 10
0.3 14052 10
0.3 14053 10
0.3 14054 16
0.3 14055 5
0.3 14056 0
0.3 14057 0
0.3 14058 0
0.3 14059 5
0.3 14060 0
0.3 14061 0
0.3 14062 0
0.3 14063 0
0.3 14064 5
0.3 14065 10
0.3 14066 16
0.3 14067 21
0.3 14068 21
0.3 14069 27
0.3 14070 32
0.3 14071 43
0.3 14072 16
0.3 14073 5
0.3 14074 5
0.3 14075 0
0.3 14076 10
0.3 14077 5
0.3 14078 10
0.3 14079 16
0.3 14080 16
0.3 14081 21
0.3 14082 5
0.3 14083 16
0.3 14084 21
0.3 14085 16
0.3 14086 21
0.3 14087 5
0.3 14088 0
0.3 14089 0
0.3 14090 10
0.3 14091 16
0.3 14092 16
0.3 14093 32
0.3 14094 32
0.3 14095 32
0.3 14096 37
0.3 14097 48
0.3 14098 54
0.3 14099 70
0.3 14100 81
0.3 14101 91
0.3 14102 102
0.3 14103 108
0.3 14104 81
0.3 14105 81
0.3 14106 81
0.3 14107 97
0.3 14108 108
0.3 14109 108
0.3 14110 102
0.3 14111 108
0.3 14112 108
0.3 14113 108
0.3 14114 118
0.3 14115 124
0.3 14116 135
0.3 14117 124
0.3 14118 124
0.3 14119 129
0.3 14120 129
0.3 14121 135
0.3 14122 135
0.3 14123 124
0.3 14124 124
0.3 14125 124
0.3 14126 135
0.3 14127 129
0.3 14128 135
0.3 14129 135
0.3 14130 135
0.3 14131 108
0.3 14132 108
0.3 14133 108
0.3 14134 118
0.3 14135 118
0.3 14136 118
0.3 14137 129
0.3 14138 135
0.3 14139 135
0.3 14140 124
0.3 14141 135
0.3 14142 135
0.3 14143 124
0.3 14144 129
0.3 14145 129
0.3 14146 118
0.3 14147 124
0.3 14148 64
0.3 14149 27
0.3 14150 16
0.3 14151 27
0.3 14152 32
0.3 14153 10
0.3 14154 5
0.3 14155 5
0.3 14156 0
0.3 14157 0
0.3 14158 0
0.3 14159 0
0.3 14160 0
0.3 14161 5
0.3 14162 0
0.3 14163 0
0.3 14164 0
0.3 14165 0
0.3 14166 0
0.3 14167 0
0.3 14168 0
0.3 14169 5
0.3 14170 5
0.3 14171 10
0.3 14172 0
0.3 14173 10
0.3 14174 16
0.3 14175 16
0.3 14176 27
0.3 14177 21
0.3 14178 16
0.3 14179 10
0.3 14180 10
0.3 14181 0
0.3 14182 5
0.3 14183 0
0.3 14184 10
0.3 14185 16
0.3 14186 10
0.3 14187 16
0.3 14188 0
0.3 14189 0
0.3 14190 0
0.3 14191 0
0.3 14192 0
0.3 14193 0
0.3 14194 0
0.3 14195 5
0.3 14196 0
0.3 14197 10
0.3 14198 10
0.3 14199 0
0.3 14200 0
0.3 14201 0
0.3 14202 0
0.3 14203 0
0.3 14204 0
0.3 14205 0
0.3 14206 0
0.3 14207 0
0.3 14208 0
0.3 14209 5
0.3 14210 21
0.3 14211 5
0.3 14212 5
0.3 14213 5
0.3 14214 16
0.3 14215 16
0.3 14216 0
0.3 14217 0
0.3 14218 0
0.3 14219 0
0.3 14220 5
0.3 14221 5
0.3 14222 16
0.3 14223 32
0.3 14224 27
0.3 14225 16
0.3 14226 0
0.3 14227 0
0.3 14228 0
0.3 14229 0
0.3 14230 0
0.3 14231 0
0.3 14232 16
0.3 14233 10
0.3 14234 5
0.3 14235 0
0.3 14236 5
0.3 14237 5
0.3 14238 10
0.3 14239 5
0.3 14240 5
0.3 14241 5
0.3 14242 10
0.3 14243 5
0.3 14244 5
0.3 14245 0
0.3 14246 10
0.3 14247 16
0.3 14248 16
0.3 14249 16
0.3 14250 21
0.3 14251 16
0.3 14252 5
0.3 14253 0
0.3 14254 0
0.3 14255 0
0.3 14256 0
0.3 14257 0
0.3 14258 0
0.3 14259 0
0.3 14260 0
0.3 14261 5
0.3 14262 0
0.3 14263 0
0.3 14264 0
0.3 14265 0
0.3 14266 0
0.3 14267 0
0.3 14268 5
0.3 14269 10
0.3 14270 16
0.3 14271 16
0.3 14272 5
0.3 14273 10
0.3 14274 27
0.3 14275 10
0.3 14276 0
0.3 14277 5
0.3 14278 5
0.3 14279 16
0.3 14280 0
0.3 14281 5
0.3 14282 10
0.3 14283 5
0.3 14284 10
0.3 14285 16
0.3 14286 10
0.3 14287 10
0.3 14288 16
0.3 14289 27
0.3 14290 37
0.3 14291 0
0.3 14292 0
0.3 14293 0
0.3 14294 0
0.3 14295 0
0.3 14296 5
0.3 14297 5
0.3 14298 5
0.3 14299 16
0.3 14300 16
0.3 14301 21
0.3 14302 21
0.3 14303 27
0.3 14304 10
0.3 14305 16
0.3 14306 16
0.3 14307 21
0.3 14308 27
0.3 14309 43
0.3 14310 10
0.3 14311 10
0.3 14312 10
0.3 14313 16
0.3 14314 16
0.3 14315 27
0.3 14316 10
0.3 14317 5
0.3 14318 5
0.3 14319 0
0.3 14320 0
0.3 14321 10
0.3 14322 16
0.3 14323 16
0.3 14324 16
0.3 14325 27
0.3 14326 32
0.3 14327 32
0.3 14328 32
0.3 14329 32
0.3 14330 37
0.3 14331 43
0.3 14332 43
0.3 14333 43
0.3 14334 16
0.3 14335 5
0.3 14336 5
0.3 14337 10
0.3 14338 5
0.3 14339 0
0.3 14340 0
0.3 14341 0
0.3 14342 0
0.3 14343 0
0.3 14344 0
0.3 14345 10
0.3 14346 0
0.3 14347 0
0.3 14348 0
0.3 14349 0
0.3 14350 0
0.3 14351 0
0.3 14352 0
0.3 14353 5
0.3 14354 0
0.3 14355 0
0.3 14356 5
0.3 14357 0
0.3 14358 5
0.3 14359 16
0.3 14360 10
0.3 14361 10
0.3 14362 5
0.3 14363 5
0.3 14364 5
0.3 14365 5
0.3 14366 5
0.3 14367 16
0.3 14368 21
0.3 14369 21
0.3 14370 32
0.3 14371 37
0.3 14372 43
0.3 14373 48
0.3 14374 54
0.3 14375 64
0.3 14376 70
0.3 14377 21
0.3 14378 0
0.3 14379 0
0.3 14380 0
0.3 14381 0
0.3 14382 0
0.3 14383 5
0.3 14384 5
0.3 14385 0
0.3 14386 0
0.3 14387 0
0.3 14388 0
0.3 14389 5
0.3 14390 5
0.3 14391 16
0.3 14392 21
0.3 14393 21
0.3 14394 27
0.3 14395 32
0.3 14396 27
0.3 14397 32
0.3 14398 32
0.3 14399 48
0.3 14400 54
0.3 14401 54
0.3 14402 64
0.3 14403 70
0.3 14404 75
0.3 14405 75
0.3 14406 86
0.3 14407 59
0.3 14408 54
0.3 14409 59
0.3 14410 59
0.3 14411 75
0.3 14412 75
0.3 14413 75
0.3 14414 75
0.3 14415 75
0.3 14416 81
0.3 14417 81
0.3 14418 91
0.3 14419 108
0.3 14420 108
0.3 14421 113
0.3 14422 118
0.3 14423 118
0.3 14424 118
0.3 14425 124
0.3 14426 135
0.3 14427 135
0.3 14428 124
0.3 14429 129
0.3 14430 129
0.3 14431 135
0.3 14432 135
0.3 14433 135
0.3 14434 135
0.3 14435 135
0.3 14436 135
0.3 14437 43
0.3 14438 32
0.3 14439 16
0.3 14440 16
0.3 14441 16
0.3 14442 27
0.3 14443 27
0.3 14444 27
0.3 14445 37
0.3 14446 37
0.3 14447 37
0.3 14448 37
0.3 14449 43
0.3 14450 64
0.3 14451 81
0.3 14452 81
0.3 14453 91
0.3 14454 97
0.3 14455 113
0.3 14456 113
0.3 14457 124
0.3 14458 129
0.3 14459 135
0.3 14460 129
0.3 14461 135
0.3 14462 135
0.3 14463 135
0.3 14464 108
0.3 14465 102
0.3 14466 108
0.3 14467 108
0.3 14468 108
0.3 14469 113
0.3 14470 113
0.3 14471 113
0.3 14472 124
0.3 14473 129
0.3 14474 124
0.3 14475 124
0.3 14476 124
0.3 14477 124
0.3 14478 124
0.3 14479 124
0.3 14480 118
0.3 14481 135
0.3 14482 135
0.3 14483 129
0.3 14484 135
0.3 14485 135
0.3 14486 81
0.3 14487 5
0.3 14488 0
0.3 14489 0
0.3 14490 5
0.3 14491 5
0.3 14492 5
0.3 14493 0
0.3 14494 5
0.3 14495 0
0.3 14496 5
0.3 14497 5
0.3 14498 0
0.3 14499 0
0.3 14500 5
0.3 14501 5
0.3 14502 10
0.3 14503 10
0.3 14504 10
0.3 14505 21
0.3 14506 27
0.3 14507 32
0.3 14508 32
0.3 14509 32
0.3 14510 32
0.3 14511 37
0.3 14512 16
0.3 14513 0
0.3 14514 0
0.3 14515 0
0.3 14516 5
0.3 14517 16
0.3 14518 5
0.3 14519 0
0.3 14520 0
0.3 14521 0
0.3 14522 0
0.3 14523 5
0.3 14524 5
0.3 14525 16
0.3 14526 16
0.3 14527 16
0.3 14528 16
0.3 14529 16
0.3 14530 21
0.3 14531 21
0.3 14532 37
0.3 14533 37
0.3 14534 48
0.3 14535 54
0.3 14536 64
0.3 14537 75
0.3 14538 91
0.3 14539 91
0.3 14540 102
0.3 14541 102
0.3 14542 102
0.3 14543 102
0.3 14544 124
0.3 14545 124
0.3 14546 129
0.3 14547 129
0.3 14548 135
0.3 14549 135
0.3 14550 135
0.3 14551 59
0.3 14552 0
0.3 14553 5
0.3 14554 5
0.3 14555 10
0.3 14556 0
0.3 14557 0
0.3 14558 5
0.3 14559 0
0.3 14560 0
0.3 14561 0
0.3 14562 10
0.3 14563 10
0.3 14564 0
0.3 14565 0
0.3 14566 0
0.3 14567 5
0.3 14568 5
0.3 14569 10
0.3 14570 21
0.3 14571 21
0.3 14572 32
0.3 14573 10
0.3 14574 21
0.3 14575 27
0.3 14576 32
0.3 14577 10
0.3 14578 0
0.3 14579 0
0.3 14580 0
0.3 14581 0
0.3 14582 5
0.3 14583 5
0.3 14584 5
0.3 14585 5
0.3 14586 10
0.3 14587 5
0.3 14588 10
0.3 14589 27
0.3 14590 16
0.3 14591 16
0.3 14592 21
0.3 14593 27
0.3 14594 27
0.3 14595 21
0.3 14596 27
0.3 14597 27
0.3 14598 37
0.3 14599 48
0.3 14600 43
0.3 14601 48
0.3 14602 54
0.3 14603 59
0.3 14604 48
0.3 14605 54
0.3 14606 54
0.3 14607 54
0.3 14608 54
0.3 14609 54
0.3 14610 64
0.3 14611 70
0.3 14612 75
0.3 14613 81
0.3 14614 54
0.3 14615 10
0.3 14616 5
0.3 14617 5
0.3 14618 0
0.3 14619 10
0.3 14620 10
0.3 14621 10
0.3 14622 16
0.3 14623 27
0.3 14624 43
0.3 14625 32
0.3 14626 32
0.3 14627 27
0.3 14628 27
0.3 14629 37
0.3 14630 43
0.3 14631 48
0.3 14632 59
0.3 14633 64
0.3 14634 64
0.3 14635 81
0.3 14636 81
0.3 14637 91
0.3 14638 91
0.3 14639 102
0.3 14640 118
0.3 14641 124
0.3 14642 124
0.3 14643 124
0.3 14644 118
0.3 14645 0
0.3 14646 0
0.3 14647 0
0.3 14648 0
0.3 14649 0
0.3 14650 0
0.3 14651 0
0.3 14652 0
0.3 14653 5
0.3 14654 0
0.3 14655 0
0.3 14656 0
0.3 14657 0
0.3 14658 0
0.3 14659 0
0.3 14660 0
0.3 14661 5
0.3 14662 5
0.3 14663 0
0.3 14664 0
0.3 14665 0
0.3 14666 5
0.3 14667 5
0.3 14668 10
0.3 14669 0
0.3 14670 0
0.3 14671 0
0.3 14672 0
0.3 14673 0
0.3 14674 0
0.3 14675 0
0.3 14676 0
0.3 14677 0
0.3 14678 0
0.3 14679 5
0.3 14680 10
0.3 14681 10
0.3 14682 5
0.3 14683 0
0.3 14684 0
0.3 14685 0
0.3 14686 0
0.3 14687 0
0.3 14688 0
0.3 14689 0
0.3 14690 0
0.3 14691 10
0.3 14692 0
0.3 14693 0
0.3 14694 10
0.3 14695 0
0.3 14696 0
0.3 14697 0
0.3 14698 0
0.3 14699 10
0.3 14700 10
0.3 14701 10
0.3 14702 0
0.3 14703 0
0.3 14704 0
0.3 14705 0
0.3 14706 0
0.3 14707 0
0.3 14708 5
0.3 14709 5
0.3 14710 0
0.3 14711 0
0.3 14712 0
0.3 14713 0
0.3 14714 10
0.3 14715 0
0.3 14716 0
0.3 14717 5
0.3 14718 0
0.3 14719 0
0.3 14720 0
0.3 14721 16
0.3 14722 16
0.3 14723 27
0.3 14724 27
0.3 14725 43
0.3 14726 48
0.3 14727 54
0.3 14728 64
0.3 14729 70
0.3 14730 48
0.3 14731 37
0.3 14732 43
0.3 14733 48
0.3 14734 48
0.3 14735 54
0.3 14736 59
0.3 14737 59
0.3 14738 32
0.3 14739 32
0.3 14740 43
0.3 14741 43
0.3 14742 48
0.3 14743 48
0.3 14744 59
0.3 14745 64
0.3 14746 70
0.3 14747 70
0.3 14748 64
0.3 14749 59
0.3 14750 0
0.3 14751 0
0.3 14752 5
0.3 14753 0
0.3 14754 0
0.3 14755 0
0.3 14756 5
0.3 14757 5
0.3 14758 0
0.3 14759 5
0.3 14760 0
0.3 14761 0
0.3 14762 5
0.3 14763 0
0.3 14764 0
0.3 14765 0
0.3 14766 5
0.3 14767 0
0.3 14768 0
0.3 14769 0
0.3 14770 5
0.3 14771 0
0.3 14772 0
0.3 14773 10
0.3 14774 10
0.3 14775 21
0.3 14776 32
0.3 14777 21
0.3 14778 5
0.3 14779 0
0.3 14780 0
0.3 14781 0
0.3 14782 0
0.3 14783 0
0.3 14784 0
0.3 14785 0
0.3 14786 16
0.3 14787 0
0.3 14788 0
0.3 14789 0
0.3 14790 0
0.3 14791 5
0.3 14792 0
0.3 14793 5
0.3 14794 10
0.3 14795 5
0.3 14796 5
0.3 14797 10
0.3 14798 16
0.3 14799 0
0.3 14800 0
0.3 14801 0
0.3 14802 5
0.3 14803 0
0.3 14804 0
0.3 14805 0
0.3 14806 5
0.3 14807 5
0.3 14808 10
0.3 14809 16
0.3 14810 16
0.3 14811 16
0.3 14812 21
0.3 14813 21
0.3 14814 21
0.3 14815 27
0.3 14816 21
0.3 14817 0
0.3 14818 5
0.3 14819 0
0.3 14820 0
0.3 14821 5
0.3 14822 10
0.3 14823 21
0.3 14824 0
0.3 14825 5
0.3 14826 10
0.3 14827 27
0.3 14828 16
0.3 14829 5
0.3 14830 10
0.3 14831 21
0.3 14832 27
0.3 14833 32
0.3 14834 37
0.3 14835 43
0.3 14836 48
0.3 14837 48
0.3 14838 59
0.3 14839 59
0.3 14840 64
0.3 14841 75
0.3 14842 37
0.3 14843 10
0.3 14844 10
0.3 14845 16
0.3 14846 16
0.3 14847 27
0.3 14848 21
0.3 14849 21
0.3 14850 21
0.3 14851 32
0.3 14852 37
0.3 14853 43
0.3 14854 48
0.3 14855 54
0.3 14856 54
0.3 14857 27
0.3 14858 0
0.3 14859 0
0.3 14860 0
0.3 14861 0
0.3 14862 0
0.3 14863 5
0.3 14864 5
0.3 14865 10
0.3 14866 10
0.3 14867 0
0.3 14868 0
0.3 14869 0
0.3 14870 5
0.3 14871 5
0.3 14872 16
0.3 14873 0
0.3 14874 0
0.3 14875 0
0.3 14876 0
0.3 14877 0
0.3 14878 0
0.3 14879 5
0.3 14880 16
0.3 14881 21
0.3 14882 37
0.3 14883 16
0.3 14884 0
0.3 14885 0
0.3 14886 0
0.3 14887 5
0.3 14888 10
0.3 14889 10
0.3 14890 21
0.3 14891 21
0.3 14892 21
0.3 14893 32
0.3 14894 16
0.3 14895 10
0.3 14896 10
0.3 14897 21
0.3 14898 37
0.3 14899 37
0.3 14900 37
0.3 14901 37
0.3 14902 43
0.3 14903 54
0.3 14904 64
0.3 14905 64
0.3 14906 70
0.3 14907 75
0.3 14908 81
0.3 14909 91
0.3 14910 81
0.3 14911 81
0.3 14912 81
0.3 14913 81
0.3 14914 81
0.3 14915 81
0.3 14916 97
0.3 14917 108
0.3 14918 108
0.3 14919 64
0.3 14920 10
0.3 14921 10
0.3 14922 10
0.3 14923 10
0.3 14924 21
0.3 14925 27
0.3 14926 27
0.3 14927 43
0.3 14928 16
0.3 14929 0
0.3 14930 0
0.3 14931 0
0.3 14932 5
0.3 14933 5
0.3 14934 0
0.3 14935 0
0.3 14936 0
0.3 14937 0
0.3 14938 0
0.3 14939 0
0.3 14940 0
0.3 14941 0
0.3 14942 10
0.3 14943 0
0.3 14944 0
0.3 14945 5
0.3 14946 5
0.3 14947 0
0.3 14948 0
0.3 14949 0
0.3 14950 0
0.3 14951 0
0.3 14952 0
0.3 14953 5
0.3 14954 16
0.3 14955 21
0.3 14956 21
0.3 14957 16
0.3 14958 27
0.3 14959 21
0.3 14960 21
0.3 14961 21
0.3 14962 27
0.3 14963 16
0.3 14964 27
0.3 14965 32
0.3 14966 32
0.3 14967 27
0.3 14968 21
0.3 14969 32
0.3 14970 37
0.3 14971 37
0.3 14972 54
0.3 14973 59
0.3 14974 75
0.3 14975 81
0.3 14976 81
0.3 14977 86
0.3 14978 91
0.3 14979 27
0.3 14980 5
0.3 14981 10
0.3 14982 0
0.3 14983 0
0.3 14984 10
0.3 14985 10
0.3 14986 10
0.3 14987 10
0.3 14988 21
0.3 14989 32
0.3 14990 37
0.3 14991 37
0.3 14992 43
0.3 14993 43
0.3 14994 43
0.3 14995 37
0.3 14996 43
0.3 14997 59
0.3 14998 43
0.3 14999 54
