0.01 10001 135
0.01 10002 135
0.01 10003 135
0.01 10004 135
0.01 10005 135
0.01 10006 135
0.01 10007 135
0.01 10008 135
0.01 10009 135
0.01 10010 135
0.01 10011 135
0.01 10012 135
0.01 10013 135
0.01 10014 135
0.01 10015 108
0.01 10016 135
0.01 10017 135
0.01 10018 135
0.01 10019 135
0.01 10020 135
0.01 10021 108
0.01 10022 108
0.01 10023 135
0.01 10024 135
0.01 10025 108
0.01 10026 135
0.01 10027 135
0.01 10028 135
0.01 10029 135
0.01 10030 135
0.01 10031 135
0.01 10032 135
0.01 10033 108
0.01 10034 108
0.01 10035 135
0.01 10036 108
0.01 10037 135
0.01 10038 135
0.01 10039 135
0.01 10040 135
0.01 10041 135
0.01 10042 135
0.01 10043 135
0.01 10044 135
0.01 10045 108
0.01 10046 135
0.01 10047 135
0.01 10048 135
0.01 10049 135
0.01 10050 135
0.01 10051 135
0.01 10052 108
0.01 10053 135
0.01 10054 108
0.01 10055 135
0.01 10056 135
0.01 10057 135
0.01 10058 108
0.01 10059 135
0.01 10060 135
0.01 10061 135
0.01 10062 108
0.01 10063 135
0.01 10064 108
0.01 10065 135
0.01 10066 135
0.01 10067 135
0.01 10068 135
0.01 10069 135
0.01 10070 135
0.01 10071 108
0.01 10072 108
0.01 10073 135
0.01 10074 135
0.01 10075 135
0.01 10076 135
0.01 10077 108
0.01 10078 135
0.01 10079 135
0.01 10080 108
0.01 10081 135
0.01 10082 135
0.01 10083 135
0.01 10084 135
0.01 10085 135
0.01 10086 135
0.01 10087 135
0.01 10088 135
0.01 10089 135
0.01 10090 135
0.01 10091 108
0.01 10092 135
0.01 10093 135
0.01 10094 108
0.01 10095 135
0.01 10096 108
0.01 10097 135
0.01 10098 108
0.01 10099 135
0.01 10100 135
0.01 10101 135
0.01 10102 135
0.01 10103 135
0.01 10104 135
0.01 10105 108
0.01 10106 135
0.01 10107 108
0.01 10108 135
0.01 10109 135
0.01 10110 108
0.01 10111 135
0.01 10112 108
0.01 10113 135
0.01 10114 135
0.01 10115 108
0.01 10116 135
0.01 10117 108
0.01 10118 135
0.01 10119 135
0.01 10120 135
0.01 10121 108
0.01 10122 135
0.01 10123 135
0.01 10124 135
0.01 10125 135
0.01 10126 108
0.01 10127 135
0.01 10128 108
0.01 10129 135
0.01 10130 135
0.01 10131 108
0.01 10132 135
0.01 10133 108
0.01 10134 135
0.01 10135 135
0.01 10136 108
0.01 10137 135
0.01 10138 108
0.01 10139 108
0.01 10140 108
0.01 10141 135
0.01 10142 135
0.01 10143 135
0.01 10144 135
0.01 10145 108
0.01 10146 135
0.01 10147 135
0.01 10148 108
0.01 10149 135
0.01 10150 135
0.01 10151 108
0.01 10152 108
0.01 10153 135
0.01 10154 135
0.01 10155 135
0.01 10156 135
0.01 10157 108
0.01 10158 135
0.01 10159 108
0.01 10160 135
0.01 10161 135
0.01 10162 135
0.01 10163 108
0.01 10164 135
0.01 10165 108
0.01 10166 108
0.01 10167 135
0.01 10168 135
0.01 10169 108
0.01 10170 135
0.01 10171 108
0.01 10172 135
0.01 10173 135
0.01 10174 108
0.01 10175 108
0.01 10176 135
0.01 10177 108
0.01 10178 135
0.01 10179 108
0.01 10180 135
0.01 10181 135
0.01 10182 135
0.01 10183 135
0.01 10184 135
0.01 10185 135
0.01 10186 108
0.01 10187 108
0.01 10188 135
0.01 10189 135
0.01 10190 108
0.01 10191 108
0.01 10192 135
0.01 10193 135
0.01 10194 135
0.01 10195 135
0.01 10196 135
0.01 10197 135
0.01 10198 108
0.01 10199 135
0.01 10200 135
0.01 10201 135
0.01 10202 108
0.01 10203 135
0.01 10204 135
0.01 10205 108
0.01 10206 135
0.01 10207 135
0.01 10208 108
0.01 10209 135
0.01 10210 135
0.01 10211 135
0.01 10212 135
0.01 10213 108
0.01 10214 135
0.01 10215 135
0.01 10216 135
0.01 10217 108
0.01 10218 135
0.01 10219 135
0.01 10220 108
0.01 10221 135
0.01 10222 108
0.01 10223 135
0.01 10224 135
0.01 10225 135
0.01 10226 135
0.01 10227 135
0.01 10228 135
0.01 10229 135
0.01 10230 108
0.01 10231 135
0.01 10232 135
0.01 10233 135
0.01 10234 135
0.01 10235 135
0.01 10236 108
0.01 10237 135
0.01 10238 135
0.01 10239 135
0.01 10240 135
0.01 10241 135
0.01 10242 135
0.01 10243 135
0.01 10244 135
0.01 10245 135
0.01 10246 108
0.01 10247 135
0.01 10248 108
0.01 10249 108
0.01 10250 135
0.01 10251 135
0.01 10252 135
0.01 10253 135
0.01 10254 135
0.01 10255 108
0.01 10256 135
0.01 10257 108
0.01 10258 135
0.01 10259 135
0.01 10260 135
0.01 10261 108
0.01 10262 135
0.01 10263 135
0.01 10264 135
0.01 10265 135
0.01 10266 108
0.01 10267 108
0.01 10268 135
0.01 10269 135
0.01 10270 135
0.01 10271 108
0.01 10272 135
0.01 10273 135
0.01 10274 135
0.01 10275 108
0.01 10276 135
0.01 10277 108
0.01 10278 135
0.01 10279 135
0.01 10280 108
0.01 10281 135
0.01 10282 108
0.01 10283 135
0.01 10284 108
0.01 10285 135
0.01 10286 135
0.01 10287 108
0.01 10288 135
0.01 10289 135
0.01 10290 108
0.01 10291 135
0.01 10292 135
0.01 10293 135
0.01 10294 108
0.01 10295 135
0.01 10296 108
0.01 10297 135
0.01 10298 135
0.01 10299 135
0.01 10300 135
0.01 10301 135
0.01 10302 135
0.01 10303 135
0.01 10304 135
0.01 10305 135
0.01 10306 135
0.01 10307 135
0.01 10308 135
0.01 10309 135
0.01 10310 135
0.01 10311 135
0.01 10312 135
0.01 10313 135
0.01 10314 135
0.01 10315 135
0.01 10316 135
0.01 10317 135
0.01 10318 135
0.01 10319 108
0.01 10320 135
0.01 10321 135
0.01 10322 135
0.01 10323 108
0.01 10324 135
0.01 10325 135
0.01 10326 135
0.01 10327 135
0.01 10328 108
0.01 10329 135
0.01 10330 108
0.01 10331 135
0.01 10332 135
0.01 10333 135
0.01 10334 108
0.01 10335 108
0.01 10336 108
0.01 10337 135
0.01 10338 135
0.01 10339 135
0.01 10340 135
0.01 10341 135
0.01 10342 135
0.01 10343 135
0.01 10344 135
0.01 10345 135
0.01 10346 135
0.01 10347 135
0.01 10348 108
0.01 10349 108
0.01 10350 135
0.01 10351 135
0.01 10352 108
0.01 10353 135
0.01 10354 108
0.01 10355 135
0.01 10356 135
0.01 10357 135
0.01 10358 135
0.01 10359 135
0.01 10360 135
0.01 10361 135
0.01 10362 135
0.01 10363 135
0.01 10364 135
0.01 10365 108
0.01 10366 135
0.01 10367 135
0.01 10368 108
0.01 10369 108
0.01 10370 135
0.01 10371 135
0.01 10372 135
0.01 10373 135
0.01 10374 108
0.01 10375 135
0.01 10376 135
0.01 10377 135
0.01 10378 135
0.01 10379 108
0.01 10380 135
0.01 10381 108
0.01 10382 135
0.01 10383 135
0.01 10384 135
0.01 10385 135
0.01 10386 135
0.01 10387 135
0.01 10388 135
0.01 10389 108
0.01 10390 135
0.01 10391 108
0.01 10392 135
0.01 10393 108
0.01 10394 108
0.01 10395 135
0.01 10396 135
0.01 10397 135
0.01 10398 108
0.01 10399 135
0.01 10400 108
0.01 10401 135
0.01 10402 135
0.01 10403 135
0.01 10404 135
0.01 10405 135
0.01 10406 135
0.01 10407 108
0.01 10408 135
0.01 10409 135
0.01 10410 108
0.01 10411 108
0.01 10412 135
0.01 10413 135
0.01 10414 135
0.01 10415 135
0.01 10416 135
0.01 10417 135
0.01 10418 135
0.01 10419 135
0.01 10420 135
0.01 10421 108
0.01 10422 135
0.01 10423 135
0.01 10424 135
0.01 10425 135
0.01 10426 135
0.01 10427 135
0.01 10428 135
0.01 10429 135
0.01 10430 135
0.01 10431 135
0.01 10432 135
0.01 10433 108
0.01 10434 135
0.01 10435 108
0.01 10436 135
0.01 10437 108
0.01 10438 108
0.01 10439 108
0.01 10440 135
0.01 10441 135
0.01 10442 135
0.01 10443 108
0.01 10444 135
0.01 10445 108
0.01 10446 108
0.01 10447 135
0.01 10448 135
0.01 10449 135
0.01 10450 108
0.01 10451 135
0.01 10452 135
0.01 10453 135
0.01 10454 135
0.01 10455 108
0.01 10456 135
0.01 10457 135
0.01 10458 108
0.01 10459 135
0.01 10460 108
0.01 10461 135
0.01 10462 135
0.01 10463 135
0.01 10464 135
0.01 10465 108
0.01 10466 135
0.01 10467 135
0.01 10468 135
0.01 10469 135
0.01 10470 135
0.01 10471 108
0.01 10472 135
0.01 10473 108
0.01 10474 135
0.01 10475 135
0.01 10476 135
0.01 10477 135
0.01 10478 108
0.01 10479 108
0.01 10480 135
0.01 10481 108
0.01 10482 108
0.01 10483 135
0.01 10484 135
0.01 10485 135
0.01 10486 135
0.01 10487 108
0.01 10488 135
0.01 10489 108
0.01 10490 135
0.01 10491 135
0.01 10492 135
0.01 10493 135
0.01 10494 135
0.01 10495 135
0.01 10496 135
0.01 10497 135
0.01 10498 135
0.01 10499 108
0.01 10500 108
0.01 10501 135
0.01 10502 108
0.01 10503 135
0.01 10504 108
0.01 10505 135
0.01 10506 135
0.01 10507 108
0.01 10508 135
0.01 10509 135
0.01 10510 135
0.01 10511 135
0.01 10512 108
0.01 10513 108
0.01 10514 135
0.01 10515 135
0.01 10516 135
0.01 10517 135
0.01 10518 135
0.01 10519 135
0.01 10520 135
0.01 10521 108
0.01 10522 135
0.01 10523 135
0.01 10524 135
0.01 10525 135
0.01 10526 108
0.01 10527 135
0.01 10528 135
0.01 10529 135
0.01 10530 108
0.01 10531 135
0.01 10532 135
0.01 10533 135
0.01 10534 108
0.01 10535 135
0.01 10536 135
0.01 10537 108
0.01 10538 135
0.01 10539 135
0.01 10540 135
0.01 10541 108
0.01 10542 135
0.01 10543 135
0.01 10544 108
0.01 10545 135
0.01 10546 135
0.01 10547 135
0.01 10548 108
0.01 10549 135
0.01 10550 135
0.01 10551 135
0.01 10552 135
0.01 10553 135
0.01 10554 135
0.01 10555 108
0.01 10556 108
0.01 10557 108
0.01 10558 135
0.01 10559 108
0.01 10560 135
0.01 10561 135
0.01 10562 108
0.01 10563 135
0.01 10564 108
0.01 10565 135
0.01 10566 108
0.01 10567 135
0.01 10568 135
0.01 10569 108
0.01 10570 135
0.01 10571 108
0.01 10572 135
0.01 10573 135
0.01 10574 108
0.01 10575 108
0.01 10576 135
0.01 10577 135
0.01 10578 135
0.01 10579 135
0.01 10580 135
0.01 10581 135
0.01 10582 135
0.01 10583 135
0.01 10584 108
0.01 10585 135
0.01 10586 108
0.01 10587 108
0.01 10588 108
0.01 10589 135
0.01 10590 135
0.01 10591 135
0.01 10592 108
0.01 10593 135
0.01 10594 135
0.01 10595 108
0.01 10596 108
0.01 10597 135
0.01 10598 108
0.01 10599 135
0.01 10600 108
0.01 10601 135
0.01 10602 135
0.01 10603 135
0.01 10604 108
0.01 10605 135
0.01 10606 108
0.01 10607 135
0.01 10608 135
0.01 10609 108
0.01 10610 108
0.01 10611 108
0.01 10612 135
0.01 10613 135
0.01 10614 135
0.01 10615 135
0.01 10616 108
0.01 10617 135
0.01 10618 108
0.01 10619 135
0.01 10620 108
0.01 10621 135
0.01 10622 108
0.01 10623 135
0.01 10624 135
0.01 10625 108
0.01 10626 108
0.01 10627 108
0.01 10628 135
0.01 10629 135
0.01 10630 108
0.01 10631 108
0.01 10632 108
0.01 10633 108
0.01 10634 135
0.01 10635 108
0.01 10636 135
0.01 10637 108
0.01 10638 108
0.01 10639 135
0.01 10640 135
0.01 10641 135
0.01 10642 135
0.01 10643 135
0.01 10644 108
0.01 10645 108
0.01 10646 135
0.01 10647 135
0.01 10648 108
0.01 10649 108
0.01 10650 108
0.01 10651 135
0.01 10652 135
0.01 10653 135
0.01 10654 135
0.01 10655 108
0.01 10656 135
0.01 10657 135
0.01 10658 135
0.01 10659 135
0.01 10660 108
0.01 10661 135
0.01 10662 108
0.01 10663 135
0.01 10664 135
0.01 10665 135
0.01 10666 108
0.01 10667 135
0.01 10668 135
0.01 10669 135
0.01 10670 135
0.01 10671 108
0.01 10672 135
0.01 10673 135
0.01 10674 108
0.01 10675 135
0.01 10676 108
0.01 10677 108
0.01 10678 135
0.01 10679 108
0.01 10680 135
0.01 10681 108
0.01 10682 135
0.01 10683 135
0.01 10684 108
0.01 10685 135
0.01 10686 135
0.01 10687 135
0.01 10688 135
0.01 10689 135
0.01 10690 135
0.01 10691 135
0.01 10692 108
0.01 10693 135
0.01 10694 135
0.01 10695 135
0.01 10696 135
0.01 10697 135
0.01 10698 108
0.01 10699 135
0.01 10700 108
0.01 10701 135
0.01 10702 135
0.01 10703 135
0.01 10704 135
0.01 10705 135
0.01 10706 108
0.01 10707 108
0.01 10708 108
0.01 10709 135
0.01 10710 135
0.01 10711 135
0.01 10712 108
0.01 10713 135
0.01 10714 135
0.01 10715 108
0.01 10716 135
0.01 10717 135
0.01 10718 135
0.01 10719 135
0.01 10720 108
0.01 10721 108
0.01 10722 135
0.01 10723 135
0.01 10724 135
0.01 10725 135
0.01 10726 135
0.01 10727 135
0.01 10728 135
0.01 10729 135
0.01 10730 108
0.01 10731 135
0.01 10732 135
0.01 10733 135
0.01 10734 135
0.01 10735 135
0.01 10736 135
0.01 10737 135
0.01 10738 108
0.01 10739 135
0.01 10740 108
0.01 10741 108
0.01 10742 135
0.01 10743 108
0.01 10744 135
0.01 10745 135
0.01 10746 108
0.01 10747 135
0.01 10748 135
0.01 10749 135
0.01 10750 135
0.01 10751 108
0.01 10752 135
0.01 10753 135
0.01 10754 135
0.01 10755 135
0.01 10756 135
0.01 10757 135
0.01 10758 108
0.01 10759 108
0.01 10760 108
0.01 10761 135
0.01 10762 135
0.01 10763 135
0.01 10764 135
0.01 10765 135
0.01 10766 135
0.01 10767 135
0.01 10768 108
0.01 10769 108
0.01 10770 135
0.01 10771 108
0.01 10772 108
0.01 10773 135
0.01 10774 108
0.01 10775 135
0.01 10776 135
0.01 10777 135
0.01 10778 135
0.01 10779 135
0.01 10780 135
0.01 10781 135
0.01 10782 108
0.01 10783 108
0.01 10784 135
0.01 10785 135
0.01 10786 135
0.01 10787 135
0.01 10788 135
0.01 10789 108
0.01 10790 135
0.01 10791 135
0.01 10792 135
0.01 10793 108
0.01 10794 135
0.01 10795 135
0.01 10796 135
0.01 10797 108
0.01 10798 135
0.01 10799 135
0.01 10800 135
0.01 10801 108
0.01 10802 135
0.01 10803 108
0.01 10804 135
0.01 10805 135
0.01 10806 135
0.01 10807 135
0.01 10808 135
0.01 10809 135
0.01 10810 135
0.01 10811 135
0.01 10812 108
0.01 10813 135
0.01 10814 135
0.01 10815 135
0.01 10816 135
0.01 10817 108
0.01 10818 108
0.01 10819 108
0.01 10820 135
0.01 10821 135
0.01 10822 108
0.01 10823 135
0.01 10824 135
0.01 10825 135
0.01 10826 108
0.01 10827 135
0.01 10828 135
0.01 10829 135
0.01 10830 135
0.01 10831 108
0.01 10832 135
0.01 10833 135
0.01 10834 135
0.01 10835 135
0.01 10836 135
0.01 10837 108
0.01 10838 135
0.01 10839 108
0.01 10840 135
0.01 10841 108
0.01 10842 108
0.01 10843 135
0.01 10844 135
0.01 10845 135
0.01 10846 135
0.01 10847 135
0.01 10848 135
0.01 10849 108
0.01 10850 135
0.01 10851 135
0.01 10852 108
0.01 10853 135
0.01 10854 135
0.01 10855 108
0.01 10856 108
0.01 10857 135
0.01 10858 108
0.01 10859 135
0.01 10860 108
0.01 10861 135
0.01 10862 108
0.01 10863 135
0.01 10864 135
0.01 10865 108
0.01 10866 135
0.01 10867 108
0.01 10868 135
0.01 10869 135
0.01 10870 108
0.01 10871 135
0.01 10872 135
0.01 10873 135
0.01 10874 135
0.01 10875 135
0.01 10876 135
0.01 10877 135
0.01 10878 108
0.01 10879 135
0.01 10880 108
0.01 10881 135
0.01 10882 135
0.01 10883 135
0.01 10884 135
0.01 10885 135
0.01 10886 108
0.01 10887 135
0.01 10888 135
0.01 10889 135
0.01 10890 135
0.01 10891 108
0.01 10892 135
0.01 10893 135
0.01 10894 135
0.01 10895 135
0.01 10896 108
0.01 10897 135
0.01 10898 135
0.01 10899 135
0.01 10900 135
0.01 10901 135
0.01 10902 135
0.01 10903 135
0.01 10904 135
0.01 10905 108
0.01 10906 108
0.01 10907 108
0.01 10908 135
0.01 10909 135
0.01 10910 108
0.01 10911 108
0.01 10912 108
0.01 10913 135
0.01 10914 108
0.01 10915 135
0.01 10916 135
0.01 10917 135
0.01 10918 135
0.01 10919 135
0.01 10920 108
0.01 10921 135
0.01 10922 135
0.01 10923 108
0.01 10924 135
0.01 10925 135
0.01 10926 135
0.01 10927 135
0.01 10928 108
0.01 10929 135
0.01 10930 108
0.01 10931 108
0.01 10932 108
0.01 10933 135
0.01 10934 135
0.01 10935 135
0.01 10936 108
0.01 10937 108
0.01 10938 135
0.01 10939 135
0.01 10940 108
0.01 10941 135
0.01 10942 135
0.01 10943 135
0.01 10944 135
0.01 10945 135
0.01 10946 108
0.01 10947 108
0.01 10948 135
0.01 10949 135
0.01 10950 108
0.01 10951 108
0.01 10952 135
0.01 10953 108
0.01 10954 135
0.01 10955 135
0.01 10956 135
0.01 10957 108
0.01 10958 135
0.01 10959 135
0.01 10960 108
0.01 10961 108
0.01 10962 135
0.01 10963 108
0.01 10964 108
0.01 10965 135
0.01 10966 135
0.01 10967 108
0.01 10968 135
0.01 10969 108
0.01 10970 108
0.01 10971 135
0.01 10972 108
0.01 10973 135
0.01 10974 108
0.01 10975 135
0.01 10976 135
0.01 10977 108
0.01 10978 108
0.01 10979 135
0.01 10980 108
0.01 10981 108
0.01 10982 108
0.01 10983 135
0.01 10984 135
0.01 10985 135
0.01 10986 135
0.01 10987 108
0.01 10988 135
0.01 10989 135
0.01 10990 135
0.01 10991 135
0.01 10992 108
0.01 10993 108
0.01 10994 135
0.01 10995 135
0.01 10996 135
0.01 10997 108
0.01 10998 108
0.01 10999 135
0.01 11000 135
0.01 11001 135
0.01 11002 135
0.01 11003 108
0.01 11004 108
0.01 11005 135
0.01 11006 108
0.01 11007 108
0.01 11008 108
0.01 11009 135
0.01 11010 108
0.01 11011 108
0.01 11012 108
0.01 11013 135
0.01 11014 135
0.01 11015 135
0.01 11016 135
0.01 11017 135
0.01 11018 135
0.01 11019 108
0.01 11020 135
0.01 11021 135
0.01 11022 108
0.01 11023 135
0.01 11024 135
0.01 11025 108
0.01 11026 135
0.01 11027 135
0.01 11028 135
0.01 11029 108
0.01 11030 108
0.01 11031 135
0.01 11032 135
0.01 11033 135
0.01 11034 135
0.01 11035 135
0.01 11036 135
0.01 11037 135
0.01 11038 135
0.01 11039 108
0.01 11040 135
0.01 11041 108
0.01 11042 108
0.01 11043 108
0.01 11044 108
0.01 11045 108
0.01 11046 135
0.01 11047 108
0.01 11048 135
0.01 11049 135
0.01 11050 135
0.01 11051 135
0.01 11052 108
0.01 11053 135
0.01 11054 108
0.01 11055 135
0.01 11056 135
0.01 11057 135
0.01 11058 135
0.01 11059 135
0.01 11060 135
0.01 11061 108
0.01 11062 135
0.01 11063 135
0.01 11064 108
0.01 11065 108
0.01 11066 135
0.01 11067 135
0.01 11068 108
0.01 11069 108
0.01 11070 135
0.01 11071 108
0.01 11072 135
0.01 11073 135
0.01 11074 135
0.01 11075 108
0.01 11076 135
0.01 11077 135
0.01 11078 135
0.01 11079 108
0.01 11080 135
0.01 11081 135
0.01 11082 135
0.01 11083 135
0.01 11084 135
0.01 11085 135
0.01 11086 135
0.01 11087 135
0.01 11088 135
0.01 11089 135
0.01 11090 108
0.01 11091 135
0.01 11092 135
0.01 11093 135
0.01 11094 135
0.01 11095 108
0.01 11096 135
0.01 11097 108
0.01 11098 135
0.01 11099 135
0.01 11100 135
0.01 11101 108
0.01 11102 108
0.01 11103 135
0.01 11104 108
0.01 11105 135
0.01 11106 135
0.01 11107 135
0.01 11108 135
0.01 11109 135
0.01 11110 135
0.01 11111 135
0.01 11112 135
0.01 11113 135
0.01 11114 108
0.01 11115 135
0.01 11116 135
0.01 11117 135
0.01 11118 108
0.01 11119 135
0.01 11120 108
0.01 11121 135
0.01 11122 135
0.01 11123 108
0.01 11124 135
0.01 11125 108
0.01 11126 135
0.01 11127 135
0.01 11128 135
0.01 11129 135
0.01 11130 135
0.01 11131 108
0.01 11132 108
0.01 11133 135
0.01 11134 135
0.01 11135 108
0.01 11136 108
0.01 11137 108
0.01 11138 108
0.01 11139 135
0.01 11140 135
0.01 11141 135
0.01 11142 135
0.01 11143 135
0.01 11144 108
0.01 11145 135
0.01 11146 135
0.01 11147 135
0.01 11148 135
0.01 11149 135
0.01 11150 135
0.01 11151 108
0.01 11152 108
0.01 11153 108
0.01 11154 108
0.01 11155 135
0.01 11156 135
0.01 11157 135
0.01 11158 135
0.01 11159 135
0.01 11160 135
0.01 11161 135
0.01 11162 135
0.01 11163 108
0.01 11164 135
0.01 11165 108
0.01 11166 135
0.01 11167 135
0.01 11168 135
0.01 11169 135
0.01 11170 135
0.01 11171 135
0.01 11172 135
0.01 11173 135
0.01 11174 108
0.01 11175 135
0.01 11176 135
0.01 11177 135
0.01 11178 108
0.01 11179 135
0.01 11180 108
0.01 11181 108
0.01 11182 108
0.01 11183 135
0.01 11184 135
0.01 11185 135
0.01 11186 135
0.01 11187 108
0.01 11188 135
0.01 11189 135
0.01 11190 135
0.01 11191 135
0.01 11192 108
0.01 11193 108
0.01 11194 135
0.01 11195 135
0.01 11196 135
0.01 11197 108
0.01 11198 108
0.01 11199 135
0.01 11200 135
0.01 11201 135
0.01 11202 135
0.01 11203 135
0.01 11204 135
0.01 11205 135
0.01 11206 135
0.01 11207 135
0.01 11208 108
0.01 11209 135
0.01 11210 108
0.01 11211 135
0.01 11212 135
0.01 11213 135
0.01 11214 135
0.01 11215 135
0.01 11216 135
0.01 11217 135
0.01 11218 108
0.01 11219 135
0.01 11220 108
0.01 11221 135
0.01 11222 135
0.01 11223 108
0.01 11224 135
0.01 11225 135
0.01 11226 135
0.01 11227 135
0.01 11228 135
0.01 11229 135
0.01 11230 135
0.01 11231 135
0.01 11232 135
0.01 11233 108
0.01 11234 135
0.01 11235 135
0.01 11236 135
0.01 11237 108
0.01 11238 135
0.01 11239 135
0.01 11240 135
0.01 11241 108
0.01 11242 108
0.01 11243 135
0.01 11244 135
0.01 11245 135
0.01 11246 135
0.01 11247 135
0.01 11248 135
0.01 11249 108
0.01 11250 135
0.01 11251 135
0.01 11252 135
0.01 11253 135
0.01 11254 135
0.01 11255 135
0.01 11256 135
0.01 11257 135
0.01 11258 135
0.01 11259 135
0.01 11260 135
0.01 11261 135
0.01 11262 135
0.01 11263 135
0.01 11264 135
0.01 11265 108
0.01 11266 135
0.01 11267 135
0.01 11268 135
0.01 11269 108
0.01 11270 135
0.01 11271 135
0.01 11272 108
0.01 11273 135
0.01 11274 108
0.01 11275 135
0.01 11276 135
0.01 11277 108
0.01 11278 135
0.01 11279 108
0.01 11280 135
0.01 11281 108
0.01 11282 135
0.01 11283 108
0.01 11284 108
0.01 11285 108
0.01 11286 135
0.01 11287 135
0.01 11288 108
0.01 11289 108
0.01 11290 135
0.01 11291 135
0.01 11292 135
0.01 11293 135
0.01 11294 108
0.01 11295 135
0.01 11296 135
0.01 11297 108
0.01 11298 135
0.01 11299 108
0.01 11300 108
0.01 11301 135
0.01 11302 135
0.01 11303 135
0.01 11304 135
0.01 11305 135
0.01 11306 108
0.01 11307 108
0.01 11308 135
0.01 11309 135
0.01 11310 108
0.01 11311 108
0.01 11312 135
0.01 11313 135
0.01 11314 135
0.01 11315 108
0.01 11316 135
0.01 11317 135
0.01 11318 135
0.01 11319 135
0.01 11320 135
0.01 11321 108
0.01 11322 135
0.01 11323 135
0.01 11324 135
0.01 11325 135
0.01 11326 135
0.01 11327 108
0.01 11328 108
0.01 11329 108
0.01 11330 135
0.01 11331 135
0.01 11332 135
0.01 11333 108
0.01 11334 135
0.01 11335 135
0.01 11336 135
0.01 11337 135
0.01 11338 135
0.01 11339 108
0.01 11340 135
0.01 11341 108
0.01 11342 108
0.01 11343 135
0.01 11344 108
0.01 11345 135
0.01 11346 135
0.01 11347 135
0.01 11348 135
0.01 11349 108
0.01 11350 108
0.01 11351 108
0.01 11352 108
0.01 11353 108
0.01 11354 108
0.01 11355 135
0.01 11356 135
0.01 11357 108
0.01 11358 108
0.01 11359 135
0.01 11360 135
0.01 11361 108
0.01 11362 135
0.01 11363 108
0.01 11364 108
0.01 11365 135
0.01 11366 135
0.01 11367 108
0.01 11368 135
0.01 11369 135
0.01 11370 135
0.01 11371 135
0.01 11372 135
0.01 11373 108
0.01 11374 135
0.01 11375 135
0.01 11376 108
0.01 11377 135
0.01 11378 135
0.01 11379 135
0.01 11380 108
0.01 11381 108
0.01 11382 135
0.01 11383 108
0.01 11384 135
0.01 11385 108
0.01 11386 135
0.01 11387 135
0.01 11388 135
0.01 11389 108
0.01 11390 135
0.01 11391 135
0.01 11392 135
0.01 11393 135
0.01 11394 135
0.01 11395 135
0.01 11396 135
0.01 11397 135
0.01 11398 135
0.01 11399 108
0.01 11400 135
0.01 11401 108
0.01 11402 135
0.01 11403 135
0.01 11404 108
0.01 11405 135
0.01 11406 108
0.01 11407 108
0.01 11408 108
0.01 11409 135
0.01 11410 135
0.01 11411 135
0.01 11412 135
0.01 11413 135
0.01 11414 135
0.01 11415 135
0.01 11416 135
0.01 11417 135
0.01 11418 135
0.01 11419 135
0.01 11420 135
0.01 11421 135
0.01 11422 135
0.01 11423 135
0.01 11424 108
0.01 11425 135
0.01 11426 135
0.01 11427 135
0.01 11428 135
0.01 11429 135
0.01 11430 135
0.01 11431 135
0.01 11432 135
0.01 11433 108
0.01 11434 135
0.01 11435 135
0.01 11436 135
0.01 11437 135
0.01 11438 108
0.01 11439 135
0.01 11440 135
0.01 11441 108
0.01 11442 108
0.01 11443 108
0.01 11444 135
0.01 11445 135
0.01 11446 135
0.01 11447 135
0.01 11448 135
0.01 11449 135
0.01 11450 135
0.01 11451 108
0.01 11452 108
0.01 11453 135
0.01 11454 108
0.01 11455 108
0.01 11456 135
0.01 11457 135
0.01 11458 135
0.01 11459 108
0.01 11460 108
0.01 11461 135
0.01 11462 108
0.01 11463 135
0.01 11464 135
0.01 11465 135
0.01 11466 135
0.01 11467 135
0.01 11468 135
0.01 11469 135
0.01 11470 135
0.01 11471 108
0.01 11472 108
0.01 11473 135
0.01 11474 135
0.01 11475 108
0.01 11476 135
0.01 11477 108
0.01 11478 135
0.01 11479 108
0.01 11480 135
0.01 11481 135
0.01 11482 135
0.01 11483 135
0.01 11484 135
0.01 11485 135
0.01 11486 108
0.01 11487 135
0.01 11488 108
0.01 11489 108
0.01 11490 135
0.01 11491 135
0.01 11492 135
0.01 11493 108
0.01 11494 135
0.01 11495 108
0.01 11496 135
0.01 11497 135
0.01 11498 108
0.01 11499 108
0.01 11500 108
0.01 11501 135
0.01 11502 108
0.01 11503 135
0.01 11504 108
0.01 11505 108
0.01 11506 108
0.01 11507 135
0.01 11508 135
0.01 11509 108
0.01 11510 135
0.01 11511 108
0.01 11512 135
0.01 11513 135
0.01 11514 135
0.01 11515 135
0.01 11516 108
0.01 11517 108
0.01 11518 135
0.01 11519 135
0.01 11520 135
0.01 11521 135
0.01 11522 135
0.01 11523 135
0.01 11524 135
0.01 11525 135
0.01 11526 135
0.01 11527 135
0.01 11528 135
0.01 11529 135
0.01 11530 135
0.01 11531 135
0.01 11532 135
0.01 11533 108
0.01 11534 135
0.01 11535 108
0.01 11536 135
0.01 11537 135
0.01 11538 135
0.01 11539 108
0.01 11540 135
0.01 11541 135
0.01 11542 135
0.01 11543 135
0.01 11544 135
0.01 11545 108
0.01 11546 135
0.01 11547 135
0.01 11548 135
0.01 11549 135
0.01 11550 135
0.01 11551 135
0.01 11552 135
0.01 11553 135
0.01 11554 135
0.01 11555 108
0.01 11556 135
0.01 11557 135
0.01 11558 108
0.01 11559 135
0.01 11560 135
0.01 11561 108
0.01 11562 135
0.01 11563 108
0.01 11564 108
0.01 11565 135
0.01 11566 135
0.01 11567 108
0.01 11568 135
0.01 11569 135
0.01 11570 135
0.01 11571 108
0.01 11572 135
0.01 11573 135
0.01 11574 108
0.01 11575 135
0.01 11576 135
0.01 11577 135
0.01 11578 108
0.01 11579 108
0.01 11580 135
0.01 11581 135
0.01 11582 108
0.01 11583 135
0.01 11584 108
0.01 11585 135
0.01 11586 135
0.01 11587 135
0.01 11588 135
0.01 11589 135
0.01 11590 135
0.01 11591 135
0.01 11592 135
0.01 11593 108
0.01 11594 135
0.01 11595 135
0.01 11596 108
0.01 11597 135
0.01 11598 135
0.01 11599 135
0.01 11600 135
0.01 11601 108
0.01 11602 135
0.01 11603 135
0.01 11604 135
0.01 11605 108
0.01 11606 135
0.01 11607 135
0.01 11608 135
0.01 11609 135
0.01 11610 135
0.01 11611 135
0.01 11612 135
0.01 11613 108
0.01 11614 135
0.01 11615 135
0.01 11616 135
0.01 11617 135
0.01 11618 135
0.01 11619 108
0.01 11620 108
0.01 11621 135
0.01 11622 135
0.01 11623 108
0.01 11624 135
0.01 11625 108
0.01 11626 135
0.01 11627 108
0.01 11628 135
0.01 11629 135
0.01 11630 135
0.01 11631 108
0.01 11632 135
0.01 11633 108
0.01 11634 108
0.01 11635 135
0.01 11636 135
0.01 11637 135
0.01 11638 108
0.01 11639 135
0.01 11640 135
0.01 11641 108
0.01 11642 135
0.01 11643 108
0.01 11644 135
0.01 11645 135
0.01 11646 108
0.01 11647 135
0.01 11648 108
0.01 11649 135
0.01 11650 135
0.01 11651 135
0.01 11652 135
0.01 11653 135
0.01 11654 135
0.01 11655 135
0.01 11656 135
0.01 11657 108
0.01 11658 135
0.01 11659 135
0.01 11660 108
0.01 11661 135
0.01 11662 135
0.01 11663 135
0.01 11664 135
0.01 11665 135
0.01 11666 135
0.01 11667 108
0.01 11668 135
0.01 11669 135
0.01 11670 135
0.01 11671 135
0.01 11672 108
0.01 11673 135
0.01 11674 135
0.01 11675 135
0.01 11676 135
0.01 11677 135
0.01 11678 135
0.01 11679 108
0.01 11680 108
0.01 11681 135
0.01 11682 135
0.01 11683 135
0.01 11684 135
0.01 11685 108
0.01 11686 135
0.01 11687 108
0.01 11688 108
0.01 11689 135
0.01 11690 135
0.01 11691 108
0.01 11692 108
0.01 11693 108
0.01 11694 135
0.01 11695 108
0.01 11696 135
0.01 11697 108
0.01 11698 135
0.01 11699 108
0.01 11700 135
0.01 11701 135
0.01 11702 135
0.01 11703 135
0.01 11704 135
0.01 11705 135
0.01 11706 135
0.01 11707 135
0.01 11708 108
0.01 11709 135
0.01 11710 135
0.01 11711 108
0.01 11712 108
0.01 11713 108
0.01 11714 135
0.01 11715 108
0.01 11716 135
0.01 11717 135
0.01 11718 135
0.01 11719 135
0.01 11720 135
0.01 11721 108
0.01 11722 135
0.01 11723 135
0.01 11724 135
0.01 11725 135
0.01 11726 108
0.01 11727 135
0.01 11728 135
0.01 11729 108
0.01 11730 135
0.01 11731 135
0.01 11732 135
0.01 11733 135
0.01 11734 135
0.01 11735 135
0.01 11736 108
0.01 11737 135
0.01 11738 135
0.01 11739 135
0.01 11740 135
0.01 11741 108
0.01 11742 135
0.01 11743 108
0.01 11744 135
0.01 11745 108
0.01 11746 108
0.01 11747 135
0.01 11748 108
0.01 11749 135
0.01 11750 135
0.01 11751 135
0.01 11752 108
0.01 11753 135
0.01 11754 108
0.01 11755 135
0.01 11756 135
0.01 11757 135
0.01 11758 108
0.01 11759 135
0.01 11760 135
0.01 11761 135
0.01 11762 108
0.01 11763 135
0.01 11764 108
0.01 11765 108
0.01 11766 108
0.01 11767 135
0.01 11768 135
0.01 11769 135
0.01 11770 108
0.01 11771 108
0.01 11772 135
0.01 11773 108
0.01 11774 135
0.01 11775 108
0.01 11776 108
0.01 11777 108
0.01 11778 108
0.01 11779 135
0.01 11780 108
0.01 11781 135
0.01 11782 135
0.01 11783 135
0.01 11784 135
0.01 11785 135
0.01 11786 108
0.01 11787 135
0.01 11788 135
0.01 11789 135
0.01 11790 108
0.01 11791 108
0.01 11792 108
0.01 11793 135
0.01 11794 135
0.01 11795 135
0.01 11796 135
0.01 11797 108
0.01 11798 135
0.01 11799 135
0.01 11800 108
0.01 11801 108
0.01 11802 135
0.01 11803 108
0.01 11804 135
0.01 11805 135
0.01 11806 108
0.01 11807 135
0.01 11808 108
0.01 11809 108
0.01 11810 135
0.01 11811 135
0.01 11812 108
0.01 11813 108
0.01 11814 135
0.01 11815 135
0.01 11816 135
0.01 11817 135
0.01 11818 135
0.01 11819 135
0.01 11820 108
0.01 11821 108
0.01 11822 108
0.01 11823 135
0.01 11824 135
0.01 11825 135
0.01 11826 135
0.01 11827 135
0.01 11828 108
0.01 11829 108
0.01 11830 135
0.01 11831 135
0.01 11832 135
0.01 11833 135
0.01 11834 135
0.01 11835 135
0.01 11836 135
0.01 11837 135
0.01 11838 135
0.01 11839 135
0.01 11840 108
0.01 11841 135
0.01 11842 135
0.01 11843 108
0.01 11844 135
0.01 11845 135
0.01 11846 135
0.01 11847 135
0.01 11848 135
0.01 11849 135
0.01 11850 108
0.01 11851 135
0.01 11852 135
0.01 11853 135
0.01 11854 135
0.01 11855 108
0.01 11856 135
0.01 11857 108
0.01 11858 135
0.01 11859 135
0.01 11860 135
0.01 11861 108
0.01 11862 135
0.01 11863 135
0.01 11864 135
0.01 11865 135
0.01 11866 108
0.01 11867 135
0.01 11868 108
0.01 11869 108
0.01 11870 108
0.01 11871 108
0.01 11872 108
0.01 11873 108
0.01 11874 135
0.01 11875 135
0.01 11876 108
0.01 11877 108
0.01 11878 135
0.01 11879 135
0.01 11880 135
0.01 11881 108
0.01 11882 108
0.01 11883 108
0.01 11884 135
0.01 11885 108
0.01 11886 135
0.01 11887 135
0.01 11888 135
0.01 11889 135
0.01 11890 135
0.01 11891 108
0.01 11892 135
0.01 11893 135
0.01 11894 108
0.01 11895 135
0.01 11896 108
0.01 11897 135
0.01 11898 135
0.01 11899 108
0.01 11900 108
0.01 11901 135
0.01 11902 108
0.01 11903 108
0.01 11904 135
0.01 11905 108
0.01 11906 135
0.01 11907 135
0.01 11908 135
0.01 11909 135
0.01 11910 135
0.01 11911 108
0.01 11912 135
0.01 11913 135
0.01 11914 108
0.01 11915 135
0.01 11916 135
0.01 11917 135
0.01 11918 108
0.01 11919 135
0.01 11920 135
0.01 11921 108
0.01 11922 135
0.01 11923 135
0.01 11924 135
0.01 11925 135
0.01 11926 135
0.01 11927 135
0.01 11928 135
0.01 11929 135
0.01 11930 135
0.01 11931 135
0.01 11932 135
0.01 11933 108
0.01 11934 108
0.01 11935 135
0.01 11936 135
0.01 11937 135
0.01 11938 135
0.01 11939 135
0.01 11940 135
0.01 11941 135
0.01 11942 135
0.01 11943 135
0.01 11944 135
0.01 11945 108
0.01 11946 135
0.01 11947 135
0.01 11948 108
0.01 11949 135
0.01 11950 135
0.01 11951 135
0.01 11952 135
0.01 11953 108
0.01 11954 135
0.01 11955 135
0.01 11956 135
0.01 11957 135
0.01 11958 135
0.01 11959 135
0.01 11960 108
0.01 11961 135
0.01 11962 135
0.01 11963 135
0.01 11964 108
0.01 11965 135
0.01 11966 135
0.01 11967 135
0.01 11968 108
0.01 11969 135
0.01 11970 135
0.01 11971 135
0.01 11972 135
0.01 11973 135
0.01 11974 135
0.01 11975 135
0.01 11976 135
0.01 11977 135
0.01 11978 135
0.01 11979 135
0.01 11980 108
0.01 11981 108
0.01 11982 135
0.01 11983 135
0.01 11984 135
0.01 11985 135
0.01 11986 135
0.01 11987 108
0.01 11988 135
0.01 11989 135
0.01 11990 135
0.01 11991 135
0.01 11992 135
0.01 11993 135
0.01 11994 135
0.01 11995 135
0.01 11996 108
0.01 11997 135
0.01 11998 135
0.01 11999 108
0.01 12000 135
0.01 12001 135
0.01 12002 135
0.01 12003 135
0.01 12004 135
0.01 12005 108
0.01 12006 135
0.01 12007 108
0.01 12008 108
0.01 12009 135
0.01 12010 108
0.01 12011 135
0.01 12012 135
0.01 12013 135
0.01 12014 135
0.01 12015 135
0.01 12016 135
0.01 12017 135
0.01 12018 108
0.01 12019 135
0.01 12020 108
0.01 12021 108
0.01 12022 108
0.01 12023 108
0.01 12024 135
0.01 12025 108
0.01 12026 135
0.01 12027 135
0.01 12028 135
0.01 12029 108
0.01 12030 135
0.01 12031 108
0.01 12032 135
0.01 12033 108
0.01 12034 108
0.01 12035 108
0.01 12036 135
0.01 12037 108
0.01 12038 135
0.01 12039 108
0.01 12040 108
0.01 12041 135
0.01 12042 108
0.01 12043 135
0.01 12044 108
0.01 12045 135
0.01 12046 135
0.01 12047 108
0.01 12048 135
0.01 12049 108
0.01 12050 135
0.01 12051 135
0.01 12052 108
0.01 12053 135
0.01 12054 135
0.01 12055 135
0.01 12056 108
0.01 12057 108
0.01 12058 135
0.01 12059 135
0.01 12060 108
0.01 12061 135
0.01 12062 108
0.01 12063 135
0.01 12064 135
0.01 12065 135
0.01 12066 135
0.01 12067 135
0.01 12068 135
0.01 12069 135
0.01 12070 135
0.01 12071 108
0.01 12072 135
0.01 12073 135
0.01 12074 135
0.01 12075 135
0.01 12076 135
0.01 12077 135
0.01 12078 108
0.01 12079 135
0.01 12080 108
0.01 12081 108
0.01 12082 135
0.01 12083 135
0.01 12084 135
0.01 12085 108
0.01 12086 135
0.01 12087 108
0.01 12088 135
0.01 12089 108
0.01 12090 135
0.01 12091 135
0.01 12092 135
0.01 12093 135
0.01 12094 135
0.01 12095 135
0.01 12096 135
0.01 12097 135
0.01 12098 135
0.01 12099 135
0.01 12100 108
0.01 12101 135
0.01 12102 135
0.01 12103 108
0.01 12104 108
0.01 12105 135
0.01 12106 135
0.01 12107 135
0.01 12108 135
0.01 12109 108
0.01 12110 108
0.01 12111 135
0.01 12112 108
0.01 12113 108
0.01 12114 135
0.01 12115 135
0.01 12116 108
0.01 12117 135
0.01 12118 135
0.01 12119 108
0.01 12120 108
0.01 12121 135
0.01 12122 135
0.01 12123 135
0.01 12124 108
0.01 12125 135
0.01 12126 135
0.01 12127 135
0.01 12128 135
0.01 12129 135
0.01 12130 135
0.01 12131 135
0.01 12132 108
0.01 12133 108
0.01 12134 108
0.01 12135 135
0.01 12136 108
0.01 12137 135
0.01 12138 135
0.01 12139 135
0.01 12140 135
0.01 12141 108
0.01 12142 108
0.01 12143 135
0.01 12144 108
0.01 12145 135
0.01 12146 108
0.01 12147 108
0.01 12148 135
0.01 12149 135
0.01 12150 135
0.01 12151 108
0.01 12152 135
0.01 12153 108
0.01 12154 135
0.01 12155 135
0.01 12156 135
0.01 12157 135
0.01 12158 135
0.01 12159 108
0.01 12160 135
0.01 12161 135
0.01 12162 135
0.01 12163 108
0.01 12164 135
0.01 12165 135
0.01 12166 135
0.01 12167 108
0.01 12168 135
0.01 12169 135
0.01 12170 135
0.01 12171 135
0.01 12172 135
0.01 12173 108
0.01 12174 108
0.01 12175 135
0.01 12176 135
0.01 12177 135
0.01 12178 135
0.01 12179 135
0.01 12180 108
0.01 12181 135
0.01 12182 135
0.01 12183 135
0.01 12184 108
0.01 12185 135
0.01 12186 135
0.01 12187 135
0.01 12188 108
0.01 12189 135
0.01 12190 135
0.01 12191 135
0.01 12192 135
0.01 12193 135
0.01 12194 135
0.01 12195 135
0.01 12196 135
0.01 12197 135
0.01 12198 135
0.01 12199 108
0.01 12200 135
0.01 12201 135
0.01 12202 108
0.01 12203 135
0.01 12204 135
0.01 12205 135
0.01 12206 108
0.01 12207 135
0.01 12208 108
0.01 12209 135
0.01 12210 135
0.01 12211 135
0.01 12212 135
0.01 12213 135
0.01 12214 135
0.01 12215 135
0.01 12216 135
0.01 12217 135
0.01 12218 135
0.01 12219 135
0.01 12220 135
0.01 12221 108
0.01 12222 135
0.01 12223 135
0.01 12224 135
0.01 12225 135
0.01 12226 135
0.01 12227 135
0.01 12228 108
0.01 12229 135
0.01 12230 135
0.01 12231 135
0.01 12232 135
0.01 12233 108
0.01 12234 135
0.01 12235 135
0.01 12236 135
0.01 12237 135
0.01 12238 135
0.01 12239 135
0.01 12240 108
0.01 12241 135
0.01 12242 135
0.01 12243 135
0.01 12244 135
0.01 12245 135
0.01 12246 108
0.01 12247 135
0.01 12248 135
0.01 12249 135
0.01 12250 108
0.01 12251 108
0.01 12252 135
0.01 12253 108
0.01 12254 135
0.01 12255 108
0.01 12256 135
0.01 12257 108
0.01 12258 108
0.01 12259 135
0.01 12260 135
0.01 12261 135
0.01 12262 135
0.01 12263 135
0.01 12264 108
0.01 12265 135
0.01 12266 135
0.01 12267 135
0.01 12268 135
0.01 12269 135
0.01 12270 135
0.01 12271 135
0.01 12272 108
0.01 12273 135
0.01 12274 135
0.01 12275 108
0.01 12276 135
0.01 12277 135
0.01 12278 135
0.01 12279 108
0.01 12280 135
0.01 12281 135
0.01 12282 108
0.01 12283 135
0.01 12284 135
0.01 12285 135
0.01 12286 108
0.01 12287 135
0.01 12288 135
0.01 12289 108
0.01 12290 135
0.01 12291 135
0.01 12292 108
0.01 12293 108
0.01 12294 135
0.01 12295 108
0.01 12296 135
0.01 12297 135
0.01 12298 135
0.01 12299 135
0.01 12300 135
0.01 12301 135
0.01 12302 135
0.01 12303 135
0.01 12304 135
0.01 12305 108
0.01 12306 108
0.01 12307 108
0.01 12308 135
0.01 12309 108
0.01 12310 108
0.01 12311 135
0.01 12312 108
0.01 12313 135
0.01 12314 108
0.01 12315 108
0.01 12316 135
0.01 12317 108
0.01 12318 135
0.01 12319 135
0.01 12320 135
0.01 12321 108
0.01 12322 135
0.01 12323 135
0.01 12324 135
0.01 12325 108
0.01 12326 135
0.01 12327 108
0.01 12328 135
0.01 12329 135
0.01 12330 135
0.01 12331 108
0.01 12332 135
0.01 12333 135
0.01 12334 135
0.01 12335 135
0.01 12336 108
0.01 12337 135
0.01 12338 108
0.01 12339 135
0.01 12340 135
0.01 12341 135
0.01 12342 135
0.01 12343 135
0.01 12344 135
0.01 12345 135
0.01 12346 135
0.01 12347 135
0.01 12348 108
0.01 12349 135
0.01 12350 135
0.01 12351 108
0.01 12352 135
0.01 12353 135
0.01 12354 108
0.01 12355 135
0.01 12356 135
0.01 12357 135
0.01 12358 108
0.01 12359 135
0.01 12360 135
0.01 12361 135
0.01 12362 135
0.01 12363 135
0.01 12364 135
0.01 12365 108
0.01 12366 108
0.01 12367 135
0.01 12368 135
0.01 12369 108
0.01 12370 135
0.01 12371 135
0.01 12372 135
0.01 12373 135
0.01 12374 108
0.01 12375 108
0.01 12376 135
0.01 12377 108
0.01 12378 135
0.01 12379 135
0.01 12380 135
0.01 12381 108
0.01 12382 108
0.01 12383 108
0.01 12384 135
0.01 12385 135
0.01 12386 135
0.01 12387 135
0.01 12388 108
0.01 12389 135
0.01 12390 135
0.01 12391 135
0.01 12392 135
0.01 12393 135
0.01 12394 135
0.01 12395 135
0.01 12396 135
0.01 12397 135
0.01 12398 135
0.01 12399 135
0.01 12400 135
0.01 12401 135
0.01 12402 135
0.01 12403 108
0.01 12404 135
0.01 12405 135
0.01 12406 135
0.01 12407 135
0.01 12408 135
0.01 12409 135
0.01 12410 108
0.01 12411 135
0.01 12412 135
0.01 12413 108
0.01 12414 135
0.01 12415 135
0.01 12416 135
0.01 12417 108
0.01 12418 135
0.01 12419 135
0.01 12420 108
0.01 12421 135
0.01 12422 108
0.01 12423 135
0.01 12424 135
0.01 12425 135
0.01 12426 135
0.01 12427 135
0.01 12428 108
0.01 12429 135
0.01 12430 135
0.01 12431 135
0.01 12432 135
0.01 12433 135
0.01 12434 108
0.01 12435 135
0.01 12436 108
0.01 12437 135
0.01 12438 108
0.01 12439 135
0.01 12440 135
0.01 12441 135
0.01 12442 135
0.01 12443 108
0.01 12444 108
0.01 12445 108
0.01 12446 135
0.01 12447 108
0.01 12448 135
0.01 12449 108
0.01 12450 135
0.01 12451 135
0.01 12452 135
0.01 12453 108
0.01 12454 135
0.01 12455 135
0.01 12456 135
0.01 12457 135
0.01 12458 135
0.01 12459 135
0.01 12460 108
0.01 12461 135
0.01 12462 108
0.01 12463 135
0.01 12464 135
0.01 12465 135
0.01 12466 135
0.01 12467 135
0.01 12468 135
0.01 12469 135
0.01 12470 135
0.01 12471 135
0.01 12472 135
0.01 12473 135
0.01 12474 135
0.01 12475 135
0.01 12476 135
0.01 12477 108
0.01 12478 135
0.01 12479 135
0.01 12480 135
0.01 12481 108
0.01 12482 135
0.01 12483 135
0.01 12484 135
0.01 12485 108
0.01 12486 135
0.01 12487 135
0.01 12488 108
0.01 12489 135
0.01 12490 135
0.01 12491 135
0.01 12492 135
0.01 12493 108
0.01 12494 135
0.01 12495 135
0.01 12496 135
0.01 12497 135
0.01 12498 108
0.01 12499 135
0.01 12500 135
0.01 12501 135
0.01 12502 135
0.01 12503 135
0.01 12504 135
0.01 12505 135
0.01 12506 135
0.01 12507 108
0.01 12508 108
0.01 12509 108
0.01 12510 108
0.01 12511 108
0.01 12512 108
0.01 12513 108
0.01 12514 108
0.01 12515 135
0.01 12516 108
0.01 12517 135
0.01 12518 135
0.01 12519 135
0.01 12520 108
0.01 12521 108
0.01 12522 135
0.01 12523 135
0.01 12524 135
0.01 12525 108
0.01 12526 135
0.01 12527 135
0.01 12528 135
0.01 12529 135
0.01 12530 135
0.01 12531 108
0.01 12532 135
0.01 12533 108
0.01 12534 135
0.01 12535 108
0.01 12536 135
0.01 12537 135
0.01 12538 108
0.01 12539 135
0.01 12540 135
0.01 12541 135
0.01 12542 135
0.01 12543 135
0.01 12544 135
0.01 12545 135
0.01 12546 135
0.01 12547 135
0.01 12548 135
0.01 12549 108
0.01 12550 135
0.01 12551 135
0.01 12552 135
0.01 12553 108
0.01 12554 135
0.01 12555 135
0.01 12556 135
0.01 12557 108
0.01 12558 108
0.01 12559 108
0.01 12560 135
0.01 12561 135
0.01 12562 135
0.01 12563 135
0.01 12564 108
0.01 12565 135
0.01 12566 135
0.01 12567 135
0.01 12568 108
0.01 12569 135
0.01 12570 135
0.01 12571 108
0.01 12572 135
0.01 12573 135
0.01 12574 108
0.01 12575 135
0.01 12576 108
0.01 12577 108
0.01 12578 135
0.01 12579 108
0.01 12580 135
0.01 12581 135
0.01 12582 108
0.01 12583 135
0.01 12584 135
0.01 12585 135
0.01 12586 135
0.01 12587 135
0.01 12588 135
0.01 12589 135
0.01 12590 108
0.01 12591 108
0.01 12592 135
0.01 12593 135
0.01 12594 135
0.01 12595 108
0.01 12596 135
0.01 12597 135
0.01 12598 135
0.01 12599 135
0.01 12600 135
0.01 12601 135
0.01 12602 135
0.01 12603 135
0.01 12604 135
0.01 12605 135
0.01 12606 135
0.01 12607 135
0.01 12608 135
0.01 12609 135
0.01 12610 135
0.01 12611 135
0.01 12612 108
0.01 12613 135
0.01 12614 135
0.01 12615 135
0.01 12616 135
0.01 12617 135
0.01 12618 135
0.01 12619 108
0.01 12620 135
0.01 12621 108
0.01 12622 135
0.01 12623 135
0.01 12624 135
0.01 12625 135
0.01 12626 108
0.01 12627 135
0.01 12628 135
0.01 12629 135
0.01 12630 135
0.01 12631 135
0.01 12632 135
0.01 12633 135
0.01 12634 135
0.01 12635 135
0.01 12636 135
0.01 12637 135
0.01 12638 108
0.01 12639 135
0.01 12640 135
0.01 12641 135
0.01 12642 135
0.01 12643 135
0.01 12644 135
0.01 12645 135
0.01 12646 135
0.01 12647 135
0.01 12648 135
0.01 12649 135
0.01 12650 135
0.01 12651 135
0.01 12652 135
0.01 12653 135
0.01 12654 108
0.01 12655 108
0.01 12656 135
0.01 12657 135
0.01 12658 108
0.01 12659 135
0.01 12660 135
0.01 12661 135
0.01 12662 108
0.01 12663 108
0.01 12664 108
0.01 12665 135
0.01 12666 135
0.01 12667 135
0.01 12668 135
0.01 12669 135
0.01 12670 135
0.01 12671 108
0.01 12672 135
0.01 12673 108
0.01 12674 108
0.01 12675 108
0.01 12676 135
0.01 12677 135
0.01 12678 135
0.01 12679 135
0.01 12680 135
0.01 12681 135
0.01 12682 135
0.01 12683 135
0.01 12684 135
0.01 12685 135
0.01 12686 135
0.01 12687 108
0.01 12688 135
0.01 12689 135
0.01 12690 135
0.01 12691 135
0.01 12692 135
0.01 12693 135
0.01 12694 135
0.01 12695 108
0.01 12696 135
0.01 12697 108
0.01 12698 108
0.01 12699 135
0.01 12700 108
0.01 12701 108
0.01 12702 108
0.01 12703 135
0.01 12704 135
0.01 12705 135
0.01 12706 135
0.01 12707 135
0.01 12708 135
0.01 12709 108
0.01 12710 135
0.01 12711 135
0.01 12712 135
0.01 12713 135
0.01 12714 135
0.01 12715 135
0.01 12716 135
0.01 12717 135
0.01 12718 135
0.01 12719 135
0.01 12720 135
0.01 12721 108
0.01 12722 135
0.01 12723 135
0.01 12724 135
0.01 12725 108
0.01 12726 135
0.01 12727 108
0.01 12728 135
0.01 12729 135
0.01 12730 135
0.01 12731 108
0.01 12732 108
0.01 12733 108
0.01 12734 135
0.01 12735 135
0.01 12736 108
0.01 12737 135
0.01 12738 108
0.01 12739 108
0.01 12740 135
0.01 12741 135
0.01 12742 108
0.01 12743 135
0.01 12744 108
0.01 12745 135
0.01 12746 135
0.01 12747 135
0.01 12748 135
0.01 12749 135
0.01 12750 108
0.01 12751 108
0.01 12752 135
0.01 12753 108
0.01 12754 108
0.01 12755 135
0.01 12756 108
0.01 12757 135
0.01 12758 135
0.01 12759 135
0.01 12760 135
0.01 12761 108
0.01 12762 108
0.01 12763 135
0.01 12764 108
0.01 12765 108
0.01 12766 135
0.01 12767 108
0.01 12768 135
0.01 12769 135
0.01 12770 135
0.01 12771 135
0.01 12772 135
0.01 12773 108
0.01 12774 135
0.01 12775 135
0.01 12776 135
0.01 12777 135
0.01 12778 135
0.01 12779 108
0.01 12780 135
0.01 12781 135
0.01 12782 135
0.01 12783 135
0.01 12784 135
0.01 12785 108
0.01 12786 108
0.01 12787 135
0.01 12788 108
0.01 12789 135
0.01 12790 108
0.01 12791 135
0.01 12792 135
0.01 12793 135
0.01 12794 135
0.01 12795 135
0.01 12796 135
0.01 12797 135
0.01 12798 108
0.01 12799 108
0.01 12800 135
0.01 12801 135
0.01 12802 135
0.01 12803 108
0.01 12804 135
0.01 12805 108
0.01 12806 135
0.01 12807 135
0.01 12808 135
0.01 12809 108
0.01 12810 108
0.01 12811 135
0.01 12812 135
0.01 12813 135
0.01 12814 135
0.01 12815 135
0.01 12816 108
0.01 12817 108
0.01 12818 135
0.01 12819 135
0.01 12820 135
0.01 12821 135
0.01 12822 108
0.01 12823 108
0.01 12824 135
0.01 12825 135
0.01 12826 135
0.01 12827 135
0.01 12828 135
0.01 12829 135
0.01 12830 135
0.01 12831 135
0.01 12832 135
0.01 12833 135
0.01 12834 108
0.01 12835 135
0.01 12836 135
0.01 12837 135
0.01 12838 135
0.01 12839 135
0.01 12840 135
0.01 12841 135
0.01 12842 135
0.01 12843 135
0.01 12844 135
0.01 12845 135
0.01 12846 135
0.01 12847 135
0.01 12848 135
0.01 12849 108
0.01 12850 135
0.01 12851 108
0.01 12852 135
0.01 12853 108
0.01 12854 108
0.01 12855 135
0.01 12856 135
0.01 12857 135
0.01 12858 135
0.01 12859 108
0.01 12860 108
0.01 12861 108
0.01 12862 108
0.01 12863 135
0.01 12864 135
0.01 12865 108
0.01 12866 135
0.01 12867 135
0.01 12868 135
0.01 12869 135
0.01 12870 108
0.01 12871 135
0.01 12872 135
0.01 12873 135
0.01 12874 135
0.01 12875 135
0.01 12876 135
0.01 12877 108
0.01 12878 135
0.01 12879 135
0.01 12880 135
0.01 12881 108
0.01 12882 135
0.01 12883 135
0.01 12884 135
0.01 12885 135
0.01 12886 135
0.01 12887 108
0.01 12888 135
0.01 12889 108
0.01 12890 135
0.01 12891 108
0.01 12892 135
0.01 12893 135
0.01 12894 135
0.01 12895 108
0.01 12896 135
0.01 12897 135
0.01 12898 135
0.01 12899 135
0.01 12900 135
0.01 12901 135
0.01 12902 108
0.01 12903 135
0.01 12904 135
0.01 12905 135
0.01 12906 108
0.01 12907 135
0.01 12908 135
0.01 12909 108
0.01 12910 108
0.01 12911 135
0.01 12912 135
0.01 12913 135
0.01 12914 108
0.01 12915 135
0.01 12916 135
0.01 12917 135
0.01 12918 135
0.01 12919 108
0.01 12920 135
0.01 12921 108
0.01 12922 108
0.01 12923 135
0.01 12924 135
0.01 12925 135
0.01 12926 135
0.01 12927 108
0.01 12928 135
0.01 12929 135
0.01 12930 135
0.01 12931 135
0.01 12932 135
0.01 12933 135
0.01 12934 135
0.01 12935 135
0.01 12936 135
0.01 12937 135
0.01 12938 135
0.01 12939 135
0.01 12940 135
0.01 12941 135
0.01 12942 135
0.01 12943 135
0.01 12944 135
0.01 12945 108
0.01 12946 135
0.01 12947 108
0.01 12948 135
0.01 12949 135
0.01 12950 108
0.01 12951 135
0.01 12952 135
0.01 12953 135
0.01 12954 135
0.01 12955 108
0.01 12956 108
0.01 12957 135
0.01 12958 135
0.01 12959 135
0.01 12960 108
0.01 12961 108
0.01 12962 135
0.01 12963 135
0.01 12964 108
0.01 12965 135
0.01 12966 135
0.01 12967 108
0.01 12968 135
0.01 12969 135
0.01 12970 135
0.01 12971 135
0.01 12972 135
0.01 12973 108
0.01 12974 135
0.01 12975 135
0.01 12976 108
0.01 12977 108
0.01 12978 135
0.01 12979 135
0.01 12980 135
0.01 12981 108
0.01 12982 108
0.01 12983 135
0.01 12984 135
0.01 12985 135
0.01 12986 135
0.01 12987 135
0.01 12988 135
0.01 12989 108
0.01 12990 108
0.01 12991 108
0.01 12992 108
0.01 12993 135
0.01 12994 135
0.01 12995 108
0.01 12996 135
0.01 12997 135
0.01 12998 135
0.01 12999 108
0.01 13000 135
0.01 13001 108
0.01 13002 135
0.01 13003 108
0.01 13004 135
0.01 13005 135
0.01 13006 108
0.01 13007 108
0.01 13008 108
0.01 13009 135
0.01 13010 135
0.01 13011 108
0.01 13012 135
0.01 13013 135
0.01 13014 135
0.01 13015 135
0.01 13016 135
0.01 13017 135
0.01 13018 135
0.01 13019 135
0.01 13020 108
0.01 13021 135
0.01 13022 135
0.01 13023 135
0.01 13024 135
0.01 13025 135
0.01 13026 135
0.01 13027 135
0.01 13028 108
0.01 13029 108
0.01 13030 135
0.01 13031 108
0.01 13032 135
0.01 13033 135
0.01 13034 135
0.01 13035 135
0.01 13036 135
0.01 13037 135
0.01 13038 135
0.01 13039 135
0.01 13040 135
0.01 13041 135
0.01 13042 135
0.01 13043 135
0.01 13044 135
0.01 13045 135
0.01 13046 135
0.01 13047 108
0.01 13048 135
0.01 13049 135
0.01 13050 135
0.01 13051 135
0.01 13052 135
0.01 13053 135
0.01 13054 135
0.01 13055 135
0.01 13056 135
0.01 13057 135
0.01 13058 135
0.01 13059 108
0.01 13060 135
0.01 13061 135
0.01 13062 135
0.01 13063 135
0.01 13064 108
0.01 13065 135
0.01 13066 135
0.01 13067 135
0.01 13068 135
0.01 13069 135
0.01 13070 135
0.01 13071 135
0.01 13072 135
0.01 13073 108
0.01 13074 135
0.01 13075 135
0.01 13076 135
0.01 13077 135
0.01 13078 135
0.01 13079 135
0.01 13080 108
0.01 13081 135
0.01 13082 108
0.01 13083 135
0.01 13084 108
0.01 13085 108
0.01 13086 135
0.01 13087 135
0.01 13088 135
0.01 13089 108
0.01 13090 108
0.01 13091 135
0.01 13092 108
0.01 13093 108
0.01 13094 135
0.01 13095 135
0.01 13096 135
0.01 13097 108
0.01 13098 108
0.01 13099 135
0.01 13100 108
0.01 13101 108
0.01 13102 135
0.01 13103 135
0.01 13104 108
0.01 13105 135
0.01 13106 135
0.01 13107 135
0.01 13108 135
0.01 13109 135
0.01 13110 135
0.01 13111 135
0.01 13112 135
0.01 13113 135
0.01 13114 135
0.01 13115 135
0.01 13116 135
0.01 13117 108
0.01 13118 135
0.01 13119 108
0.01 13120 135
0.01 13121 108
0.01 13122 108
0.01 13123 108
0.01 13124 135
0.01 13125 135
0.01 13126 135
0.01 13127 108
0.01 13128 108
0.01 13129 135
0.01 13130 135
0.01 13131 108
0.01 13132 135
0.01 13133 135
0.01 13134 135
0.01 13135 135
0.01 13136 108
0.01 13137 135
0.01 13138 135
0.01 13139 135
0.01 13140 135
0.01 13141 135
0.01 13142 108
0.01 13143 135
0.01 13144 135
0.01 13145 135
0.01 13146 108
0.01 13147 135
0.01 13148 108
0.01 13149 135
0.01 13150 135
0.01 13151 135
0.01 13152 135
0.01 13153 108
0.01 13154 108
0.01 13155 135
0.01 13156 135
0.01 13157 135
0.01 13158 135
0.01 13159 135
0.01 13160 135
0.01 13161 135
0.01 13162 135
0.01 13163 135
0.01 13164 135
0.01 13165 135
0.01 13166 135
0.01 13167 108
0.01 13168 135
0.01 13169 108
0.01 13170 108
0.01 13171 135
0.01 13172 135
0.01 13173 135
0.01 13174 135
0.01 13175 108
0.01 13176 108
0.01 13177 108
0.01 13178 135
0.01 13179 108
0.01 13180 135
0.01 13181 135
0.01 13182 135
0.01 13183 108
0.01 13184 135
0.01 13185 135
0.01 13186 135
0.01 13187 135
0.01 13188 108
0.01 13189 135
0.01 13190 135
0.01 13191 135
0.01 13192 135
0.01 13193 108
0.01 13194 108
0.01 13195 135
0.01 13196 135
0.01 13197 135
0.01 13198 108
0.01 13199 108
0.01 13200 108
0.01 13201 108
0.01 13202 135
0.01 13203 135
0.01 13204 135
0.01 13205 135
0.01 13206 108
0.01 13207 135
0.01 13208 135
0.01 13209 108
0.01 13210 108
0.01 13211 135
0.01 13212 108
0.01 13213 135
0.01 13214 108
0.01 13215 135
0.01 13216 108
0.01 13217 135
0.01 13218 135
0.01 13219 135
0.01 13220 135
0.01 13221 135
0.01 13222 108
0.01 13223 108
0.01 13224 135
0.01 13225 135
0.01 13226 108
0.01 13227 108
0.01 13228 135
0.01 13229 135
0.01 13230 135
0.01 13231 135
0.01 13232 108
0.01 13233 135
0.01 13234 135
0.01 13235 108
0.01 13236 135
0.01 13237 135
0.01 13238 135
0.01 13239 135
0.01 13240 135
0.01 13241 135
0.01 13242 135
0.01 13243 135
0.01 13244 135
0.01 13245 135
0.01 13246 135
0.01 13247 135
0.01 13248 135
0.01 13249 108
0.01 13250 108
0.01 13251 108
0.01 13252 135
0.01 13253 135
0.01 13254 135
0.01 13255 108
0.01 13256 135
0.01 13257 108
0.01 13258 108
0.01 13259 135
0.01 13260 135
0.01 13261 108
0.01 13262 108
0.01 13263 135
0.01 13264 135
0.01 13265 135
0.01 13266 108
0.01 13267 135
0.01 13268 135
0.01 13269 135
0.01 13270 135
0.01 13271 108
0.01 13272 135
0.01 13273 135
0.01 13274 135
0.01 13275 135
0.01 13276 135
0.01 13277 135
0.01 13278 135
0.01 13279 135
0.01 13280 135
0.01 13281 135
0.01 13282 135
0.01 13283 135
0.01 13284 108
0.01 13285 135
0.01 13286 135
0.01 13287 135
0.01 13288 135
0.01 13289 108
0.01 13290 108
0.01 13291 135
0.01 13292 108
0.01 13293 108
0.01 13294 135
0.01 13295 135
0.01 13296 108
0.01 13297 135
0.01 13298 135
0.01 13299 108
0.01 13300 135
0.01 13301 108
0.01 13302 135
0.01 13303 108
0.01 13304 135
0.01 13305 108
0.01 13306 135
0.01 13307 135
0.01 13308 135
0.01 13309 108
0.01 13310 135
0.01 13311 135
0.01 13312 108
0.01 13313 135
0.01 13314 135
0.01 13315 135
0.01 13316 108
0.01 13317 108
0.01 13318 135
0.01 13319 108
0.01 13320 135
0.01 13321 108
0.01 13322 135
0.01 13323 135
0.01 13324 108
0.01 13325 135
0.01 13326 135
0.01 13327 135
0.01 13328 108
0.01 13329 135
0.01 13330 135
0.01 13331 108
0.01 13332 135
0.01 13333 135
0.01 13334 135
0.01 13335 108
0.01 13336 135
0.01 13337 135
0.01 13338 108
0.01 13339 108
0.01 13340 108
0.01 13341 135
0.01 13342 135
0.01 13343 135
0.01 13344 135
0.01 13345 135
0.01 13346 135
0.01 13347 135
0.01 13348 135
0.01 13349 135
0.01 13350 108
0.01 13351 135
0.01 13352 135
0.01 13353 135
0.01 13354 108
0.01 13355 135
0.01 13356 135
0.01 13357 135
0.01 13358 135
0.01 13359 135
0.01 13360 108
0.01 13361 108
0.01 13362 108
0.01 13363 135
0.01 13364 135
0.01 13365 108
0.01 13366 108
0.01 13367 135
0.01 13368 135
0.01 13369 135
0.01 13370 135
0.01 13371 135
0.01 13372 135
0.01 13373 108
0.01 13374 135
0.01 13375 108
0.01 13376 135
0.01 13377 135
0.01 13378 135
0.01 13379 108
0.01 13380 135
0.01 13381 135
0.01 13382 135
0.01 13383 135
0.01 13384 135
0.01 13385 135
0.01 13386 108
0.01 13387 135
0.01 13388 108
0.01 13389 135
0.01 13390 108
0.01 13391 135
0.01 13392 135
0.01 13393 108
0.01 13394 135
0.01 13395 108
0.01 13396 108
0.01 13397 135
0.01 13398 135
0.01 13399 135
0.01 13400 135
0.01 13401 135
0.01 13402 108
0.01 13403 135
0.01 13404 135
0.01 13405 135
0.01 13406 135
0.01 13407 135
0.01 13408 108
0.01 13409 135
0.01 13410 108
0.01 13411 135
0.01 13412 135
0.01 13413 135
0.01 13414 135
0.01 13415 135
0.01 13416 135
0.01 13417 135
0.01 13418 135
0.01 13419 135
0.01 13420 135
0.01 13421 108
0.01 13422 108
0.01 13423 135
0.01 13424 108
0.01 13425 135
0.01 13426 135
0.01 13427 135
0.01 13428 108
0.01 13429 135
0.01 13430 108
0.01 13431 135
0.01 13432 135
0.01 13433 108
0.01 13434 135
0.01 13435 135
0.01 13436 135
0.01 13437 135
0.01 13438 135
0.01 13439 135
0.01 13440 135
0.01 13441 135
0.01 13442 135
0.01 13443 108
0.01 13444 135
0.01 13445 108
0.01 13446 135
0.01 13447 135
0.01 13448 108
0.01 13449 135
0.01 13450 135
0.01 13451 108
0.01 13452 135
0.01 13453 135
0.01 13454 135
0.01 13455 108
0.01 13456 135
0.01 13457 135
0.01 13458 135
0.01 13459 108
0.01 13460 135
0.01 13461 135
0.01 13462 135
0.01 13463 135
0.01 13464 135
0.01 13465 135
0.01 13466 135
0.01 13467 135
0.01 13468 108
0.01 13469 135
0.01 13470 135
0.01 13471 108
0.01 13472 135
0.01 13473 135
0.01 13474 108
0.01 13475 108
0.01 13476 108
0.01 13477 135
0.01 13478 135
0.01 13479 135
0.01 13480 108
0.01 13481 135
0.01 13482 135
0.01 13483 135
0.01 13484 135
0.01 13485 135
0.01 13486 135
0.01 13487 135
0.01 13488 135
0.01 13489 108
0.01 13490 135
0.01 13491 135
0.01 13492 135
0.01 13493 108
0.01 13494 135
0.01 13495 135
0.01 13496 108
0.01 13497 108
0.01 13498 108
0.01 13499 108
0.01 13500 135
0.01 13501 135
0.01 13502 108
0.01 13503 108
0.01 13504 135
0.01 13505 108
0.01 13506 108
0.01 13507 135
0.01 13508 135
0.01 13509 135
0.01 13510 108
0.01 13511 135
0.01 13512 135
0.01 13513 108
0.01 13514 135
0.01 13515 135
0.01 13516 135
0.01 13517 135
0.01 13518 108
0.01 13519 135
0.01 13520 135
0.01 13521 108
0.01 13522 135
0.01 13523 135
0.01 13524 108
0.01 13525 135
0.01 13526 135
0.01 13527 135
0.01 13528 135
0.01 13529 135
0.01 13530 135
0.01 13531 135
0.01 13532 108
0.01 13533 135
0.01 13534 108
0.01 13535 135
0.01 13536 135
0.01 13537 135
0.01 13538 135
0.01 13539 108
0.01 13540 135
0.01 13541 135
0.01 13542 135
0.01 13543 108
0.01 13544 135
0.01 13545 135
0.01 13546 135
0.01 13547 135
0.01 13548 135
0.01 13549 135
0.01 13550 135
0.01 13551 135
0.01 13552 108
0.01 13553 135
0.01 13554 108
0.01 13555 108
0.01 13556 135
0.01 13557 108
0.01 13558 135
0.01 13559 135
0.01 13560 108
0.01 13561 135
0.01 13562 135
0.01 13563 135
0.01 13564 135
0.01 13565 108
0.01 13566 108
0.01 13567 108
0.01 13568 135
0.01 13569 135
0.01 13570 135
0.01 13571 108
0.01 13572 135
0.01 13573 108
0.01 13574 135
0.01 13575 135
0.01 13576 135
0.01 13577 135
0.01 13578 135
0.01 13579 108
0.01 13580 108
0.01 13581 108
0.01 13582 135
0.01 13583 108
0.01 13584 135
0.01 13585 135
0.01 13586 135
0.01 13587 135
0.01 13588 135
0.01 13589 135
0.01 13590 135
0.01 13591 135
0.01 13592 108
0.01 13593 135
0.01 13594 135
0.01 13595 135
0.01 13596 108
0.01 13597 135
0.01 13598 135
0.01 13599 135
0.01 13600 108
0.01 13601 135
0.01 13602 108
0.01 13603 135
0.01 13604 108
0.01 13605 135
0.01 13606 135
0.01 13607 135
0.01 13608 135
0.01 13609 135
0.01 13610 135
0.01 13611 135
0.01 13612 135
0.01 13613 135
0.01 13614 108
0.01 13615 135
0.01 13616 108
0.01 13617 135
0.01 13618 135
0.01 13619 135
0.01 13620 135
0.01 13621 135
0.01 13622 108
0.01 13623 135
0.01 13624 135
0.01 13625 135
0.01 13626 135
0.01 13627 135
0.01 13628 135
0.01 13629 108
0.01 13630 135
0.01 13631 135
0.01 13632 135
0.01 13633 135
0.01 13634 135
0.01 13635 135
0.01 13636 135
0.01 13637 135
0.01 13638 135
0.01 13639 135
0.01 13640 108
0.01 13641 135
0.01 13642 135
0.01 13643 108
0.01 13644 135
0.01 13645 108
0.01 13646 135
0.01 13647 135
0.01 13648 108
0.01 13649 135
0.01 13650 135
0.01 13651 108
0.01 13652 135
0.01 13653 135
0.01 13654 135
0.01 13655 135
0.01 13656 135
0.01 13657 135
0.01 13658 135
0.01 13659 135
0.01 13660 135
0.01 13661 135
0.01 13662 108
0.01 13663 108
0.01 13664 135
0.01 13665 135
0.01 13666 135
0.01 13667 135
0.01 13668 108
0.01 13669 135
0.01 13670 135
0.01 13671 108
0.01 13672 135
0.01 13673 135
0.01 13674 108
0.01 13675 135
0.01 13676 135
0.01 13677 135
0.01 13678 135
0.01 13679 135
0.01 13680 108
0.01 13681 135
0.01 13682 135
0.01 13683 135
0.01 13684 108
0.01 13685 135
0.01 13686 135
0.01 13687 108
0.01 13688 135
0.01 13689 135
0.01 13690 108
0.01 13691 135
0.01 13692 108
0.01 13693 108
0.01 13694 108
0.01 13695 135
0.01 13696 135
0.01 13697 108
0.01 13698 135
0.01 13699 135
0.01 13700 135
0.01 13701 108
0.01 13702 135
0.01 13703 135
0.01 13704 135
0.01 13705 135
0.01 13706 135
0.01 13707 135
0.01 13708 135
0.01 13709 108
0.01 13710 135
0.01 13711 135
0.01 13712 135
0.01 13713 135
0.01 13714 135
0.01 13715 135
0.01 13716 108
0.01 13717 135
0.01 13718 135
0.01 13719 135
0.01 13720 108
0.01 13721 135
0.01 13722 135
0.01 13723 135
0.01 13724 135
0.01 13725 135
0.01 13726 135
0.01 13727 135
0.01 13728 108
0.01 13729 135
0.01 13730 135
0.01 13731 135
0.01 13732 135
0.01 13733 135
0.01 13734 135
0.01 13735 108
0.01 13736 108
0.01 13737 108
0.01 13738 135
0.01 13739 108
0.01 13740 135
0.01 13741 108
0.01 13742 135
0.01 13743 135
0.01 13744 135
0.01 13745 135
0.01 13746 135
0.01 13747 135
0.01 13748 135
0.01 13749 135
0.01 13750 135
0.01 13751 108
0.01 13752 135
0.01 13753 108
0.01 13754 108
0.01 13755 135
0.01 13756 108
0.01 13757 135
0.01 13758 108
0.01 13759 135
0.01 13760 108
0.01 13761 108
0.01 13762 135
0.01 13763 135
0.01 13764 108
0.01 13765 108
0.01 13766 135
0.01 13767 135
0.01 13768 135
0.01 13769 108
0.01 13770 135
0.01 13771 135
0.01 13772 135
0.01 13773 108
0.01 13774 108
0.01 13775 135
0.01 13776 135
0.01 13777 135
0.01 13778 135
0.01 13779 108
0.01 13780 135
0.01 13781 135
0.01 13782 135
0.01 13783 108
0.01 13784 135
0.01 13785 135
0.01 13786 135
0.01 13787 108
0.01 13788 135
0.01 13789 135
0.01 13790 135
0.01 13791 108
0.01 13792 135
0.01 13793 135
0.01 13794 135
0.01 13795 135
0.01 13796 135
0.01 13797 108
0.01 13798 135
0.01 13799 108
0.01 13800 108
0.01 13801 108
0.01 13802 135
0.01 13803 108
0.01 13804 135
0.01 13805 135
0.01 13806 135
0.01 13807 108
0.01 13808 135
0.01 13809 135
0.01 13810 108
0.01 13811 108
0.01 13812 108
0.01 13813 108
0.01 13814 135
0.01 13815 135
0.01 13816 108
0.01 13817 135
0.01 13818 135
0.01 13819 135
0.01 13820 135
0.01 13821 135
0.01 13822 135
0.01 13823 135
0.01 13824 135
0.01 13825 135
0.01 13826 108
0.01 13827 108
0.01 13828 108
0.01 13829 135
0.01 13830 135
0.01 13831 108
0.01 13832 135
0.01 13833 135
0.01 13834 135
0.01 13835 135
0.01 13836 135
0.01 13837 135
0.01 13838 135
0.01 13839 135
0.01 13840 135
0.01 13841 135
0.01 13842 135
0.01 13843 135
0.01 13844 135
0.01 13845 135
0.01 13846 135
0.01 13847 135
0.01 13848 135
0.01 13849 135
0.01 13850 108
0.01 13851 135
0.01 13852 135
0.01 13853 108
0.01 13854 108
0.01 13855 108
0.01 13856 108
0.01 13857 108
0.01 13858 135
0.01 13859 135
0.01 13860 135
0.01 13861 135
0.01 13862 108
0.01 13863 135
0.01 13864 135
0.01 13865 135
0.01 13866 108
0.01 13867 135
0.01 13868 135
0.01 13869 135
0.01 13870 108
0.01 13871 135
0.01 13872 108
0.01 13873 135
0.01 13874 135
0.01 13875 135
0.01 13876 135
0.01 13877 135
0.01 13878 135
0.01 13879 108
0.01 13880 108
0.01 13881 135
0.01 13882 135
0.01 13883 108
0.01 13884 108
0.01 13885 135
0.01 13886 135
0.01 13887 135
0.01 13888 108
0.01 13889 108
0.01 13890 135
0.01 13891 108
0.01 13892 108
0.01 13893 135
0.01 13894 135
0.01 13895 135
0.01 13896 108
0.01 13897 135
0.01 13898 135
0.01 13899 135
0.01 13900 135
0.01 13901 108
0.01 13902 135
0.01 13903 135
0.01 13904 135
0.01 13905 108
0.01 13906 135
0.01 13907 135
0.01 13908 135
0.01 13909 135
0.01 13910 135
0.01 13911 135
0.01 13912 135
0.01 13913 135
0.01 13914 135
0.01 13915 135
0.01 13916 135
0.01 13917 135
0.01 13918 135
0.01 13919 135
0.01 13920 135
0.01 13921 108
0.01 13922 135
0.01 13923 135
0.01 13924 108
0.01 13925 135
0.01 13926 135
0.01 13927 135
0.01 13928 108
0.01 13929 108
0.01 13930 135
0.01 13931 135
0.01 13932 108
0.01 13933 135
0.01 13934 108
0.01 13935 108
0.01 13936 135
0.01 13937 108
0.01 13938 108
0.01 13939 135
0.01 13940 108
0.01 13941 108
0.01 13942 135
0.01 13943 108
0.01 13944 108
0.01 13945 135
0.01 13946 135
0.01 13947 135
0.01 13948 108
0.01 13949 135
0.01 13950 135
0.01 13951 108
0.01 13952 135
0.01 13953 135
0.01 13954 135
0.01 13955 135
0.01 13956 135
0.01 13957 108
0.01 13958 108
0.01 13959 135
0.01 13960 135
0.01 13961 108
0.01 13962 135
0.01 13963 135
0.01 13964 135
0.01 13965 135
0.01 13966 135
0.01 13967 108
0.01 13968 135
0.01 13969 135
0.01 13970 135
0.01 13971 135
0.01 13972 108
0.01 13973 135
0.01 13974 135
0.01 13975 135
0.01 13976 135
0.01 13977 135
0.01 13978 135
0.01 13979 135
0.01 13980 108
0.01 13981 135
0.01 13982 135
0.01 13983 135
0.01 13984 135
0.01 13985 135
0.01 13986 135
0.01 13987 135
0.01 13988 108
0.01 13989 135
0.01 13990 135
0.01 13991 135
0.01 13992 135
0.01 13993 135
0.01 13994 108
0.01 13995 108
0.01 13996 135
0.01 13997 108
0.01 13998 108
0.01 13999 108
0.01 14000 135
0.01 14001 135
0.01 14002 108
0.01 14003 135
0.01 14004 108
0.01 14005 135
0.01 14006 108
0.01 14007 135
0.01 14008 135
0.01 14009 135
0.01 14010 135
0.01 14011 135
0.01 14012 135
0.01 14013 135
0.01 14014 135
0.01 14015 135
0.01 14016 135
0.01 14017 135
0.01 14018 135
0.01 14019 108
0.01 14020 135
0.01 14021 108
0.01 14022 108
0.01 14023 135
0.01 14024 108
0.01 14025 81
0.01 14026 108
0.01 14027 135
0.01 14028 135
0.01 14029 135
0.01 14030 108
0.01 14031 135
0.01 14032 135
0.01 14033 135
0.01 14034 108
0.01 14035 108
0.01 14036 135
0.01 14037 108
0.01 14038 81
0.01 14039 108
0.01 14040 108
0.01 14041 135
0.01 14042 135
0.01 14043 135
0.01 14044 135
0.01 14045 135
0.01 14046 135
0.01 14047 135
0.01 14048 135
0.01 14049 135
0.01 14050 108
0.01 14051 108
0.01 14052 135
0.01 14053 135
0.01 14054 108
0.01 14055 135
0.01 14056 135
0.01 14057 135
0.01 14058 108
0.01 14059 135
0.01 14060 108
0.01 14061 135
0.01 14062 108
0.01 14063 135
0.01 14064 108
0.01 14065 108
0.01 14066 108
0.01 14067 108
0.01 14068 135
0.01 14069 135
0.01 14070 108
0.01 14071 135
0.01 14072 135
0.01 14073 135
0.01 14074 108
0.01 14075 108
0.01 14076 108
0.01 14077 135
0.01 14078 135
0.01 14079 135
0.01 14080 135
0.01 14081 135
0.01 14082 135
0.01 14083 108
0.01 14084 135
0.01 14085 135
0.01 14086 135
0.01 14087 135
0.01 14088 135
0.01 14089 135
0.01 14090 135
0.01 14091 108
0.01 14092 135
0.01 14093 135
0.01 14094 108
0.01 14095 135
0.01 14096 135
0.01 14097 135
0.01 14098 135
0.01 14099 135
0.01 14100 108
0.01 14101 135
0.01 14102 135
0.01 14103 135
0.01 14104 135
0.01 14105 135
0.01 14106 135
0.01 14107 135
0.01 14108 108
0.01 14109 135
0.01 14110 135
0.01 14111 135
0.01 14112 135
0.01 14113 108
0.01 14114 108
0.01 14115 135
0.01 14116 135
0.01 14117 135
0.01 14118 108
0.01 14119 135
0.01 14120 108
0.01 14121 135
0.01 14122 108
0.01 14123 108
0.01 14124 108
0.01 14125 108
0.01 14126 135
0.01 14127 108
0.01 14128 135
0.01 14129 108
0.01 14130 108
0.01 14131 135
0.01 14132 108
0.01 14133 135
0.01 14134 108
0.01 14135 135
0.01 14136 135
0.01 14137 135
0.01 14138 135
0.01 14139 108
0.01 14140 135
0.01 14141 135
0.01 14142 135
0.01 14143 108
0.01 14144 135
0.01 14145 135
0.01 14146 108
0.01 14147 108
0.01 14148 135
0.01 14149 135
0.01 14150 135
0.01 14151 135
0.01 14152 108
0.01 14153 135
0.01 14154 135
0.01 14155 135
0.01 14156 135
0.01 14157 108
0.01 14158 108
0.01 14159 108
0.01 14160 135
0.01 14161 108
0.01 14162 108
0.01 14163 108
0.01 14164 135
0.01 14165 108
0.01 14166 135
0.01 14167 135
0.01 14168 135
0.01 14169 135
0.01 14170 135
0.01 14171 135
0.01 14172 135
0.01 14173 135
0.01 14174 135
0.01 14175 135
0.01 14176 135
0.01 14177 135
0.01 14178 135
0.01 14179 135
0.01 14180 135
0.01 14181 108
0.01 14182 135
0.01 14183 135
0.01 14184 108
0.01 14185 135
0.01 14186 135
0.01 14187 108
0.01 14188 135
0.01 14189 135
0.01 14190 135
0.01 14191 135
0.01 14192 135
0.01 14193 135
0.01 14194 135
0.01 14195 135
0.01 14196 135
0.01 14197 108
0.01 14198 108
0.01 14199 135
0.01 14200 135
0.01 14201 108
0.01 14202 135
0.01 14203 135
0.01 14204 108
0.01 14205 108
0.01 14206 135
0.01 14207 108
0.01 14208 135
0.01 14209 135
0.01 14210 108
0.01 14211 135
0.01 14212 135
0.01 14213 108
0.01 14214 135
0.01 14215 135
0.01 14216 135
0.01 14217 108
0.01 14218 135
0.01 14219 135
0.01 14220 108
0.01 14221 108
0.01 14222 108
0.01 14223 135
0.01 14224 135
0.01 14225 135
0.01 14226 135
0.01 14227 135
0.01 14228 135
0.01 14229 108
0.01 14230 135
0.01 14231 135
0.01 14232 108
0.01 14233 108
0.01 14234 135
0.01 14235 135
0.01 14236 135
0.01 14237 135
0.01 14238 108
0.01 14239 108
0.01 14240 135
0.01 14241 135
0.01 14242 108
0.01 14243 135
0.01 14244 108
0.01 14245 108
0.01 14246 108
0.01 14247 108
0.01 14248 135
0.01 14249 135
0.01 14250 135
0.01 14251 135
0.01 14252 135
0.01 14253 135
0.01 14254 135
0.01 14255 135
0.01 14256 135
0.01 14257 135
0.01 14258 135
0.01 14259 108
0.01 14260 135
0.01 14261 135
0.01 14262 108
0.01 14263 135
0.01 14264 135
0.01 14265 135
0.01 14266 135
0.01 14267 135
0.01 14268 135
0.01 14269 108
0.01 14270 135
0.01 14271 108
0.01 14272 108
0.01 14273 135
0.01 14274 108
0.01 14275 108
0.01 14276 108
0.01 14277 135
0.01 14278 108
0.01 14279 135
0.01 14280 135
0.01 14281 108
0.01 14282 135
0.01 14283 108
0.01 14284 135
0.01 14285 135
0.01 14286 135
0.01 14287 135
0.01 14288 135
0.01 14289 108
0.01 14290 135
0.01 14291 135
0.01 14292 135
0.01 14293 135
0.01 14294 135
0.01 14295 135
0.01 14296 108
0.01 14297 135
0.01 14298 108
0.01 14299 108
0.01 14300 108
0.01 14301 135
0.01 14302 135
0.01 14303 135
0.01 14304 108
0.01 14305 108
0.01 14306 135
0.01 14307 135
0.01 14308 108
0.01 14309 135
0.01 14310 135
0.01 14311 135
0.01 14312 135
0.01 14313 135
0.01 14314 108
0.01 14315 135
0.01 14316 135
0.01 14317 108
0.01 14318 135
0.01 14319 135
0.01 14320 108
0.01 14321 135
0.01 14322 135
0.01 14323 108
0.01 14324 135
0.01 14325 135
0.01 14326 135
0.01 14327 135
0.01 14328 135
0.01 14329 108
0.01 14330 135
0.01 14331 135
0.01 14332 108
0.01 14333 135
0.01 14334 135
0.01 14335 108
0.01 14336 135
0.01 14337 108
0.01 14338 108
0.01 14339 108
0.01 14340 108
0.01 14341 135
0.01 14342 108
0.01 14343 135
0.01 14344 135
0.01 14345 135
0.01 14346 108
0.01 14347 135
0.01 14348 108
0.01 14349 135
0.01 14350 108
0.01 14351 108
0.01 14352 135
0.01 14353 135
0.01 14354 135
0.01 14355 135
0.01 14356 108
0.01 14357 135
0.01 14358 135
0.01 14359 135
0.01 14360 135
0.01 14361 135
0.01 14362 108
0.01 14363 135
0.01 14364 108
0.01 14365 135
0.01 14366 108
0.01 14367 108
0.01 14368 135
0.01 14369 135
0.01 14370 135
0.01 14371 135
0.01 14372 135
0.01 14373 135
0.01 14374 135
0.01 14375 135
0.01 14376 135
0.01 14377 135
0.01 14378 135
0.01 14379 135
0.01 14380 108
0.01 14381 108
0.01 14382 108
0.01 14383 108
0.01 14384 135
0.01 14385 135
0.01 14386 108
0.01 14387 135
0.01 14388 135
0.01 14389 135
0.01 14390 108
0.01 14391 135
0.01 14392 108
0.01 14393 135
0.01 14394 135
0.01 14395 108
0.01 14396 135
0.01 14397 135
0.01 14398 135
0.01 14399 135
0.01 14400 135
0.01 14401 135
0.01 14402 135
0.01 14403 135
0.01 14404 135
0.01 14405 135
0.01 14406 135
0.01 14407 108
0.01 14408 108
0.01 14409 108
0.01 14410 108
0.01 14411 108
0.01 14412 135
0.01 14413 108
0.01 14414 135
0.01 14415 108
0.01 14416 135
0.01 14417 135
0.01 14418 135
0.01 14419 108
0.01 14420 135
0.01 14421 108
0.01 14422 135
0.01 14423 108
0.01 14424 135
0.01 14425 108
0.01 14426 108
0.01 14427 135
0.01 14428 135
0.01 14429 108
0.01 14430 135
0.01 14431 108
0.01 14432 135
0.01 14433 108
0.01 14434 108
0.01 14435 108
0.01 14436 135
0.01 14437 108
0.01 14438 135
0.01 14439 135
0.01 14440 135
0.01 14441 108
0.01 14442 135
0.01 14443 135
0.01 14444 135
0.01 14445 135
0.01 14446 108
0.01 14447 135
0.01 14448 135
0.01 14449 108
0.01 14450 135
0.01 14451 108
0.01 14452 108
0.01 14453 108
0.01 14454 135
0.01 14455 108
0.01 14456 135
0.01 14457 135
0.01 14458 135
0.01 14459 135
0.01 14460 108
0.01 14461 108
0.01 14462 135
0.01 14463 135
0.01 14464 135
0.01 14465 108
0.01 14466 135
0.01 14467 135
0.01 14468 135
0.01 14469 135
0.01 14470 135
0.01 14471 135
0.01 14472 135
0.01 14473 135
0.01 14474 135
0.01 14475 135
0.01 14476 135
0.01 14477 135
0.01 14478 135
0.01 14479 135
0.01 14480 135
0.01 14481 135
0.01 14482 135
0.01 14483 135
0.01 14484 135
0.01 14485 135
0.01 14486 135
0.01 14487 135
0.01 14488 108
0.01 14489 135
0.01 14490 135
0.01 14491 108
0.01 14492 108
0.01 14493 135
0.01 14494 135
0.01 14495 135
0.01 14496 108
0.01 14497 135
0.01 14498 135
0.01 14499 108
0.01 14500 135
0.01 14501 135
0.01 14502 135
0.01 14503 108
0.01 14504 135
0.01 14505 135
0.01 14506 135
0.01 14507 135
0.01 14508 135
0.01 14509 108
0.01 14510 108
0.01 14511 135
0.01 14512 135
0.01 14513 135
0.01 14514 135
0.01 14515 108
0.01 14516 135
0.01 14517 135
0.01 14518 135
0.01 14519 135
0.01 14520 135
0.01 14521 135
0.01 14522 135
0.01 14523 108
0.01 14524 108
0.01 14525 108
0.01 14526 135
0.01 14527 135
0.01 14528 135
0.01 14529 135
0.01 14530 135
0.01 14531 108
0.01 14532 135
0.01 14533 108
0.01 14534 108
0.01 14535 135
0.01 14536 108
0.01 14537 135
0.01 14538 135
0.01 14539 135
0.01 14540 108
0.01 14541 135
0.01 14542 108
0.01 14543 135
0.01 14544 108
0.01 14545 135
0.01 14546 135
0.01 14547 135
0.01 14548 135
0.01 14549 135
0.01 14550 135
0.01 14551 108
0.01 14552 135
0.01 14553 108
0.01 14554 135
0.01 14555 135
0.01 14556 135
0.01 14557 135
0.01 14558 135
0.01 14559 135
0.01 14560 135
0.01 14561 135
0.01 14562 108
0.01 14563 135
0.01 14564 135
0.01 14565 135
0.01 14566 135
0.01 14567 135
0.01 14568 108
0.01 14569 108
0.01 14570 135
0.01 14571 135
0.01 14572 108
0.01 14573 108
0.01 14574 108
0.01 14575 108
0.01 14576 135
0.01 14577 135
0.01 14578 135
0.01 14579 108
0.01 14580 135
0.01 14581 135
0.01 14582 135
0.01 14583 108
0.01 14584 135
0.01 14585 135
0.01 14586 135
0.01 14587 135
0.01 14588 108
0.01 14589 108
0.01 14590 108
0.01 14591 135
0.01 14592 135
0.01 14593 135
0.01 14594 135
0.01 14595 135
0.01 14596 135
0.01 14597 135
0.01 14598 108
0.01 14599 135
0.01 14600 135
0.01 14601 108
0.01 14602 135
0.01 14603 135
0.01 14604 135
0.01 14605 135
0.01 14606 135
0.01 14607 135
0.01 14608 135
0.01 14609 135
0.01 14610 108
0.01 14611 135
0.01 14612 108
0.01 14613 135
0.01 14614 135
0.01 14615 135
0.01 14616 135
0.01 14617 108
0.01 14618 108
0.01 14619 135
0.01 14620 108
0.01 14621 135
0.01 14622 135
0.01 14623 135
0.01 14624 135
0.01 14625 108
0.01 14626 135
0.01 14627 135
0.01 14628 135
0.01 14629 108
0.01 14630 135
0.01 14631 135
0.01 14632 135
0.01 14633 108
0.01 14634 135
0.01 14635 135
0.01 14636 108
0.01 14637 135
0.01 14638 135
0.01 14639 135
0.01 14640 108
0.01 14641 135
0.01 14642 135
0.01 14643 108
0.01 14644 135
0.01 14645 108
0.01 14646 135
0.01 14647 135
0.01 14648 135
0.01 14649 135
0.01 14650 135
0.01 14651 135
0.01 14652 135
0.01 14653 135
0.01 14654 135
0.01 14655 108
0.01 14656 135
0.01 14657 135
0.01 14658 135
0.01 14659 135
0.01 14660 135
0.01 14661 135
0.01 14662 108
0.01 14663 135
0.01 14664 135
0.01 14665 108
0.01 14666 108
0.01 14667 135
0.01 14668 135
0.01 14669 108
0.01 14670 135
0.01 14671 108
0.01 14672 135
0.01 14673 135
0.01 14674 108
0.01 14675 135
0.01 14676 108
0.01 14677 108
0.01 14678 135
0.01 14679 108
0.01 14680 135
0.01 14681 108
0.01 14682 108
0.01 14683 108
0.01 14684 135
0.01 14685 135
0.01 14686 135
0.01 14687 135
0.01 14688 135
0.01 14689 135
0.01 14690 135
0.01 14691 135
0.01 14692 135
0.01 14693 135
0.01 14694 135
0.01 14695 108
0.01 14696 135
0.01 14697 135
0.01 14698 135
0.01 14699 135
0.01 14700 108
0.01 14701 135
0.01 14702 135
0.01 14703 135
0.01 14704 135
0.01 14705 135
0.01 14706 108
0.01 14707 135
0.01 14708 108
0.01 14709 135
0.01 14710 135
0.01 14711 135
0.01 14712 135
0.01 14713 108
0.01 14714 108
0.01 14715 135
0.01 14716 135
0.01 14717 135
0.01 14718 135
0.01 14719 135
0.01 14720 135
0.01 14721 135
0.01 14722 135
0.01 14723 135
0.01 14724 108
0.01 14725 135
0.01 14726 135
0.01 14727 135
0.01 14728 135
0.01 14729 135
0.01 14730 108
0.01 14731 135
0.01 14732 108
0.01 14733 108
0.01 14734 135
0.01 14735 108
0.01 14736 135
0.01 14737 135
0.01 14738 108
0.01 14739 135
0.01 14740 108
0.01 14741 135
0.01 14742 135
0.01 14743 108
0.01 14744 135
0.01 14745 135
0.01 14746 135
0.01 14747 135
0.01 14748 135
0.01 14749 135
0.01 14750 135
0.01 14751 135
0.01 14752 135
0.01 14753 135
0.01 14754 135
0.01 14755 135
0.01 14756 135
0.01 14757 135
0.01 14758 108
0.01 14759 108
0.01 14760 108
0.01 14761 135
0.01 14762 135
0.01 14763 135
0.01 14764 135
0.01 14765 108
0.01 14766 135
0.01 14767 135
0.01 14768 135
0.01 14769 135
0.01 14770 135
0.01 14771 108
0.01 14772 108
0.01 14773 135
0.01 14774 135
0.01 14775 135
0.01 14776 108
0.01 14777 135
0.01 14778 135
0.01 14779 135
0.01 14780 135
0.01 14781 135
0.01 14782 135
0.01 14783 135
0.01 14784 135
0.01 14785 135
0.01 14786 108
0.01 14787 108
0.01 14788 135
0.01 14789 108
0.01 14790 108
0.01 14791 135
0.01 14792 135
0.01 14793 108
0.01 14794 135
0.01 14795 108
0.01 14796 135
0.01 14797 135
0.01 14798 135
0.01 14799 135
0.01 14800 108
0.01 14801 135
0.01 14802 108
0.01 14803 135
0.01 14804 135
0.01 14805 135
0.01 14806 135
0.01 14807 135
0.01 14808 135
0.01 14809 108
0.01 14810 108
0.01 14811 135
0.01 14812 135
0.01 14813 135
0.01 14814 135
0.01 14815 135
0.01 14816 135
0.01 14817 135
0.01 14818 135
0.01 14819 135
0.01 14820 135
0.01 14821 108
0.01 14822 135
0.01 14823 135
0.01 14824 135
0.01 14825 108
0.01 14826 135
0.01 14827 135
0.01 14828 108
0.01 14829 135
0.01 14830 135
0.01 14831 135
0.01 14832 135
0.01 14833 108
0.01 14834 135
0.01 14835 108
0.01 14836 108
0.01 14837 135
0.01 14838 135
0.01 14839 108
0.01 14840 135
0.01 14841 135
0.01 14842 135
0.01 14843 135
0.01 14844 135
0.01 14845 108
0.01 14846 135
0.01 14847 135
0.01 14848 108
0.01 14849 108
0.01 14850 108
0.01 14851 135
0.01 14852 135
0.01 14853 135
0.01 14854 108
0.01 14855 135
0.01 14856 135
0.01 14857 108
0.01 14858 108
0.01 14859 135
0.01 14860 108
0.01 14861 135
0.01 14862 135
0.01 14863 135
0.01 14864 135
0.01 14865 135
0.01 14866 135
0.01 14867 135
0.01 14868 135
0.01 14869 135
0.01 14870 135
0.01 14871 135
0.01 14872 135
0.01 14873 135
0.01 14874 135
0.01 14875 135
0.01 14876 135
0.01 14877 135
0.01 14878 135
0.01 14879 135
0.01 14880 135
0.01 14881 135
0.01 14882 108
0.01 14883 135
0.01 14884 108
0.01 14885 108
0.01 14886 108
0.01 14887 108
0.01 14888 108
0.01 14889 108
0.01 14890 135
0.01 14891 135
0.01 14892 135
0.01 14893 108
0.01 14894 135
0.01 14895 135
0.01 14896 135
0.01 14897 135
0.01 14898 135
0.01 14899 135
0.01 14900 108
0.01 14901 135
0.01 14902 108
0.01 14903 135
0.01 14904 108
0.01 14905 108
0.01 14906 108
0.01 14907 135
0.01 14908 135
0.01 14909 135
0.01 14910 135
0.01 14911 108
0.01 14912 135
0.01 14913 108
0.01 14914 135
0.01 14915 108
0.01 14916 135
0.01 14917 135
0.01 14918 135
0.01 14919 108
0.01 14920 108
0.01 14921 135
0.01 14922 135
0.01 14923 108
0.01 14924 108
0.01 14925 108
0.01 14926 135
0.01 14927 135
0.01 14928 135
0.01 14929 135
0.01 14930 108
0.01 14931 135
0.01 14932 135
0.01 14933 108
0.01 14934 135
0.01 14935 135
0.01 14936 108
0.01 14937 135
0.01 14938 135
0.01 14939 135
0.01 14940 135
0.01 14941 108
0.01 14942 135
0.01 14943 135
0.01 14944 135
0.01 14945 108
0.01 14946 135
0.01 14947 135
0.01 14948 108
0.01 14949 135
0.01 14950 135
0.01 14951 135
0.01 14952 135
0.01 14953 135
0.01 14954 135
0.01 14955 135
0.01 14956 108
0.01 14957 135
0.01 14958 108
0.01 14959 108
0.01 14960 135
0.01 14961 135
0.01 14962 135
0.01 14963 135
0.01 14964 135
0.01 14965 135
0.01 14966 135
0.01 14967 135
0.01 14968 108
0.01 14969 108
0.01 14970 135
0.01 14971 135
0.01 14972 108
0.01 14973 108
0.01 14974 108
0.01 14975 135
0.01 14976 108
0.01 14977 135
0.01 14978 108
0.01 14979 135
0.01 14980 135
0.01 14981 135
0.01 14982 135
0.01 14983 135
0.01 14984 135
0.01 14985 135
0.01 14986 108
0.01 14987 108
0.01 14988 108
0.01 14989 135
0.01 14990 135
0.01 14991 135
0.01 14992 108
0.01 14993 135
0.01 14994 108
0.01 14995 108
0.01 14996 135
0.01 14997 135
0.01 14998 135
0.01 14999 135
