1 0 0 0 20 5000 5000 0 0.0 30.0 0.0 0.0 0.0
2 0 0 0 40 5000 5000 0 0.0 30.0 0.0 0.0 0.0
3 0 0 0 60 5000 5000 0 0.0 30.0 0.0 0.0 0.0
4 0 0 0 80 5000 5000 0 0.0 30.0 0.0 0.0 0.0
5 0 0 0 100 5000 5000 0 0.0 30.0 0.0 0.0 0.0
6 0 0 0 120 5000 5000 0 0.0 30.0 0.0 0.0 0.0
7 0 0 0 140 5000 5000 0 0.0 30.0 0.0 0.0 0.0
8 0 1 0 160 5000 5000 1 0.0 30.0 0.0 0.0 0.0
9 23 6 5 180 5000 5000 24 0.0 30.0 0.0 0.0 0.0
10 192 79 69 200 5000 5000 202 0.0 30.0 0.001 0.0 0.0
11 3013 928 868 220 5000 5000 3073 0.003 30.0 0.009 0.003 0.001
12 5577 1610 1500 240 5000 5000 5687 0.005 30.0 0.016 0.005 0.001
13 8562 2338 2176 260 5000 5000 8724 0.007 30.0 0.022 0.007 0.002
14 10441 2807 2631 280 5000 5000 10617 0.008 30.0 0.025 0.007 0.002
15 12907 3302 3085 300 5000 5000 13124 0.009 30.0 0.029 0.009 0.002
16 15159 3942 3729 320 5000 5000 15372 0.01 30.0 0.032 0.009 0.002
17 17555 4675 4386 340 5000 5000 17844 0.01 30.0 0.035 0.01 0.003
18 20494 5336 5024 360 5000 5000 20806 0.012 30.0 0.039 0.011 0.003
19 21079 5291 4979 380 5000 5000 21391 0.011 30.0 0.038 0.011 0.003
20 25720 6626 6264 400 5000 5000 26082 0.013 30.0 0.043 0.013 0.003
21 25715 6172 5878 420 5000 5000 26009 0.012 30.0 0.041 0.012 0.003
22 26804 6329 6020 440 5000 5000 27113 0.012 30.0 0.041 0.012 0.003
23 30117 7368 6993 460 5000 5000 30492 0.013 30.0 0.044 0.013 0.003
24 32148 7844 7385 480 5000 5000 32607 0.014 30.0 0.045 0.013 0.003
25 32130 7348 6975 500 5000 5000 32503 0.013 30.0 0.043 0.013 0.003
26 35474 8352 7914 520 5000 5000 35912 0.014 30.0 0.046 0.014 0.003
27 39139 9375 8928 540 5000 5000 39586 0.015 30.0 0.049 0.014 0.003
28 38631 9069 8592 560 5000 5000 39108 0.014 30.0 0.047 0.014 0.003
29 38327 8400 8030 580 5000 5000 38697 0.013 30.0 0.044 0.013 0.003
30 43060 10011 9573 600 5000 5000 43498 0.014 30.0 0.048 0.014 0.003
31 43891 10157 9715 620 5000 5000 44333 0.014 30.0 0.048 0.014 0.003
32 43370 9294 8857 640 5000 5000 43807 0.014 30.0 0.046 0.014 0.003
33 44975 9763 9348 660 5000 5000 45390 0.014 30.0 0.046 0.014 0.003
34 47723 9958 9512 680 5000 5000 48169 0.014 30.0 0.047 0.014 0.003
35 48965 10222 9848 700 5000 5000 49339 0.014 30.0 0.047 0.014 0.003
36 48971 9931 9541 720 5000 5000 49361 0.014 30.0 0.046 0.014 0.003
37 51707 10738 10322 740 5000 5000 52123 0.014 30.0 0.047 0.014 0.003
38 49279 9903 9512 760 5000 5000 49670 0.013 30.0 0.044 0.013 0.003
39 52399 10501 10110 779 5000 5000 52790 0.014 30.0 0.045 0.013 0.003
40 53641 10145 9767 800 5000 5000 54019 0.014 30.0 0.045 0.013 0.003
41 49924 9271 8937 820 5000 5000 50258 0.012 30.0 0.041 0.012 0.002
42 52036 9650 9308 840 5000 5000 52378 0.012 30.0 0.042 0.012 0.002
43 54153 9582 9251 860 5000 5000 54484 0.013 30.0 0.042 0.013 0.002
44 53969 9459 9179 880 5000 5000 54249 0.012 30.0 0.041 0.012 0.002
45 53963 8736 8460 900 5000 5000 54239 0.012 30.0 0.04 0.012 0.002
46 55263 9364 9117 920 5000 5000 55510 0.012 30.0 0.04 0.012 0.002
47 53475 8450 8215 940 5000 5000 53710 0.011 30.0 0.038 0.011 0.002
48 54645 8371 8162 960 5000 5000 54854 0.011 30.0 0.038 0.011 0.002
49 51535 7716 7530 980 5000 5000 51721 0.011 30.0 0.035 0.011 0.002
50 50854 7325 7154 1000 5000 5000 51025 0.01 30.0 0.034 0.01 0.001
51 53263 7304 7147 1020 5000 5000 53420 0.01 30.0 0.035 0.01 0.001
52 49970 6850 6742 1040 5000 5000 50078 0.01 30.0 0.032 0.01 0.001
52 51165 6382 6278 1059 5000 5000 51269 0.01 30.0 0.032 0.01 0.001
54 50144 6301 6192 1080 5000 5000 50253 0.009 30.0 0.031 0.009 0.001
55 49198 5473 5393 1100 5000 5000 49278 0.009 30.0 0.03 0.009 0.001
56 46904 5300 5216 1120 5000 5000 46988 0.008 30.0 0.028 0.008 0.001
57 45870 4946 4894 1140 5000 5000 45922 0.008 30.0 0.027 0.008 0.001
58 45370 4501 4461 1160 5000 5000 45410 0.008 30.0 0.026 0.008 0.001
58 45123 3900 3874 1179 5000 5000 45149 0.008 30.0 0.026 0.008 0.001
60 41309 4085 4040 1200 5000 5000 41354 0.007 30.0 0.023 0.007 0.001
61 39510 3231 3199 1220 5000 5000 39542 0.006 30.0 0.022 0.006 0.001
62 38582 3218 3184 1240 5000 5000 38616 0.006 30.0 0.021 0.006 0.001
63 37671 2815 2788 1260 5000 5000 37698 0.006 30.0 0.02 0.006 0.0
64 34519 2429 2414 1280 5000 5000 34534 0.005 30.0 0.018 0.005 0.0
65 33867 2165 2154 1300 5000 5000 33878 0.005 30.0 0.017 0.005 0.0
66 31850 2050 2042 1320 5000 5000 31858 0.005 30.0 0.016 0.005 0.0
67 29575 1538 1533 1340 5000 5000 29580 0.004 30.0 0.015 0.004 0.0
68 28104 1343 1339 1360 5000 5000 28108 0.004 30.0 0.014 0.004 0.0
69 25979 978 977 1380 5000 5000 25980 0.004 30.0 0.013 0.004 0.0
70 25834 819 819 1400 5000 5000 25834 0.004 30.0 0.012 0.004 0.0
71 21735 829 828 1420 5000 5000 21736 0.003 30.0 0.01 0.003 0.0
72 20334 603 602 1440 5000 5000 20335 0.003 30.0 0.009 0.003 0.0
73 18568 598 598 1460 5000 5000 18568 0.003 30.0 0.008 0.003 0.0
74 16417 407 407 1480 5000 5000 16417 0.002 30.0 0.007 0.002 0.0
75 15891 468 468 1500 5000 5000 15891 0.002 30.0 0.007 0.002 0.0
76 13440 269 269 1520 5000 5000 13440 0.002 30.0 0.006 0.002 0.0
77 12494 285 285 1540 5000 5000 12494 0.002 30.0 0.005 0.002 0.0
78 10550 90 90 1559 5000 5000 10550 0.001 30.0 0.005 0.001 0.0
79 9611 178 178 1580 5000 5000 9611 0.001 30.0 0.004 0.001 0.0
80 7522 78 78 1600 5000 5000 7522 0.001 30.0 0.003 0.001 0.0
81 6781 69 69 1620 5000 5000 6781 0.001 30.0 0.003 0.001 0.0
82 5624 28 28 1640 5000 5000 5624 0.001 30.0 0.002 0.001 0.0
83 4566 27 27 1660 5000 5000 4566 0.001 30.0 0.002 0.001 0.0
84 3744 18 18 1680 5000 5000 3744 0.0 30.0 0.001 0.0 0.0
85 2491 10 10 1700 5000 5000 2491 0.0 30.0 0.001 0.0 0.0
86 2123 2 2 1720 5000 5000 2123 0.0 30.0 0.001 0.0 0.0
87 1817 4 4 1740 5000 5000 1817 0.0 30.0 0.001 0.0 0.0
88 1050 0 0 1760 5000 5000 1050 0.0 30.0 0.0 0.0 0.0
89 887 0 0 1780 5000 5000 887 0.0 30.0 0.0 0.0 0.0
90 659 0 0 1800 5000 5000 659 0.0 30.0 0.0 0.0 0.0
