129.87001 1.0 129.87001
130.13998 1.0 130.13998
130.41 1.0 130.41
132.03 1.0 132.03
130.41 1.0 130.41
130.14 1.0 130.14
125.55001 1.0 125.55001
128.79001 1.0 128.79001
129.87001 1.0 129.87001
133.37999 1.0 133.37999
129.33 1.0 129.33
129.06 1.0 129.06
130.68 1.0 130.68
129.33 1.0 129.33
132.56999 1.0 132.56999
131.22 1.0 131.22
133.11 1.0 133.11
129.87 1.0 129.87
128.51999 1.0 128.51999
131.22 1.0 131.22
130.41 1.0 130.41
127.98002 1.0 127.98002
132.29999 1.0 132.29999
127.979996 1.0 127.979996
124.740005 1.0 124.740005
123.93001 1.0 123.93001
129.87001 1.0 129.87001
129.32999 1.0 129.32999
129.33 1.0 129.33
129.6 1.0 129.6
128.79 1.0 128.79
132.03 1.0 132.03
127.979996 1.0 127.979996
127.709984 1.0 127.709984
127.44 1.0 127.44
130.14001 1.0 130.14001
130.41 1.0 130.41
129.33 1.0 129.33
129.06 1.0 129.06
131.22 1.0 131.22
125.82001 1.0 125.82001
256.22998 2.0 128.11499
254.88 2.0 127.44
261.09 2.0 130.545
257.03998 2.0 128.51999
261.36 2.0 130.68
254.88004 2.0 127.44002
258.39 2.0 129.195
259.2 2.0 129.6
257.85 2.0 128.925
256.5 2.0 128.25
260.28003 2.0 130.14001
261.09 2.0 130.545
264.33002 2.0 132.16501
262.17 2.0 131.085
257.85 2.0 128.925
260.82 2.0 130.41
257.03998 2.0 128.51999
257.31 2.0 128.655
260.28 2.0 130.14
254.34001 2.0 127.170006
256.49997 2.0 128.24998
256.23004 2.0 128.11502
258.93 2.0 129.465
261.36002 2.0 130.68001
262.44 2.0 131.22
261.90002 2.0 130.95001
261.36002 2.0 130.68001
258.12003 2.0 129.06001
259.2 2.0 129.6
252.17998 2.0 126.08999
262.98 2.0 131.49
259.19998 2.0 129.59999
262.44 2.0 131.22
256.77 2.0 128.385
255.68999 2.0 127.84499
257.85 2.0 128.925
256.49997 2.0 128.24998
257.04 2.0 128.52
257.58002 2.0 128.79001
256.77 2.0 128.385
257.85 2.0 128.925
389.34003 3.0 129.78001
393.66003 3.0 131.22002
387.72003 3.0 129.24
383.40002 3.0 127.8
391.23 3.0 130.41
388.26004 3.0 129.42001
385.83002 3.0 128.61
387.45 3.0 129.15001
390.69 3.0 130.23
389.34 3.0 129.78
389.61005 3.0 129.87001
391.5 3.0 130.5
392.04004 3.0 130.68001
384.47998 3.0 128.15999
387.72003 3.0 129.24
390.96002 3.0 130.32
384.74994 3.0 128.24998
386.37 3.0 128.79
387.72006 3.0 129.24002
389.07 3.0 129.69
387.45007 3.0 129.15002
386.63995 3.0 128.87999
392.04004 3.0 130.68001
383.94 3.0 127.979996
390.41998 3.0 130.14
389.61 3.0 129.87
389.88 3.0 129.96
389.88 3.0 129.96
385.56 3.0 128.52
387.45 3.0 129.15001
386.63995 3.0 128.87999
399.60004 3.0 133.20001
385.83002 3.0 128.61
388.80002 3.0 129.6
391.50006 3.0 130.50002
388.5301 3.0 129.51003
389.07 3.0 129.69
387.99005 3.0 129.33002
388.80002 3.0 129.6
387.71997 3.0 129.23999
387.98996 3.0 129.32999
521.1 4.0 130.275
512.73 4.0 128.1825
521.1 4.0 130.275
518.13 4.0 129.5325
522.45 4.0 130.6125
517.86 4.0 129.465
517.86 4.0 129.465
516.78 4.0 129.195
511.37994 4.0 127.844986
510.0301 4.0 127.50752
519.2101 4.0 129.80252
515.43 4.0 128.8575
524.61005 4.0 131.15251
515.43005 4.0 128.85751
517.32 4.0 129.33
517.59 4.0 129.3975
519.20996 4.0 129.80249
521.64 4.0 130.41
516.7801 4.0 129.19502
524.07007 4.0 131.01752
520.2899 4.0 130.07248
517.05005 4.0 129.26251
520.82996 4.0 130.20749
510.02994 4.0 127.507484
516.24 4.0 129.06
520.01996 4.0 130.00499
515.42993 4.0 128.85748
520.56 4.0 130.14
521.1 4.0 130.275
519.48 4.0 129.87
517.86005 4.0 129.46501
518.4001 4.0 129.60002
511.91998 4.0 127.979996
515.9699 4.0 128.99248
517.8599 4.0 129.46498
517.31995 4.0 129.32999
518.13 4.0 129.5325
514.07996 4.0 128.51999
517.0499 4.0 129.26248
522.18005 4.0 130.54501
515.16003 4.0 128.79001
649.62006 5.0 129.92401
646.91986 5.0 129.38397
646.65 5.0 129.33
647.73004 5.0 129.546
645.02997 5.0 129.006
642.86993 5.0 128.57399
643.94995 5.0 128.79
643.13995 5.0 128.62799
643.6801 5.0 128.73602
643.1399 5.0 128.62798
640.7099 5.0 128.14198
649.07996 5.0 129.816
645.0299 5.0 129.00598
648.81006 5.0 129.76201
657.99 5.0 131.59799
652.32007 5.0 130.46402
643.94995 5.0 128.79
648.0 5.0 129.6
648.54004 5.0 129.70801
651.5101 5.0 130.30202
647.7301 5.0 129.54602
644.4898 5.0 128.89796
645.02997 5.0 129.006
657.17993 5.0 131.43599
654.2099 5.0 130.84198
643.41003 5.0 128.682
654.2101 5.0 130.84201
649.0799 5.0 129.81598
640.9801 5.0 128.19601
645.57 5.0 129.114
646.65 5.0 129.33
650.42993 5.0 130.08598
652.32 5.0 130.464
644.7601 5.0 128.95201
639.9 5.0 127.98
647.18994 5.0 129.43799
648.80994 5.0 129.762
649.3499 5.0 129.86998
642.8702 5.0 128.57404
643.94995 5.0 128.79
646.6499 5.0 129.32999
774.36 6.0 129.06
769.2299 6.0 128.20499
780.02985 6.0 130.00497
784.61993 6.0 130.76999
772.74 6.0 128.79
772.1999 6.0 128.69998
777.87 6.0 129.645
771.3899 6.0 128.56499
781.38 6.0 130.23
777.59973 6.0 129.59996
771.3899 6.0 128.56499
778.14 6.0 129.69
783.2699 6.0 130.54498
784.8899 6.0 130.81499
775.17004 6.0 129.195
778.94995 6.0 129.825
780.2999 6.0 130.04999
769.7699 6.0 128.29498
770.85 6.0 128.47499
769.2301 6.0 128.20502
771.93 6.0 128.655
772.19995 6.0 128.7
769.2299 6.0 128.20499
781.11 6.0 130.185
774.89996 6.0 129.15
769.7699 6.0 128.29498
777.6001 6.0 129.60002
775.44006 6.0 129.24
776.7899 6.0 129.46498
780.5698 6.0 130.09497
777.3301 6.0 129.55501
773.2799 6.0 128.87999
775.9799 6.0 129.32999
776.79 6.0 129.465
782.19006 6.0 130.365
773.5501 6.0 128.92502
774.36 6.0 129.06
776.25 6.0 129.375
777.87 6.0 129.645
781.38 6.0 130.23
777.86975 6.0 129.64496
894.51013 7.0 127.78716
895.86 7.0 127.979996
902.0699 7.0 128.86713
902.06976 7.0 128.86711
899.1 7.0 128.44286
903.14984 7.0 129.02141
904.76996 7.0 129.25285
902.88025 7.0 128.9829
908.55005 7.0 129.79286
911.25 7.0 130.17857
900.18005 7.0 128.59715
904.2299 7.0 129.1757
898.29016 7.0 128.32716
904.7699 7.0 129.25284
909.6299 7.0 129.94713
908.81995 7.0 129.83142
909.0902 7.0 129.87003
911.25 7.0 130.17857
906.12006 7.0 129.44572
892.6199 7.0 127.51713
907.2001 7.0 129.6
912.87 7.0 130.41
905.0398 7.0 129.2914
909.9 7.0 129.98572
903.9599 7.0 129.13713
906.12006 7.0 129.44572
899.3699 7.0 128.48141
907.4701 7.0 129.63858
900.9899 7.0 128.71284
902.07007 7.0 128.86716
899.90985 7.0 128.55855
900.72 7.0 128.67429
907.74 7.0 129.67714
893.16003 7.0 127.59429
900.18005 7.0 128.59715
903.41986 7.0 129.05998
894.7799 7.0 127.8257
909.35986 7.0 129.90855
915.5698 7.0 130.79568
895.0499 7.0 127.86427
902.61005 7.0 128.94429
1027.0798 8.0 128.38498
1039.23 8.0 129.90375
1035.1799 8.0 129.39749
1042.47 8.0 130.30875
1022.7601 8.0 127.84501
1022.4901 8.0 127.811264
1035.45 8.0 129.43124
1033.8298 8.0 129.22873
1031.4001 8.0 128.92502
1035.45 8.0 129.43124
1026.5399 8.0 128.31749
1026.81 8.0 128.35126
1036.7999 8.0 129.59999
1035.99 8.0 129.49875
1043.28 8.0 130.41
1033.2899 8.0 129.16124
1038.6901 8.0 129.83626
1024.6498 8.0 128.08122
1039.4999 8.0 129.93748
1030.59 8.0 128.82375
1031.6702 8.0 128.95877
1034.64 8.0 129.33
1035.9897 8.0 129.49872
1032.4799 8.0 129.05998
1033.5599 8.0 129.19499
1020.6 8.0 127.575
1035.9897 8.0 129.49872
1038.42 8.0 129.8025
1032.2101 8.0 129.02626
1034.9099 8.0 129.36374
1040.8499 8.0 130.10623
1039.4998 8.0 129.93747
1033.2899 8.0 129.16124
1029.2401 8.0 128.65501
1032.7501 8.0 129.09377
1035.1799 8.0 129.39749
1034.9099 8.0 129.36374
1039.4999 8.0 129.93748
1034.9099 8.0 129.36374
1041.3899 8.0 130.17374
1044.0901 8.0 130.51126
1164.24 9.0 129.36
1156.4099 9.0 128.48999
1157.7599 9.0 128.63998
1157.22 9.0 128.58
1161.2701 9.0 129.03001
1156.9502 9.0 128.55002
1165.0498 9.0 129.44998
1166.3999 9.0 129.59999
1152.3599 9.0 128.03998
1163.9698 9.0 129.32999
1176.93 9.0 130.77
1164.78 9.0 129.42
1154.52 9.0 128.28
1161.54 9.0 129.06
1170.72 9.0 130.08
1154.7898 9.0 128.30998
1168.2903 9.0 129.81003
1166.1296 9.0 129.56996
1158.8398 9.0 128.75998
1146.6902 9.0 127.41002
1157.4902 9.0 128.61003
1162.6198 9.0 129.17998
1158.3003 9.0 128.70003
1168.8297 9.0 129.86996
1156.6797 9.0 128.51996
1157.49 9.0 128.61
1151.2799 9.0 127.91999
1165.86 9.0 129.54
1169.1 9.0 129.9
1163.1599 9.0 129.23999
1166.3998 9.0 129.59998
1161.27 9.0 129.03
1158.8398 9.0 128.75998
1164.51 9.0 129.39
1157.7599 9.0 128.63998
1162.6199 9.0 129.18
1159.92 9.0 128.88
1162.8898 9.0 129.20998
1163.4299 9.0 129.26999
1169.91 9.0 129.99
1160.4602 9.0 128.94002
1073.7898 10.0 107.37898
1111.05 10.0 111.105
1105.3798 10.0 110.53798
1092.1499 10.0 109.21499
1107.54 10.0 110.754
1052.4598 10.0 105.24599
1101.5997 10.0 110.15997
1114.0199 10.0 111.401985
1149.9299 10.0 114.99299
1113.7499 10.0 111.37499
1165.0502 10.0 116.50501
1156.1398 10.0 115.613976
1150.7402 10.0 115.07402
1121.5801 10.0 112.158005
1082.9701 10.0 108.297005
1077.3 10.0 107.73
1120.2302 10.0 112.023026
1089.45 10.0 108.94499
1102.6799 10.0 110.268
1141.2898 10.0 114.128975
1192.0498 10.0 119.20498
1200.9596 10.0 120.095955
1167.2101 10.0 116.72101
1147.5001 10.0 114.75001
1129.1404 10.0 112.91404
1147.2297 10.0 114.72298
1147.4999 10.0 114.74999
1151.8196 10.0 115.18195
1182.5999 10.0 118.25999
1138.86 10.0 113.885994
1136.1599 10.0 113.61599
1082.4299 10.0 108.243
1061.1003 10.0 106.11003
1099.1699 10.0 109.91699
1109.4298 10.0 110.94298
1170.7197 10.0 117.071976
1109.9697 10.0 110.99698
1158.5701 10.0 115.85701
1186.1101 10.0 118.61101
1242.2699 10.0 124.22699
1241.9998 10.0 124.19998
1092.6901 11.0 99.33546
1081.6199 11.0 98.32908
1097.2799 11.0 99.75272
1094.3102 11.0 99.48274
1075.14 11.0 97.740005
1082.1603 11.0 98.37821
1101.8699 11.0 100.16999
1105.6503 11.0 100.51366
1143.7202 11.0 103.97456
1145.0698 11.0 104.09726
1180.17 11.0 107.288185
1138.86 11.0 103.53273
1123.2002 11.0 102.10911
1098.8998 11.0 99.89998
1093.77 11.0 99.43364
1113.75 11.0 101.25
1082.1597 11.0 98.37815
1084.3198 11.0 98.57453
1104.8401 11.0 100.44001
1097.55 11.0 99.777275
1108.8901 11.0 100.8082
1112.4003 11.0 101.1273
1107.27 11.0 100.66091
1147.7699 11.0 104.34272
1073.52 11.0 97.59273
1074.3298 11.0 97.66635
1106.7301 11.0 100.61183
1123.47 11.0 102.13363
1092.9602 11.0 99.360016
1105.3801 11.0 100.489105
1118.34 11.0 101.66727
1142.9095 11.0 103.90087
1178.5498 11.0 107.14089
1102.1399 11.0 100.194534
1039.4999 11.0 94.49999
1026.54 11.0 93.32182
1040.8501 11.0 94.622734
1087.2903 11.0 98.84457
1075.95 11.0 97.81364
1130.76 11.0 102.796364
1088.3699 11.0 98.94272
1080.2699 12.0 90.02249
1038.6901 12.0 86.5575
1107.2704 12.0 92.27253
1034.91 12.0 86.2425
1077.0303 12.0 89.75252
1116.99 12.0 93.082504
1154.79 12.0 96.232506
1029.7803 12.0 85.81502
1021.4098 12.0 85.117485
1035.1804 12.0 86.26503
1126.98 12.0 93.91499
1062.7197 12.0 88.55998
1089.9901 12.0 90.83251
1153.44 12.0 96.119995
1076.2202 12.0 89.68501
1117.26 12.0 93.104996
1099.44 12.0 91.619995
1107.5399 12.0 92.29499
1053.27 12.0 87.7725
1092.4199 12.0 91.034996
1087.02 12.0 90.585
1094.85 12.0 91.237495
1104.8396 12.0 92.06997
1074.6001 12.0 89.55
1135.6199 12.0 94.634995
1060.0199 12.0 88.33499
1049.7603 12.0 87.48003
980.6398 12.0 81.71998
1079.1897 12.0 89.93248
1090.8002 12.0 90.90002
1037.0701 12.0 86.42251
1104.3 12.0 92.025
1116.7202 12.0 93.06001
1135.6198 12.0 94.63498
1092.6897 12.0 91.05748
1092.9598 12.0 91.07999
1121.8503 12.0 93.48753
1092.9595 12.0 91.079956
1099.7103 12.0 91.642525
1139.9397 12.0 94.99497
1145.34 12.0 95.445
1038.1499 13.0 79.85769
1052.4603 13.0 80.95849
1154.5199 13.0 88.80922
1116.4498 13.0 85.88076
1126.4401 13.0 86.64924
1109.7002 13.0 85.36155
1143.7205 13.0 87.97849
1042.7399 13.0 80.21076
1080.0004 13.0 83.07695
1073.7899 13.0 82.59923
1110.7803 13.0 85.44464
1067.31 13.0 82.10078
1095.9302 13.0 84.30232
1091.0701 13.0 83.92847
1060.5598 13.0 81.58153
1086.48 13.0 83.575386
1094.5797 13.0 84.19844
1110.2401 13.0 85.40308
1097.2795 13.0 84.40612
1107.0004 13.0 85.15388
1052.9999 13.0 80.99999
1034.0999 13.0 79.54614
1089.4501 13.0 83.80385
1078.6501 13.0 82.97308
1090.2601 13.0 83.866165
1018.44006 13.0 78.341545
1038.69 13.0 79.89922
1117.7999 13.0 85.98461
1143.1802 13.0 87.936935
1097.5503 13.0 84.42694
1146.4203 13.0 88.18618
1181.7898 13.0 90.906906
1105.1104 13.0 85.00849
1110.7797 13.0 85.44459
1010.3398 13.0 77.718445
1024.1101 13.0 78.7777
1028.43 13.0 79.11
1107.5402 13.0 85.1954
1130.2201 13.0 86.94001
1118.3403 13.0 86.026184
1084.05 13.0 83.388466
1057.05 14.0 75.50358
1085.9398 14.0 77.56713
1096.1998 14.0 78.29999
1069.2004 14.0 76.37146
1001.70013 14.0 71.55001
1018.98035 14.0 72.78431
1089.4506 14.0 77.817894
1091.88 14.0 77.99143
1156.4104 14.0 82.600746
1203.3904 14.0 85.95645
1163.6997 14.0 83.12141
1181.5204 14.0 84.39431
1102.9503 14.0 78.782166
1169.3704 14.0 83.52646
1115.6404 14.0 79.6886
1087.0198 14.0 77.64427
1050.0302 14.0 75.00215
1058.1299 14.0 75.5807
1091.0701 14.0 77.93358
1088.3698 14.0 77.7407
1146.1497 14.0 81.86783
1098.3602 14.0 78.4543
1063.26 14.0 75.94714
1062.9897 14.0 75.92784
1104.5703 14.0 78.89788
1072.9803 14.0 76.64146
1077.5702 14.0 76.9693
1078.3804 14.0 77.02717
1058.6703 14.0 75.61931
1074.8704 14.0 76.77645
1093.7703 14.0 78.12645
1075.4097 14.0 76.81498
1042.7404 14.0 74.48145
1144.2603 14.0 81.73288
1097.5503 14.0 78.39645
1082.7002 14.0 77.33573
1082.7 14.0 77.33571
1030.3198 14.0 73.59428
1063.53 14.0 75.96643
1082.4299 14.0 77.31642
1094.8496 14.0 78.203545
1101.8701 15.000001 73.458
1081.0804 15.000001 72.07202
1089.4502 15.000001 72.630005
1096.7402 15.000001 73.11601
1061.1002 15.000001 70.74001
1031.67 15.000001 68.778
1064.8796 15.000001 70.991974
1009.5301 15.000001 67.302
1096.2003 15.000001 73.08002
1050.8401 15.000001 70.056
1012.23035 15.000001 67.48202
1004.39996 15.000001 66.95999
1017.3599 15.000001 67.82399
1031.9398 15.000001 68.79598
1042.1998 15.000001 69.47999
1072.44 15.000001 71.495995
1035.4498 15.000001 69.02998
1021.1404 15.000001 68.07602
1093.5006 15.000001 72.90004
1051.9205 15.000001 70.12803
997.6502 15.000001 66.51001
1068.3906 15.000001 71.226036
1086.2095 15.000001 72.41396
1024.6503 15.000001 68.31001
1090.7999 15.000001 72.71999
1113.2103 15.000001 74.21402
1107.2703 15.000001 73.818016
1050.5702 15.000001 70.03801
1037.07 15.000001 69.13799
1038.4202 15.000001 69.228004
1126.1703 15.000001 75.07802
1107.2701 15.000001 73.818
1036.5302 15.000001 69.102005
1090.2603 15.000001 72.68401
1040.0403 15.000001 69.33601
1084.8597 15.000001 72.323975
1146.6906 15.000001 76.44603
1069.74 15.000001 71.315994
1002.50995 15.000001 66.83399
1084.5897 15.000001 72.30598
1067.0399 15.000001 71.13599
1037.0701 16.0 64.81688
1124.8196 16.0 70.30122
1056.2405 16.0 66.01503
1018.44006 16.0 63.652504
1020.87024 16.0 63.80439
1089.18 16.0 68.07375
1047.5999 16.0 65.47499
1058.67 16.0 66.16688
1016.82043 16.0 63.551277
1137.51 16.0 71.094376
962.2801 16.0 60.142506
1018.70996 16.0 63.669373
1028.7001 16.0 64.293755
1024.3801 16.0 64.02376
1124.0103 16.0 70.25064
1132.9197 16.0 70.80748
1053.2705 16.0 65.82941
1118.34 16.0 69.89625
1079.7299 16.0 67.483116
1068.3903 16.0 66.77439
1066.7699 16.0 66.67312
1143.1798 16.0 71.44874
1040.5798 16.0 65.03624
992.78973 16.0 62.04936
1036.8 16.0 64.8
998.9998 16.0 62.43749
1068.1201 16.0 66.75751
1082.1606 16.0 67.63504
1060.2899 16.0 66.26812
1108.0801 16.0 69.255005
1070.0098 16.0 66.87561
1048.1404 16.0 65.50877
1001.43005 16.0 62.58938
1041.93 16.0 65.12063
1099.7102 16.0 68.73189
1125.9001 16.0 70.36876
1095.3901 16.0 68.46188
1056.7799 16.0 66.048744
1086.7496 16.0 67.92185
1150.2004 16.0 71.88753
1104.84 16.0 69.0525
1107.8102 17.0 65.165306
1081.8899 17.0 63.640583
1051.9203 17.0 61.877666
1078.9203 17.0 63.465897
1090.8007 17.0 64.16474
993.86975 17.0 58.462925
1000.89014 17.0 58.87589
1033.2899 17.0 60.781757
999.00037 17.0 58.76473
1043.0101 17.0 61.353535
1046.7899 17.0 61.575874
1024.92 17.0 60.289417
1108.8895 17.0 65.2288
1081.3503 17.0 63.60884
1092.9603 17.0 64.29179
1045.4406 17.0 61.496502
1056.2399 17.0 62.131756
1000.0801 17.0 58.82824
1067.0397 17.0 62.767036
1084.5902 17.0 63.799427
1038.9603 17.0 61.11531
1015.7401 17.0 59.74942
1071.09 17.0 63.005295
1027.3507 17.0 60.432392
1033.2902 17.0 60.781773
1087.5602 17.0 63.97413
1084.5901 17.0 63.799416
1129.9507 17.0 66.46769
1089.4504 17.0 64.08532
1149.1205 17.0 67.59532
1094.0404 17.0 64.355316
987.3903 17.0 58.081783
969.3002 17.0 57.01766
1033.0205 17.0 60.76591
1153.9797 17.0 67.881165
1105.3804 17.0 65.02238
1033.0203 17.0 60.7659
1074.0594 17.0 63.17997
1118.6106 17.0 65.80062
1060.83 17.0 62.401764
974.9702 17.0 57.35119
1077.03 18.0 59.835003
1067.3103 18.0 59.295013
994.41003 18.0 55.245003
1005.4806 18.0 55.86003
957.69006 18.0 53.205
1072.4403 18.0 59.580017
1008.9901 18.0 56.055008
1000.34985 18.0 55.574993
1062.4501 18.0 59.025
1011.4197 18.0 56.189983
1052.19 18.0 58.454998
1101.6005 18.0 61.200027
1018.7097 18.0 56.594986
1015.1998 18.0 56.39999
977.12976 18.0 54.28499
1034.3698 18.0 57.46499
972.00006 18.0 54.000004
998.73 18.0 55.485
1074.3296 18.0 59.68498
1020.87024 18.0 56.71501
1068.3899 18.0 59.354996
1074.06 18.0 59.670002
1016.2802 18.0 56.46001
1047.0599 18.0 58.17
1036.2601 18.0 57.570007
1042.7397 18.0 57.929985
1033.2903 18.0 57.405014
1113.75 18.0 61.875
1052.1901 18.0 58.455
1029.5098 18.0 57.19499
1047.8696 18.0 58.21498
1088.3699 18.0 60.464996
1044.9003 18.0 58.050014
1028.7002 18.0 57.15001
1005.2102 18.0 55.845013
952.2899 18.0 52.904995
1040.3102 18.0 57.79501
1156.6802 18.0 64.26001
1023.84045 18.0 56.880024
1055.97 18.0 58.664997
1078.6499 18.0 59.924995
1034.1002 19.0 54.426327
1024.9197 19.0 53.94314
1077.5702 19.0 56.714222
1019.25024 19.0 53.64475
1018.97986 19.0 53.63052
1036.53 19.0 54.55421
1049.2206 19.0 55.222134
1039.7701 19.0 54.724743
976.3203 19.0 51.38528
979.56024 19.0 51.5558
1085.94 19.0 57.154736
998.46027 19.0 52.55054
1018.4398 19.0 53.602097
1003.85974 19.0 52.834724
1096.7406 19.0 57.72319
1012.50006 19.0 53.28948
991.43994 19.0 52.18105
1067.5801 19.0 56.188427
999.5405 19.0 52.607395
1034.6404 19.0 54.454754
999.0005 19.0 52.57897
1038.4204 19.0 54.653706
1087.5602 19.0 57.24001
1003.58984 19.0 52.82052
1050.5704 19.0 55.29318
1040.3104 19.0 54.753178
1091.6102 19.0 57.453167
1029.24 19.0 54.17053
1064.3402 19.0 56.017906
1071.3601 19.0 56.387375
1029.24 19.0 54.170525
995.22 19.0 52.379997
1052.1904 19.0 55.378445
979.01984 19.0 51.52736
1048.9508 19.0 55.20794
996.3001 19.0 52.436848
1075.1399 19.0 56.58631
1063.8002 19.0 55.989483
1056.5106 19.0 55.605824
1039.7701 19.0 54.724743
1043.2802 19.0 54.90948
1043.8195 20.0 52.190975
1046.7899 20.0 52.339497
975.51074 20.0 48.775536
998.73016 20.0 49.93651
1026.2703 20.0 51.313515
1027.0807 20.0 51.354034
1070.01 20.0 53.500504
978.2098 20.0 48.91049
1006.8303 20.0 50.341515
1033.5605 20.0 51.67803
1054.0801 20.0 52.704002
961.2005 20.0 48.060024
1088.0995 20.0 54.404976
1092.1503 20.0 54.607513
1031.9396 20.0 51.59698
928.7998 20.0 46.43999
1039.2307 20.0 51.961533
1001.16034 20.0 50.058018
1070.8204 20.0 53.54102
988.2002 20.0 49.41001
985.5 20.0 49.275
1036.5298 20.0 51.826492
1069.7402 20.0 53.48701
1010.8804 20.0 50.544018
1000.89014 20.0 50.044506
1031.4003 20.0 51.570015
975.7801 20.0 48.789005
1064.0706 20.0 53.203526
1125.3604 20.0 56.26802
1084.5898 20.0 54.229492
1089.9906 20.0 54.49953
1008.1802 20.0 50.409008
928.8003 20.0 46.440014
961.4701 20.0 48.073505
1078.3804 20.0 53.919018
1115.64 20.0 55.782
1066.23 20.0 53.3115
1004.94006 20.0 50.247
1026.2695 20.0 51.313477
1032.4807 20.0 51.624035
1044.0901 20.0 52.204506
1063.5299 21.0 50.644283
917.45996 21.0 43.68857
1020.8701 21.0 48.61286
1043.5502 21.0 49.692867
1008.72034 21.0 48.0343
1055.9698 21.0 50.28428
1105.6506 21.0 52.65003
1015.47015 21.0 48.35572
997.11017 21.0 47.481438
1031.9402 21.0 49.140007
1004.94 21.0 47.854286
1059.2098 21.0 50.438564
1059.2102 21.0 50.438583
1046.79 21.0 49.847145
1070.5505 21.0 50.9786
1001.4304 21.0 47.687164
970.10974 21.0 46.1957
1057.5906 21.0 50.361458
996.57043 21.0 47.455734
970.9199 21.0 46.234283
1074.6006 21.0 51.171455
1018.1701 21.0 48.48429
892.08 21.0 42.48
1059.7498 21.0 50.464275
1054.3502 21.0 50.207153
1007.1003 21.0 47.957157
1061.1007 21.0 50.528603
960.9305 21.0 45.758595
1068.9305 21.0 50.901455
1018.4402 21.0 48.49715
1009.5301 21.0 48.07286
1048.9502 21.0 49.95001
1047.8702 21.0 49.898582
1045.7107 21.0 49.79575
1016.5504 21.0 48.40716
1024.6506 21.0 48.792885
1018.98047 21.0 48.52288
1005.75037 21.0 47.892876
1051.1099 21.0 50.05285
988.47034 21.0 47.070015
1064.3398 21.0 50.68285
1032.4805 22.0 46.93093
1005.4801 22.0 45.70364
1038.9601 22.0 47.22546
964.98016 22.0 43.862736
1025.7302 22.0 46.6241
981.18005 22.0 44.599094
990.8999 22.0 45.040905
1032.21 22.0 46.918636
1009.5298 22.0 45.88772
1061.6404 22.0 48.25638
985.7698 22.0 44.807716
989.01056 22.0 44.955025
981.9903 22.0 44.63592
997.1102 22.0 45.323193
1059.4803 22.0 48.1582
1011.42017 22.0 45.973644
993.3307 22.0 45.151394
979.56036 22.0 44.52547
1005.4797 22.0 45.70362
1050.5697 22.0 47.75317
1027.3499 22.0 46.697723
1054.6204 22.0 47.93729
976.0502 22.0 44.365917
1048.4099 22.0 47.654995
1037.6106 22.0 47.164116
1007.6404 22.0 45.801834
1008.9905 22.0 45.863205
980.3701 22.0 44.56228
1018.71027 22.0 46.30501
949.0503 22.0 43.13865
986.5804 22.0 44.844563
1042.4702 22.0 47.38501
956.34033 22.0 43.470016
1003.3204 22.0 45.605473
1001.42993 22.0 45.519543
988.1998 22.0 44.918175
1041.1205 22.0 47.323658
1004.93994 22.0 45.67909
972.27026 22.0 44.194103
1062.9901 22.0 48.317734
1006.83014 22.0 45.765007
973.0801 23.0 42.30783
1062.9899 23.0 46.216953
1004.9403 23.0 43.693058
987.3901 23.0 42.930004
1021.94995 23.0 44.432606
910.43964 23.0 39.58433
960.9306 23.0 41.77959
972.2709 23.0 42.272648
967.9497 23.0 42.08477
979.56036 23.0 42.58958
937.7095 23.0 40.769978
1035.7202 23.0 45.031315
1014.39044 23.0 44.10393
976.5904 23.0 42.460453
1013.31 23.0 44.056957
945.54016 23.0 41.110443
987.93024 23.0 42.953487
948.50977 23.0 41.239555
958.4999 23.0 41.67391
1033.2905 23.0 44.925674
1001.4301 23.0 43.54044
977.1301 23.0 42.483917
957.9606 23.0 41.65046
1050.57 23.0 45.676956
959.5806 23.0 41.720898
968.75995 23.0 42.12
970.11 23.0 42.178696
1017.0903 23.0 44.221317
998.1901 23.0 43.39957
1055.1604 23.0 45.876537
954.72 23.0 41.509563
1047.8704 23.0 45.55958
996.30066 23.0 43.31742
923.9398 23.0 40.171295
997.11017 23.0 43.352615
945.8102 23.0 41.12218
950.6704 23.0 41.333496
1024.6504 23.0 44.55002
947.15985 23.0 41.180862
1088.6401 23.0 47.33218
996.5702 23.0 43.32914
1033.2904 24.0 43.05377
977.9401 24.0 40.747505
1038.1508 24.0 43.256283
912.6001 24.0 38.025005
982.5302 24.0 40.93876
939.6004 24.0 39.150017
1003.32 24.0 41.805
982.5304 24.0 40.938766
978.7502 24.0 40.781258
893.16003 24.0 37.215
1039.5005 24.0 43.312523
1059.7502 24.0 44.156258
1000.08014 24.0 41.670006
1006.29004 24.0 41.928753
998.1903 24.0 41.591263
978.4803 24.0 40.77001
996.8402 24.0 41.535007
980.1004 24.0 40.837517
962.2803 24.0 40.095013
953.6405 24.0 39.73502
1025.1903 24.0 42.716263
991.7103 24.0 41.321262
1045.4402 24.0 43.56001
960.66064 24.0 40.027527
925.2903 24.0 38.55376
1084.59 24.0 45.19125
978.47986 24.0 40.769993
908.8197 24.0 37.86749
1006.56055 24.0 41.94002
951.75037 24.0 39.656265
914.7603 24.0 38.115013
987.93 24.0 41.16375
967.68005 24.0 40.320004
1022.7607 24.0 42.61503
907.4701 24.0 37.811253
940.1405 24.0 39.17252
1014.39026 24.0 42.266262
969.30005 24.0 40.3875
1003.8601 24.0 41.827503
1048.1403 24.0 43.672512
1006.83014 24.0 41.951256
947.9701 25.0 37.918804
972.541 25.0 38.90164
994.14026 25.0 39.76561
930.1505 25.0 37.20602
1008.7204 25.0 40.348816
986.85046 25.0 39.47402
919.0798 25.0 36.76319
918.53973 25.0 36.74159
964.17017 25.0 38.566807
923.6706 25.0 36.946823
1016.0102 25.0 40.640408
1001.1602 25.0 40.04641
1001.97046 25.0 40.07882
945.2703 25.0 37.810814
989.2799 25.0 39.571198
1006.8309 25.0 40.273235
945.53986 25.0 37.821594
964.44006 25.0 38.577602
966.6006 25.0 38.664024
945.2699 25.0 37.810795
981.4507 25.0 39.258026
977.6699 25.0 39.106796
949.32 25.0 37.9728
956.0701 25.0 38.242805
1018.1707 25.0 40.72683
966.06 25.0 38.6424
988.74084 25.0 39.549633
983.34015 25.0 39.333607
1002.24036 25.0 40.089615
987.39 25.0 39.4956
851.30994 25.0 34.0524
945.00037 25.0 37.800014
996.57 25.0 39.8628
1031.4006 25.0 41.256023
977.13 25.0 39.0852
953.09985 25.0 38.123993
1005.2097 25.0 40.20839
1016.55005 25.0 40.662003
1035.4509 25.0 41.418037
922.86035 25.0 36.914413
935.27985 25.0 37.411194
984.69037 26.0 37.872707
958.77 26.0 36.87577
947.7005 26.0 36.45002
932.5805 26.0 35.86848
991.9803 26.0 38.153088
1019.79047 26.0 39.22271
970.1106 26.0 37.311947
946.35065 26.0 36.3981
977.94055 26.0 37.6131
905.3103 26.0 34.819626
923.94055 26.0 35.536175
997.9209 26.0 38.381573
963.0901 26.0 37.041927
920.1602 26.0 35.390778
889.91956 26.0 34.227676
935.2799 26.0 35.972305
938.7906 26.0 36.10733
966.87024 26.0 37.187317
955.2601 26.0 36.740772
1006.8303 26.0 38.724243
963.9005 26.0 37.073097
1041.3903 26.0 40.05347
987.11975 26.0 37.966145
977.13025 26.0 37.581932
996.57 26.0 38.329617
954.1806 26.0 36.699253
1007.9101 26.0 38.765774
984.95996 26.0 37.883076
930.6907 26.0 35.795795
993.6001 26.0 38.21539
959.3097 26.0 36.896526
989.0096 26.0 38.03883
1002.24036 26.0 38.547707
920.1605 26.0 35.39079
1001.7002 26.0 38.52693
911.52026 26.0 35.05847
900.7201 26.0 34.64308
986.04065 26.0 37.92464
958.2303 26.0 36.85501
932.3103 26.0 35.85809
981.17993 26.0 37.73769
998.7304 27.000002 36.990013
971.4604 27.000002 35.98001
1002.5103 27.000002 37.13001
968.2206 27.000002 35.86002
934.7405 27.000002 34.620014
990.9005 27.000002 36.700016
879.6601 27.000002 32.58
961.7405 27.000002 35.620014
957.6903 27.000002 35.47001
941.2201 27.000002 34.86
921.7797 27.000002 34.139988
923.13 27.000002 34.19
968.4905 27.000002 35.870014
933.1207 27.000002 34.560024
933.1202 27.000002 34.560005
912.8707 27.000002 33.810024
1002.5102 27.000002 37.130005
974.70074 27.000002 36.100025
921.5103 27.000002 34.13001
983.0707 27.000002 36.410023
942.84 27.000002 34.92
921.5102 27.000002 34.130005
945.2703 27.000002 35.01001
953.3707 27.000002 35.310024
1023.30023 27.000002 37.900005
1002.24066 27.000002 37.12002
999.0008 27.000002 37.000027
962.0108 27.000002 35.630028
916.9202 27.000002 33.960007
1022.49054 27.000002 37.870018
996.57025 27.000002 36.910007
974.9698 27.000002 36.10999
953.3704 27.000002 35.310013
1058.1304 27.000002 39.19001
989.27997 27.000002 36.639996
870.4803 27.000002 32.24001
933.38995 27.000002 34.569996
913.9499 27.000002 33.849995
915.57056 27.000002 33.91002
947.16034 27.000002 35.08001
1018.4399 27.000002 37.719994
961.4702 28.0 34.338223
977.6697 28.0 34.916775
893.6997 28.0 31.917847
965.5199 28.0 34.482853
958.2302 28.0 34.222507
887.2202 28.0 31.686436
961.4702 28.0 34.338223
930.1499 28.0 33.21964
932.5807 28.0 33.306454
943.65015 28.0 33.70179
996.5702 28.0 35.591793
966.6003 28.0 34.52144
941.7604 28.0 33.6343
895.0503 28.0 31.966082
965.7902 28.0 34.492508
965.5201 28.0 34.48286
938.7901 28.0 33.528217
969.03 28.0 34.608215
920.7004 28.0 32.882156
947.70044 28.0 33.846443
886.4103 28.0 31.657509
953.91034 28.0 34.068226
903.1501 28.0 32.25536
940.4102 28.0 33.58608
940.95056 28.0 33.605377
974.1604 28.0 34.791443
940.6801 28.0 33.59572
919.07983 28.0 32.82428
975.7803 28.0 34.849297
943.3803 28.0 33.692154
903.9603 28.0 32.284298
996.3007 28.0 35.58217
978.48 28.0 34.945713
926.3705 28.0 33.08466
980.3701 28.0 35.013218
935.01025 28.0 33.393223
936.6298 28.0 33.451065
985.50037 28.0 35.19644
936.90027 28.0 33.460724
900.4499 28.0 32.158924
963.6308 28.0 34.415386
931.77014 29.0 32.130005
949.8604 29.0 32.753807
966.3302 29.0 33.32173
960.12024 29.0 33.107594
995.7602 29.0 34.33656
989.2803 29.0 34.113113
891.27045 29.0 30.733463
932.58057 29.0 32.15795
945.54047 29.0 32.604843
952.83014 29.0 32.856213
943.9202 29.0 32.548973
977.9402 29.0 33.722076
951.2106 29.0 32.800365
967.1403 29.0 33.349667
899.64014 29.0 31.022074
942.8403 29.0 32.511734
959.0404 29.0 33.07036
882.36017 29.0 30.426212
949.8604 29.0 32.753807
936.9001 29.0 32.3069
897.7503 29.0 30.956907
943.65063 29.0 32.539677
917.9999 29.0 31.655169
901.8006 29.0 31.096573
948.7806 29.0 32.71657
985.771 29.0 33.992104
965.52 29.0 33.293793
905.0402 29.0 31.208284
873.7205 29.0 30.128294
901.2604 29.0 31.077944
907.47046 29.0 31.292086
856.70996 29.0 29.541723
931.2303 29.0 32.11139
944.7299 29.0 32.576893
940.68066 29.0 32.437263
938.7906 29.0 32.37209
931.5001 29.0 32.120693
949.8604 29.0 32.753807
928.5302 29.0 32.018284
955.2601 29.0 32.940002
915.84015 29.0 31.580694
990.9005 30.000002 33.030014
909.0905 30.000002 30.303015
862.11005 30.000002 28.737
993.06055 30.000002 33.102016
922.05005 30.000002 30.735
921.5108 30.000002 30.717024
901.80005 30.000002 30.06
925.02 30.000002 30.833998
943.1104 30.000002 31.437012
887.76044 30.000002 29.592012
943.65063 30.000002 31.455019
922.8603 30.000002 30.762009
954.18024 30.000002 31.806005
906.3905 30.000002 30.213015
884.5198 30.000002 29.483992
899.6405 30.000002 29.988014
953.37024 30.000002 31.779007
957.96063 30.000002 31.932018
893.16034 30.000002 29.772009
953.37054 30.000002 31.779016
935.2805 30.000002 31.176016
956.6101 30.000002 31.887001
994.1401 30.000002 33.138
911.79 30.000002 30.392998
906.12036 30.000002 30.20401
932.85046 30.000002 31.095013
898.29034 30.000002 29.94301
909.36096 30.000002 30.31203
939.8705 30.000002 31.329014
963.3607 30.000002 32.112022
876.1502 30.000002 29.205006
960.38995 30.000002 32.012997
972.26984 30.000002 32.408993
924.74994 30.000002 30.824997
989.5502 30.000002 32.985004
912.87036 30.000002 30.42901
969.5702 30.000002 32.319004
867.5105 30.000002 28.917015
943.3806 30.000002 31.446018
883.7106 30.000002 29.457018
910.71027 30.000002 30.357006
868.3207 31.0 28.010345
933.93036 31.0 30.126785
898.0203 31.0 28.968397
1000.35004 31.0 32.269356
965.2507 31.0 31.13712
896.1304 31.0 28.90743
918.0005 31.0 29.612919
918.5403 31.0 29.630331
925.55975 31.0 29.856766
981.18024 31.0 31.650976
940.68024 31.0 30.344524
911.2501 31.0 29.395164
1000.0802 31.0 32.26065
903.42035 31.0 29.142591
925.55975 31.0 29.856766
940.9498 31.0 30.35322
931.5006 31.0 30.048407
944.73016 31.0 30.475166
951.75055 31.0 30.701632
885.6006 31.0 28.56776
954.18115 31.0 30.780037
875.8804 31.0 28.254206
886.9502 31.0 28.611296
916.37994 31.0 29.560644
976.86017 31.0 31.511618
902.8804 31.0 29.125174
898.56024 31.0 28.985815
967.9497 31.0 31.224184
885.6004 31.0 28.567755
895.5905 31.0 28.890017
928.2606 31.0 29.943892
927.1805 31.0 29.909048
930.9602 31.0 30.030973
897.48016 31.0 28.950974
898.56 31.0 28.985806
929.61035 31.0 29.98743
932.31024 31.0 30.074524
918.53973 31.0 29.630314
932.31036 31.0 30.074528
924.2101 31.0 29.813229
907.7405 31.0 29.281952
879.39026 32.0 27.480946
937.4411 32.0 29.295034
909.3605 32.0 28.417515
938.79016 32.0 29.337193
884.2499 32.0 27.632809
934.4708 32.0 29.202213
917.4601 32.0 28.670628
926.1002 32.0 28.940632
925.0204 32.0 28.906887
935.2804 32.0 29.227512
915.03046 32.0 28.594702
910.43994 32.0 28.451248
875.3407 32.0 27.354397
933.9305 32.0 29.185328
870.4803 32.0 27.202509
931.2306 32.0 29.100956
905.3104 32.0 28.29095
928.53064 32.0 29.016582
880.74036 32.0 27.523136
893.9705 32.0 27.936579
959.58057 32.0 29.986893
896.94073 32.0 28.029398
899.1007 32.0 28.096897
910.7101 32.0 28.45969
887.2204 32.0 27.725637
918.54004 32.0 28.704376
991.4403 32.0 30.98251
936.36 32.0 29.26125
905.3104 32.0 28.29095
908.28064 32.0 28.38377
922.0503 32.0 28.814072
882.0902 32.0 27.56532
932.3104 32.0 29.1347
929.3402 32.0 29.041882
889.3805 32.0 27.79314
886.6805 32.0 27.708765
886.9502 32.0 27.717194
927.7199 32.0 28.991247
913.9499 32.0 28.560934
894.78064 32.0 27.961895
838.62 32.0 26.206875
895.05023 33.0 27.122734
892.62036 33.0 27.049103
921.51074 33.0 27.924568
878.04016 33.0 26.607277
894.51086 33.0 27.10639
858.6006 33.0 26.0182
907.20026 33.0 27.490917
898.29034 33.0 27.220919
906.39044 33.0 27.466377
883.1706 33.0 26.762745
888.3007 33.0 26.918203
904.7706 33.0 27.417292
937.43976 33.0 28.407265
873.99023 33.0 26.484552
937.71014 33.0 28.415459
904.23083 33.0 27.400934
935.2798 33.0 28.341812
884.52 33.0 26.803637
916.3804 33.0 27.769102
906.39026 33.0 27.466372
884.25037 33.0 26.795465
888.3006 33.0 26.9182
859.68036 33.0 26.05092
863.1901 33.0 26.157276
863.1901 33.0 26.157276
898.8305 33.0 27.237288
953.6403 33.0 28.898191
885.6003 33.0 26.836372
887.7607 33.0 26.901838
893.9707 33.0 27.090021
902.6106 33.0 27.351837
912.06036 33.0 27.638193
858.0602 33.0 26.001823
902.0705 33.0 27.33547
907.2005 33.0 27.490925
913.9505 33.0 27.695469
903.69086 33.0 27.384571
896.6704 33.0 27.171831
988.4708 33.0 29.953661
912.6004 33.0 27.654558
917.73035 33.0 27.81001
878.0404 34.0 25.824718
918.0002 34.0 27.000006
910.70996 34.0 26.785587
912.8706 34.0 26.849136
833.4896 34.0 24.5144
875.0705 34.0 25.737368
954.4502 34.0 28.072065
872.64014 34.0 25.665886
938.5203 34.0 27.603539
887.49023 34.0 26.102654
889.9207 34.0 26.174139
902.07007 34.0 26.531473
915.5706 34.0 26.928547
866.43054 34.0 25.483252
899.36993 34.0 26.452057
961.47046 34.0 28.278543
864.8109 34.0 25.435616
922.0504 34.0 27.11913
901.5301 34.0 26.51559
857.7908 34.0 25.229141
918.0 34.0 27.0
873.18036 34.0 25.681776
912.0605 34.0 26.825308
852.12036 34.0 25.062363
829.71075 34.0 24.403257
874.8003 34.0 25.72942
856.1702 34.0 25.181477
871.8309 34.0 25.642084
876.68994 34.0 25.784998
918.0001 34.0 27.000004
851.85034 34.0 25.054422
893.1606 34.0 26.269428
885.87054 34.0 26.055016
876.4206 34.0 25.777077
939.0608 34.0 27.619434
864.0002 34.0 25.41177
838.62036 34.0 24.665304
875.8801 34.0 25.76118
891.53986 34.0 26.22176
886.4101 34.0 26.070885
859.13995 34.0 25.268822
877.50085 35.0 25.071453
867.24023 35.0 24.778292
892.0806 35.0 25.488018
869.94055 35.0 24.855444
832.68054 35.0 23.790873
865.0801 35.0 24.716574
858.6003 35.0 24.531437
884.2499 35.0 25.264282
866.9704 35.0 24.770582
937.7104 35.0 26.791725
885.6006 35.0 25.302874
876.1502 35.0 25.032864
922.3205 35.0 26.352015
873.99005 35.0 24.971144
891.0007 35.0 25.457163
869.1303 35.0 24.832294
853.2002 35.0 24.377148
862.3805 35.0 24.639442
839.16 35.0 23.976
880.4703 35.0 25.156294
911.7904 35.0 26.051155
791.37006 35.0 22.610573
894.5103 35.0 25.557438
856.97974 35.0 24.485136
882.3602 35.0 25.210293
825.66034 35.0 23.590296
801.90027 35.0 22.911436
865.62024 35.0 24.732006
857.52026 35.0 24.50058
928.26044 35.0 26.521727
864.54016 35.0 24.701147
921.24066 35.0 26.321161
966.3304 35.0 27.60944
892.3506 35.0 25.495731
855.6304 35.0 24.446583
880.2005 35.0 25.148586
859.1406 35.0 24.546875
903.68964 35.0 25.819704
900.72046 35.0 25.73487
828.63055 35.0 23.67516
941.2205 35.0 26.892015
875.07043 36.0 24.307512
890.1905 36.0 24.727514
854.2804 36.0 23.730011
861.84 36.0 23.94
820.2603 36.0 22.78501
863.1905 36.0 23.977514
910.7097 36.0 25.297493
898.2899 36.0 24.952497
845.1001 36.0 23.475002
852.66064 36.0 23.685019
870.20996 36.0 24.172499
865.35034 36.0 24.03751
870.48035 36.0 24.18001
889.11053 36.0 24.697515
880.74054 36.0 24.465015
864.80994 36.0 24.0225
870.21063 36.0 24.172518
886.41046 36.0 24.622513
874.5304 36.0 24.292511
867.2404 36.0 24.090012
877.77014 36.0 24.382504
864.5407 36.0 24.01502
844.83044 36.0 23.467512
869.67004 36.0 24.157501
808.9203 36.0 22.470009
855.63007 36.0 23.767502
863.1905 36.0 23.977514
903.15015 36.0 25.087503
854.27997 36.0 23.73
861.84033 36.0 23.94001
866.4306 36.0 24.067516
883.98096 36.0 24.555027
828.36017 36.0 23.010004
864.81006 36.0 24.022501
896.94025 36.0 24.915007
874.26056 36.0 24.285015
862.1106 36.0 23.947517
903.6907 36.0 25.102518
888.57007 36.0 24.682503
862.9203 36.0 23.970009
879.9304 36.0 24.442513
829.17 37.0 22.41
876.4203 37.0 23.687035
845.64044 37.0 22.855146
831.3305 37.0 22.468391
836.46045 37.0 22.607038
840.2401 37.0 22.709192
817.8297 37.0 22.103506
825.6604 37.0 22.315145
853.74023 37.0 23.07406
858.60065 37.0 23.205423
812.7001 37.0 21.964867
844.0203 37.0 22.81136
808.1099 37.0 21.840809
838.35046 37.0 22.658121
787.3203 37.0 21.278927
905.58057 37.0 24.475151
847.5303 37.0 22.906223
878.3106 37.0 23.738125
912.87024 37.0 24.672169
894.24 37.0 24.168648
849.6901 37.0 22.964598
903.1503 37.0 24.409468
910.7108 37.0 24.613806
831.6004 37.0 22.475687
874.80054 37.0 23.643257
791.9101 37.0 21.402975
874.5301 37.0 23.635948
854.8206 37.0 23.10326
790.5602 37.0 21.366491
859.41034 37.0 23.227306
827.2798 37.0 22.358913
840.78033 37.0 22.723793
871.2901 37.0 23.548382
861.3004 37.0 23.278389
859.14056 37.0 23.220015
841.3208 37.0 22.7384
825.93024 37.0 22.32244
885.8701 37.0 23.942436
869.93964 37.0 23.511883
839.16046 37.0 22.680012
843.48047 37.0 22.79677
819.7207 38.0 21.571598
842.67035 38.0 22.175535
839.16064 38.0 22.083176
830.7903 38.0 21.862902
892.6207 38.0 23.490019
831.3304 38.0 21.877115
864.0004 38.0 22.736853
787.3203 38.0 20.718956
866.42975 38.0 22.800783
873.4499 38.0 22.985523
869.4003 38.0 22.878956
858.06024 38.0 22.580532
867.78 38.0 22.836317
855.9004 38.0 22.523695
824.85065 38.0 21.706596
836.46045 38.0 22.012117
782.19025 38.0 20.583954
832.6799 38.0 21.912628
838.88947 38.0 22.076038
844.29034 38.0 22.218166
800.5498 38.0 21.0671
802.98035 38.0 21.131062
784.6205 38.0 20.647907
862.3804 38.0 22.69422
824.5801 38.0 21.699476
878.85065 38.0 23.12765
836.1904 38.0 22.00501
807.3003 38.0 21.244745
824.0402 38.0 21.685268
849.1502 38.0 22.346058
827.5499 38.0 21.77763
836.46014 38.0 22.01211
824.0404 38.0 21.685274
830.2503 38.0 21.848692
805.14014 38.0 21.187899
872.64014 38.0 22.964214
822.15 38.0 21.635527
847.5301 38.0 22.303423
822.96027 38.0 21.656849
856.44 38.0 22.537895
814.8601 38.0 21.443687
828.8829 39.0 21.253407
864.83905 39.0 22.17536
809.41797 39.0 20.754307
831.8566 39.0 21.329657
838.61566 39.0 21.502966
792.65656 39.0 20.324528
815.0949 39.0 20.89987
832.668 39.0 21.350462
811.851 39.0 20.816692
875.92365 39.0 22.459581
832.6678 39.0 21.350456
856.4582 39.0 21.960466
818.87964 39.0 20.996914
778.59863 39.0 19.964067
843.4817 39.0 21.627735
784.5459 39.0 20.116562
837.2633 39.0 21.46829
814.2842 39.0 20.879082
833.7493 39.0 21.378187
829.153 39.0 21.260334
816.447 39.0 20.93454
856.1879 39.0 21.953537
849.6999 39.0 21.787176
815.0953 39.0 20.89988
812.93243 39.0 20.844421
826.4498 39.0 21.191021
808.06616 39.0 20.719645
794.8194 39.0 20.379984
815.6358 39.0 20.913738
822.395 39.0 21.087051
786.709 39.0 20.172026
824.8277 39.0 21.149427
811.58093 39.0 20.809767
838.0746 39.0 21.489092
834.5605 39.0 21.398987
776.43585 39.0 19.908611
860.7841 39.0 22.071388
845.64484 39.0 21.6832
844.8334 39.0 21.662394
840.5078 39.0 21.551483
856.72845 39.0 21.967396
817.2901 40.0 20.432253
825.9297 40.0 20.648243
797.8507 40.0 19.946268
829.70996 40.0 20.742748
835.9204 40.0 20.89801
829.9807 40.0 20.749517
816.48047 40.0 20.412012
868.86053 40.0 21.721514
784.0803 40.0 19.602009
811.6201 40.0 20.290503
858.87024 40.0 21.471756
807.8405 40.0 20.196012
778.6804 40.0 19.46701
812.9703 40.0 20.324257
788.94037 40.0 19.723509
839.1599 40.0 20.978998
849.96045 40.0 21.249012
809.19037 40.0 20.22976
842.9402 40.0 21.073505
843.4803 40.0 21.087008
844.8308 40.0 21.12077
827.8205 40.0 20.695513
815.6707 40.0 20.391768
812.9701 40.0 20.324253
804.87054 40.0 20.121763
844.29016 40.0 21.107254
848.8805 40.0 21.222012
840.7801 40.0 21.019503
842.67017 40.0 21.066753
821.8799 40.0 20.546997
835.92004 40.0 20.898
832.67975 40.0 20.816994
826.7404 40.0 20.66851
794.6102 40.0 19.865255
750.06006 40.0 18.751501
842.94073 40.0 21.073519
795.42017 40.0 19.885504
802.9801 40.0 20.074503
823.5 40.0 20.5875
865.89014 40.0 21.647253
821.07 40.0 20.52675
854.5501 41.0 20.842686
771.1198 41.0 18.8078
811.35016 41.0 19.789028
848.33984 41.0 20.691216
838.08014 41.0 20.440979
855.3601 41.0 20.862442
785.7003 41.0 19.163422
806.49023 41.0 19.670494
808.3804 41.0 19.716595
845.64026 41.0 20.625372
798.6602 41.0 19.479517
805.94995 41.0 19.657316
790.5601 41.0 19.281954
808.11066 41.0 19.710016
838.6204 41.0 20.454157
863.4604 41.0 21.060009
761.9405 41.0 18.583914
815.13074 41.0 19.881237
789.4799 41.0 19.255608
830.2502 41.0 20.250004
828.0898 41.0 20.197311
832.1406 41.0 20.296112
797.3101 41.0 19.446589
804.5998 41.0 19.624386
846.9904 41.0 20.658302
844.29047 41.0 20.592451
788.1304 41.0 19.222692
819.18005 41.0 19.980001
781.6503 41.0 19.064642
828.36066 41.0 20.203918
788.9403 41.0 19.242447
826.4704 41.0 20.157814
804.8702 41.0 19.63098
850.5005 41.0 20.743914
800.8199 41.0 19.532192
807.5703 41.0 19.696836
818.9104 41.0 19.973425
794.8799 41.0 19.387314
788.13025 41.0 19.222689
810.8102 41.0 19.775858
815.13025 41.0 19.881226
767.34076 42.0 18.270018
832.4104 42.0 19.819296
794.88043 42.0 18.925724
788.4008 42.0 18.771448
801.3602 42.0 19.080006
810.2703 42.0 19.29215
810.00073 42.0 19.285732
812.97015 42.0 19.356432
819.45087 42.0 19.510735
795.9607 42.0 18.951445
811.89044 42.0 19.330725
809.19055 42.0 19.266441
792.4503 42.0 18.867865
798.39026 42.0 19.009293
807.3005 42.0 19.22144
859.6808 42.0 20.46859
788.1302 42.0 18.765005
762.21075 42.0 18.147875
794.07043 42.0 18.906439
768.1504 42.0 18.289295
847.8004 42.0 20.185724
782.4604 42.0 18.630009
807.5702 42.0 19.227861
768.1504 42.0 18.289295
799.4704 42.0 19.03501
808.1103 42.0 19.24072
768.9605 42.0 18.308584
766.53046 42.0 18.250725
827.8203 42.0 19.710007
828.36005 42.0 19.722858
874.2607 42.0 20.815731
790.29065 42.0 18.816444
815.4006 42.0 19.414299
785.69995 42.0 18.707142
793.8003 42.0 18.900007
832.14014 42.0 19.81286
811.3503 42.0 19.317863
839.4302 42.0 19.986433
777.06006 42.0 18.50143
799.47064 42.0 19.035015
767.8801 42.0 18.28286
809.7304 43.0 18.83094
809.46027 43.0 18.824657
765.4503 43.0 17.80117
808.1101 43.0 18.793259
835.11084 43.0 19.421183
794.6103 43.0 18.47931
812.9702 43.0 18.906284
789.4804 43.0 18.36001
794.61005 43.0 18.479303
781.9198 43.0 18.184181
837.5404 43.0 19.477684
789.4796 43.0 18.359991
770.85004 43.0 17.926744
753.57007 43.0 17.524885
798.6604 43.0 18.573498
777.8701 43.0 18.090002
770.58057 43.0 17.920479
779.7603 43.0 18.13396
779.76025 43.0 18.133959
769.5002 43.0 17.895353
803.7903 43.0 18.692797
805.95 43.0 18.743023
798.1198 43.0 18.560926
769.77045 43.0 17.901638
827.28 43.0 19.23907
784.89014 43.0 18.25326
765.7207 43.0 17.807459
811.62054 43.0 18.874897
798.3904 43.0 18.567219
727.6503 43.0 16.9221
806.22034 43.0 18.74931
774.09 43.0 18.002094
813.7803 43.0 18.925123
750.06036 43.0 17.443264
772.47046 43.0 17.96443
746.5499 43.0 17.361626
810.26984 43.0 18.843485
784.8905 43.0 18.253267
811.6205 43.0 18.874895
804.8705 43.0 18.717918
766.5304 43.0 17.826288
782.4607 44.0 17.783197
791.6406 44.0 17.991833
767.6103 44.0 17.445688
749.79016 44.0 17.040686
772.74036 44.0 17.56228
754.9204 44.0 17.157282
709.83014 44.0 16.132504
778.68036 44.0 17.69728
733.8602 44.0 16.678642
776.79065 44.0 17.654333
784.89026 44.0 17.838415
726.5702 44.0 16.512959
778.67975 44.0 17.697268
769.50006 44.0 17.488638
788.9405 44.0 17.930466
787.3205 44.0 17.893648
754.9202 44.0 17.157278
810.8103 44.0 18.427507
781.3802 44.0 17.75864
752.4905 44.0 17.102057
780.3004 44.0 17.7341
781.3806 44.0 17.75865
771.9304 44.0 17.543873
766.26044 44.0 17.41501
768.9602 44.0 17.476368
817.02026 44.0 18.568642
807.0304 44.0 18.3416
809.4603 44.0 18.396826
796.50037 44.0 18.102282
785.4309 44.0 17.850702
798.12036 44.0 18.1391
800.0106 44.0 18.18206
751.6802 44.0 17.083641
783.00006 44.0 17.795456
789.2106 44.0 17.936604
797.0405 44.0 18.114557
769.50055 44.0 17.48865
788.1305 44.0 17.912056
758.1601 44.0 17.230911
782.19006 44.0 17.777046
780.3002 44.0 17.734095
796.7702 45.0 17.706005
773.8205 45.0 17.19601
762.4805 45.0 16.944012
730.08057 45.0 16.224012
780.0304 45.0 17.33401
719.2799 45.0 15.983998
770.3108 45.0 17.118017
780.0305 45.0 17.334011
761.94025 45.0 16.932005
773.01074 45.0 17.178017
748.43994 45.0 16.631998
773.0104 45.0 17.178009
724.14056 45.0 16.092012
766.80023 45.0 17.040005
763.83075 45.0 16.974016
760.8602 45.0 16.908005
746.2806 45.0 16.584013
759.2405 45.0 16.872011
773.2806 45.0 17.184013
786.24054 45.0 17.472012
783.8099 45.0 17.417997
781.65015 45.0 17.370003
758.4304 45.0 16.85401
743.85004 45.0 16.53
768.96094 45.0 17.08802
756.5403 45.0 16.812006
771.38983 45.0 17.141996
771.65967 45.0 17.147993
802.98035 45.0 17.844007
783.54065 45.0 17.412014
753.57007 45.0 16.746002
718.4698 45.0 15.965995
794.61053 45.0 17.658012
768.42017 45.0 17.076004
743.5806 45.0 16.524014
746.55054 45.0 16.590012
800.55054 45.0 17.790012
764.63995 45.0 16.991999
798.1201 45.0 17.736002
776.7902 45.0 17.262005
720.09045 45.0 16.00201
775.7106 46.0 16.863274
791.37 46.0 17.203695
802.4405 46.0 17.444359
736.02026 46.0 16.00044
760.3201 46.0 16.528698
749.5206 46.0 16.293926
747.35986 46.0 16.246954
755.46014 46.0 16.423046
785.16064 46.0 17.06871
741.691 46.0 16.123716
718.4706 46.0 15.618925
757.0804 46.0 16.45827
733.86005 46.0 15.95348
750.0603 46.0 16.305658
774.6302 46.0 16.839787
770.8504 46.0 16.757618
710.3703 46.0 15.442833
718.7403 46.0 15.624789
787.8605 46.0 17.127401
801.0902 46.0 17.415005
767.3403 46.0 16.68131
740.34 46.0 16.094349
761.6704 46.0 16.558052
757.89056 46.0 16.475882
743.58014 46.0 16.164785
745.4701 46.0 16.205872
754.1108 46.0 16.393713
758.9701 46.0 16.49935
727.6498 46.0 15.818474
771.6603 46.0 16.775223
715.7706 46.0 15.560231
721.7101 46.0 15.689349
777.06036 46.0 16.892616
762.7502 46.0 16.581526
765.9899 46.0 16.651955
760.8602 46.0 16.54044
723.87006 46.0 15.736305
711.99005 46.0 15.4780445
733.86017 46.0 15.953482
709.02045 46.0 15.413488
717.6603 46.0 15.60131
761.1307 47.0 16.19427
770.04016 47.0 16.383833
716.30994 47.0 15.240637
738.1803 47.0 15.705964
729.8105 47.0 15.527883
745.4699 47.0 15.861062
734.13043 47.0 15.619797
734.1303 47.0 15.619794
742.23016 47.0 15.792131
741.96014 47.0 15.786386
763.5606 47.0 16.24597
729.27 47.0 15.516383
735.48016 47.0 15.648515
771.66003 47.0 16.418299
732.7805 47.0 15.591075
761.94025 47.0 16.211494
756.2703 47.0 16.090858
718.2003 47.0 15.280858
724.9503 47.0 15.424475
750.06036 47.0 15.958731
678.2406 47.0 14.430651
709.29004 47.0 15.091277
746.82025 47.0 15.889792
747.90027 47.0 15.912771
715.5003 47.0 15.223411
735.2106 47.0 15.642778
778.41034 47.0 16.561922
739.5305 47.0 15.734692
716.5805 47.0 15.246393
713.61066 47.0 15.183206
733.0504 47.0 15.596818
770.31024 47.0 16.38958
748.9801 47.0 15.935747
771.9305 47.0 16.424053
748.4407 47.0 15.92427
728.19025 47.0 15.493409
728.7305 47.0 15.504905
759.5107 47.0 16.159801
758.9703 47.0 16.148304
752.75977 47.0 16.016165
731.70013 47.0 15.568089
759.5104 48.0 15.8231325
713.3403 48.0 14.861256
751.13983 48.0 15.6487465
716.5802 48.0 14.928755
697.1405 48.0 14.52376
728.7303 48.0 15.181881
724.14014 48.0 15.086253
731.9703 48.0 15.249381
713.34 48.0 14.861251
752.2202 48.0 15.671254
696.06036 48.0 14.501258
773.5503 48.0 16.115631
739.53015 48.0 15.406878
739.5305 48.0 15.406886
769.7697 48.0 16.03687
754.9204 48.0 15.727509
736.02026 48.0 15.3337555
726.03 48.0 15.125626
726.57043 48.0 15.136884
731.1606 48.0 15.232512
740.0708 48.0 15.418141
695.52014 48.0 14.490003
750.0602 48.0 15.626253
664.4705 48.0 13.843136
735.48035 48.0 15.322508
752.2204 48.0 15.671258
771.12024 48.0 16.065004
740.6106 48.0 15.429387
727.92017 48.0 15.165004
753.0301 48.0 15.688127
723.87 48.0 15.080626
714.69006 48.0 14.889377
705.2402 48.0 14.692504
750.0602 48.0 15.626253
774.36 48.0 16.1325
756.27026 48.0 15.7556305
715.77026 48.0 14.9118805
710.6402 48.0 14.805004
743.58057 48.0 15.491262
737.64056 48.0 15.367512
750.6001 48.0 15.637502
719.8207 49.0 14.690218
669.3304 49.0 13.659803
760.59 49.0 15.522245
714.9601 49.0 14.5910225
708.48004 49.0 14.458776
723.6002 49.0 14.767351
700.3803 49.0 14.293476
729.2702 49.0 14.883065
707.1301 49.0 14.431227
702.2705 49.0 14.332051
750.87024 49.0 15.323882
747.0901 49.0 15.246737
677.7001 49.0 13.830613
704.43 49.0 14.376122
688.4999 49.0 14.051018
691.4696 49.0 14.111625
745.2003 49.0 15.20817
718.74054 49.0 14.668175
740.6103 49.0 15.114496
680.94006 49.0 13.896736
681.48 49.0 13.907755
692.0099 49.0 14.122651
736.02026 49.0 15.020822
692.55035 49.0 14.13368
686.87994 49.0 14.017959
710.0999 49.0 14.491836
742.7698 49.0 15.158566
743.5805 49.0 15.175113
763.0204 49.0 15.571845
731.9704 49.0 14.938171
715.77045 49.0 14.60756
727.6501 49.0 14.850002
748.4401 49.0 15.274288
728.46027 49.0 14.866536
739.2605 49.0 15.086948
673.11005 49.0 13.736939
754.64996 49.0 15.40102
738.18005 49.0 15.0648985
720.36084 49.0 14.7012415
760.0504 49.0 15.511233
725.4905 49.0 14.805928
702.2702 50.0 14.045404
691.74005 50.0 13.834801
707.4002 50.0 14.148004
717.92993 50.0 14.358599
702.2702 50.0 14.045404
717.9298 50.0 14.358597
689.5801 50.0 13.791602
723.3301 50.0 14.466601
735.4804 50.0 14.709608
730.3507 50.0 14.607014
655.8301 50.0 13.116602
701.18994 50.0 14.023799
693.3609 50.0 13.867218
707.6705 50.0 14.153409
716.3099 50.0 14.326198
682.82965 50.0 13.656593
747.9005 50.0 14.95801
693.9004 50.0 13.878008
718.2007 50.0 14.364014
696.33014 50.0 13.926603
713.8801 50.0 14.277603
670.94995 50.0 13.418999
684.9902 50.0 13.699803
695.5202 50.0 13.910404
707.1305 50.0 14.14261
760.8606 50.0 15.217212
712.2597 50.0 14.245194
716.31006 50.0 14.326201
703.6201 50.0 14.072402
677.97034 50.0 13.559406
701.18994 50.0 14.023799
673.11005 50.0 13.462201
677.9704 50.0 13.559408
685.26013 50.0 13.705203
665.8204 50.0 13.316407
698.4904 50.0 13.969809
675.8099 50.0 13.516197
683.91016 50.0 13.678204
710.1005 50.0 14.20201
679.3201 50.0 13.586403
710.64044 50.0 14.212809
689.85016 51.0 13.526474
716.8507 51.0 14.055896
707.6705 51.0 13.875892
702.5411 51.0 13.775315
680.6699 51.0 13.346469
724.68054 51.0 14.209422
692.2803 51.0 13.574122
688.7702 51.0 13.505299
681.48004 51.0 13.362353
686.60974 51.0 13.462936
694.9797 51.0 13.627052
691.2004 51.0 13.552949
678.7803 51.0 13.309417
687.15027 51.0 13.473535
689.0403 51.0 13.510594
694.9803 51.0 13.627065
689.8496 51.0 13.5264635
703.89075 51.0 13.80178
693.35974 51.0 13.595289
692.82043 51.0 13.584715
690.65985 51.0 13.54235
670.1402 51.0 13.140004
653.4005 51.0 12.811774
674.7301 51.0 13.230001
695.5201 51.0 13.637649
708.48 51.0 13.891765
721.4402 51.0 14.145885
716.8502 51.0 14.055886
716.8502 51.0 14.055887
695.2505 51.0 13.632362
694.44006 51.0 13.616472
660.42 51.0 12.949411
702.2705 51.0 13.77001
700.6504 51.0 13.738243
692.2805 51.0 13.574127
704.1602 51.0 13.807063
699.8405 51.0 13.7223625
662.85034 51.0 12.997066
716.31067 51.0 14.045307
697.6801 51.0 13.680002
700.9208 51.0 13.743545
662.58044 52.0 12.741932
682.5608 52.0 13.126169
674.73016 52.0 12.97558
672.02966 52.0 12.923647
686.0702 52.0 13.193658
710.37006 52.0 13.660962
672.03033 52.0 12.92366
653.13 52.0 12.560192
649.8904 52.0 12.497891
700.38025 52.0 13.468851
706.3207 52.0 13.58309
676.8904 52.0 13.017122
699.57025 52.0 13.453274
696.87 52.0 13.401346
701.1903 52.0 13.484428
661.5002 52.0 12.721157
689.04004 52.0 13.250771
685.8001 52.0 13.188463
692.01013 52.0 13.307887
659.6103 52.0 12.6848135
675.5402 52.0 12.9911585
673.92035 52.0 12.960007
677.4301 52.0 13.027502
703.3503 52.0 13.525967
682.29065 52.0 13.120975
683.36975 52.0 13.141726
699.30023 52.0 13.448081
717.39014 52.0 13.795964
653.3996 52.0 12.565377
711.1802 52.0 13.676541
709.5602 52.0 13.645389
652.31995 52.0 12.544614
721.98047 52.0 13.88424
709.82983 52.0 13.650574
665.5504 52.0 12.7990465
714.4202 52.0 13.738851
677.43024 52.0 13.027505
660.6899 52.0 12.705575
723.0604 52.0 13.905008
658.8002 52.0 12.669234
692.82 52.0 13.323462
697.79846 52.999996 13.16601
663.4761 52.999996 12.518417
689.42017 52.999996 13.007929
677.5293 52.999996 12.783572
665.3677 52.999996 12.554108
652.1257 52.999996 12.304258
692.1231 52.999996 13.058928
673.74567 52.999996 12.712183
657.5305 52.999996 12.406237
644.5585 52.999996 12.161482
676.7187 52.999996 12.768278
665.90796 52.999996 12.5643015
669.69214 52.999996 12.635702
681.5835 52.999996 12.860067
660.5031 52.999996 12.462324
643.74725 52.999996 12.146175
647.80194 52.999996 12.222679
662.9353 52.999996 12.508214
689.96136 52.999996 13.01814
705.0957 52.999996 13.303694
669.9622 52.999996 12.640798
656.179 52.999996 12.380737
676.7182 52.999996 12.768269
663.206 52.999996 12.513322
668.6111 52.999996 12.615304
687.79877 52.999996 12.977336
662.39484 52.999996 12.498016
687.5286 52.999996 12.9722395
704.5548 52.999996 13.293488
639.69385 52.999996 12.069696
696.71783 52.999996 13.14562
655.09796 52.999996 12.36034
684.8259 52.999996 12.921245
649.6931 52.999996 12.258362
653.4768 52.999996 12.329752
672.93475 52.999996 12.696883
603.2092 52.999996 11.381307
665.90826 52.999996 12.564307
673.47577 52.999996 12.707091
672.1245 52.999996 12.681596
664.55725 52.999996 12.538816
655.8306 54.000004 12.145011
650.7004 54.000004 12.050006
649.8903 54.000004 12.035005
667.17004 54.000004 12.3550005
658.2604 54.000004 12.190006
657.9899 54.000004 12.184998
625.8602 54.000004 11.590003
644.2204 54.000004 11.930006
666.36005 54.000004 12.34
619.1102 54.000004 11.465004
662.3106 54.000004 12.26501
684.7201 54.000004 12.680001
635.5802 54.000004 11.770002
684.18005 54.000004 12.67
633.1506 54.000004 11.72501
667.17053 54.000004 12.355009
648.2705 54.000004 12.005009
655.5599 54.000004 12.139997
665.28046 54.000004 12.320007
623.7003 54.000004 11.550005
668.5203 54.000004 12.380005
643.4098 54.000004 11.914995
642.87067 54.000004 11.905011
666.36066 54.000004 12.340012
640.98004 54.000004 11.87
672.0306 54.000004 12.44501
660.9598 54.000004 12.239995
682.2903 54.000004 12.635004
647.19025 54.000004 11.985003
653.9403 54.000004 12.110004
667.4403 54.000004 12.360005
674.73004 54.000004 12.495
660.1503 54.000004 12.225005
669.05994 54.000004 12.3899975
662.04016 54.000004 12.260002
686.61053 54.000004 12.715009
679.59033 54.000004 12.585006
683.6405 54.000004 12.660008
663.6603 54.000004 12.290005
666.0906 54.000004 12.33501
636.6603 54.000004 11.790005
639.9 55.0 11.634546
645.5706 55.0 11.737648
648.0005 55.0 11.781827
650.7002 55.0 11.830913
665.5504 55.0 12.100917
633.9601 55.0 11.526547
645.30054 55.0 11.732737
641.7902 55.0 11.668913
632.34 55.0 11.497091
665.01013 55.0 12.091093
655.83014 55.0 11.924184
645.5703 55.0 11.737642
660.69025 55.0 12.012549
626.67004 55.0 11.394001
636.1202 55.0 11.565822
672.2999 55.0 12.223635
644.4899 55.0 11.7179985
647.1902 55.0 11.767095
632.0706 55.0 11.492193
653.1303 55.0 11.875096
617.4908 55.0 11.227105
659.0703 55.0 11.983097
649.8905 55.0 11.816191
648.5401 55.0 11.791638
618.57043 55.0 11.246735
620.46014 55.0 11.281094
665.5496 55.0 12.100903
678.5106 55.0 12.336556
655.02106 55.0 11.909473
619.9201 55.0 11.271275
626.94037 55.0 11.398915
648.81006 55.0 11.796547
637.20026 55.0 11.585459
650.4296 55.0 11.825994
646.6507 55.0 11.757285
618.30023 55.0 11.241822
660.4201 55.0 12.007638
670.13995 55.0 12.184362
613.9803 55.0 11.163278
678.78046 55.0 12.341463
657.4504 55.0 11.953643
610.47034 56.0 10.901256
616.1399 56.0 11.002498
643.4106 56.0 11.489474
624.24005 56.0 11.147143
626.6703 56.0 11.19054
645.84015 56.0 11.53286
632.60986 56.0 11.296605
612.9001 56.0 10.944644
630.98975 56.0 11.267674
640.98065 56.0 11.446083
619.9202 56.0 11.070004
624.5105 56.0 11.151974
601.82996 56.0 10.7469635
644.7601 56.0 11.513573
648.5402 56.0 11.581076
626.93994 56.0 11.195356
639.36 56.0 11.417143
629.9103 56.0 11.248398
670.41 56.0 11.971606
647.46075 56.0 11.561799
640.9806 56.0 11.446082
679.0501 56.0 12.125895
656.6403 56.0 11.72572
630.4498 56.0 11.258033
654.7501 56.0 11.691966
645.83997 56.0 11.532856
633.9602 56.0 11.320718
647.4601 56.0 11.561788
625.31995 56.0 11.166428
625.32056 56.0 11.166438
643.6802 56.0 11.494289
629.64014 56.0 11.243574
634.7706 56.0 11.33519
607.5 56.0 10.848214
612.0903 56.0 10.930183
657.18005 56.0 11.735358
604.26013 56.0 10.7903595
671.22046 56.0 11.986079
673.6501 56.0 12.029466
599.93994 56.0 10.713213
625.5904 56.0 11.171257
628.8302 57.0 11.032108
640.98016 57.0 11.245266
661.77026 57.0 11.610004
625.85986 57.0 10.979998
603.4501 57.0 10.5868435
633.42035 57.0 11.1126375
621.53986 57.0 10.904208
601.0199 57.0 10.544209
610.2001 57.0 10.705264
593.99994 57.0 10.421052
632.61017 57.0 11.098424
646.3799 57.0 11.339998
633.9599 57.0 11.122104
641.51996 57.0 11.254736
644.2201 57.0 11.302107
597.24023 57.0 10.477899
628.2903 57.0 11.022636
595.8903 57.0 10.454216
638.5503 57.0 11.202637
634.4999 57.0 11.131577
639.90015 57.0 11.226318
628.0201 57.0 11.017897
635.8502 57.0 11.155267
644.76025 57.0 11.3115835
603.4505 57.0 10.586851
628.29034 57.0 11.022637
602.3697 57.0 10.567889
647.18994 57.0 11.35421
608.30994 57.0 10.672104
610.47 57.0 10.709999
634.7701 57.0 11.136317
628.0201 57.0 11.017896
635.3106 57.0 11.1458
603.72046 57.0 10.591587
653.9397 57.0 11.472627
602.64026 57.0 10.572637
623.7001 57.0 10.942106
582.12024 57.0 10.212636
575.3699 57.0 10.094209
649.08026 57.0 11.387373
643.1404 57.0 11.283165
621.8099 58.0 10.72086
606.6901 58.0 10.460175
603.99 58.0 10.41362
614.25037 58.0 10.590524
592.3799 58.0 10.213447
609.9298 58.0 10.516031
601.0205 58.0 10.362423
616.41016 58.0 10.627762
596.7 58.0 10.287931
617.7599 58.0 10.651032
602.0998 58.0 10.381031
611.82007 58.0 10.548622
632.06995 58.0 10.897758
613.71 58.0 10.581207
609.39026 58.0 10.506728
646.1106 58.0 11.139838
585.3605 58.0 10.0924225
629.10016 58.0 10.846555
602.10016 58.0 10.381037
582.93024 58.0 10.050521
614.2503 58.0 10.590523
607.2302 58.0 10.469486
612.3599 58.0 10.55793
601.56006 58.0 10.371725
581.8504 58.0 10.031903
599.13 58.0 10.329827
623.43036 58.0 10.748799
590.2202 58.0 10.17621
573.4797 58.0 9.887581
605.8804 58.0 10.446214
611.2803 58.0 10.539315
603.9904 58.0 10.413628
630.45026 58.0 10.869832
599.4 58.0 10.334483
604.25995 58.0 10.418275
585.62976 58.0 10.097065
616.1403 58.0 10.623109
611.27985 58.0 10.539308
590.7607 58.0 10.185529
623.9698 58.0 10.7581
590.2201 58.0 10.1762085
604.23224 58.999996 10.241225
591.2606 58.999996 10.021367
600.1783 58.999996 10.172514
609.36633 58.999996 10.328243
609.367 58.999996 10.328255
612.06903 58.999996 10.374052
549.3755 58.999996 9.31145
603.9613 58.999996 10.236633
586.39703 58.999996 9.938933
575.5877 58.999996 9.755725
589.91016 58.999996 9.998478
627.2018 58.999996 10.630539
592.88257 58.999996 10.048858
604.50256 58.999996 10.245807
596.1251 58.999996 10.103816
645.84735 58.999996 10.946566
604.5023 58.999996 10.245803
554.50977 58.999996 9.398471
604.5025 58.999996 10.245806
609.0964 58.999996 10.323668
613.4198 58.999996 10.396946
593.9632 58.999996 10.067174
610.1772 58.999996 10.341987
599.3677 58.999996 10.158774
573.42596 58.999996 9.719085
592.3417 58.999996 10.03969
592.3421 58.999996 10.039698
570.99396 58.999996 9.677864
604.50214 58.999996 10.2458
583.4248 58.999996 9.8885565
621.7973 58.999996 10.538938
607.7445 58.999996 10.3007555
567.75085 58.999996 9.622896
591.2612 58.999996 10.021378
563.42804 58.999996 9.549628
566.94104 58.999996 9.609171
597.2059 58.999996 10.122134
618.2841 58.999996 10.479392
610.98804 58.999996 10.35573
548.83466 58.999996 9.302283
578.29016 58.999996 9.801529
608.85016 60.000004 10.147502
571.05023 60.000004 9.517503
569.9706 60.000004 9.499509
590.4904 60.000004 9.841506
568.0802 60.000004 9.468002
542.9701 60.000004 9.0495
592.65 60.000004 9.8775
592.92035 60.000004 9.882005
595.35016 60.000004 9.922502
569.9699 60.000004 9.499498
572.4 60.000004 9.54
578.8801 60.000004 9.648002
568.3499 60.000004 9.472498
568.34985 60.000004 9.472497
582.12006 60.000004 9.702001
598.0502 60.000004 9.967503
584.55005 60.000004 9.7425
595.89044 60.000004 9.931507
595.6199 60.000004 9.926997
587.7904 60.000004 9.796506
571.3202 60.000004 9.522002
552.96 60.000004 9.216
564.30023 60.000004 9.405004
584.82007 60.000004 9.747001
599.1302 60.000004 9.985502
571.59015 60.000004 9.526502
562.40985 60.000004 9.373497
595.6204 60.000004 9.927007
559.17004 60.000004 9.3195
562.13983 60.000004 9.368997
588.0603 60.000004 9.801004
582.12036 60.000004 9.702005
588.3302 60.000004 9.805503
574.0199 60.000004 9.566998
593.9998 60.000004 9.899997
607.7703 60.000004 10.129505
598.5897 60.000004 9.976495
603.7199 60.000004 10.061997
591.30023 60.000004 9.855003
587.5203 60.000004 9.792005
575.37006 60.000004 9.5895
589.1395 61.0 9.658025
573.48016 61.0 9.401314
561.3303 61.0 9.202136
579.1501 61.0 9.494264
578.3402 61.0 9.480988
589.6802 61.0 9.666888
548.3695 61.0 8.989664
552.96 61.0 9.0649185
571.0501 61.0 9.361477
566.7299 61.0 9.290654
558.89984 61.0 9.1622925
582.11993 61.0 9.54295
576.99 61.0 9.458852
562.1398 61.0 9.215406
563.2204 61.0 9.233121
591.3 61.0 9.693442
581.85034 61.0 9.53853
562.1397 61.0 9.215405
573.48016 61.0 9.401314
588.0604 61.0 9.640335
549.1801 61.0 9.002953
589.68005 61.0 9.666886
564.83984 61.0 9.259669
584.01025 61.0 9.573938
569.7001 61.0 9.339346
594.5404 61.0 9.746564
566.4597 61.0 9.286225
540.2701 61.0 8.856887
577.5298 61.0 9.467701
596.9699 61.0 9.786392
565.9199 61.0 9.277376
578.34015 61.0 9.480986
566.19025 61.0 9.281807
576.4502 61.0 9.450004
561.60016 61.0 9.20656
567.0 61.0 9.295082
555.1199 61.0 9.100326
598.5903 61.0 9.812955
580.76996 61.0 9.520819
560.7902 61.0 9.193282
575.9103 61.0 9.441153
567.0002 62.0 9.1451645
553.77 62.0 8.931774
550.7999 62.0 8.88387
575.3698 62.0 9.280158
563.22046 62.0 9.084201
568.35034 62.0 9.166941
550.2597 62.0 8.875156
566.4596 62.0 9.136445
535.9501 62.0 8.644356
553.5004 62.0 8.927426
572.94006 62.0 9.240969
593.99976 62.0 9.580641
532.98004 62.0 8.596453
575.3704 62.0 9.280169
563.7603 62.0 9.092908
588.5999 62.0 9.493547
551.88007 62.0 8.901292
558.36035 62.0 9.005812
538.3799 62.0 8.683546
556.7395 62.0 8.97967
566.7299 62.0 9.140805
576.9901 62.0 9.306293
563.48975 62.0 9.088544
548.09985 62.0 8.840321
536.4901 62.0 8.653067
546.2101 62.0 8.80984
554.3102 62.0 8.940487
563.2201 62.0 9.084195
576.7197 62.0 9.301931
560.5204 62.0 9.040651
566.73004 62.0 9.140807
536.48987 62.0 8.653063
562.6796 62.0 9.075478
567.0001 62.0 9.145164
591.0299 62.0 9.532741
548.10004 62.0 8.840323
567.54034 62.0 9.153876
550.5299 62.0 8.879515
579.14984 62.0 9.341126
580.2303 62.0 9.358553
550.7999 62.0 8.88387
529.19995 63.0 8.4
541.8899 63.0 8.601427
554.3099 63.0 8.79857
566.19006 63.0 8.9871435
544.59045 63.0 8.644293
529.2002 63.0 8.400003
529.1997 63.0 8.399996
545.6698 63.0 8.661426
550.52985 63.0 8.738569
536.21985 63.0 8.511426
544.8604 63.0 8.648578
544.8596 63.0 8.648565
537.83984 63.0 8.537141
535.6797 63.0 8.502852
557.8202 63.0 8.854289
527.3099 63.0 8.369998
585.9003 63.0 9.300005
549.98956 63.0 8.729993
542.4296 63.0 8.609994
537.0303 63.0 8.52429
564.57007 63.0 8.96143
540.26996 63.0 8.575713
539.9999 63.0 8.571426
545.3999 63.0 8.657142
556.2 63.0 8.828571
533.24976 63.0 8.464282
534.3299 63.0 8.481427
555.1198 63.0 8.811425
543.2395 63.0 8.622849
546.74976 63.0 8.678568
535.9501 63.0 8.507144
565.65027 63.0 8.978576
557.5498 63.0 8.849997
561.59985 63.0 8.914284
530.8202 63.0 8.425717
527.8501 63.0 8.378573
510.03015 63.0 8.095716
551.6101 63.0 8.755716
572.3996 63.0 9.085708
534.5999 63.0 8.485713
524.3401 63.0 8.322859
534.59955 64.0 8.353118
542.43005 64.0 8.47547
517.0497 64.0 8.078901
501.11993 64.0 7.829999
500.8501 64.0 7.825783
529.74 64.0 8.277187
544.05005 64.0 8.500782
546.2101 64.0 8.534533
532.70984 64.0 8.323591
532.4398 64.0 8.319372
534.86975 64.0 8.35734
543.5097 64.0 8.492339
547.83 64.0 8.559844
507.59985 64.0 7.9312477
525.9599 64.0 8.218123
542.16003 64.0 8.471251
553.5001 64.0 8.648439
546.74945 64.0 8.54296
516.51 64.0 8.070469
528.12006 64.0 8.251876
537.03 64.0 8.391094
541.08026 64.0 8.454379
548.91003 64.0 8.576719
559.1703 64.0 8.737036
535.68005 64.0 8.370001
513.80945 64.0 8.028273
538.3799 64.0 8.412186
532.9801 64.0 8.327814
526.4996 64.0 8.226556
523.7999 64.0 8.184374
547.01984 64.0 8.547185
555.6598 64.0 8.682184
527.57983 64.0 8.243435
539.99963 64.0 8.437494
529.1999 64.0 8.268748
554.04004 64.0 8.656876
544.3199 64.0 8.504998
542.9697 64.0 8.483902
545.12976 64.0 8.5176525
525.4191 64.0 8.209674
497.8798 64.0 7.7793717
525.69 65.0 8.087539
530.00995 65.0 8.153999
540.8098 65.0 8.320151
533.2499 65.0 8.203844
526.5 65.0 8.1
500.0395 65.0 7.6929154
533.24963 65.0 8.20384
508.13965 65.0 7.817533
520.0197 65.0 8.000303
535.9498 65.0 8.245382
508.13998 65.0 7.8175383
490.8597 65.0 7.5516877
535.4097 65.0 8.237073
522.9895 65.0 8.045992
525.95953 65.0 8.091685
535.9501 65.0 8.245386
515.1597 65.0 7.9255347
520.0197 65.0 8.000303
508.94955 65.0 7.8299932
535.94995 65.0 8.245384
522.72015 65.0 8.041848
515.15985 65.0 7.925536
521.90985 65.0 8.029383
520.01984 65.0 8.000305
529.2001 65.0 8.14154
520.8295 65.0 8.012762
517.04987 65.0 7.954613
528.1197 65.0 8.124918
510.5699 65.0 7.8549213
504.89954 65.0 7.767685
532.1698 65.0 8.187227
517.05 65.0 7.9546156
498.14966 65.0 7.663841
532.1704 65.0 8.187237
503.00974 65.0 7.738611
510.29965 65.0 7.850764
531.6299 65.0 8.178922
523.80005 65.0 8.058462
527.57965 65.0 8.11661
532.98 65.0 8.199692
496.80035 65.0 7.643082
525.4199 66.0 7.960908
529.74005 66.0 8.026364
499.22992 66.0 7.56409
527.0397 66.0 7.98545
507.86987 66.0 7.6949983
492.20984 66.0 7.457725
507.0599 66.0 7.682726
538.3795 66.0 8.157266
511.3802 66.0 7.7481847
499.76962 66.0 7.572267
504.35962 66.0 7.6418123
524.06995 66.0 7.940454
515.15985 66.0 7.805452
495.71982 66.0 7.510906
520.02014 66.0 7.8790927
504.35934 66.0 7.641808
519.48016 66.0 7.8709116
507.59976 66.0 7.6909056
509.75986 66.0 7.7236342
488.15964 66.0 7.396358
494.36996 66.0 7.490454
519.47955 66.0 7.870902
495.17972 66.0 7.502723
529.7395 66.0 8.026356
514.88965 66.0 7.801358
497.06958 66.0 7.5313573
513.80927 66.0 7.784989
489.7799 66.0 7.4209075
500.84995 66.0 7.5886354
502.46982 66.0 7.613179
487.34973 66.0 7.3840866
500.84976 66.0 7.5886326
523.7997 66.0 7.9363585
496.5297 66.0 7.523177
500.3096 66.0 7.5804486
527.5801 66.0 7.9936376
504.6297 66.0 7.6459045
516.50964 66.0 7.8259034
505.44025 66.0 7.6581855
509.75967 66.0 7.7236314
511.10974 66.0 7.744087
513.8102 67.0 7.6688085
494.0997 67.0 7.3746223
501.65967 67.0 7.4874578
532.4398 67.0 7.946863
485.18967 67.0 7.2416368
488.42984 67.0 7.2899976
487.8896 67.0 7.2819343
499.49985 67.0 7.4552217
475.19962 67.0 7.0925317
474.65994 67.0 7.084477
508.40976 67.0 7.5882053
487.07986 67.0 7.269849
485.99988 67.0 7.2537293
475.46973 67.0 7.096563
476.54938 67.0 7.112677
519.48004 67.0 7.753433
481.94974 67.0 7.1932797
492.47968 67.0 7.350443
516.5103 67.0 7.709109
493.29013 67.0 7.3625393
501.65952 67.0 7.4874554
496.53003 67.0 7.410896
471.15002 67.0 7.0320897
501.38992 67.0 7.483432
523.2599 67.0 7.809849
526.50006 67.0 7.8582096
495.1799 67.0 7.3907447
496.25995 67.0 7.406865
481.94965 67.0 7.1932783
496.25977 67.0 7.4068623
465.20953 67.0 6.9434257
513.80994 67.0 7.6688046
492.74942 67.0 7.354469
472.22925 67.0 7.0481977
505.43988 67.0 7.543879
475.73972 67.0 7.1005926
525.4202 67.0 7.842093
510.0296 67.0 7.612382
522.7201 67.0 7.8017926
491.12973 67.0 7.3302946
497.0698 67.0 7.418952
487.62006 68.0 7.170883
487.61948 68.0 7.1708746
469.25952 68.0 6.900875
472.7693 68.0 6.9524894
489.51007 68.0 7.1986775
465.7498 68.0 6.8492618
474.3898 68.0 6.9763207
495.72003 68.0 7.2900004
464.12964 68.0 6.8254356
466.82974 68.0 6.8651433
481.40958 68.0 7.0795527
488.42963 68.0 7.182789
481.4096 68.0 7.079553
440.63953 68.0 6.479993
470.6097 68.0 6.920731
477.89935 68.0 7.0279317
468.4494 68.0 6.888962
486.26953 68.0 7.1510224
481.40982 68.0 7.079556
480.59967 68.0 7.067642
477.89975 68.0 7.0279374
495.71976 68.0 7.2899966
473.5796 68.0 6.9644055
485.99936 68.0 7.1470494
478.70953 68.0 7.039846
487.3495 68.0 7.1669044
468.44946 68.0 6.8889627
481.94943 68.0 7.0874915
480.06015 68.0 7.059708
486.8099 68.0 7.1589694
487.61926 68.0 7.1708717
495.1795 68.0 7.2820516
469.79996 68.0 6.908823
468.17963 68.0 6.8849945
469.79968 68.0 6.9088187
478.97992 68.0 7.0438223
489.50983 68.0 7.1986737
489.50943 68.0 7.198668
483.0297 68.0 7.103378
475.74005 68.0 6.996177
498.14978 68.0 7.325732
480.05923 69.0 6.9573803
457.64975 69.0 6.632605
453.59937 69.0 6.573904
452.78946 69.0 6.562166
445.22925 69.0 6.4525976
466.5594 69.0 6.76173
466.82965 69.0 6.765647
435.77927 69.0 6.3156414
452.51944 69.0 6.558253
467.09985 69.0 6.769563
461.4297 69.0 6.687387
469.7994 69.0 6.808687
471.68954 69.0 6.8360806
464.12946 69.0 6.726514
463.3196 69.0 6.714777
449.27954 69.0 6.5112977
451.9793 69.0 6.5504246
461.96942 69.0 6.695209
469.79944 69.0 6.8086877
464.66983 69.0 6.7343454
485.99963 69.0 7.043473
441.44934 69.0 6.3978167
478.7096 69.0 6.9378204
468.98984 69.0 6.796954
472.76953 69.0 6.8517323
476.54947 69.0 6.906514
449.5496 69.0 6.5152116
476.82004 69.0 6.910435
496.25928 69.0 7.1921635
473.57922 69.0 6.863467
471.9595 69.0 6.839993
450.62964 69.0 6.5308642
494.36963 69.0 7.1647773
447.65952 69.0 6.487819
468.44922 69.0 6.7891192
480.0594 69.0 6.957382
458.45963 69.0 6.6443424
457.6495 69.0 6.6326017
442.7995 69.0 6.417384
464.12958 69.0 6.726516
454.13925 69.0 6.5817285
436.85934 70.0 6.2408476
450.89917 70.0 6.4414167
475.4695 70.0 6.792422
447.38962 70.0 6.39128
453.59976 70.0 6.4799967
458.18936 70.0 6.5455623
461.69922 70.0 6.595703
441.17908 70.0 6.3025584
476.27945 70.0 6.8039923
489.50916 70.0 6.992988
437.39926 70.0 6.248561
456.56943 70.0 6.5224204
468.71945 70.0 6.695992
457.9196 70.0 6.5417085
443.33932 70.0 6.333419
460.34937 70.0 6.5764194
456.83966 70.0 6.526281
444.68945 70.0 6.3527064
453.05945 70.0 6.4722776
441.44952 70.0 6.3064218
449.27942 70.0 6.4182773
427.40942 70.0 6.105849
467.36948 70.0 6.676707
454.13947 70.0 6.4877067
475.1996 70.0 6.7885656
451.16943 70.0 6.4452777
449.5492 70.0 6.4221315
454.9494 70.0 6.499277
458.45963 70.0 6.549423
465.2097 70.0 6.6458526
468.98953 70.0 6.6998506
444.95932 70.0 6.3565617
460.07938 70.0 6.5725627
450.62964 70.0 6.4375663
453.5994 70.0 6.4799914
450.62955 70.0 6.437565
456.29956 70.0 6.518565
444.41937 70.0 6.3488483
446.5796 70.0 6.3797083
418.7691 70.0 5.9824157
465.74942 70.0 6.653563
437.93958 71.0 6.168163
446.5791 71.0 6.2898464
449.27905 71.0 6.327874
449.27945 71.0 6.3278794
457.64963 71.0 6.4457693
433.34912 71.0 6.103509
457.6495 71.0 6.445768
448.4695 71.0 6.316472
424.16922 71.0 5.9742146
461.96936 71.0 6.506611
419.8493 71.0 5.9133706
416.06924 71.0 5.8601303
419.84943 71.0 5.913372
416.87933 71.0 5.87154
458.1897 71.0 6.453376
462.50958 71.0 6.5142193
435.50952 71.0 6.133937
416.0695 71.0 5.8601336
440.90933 71.0 6.2099905
439.55917 71.0 6.190974
427.94943 71.0 6.0274568
409.3192 71.0 5.7650595
415.2591 71.0 5.8487196
445.22955 71.0 6.2708387
436.04916 71.0 6.1415377
431.18927 71.0 6.073088
445.2295 71.0 6.270838
458.99966 71.0 6.464784
460.34967 71.0 6.483798
419.57956 71.0 5.909571
438.2094 71.0 6.1719637
450.0898 71.0 6.339293
435.77936 71.0 6.1377373
439.2894 71.0 6.187175
456.02975 71.0 6.422954
459.80972 71.0 6.4761934
463.85962 71.0 6.533234
459.8091 71.0 6.476185
441.17953 71.0 6.213796
453.86926 71.0 6.3925247
410.66913 71.0 5.7840724
423.35907 72.0 5.8799872
431.99927 72.0 5.99999
415.25912 72.0 5.767488
423.0888 72.0 5.8762336
426.8693 72.0 5.92874
424.439 72.0 5.894986
416.0695 72.0 5.778743
427.67926 72.0 5.9399896
429.29953 72.0 5.9624934
414.9889 72.0 5.763735
429.8393 72.0 5.9699903
427.94913 72.0 5.943738
427.67938 72.0 5.9399915
432.26938 72.0 6.0037413
421.73944 72.0 5.8574924
422.27908 72.0 5.8649874
398.78894 72.0 5.5387354
419.0392 72.0 5.819989
389.3392 72.0 5.407489
448.46918 72.0 6.228739
440.63956 72.0 6.1199937
429.02908 72.0 5.9587374
427.4091 72.0 5.9362373
429.0294 72.0 5.9587417
424.1692 72.0 5.8912387
419.30914 72.0 5.823738
442.5294 72.0 6.1462417
420.38907 72.0 5.838737
404.189 72.0 5.613736
419.03915 72.0 5.8199883
433.8892 72.0 6.026239
417.95938 72.0 5.8049912
444.68933 72.0 6.176241
422.00928 72.0 5.86124
429.5692 72.0 5.966239
438.4794 72.0 6.0899916
405.539 72.0 5.6324863
419.03906 72.0 5.819987
417.95892 72.0 5.804985
456.29947 72.0 6.3374925
436.04956 72.0 6.056244
415.5289 73.0 5.692177
407.96927 73.0 5.58862
397.9789 73.0 5.451766
420.65933 73.0 5.7624564
413.09906 73.0 5.658891
406.34912 73.0 5.5664263
426.32935 73.0 5.840128
421.46906 73.0 5.7735486
424.70923 73.0 5.8179345
406.0791 73.0 5.5627275
411.2094 73.0 5.6330056
419.84897 73.0 5.7513556
418.76895 73.0 5.736561
414.9892 73.0 5.6847835
415.79907 73.0 5.6958776
419.03894 73.0 5.7402596
427.67944 73.0 5.8586226
415.52914 73.0 5.69218
415.25925 73.0 5.6884828
422.2792 73.0 5.7846465
426.32935 73.0 5.840128
409.58923 73.0 5.610811
424.16904 73.0 5.810535
423.89917 73.0 5.806838
401.48926 73.0 5.4998527
402.5693 73.0 5.514648
416.06903 73.0 5.699576
418.7692 73.0 5.736564
369.62927 73.0 5.0634146
419.03912 73.0 5.740262
446.03915 73.0 6.1101255
403.1089 73.0 5.5220394
408.7791 73.0 5.599714
396.62897 73.0 5.4332733
409.85886 73.0 5.614505
416.87918 73.0 5.710674
426.05923 73.0 5.8364277
427.40912 73.0 5.8549194
403.91922 73.0 5.53314
423.62906 73.0 5.803138
403.649 73.0 5.529438
387.989 74.0 5.243095
400.40912 74.0 5.410934
402.2993 74.0 5.4364767
408.77884 74.0 5.5240383
373.1392 74.0 5.0424213
404.4592 74.0 5.465665
387.71927 74.0 5.2394495
422.2792 74.0 5.7064757
402.2991 74.0 5.4364743
412.2889 74.0 5.5714717
396.89893 74.0 5.363499
390.14896 74.0 5.272283
407.429 74.0 5.505797
412.82922 74.0 5.5787735
414.4491 74.0 5.6006637
399.8692 74.0 5.403638
403.91916 74.0 5.458367
405.80942 74.0 5.483911
414.44922 74.0 5.600665
392.57916 74.0 5.305124
409.58917 74.0 5.534989
397.9794 74.0 5.3781
400.139 74.0 5.407284
377.4591 74.0 5.1007986
391.49887 74.0 5.2905254
396.35916 74.0 5.356205
381.2393 74.0 5.151882
397.16895 74.0 5.367148
405.53897 74.0 5.4802566
395.0092 74.0 5.337962
411.74915 74.0 5.5641775
402.83887 74.0 5.4437685
387.71906 74.0 5.2394466
384.20917 74.0 5.1920156
391.22925 74.0 5.286882
391.76895 74.0 5.294175
416.609 74.0 5.6298513
394.46912 74.0 5.3306637
410.12915 74.0 5.542286
406.07877 74.0 5.4875507
401.7592 74.0 5.429178
393.1189 75.0 5.2415853
372.59903 75.0 4.967987
404.99918 75.0 5.399989
399.05908 75.0 5.320788
373.6793 75.0 4.9823904
390.14893 75.0 5.201986
382.8589 75.0 5.104785
387.17896 75.0 5.162386
380.42896 75.0 5.0723863
409.5891 75.0 5.4611883
381.23883 75.0 5.0831842
407.96912 75.0 5.439588
402.56888 75.0 5.367585
389.87918 75.0 5.198389
388.79892 75.0 5.1839857
406.0792 75.0 5.414389
370.70914 75.0 4.9427886
386.09897 75.0 5.1479864
403.91916 75.0 5.3855886
399.32898 75.0 5.3243866
365.8493 75.0 4.8779907
357.20914 75.0 4.7627883
358.82904 75.0 4.784387
382.85895 75.0 5.104786
380.15884 75.0 5.0687847
400.94904 75.0 5.3459873
399.86914 75.0 5.3315887
393.11917 75.0 5.241589
373.67923 75.0 4.98239
380.15927 75.0 5.0687904
397.4389 75.0 5.2991853
395.8189 75.0 5.2775855
380.96912 75.0 5.0795884
395.54895 75.0 5.273986
367.19907 75.0 4.8959875
390.41898 75.0 5.2055864
391.229 75.0 5.216387
379.8891 75.0 5.065188
373.94937 75.0 4.9859915
398.78937 75.0 5.3171916
386.09903 75.0 5.147987
378.26907 76.0 4.977225
358.0191 76.0 4.7107778
359.63913 76.0 4.732094
375.02902 76.0 4.9345922
378.80887 76.0 4.9843273
362.06915 76.0 4.7640676
373.40915 76.0 4.913278
372.0591 76.0 4.8955145
373.40887 76.0 4.913275
369.62946 76.0 4.8635454
372.86884 76.0 4.906169
379.8893 76.0 4.9985437
380.69894 76.0 5.0091968
354.23926 76.0 4.6610427
377.72925 76.0 4.970122
373.67902 76.0 4.916829
373.67908 76.0 4.91683
365.57916 76.0 4.810252
362.87918 76.0 4.774726
364.76907 76.0 4.799593
365.30914 76.0 4.8066993
384.2089 76.0 5.0553803
373.94922 76.0 4.9203844
378.26898 76.0 4.9772234
375.02927 76.0 4.9345956
380.96948 76.0 5.0127563
377.18915 76.0 4.963015
389.339 76.0 5.1228814
356.6692 76.0 4.6930156
371.51904 76.0 4.8884087
370.43896 76.0 4.874197
363.959 76.0 4.788934
379.0789 76.0 4.98788
368.279 76.0 4.845776
381.77917 76.0 5.0234103
370.16907 76.0 4.8706455
380.15912 76.0 5.002094
377.9991 76.0 4.9736724
363.959 76.0 4.788934
362.0691 76.0 4.764067
371.7892 76.0 4.8919635
348.0292 77.0 4.51986
355.31918 77.0 4.614535
348.29907 77.0 4.5233645
343.43906 77.0 4.4602475
368.8191 77.0 4.7898583
351.53903 77.0 4.565442
359.63913 77.0 4.670638
357.47928 77.0 4.642588
353.96915 77.0 4.597002
358.8291 77.0 4.660118
358.28918 77.0 4.653106
375.02908 77.0 4.8705077
349.91922 77.0 4.5444055
362.33908 77.0 4.7057023
383.9391 77.0 4.986222
355.04913 77.0 4.6110277
377.45895 77.0 4.9020643
361.52905 77.0 4.6951823
355.31918 77.0 4.614535
362.33914 77.0 4.7057033
354.77908 77.0 4.6075206
356.93915 77.0 4.6355734
361.5291 77.0 4.6951833
352.34918 77.0 4.5759635
336.14938 77.0 4.3655763
363.95923 77.0 4.726743
364.22922 77.0 4.7302494
359.909 77.0 4.674143
368.27884 77.0 4.782842
355.0492 77.0 4.6110287
366.11874 77.0 4.754789
356.9391 77.0 4.6355724
360.98914 77.0 4.6881704
365.03906 77.0 4.740767
360.7192 77.0 4.684665
344.24905 77.0 4.470767
356.93896 77.0 4.635571
367.469 77.0 4.7723246
366.11914 77.0 4.754794
357.479 77.0 4.6425843
372.05914 77.0 4.831937
343.11887 78.0 4.3989596
350.95425 78.0 4.4994135
342.57886 78.0 4.3920364
330.42096 78.0 4.236166
347.9822 78.0 4.4613104
338.7961 78.0 4.3435397
340.1474 78.0 4.360864
332.8525 78.0 4.2673397
353.65604 78.0 4.534052
344.1995 78.0 4.412814
336.09448 78.0 4.3089037
329.34033 78.0 4.222312
359.59964 78.0 4.610252
343.92947 78.0 4.4093523
351.7649 78.0 4.509806
339.33655 78.0 4.3504686
339.877 78.0 4.3573976
335.01382 78.0 4.295049
344.74033 78.0 4.419748
351.76456 78.0 4.509802
349.87347 78.0 4.4855576
341.49823 78.0 4.3781824
335.01395 78.0 4.2950506
342.57886 78.0 4.3920364
343.1193 78.0 4.3989654
343.92984 78.0 4.409357
344.19968 78.0 4.4128165
350.14368 78.0 4.4890213
346.90128 78.0 4.447452
351.49432 78.0 4.5063376
338.256 78.0 4.3366156
340.95767 78.0 4.371252
350.41382 78.0 4.492485
337.17548 78.0 4.3227625
361.2206 78.0 4.6310334
338.7963 78.0 4.343542
347.71207 78.0 4.457847
354.46616 78.0 4.544438
360.9505 78.0 4.6275706
333.12256 78.0 4.270802
335.55438 78.0 4.301979
332.639 79.0 4.2106204
336.419 79.0 4.2584686
333.71896 79.0 4.224291
339.6589 79.0 4.29948
327.50925 79.0 4.1456866
319.94925 79.0 4.0499907
328.85922 79.0 4.162775
321.0293 79.0 4.063662
326.42923 79.0 4.1320157
350.999 79.0 4.443025
325.61917 79.0 4.121762
326.15933 79.0 4.128599
318.59915 79.0 4.032901
331.8291 79.0 4.2003684
326.9692 79.0 4.1388507
341.8193 79.0 4.3268266
314.54916 79.0 3.9816349
318.32925 79.0 4.0294843
348.29898 79.0 4.408848
347.21906 79.0 4.395178
331.28915 79.0 4.1935334
335.8794 79.0 4.251638
314.27942 79.0 3.9782205
330.74905 79.0 4.186697
334.79916 79.0 4.237964
351.269 79.0 4.446443
331.8291 79.0 4.2003684
329.6691 79.0 4.1730266
335.8794 79.0 4.251638
325.07947 79.0 4.11493
338.57895 79.0 4.2858095
339.65933 79.0 4.299485
345.05923 79.0 4.3678384
318.59937 79.0 4.032903
332.09943 79.0 4.20379
333.98923 79.0 4.2277117
348.83905 79.0 4.415684
324.80933 79.0 4.1115103
328.58914 79.0 4.159356
314.00937 79.0 3.974802
332.90915 79.0 4.21404
317.2492 80.0 3.965615
313.7392 80.0 3.9217398
329.93912 80.0 4.124239
319.4089 80.0 3.9926114
319.40936 80.0 3.9926171
306.71902 80.0 3.8339877
325.6192 80.0 4.07024
315.6293 80.0 3.9453661
317.2489 80.0 3.9656115
315.8991 80.0 3.9487388
317.24905 80.0 3.9656131
319.6791 80.0 3.9959888
320.21918 80.0 4.00274
318.5991 80.0 3.9824886
307.25903 80.0 3.8407378
307.25916 80.0 3.8407395
320.75912 80.0 4.009489
320.4892 80.0 4.006115
320.21915 80.0 4.0027394
303.74905 80.0 3.796863
324.26938 80.0 4.053367
322.37933 80.0 4.029742
308.87946 80.0 3.8609931
309.41922 80.0 3.8677404
307.52905 80.0 3.844113
312.11902 80.0 3.9014878
321.56918 80.0 4.0196147
317.7894 80.0 3.9723675
318.3292 80.0 3.9791148
305.36932 80.0 3.8171165
308.0691 80.0 3.8508637
299.69916 80.0 3.7462397
322.10922 80.0 4.0263653
306.98895 80.0 3.8373618
319.13916 80.0 3.9892395
317.78928 80.0 3.972366
316.70914 80.0 3.9588642
319.67914 80.0 3.995989
298.34927 80.0 3.729366
320.75916 80.0 4.0094895
306.98932 80.0 3.8373666
302.12918 81.0 3.7299898
286.7393 81.0 3.5399911
290.2491 81.0 3.5833223
298.0793 81.0 3.6799917
310.76923 81.0 3.836657
303.20914 81.0 3.7433228
302.12897 81.0 3.7299874
297.5394 81.0 3.6733258
298.88907 81.0 3.6899886
312.38898 81.0 3.8566542
291.86926 81.0 3.6033242
307.25903 81.0 3.7933214
281.8794 81.0 3.4799926
298.61917 81.0 3.6866565
296.45926 81.0 3.6599908
312.11902 81.0 3.8533213
307.52948 81.0 3.7966604
290.51923 81.0 3.586657
308.06915 81.0 3.8033228
291.3293 81.0 3.5966582
293.75906 81.0 3.626655
302.66925 81.0 3.7366574
298.6192 81.0 3.6866567
304.82922 81.0 3.7633238
308.87912 81.0 3.8133223
294.83905 81.0 3.6399884
300.77927 81.0 3.7133243
293.2191 81.0 3.6199887
298.61942 81.0 3.6866596
301.3192 81.0 3.7199903
276.20926 81.0 3.409991
306.17917 81.0 3.7799897
301.85925 81.0 3.7266574
299.9691 81.0 3.703322
289.97934 81.0 3.5799918
312.38943 81.0 3.8566597
306.4492 81.0 3.7833233
297.53918 81.0 3.6733232
296.7292 81.0 3.6633232
296.9991 81.0 3.6666558
297.53925 81.0 3.6733239
275.1295 82.0 3.3552377
279.4494 82.0 3.4079196
273.77927 82.0 3.3387716
284.0395 82.0 3.4638963
294.29926 82.0 3.5890155
304.82938 82.0 3.7174315
301.8591 82.0 3.6812084
304.0193 82.0 3.7075522
285.65927 82.0 3.4836497
285.38916 82.0 3.4803555
285.3894 82.0 3.4803586
286.46936 82.0 3.4935288
285.38943 82.0 3.4803588
282.9593 82.0 3.450723
294.2994 82.0 3.5890172
290.2493 82.0 3.5396254
275.9394 82.0 3.3651147
282.41937 82.0 3.4441388
283.76923 82.0 3.4606001
291.599 82.0 3.5560853
284.84927 82.0 3.4737718
280.79938 82.0 3.4243827
279.71918 82.0 3.4112096
276.74933 82.0 3.3749917
282.4192 82.0 3.4441364
272.15933 82.0 3.3190162
277.2893 82.0 3.381577
289.16925 82.0 3.5264542
273.50922 82.0 3.3354783
291.0592 82.0 3.5495024
317.7892 82.0 3.8754783
266.75937 82.0 3.2531629
268.64914 82.0 3.276209
285.38916 82.0 3.4803555
279.98932 82.0 3.4145038
292.1393 82.0 3.5626745
278.90936 82.0 3.4013338
288.0891 82.0 3.5132818
285.6591 82.0 3.4836476
293.48926 82.0 3.5791373
289.97928 82.0 3.5363328
269.72922 83.0 3.2497497
275.12924 83.0 3.31481
263.7892 83.0 3.1781833
282.68927 83.0 3.4058948
264.05948 83.0 3.1814394
262.97925 83.0 3.1684246
254.60931 83.0 3.0675821
276.2091 83.0 3.3278205
255.14928 83.0 3.0740876
274.04956 83.0 3.301802
266.75946 83.0 3.2139692
272.9694 83.0 3.2887878
271.8893 83.0 3.275775
283.2292 83.0 3.4124
273.77933 83.0 3.298546
272.4295 83.0 3.282283
279.98926 83.0 3.3733644
285.11942 83.0 3.4351735
272.96924 83.0 3.288786
265.13937 83.0 3.1944501
260.54947 83.0 3.1391504
283.4992 83.0 3.4156532
279.44934 83.0 3.3668594
261.89938 83.0 3.1554143
272.9694 83.0 3.2887878
278.90933 83.0 3.3603532
275.93912 83.0 3.3245678
263.2495 83.0 3.171681
263.5193 83.0 3.1749313
275.66937 83.0 3.3213177
282.4193 83.0 3.4026423
276.4793 83.0 3.3310761
260.5493 83.0 3.139148
280.2591 83.0 3.3766155
272.96948 83.0 3.288789
269.72937 83.0 3.2497513
267.0291 83.0 3.2172182
267.5694 83.0 3.2237277
267.02936 83.0 3.2172213
272.6994 83.0 3.2855349
273.5095 83.0 3.2952952
265.1394 84.0 3.1564214
258.11942 84.0 3.0728502
251.63956 84.0 2.995709
249.2094 84.0 2.9667785
257.0393 84.0 3.0599918
246.50946 84.0 2.9346364
255.6893 84.0 3.0439203
260.2794 84.0 3.0985641
245.9694 84.0 2.9282072
252.71936 84.0 3.0085638
252.44946 84.0 3.0053508
247.3194 84.0 2.9442785
262.43948 84.0 3.1242795
261.62952 84.0 3.1146371
271.3494 84.0 3.2303498
256.22958 84.0 3.0503523
255.6894 84.0 3.0439215
257.0394 84.0 3.0599928
248.12935 84.0 2.9539208
265.40918 84.0 3.1596332
245.69951 84.0 2.9249942
257.8493 84.0 3.0696347
255.68944 84.0 3.043922
264.32935 84.0 3.1467779
257.57938 84.0 3.066421
266.2193 84.0 3.1692772
248.66951 84.0 2.9603512
262.9795 84.0 3.1307082
270.5392 84.0 3.2207048
254.60951 84.0 3.0310657
256.76944 84.0 3.0567791
263.78928 84.0 3.1403487
247.04941 84.0 2.9410644
260.27942 84.0 3.0985646
256.7694 84.0 3.0567787
261.8994 84.0 3.11785
256.49933 84.0 3.0535636
266.48956 84.0 3.172495
250.82939 84.0 2.9860642
274.8592 84.0 3.2721334
259.19955 84.0 3.0857089
237.5995 85.0 2.7952883
231.38957 85.0 2.7222302
242.99963 85.0 2.8588192
252.17944 85.0 2.966817
247.3193 85.0 2.909639
253.52931 85.0 2.9826977
227.33945 85.0 2.6745818
244.07971 85.0 2.871526
236.78925 85.0 2.7857559
244.0793 85.0 2.8715212
240.83932 85.0 2.8334038
243.26953 85.0 2.8619945
246.7794 85.0 2.9032872
234.62956 85.0 2.7603478
244.61952 85.0 2.8778768
246.7794 85.0 2.9032872
251.90948 85.0 2.963641
238.40955 85.0 2.8048182
251.36948 85.0 2.957288
244.88937 85.0 2.8810515
241.64954 85.0 2.8429358
233.81943 85.0 2.7508168
257.30954 85.0 3.027171
246.50948 85.0 2.9001114
233.27957 85.0 2.7444656
255.14941 85.0 3.0017579
244.61948 85.0 2.8778763
240.83955 85.0 2.8334064
251.36928 85.0 2.9572856
254.33923 85.0 2.9922264
252.98941 85.0 2.976346
237.8694 85.0 2.7984636
246.23947 85.0 2.896935
244.6195 85.0 2.8778765
228.68953 85.0 2.690465
225.71959 85.0 2.6555245
242.72949 85.0 2.8556411
250.28932 85.0 2.9445803
244.88928 85.0 2.8810503
245.69948 85.0 2.890582
251.3694 85.0 2.957287
236.51967 86.0 2.7502286
233.00954 86.0 2.7094133
233.27942 86.0 2.7125514
230.30951 86.0 2.6780176
236.78943 86.0 2.7533655
217.34964 86.0 2.5273213
222.74951 86.0 2.5901105
236.51942 86.0 2.7502258
223.82964 86.0 2.6026702
227.06946 86.0 2.6403425
219.50958 86.0 2.552437
217.34953 86.0 2.5273201
228.95947 86.0 2.6623194
220.31947 86.0 2.5618544
220.85956 86.0 2.5681343
229.2295 86.0 2.6654594
234.62958 86.0 2.728251
223.82959 86.0 2.6026697
214.10963 86.0 2.489647
223.55959 86.0 2.59953
222.20964 86.0 2.583833
235.7096 86.0 2.7408092
223.82962 86.0 2.60267
222.47966 86.0 2.5869727
223.0195 86.0 2.59325
244.07951 86.0 2.8381338
240.56955 86.0 2.7973204
243.8092 86.0 2.8349907
227.87953 86.0 2.649762
236.2495 86.0 2.7470872
242.18927 86.0 2.8161542
224.6397 86.0 2.6120894
223.28954 86.0 2.59639
224.90956 86.0 2.6152275
233.0095 86.0 2.7094128
225.44963 86.0 2.6215074
221.66962 86.0 2.5775537
227.60954 86.0 2.6466227
225.44948 86.0 2.6215055
215.1896 86.0 2.5022047
227.60959 86.0 2.6466231
212.21962 87.0 2.439306
210.05974 87.0 2.4144797
204.92976 87.0 2.3555145
208.1697 87.0 2.392755
206.8198 87.0 2.377239
212.21977 87.0 2.4393077
207.62971 87.0 2.3865485
219.50955 87.0 2.5230982
221.93965 87.0 2.5510304
217.07948 87.0 2.4951665
217.61954 87.0 2.501374
200.60976 87.0 2.3058593
209.78961 87.0 2.4113748
201.6898 87.0 2.3182735
215.99957 87.0 2.4827538
217.34955 87.0 2.4982708
199.2597 87.0 2.2903414
209.24965 87.0 2.4051683
207.89972 87.0 2.389652
207.62964 87.0 2.3865476
223.55965 87.0 2.5696511
210.8697 87.0 2.4237897
203.57974 87.0 2.339997
205.46971 87.0 2.3617208
225.44963 87.0 2.591375
212.21968 87.0 2.4393067
225.71967 87.0 2.5944788
211.94972 87.0 2.4362037
206.0097 87.0 2.3679276
207.0897 87.0 2.3803415
210.32974 87.0 2.4175832
207.35976 87.0 2.3834455
207.08965 87.0 2.3803408
216.53973 87.0 2.4889624
229.22963 87.0 2.6348233
215.72954 87.0 2.4796498
225.98961 87.0 2.5975816
212.48973 87.0 2.4424107
215.18965 87.0 2.4734442
204.65987 87.0 2.3524122
209.24968 87.0 2.4051688
191.96976 88.0 2.1814744
213.02962 88.0 2.4207911
189.5398 88.0 2.1538613
199.2597 88.0 2.264315
198.98979 88.0 2.2612476
206.27971 88.0 2.3440876
203.84975 88.0 2.3164744
188.99982 88.0 2.147725
194.39964 88.0 2.209087
196.2897 88.0 2.2305648
199.25974 88.0 2.2643151
204.3897 88.0 2.3226101
191.42986 88.0 2.1753392
196.28973 88.0 2.230565
202.49974 88.0 2.3011334
192.23972 88.0 2.1845422
186.83969 88.0 2.1231782
211.4097 88.0 2.4023829
208.70969 88.0 2.371701
196.55966 88.0 2.2336326
199.79965 88.0 2.2704506
192.23967 88.0 2.1845417
208.43967 88.0 2.3686326
199.79971 88.0 2.2704513
195.47961 88.0 2.2213593
194.93965 88.0 2.2152233
197.9098 88.0 2.248975
207.62958 88.0 2.359427
196.82965 88.0 2.2367005
203.30972 88.0 2.3103378
217.3497 88.0 2.469883
190.07964 88.0 2.1599958
206.0097 88.0 2.3410194
195.20973 88.0 2.2182925
200.87979 88.0 2.2827249
201.95967 88.0 2.2949963
191.15979 88.0 2.1722703
192.23969 88.0 2.184542
199.52971 88.0 2.267383
211.1396 88.0 2.3993137
197.90976 88.0 2.2489746
180.0898 89.0 2.023481
173.87968 89.0 1.9537044
185.48976 89.0 2.0841546
184.94983 89.0 2.078088
181.16974 89.0 2.035615
179.81981 89.0 2.0204473
174.68983 89.0 1.962807
179.81981 89.0 2.0204473
180.08974 89.0 2.0234802
195.47963 89.0 2.1964004
179.27966 89.0 2.0143783
182.78972 89.0 2.053817
193.58977 89.0 2.175166
187.64975 89.0 2.1084242
183.05983 89.0 2.056852
189.26976 89.0 2.1266265
181.43979 89.0 2.0386493
189.53981 89.0 2.1296608
186.29985 89.0 2.0932567
188.72983 89.0 2.12056
196.01978 89.0 2.2024693
181.70982 89.0 2.0416834
188.7297 89.0 2.1205585
187.91989 89.0 2.1114595
181.9798 89.0 2.0447168
179.27975 89.0 2.0143793
183.05986 89.0 2.0568523
180.89967 89.0 2.0325806
184.13983 89.0 2.068987
177.3899 89.0 1.9931449
182.24982 89.0 2.0477507
174.9598 89.0 1.9658403
179.54979 89.0 2.0174134
182.78972 89.0 2.053817
191.15976 89.0 2.1478624
191.4297 89.0 2.1508956
181.70981 89.0 2.0416832
186.2998 89.0 2.0932562
190.34975 89.0 2.1387613
177.38988 89.0 1.9931446
179.2799 89.0 2.014381
160.3798 90.0 1.7819979
158.75983 90.0 1.763998
165.77977 90.0 1.8419975
174.1498 90.0 1.9349977
164.69978 90.0 1.8299975
164.69986 90.0 1.8299984
168.74979 90.0 1.8749976
160.64986 90.0 1.7849984
166.58983 90.0 1.850998
158.2199 90.0 1.7579988
161.99988 90.0 1.7999986
172.2598 90.0 1.9139977
162.53984 90.0 1.8059982
173.06978 90.0 1.9229976
169.82974 90.0 1.8869972
166.5898 90.0 1.8509977
165.50986 90.0 1.8389984
165.77983 90.0 1.8419981
164.1598 90.0 1.8239979
163.88976 90.0 1.8209974
180.35982 90.0 2.003998
165.7798 90.0 1.8419979
168.47987 90.0 1.8719985
167.12971 90.0 1.8569968
167.93996 90.0 1.8659995
168.74986 90.0 1.8749985
162.26985 90.0 1.8029984
170.09981 90.0 1.8899978
170.63983 90.0 1.8959981
151.1998 90.0 1.6799978
169.01973 90.0 1.8779969
164.4298 90.0 1.8269976
160.10988 90.0 1.7789987
170.90985 90.0 1.8989984
166.58984 90.0 1.8509983
161.1899 90.0 1.7909988
166.04982 90.0 1.844998
178.46974 90.0 1.9829972
168.47977 90.0 1.8719975
171.44981 90.0 1.904998
163.88983 90.0 1.8209981
