127.44 1.0 127.44
127.71 1.0 127.71
129.06001 1.0 129.06001
127.17 1.0 127.17
129.33 1.0 129.33
127.98 1.0 127.98
129.06 1.0 129.06
127.71 1.0 127.71
131.22 1.0 131.22
128.25 1.0 128.25
130.14 1.0 130.14
125.82001 1.0 125.82001
128.79001 1.0 128.79001
130.41 1.0 130.41
128.25 1.0 128.25
130.68 1.0 130.68
126.9 1.0 126.9
128.51999 1.0 128.51999
129.06 1.0 129.06
126.090004 1.0 126.090004
131.49 1.0 131.49
127.98 1.0 127.98
129.33 1.0 129.33
128.24998 1.0 128.24998
127.43999 1.0 127.43999
127.71 1.0 127.71
130.41 1.0 130.41
129.33 1.0 129.33
129.06 1.0 129.06
129.6 1.0 129.6
131.48999 1.0 131.48999
130.68001 1.0 130.68001
130.95 1.0 130.95
128.79001 1.0 128.79001
130.14 1.0 130.14
125.27999 1.0 125.27999
129.87 1.0 129.87
127.44 1.0 127.44
131.22 1.0 131.22
127.709984 1.0 127.709984
125.009995 1.0 125.009995
257.03998 2.0 128.51999
260.28 2.0 130.14
257.85 2.0 128.925
257.31 2.0 128.655
254.88 2.0 127.44
259.2 2.0 129.6
254.33997 2.0 127.16998
250.01997 2.0 125.00999
254.34001 2.0 127.170006
258.93 2.0 129.465
251.37003 2.0 125.68501
256.76996 2.0 128.38498
260.28 2.0 130.14
261.62997 2.0 130.81499
260.55 2.0 130.275
255.68999 2.0 127.84499
259.73993 2.0 129.86996
257.30997 2.0 128.65498
261.36 2.0 130.68
258.65997 2.0 129.32999
257.03998 2.0 128.51999
252.44998 2.0 126.22499
257.84998 2.0 128.92499
255.15 2.0 127.575
255.41997 2.0 127.709984
257.04 2.0 128.52
258.65997 2.0 129.32999
257.85 2.0 128.925
255.68999 2.0 127.84499
257.58 2.0 128.79
259.47003 2.0 129.73502
260.00998 2.0 130.00499
257.31 2.0 128.655
260.00998 2.0 130.00499
261.62997 2.0 130.81499
259.2 2.0 129.6
259.73996 2.0 129.86998
254.60999 2.0 127.30499
260.00998 2.0 130.00499
257.58 2.0 128.79
259.2 2.0 129.6
385.02 3.0 128.34
387.98996 3.0 129.32999
384.48 3.0 128.16
386.63995 3.0 128.87999
382.58997 3.0 127.52999
386.91 3.0 128.97
386.9099 3.0 128.96997
385.28998 3.0 128.43
392.03998 3.0 130.68
387.44998 3.0 129.15
389.34 3.0 129.78
383.12997 3.0 127.70999
386.10004 3.0 128.70001
390.69 3.0 130.23
379.88995 3.0 126.62998
385.56 3.0 128.52
383.93997 3.0 127.97999
377.1899 3.0 125.72997
381.77997 3.0 127.259995
392.30997 3.0 130.76999
385.83002 3.0 128.61
384.47998 3.0 128.15999
386.09995 3.0 128.69998
383.12994 3.0 127.709984
390.41998 3.0 130.14
382.85995 3.0 127.61999
382.05 3.0 127.34999
379.0799 3.0 126.35997
387.98996 3.0 129.32999
381.77994 3.0 127.25998
379.07996 3.0 126.359985
382.86 3.0 127.619995
383.66995 3.0 127.889984
383.66998 3.0 127.89
385.02 3.0 128.34
387.72003 3.0 129.24
389.06995 3.0 129.68999
390.41995 3.0 130.13998
383.12994 3.0 127.70998
388.52994 3.0 129.50998
383.40002 3.0 127.8
519.21 4.0 129.8025
508.94995 4.0 127.23749
508.13998 4.0 127.034996
517.05005 4.0 129.26251
516.51 4.0 129.1275
517.59 4.0 129.3975
514.89 4.0 128.7225
517.32 4.0 129.33
510.3 4.0 127.575
517.58997 4.0 129.39749
515.9699 4.0 128.99248
510.83994 4.0 127.709984
512.73 4.0 128.1825
515.69995 4.0 128.92499
518.6699 4.0 129.66748
513.00006 4.0 128.25002
509.75992 4.0 127.43998
513.5399 4.0 128.38498
514.88995 4.0 128.72249
504.90005 4.0 126.22501
516.7799 4.0 129.19498
512.19 4.0 128.0475
515.97003 4.0 128.99251
510.02988 4.0 127.50747
514.88995 4.0 128.72249
514.89 4.0 128.7225
515.9701 4.0 128.99252
507.60004 4.0 126.90001
512.46 4.0 128.115
511.92 4.0 127.98
512.99994 4.0 128.24998
508.41006 4.0 127.102516
514.07996 4.0 128.51999
518.13 4.0 129.5325
508.41006 4.0 127.102516
509.76 4.0 127.44
515.16003 4.0 128.79001
521.91 4.0 130.4775
512.45996 4.0 128.11499
509.49 4.0 127.3725
516.51 4.0 129.1275
632.61 5.0 126.522
638.01 5.0 127.602005
636.93 5.0 127.385994
647.45996 5.0 129.49199
643.9501 5.0 128.79001
640.7101 5.0 128.14201
644.49 5.0 128.898
636.66 5.0 127.33199
643.9501 5.0 128.79001
647.7301 5.0 129.54602
643.13995 5.0 128.62799
629.63995 5.0 125.927986
640.9799 5.0 128.19598
640.71014 5.0 128.14203
639.8999 5.0 127.97998
638.2801 5.0 127.65601
639.36 5.0 127.872
648.5399 5.0 129.70798
636.39 5.0 127.27801
636.11993 5.0 127.22399
651.2399 5.0 130.24799
635.31006 5.0 127.06201
642.87 5.0 128.574
636.65985 5.0 127.33197
643.6801 5.0 128.73602
640.98016 5.0 128.19603
636.12006 5.0 127.22401
644.7599 5.0 128.95198
643.41 5.0 128.68199
641.52 5.0 128.304
641.25006 5.0 128.25002
630.72015 5.0 126.144035
646.1101 5.0 129.22202
637.47003 5.0 127.494
636.39 5.0 127.278
640.17004 5.0 128.03401
642.05994 5.0 128.41199
638.2799 5.0 127.655975
642.8701 5.0 128.57402
642.59985 5.0 128.51997
639.09 5.0 127.818
768.15 6.0 128.02501
769.2301 6.0 128.20502
767.88007 6.0 127.98001
767.88 6.0 127.98
770.3102 6.0 128.38503
767.07 6.0 127.845
760.32007 6.0 126.72002
767.88 6.0 127.98
766.5301 6.0 127.75501
766.53015 6.0 127.75502
770.57996 6.0 128.43
778.9499 6.0 129.82498
758.16003 6.0 126.36
773.82007 6.0 128.97002
772.2001 6.0 128.70001
765.72 6.0 127.619995
760.32007 6.0 126.72001
767.88 6.0 127.979996
775.98 6.0 129.33
759.51 6.0 126.585
777.60004 6.0 129.6
760.85986 6.0 126.80998
765.18 6.0 127.53
773.28015 6.0 128.88002
762.2101 6.0 127.03501
767.34 6.0 127.89001
770.30994 6.0 128.385
767.07 6.0 127.845
769.77 6.0 128.295
762.48016 6.0 127.080025
754.65015 6.0 125.775024
768.15015 6.0 128.02502
764.1001 6.0 127.35001
768.69006 6.0 128.115
767.34015 6.0 127.89002
767.33997 6.0 127.89
764.63995 6.0 127.439995
768.69006 6.0 128.115
761.39996 6.0 126.899994
771.66003 6.0 128.61
771.93 6.0 128.655
896.1301 7.0 128.01859
903.96014 7.0 129.13716
891.0001 7.0 127.28573
896.1302 7.0 128.0186
897.20996 7.0 128.17285
898.55994 7.0 128.3657
885.32996 7.0 126.47571
883.9801 7.0 126.28287
883.70984 7.0 126.24426
893.4302 7.0 127.63288
902.88007 7.0 128.98286
898.5603 7.0 128.36575
895.5901 7.0 127.94144
898.29016 7.0 128.32716
887.2199 7.0 126.745705
892.62 7.0 127.51714
897.48 7.0 128.21143
892.6201 7.0 127.51716
884.2499 7.0 126.32141
891.27014 7.0 127.3243
885.5999 7.0 126.514275
902.88007 7.0 128.98286
881.55 7.0 125.935715
883.98016 7.0 126.28288
893.43005 7.0 127.632866
900.7202 7.0 128.67432
892.07996 7.0 127.439995
897.4802 7.0 128.21146
898.29016 7.0 128.32716
893.97034 7.0 127.710045
880.7402 7.0 125.82002
899.91016 7.0 128.5586
886.9499 7.0 126.70713
896.94006 7.0 128.1343
899.64 7.0 128.52
892.8899 7.0 127.5557
894.24 7.0 127.74857
894.24 7.0 127.74857
902.0699 7.0 128.86713
896.94006 7.0 128.1343
881.8201 7.0 125.974304
1031.6702 8.0 128.95877
1028.97 8.0 128.62125
1018.43994 8.0 127.30499
1015.4701 8.0 126.93376
1022.22003 8.0 127.777504
1029.78 8.0 128.7225
1021.41 8.0 127.67625
1025.1902 8.0 128.14877
1016.5499 8.0 127.06874
1020.33026 8.0 127.54128
1017.63025 8.0 127.20378
1026.5402 8.0 128.31752
1027.8903 8.0 128.48628
1029.7802 8.0 128.72252
1021.14026 8.0 127.64253
1024.38 8.0 128.0475
1017.9002 8.0 127.237526
1018.1701 8.0 127.27126
1005.75 8.0 125.71875
1013.3104 8.0 126.6638
1018.9803 8.0 127.372536
1022.7601 8.0 127.84501
1032.4802 8.0 129.06003
1011.69025 8.0 126.46128
1014.6603 8.0 126.832535
1034.91 8.0 129.36375
1029.5099 8.0 128.68874
1028.4302 8.0 128.55377
1026.54 8.0 128.3175
1017.9004 8.0 127.23755
1017.36005 8.0 127.170006
1016.82043 8.0 127.102554
1024.9202 8.0 128.11502
1015.7401 8.0 126.967514
1027.3501 8.0 128.41876
1028.97 8.0 128.62125
1016.01013 8.0 127.00127
1031.9401 8.0 128.99251
1023.5703 8.0 127.94629
1020.06006 8.0 127.50751
1021.4103 8.0 127.676285
1156.14 9.0 128.46
1144.5303 9.0 127.17003
1148.8502 9.0 127.650024
1139.1304 9.0 126.57004
1154.5203 9.0 128.28003
1143.18 9.0 127.02001
1151.2804 9.0 127.920044
1146.9603 9.0 127.44004
1154.2501 9.0 128.25002
1142.1 9.0 126.9
1147.7704 9.0 127.53004
1151.5503 9.0 127.950035
1141.8302 9.0 126.87002
1142.3702 9.0 126.93002
1150.7401 9.0 127.860016
1145.0702 9.0 127.23003
1145.8802 9.0 127.32003
1150.4702 9.0 127.830025
1143.7202 9.0 127.080025
1149.66 9.0 127.740005
1152.0901 9.0 128.01001
1157.76 9.0 128.64
1139.9403 9.0 126.660034
1159.1102 9.0 128.79002
1148.5802 9.0 127.62002
1144.2604 9.0 127.14004
1142.1005 9.0 126.900055
1138.8601 9.0 126.540016
1148.5802 9.0 127.62002
1143.7201 9.0 127.08001
1144.2605 9.0 127.14005
1151.0105 9.0 127.89005
1146.9602 9.0 127.44002
1153.7104 9.0 128.19005
1159.9202 9.0 128.88002
1145.8802 9.0 127.32003
1150.2003 9.0 127.80004
1145.0701 9.0 127.23
1151.5499 9.0 127.94999
1147.5002 9.0 127.50002
1134.2701 9.0 126.030014
1279.8 10.0 127.98
1276.2904 10.0 127.629036
1266.5706 10.0 126.65705
1264.14 10.0 126.414
1269.8099 10.0 126.980995
1256.3103 10.0 125.63103
1255.5005 10.0 125.55005
1270.6204 10.0 127.062035
1273.5903 10.0 127.35903
1261.9805 10.0 126.198044
1221.7505 10.0 122.17505
1189.0798 10.0 118.90798
1179.9003 10.0 117.99003
1187.4606 10.0 118.746056
1207.7102 10.0 120.77103
1215.0006 10.0 121.50006
1235.5205 10.0 123.55205
1274.6702 10.0 127.46701
1261.17 10.0 126.117004
1282.5005 10.0 128.25005
1287.3602 10.0 128.73602
1269.0001 10.0 126.90002
1268.4602 10.0 126.846016
1270.3502 10.0 127.03503
1275.4802 10.0 127.54803
1270.8901 10.0 127.08902
1247.1302 10.0 124.71302
1277.6401 10.0 127.764015
1275.4803 10.0 127.548035
1273.5902 10.0 127.35902
1277.1003 10.0 127.71004
1269.8103 10.0 126.981026
1270.0804 10.0 127.00805
1283.0403 10.0 128.30403
1255.5002 10.0 125.550026
1243.3502 10.0 124.33502
1248.7502 10.0 124.87503
1165.0503 10.0 116.50503
1175.5803 10.0 117.55804
1226.6104 10.0 122.66103
1258.7402 10.0 125.87402
1202.5802 11.0 109.32548
1234.1705 11.0 112.19732
1208.2504 11.0 109.84094
1195.2899 11.0 108.66272
1124.0104 11.0 102.18276
1152.0902 11.0 104.73547
1175.5803 11.0 106.87093
1143.7203 11.0 103.97457
1165.0502 11.0 105.91365
1225.2596 11.0 111.387245
1237.4104 11.0 112.49185
1212.8401 11.0 110.258194
1193.4003 11.0 108.49094
1173.4203 11.0 106.67457
1177.2002 11.0 107.018196
1261.7103 11.0 114.70094
1223.6401 11.0 111.24001
1254.4202 11.0 114.03819
1260.9 11.0 114.62727
1221.21 11.0 111.01909
1207.7106 11.0 109.79187
1232.8201 11.0 112.07455
1233.3602 11.0 112.12366
1233.9 11.0 112.17273
1162.6204 11.0 105.692764
1182.0604 11.0 107.46004
1136.6998 11.0 103.33635
1163.43 11.0 105.76637
1210.4102 11.0 110.03729
1258.4701 11.0 114.40637
1312.4703 11.0 119.31548
1214.1904 11.0 110.38095
1186.65 11.0 107.87727
1138.8605 11.0 103.53277
1212.5702 11.0 110.23365
1193.4005 11.0 108.49095
1227.1503 11.0 111.55912
1176.1199 11.0 106.91999
1203.3901 11.0 109.39911
1230.1202 11.0 111.82912
1248.75 11.0 113.52273
1198.2601 12.0 99.85501
1224.1803 12.0 102.01502
1186.3801 12.0 98.86501
1176.6602 12.0 98.055016
1223.9097 12.0 101.99247
1274.1304 12.0 106.17753
1253.0702 12.0 104.422516
1269.8103 12.0 105.81753
1207.1703 12.0 100.59753
1234.9805 12.0 102.91504
1242.27 12.0 103.52251
1242.0001 12.0 103.50001
1234.1707 12.0 102.84755
1205.2803 12.0 100.440025
1252.8 12.0 104.40001
1187.46 12.0 98.954994
1203.6602 12.0 100.305016
1270.89 12.0 105.9075
1207.7101 12.0 100.64251
1295.7301 12.0 107.97751
1257.9303 12.0 104.82752
1219.0502 12.0 101.58752
1197.7198 12.0 99.80999
1132.1104 12.0 94.34253
1165.5902 12.0 97.132515
1239.3003 12.0 103.275024
1199.3403 12.0 99.94503
1204.7401 12.0 100.39501
1276.8301 12.0 106.402504
1250.1002 12.0 104.17502
1187.7303 12.0 98.97753
1211.2203 12.0 100.93503
1178.2802 12.0 98.19001
1190.7 12.0 99.225
1156.9506 12.0 96.412544
1185.3003 12.0 98.775024
1189.0804 12.0 99.090034
1199.0703 12.0 99.92253
1167.2101 12.0 97.26751
1253.6102 12.0 104.46752
1197.18 12.0 99.76501
1128.0602 13.0 86.77386
1105.9205 13.0 85.07081
1152.63 13.0 88.66385
1205.28 13.0 92.71385
1151.0103 13.0 88.539246
1136.1604 13.0 87.39695
1159.1104 13.0 89.16234
1261.1699 13.0 97.01307
1291.9503 13.0 99.38079
1258.4702 13.0 96.805405
1219.8602 13.0 93.8354
1234.7104 13.0 94.97773
1216.8899 13.0 93.60691
1253.8804 13.0 96.45233
1231.74 13.0 94.74923
1260.0905 13.0 96.93004
1273.05 13.0 97.926926
1217.9706 13.0 93.69004
1220.9402 13.0 93.91848
1182.0602 13.0 90.927704
1158.03 13.0 89.07923
1140.2102 13.0 87.70848
1196.9104 13.0 92.07003
1218.7799 13.0 93.752304
1223.9104 13.0 94.14695
1185.3005 13.0 91.17696
1153.4403 13.0 88.72618
1204.1998 13.0 92.63076
1261.1707 13.0 97.01312
1229.5801 13.0 94.583084
1219.5906 13.0 93.81466
1200.4202 13.0 92.34001
1177.4706 13.0 90.57466
1155.87 13.0 88.91308
1210.1405 13.0 93.08773
1270.3501 13.0 97.71924
1310.8501 13.0 100.834625
1190.1602 13.0 91.55078
1155.0602 13.0 88.850784
1193.9401 13.0 91.841545
1215.5403 13.0 93.5031
1185.3004 14.0 84.664314
1201.5 14.0 85.82143
1229.0399 14.0 87.78857
1236.3302 14.0 88.3093
1165.0502 14.0 83.21787
1145.6104 14.0 81.82931
1135.6202 14.0 81.11573
1165.86 14.0 83.27571
1143.9902 14.0 81.713585
1190.97 14.0 85.06928
1212.2999 14.0 86.59285
1259.0105 14.0 89.92932
1182.0602 14.0 84.43287
1178.8202 14.0 84.20144
1135.8899 14.0 81.134995
1145.0703 14.0 81.79073
1141.56 14.0 81.54
1169.3702 14.0 83.52644
1214.1903 14.0 86.72788
1197.9901 14.0 85.570724
1199.0708 14.0 85.64791
1201.5 14.0 85.82143
1135.6201 14.0 81.11572
1132.9202 14.0 80.92287
1156.1399 14.0 82.58142
1184.4902 14.0 84.606445
1206.9004 14.0 86.20717
1199.3402 14.0 85.66716
1199.8802 14.0 85.705734
1214.1906 14.0 86.7279
1220.1305 14.0 87.152176
1135.6199 14.0 81.11571
1110.7802 14.0 79.34144
1168.5603 14.0 83.4686
1216.6198 14.0 86.90141
1212.0304 14.0 86.5736
1165.8601 14.0 83.27572
1187.46 14.0 84.81857
1218.2402 14.0 87.01716
1222.2902 14.0 87.30644
1143.7202 14.0 81.6943
1242.0006 15.000001 82.80003
1150.7402 15.000001 76.71601
1163.4304 15.000001 77.56203
1151.0103 15.000001 76.73401
1173.9606 15.000001 78.26403
1208.5203 15.000001 80.56801
1235.7904 15.000001 82.386024
1172.8802 15.000001 78.19201
1109.9705 15.000001 73.998024
1208.7899 15.000001 80.58599
1183.41 15.000001 78.894
1161.0001 15.000001 77.4
1223.6403 15.000001 81.57601
1228.2301 15.000001 81.882
1135.0803 15.000001 75.67202
1165.5905 15.000001 77.706024
1116.4504 15.000001 74.43002
1159.9204 15.000001 77.328026
1226.6106 15.000001 81.77403
1168.2902 15.000001 77.88601
1100.5203 15.000001 73.36801
1203.6605 15.000001 80.244026
1155.8702 15.000001 77.058014
1265.4905 15.000001 84.36603
1224.7206 15.000001 81.64803
1145.0702 15.000001 76.338005
1124.5507 15.000001 74.97004
1127.2505 15.000001 75.150024
1153.9803 15.000001 76.932014
1088.91 15.000001 72.593994
1159.11 15.000001 77.273994
1131.0302 15.000001 75.40201
1176.3903 15.000001 78.42601
1131.8402 15.000001 75.45601
1205.0101 15.000001 80.334
1184.4901 15.000001 78.966
1150.4698 15.000001 76.69798
1124.0103 15.000001 74.93401
1204.4702 15.000001 80.29801
1187.4602 15.000001 79.16401
1206.0903 15.000001 80.40601
1139.1304 16.0 71.19565
1148.04 16.0 71.7525
1158.5702 16.0 72.41064
1121.0403 16.0 70.06502
1110.24 16.0 69.39
1102.6803 16.0 68.91752
1206.6299 16.0 75.41437
1192.8599 16.0 74.55374
1138.5897 16.0 71.16186
1115.1001 16.0 69.693756
1155.3297 16.0 72.20811
1180.9802 16.0 73.811264
1205.5505 16.0 75.34691
1214.7306 16.0 75.92066
1229.3102 16.0 76.83189
1164.2401 16.0 72.76501
1137.5098 16.0 71.09436
1156.6804 16.0 72.29253
1167.4802 16.0 72.967514
1178.55 16.0 73.65938
1233.63 16.0 77.101875
1194.4806 16.0 74.65504
1183.4102 16.0 73.963135
1165.0503 16.0 72.81564
1193.6698 16.0 74.60436
1095.6603 16.0 68.47877
1077.5701 16.0 67.34813
1173.1504 16.0 73.3219
1197.9895 16.0 74.874344
1129.1404 16.0 70.57127
1155.6003 16.0 72.22502
1205.5502 16.0 75.346886
1233.3597 16.0 77.084984
1145.88 16.0 71.6175
1107.54 16.0 69.22125
1202.3103 16.0 75.144394
1165.05 16.0 72.81563
1117.7997 16.0 69.86248
1178.55 16.0 73.65938
1230.3905 16.0 76.89941
1224.9902 16.0 76.56189
1202.8501 17.0 70.75589
1186.3799 17.0 69.78705
1122.3904 17.0 66.022964
1178.5503 17.0 69.326485
1156.9502 17.0 68.05589
1165.5898 17.0 68.56411
1189.6199 17.0 69.97764
1213.38 17.0 71.3753
1156.4095 17.0 68.02409
1184.7598 17.0 69.69175
1124.8207 17.0 66.165924
1176.1202 17.0 69.18354
1170.4498 17.0 68.84999
1180.7098 17.0 69.45352
1219.05 17.0 71.708824
1123.1998 17.0 66.07058
1188.8096 17.0 69.92998
1169.3704 17.0 68.78649
1176.6604 17.0 69.21532
1182.6002 17.0 69.56472
1165.0498 17.0 68.53234
1233.09 17.0 72.534706
1249.8303 17.0 73.51943
1105.9196 17.0 65.05409
1080.2701 17.0 63.5453
1196.91 17.0 70.40647
1248.4802 17.0 73.44001
1236.3301 17.0 72.725296
1108.0798 17.0 65.18117
1107.2699 17.0 65.13352
1104.8401 17.0 64.99059
1135.8898 17.0 66.81705
1174.23 17.0 69.07235
1168.0198 17.0 68.70705
1187.9998 17.0 69.88234
1172.07 17.0 68.94529
1141.02 17.0 67.11883
1196.9099 17.0 70.40646
1125.0901 17.0 66.18177
1124.28 17.0 66.13412
1139.6702 17.0 67.03942
1162.0798 18.0 64.55999
1132.1104 18.0 62.89502
1138.5902 18.0 63.255013
1118.6101 18.0 62.145008
1088.6404 18.0 60.480022
1138.59 18.0 63.255
1169.91 18.0 64.995
1098.0905 18.0 61.005024
1169.3701 18.0 64.965004
1127.7905 18.0 62.65503
1127.2502 18.0 62.62501
1179.9004 18.0 65.55002
1166.6699 18.0 64.814995
1166.3998 18.0 64.79999
1080.0002 18.0 60.00001
1153.7102 18.0 64.09501
1170.7203 18.0 65.040016
1064.6102 18.0 59.145016
1201.7698 18.0 66.764984
1225.7998 18.0 68.09999
1112.3999 18.0 61.799995
1153.1699 18.0 64.064995
1122.12 18.0 62.34
1167.4801 18.0 64.86001
1159.6497 18.0 64.42498
1143.45 18.0 63.524994
1202.0397 18.0 66.77998
1154.7904 18.0 64.15502
1180.71 18.0 65.595
1176.9299 18.0 65.384995
1170.1799 18.0 65.009995
1097.82 18.0 60.989994
1177.47 18.0 65.415
1151.8203 18.0 63.990017
1128.3303 18.0 62.685017
1115.6401 18.0 61.980007
1099.4401 18.0 61.08
1150.4697 18.0 63.914986
1196.9102 18.0 66.49501
1163.1597 18.0 64.61998
1131.8402 18.0 62.88001
1188.0001 19.0 62.526325
1128.0598 19.0 59.371567
1097.0105 19.0 57.737396
1153.1704 19.0 60.69318
1142.91 19.0 60.15316
1144.5304 19.0 60.23844
1172.8801 19.0 61.73053
1129.68 19.0 59.456844
1169.0999 19.0 61.531574
1086.4801 19.0 57.183163
1132.9197 19.0 59.627354
1126.7096 19.0 59.300503
1192.8599 19.0 62.782097
1237.4099 19.0 65.12684
1163.1598 19.0 61.218937
1151.8204 19.0 60.622128
1195.0203 19.0 62.895805
1127.5198 19.0 59.343143
1111.3201 19.0 58.49053
1163.6998 19.0 61.247356
1143.4501 19.0 60.181583
1081.0798 19.0 56.89894
1127.2498 19.0 59.328938
1159.6498 19.0 61.0342
1104.5697 19.0 58.13525
1111.8601 19.0 58.518955
1082.7 19.0 56.984207
1151.2797 19.0 60.593666
1173.6898 19.0 61.77315
1183.9498 19.0 62.31315
1153.7096 19.0 60.721558
1124.2802 19.0 59.17264
1138.0499 19.0 59.89736
1175.8502 19.0 61.886856
1130.4901 19.0 59.499477
1133.1902 19.0 59.641586
1122.9305 19.0 59.101604
1159.9204 19.0 61.048443
1141.5604 19.0 60.08213
1162.6202 19.0 61.190536
1110.2404 19.0 58.4337
1150.4697 20.0 57.523487
1069.7397 20.0 53.486984
1135.89 20.0 56.7945
1177.2001 20.0 58.860004
1148.5804 20.0 57.429024
1151.2804 20.0 57.564022
1109.97 20.0 55.4985
1134.8102 20.0 56.74051
1163.1602 20.0 58.15801
1157.4902 20.0 57.87451
1174.5002 20.0 58.725014
1165.8601 20.0 58.293007
1114.5602 20.0 55.72801
1107.2695 20.0 55.36348
1113.7502 20.0 55.687515
1168.02 20.0 58.401
1128.6001 20.0 56.430004
1145.61 20.0 57.2805
1095.6606 20.0 54.783035
1062.1799 20.0 53.108997
1111.86 20.0 55.593
1179.9001 20.0 58.995007
1202.58 20.0 60.128998
1078.3799 20.0 53.91899
1138.8601 20.0 56.94301
1064.8801 20.0 53.244003
1149.1201 20.0 57.45601
1097.2797 20.0 54.863983
1148.3099 20.0 57.415497
1131.8398 20.0 56.591995
1186.6497 20.0 59.332485
1040.0398 20.0 52.001987
1161.5396 20.0 58.076977
1058.6697 20.0 52.933483
1130.2208 20.0 56.51104
1126.7104 20.0 56.33552
1131.5702 20.0 56.57851
1084.0499 20.0 54.202496
1078.6501 20.0 53.93251
1112.9401 20.0 55.647003
1055.7 20.0 52.784996
1087.2903 21.0 51.775726
1076.22 21.0 51.24857
1141.83 21.0 54.372852
1156.14 21.0 55.054287
1065.1503 21.0 50.72144
1090.2598 21.0 51.917133
1064.0703 21.0 50.670013
1066.7704 21.0 50.798588
1160.9998 21.0 55.285706
1171.2599 21.0 55.77428
1189.3499 21.0 56.635708
1118.0697 21.0 53.241417
1072.17 21.0 51.055714
1111.0504 21.0 52.90716
1075.1399 21.0 51.19714
1124.01 21.0 53.524284
1055.43 21.0 50.25857
1100.7899 21.0 52.418568
1140.4801 21.0 54.30858
1124.2802 21.0 53.53715
1113.7498 21.0 53.035706
1060.5599 21.0 50.502853
1158.5701 21.0 55.170002
1030.86 21.0 49.088573
1132.9202 21.0 53.94858
1096.2004 21.0 52.20002
1119.1498 21.0 53.292847
1097.2802 21.0 52.25144
1099.9801 21.0 52.380005
1173.1503 21.0 55.864296
1186.6499 21.0 56.507137
1097.55 21.0 52.264286
1101.8704 21.0 52.470016
1129.6804 21.0 53.794308
1115.1003 21.0 53.100014
1152.36 21.0 54.874287
1090.53 21.0 51.93
1156.41 21.0 55.067142
1091.0702 21.0 51.955723
1156.9504 21.0 55.092876
1070.0101 21.0 50.952866
1150.1996 22.0 52.2818
1101.8695 22.0 50.08498
1100.52 22.0 50.023636
1126.9801 22.0 51.226368
1145.8802 22.0 52.08547
1078.1102 22.0 49.005013
1150.7402 22.0 52.306374
1097.55 22.0 49.888638
1087.5603 22.0 49.43456
1096.47 22.0 49.839542
1093.5006 22.0 49.70457
1094.5801 22.0 49.75364
1109.16 22.0 50.416363
1072.4398 22.0 48.747265
1151.5499 22.0 52.343178
1097.2808 22.0 49.8764
1085.4001 22.0 49.336372
1045.71 22.0 47.532272
1101.6002 22.0 50.072735
1085.6698 22.0 49.34863
1089.72 22.0 49.532726
1129.4102 22.0 51.336823
1144.53 22.0 52.024094
1154.5201 22.0 52.478188
1034.3702 22.0 47.016827
1145.0703 22.0 52.04865
1078.1102 22.0 49.005013
1140.4801 22.0 51.840004
1085.4001 22.0 49.33637
1063.26 22.0 48.33
1057.5902 22.0 48.072285
1091.8801 22.0 49.630917
1086.2098 22.0 49.373173
1072.1698 22.0 48.734993
1097.5499 22.0 49.888634
1107.5403 22.0 50.34274
1058.1298 22.0 48.09681
1151.8201 22.0 52.355457
1112.9401 22.0 50.588184
1152.9005 22.0 52.404568
1065.9597 22.0 48.452717
1088.3696 23.0 47.32042
1053.5399 23.0 45.806084
1150.47 23.0 50.02043
1125.0903 23.0 48.91697
1051.9202 23.0 45.735657
1156.95 23.0 50.302174
1040.8503 23.0 45.25436
1125.0897 23.0 48.916943
1089.9901 23.0 47.390877
1108.3502 23.0 48.18914
1060.83 23.0 46.12304
1111.5903 23.0 48.330013
1079.1901 23.0 46.921307
1102.6799 23.0 47.942604
1138.5902 23.0 49.50392
1145.8799 23.0 49.820866
1112.1296 23.0 48.353462
1085.1301 23.0 47.17957
1129.41 23.0 49.104782
1058.4001 23.0 46.0174
1025.7297 23.0 44.596943
1191.2402 23.0 51.793053
1096.1993 23.0 47.660843
1102.6797 23.0 47.942596
1112.9398 23.0 48.388687
1104.3003 23.0 48.013058
1159.6508 23.0 50.419598
1052.4601 23.0 45.759136
1134.5402 23.0 49.32783
1106.19 23.0 48.095215
1108.8901 23.0 48.212612
1126.4397 23.0 48.97564
1095.12 23.0 47.61391
1120.5002 23.0 48.717403
1140.7502 23.0 49.597836
1131.0297 23.0 49.1752
1152.3605 23.0 50.102627
1075.6797 23.0 46.76868
1099.1704 23.0 47.790016
1127.7899 23.0 49.034344
1142.3705 23.0 49.66828
1067.31 24.0 44.471252
1062.18 24.0 44.257504
1034.9102 24.0 43.121254
1069.4695 24.0 44.561226
1074.33 24.0 44.76375
1021.1395 24.0 42.54748
1081.8894 24.0 45.078728
1037.0698 24.0 43.211243
1053.8099 24.0 43.90875
1082.9698 24.0 45.123745
1102.4102 24.0 45.933758
1059.2103 24.0 44.133762
1068.3896 24.0 44.516235
1116.1804 24.0 46.50752
1112.4004 24.0 46.350014
1084.3197 24.0 45.17999
1050.8398 24.0 43.784996
1011.95984 24.0 42.164993
1159.1102 24.0 48.29626
1081.8899 24.0 45.078747
1123.4702 24.0 46.81126
1043.8198 24.0 43.492493
1136.9703 24.0 47.373764
1048.9503 24.0 43.706264
1084.5898 24.0 45.191246
1090.2598 24.0 45.42749
1084.05 24.0 45.16875
1097.8201 24.0 45.742504
1159.6499 24.0 48.31875
1077.2998 24.0 44.88749
1047.3298 24.0 43.63874
1126.98 24.0 46.9575
1103.2197 24.0 45.96749
1055.1603 24.0 43.96501
1091.6094 24.0 45.483723
1056.7804 24.0 44.032516
1026.5403 24.0 42.77251
1070.2797 24.0 44.594986
1034.9104 24.0 43.121265
1093.7698 24.0 45.57374
995.75995 24.0 41.489998
1048.9498 25.0 41.957993
1044.0905 25.0 41.76362
1090.8005 25.0 43.632023
1063.5298 25.0 42.54119
1067.0402 25.0 42.681606
1115.1005 25.0 44.60402
1005.2101 25.0 40.208405
1054.0804 25.0 42.163216
1053.8099 25.0 42.152397
1131.0303 25.0 45.24121
1099.9802 25.0 43.99921
1171.2604 25.0 46.850414
1061.9098 25.0 42.47639
1098.0898 25.0 43.92359
1038.1503 25.0 41.52601
1014.93005 25.0 40.597202
1106.1901 25.0 44.247604
994.4093 25.0 39.77637
1031.4001 25.0 41.256004
1086.2102 25.0 43.448406
1057.0499 25.0 42.281998
1106.7302 25.0 44.269207
1124.0101 25.0 44.960403
1046.2501 25.0 41.850006
1040.0402 25.0 41.601604
1176.6603 25.0 47.06641
1025.4597 25.0 41.01839
1064.3402 25.0 42.57361
1020.59955 25.0 40.823982
1086.7501 25.0 43.470005
1129.14 25.0 45.1656
1057.5901 25.0 42.303604
1048.1403 25.0 41.92561
1063.7998 25.0 42.551994
1052.1896 25.0 42.08758
1085.1306 25.0 43.405224
1063.2601 25.0 42.530403
1047.8698 25.0 41.91479
1095.6599 25.0 43.826397
1052.7297 25.0 42.10919
1032.2102 25.0 41.288406
1032.7501 26.0 39.721157
1042.1996 26.0 40.0846
1060.8301 26.0 40.80116
1043.5499 26.0 40.136536
1046.7896 26.0 40.261135
1038.1504 26.0 39.92886
1096.1997 26.0 42.16153
1067.5804 26.0 41.060787
1105.3806 26.0 42.514637
1031.13 26.0 39.658848
1105.1099 26.0 42.504227
1070.0104 26.0 41.154243
1074.0602 26.0 41.310005
1111.8597 26.0 42.763836
1068.6597 26.0 41.102295
1041.3904 26.0 40.05348
1043.8196 26.0 40.146908
1053.81 26.0 40.531155
1037.3398 26.0 39.897686
1012.7698 26.0 38.952682
1059.2098 26.0 40.738842
1033.8303 26.0 39.762707
1067.3099 26.0 41.05038
1096.1995 26.0 42.16152
1071.0898 26.0 41.195763
981.18024 26.0 37.7377
1025.1896 26.0 39.43037
1078.1097 26.0 41.46576
1052.7299 26.0 40.48961
1029.2406 26.0 39.586178
1080.5397 26.0 41.55922
1080.8103 26.0 41.569626
1103.7603 26.0 42.452316
1051.1102 26.0 40.42732
1051.6509 26.0 40.448112
1058.4003 26.0 40.707703
1082.4307 26.0 41.63195
1185.5702 26.0 45.598854
1041.9298 26.0 40.074223
1068.1201 26.0 41.081543
1098.8999 26.0 42.26538
1054.0798 27.000002 39.039993
1034.6403 27.000002 38.320007
1038.6901 27.000002 38.47
1063.2603 27.000002 39.38001
1036.5309 27.000002 38.39003
1079.4596 27.000002 39.979984
1061.1003 27.000002 39.30001
967.14014 27.000002 35.820004
1016.01 27.000002 37.629997
1027.6198 27.000002 38.059986
1037.0701 27.000002 38.41
1104.2999 27.000002 40.899994
1072.7104 27.000002 39.730015
1015.7405 27.000002 37.620014
1010.88025 27.000002 37.440006
1030.8602 27.000002 38.180008
1023.56976 27.000002 37.90999
1058.4003 27.000002 39.20001
1051.6498 27.000002 38.94999
1052.4595 27.000002 38.979977
1057.86 27.000002 39.179996
1023.2999 27.000002 37.899994
1049.7601 27.000002 38.88
1112.3995 27.000002 41.19998
1050.0302 27.000002 38.890003
1094.5802 27.000002 40.540005
1027.6202 27.000002 38.060005
971.45996 27.000002 35.979996
999.8093 27.000002 37.029972
1072.71 27.000002 39.729996
976.0501 27.000002 36.15
1082.4299 27.000002 40.089996
994.68005 27.000002 36.84
1112.1294 27.000002 41.189976
1069.7401 27.000002 39.620003
1030.3202 27.000002 38.160004
1042.74 27.000002 38.619995
1062.9901 27.000002 39.370003
984.15063 27.000002 36.45002
1100.2509 27.000002 40.750027
1091.34 27.000002 40.419994
1043.0103 28.0 37.250366
1031.6703 28.0 36.845367
1019.25 28.0 36.401787
999.26965 28.0 35.6882
970.1102 28.0 34.646793
1002.7798 28.0 35.813564
1021.67957 28.0 36.488556
1042.7396 28.0 37.2407
1053.8105 28.0 37.63609
1016.0097 28.0 36.28606
968.49 28.0 34.58893
982.52985 28.0 35.09035
1044.6306 28.0 37.308235
1068.3899 28.0 38.15678
1008.4502 28.0 36.01608
1005.4795 28.0 35.90998
1072.1698 28.0 38.29178
1098.8999 28.0 39.246426
1028.4302 28.0 36.72965
1078.3799 28.0 38.51357
1035.4502 28.0 36.980366
1021.41 28.0 36.478928
1121.3105 28.0 40.046806
1006.28986 28.0 35.938923
980.9099 28.0 35.032497
1054.3496 28.0 37.655342
1015.19995 28.0 36.25714
1053.5402 28.0 37.626434
1017.36 28.0 36.334286
1027.0797 28.0 36.68142
1081.8904 28.0 38.638943
1093.23 28.0 39.043926
1021.4103 28.0 36.47894
947.4299 28.0 33.83678
1050.3003 28.0 37.510727
1053.5405 28.0 37.626446
991.9803 28.0 35.427868
1047.87 28.0 37.423927
1043.5499 28.0 37.26964
1014.1203 28.0 36.218582
996.8401 28.0 35.601433
1000.07983 29.0 34.48551
1001.7002 29.0 34.541386
1081.0797 29.0 37.27861
1044.6304 29.0 36.021736
1031.1299 29.0 35.556202
1078.1097 29.0 37.176197
1086.2098 29.0 37.455513
1048.9502 29.0 36.170696
1081.8896 29.0 37.306538
959.04004 29.0 33.070347
1022.75946 29.0 35.267567
1010.0695 29.0 34.829983
1032.2097 29.0 35.593437
1020.6002 29.0 35.19311
1025.19 29.0 35.351376
1036.5297 29.0 35.7424
1039.2296 29.0 35.835503
1018.4405 29.0 35.118637
1027.0798 29.0 35.416546
973.6194 29.0 33.573082
1005.2099 29.0 34.66241
986.3095 29.0 34.010674
989.2805 29.0 34.11312
1026.8103 29.0 35.407253
1065.9595 29.0 36.757225
1037.07 29.0 35.761032
1045.7101 29.0 36.058968
996.8403 29.0 34.373802
1020.3292 29.0 35.183765
991.9801 29.0 34.20621
1043.2797 29.0 35.975163
1064.07 29.0 36.692066
993.05914 29.0 34.24342
1045.17 29.0 36.040348
924.48016 29.0 31.878626
1013.0397 29.0 34.932404
1021.94995 29.0 35.239655
1008.4501 29.0 34.77414
1006.0198 29.0 34.69034
1019.25024 29.0 35.14656
1056.7798 29.0 36.44068
985.23016 30.000002 32.841003
1002.23987 30.000002 33.407993
950.1302 30.000002 31.671005
953.3699 30.000002 31.778994
947.9703 30.000002 31.599007
1066.23 30.000002 35.540997
989.5496 30.000002 32.984985
1049.49 30.000002 34.982998
1015.19995 30.000002 33.839996
1061.3702 30.000002 35.379005
1007.09985 30.000002 33.569992
996.02997 30.000002 33.200996
1031.1298 30.000002 34.37099
1043.0096 30.000002 34.766987
1033.2899 30.000002 34.442997
1040.5801 30.000002 34.686
1011.68994 30.000002 33.722996
983.61005 30.000002 32.787
1069.7399 30.000002 35.657993
1021.9499 30.000002 34.064995
994.6805 30.000002 33.156013
1041.3895 30.000002 34.712982
1000.8897 30.000002 33.362988
1042.4698 30.000002 34.748993
979.2898 30.000002 32.64299
1043.0098 30.000002 34.76699
1055.9697 30.000002 35.19899
996.0301 30.000002 33.201
980.09955 30.000002 32.669983
1027.3505 30.000002 34.245014
1100.79 30.000002 36.693
1043.0093 30.000002 34.766975
968.49023 30.000002 32.283005
989.01025 30.000002 32.967007
987.9303 30.000002 32.931007
1032.7496 30.000002 34.424984
1014.66046 30.000002 33.822014
989.5496 30.000002 32.984985
948.5098 30.000002 31.616993
1043.2798 30.000002 34.77599
1006.29016 30.000002 33.543003
1003.05054 31.0 32.35647
1027.3496 31.0 33.14031
925.55975 31.0 29.856766
996.03 31.0 32.13
1019.51984 31.0 32.887737
1009.5307 31.0 32.565506
1077.3008 31.0 34.751637
941.7601 31.0 30.379356
986.58 31.0 31.825161
1023.5695 31.0 33.01837
962.5499 31.0 31.049997
1052.7305 31.0 33.959045
980.10016 31.0 31.616135
994.1402 31.0 32.06904
1044.3602 31.0 33.68904
1012.2292 31.0 32.652554
1025.4597 31.0 33.079346
988.47034 31.0 31.886139
988.74054 31.0 31.894855
983.60956 31.0 31.729342
1006.28955 31.0 32.460953
1038.69 31.0 33.506126
943.91974 31.0 30.449024
1035.4498 31.0 33.401608
1002.7801 31.0 32.347744
981.18 31.0 31.650967
986.5801 31.0 31.825163
1020.33026 31.0 32.91388
991.9802 31.0 31.999363
1024.3799 31.0 33.044514
1003.5899 31.0 32.373867
1034.1006 31.0 33.35808
1000.8902 31.0 32.28678
1021.9508 31.0 32.966156
1022.4894 31.0 32.98353
996.5699 31.0 32.147415
970.3797 31.0 31.30257
957.1501 31.0 30.875809
1005.20996 31.0 32.42613
1078.1108 31.0 34.777767
987.66016 31.0 31.860004
1045.71 32.0 32.678436
973.0798 32.0 30.408743
1041.6599 32.0 32.551872
946.6193 32.0 29.581854
1013.3094 32.0 31.665918
1049.49 32.0 32.796562
992.2505 32.0 31.007828
957.1496 32.0 29.910925
960.66064 32.0 30.020645
927.71985 32.0 28.991245
1007.3704 32.0 31.480326
1003.59045 32.0 31.362202
1026.2694 32.0 32.07092
1027.0798 32.0 32.096245
975.51013 32.0 30.484692
985.7699 32.0 30.80531
1028.9698 32.0 32.155308
1001.96985 32.0 31.311558
970.92053 32.0 30.341267
1006.01984 32.0 31.43812
965.25 32.0 30.164062
1008.9899 32.0 31.530935
1006.56006 32.0 31.455002
1009.26025 32.0 31.539383
1020.0599 32.0 31.876871
993.6011 32.0 31.050034
934.7399 32.0 29.210623
964.43964 32.0 30.138739
917.45996 32.0 28.670624
983.8802 32.0 30.746256
931.23 32.0 29.100937
1000.8903 32.0 31.277822
964.9798 32.0 30.155619
1025.7297 32.0 32.054054
1046.25 32.0 32.695312
959.8495 32.0 29.995296
1072.71 32.0 33.522186
970.9196 32.0 30.341238
1014.66 32.0 31.708124
984.42053 32.0 30.763142
1025.1898 32.0 32.03718
977.3999 33.0 29.61818
1009.2594 33.0 30.583618
968.76025 33.0 29.35637
1001.43 33.0 30.346363
1038.4198 33.0 31.467268
996.3008 33.0 30.190933
921.5101 33.0 27.924547
964.70996 33.0 29.233635
1010.8801 33.0 30.63273
950.6703 33.0 28.808191
932.8501 33.0 28.268185
1022.48987 33.0 30.98454
971.18976 33.0 29.429993
909.8999 33.0 27.572723
1030.5901 33.0 31.230001
950.94 33.0 28.816364
969.5708 33.0 29.380934
969.5696 33.0 29.380896
918.2701 33.0 27.826366
936.6299 33.0 28.382723
1029.5101 33.0 31.197275
959.57996 33.0 29.07818
977.93994 33.0 29.634544
962.82025 33.0 29.17637
933.65985 33.0 28.292723
1001.9701 33.0 30.36273
984.9604 33.0 29.847284
1035.1792 33.0 31.369066
1029.5101 33.0 31.197275
984.1503 33.0 29.822737
981.98975 33.0 29.757265
977.6696 33.0 29.626352
987.92975 33.0 29.937265
986.57996 33.0 29.896362
1012.4997 33.0 30.681808
905.8501 33.0 27.450003
946.0798 33.0 28.669085
1010.6101 33.0 30.624548
1042.7393 33.0 31.59816
1025.7303 33.0 31.082739
1006.5599 33.0 30.501814
964.7101 34.0 28.373825
983.60956 34.0 28.929693
991.4405 34.0 29.160015
1047.3297 34.0 30.803814
972.2702 34.0 28.596182
941.22003 34.0 27.682941
970.11 34.0 28.532646
991.98004 34.0 29.175884
956.6096 34.0 28.135576
937.43994 34.0 27.571762
925.0198 34.0 27.206465
928.5302 34.0 27.309711
1011.4201 34.0 29.74765
976.5898 34.0 28.723228
962.5499 34.0 28.310291
982.8005 34.0 28.905897
952.2899 34.0 28.008528
953.9103 34.0 28.056185
961.1997 34.0 28.27058
944.19025 34.0 27.770302
958.7698 34.0 28.199112
996.57 34.0 29.310883
1040.5808 34.0 30.605316
928.5298 34.0 27.3097
975.23987 34.0 28.683525
971.4603 34.0 28.572363
935.5502 34.0 27.516182
984.14984 34.0 28.945583
957.4198 34.0 28.159407
958.7705 34.0 28.199133
974.1594 34.0 28.651749
1003.32025 34.0 29.509418
942.57 34.0 27.722647
922.0504 34.0 27.11913
1006.8301 34.0 29.61265
1014.92993 34.0 29.85088
1009.25995 34.0 29.684116
1066.7697 34.0 31.375578
975.7794 34.0 28.699394
978.21 34.0 28.770884
997.6499 34.0 29.342644
948.2397 35.0 27.092562
1044.63 35.0 29.846573
977.3997 35.0 27.925707
957.95996 35.0 27.370285
907.4696 35.0 25.927704
986.04047 35.0 28.172585
938.52 35.0 26.814857
937.1703 35.0 26.776295
994.95044 35.0 28.427155
944.1904 35.0 26.97687
929.8802 35.0 26.568005
989.5496 35.0 28.272846
982.25995 35.0 28.06457
972.81067 35.0 27.79459
964.98016 35.0 27.570862
982.8001 35.0 28.080004
939.59985 35.0 26.84571
969.5698 35.0 27.701996
949.8601 35.0 27.13886
975.50995 35.0 27.871714
932.8499 35.0 26.652855
954.72015 35.0 27.27772
940.1399 35.0 26.86114
913.14056 35.0 26.089731
957.1501 35.0 27.347145
929.0695 35.0 26.544844
978.7503 35.0 27.964294
925.56 35.0 26.44457
994.6802 35.0 28.419434
912.3297 35.0 26.066563
972.27057 35.0 27.77916
949.0503 35.0 27.115723
929.6099 35.0 26.560284
939.0601 35.0 26.83029
927.18 35.0 26.490856
990.6304 35.0 28.303724
939.8699 35.0 26.853424
944.4595 35.0 26.984556
975.2397 35.0 27.86399
997.37994 35.0 28.49657
948.24023 35.0 27.092579
1004.66986 36.0 27.907495
924.75 36.0 25.6875
1025.1902 36.0 28.477505
939.8709 36.0 26.107525
935.81934 36.0 25.994982
954.4496 36.0 26.51249
964.43994 36.0 26.789999
945.26965 36.0 26.25749
956.88 36.0 26.58
940.68 36.0 26.13
969.2998 36.0 26.924995
901.2599 36.0 25.034996
949.32 36.0 26.37
980.91003 36.0 27.247501
918.54004 36.0 25.515001
995.49 36.0 27.6525
913.67975 36.0 25.379993
973.0799 36.0 27.029997
987.1201 36.0 27.420004
945.54034 36.0 26.265009
923.9405 36.0 25.665014
924.21014 36.0 25.672504
961.74 36.0 26.715
962.5497 36.0 26.737492
944.1896 36.0 26.227488
981.7201 36.0 27.270002
936.6302 36.0 26.017506
987.6598 36.0 27.434994
933.93024 36.0 25.942507
972.27014 36.0 27.007504
971.73 36.0 26.9925
883.98016 36.0 24.555004
978.2104 36.0 27.17251
986.31006 36.0 27.397501
926.90955 36.0 25.747488
956.07043 36.0 26.557512
979.2896 36.0 27.20249
930.95996 36.0 25.859999
924.7506 36.0 25.687517
980.6394 36.0 27.239983
954.17944 36.0 26.504984
926.91 37.0 25.05162
939.5998 37.0 25.394588
921.5102 37.0 24.905682
968.22015 37.0 26.168112
907.47015 37.0 24.52622
966.86975 37.0 26.131615
931.4999 37.0 25.175673
933.3905 37.0 25.22677
902.8798 37.0 24.402157
912.3301 37.0 24.65757
950.1302 37.0 25.679193
915.83954 37.0 24.75242
955.8 37.0 25.832432
959.5801 37.0 25.934597
943.10986 37.0 25.489456
937.9801 37.0 25.350813
970.92 37.0 26.241081
921.2401 37.0 24.898382
976.05005 37.0 26.37973
906.39026 37.0 24.497034
848.3402 37.0 22.928114
915.29987 37.0 24.737835
953.1001 37.0 25.759462
911.2505 37.0 24.628391
913.1403 37.0 24.679468
953.9103 37.0 25.781359
940.4099 37.0 25.416485
905.3107 37.0 24.467857
899.6404 37.0 24.314606
951.4799 37.0 25.715673
926.6405 37.0 25.044338
941.4904 37.0 25.445686
928.26044 37.0 25.08812
978.47986 37.0 26.445402
971.19 37.0 26.248379
944.1901 37.0 25.518652
844.83026 37.0 22.83325
875.88025 37.0 23.67244
945.54 37.0 25.555134
943.65015 37.0 25.504059
924.2099 37.0 24.978645
925.0203 38.0 24.34264
956.6096 38.0 25.173937
952.2904 38.0 25.060274
860.2201 38.0 22.637371
911.5198 38.0 23.987362
893.4298 38.0 23.51131
899.3696 38.0 23.667622
892.61993 38.0 23.489998
877.49976 38.0 23.092098
934.1995 38.0 24.584198
960.3903 38.0 25.27343
899.10034 38.0 23.660536
940.9502 38.0 24.761847
930.95984 38.0 24.498943
922.0499 38.0 24.264471
883.16956 38.0 23.241304
910.4403 38.0 23.958956
923.6698 38.0 24.3071
922.0503 38.0 24.26448
891.5403 38.0 23.461586
913.4101 38.0 24.037107
949.3198 38.0 24.982101
909.3602 38.0 23.930532
922.31995 38.0 24.271578
908.27954 38.0 23.902094
947.16003 38.0 24.925264
933.66034 38.0 24.57001
932.5797 38.0 24.54157
954.44995 38.0 25.117104
898.8301 38.0 23.653423
971.1898 38.0 25.557627
915.56976 38.0 24.09394
932.31036 38.0 24.534483
929.87976 38.0 24.47052
943.1101 38.0 24.818687
927.99 38.0 24.42079
919.88995 38.0 24.20763
866.1597 38.0 22.793676
937.4399 38.0 24.66947
917.46014 38.0 24.143688
922.3195 38.0 24.271566
913.50104 39.0 23.423103
964.59705 39.0 24.733257
947.0244 39.0 24.282677
901.6057 39.0 23.118095
971.08496 39.0 24.899614
915.39355 39.0 23.47163
928.9105 39.0 23.818218
938.37286 39.0 24.060843
932.4253 39.0 23.90834
891.333 39.0 22.854692
889.44025 39.0 22.80616
905.1201 39.0 23.208208
923.5049 39.0 23.679613
885.65576 39.0 22.709122
901.0654 39.0 23.104242
890.5212 39.0 22.833876
882.41187 39.0 22.625946
940.5355 39.0 24.116295
893.76605 39.0 22.917078
864.2979 39.0 22.161486
883.7632 39.0 22.660595
893.4954 39.0 22.91014
895.3879 39.0 22.958664
910.7977 39.0 23.353788
842.9407 39.0 21.613863
882.9521 39.0 22.639797
962.4339 39.0 24.677792
906.4724 39.0 23.242882
946.7543 39.0 24.275751
990.27954 39.0 25.391783
912.6902 39.0 23.402313
905.1201 39.0 23.208208
851.592 39.0 21.835691
877.8153 39.0 22.508085
917.2862 39.0 23.520159
855.64746 39.0 21.939678
868.3535 39.0 22.265474
924.85614 39.0 23.71426
891.60333 39.0 22.861624
941.6167 39.0 24.144018
898.3619 39.0 23.03492
878.04004 40.0 21.951
939.3295 40.0 23.483238
899.9099 40.0 22.497747
889.65015 40.0 22.241253
851.85 40.0 21.29625
910.17017 40.0 22.754253
909.0897 40.0 22.727243
867.2403 40.0 21.681007
886.1405 40.0 22.153513
876.1504 40.0 21.903759
891.54047 40.0 22.288511
903.96027 40.0 22.599007
880.19995 40.0 22.005
911.24976 40.0 22.781244
888.3001 40.0 22.207502
913.95013 40.0 22.848753
901.53 40.0 22.53825
869.94073 40.0 21.748518
886.41003 40.0 22.160252
949.5899 40.0 23.739748
868.0505 40.0 21.701262
909.36035 40.0 22.734009
945.8102 40.0 23.645254
905.8499 40.0 22.646248
921.7804 40.0 23.04451
964.44055 40.0 24.111013
898.28986 40.0 22.457247
889.65015 40.0 22.241253
868.8602 40.0 21.721506
913.9508 40.0 22.84877
930.1499 40.0 23.253748
875.60986 40.0 21.890247
916.9196 40.0 22.92299
883.1703 40.0 22.079258
909.89996 40.0 22.7475
889.6506 40.0 22.241264
869.9396 40.0 21.74849
851.8505 40.0 21.296263
959.58014 40.0 23.989504
925.55975 40.0 23.138994
899.37006 40.0 22.484251
890.4602 41.0 21.718542
881.55 41.0 21.501219
843.7503 41.0 20.579275
868.0497 41.0 21.171944
913.94965 41.0 22.291454
884.7899 41.0 21.580242
881.0096 41.0 21.488039
889.1099 41.0 21.685608
897.75006 41.0 21.896343
913.13983 41.0 22.271704
854.00964 41.0 20.829504
858.6 41.0 20.941463
862.1105 41.0 21.027084
872.91 41.0 21.290487
890.4601 41.0 21.718538
908.0101 41.0 22.146587
907.4696 41.0 22.133406
842.6701 41.0 20.552929
879.1205 41.0 21.441963
908.82043 41.0 22.166351
881.8203 41.0 21.507812
910.70966 41.0 22.212431
916.11035 41.0 22.344154
890.7298 41.0 21.725117
828.63043 41.0 20.210499
888.2996 41.0 21.665844
848.88007 41.0 20.704391
841.05 41.0 20.513414
898.2894 41.0 21.909498
862.91974 41.0 21.046824
853.1997 41.0 20.80975
901.5301 41.0 21.988539
891.0003 41.0 21.731714
916.9196 41.0 22.363894
880.1999 41.0 21.46829
862.11017 41.0 21.027077
919.8896 41.0 22.43633
918.26996 41.0 22.396828
927.98956 41.0 22.633892
867.5102 41.0 21.158785
886.9497 41.0 21.63292
881.01056 42.0 20.976442
861.84 42.0 20.52
903.1504 42.0 21.50358
853.47034 42.0 20.320723
855.9004 42.0 20.37858
880.1999 42.0 20.95714
862.6503 42.0 20.539293
831.0602 42.0 19.787148
874.52997 42.0 20.822142
869.4002 42.0 20.700005
874.7994 42.0 20.828556
853.74023 42.0 20.327148
900.18024 42.0 21.432863
893.97 42.0 21.285
866.97003 42.0 20.642143
899.91046 42.0 21.42644
898.28955 42.0 21.387846
899.36914 42.0 21.413551
874.80005 42.0 20.828573
838.8898 42.0 19.973566
860.76 42.0 20.494286
895.58984 42.0 21.323568
883.1699 42.0 21.027855
879.12024 42.0 20.931435
829.44006 42.0 19.748573
867.7804 42.0 20.661438
854.55 42.0 20.346428
849.68976 42.0 20.23071
891.26984 42.0 21.22071
912.0603 42.0 21.715721
852.3899 42.0 20.294998
855.90027 42.0 20.378578
891.27 42.0 21.220715
907.73987 42.0 21.612854
818.1 42.0 19.47857
848.8806 42.0 20.211443
884.5202 42.0 21.060005
872.91046 42.0 20.783583
857.25037 42.0 20.410723
881.0102 42.0 20.976433
840.7805 42.0 20.018583
872.63995 43.0 20.293953
859.41016 43.0 19.986282
869.4005 43.0 20.218616
869.66986 43.0 20.22488
831.6006 43.0 19.339548
899.64014 43.0 20.921864
872.63995 43.0 20.293953
815.13043 43.0 18.956522
881.82043 43.0 20.507452
890.1902 43.0 20.702097
873.4499 43.0 20.312788
856.4406 43.0 19.917223
794.34015 43.0 18.473026
879.1203 43.0 20.444658
871.82996 43.0 20.275116
861.5701 43.0 20.036514
867.7802 43.0 20.180935
851.04034 43.0 19.791636
834.3007 43.0 19.402342
884.5205 43.0 20.570244
893.70013 43.0 20.783724
881.00946 43.0 20.488592
845.37024 43.0 19.659773
893.4298 43.0 20.777437
850.77026 43.0 19.785355
860.49 43.0 20.011395
897.48 43.0 20.871628
869.4001 43.0 20.218607
853.47015 43.0 19.848143
826.47015 43.0 19.220236
843.2101 43.0 19.609537
860.4905 43.0 20.011406
812.70026 43.0 18.900005
883.4402 43.0 20.54512
864.80975 43.0 20.111855
913.14044 43.0 21.235825
873.7198 43.0 20.319065
866.16016 43.0 20.14326
872.37024 43.0 20.28768
812.7001 43.0 18.900002
829.17004 43.0 19.283024
820.8 44.0 18.654545
839.9705 44.0 19.090239
841.85986 44.0 19.133179
834.5697 44.0 18.967493
844.0202 44.0 19.182278
851.85004 44.0 19.360228
863.4602 44.0 19.624096
834.0304 44.0 18.955236
850.23004 44.0 19.32341
828.0898 44.0 18.820223
834.0301 44.0 18.955229
827.82007 44.0 18.814093
818.6402 44.0 18.60546
882.09045 44.0 20.04751
832.6805 44.0 18.924557
845.6398 44.0 19.219086
848.6106 44.0 19.286604
854.82074 44.0 19.427744
848.0697 44.0 19.274311
848.3399 44.0 19.280453
811.3502 44.0 18.439777
859.41034 44.0 19.532053
835.1101 44.0 18.979774
846.98987 44.0 19.24977
835.1101 44.0 18.979774
845.64044 44.0 19.2191
835.64954 44.0 18.992035
834.8401 44.0 18.973639
818.6404 44.0 18.605463
823.23065 44.0 18.709787
814.8603 44.0 18.519552
830.5201 44.0 18.875456
836.9997 44.0 19.02272
873.9902 44.0 19.863413
881.8201 44.0 20.041367
869.4002 44.0 19.759096
823.23 44.0 18.709772
839.43036 44.0 19.077963
872.6398 44.0 19.832722
868.86035 44.0 19.746826
876.96014 44.0 19.930912
852.9302 45.0 18.954004
865.6208 45.0 19.236017
806.49036 45.0 17.922009
814.3202 45.0 18.096004
833.4901 45.0 18.522003
838.35 45.0 18.63
838.89 45.0 18.642
824.5807 45.0 18.324015
823.50024 45.0 18.300005
843.2103 45.0 18.738007
851.8505 45.0 18.930012
853.4699 45.0 18.965998
818.37024 45.0 18.186005
821.33923 45.0 18.251984
838.35016 45.0 18.630003
814.32074 45.0 18.096016
839.1601 45.0 18.648003
863.1903 45.0 19.182007
872.37 45.0 19.386
762.7501 45.0 16.950003
824.8504 45.0 18.33001
782.19025 45.0 17.382006
839.4304 45.0 18.654009
845.3701 45.0 18.786003
830.25006 45.0 18.45
876.6901 45.0 19.482002
871.29034 45.0 19.362007
862.38 45.0 19.164
853.2004 45.0 18.960009
826.74005 45.0 18.372002
807.84015 45.0 17.952003
846.7203 45.0 18.816006
818.3701 45.0 18.186003
781.38025 45.0 17.364006
861.8401 45.0 19.152002
865.35034 45.0 19.230007
815.67017 45.0 18.126003
833.21954 45.0 18.51599
858.3302 45.0 19.074005
835.37994 45.0 18.564
815.4 45.0 18.12
816.7498 46.0 17.75543
781.11 46.0 16.980652
795.96063 46.0 17.303492
798.11993 46.0 17.350433
860.2196 46.0 18.700426
830.52 46.0 18.054783
847.8001 46.0 18.430437
799.7401 46.0 17.385654
813.24 46.0 17.67913
813.2398 46.0 17.679127
838.35004 46.0 18.225
867.23987 46.0 18.85304
823.7699 46.0 17.908041
845.90985 46.0 18.389345
792.4502 46.0 17.227179
789.2103 46.0 17.156746
811.61993 46.0 17.643911
763.2901 46.0 16.593264
812.9701 46.0 17.673264
803.51965 46.0 17.46782
800.5502 46.0 17.403265
838.08014 46.0 18.219133
838.8898 46.0 18.236734
809.4607 46.0 17.596972
807.5704 46.0 17.555878
843.75037 46.0 18.3424
805.68 46.0 17.514782
839.42975 46.0 18.248472
807.02997 46.0 17.54413
831.6005 46.0 18.078272
828.6305 46.0 18.013706
821.0702 46.0 17.849352
787.32043 46.0 17.115662
844.0201 46.0 18.348263
811.89014 46.0 17.649786
789.4802 46.0 17.162613
837.8104 46.0 18.21327
790.0205 46.0 17.174358
821.07007 46.0 17.84935
816.7503 46.0 17.755442
830.52 46.0 18.054783
806.7601 47.0 17.165108
793.79956 47.0 16.889353
807.2998 47.0 17.176592
829.9801 47.0 17.659151
790.8303 47.0 16.826178
768.9604 47.0 16.360859
800.8203 47.0 17.03873
821.8803 47.0 17.486814
781.1101 47.0 16.619364
825.9303 47.0 17.572985
790.83014 47.0 16.826174
800.82043 47.0 17.038733
768.15015 47.0 16.34362
821.8801 47.0 17.48681
810.8104 47.0 17.251286
755.1901 47.0 16.067875
839.16003 47.0 17.85447
811.89026 47.0 17.274261
775.17035 47.0 16.492987
816.2103 47.0 17.366177
765.72034 47.0 16.291922
791.6402 47.0 16.843409
782.19006 47.0 16.642342
817.0196 47.0 17.383396
788.1301 47.0 16.768726
818.10004 47.0 17.406384
787.8606 47.0 16.76299
809.19055 47.0 17.21682
800.82043 47.0 17.038733
815.9402 47.0 17.36043
756.00006 47.0 16.085108
828.0904 47.0 17.618944
808.1104 47.0 17.193838
818.37024 47.0 17.412132
805.6803 47.0 17.142134
784.35 47.0 16.688297
799.20026 47.0 17.004261
792.1803 47.0 16.8549
795.6902 47.0 16.929579
796.7699 47.0 16.95255
812.16046 47.0 17.28001
779.2201 48.0 16.233751
768.42053 48.0 16.00876
799.20056 48.0 16.650011
801.08997 48.0 16.689375
749.5203 48.0 15.615006
784.07983 48.0 16.334997
781.65027 48.0 16.28438
800.5503 48.0 16.678131
829.9802 48.0 17.291254
783.00024 48.0 16.312506
766.53015 48.0 15.969378
808.11017 48.0 16.835629
791.6395 48.0 16.49249
767.07007 48.0 15.980627
784.07996 48.0 16.335
804.86993 48.0 16.768124
785.6999 48.0 16.368748
765.72003 48.0 15.9525
798.3905 48.0 16.633135
757.6202 48.0 15.783753
767.61005 48.0 15.991876
787.5903 48.0 16.40813
797.85004 48.0 16.621876
799.73975 48.0 16.661245
789.2102 48.0 16.44188
834.57 48.0 17.386875
829.16956 48.0 17.274366
761.4006 48.0 15.862512
733.8602 48.0 15.288755
752.7604 48.0 15.6825075
798.66003 48.0 16.63875
776.5204 48.0 16.177507
776.5198 48.0 16.177496
818.10034 48.0 17.043756
817.8303 48.0 17.038132
775.9802 48.0 16.166254
777.6001 48.0 16.200003
788.9401 48.0 16.436253
797.84973 48.0 16.62187
801.8999 48.0 16.706247
820.8003 48.0 17.100006
812.4302 49.0 16.580208
793.25995 49.0 16.188978
771.12006 49.0 15.7371435
789.4803 49.0 16.111843
762.4803 49.0 15.5608225
783.81036 49.0 15.99613
789.21 49.0 16.106327
786.77997 49.0 16.056734
769.50037 49.0 15.704089
811.35 49.0 16.558163
725.75995 49.0 14.811427
778.68036 49.0 15.891436
774.62994 49.0 15.808775
764.63995 49.0 15.604897
762.2101 49.0 15.555308
781.11017 49.0 15.941024
757.8902 49.0 15.467147
790.56036 49.0 16.133884
796.7702 49.0 16.260616
814.8602 49.0 16.6298
824.8499 49.0 16.833672
795.15063 49.0 16.227564
764.3698 49.0 15.599384
755.73016 49.0 15.423064
776.5204 49.0 15.847355
784.6198 49.0 16.01265
761.6704 49.0 15.544294
792.4507 49.0 16.172462
761.67 49.0 15.544286
808.11 49.0 16.49204
788.67004 49.0 16.095306
757.6199 49.0 15.46163
746.82056 49.0 15.241236
803.7901 49.0 16.40388
799.47 49.0 16.315714
803.7901 49.0 16.40388
756.5399 49.0 15.43959
794.33997 49.0 16.21102
807.02997 49.0 16.47
782.4599 49.0 15.96857
771.66016 49.0 15.748166
781.9206 50.0 15.6384115
774.6305 50.0 15.49261
741.68964 50.0 14.833793
743.30994 50.0 14.866199
789.48065 50.0 15.789613
786.2395 50.0 15.724791
788.39966 50.0 15.767993
754.11 50.0 15.0822
793.5302 50.0 15.8706045
782.73016 50.0 15.654603
801.3599 50.0 16.027199
761.67004 50.0 15.233401
789.7499 50.0 15.794997
749.25006 50.0 14.985002
762.74994 50.0 15.254998
765.45044 50.0 15.309009
780.3002 50.0 15.606004
737.64044 50.0 14.752809
767.3403 50.0 15.346806
765.98987 50.0 15.3197975
765.17975 50.0 15.303596
746.00995 50.0 14.920198
773.8203 50.0 15.476406
755.46014 50.0 15.109203
747.6301 50.0 14.952602
744.1198 50.0 14.882396
734.4001 50.0 14.688002
792.4501 50.0 15.849002
783.81024 50.0 15.676205
783.00024 50.0 15.660005
810.5404 50.0 16.210808
771.1201 50.0 15.422402
723.3295 50.0 14.466591
783.8107 50.0 15.676215
749.7904 50.0 14.995809
779.76 50.0 15.595201
755.19 50.0 15.1038
762.20996 50.0 15.2442
760.59015 50.0 15.2118025
748.71 50.0 14.9742
761.9403 50.0 15.238806
801.6303 51.0 15.718242
747.63025 51.0 14.659417
746.2801 51.0 14.632943
775.17004 51.0 15.199412
729.8102 51.0 14.310003
752.2197 51.0 14.749406
797.31 51.0 15.63353
763.56 51.0 14.971765
785.7003 51.0 15.405889
739.5301 51.0 14.50059
758.1598 51.0 14.865878
782.4601 51.0 15.342355
759.24023 51.0 14.887063
759.50977 51.0 14.892348
769.7701 51.0 15.093531
736.0203 51.0 14.431771
768.9603 51.0 15.077653
739.5302 51.0 14.500592
764.0999 51.0 14.982351
755.9999 51.0 14.823527
739.53015 51.0 14.500591
771.9302 51.0 15.135886
764.91 51.0 14.998235
770.31006 51.0 15.104118
777.06036 51.0 15.236478
739.26025 51.0 14.495299
778.14 51.0 15.2576475
714.4201 51.0 14.008237
716.8501 51.0 14.055884
702.2702 51.0 13.770004
760.8603 51.0 14.918829
778.9502 51.0 15.273533
748.1698 51.0 14.669996
753.02997 51.0 14.765293
707.67065 51.0 13.8758955
760.3201 51.0 14.908238
770.85 51.0 15.114705
741.1499 51.0 14.532351
727.92004 51.0 14.272943
769.49994 51.0 15.088234
734.67053 51.0 14.405304
721.1698 52.0 13.86865
765.99054 52.0 14.730587
738.7203 52.0 14.20616
733.0503 52.0 14.097121
736.83 52.0 14.169808
721.9799 52.0 13.88423
738.7203 52.0 14.206159
720.0899 52.0 13.847882
742.23 52.0 14.273653
712.2599 52.0 13.697306
737.10016 52.0 14.175003
766.8004 52.0 14.746161
712.8002 52.0 13.707696
755.46014 52.0 14.52808
717.39014 52.0 13.795964
738.99005 52.0 14.211347
716.3109 52.0 13.775209
787.32025 52.0 15.140774
753.8402 52.0 14.496927
727.6502 52.0 13.993274
754.6501 52.0 14.512502
730.35034 52.0 14.045199
708.4804 52.0 13.624623
772.7408 52.0 14.8604
735.21014 52.0 14.138657
744.6602 52.0 14.320389
763.29 52.0 14.678654
758.7 52.0 14.5903845
764.6404 52.0 14.704623
715.2303 52.0 13.754429
726.8401 52.0 13.977694
725.22034 52.0 13.946545
744.93054 52.0 14.325587
720.8998 52.0 13.863457
746.8206 52.0 14.361935
761.13 52.0 14.6371155
694.17 52.0 13.349422
722.79016 52.0 13.899811
746.8202 52.0 14.361927
755.72986 52.0 14.533267
725.22 52.0 13.946538
718.338 52.999996 13.553549
688.6101 52.999996 12.992644
773.1992 52.999996 14.588666
724.55383 52.999996 13.670828
687.2582 52.999996 12.967136
712.3923 52.999996 13.441364
754.0115 52.999996 14.226632
733.2019 52.999996 13.833999
728.60767 52.999996 13.747315
707.7981 52.999996 13.354682
692.1233 52.999996 13.05893
704.5552 52.999996 13.293495
697.7987 52.999996 13.166014
757.2549 52.999996 14.287829
715.9055 52.999996 13.507652
765.90314 52.999996 14.451004
733.4721 52.999996 13.839097
762.1191 52.999996 14.379606
714.82465 52.999996 13.487258
734.8234 52.999996 13.864594
753.4707 52.999996 14.21643
737.526 52.999996 13.915586
728.067 52.999996 13.737115
720.49976 52.999996 13.594336
732.6615 52.999996 13.823803
718.87823 52.999996 13.563741
730.49945 52.999996 13.78301
747.2549 52.999996 14.09915
723.47253 52.999996 13.650426
740.7691 52.999996 13.976777
689.961 52.999996 13.018133
737.25574 52.999996 13.910486
712.9327 52.999996 13.451561
753.74115 52.999996 14.221532
716.71625 52.999996 13.522949
734.2827 52.999996 13.854392
740.22845 52.999996 13.966576
696.71735 52.999996 13.145611
749.4171 52.999996 14.139947
673.47565 52.999996 12.707088
742.3904 52.999996 14.007366
707.6706 54.000004 13.10501
752.22003 54.000004 13.929999
699.0302 54.000004 12.9450035
730.3502 54.000004 13.525003
713.07007 54.000004 13.205001
717.3902 54.000004 13.285003
695.5207 54.000004 12.880012
686.88074 54.000004 12.720013
718.4701 54.000004 13.305001
721.1702 54.000004 13.355003
696.33057 54.000004 12.895009
731.7003 54.000004 13.550005
687.1508 54.000004 12.725014
731.43024 54.000004 13.545003
737.91046 54.000004 13.665008
717.9303 54.000004 13.295005
689.31 54.000004 12.764999
717.93005 54.000004 13.295
718.47046 54.000004 13.305008
688.5001 54.000004 12.750001
692.0102 54.000004 12.815002
688.7699 54.000004 12.754997
693.3604 54.000004 12.840007
710.1008 54.000004 13.150014
747.6299 54.000004 13.844997
726.8407 54.000004 13.460012
689.04034 54.000004 12.760005
705.5106 54.000004 13.06501
721.4398 54.000004 13.359996
728.7307 54.000004 13.495012
697.68005 54.000004 12.92
733.59033 54.000004 13.585005
721.4401 54.000004 13.360002
719.0103 54.000004 13.315004
696.0601 54.000004 12.890001
707.40027 54.000004 13.100004
719.0101 54.000004 13.315001
725.75995 54.000004 13.439998
735.7502 54.000004 13.625003
737.91 54.000004 13.664999
716.85016 54.000004 13.275002
726.3003 55.0 13.20546
714.6906 55.0 12.994375
690.66016 55.0 12.557457
694.7098 55.0 12.631086
716.58014 55.0 13.028729
683.64 55.0 12.429818
661.23016 55.0 12.022367
677.7001 55.0 12.321819
683.3698 55.0 12.424906
710.10016 55.0 12.910912
696.0604 55.0 12.655644
688.7703 55.0 12.523097
692.55 55.0 12.591818
717.9301 55.0 13.053275
708.2103 55.0 12.876552
700.92035 55.0 12.744006
704.7002 55.0 12.812731
728.19 55.0 13.239819
701.7302 55.0 12.758732
730.6205 55.0 13.284009
689.0401 55.0 12.528002
699.5705 55.0 12.719463
669.0597 55.0 12.1647215
695.79034 55.0 12.650734
672.3004 55.0 12.223644
697.67993 55.0 12.68509
717.3905 55.0 13.043464
686.33984 55.0 12.478907
732.5101 55.0 13.318365
703.35034 55.0 12.788188
731.7002 55.0 13.30364
678.2401 55.0 12.331638
697.6801 55.0 12.685093
671.75995 55.0 12.213818
706.58997 55.0 12.847091
697.4102 55.0 12.680186
724.9497 55.0 13.180903
673.9196 55.0 12.253084
665.2799 55.0 12.095999
703.3502 55.0 12.788186
739.2603 55.0 13.441096
667.17017 56.0 11.913753
724.95013 56.0 12.9455385
694.9804 56.0 12.410364
690.39014 56.0 12.328395
694.44 56.0 12.400714
680.93994 56.0 12.159642
662.85034 56.0 11.836613
690.66016 56.0 12.333217
655.5602 56.0 11.706431
680.1299 56.0 12.145177
700.9203 56.0 12.516434
698.4905 56.0 12.473044
685.5305 56.0 12.241616
694.7104 56.0 12.405542
677.16003 56.0 12.092143
711.45044 56.0 12.704473
693.6304 56.0 12.386257
679.58997 56.0 12.135535
681.7505 56.0 12.174116
699.03 56.0 12.482679
667.71045 56.0 11.923401
719.5505 56.0 12.849115
676.89056 56.0 12.087332
672.84015 56.0 12.015002
650.1603 56.0 11.610005
674.1905 56.0 12.039116
687.1501 56.0 12.270537
712.5305 56.0 12.723759
700.3803 56.0 12.506791
697.4102 56.0 12.453753
688.5002 56.0 12.294646
701.73047 56.0 12.530901
663.66003 56.0 11.851072
684.4505 56.0 12.22233
686.88025 56.0 12.265718
698.49005 56.0 12.473037
683.64014 56.0 12.207859
699.03 56.0 12.482679
672.5702 56.0 12.010181
664.74005 56.0 11.870358
670.9501 56.0 11.981251
658.5301 57.0 11.55316
690.39056 57.0 12.112115
674.7301 57.0 11.83737
660.15015 57.0 11.581581
689.04083 57.0 12.088435
633.6898 57.0 11.117365
714.6904 57.0 12.538428
681.21045 57.0 11.95106
686.06995 57.0 12.036315
692.8199 57.0 12.154735
653.94055 57.0 11.472641
677.6998 57.0 11.889471
687.6901 57.0 12.064739
662.58014 57.0 11.624213
697.1403 57.0 12.230532
667.7103 57.0 11.714216
651.51013 57.0 11.430002
652.59033 57.0 11.448954
661.23016 57.0 11.600529
681.4803 57.0 11.955794
638.0097 57.0 11.193152
696.6 57.0 12.221052
691.7404 57.0 12.135797
656.3702 57.0 11.515266
655.29016 57.0 11.496319
711.72 57.0 12.486316
640.4397 57.0 11.235785
697.41 57.0 12.235263
638.82043 57.0 11.207376
678.5103 57.0 11.903689
695.2503 57.0 12.197373
669.8702 57.0 11.752109
687.15015 57.0 12.055265
691.19977 57.0 12.126311
646.9205 57.0 11.349482
660.69037 57.0 11.591059
669.87 57.0 11.752106
662.8499 57.0 11.628946
688.77014 57.0 12.083687
660.69055 57.0 11.591063
672.0302 57.0 11.790004
653.67004 58.0 11.270173
660.95966 58.0 11.395856
685.8005 58.0 11.824146
675.26996 58.0 11.642586
639.3604 58.0 11.023456
651.2403 58.0 11.228281
706.8599 58.0 12.18724
685.2601 58.0 11.814829
670.13995 58.0 11.554137
669.06006 58.0 11.535519
659.60986 58.0 11.372584
639.3603 58.0 11.023454
650.1606 58.0 11.209665
622.6202 58.0 10.734831
637.47 58.0 10.990862
634.23035 58.0 10.935006
670.1406 58.0 11.554149
678.51013 58.0 11.69845
624.78046 58.0 10.772077
646.6501 58.0 11.149139
650.16046 58.0 11.209663
636.12036 58.0 10.967592
684.44995 58.0 11.800861
649.0804 58.0 11.191041
602.37036 58.0 10.385695
655.56055 58.0 11.302768
679.8604 58.0 11.721731
641.52014 58.0 11.060692
660.6902 58.0 11.391211
659.6105 58.0 11.372595
692.8202 58.0 11.945176
642.87036 58.0 11.083972
670.9504 58.0 11.56811
648.54004 58.0 11.181725
646.6504 58.0 11.149145
664.4703 58.0 11.456384
635.85016 58.0 10.962934
672.0302 58.0 11.586728
664.74 58.0 11.461035
650.9701 58.0 11.223622
669.60016 58.0 11.54483
666.3853 58.999996 11.294667
634.22723 58.999996 10.749615
666.92523 58.999996 11.303819
632.606 58.999996 10.7221365
642.8746 58.999996 10.89618
661.2503 58.999996 11.207633
601.2597 58.999996 10.190843
661.25037 58.999996 11.207634
658.0077 58.999996 11.152674
649.3602 58.999996 11.006106
649.63086 58.999996 11.010694
645.84753 58.999996 10.946569
639.6323 58.999996 10.841227
639.36194 58.999996 10.836643
635.3085 58.999996 10.7679405
648.27936 58.999996 10.987786
633.14685 58.999996 10.731303
653.68384 58.999996 11.079388
654.2248 58.999996 11.088556
665.57416 58.999996 11.280919
655.84625 58.999996 11.116039
674.4921 58.999996 11.432071
632.0656 58.999996 10.712977
623.9587 58.999996 10.575572
619.6351 58.999996 10.50229
635.5789 58.999996 10.772525
649.6307 58.999996 11.01069
638.8216 58.999996 10.827485
638.55115 58.999996 10.822902
640.9834 58.999996 10.864126
671.5194 58.999996 11.381685
656.1164 58.999996 11.120618
660.4397 58.999996 11.193893
610.4474 58.999996 10.346566
654.7649 58.999996 11.097711
662.87146 58.999996 11.23511
636.119 58.999996 10.781679
638.8217 58.999996 10.827487
638.8213 58.999996 10.82748
626.93146 58.999996 10.6259575
643.9556 58.999996 10.914503
640.4401 60.000004 10.674002
630.1801 60.000004 10.503001
603.7204 60.000004 10.062006
628.29047 60.000004 10.471507
605.61053 60.000004 10.093509
620.99994 60.000004 10.349998
629.1005 60.000004 10.485008
611.5504 60.000004 10.192506
624.2406 60.000004 10.404009
631.5301 60.000004 10.525501
647.72986 60.000004 10.795497
622.0802 60.000004 10.368003
608.0405 60.000004 10.134008
600.4802 60.000004 10.008003
625.5897 60.000004 10.426495
616.14044 60.000004 10.269007
631.2602 60.000004 10.521003
628.0201 60.000004 10.467001
650.7002 60.000004 10.845002
623.1604 60.000004 10.386006
649.62 60.000004 10.827
622.08 60.000004 10.368
615.0605 60.000004 10.251007
620.46045 60.000004 10.341007
598.0502 60.000004 9.967503
629.6402 60.000004 10.494002
631.53064 60.000004 10.52551
645.5702 60.000004 10.759502
620.7301 60.000004 10.345501
602.36993 60.000004 10.039498
617.4904 60.000004 10.291507
625.05035 60.000004 10.417505
630.1799 60.000004 10.502997
640.7102 60.000004 10.678503
609.93005 60.000004 10.165501
626.13007 60.000004 10.4355
638.2805 60.000004 10.638008
628.83014 60.000004 10.480501
609.6603 60.000004 10.161004
644.4902 60.000004 10.741502
649.08044 60.000004 10.8180065
639.0901 61.0 10.476887
633.68994 61.0 10.38836
608.3103 61.0 9.9723
621.0002 61.0 10.180331
601.5602 61.0 9.861642
621.0 61.0 10.180327
642.8704 61.0 10.538859
614.7902 61.0 10.078528
617.7603 61.0 10.127218
616.68036 61.0 10.109514
640.1702 61.0 10.494594
619.92017 61.0 10.162625
620.19006 61.0 10.16705
615.8706 61.0 10.096239
618.3 61.0 10.1360655
612.9003 61.0 10.047546
616.68024 61.0 10.109512
599.40027 61.0 9.826234
628.83044 61.0 10.308696
631.5304 61.0 10.352958
632.87994 61.0 10.375081
614.7902 61.0 10.078528
611.2802 61.0 10.0209875
642.3301 61.0 10.530002
608.0403 61.0 9.967874
623.16003 61.0 10.215738
610.7403 61.0 10.012136
605.0707 61.0 9.919191
611.55066 61.0 10.02542
639.90045 61.0 10.490171
641.78973 61.0 10.521143
602.63995 61.0 9.879343
623.7001 61.0 10.224591
603.7197 61.0 9.897045
601.01996 61.0 9.852786
622.0799 61.0 10.198031
614.2504 61.0 10.069679
568.35016 61.0 9.317216
630.4501 61.0 10.335247
637.2004 61.0 10.445908
666.9007 61.0 10.932798
621.0005 62.0 10.016137
574.5605 62.0 9.267104
592.9201 62.0 9.563228
605.61005 62.0 9.767904
594.8104 62.0 9.593717
559.17017 62.0 9.018873
606.42004 62.0 9.780969
593.19006 62.0 9.567581
599.4003 62.0 9.6677475
612.6303 62.0 9.881134
630.9904 62.0 10.177265
606.15045 62.0 9.77662
580.2304 62.0 9.358555
622.3502 62.0 10.037907
589.14044 62.0 9.502265
562.94995 62.0 9.079838
599.6704 62.0 9.672103
595.3503 62.0 9.602424
574.8301 62.0 9.271453
649.35 62.0 10.473387
611.00995 62.0 9.855
596.1602 62.0 9.615487
575.63995 62.0 9.284515
598.8601 62.0 9.659034
613.9802 62.0 9.902906
604.2602 62.0 9.746132
590.76 62.0 9.528387
593.19025 62.0 9.567585
580.7697 62.0 9.367253
626.1302 62.0 10.098874
606.96014 62.0 9.78968
619.6508 62.0 9.994368
586.98016 62.0 9.467422
588.87024 62.0 9.497907
608.5801 62.0 9.815807
615.87024 62.0 9.933391
625.32025 62.0 10.085811
633.15 62.0 10.212097
629.1 62.0 10.146774
605.8804 62.0 9.7722645
581.0403 62.0 9.371617
596.7003 63.0 9.471434
585.6301 63.0 9.295716
612.9004 63.0 9.728578
591.3008 63.0 9.385727
603.4504 63.0 9.578577
605.8803 63.0 9.617147
597.51 63.0 9.484286
590.2201 63.0 9.368573
582.66016 63.0 9.248574
586.44006 63.0 9.308573
580.23004 63.0 9.210001
581.57983 63.0 9.231426
592.9202 63.0 9.411432
605.34015 63.0 9.608574
590.4899 63.0 9.372856
588.06006 63.0 9.334287
574.8301 63.0 9.124287
585.6298 63.0 9.2957115
572.4004 63.0 9.08572
596.97015 63.0 9.475717
606.42035 63.0 9.62572
585.0901 63.0 9.287145
597.51013 63.0 9.484288
566.18976 63.0 8.987139
586.1702 63.0 9.304289
601.0202 63.0 9.540003
557.0098 63.0 8.841426
607.23004 63.0 9.638572
603.9902 63.0 9.587146
596.16016 63.0 9.462859
586.1705 63.0 9.304294
579.1502 63.0 9.192861
589.6801 63.0 9.360002
596.1606 63.0 9.462867
575.64044 63.0 9.13715
587.7902 63.0 9.330004
593.45996 63.0 9.419999
620.4602 63.0 9.848575
596.9704 63.0 9.47572
606.6902 63.0 9.630003
613.9799 63.0 9.745713
581.3097 64.0 9.082964
545.4 64.0 8.521875
586.4403 64.0 9.16313
552.6903 64.0 8.635786
586.97986 64.0 9.17156
567.00006 64.0 8.859376
572.67004 64.0 8.947969
569.9701 64.0 8.905783
592.65 64.0 9.260157
603.45044 64.0 9.428913
574.0204 64.0 8.969069
564.8404 64.0 8.825631
584.5502 64.0 9.133596
561.87006 64.0 8.77922
571.59 64.0 8.931094
595.0805 64.0 9.298133
576.1802 64.0 9.002815
593.46014 64.0 9.272815
570.5101 64.0 8.91422
601.56024 64.0 9.399379
572.1299 64.0 8.939529
559.4405 64.0 8.741258
564.83997 64.0 8.825624
566.1902 64.0 8.846722
572.6703 64.0 8.947973
576.9899 64.0 9.015468
554.8504 64.0 8.669538
584.00977 64.0 9.125153
558.09033 64.0 8.720161
567.8098 64.0 8.872028
552.42004 64.0 8.631563
566.99994 64.0 8.859374
564.8399 64.0 8.8256235
589.95013 64.0 9.217971
584.0104 64.0 9.125162
601.0202 64.0 9.390941
576.7202 64.0 9.011253
575.91016 64.0 8.998596
578.3397 64.0 9.036558
549.99 64.0 8.593594
568.6202 64.0 8.88469
551.0703 65.0 8.478004
541.07996 65.0 8.324307
541.3503 65.0 8.328465
558.08997 65.0 8.5859995
536.22034 65.0 8.249543
560.5205 65.0 8.623392
575.0996 65.0 8.847687
591.57 65.0 9.101077
551.0705 65.0 8.478007
545.67017 65.0 8.394926
564.0301 65.0 8.677386
549.9898 65.0 8.461382
585.08984 65.0 9.001382
559.7098 65.0 8.61092
532.98004 65.0 8.199693
564.8401 65.0 8.689848
611.8204 65.0 9.4126215
573.20996 65.0 8.818615
564.0302 65.0 8.677388
567.2701 65.0 8.727232
556.20013 65.0 8.556925
563.4903 65.0 8.669082
531.6302 65.0 8.1789255
569.69995 65.0 8.764615
562.6804 65.0 8.656622
560.7901 65.0 8.62754
579.9604 65.0 8.922467
575.1003 65.0 8.847696
546.7504 65.0 8.411545
562.41 65.0 8.652461
568.88995 65.0 8.752153
586.4401 65.0 9.022156
556.2004 65.0 8.556929
585.89984 65.0 9.013844
539.4601 65.0 8.299386
571.32 65.0 8.789538
578.8798 65.0 8.905844
558.36005 65.0 8.590155
552.1497 65.0 8.494611
586.1699 65.0 9.017999
554.8499 65.0 8.536153
553.7699 66.0 8.390453
548.90967 66.0 8.316813
538.9199 66.0 8.165453
562.13995 66.0 8.517272
543.24 66.0 8.230909
538.9199 66.0 8.165453
532.4402 66.0 8.067276
514.6205 66.0 7.79728
539.46014 66.0 8.173638
562.1399 66.0 8.517271
547.8305 66.0 8.300462
551.0702 66.0 8.349548
546.2102 66.0 8.275912
543.7801 66.0 8.239092
546.2101 66.0 8.27591
542.97015 66.0 8.226821
534.60034 66.0 8.100005
556.2005 66.0 8.42728
526.2302 66.0 7.973185
544.32025 66.0 8.247276
539.1903 66.0 8.16955
562.6798 66.0 8.525452
569.9702 66.0 8.635912
540.5405 66.0 8.190008
549.45013 66.0 8.325002
543.7801 66.0 8.239092
561.0604 66.0 8.500916
546.4802 66.0 8.280004
553.5002 66.0 8.386367
553.49963 66.0 8.386358
562.95013 66.0 8.529548
541.3503 66.0 8.202277
551.8801 66.0 8.36182
569.7001 66.0 8.63182
555.12024 66.0 8.4109125
533.5202 66.0 8.083639
577.2602 66.0 8.7463665
556.2003 66.0 8.427278
553.5001 66.0 8.386366
522.4501 66.0 7.91591
559.71027 66.0 8.480458
535.13983 67.0 7.9871616
532.7102 67.0 7.9508986
544.5898 67.0 8.128205
511.65045 67.0 7.636574
546.7502 67.0 8.160451
484.10974 67.0 7.2255187
511.37976 67.0 7.6325336
539.1902 67.0 8.047615
547.0202 67.0 8.16448
532.98 67.0 7.954925
509.22037 67.0 7.600304
527.0403 67.0 7.866273
528.12024 67.0 7.8823915
520.5602 67.0 7.7695546
534.86993 67.0 7.983134
533.25 67.0 7.9589553
532.7101 67.0 7.950897
543.51013 67.0 8.112091
541.8902 67.0 8.0879135
544.05023 67.0 8.120152
562.95013 67.0 8.402241
530.82043 67.0 7.922693
523.5299 67.0 7.8138795
523.53 67.0 7.813881
516.5099 67.0 7.709103
541.6203 67.0 8.083885
556.7402 67.0 8.309555
525.9602 67.0 7.8501525
535.1403 67.0 7.9871693
533.51996 67.0 7.9629846
527.0401 67.0 7.86627
548.6401 67.0 8.188658
531.3604 67.0 7.9307528
508.95026 67.0 7.5962725
530.5504 67.0 7.9186625
544.32007 67.0 8.12418
515.16034 67.0 7.6889606
532.98016 67.0 7.9549274
538.92053 67.0 8.04359
526.2301 67.0 7.854181
563.76025 67.0 8.414332
517.3201 68.0 7.607649
513.5398 68.0 7.552056
548.1001 68.0 8.060295
525.42 68.0 7.726764
507.32986 68.0 7.4607334
497.87997 68.0 7.3217645
501.9301 68.0 7.3813252
512.4601 68.0 7.536178
494.10004 68.0 7.266177
514.62006 68.0 7.567942
544.3203 68.0 8.00471
536.4901 68.0 7.88956
511.1101 68.0 7.516325
534.8705 68.0 7.865742
506.7903 68.0 7.452799
527.5802 68.0 7.758532
529.2002 68.0 7.782356
534.60016 68.0 7.861767
525.6905 68.0 7.7307425
509.76013 68.0 7.4964724
503.82007 68.0 7.4091187
511.1102 68.0 7.5163264
478.9803 68.0 7.0438275
522.72003 68.0 7.687059
507.8698 68.0 7.4686737
505.1701 68.0 7.4289722
521.91003 68.0 7.675148
505.1699 68.0 7.428969
500.85034 68.0 7.365446
491.93994 68.0 7.234411
514.6204 68.0 7.5679474
503.28015 68.0 7.401179
527.85004 68.0 7.762501
504.36002 68.0 7.417059
534.8703 68.0 7.86574
516.24005 68.0 7.5917654
502.74023 68.0 7.3932385
553.2301 68.0 8.135736
527.5799 68.0 7.7585278
511.11026 68.0 7.5163274
541.88995 68.0 7.96897
528.9302 69.0 7.6656547
502.4704 69.0 7.28218
503.00998 69.0 7.2899995
494.36996 69.0 7.164782
484.65005 69.0 7.023914
498.4202 69.0 7.223481
504.0902 69.0 7.305655
506.5201 69.0 7.3408713
493.02002 69.0 7.145218
472.7699 69.0 6.8517375
525.96014 69.0 7.622611
477.09 69.0 6.9143476
509.76056 69.0 7.387834
471.6902 69.0 6.8360896
504.89975 69.0 7.3173876
497.34 69.0 7.207826
489.78006 69.0 7.098262
518.67017 69.0 7.5169587
498.95996 69.0 7.2313037
493.29013 69.0 7.1491323
513.27026 69.0 7.4386992
511.37994 69.0 7.4113035
512.46 69.0 7.4269567
514.0801 69.0 7.450436
495.72034 69.0 7.184353
514.89026 69.0 7.4621773
494.64026 69.0 7.1686993
503.82007 69.0 7.30174
476.55005 69.0 6.9065223
503.01035 69.0 7.290005
493.28992 69.0 7.1491294
500.85052 69.0 7.258703
511.91995 69.0 7.41913
513.8101 69.0 7.446523
513.54016 69.0 7.4426107
494.36984 69.0 7.16478
493.2901 69.0 7.149132
480.59982 69.0 6.9652147
496.80038 69.0 7.2000055
488.16 69.0 7.074783
503.28027 69.0 7.293917
473.84998 70.0 6.769285
470.88007 70.0 6.726858
511.65042 70.0 7.309292
484.9201 70.0 6.92743
503.28012 70.0 7.189716
503.8202 70.0 7.197431
487.08017 70.0 6.958288
490.8599 70.0 7.0122843
485.45996 70.0 6.9351425
486.00034 70.0 6.942862
480.32983 70.0 6.8618546
472.77008 70.0 6.753858
484.3802 70.0 6.919717
484.65024 70.0 6.923575
468.17978 70.0 6.6882825
505.71017 70.0 7.224431
470.8804 70.0 6.726863
498.41983 70.0 7.120283
475.7398 70.0 6.796283
505.44003 70.0 7.220572
477.0901 70.0 6.8155727
506.51987 70.0 7.235998
488.7002 70.0 6.9814315
480.33 70.0 6.861857
506.2504 70.0 7.2321486
476.28015 70.0 6.8040023
487.3499 70.0 6.9621415
493.83017 70.0 7.0547166
458.7301 70.0 6.553287
491.67038 70.0 7.0238624
511.65024 70.0 7.309289
510.8399 70.0 7.297713
511.37988 70.0 7.305427
486.54034 70.0 6.9505763
494.10028 70.0 7.0585756
487.35004 70.0 6.9621434
477.09003 70.0 6.815572
486.54004 70.0 6.950572
482.4903 70.0 6.8927183
491.94003 70.0 7.0277147
498.68997 70.0 7.1241426
475.74036 71.0 6.700568
446.85004 71.0 6.2936625
443.61 71.0 6.248028
491.94016 71.0 6.928735
471.42017 71.0 6.6397204
466.0201 71.0 6.5636635
489.77982 71.0 6.8983073
476.0101 71.0 6.7043676
456.29984 71.0 6.4267583
462.24023 71.0 6.510426
487.6201 71.0 6.8678885
483.30023 71.0 6.8070455
444.95996 71.0 6.2670417
498.42014 71.0 7.020002
468.45 71.0 6.5978875
473.31 71.0 6.666338
458.18988 71.0 6.4533787
470.06998 71.0 6.6207037
477.6299 71.0 6.727182
473.04 71.0 6.662535
471.14975 71.0 6.635912
468.99014 71.0 6.605495
465.21014 71.0 6.5522556
476.28006 71.0 6.70817
459.80997 71.0 6.476197
487.07965 71.0 6.8602767
482.4898 71.0 6.795631
488.42993 71.0 6.879295
452.52002 71.0 6.3735213
494.91022 71.0 6.9705663
452.25015 71.0 6.3697205
468.4502 71.0 6.59789
491.40015 71.0 6.9211287
483.30005 71.0 6.807043
459.81 71.0 6.4761972
461.97015 71.0 6.506622
471.9602 71.0 6.647327
462.50992 71.0 6.514224
481.95026 71.0 6.7880316
476.81995 71.0 6.715774
456.56976 71.0 6.43056
460.3501 72.0 6.393751
473.84995 72.0 6.581249
461.96973 72.0 6.4162464
440.10025 72.0 6.1125035
476.01007 72.0 6.611251
470.87982 72.0 6.5399976
439.28998 72.0 6.1012497
427.94977 72.0 5.9437466
454.94983 72.0 6.3187475
455.22012 72.0 6.3225017
462.2399 72.0 6.4199986
468.18008 72.0 6.502501
469.79965 72.0 6.5249953
446.85016 72.0 6.206252
457.1101 72.0 6.3487515
467.0999 72.0 6.4874988
465.47983 72.0 6.464998
466.56024 72.0 6.4800034
437.66986 72.0 6.078748
450.0901 72.0 6.251251
461.16013 72.0 6.4050016
466.56024 72.0 6.4800034
442.52988 72.0 6.1462483
460.62012 72.0 6.3975015
455.2202 72.0 6.322503
467.36993 72.0 6.491249
449.81985 72.0 6.247498
465.47998 72.0 6.4649997
449.8198 72.0 6.247497
462.7801 72.0 6.427501
444.41986 72.0 6.172498
446.30997 72.0 6.1987495
461.4298 72.0 6.408747
456.84006 72.0 6.3450007
457.9201 72.0 6.3600016
438.21005 72.0 6.086251
463.32013 72.0 6.435002
448.47037 72.0 6.228755
444.68994 72.0 6.176249
449.55017 72.0 6.2437525
453.06 72.0 6.2925
443.07025 73.0 6.0694556
437.67 73.0 5.9954796
417.1499 73.0 5.714382
444.14975 73.0 6.0842433
442.52988 73.0 6.062053
431.46 73.0 5.910411
424.43994 73.0 5.8142457
463.31998 73.0 6.346849
429.29984 73.0 5.88082
448.74005 73.0 6.147124
429.0303 73.0 5.8771276
417.96005 73.0 5.72548
435.5103 73.0 5.9658947
440.64014 73.0 6.036166
448.74 73.0 6.1471233
431.18988 73.0 5.9067106
451.43994 73.0 6.1841087
444.42014 73.0 6.087947
429.84018 73.0 5.8882217
459.8102 73.0 6.29877
443.88046 73.0 6.0805545
449.81995 73.0 6.161917
443.88013 73.0 6.0805497
443.88025 73.0 6.080551
419.3098 73.0 5.74397
439.56012 73.0 6.0213714
439.83 73.0 6.0250683
433.61984 73.0 5.9399977
430.92007 73.0 5.9030147
461.16022 73.0 6.317263
440.90976 73.0 6.03986
436.0498 73.0 5.973285
432.0001 73.0 5.9178095
463.3199 73.0 6.3468475
447.66006 73.0 6.1323295
426.3299 73.0 5.8401356
443.8801 73.0 6.0805492
446.31036 73.0 6.1138406
442.26 73.0 6.0583563
450.63013 73.0 6.1730156
417.68988 73.0 5.7217793
443.06982 74.0 5.98743
410.66998 74.0 5.5495944
437.12982 74.0 5.90716
427.6798 74.0 5.779457
444.95984 74.0 6.012971
427.95 74.0 5.783108
432.81018 74.0 5.8487864
441.9898 74.0 5.972835
402.29987 74.0 5.436485
432.0 74.0 5.8378377
430.91992 74.0 5.823242
456.3003 74.0 6.16622
409.05026 74.0 5.527706
433.35013 74.0 5.856083
432.54007 74.0 5.845136
428.75992 74.0 5.794053
441.99002 74.0 5.972838
425.7897 74.0 5.753915
432.81018 74.0 5.8487864
414.9899 74.0 5.6079717
430.6503 74.0 5.8195987
440.36996 74.0 5.9509454
401.4901 74.0 5.425542
421.46997 74.0 5.69554
416.06976 74.0 5.6225643
428.49 74.0 5.7904053
430.1101 74.0 5.812299
446.04 74.0 6.027568
408.23975 74.0 5.516753
416.34024 74.0 5.6262193
419.04034 74.0 5.6627073
427.13998 74.0 5.772162
438.21 74.0 5.9217567
426.32956 74.0 5.7612104
410.1299 74.0 5.542296
430.65 74.0 5.8195944
423.89984 74.0 5.7283764
442.26016 74.0 5.9764886
437.94 74.0 5.918108
444.14996 74.0 6.0020266
406.07993 74.0 5.4875665
419.8498 75.0 5.597997
420.93008 75.0 5.612401
410.39987 75.0 5.471998
412.55972 75.0 5.5007963
407.42984 75.0 5.432398
397.71 75.0 5.3027997
432.27036 75.0 5.7636046
434.42987 75.0 5.7923985
423.89972 75.0 5.651996
405.26978 75.0 5.403597
405.27 75.0 5.4035997
420.1201 75.0 5.601601
414.7201 75.0 5.529601
413.09995 75.0 5.5079994
406.8901 75.0 5.4252014
427.94995 75.0 5.7059994
418.50006 75.0 5.580001
393.65973 75.0 5.2487965
397.4399 75.0 5.2991986
400.4099 75.0 5.338799
399.33014 75.0 5.324402
410.67004 75.0 5.4756007
412.82986 75.0 5.5043983
423.36002 75.0 5.6448
404.99994 75.0 5.399999
412.0198 75.0 5.4935975
408.78 75.0 5.4504
398.51978 75.0 5.313597
413.9098 75.0 5.5187974
405.80957 75.0 5.4107943
411.21 75.0 5.4828
424.71017 75.0 5.662802
405.5399 75.0 5.4071984
402.02994 75.0 5.3603992
422.55008 75.0 5.6340013
414.9897 75.0 5.533196
393.38968 75.0 5.245196
407.42972 75.0 5.4323964
428.22018 75.0 5.7096024
437.13013 75.0 5.8284016
409.31976 75.0 5.457597
416.61008 76.0 5.4817114
420.66006 76.0 5.535001
412.0198 76.0 5.4213133
389.87985 76.0 5.129998
404.1899 76.0 5.3182883
399.33008 76.0 5.254343
378.53976 76.0 4.9807863
392.58002 76.0 5.1655264
382.85974 76.0 5.037628
382.04984 76.0 5.0269713
392.3101 76.0 5.161975
375.56992 76.0 4.9417095
403.1097 76.0 5.3040752
399.05984 76.0 5.2507873
399.59985 76.0 5.2578926
386.36975 76.0 5.0838127
407.96988 76.0 5.368025
411.75 76.0 5.417763
384.47983 76.0 5.058945
402.0299 76.0 5.2898674
387.71997 76.0 5.1015787
367.19977 76.0 4.831576
405.80997 76.0 5.339605
380.97012 76.0 5.012765
390.95978 76.0 5.1442075
399.87015 76.0 5.2614493
404.4599 76.0 5.321841
400.40997 76.0 5.2685523
376.9199 76.0 4.959472
381.24 76.0 5.0163155
363.6899 76.0 4.7853937
389.87973 76.0 5.1299963
404.72977 76.0 5.325392
398.2499 76.0 5.2401304
413.0997 76.0 5.4355226
391.23 76.0 5.1477633
397.43994 76.0 5.229473
408.50998 76.0 5.375131
393.39005 76.0 5.1761847
397.16983 76.0 5.225919
390.69 76.0 5.140658
393.38992 77.0 5.10896
391.2299 77.0 5.080908
374.4899 77.0 4.8635054
374.21994 77.0 4.859999
379.3501 77.0 4.926625
373.40997 77.0 4.84948
407.70007 77.0 5.294806
391.49976 77.0 5.0844126
386.63968 77.0 5.0212946
408.24005 77.0 5.301819
394.19992 77.0 5.1194797
368.8198 77.0 4.7898674
358.55984 77.0 4.6566215
377.18994 77.0 4.8985705
377.4598 77.0 4.9020753
385.01996 77.0 5.0002594
390.42032 77.0 5.0703936
380.69995 77.0 4.944155
368.54965 77.0 4.7863593
408.24 77.0 5.301818
388.79974 77.0 5.0493474
390.1499 77.0 5.0668817
382.04974 77.0 4.961685
386.3699 77.0 5.017791
366.11984 77.0 4.754803
402.8401 77.0 5.2316895
390.9599 77.0 5.077401
377.45987 77.0 4.9020762
393.11987 77.0 5.105453
377.18994 77.0 4.8985705
378.81006 77.0 4.919611
389.06982 77.0 5.052855
379.35007 77.0 4.9266243
373.9499 77.0 4.856492
369.62985 77.0 4.800388
388.25986 77.0 5.042336
369.09003 77.0 4.793377
355.59003 77.0 4.6180525
372.59995 77.0 4.83896
379.08 77.0 4.9231167
389.33978 77.0 5.0563607
366.89514 78.0 4.703784
377.16153 78.0 4.8354044
364.19333 78.0 4.669145
350.95483 78.0 4.499421
346.0917 78.0 4.437073
362.57224 78.0 4.648362
369.0566 78.0 4.731495
349.33377 78.0 4.478638
386.88788 78.0 4.960101
376.62167 78.0 4.828483
372.29834 78.0 4.7730556
375.54077 78.0 4.8146253
360.68112 78.0 4.624117
366.62473 78.0 4.700317
377.70184 78.0 4.8423314
374.18988 78.0 4.797306
363.6526 78.0 4.662213
355.81805 78.0 4.56177
380.94415 78.0 4.883899
348.79333 78.0 4.4717093
371.75803 78.0 4.7661285
383.91632 78.0 4.922004
372.29883 78.0 4.7730618
388.23856 78.0 4.9774175
392.29117 78.0 5.029374
387.158 78.0 4.963564
368.78613 78.0 4.7280273
386.07733 78.0 4.9497094
371.4879 78.0 4.7626657
363.92325 78.0 4.665683
365.00412 78.0 4.67954
349.60403 78.0 4.482103
369.3267 78.0 4.7349577
366.89496 78.0 4.7037816
369.05658 78.0 4.7314944
383.916 78.0 4.922
355.81808 78.0 4.5617704
363.38275 78.0 4.6587534
357.7093 78.0 4.5860167
379.05307 78.0 4.859655
360.14075 78.0 4.617189
362.87994 79.0 4.593417
338.04 79.0 4.2789874
385.2899 79.0 4.877087
358.56018 79.0 4.5387363
361.52957 79.0 4.5763235
339.9298 79.0 4.302909
358.56012 79.0 4.538736
356.1297 79.0 4.507971
357.47977 79.0 4.52506
352.88977 79.0 4.466959
352.88998 79.0 4.466962
341.27994 79.0 4.319999
336.68976 79.0 4.2618957
336.96 79.0 4.2653165
366.12 79.0 4.6344304
354.77997 79.0 4.4908857
354.2401 79.0 4.484052
349.6501 79.0 4.4259505
357.47992 79.0 4.525062
347.48993 79.0 4.398607
351.2699 79.0 4.4464545
357.47968 79.0 4.525059
339.66 79.0 4.299494
336.15 79.0 4.255063
363.95993 79.0 4.6070876
352.34998 79.0 4.4601264
322.6498 79.0 4.0841746
360.44983 79.0 4.562656
354.50995 79.0 4.487468
329.66977 79.0 4.173035
339.65988 79.0 4.2994924
366.65997 79.0 4.6412654
343.16965 79.0 4.3439198
350.99988 79.0 4.4430366
359.63992 79.0 4.552404
346.94998 79.0 4.391772
348.29977 79.0 4.408858
353.4298 79.0 4.473795
352.07986 79.0 4.456707
343.9798 79.0 4.3541746
345.3299 79.0 4.3712645
346.40994 80.0 4.3301244
337.49994 80.0 4.218749
353.15973 80.0 4.4144964
335.33984 80.0 4.191748
332.3697 80.0 4.154621
330.4798 80.0 4.1309977
332.09976 80.0 4.151247
325.3496 80.0 4.06687
328.0499 80.0 4.1006236
338.3099 80.0 4.2288737
329.12982 80.0 4.114123
332.90997 80.0 4.1613746
336.41983 80.0 4.205248
338.04 80.0 4.2255
332.91 80.0 4.161375
315.35983 80.0 3.9419978
341.54984 80.0 4.269373
331.28992 80.0 4.141124
335.3398 80.0 4.1917477
337.50003 80.0 4.2187505
345.59982 80.0 4.319998
327.23984 80.0 4.090498
352.34982 80.0 4.4043727
332.36972 80.0 4.1546216
333.71997 80.0 4.1714997
339.3897 80.0 4.2423716
332.36987 80.0 4.1546235
348.02985 80.0 4.3503733
338.30988 80.0 4.2288733
320.48953 80.0 4.0061193
331.8297 80.0 4.1478715
336.96 80.0 4.212
337.23004 80.0 4.2153754
339.11975 80.0 4.238997
325.89 80.0 4.073625
341.00995 80.0 4.2626243
335.34 80.0 4.19175
332.09995 80.0 4.1512494
336.41986 80.0 4.2052484
336.14996 80.0 4.2018747
339.65988 80.0 4.2457485
332.6398 81.0 4.106664
325.88986 81.0 4.0233316
323.1899 81.0 3.989999
324.53986 81.0 4.0066648
338.30966 81.0 4.1766624
323.99988 81.0 3.9999986
335.60977 81.0 4.1433306
319.94995 81.0 3.9499993
324.80994 81.0 4.0099993
329.12997 81.0 4.063333
323.18994 81.0 3.9899993
329.94006 81.0 4.073334
298.61993 81.0 3.6866658
333.44992 81.0 4.116666
337.49966 81.0 4.1666627
326.16006 81.0 4.0266676
324.80975 81.0 4.009997
320.4898 81.0 3.9566643
312.92972 81.0 3.86333
325.34976 81.0 4.0166636
325.88998 81.0 4.023333
305.36993 81.0 3.769999
314.54996 81.0 3.8833327
298.0799 81.0 3.6799989
337.22983 81.0 4.163331
329.66977 81.0 4.0699973
285.93008 81.0 3.530001
324.27 81.0 4.003333
335.33963 81.0 4.1399956
312.11996 81.0 3.853333
330.47968 81.0 4.079996
336.69003 81.0 4.156667
315.62985 81.0 3.8966649
307.52985 81.0 3.7966647
314.27982 81.0 3.8799977
320.21976 81.0 3.9533303
319.6799 81.0 3.9466655
321.29993 81.0 3.9666657
301.86008 81.0 3.7266676
323.7298 81.0 3.996664
327.23987 81.0 4.0399985
308.87994 82.0 3.7668285
318.06 82.0 3.8787804
316.9797 82.0 3.8656063
305.6398 82.0 3.7273145
304.2898 82.0 3.7108512
315.08994 82.0 3.84256
311.30984 82.0 3.7964613
299.69986 82.0 3.6548765
304.01993 82.0 3.70756
313.19986 82.0 3.8195105
288.35983 82.0 3.5165832
297.53998 82.0 3.6285365
305.90985 82.0 3.730608
316.43988 82.0 3.859023
301.0497 82.0 3.671338
314.00986 82.0 3.8293886
303.20987 82.0 3.6976812
319.13995 82.0 3.8919506
312.92978 82.0 3.8162167
335.3398 82.0 4.08951
301.31995 82.0 3.6746335
309.96 82.0 3.7799997
301.05005 82.0 3.6713421
306.98993 82.0 3.7437797
306.17987 82.0 3.7339008
295.91977 82.0 3.6087778
288.35977 82.0 3.5165827
298.88986 82.0 3.6449983
298.88986 82.0 3.6449983
300.78003 82.0 3.668049
309.9598 82.0 3.7799978
329.9397 82.0 4.023655
304.02023 82.0 3.7075636
293.48965 82.0 3.579142
318.5999 82.0 3.8853648
303.7498 82.0 3.7042656
298.34973 82.0 3.6384113
298.34985 82.0 3.638413
308.33987 82.0 3.7602422
288.3599 82.0 3.516584
297.54004 82.0 3.6285372
283.76984 83.0 3.4189138
288.6297 83.0 3.477466
300.5099 83.0 3.620601
292.6799 83.0 3.5262637
295.1099 83.0 3.555541
289.70987 83.0 3.4904802
285.92972 83.0 3.4449365
319.68 83.0 3.8515663
296.99973 83.0 3.5783098
276.47974 83.0 3.3310812
288.62997 83.0 3.4774694
301.58987 83.0 3.633613
287.00977 83.0 3.457949
282.96014 83.0 3.4091582
294.02975 83.0 3.5425272
303.74997 83.0 3.6596382
286.46964 83.0 3.4514413
282.69 83.0 3.4059038
287.81995 83.0 3.4677103
297.53983 83.0 3.5848172
301.58987 83.0 3.6336129
279.1799 83.0 3.3636131
293.22003 83.0 3.5327716
299.15994 83.0 3.6043365
287.55005 83.0 3.4644585
294.02963 83.0 3.5425255
285.65976 83.0 3.441684
301.58972 83.0 3.6336112
292.40994 83.0 3.5230112
294.83975 83.0 3.5522861
288.08975 83.0 3.4709609
262.16977 83.0 3.158672
283.76965 83.0 3.4189115
296.46 83.0 3.5718071
287.00995 83.0 3.457951
275.39993 83.0 3.3180714
296.99973 83.0 3.57831
288.89987 83.0 3.4807215
293.21973 83.0 3.5327678
299.42984 83.0 3.6075883
287.81976 83.0 3.4677079
284.84976 84.0 3.3910687
272.97003 84.0 3.249643
287.81998 84.0 3.4264283
273.50995 84.0 3.2560709
284.84995 84.0 3.3910706
261.08987 84.0 3.108213
284.5799 84.0 3.387856
273.7796 84.0 3.2592812
278.09998 84.0 3.310714
274.85965 84.0 3.2721388
287.27975 84.0 3.4199972
259.73996 84.0 3.0921423
273.23987 84.0 3.2528555
260.54993 84.0 3.101785
270.2699 84.0 3.2174988
269.1899 84.0 3.2046418
272.4298 84.0 3.243212
282.41977 84.0 3.36214
250.82993 84.0 2.9860706
250.82996 84.0 2.9860709
277.5597 84.0 3.304282
275.67 84.0 3.281786
280.25977 84.0 3.3364258
268.91995 84.0 3.2014282
265.67993 84.0 3.1628563
277.55984 84.0 3.3042839
245.15987 84.0 2.9185698
259.46988 84.0 3.0889273
270.8099 84.0 3.2239275
271.07993 84.0 3.2271419
271.07953 84.0 3.2271373
290.52005 84.0 3.458572
270.8098 84.0 3.2239265
257.84985 84.0 3.069641
267.02988 84.0 3.178927
275.66983 84.0 3.2817838
265.6797 84.0 3.1628535
269.99988 84.0 3.2142842
283.76968 84.0 3.3782105
275.12982 84.0 3.275355
281.33978 84.0 3.3492832
243.80994 85.0 2.8683522
255.14984 85.0 3.0017629
264.06 85.0 3.1065881
261.0899 85.0 3.071646
259.4698 85.0 3.0525856
241.9199 85.0 2.8461165
262.43997 85.0 3.0875292
257.57983 85.0 3.0303512
254.60986 85.0 2.9954102
258.92996 85.0 3.0462348
272.15985 85.0 3.2018807
245.15979 85.0 2.8842328
263.24985 85.0 3.0970569
272.69995 85.0 3.2082348
261.8998 85.0 3.0811741
264.59982 85.0 3.1129391
256.7698 85.0 3.020821
271.3499 85.0 3.192352
251.36984 85.0 2.9572923
256.76974 85.0 3.0208206
263.24973 85.0 3.0970557
249.20996 85.0 2.931882
251.09985 85.0 2.9541159
256.76993 85.0 3.0208225
271.34976 85.0 3.1923501
258.65988 85.0 3.0430574
242.18988 85.0 2.8492928
252.98979 85.0 2.9763505
243.53972 85.0 2.865173
262.1696 85.0 3.0843482
251.63986 85.0 2.960469
279.98978 85.0 3.2939973
258.11996 85.0 3.0367055
240.83989 85.0 2.8334105
259.19986 85.0 3.04941
269.4598 85.0 3.1701152
262.43994 85.0 3.0875287
262.97986 85.0 3.0938807
243.53978 85.0 2.8651738
257.30975 85.0 3.0271735
250.28986 85.0 2.9445865
249.47981 86.0 2.900928
245.42973 86.0 2.8538342
252.44983 86.0 2.9354632
240.0298 86.0 2.7910442
233.54991 86.0 2.7156966
256.49982 86.0 2.9825559
240.5699 86.0 2.7973244
245.15984 86.0 2.8506958
242.18982 86.0 2.8161607
246.77998 86.0 2.8695347
247.31992 86.0 2.875813
245.69987 86.0 2.8569753
247.85974 86.0 2.88209
250.01984 86.0 2.9072075
239.48993 86.0 2.7847667
223.28989 86.0 2.596394
243.80998 86.0 2.8349998
237.59993 86.0 2.76279
259.73975 86.0 3.0202296
242.4599 86.0 2.8193011
235.97993 86.0 2.7439528
232.46986 86.0 2.7031379
252.17978 86.0 2.932323
249.74986 86.0 2.9040682
245.15976 86.0 2.850695
242.99985 86.0 2.8255796
242.45973 86.0 2.8192992
245.15982 86.0 2.8506956
239.48987 86.0 2.784766
227.3399 86.0 2.6434872
244.3499 86.0 2.8412778
232.73999 86.0 2.706279
250.55994 86.0 2.9134877
240.29982 86.0 2.794184
242.45972 86.0 2.819299
251.36975 86.0 2.922904
238.67989 86.0 2.7753475
225.98988 86.0 2.6277893
242.45985 86.0 2.8193007
238.13991 86.0 2.7690687
238.41 86.0 2.7722094
227.33983 87.0 2.6131015
221.3998 87.0 2.5448253
226.79982 87.0 2.6068945
225.71982 87.0 2.5944808
221.67001 87.0 2.5479312
234.35966 87.0 2.6937892
231.6598 87.0 2.6627564
227.8799 87.0 2.6193092
229.49994 87.0 2.6379304
247.3198 87.0 2.8427563
223.55983 87.0 2.5696533
238.94997 87.0 2.7465513
219.77997 87.0 2.5262065
224.36983 87.0 2.5789635
225.44983 87.0 2.5913773
221.1299 87.0 2.541723
217.61989 87.0 2.501378
225.17996 87.0 2.5882754
237.32982 87.0 2.7279289
227.06984 87.0 2.6099982
227.06989 87.0 2.6099987
228.95985 87.0 2.6317225
230.84985 87.0 2.6534467
218.9699 87.0 2.5168953
225.71997 87.0 2.5944824
241.1099 87.0 2.771378
222.47987 87.0 2.55724
222.74992 87.0 2.560344
219.77997 87.0 2.5262065
228.15002 87.0 2.622414
235.16997 87.0 2.703103
223.82983 87.0 2.5727568
234.35991 87.0 2.693792
228.68993 87.0 2.62862
234.35997 87.0 2.6937928
224.63988 87.0 2.5820675
230.30989 87.0 2.6472402
224.90991 87.0 2.5851715
227.06998 87.0 2.6099997
234.62994 87.0 2.6968958
234.08989 87.0 2.6906884
207.35991 88.0 2.3563626
205.74002 88.0 2.3379548
199.52994 88.0 2.2673857
221.39995 88.0 2.5159085
207.3599 88.0 2.3563623
216.53984 88.0 2.46068
214.64995 88.0 2.439204
211.14005 88.0 2.3993187
210.05995 88.0 2.387045
217.88992 88.0 2.4760218
214.3798 88.0 2.436134
210.32991 88.0 2.3901126
212.48987 88.0 2.4146576
201.14998 88.0 2.2857952
216.26984 88.0 2.4576118
196.82994 88.0 2.2367039
206.5499 88.0 2.347158
212.21986 88.0 2.4115894
213.0299 88.0 2.4207945
216.5398 88.0 2.4606795
219.23988 88.0 2.4913623
208.97987 88.0 2.3747714
217.61989 88.0 2.4729533
205.73993 88.0 2.3379538
217.61998 88.0 2.4729543
214.37991 88.0 2.4361353
202.49997 88.0 2.301136
201.14993 88.0 2.2857947
216.80984 88.0 2.4637482
211.40988 88.0 2.402385
214.91986 88.0 2.4422712
207.35992 88.0 2.3563628
206.01 88.0 2.3410227
196.55998 88.0 2.2336361
208.98003 88.0 2.374773
209.51994 88.0 2.3809085
216.81 88.0 2.46375
200.87996 88.0 2.2827268
219.50995 88.0 2.4944313
205.7399 88.0 2.3379533
210.8699 88.0 2.3962488
196.56 89.0 2.2085392
190.07991 89.0 2.1357293
197.63988 89.0 2.2206728
195.74988 89.0 2.199437
189.80998 89.0 2.1326964
187.91992 89.0 2.1114597
191.96988 89.0 2.156965
182.24998 89.0 2.0477526
199.52997 89.0 2.2419097
194.6699 89.0 2.1873024
193.59 89.0 2.1751685
191.15993 89.0 2.1478643
190.88995 89.0 2.144831
191.96992 89.0 2.1569655
181.70998 89.0 2.041685
196.8299 89.0 2.211572
205.47 89.0 2.3086517
180.63 89.0 2.0295506
189.26988 89.0 2.126628
190.88994 89.0 2.1448307
193.58998 89.0 2.1751683
186.56996 89.0 2.0962918
197.09984 89.0 2.2146049
188.45988 89.0 2.1175268
197.63997 89.0 2.2206738
198.18002 89.0 2.2267418
186.83994 89.0 2.0993252
194.13 89.0 2.181236
203.03995 89.0 2.2813478
203.85002 89.0 2.2904496
186.30003 89.0 2.0932589
190.88995 89.0 2.144831
199.52995 89.0 2.2419095
185.21997 89.0 2.0811234
182.2499 89.0 2.0477517
196.55994 89.0 2.2085385
202.7699 89.0 2.2783134
197.37 89.0 2.2176404
204.65996 89.0 2.29955
192.51 89.0 2.1630337
196.56001 89.0 2.2085395
166.86005 90.0 1.8540006
167.93994 90.0 1.8659993
178.46992 90.0 1.9829991
185.21999 90.0 2.0579998
176.31001 90.0 1.9590001
183.87003 90.0 2.0430002
173.87988 90.0 1.9319987
179.55002 90.0 1.9950002
181.97997 90.0 2.0219996
169.55995 90.0 1.8839995
181.97997 90.0 2.0219996
167.12999 90.0 1.8569999
181.16985 90.0 2.0129983
170.63997 90.0 1.8959997
180.35995 90.0 2.0039995
177.11998 90.0 1.9679998
181.98001 90.0 2.022
171.98997 90.0 1.9109998
176.57991 90.0 1.961999
180.35995 90.0 2.0039995
180.35992 90.0 2.0039992
176.30998 90.0 1.9589999
171.72 90.0 1.908
170.36998 90.0 1.8929998
170.09998 90.0 1.8899997
185.21999 90.0 2.0579998
179.81999 90.0 1.9979999
180.08997 90.0 2.0009997
180.90002 90.0 2.0100002
180.89998 90.0 2.0099998
166.58994 90.0 1.8509994
183.59993 90.0 2.0399992
185.76007 90.0 2.0640008
176.03995 90.0 1.9559995
174.41994 90.0 1.9379992
178.73999 90.0 1.986
173.87996 90.0 1.9319996
177.38994 90.0 1.9709994
181.16995 90.0 2.0129995
190.07997 90.0 2.1119998
176.31003 90.0 1.9590002
