133.92 1.0 133.92
131.76 1.0 131.76
131.76 1.0 131.76
131.48999 1.0 131.48999
130.94998 1.0 130.94998
130.95 1.0 130.95
130.41 1.0 130.41
131.76001 1.0 131.76001
129.87 1.0 129.87
132.56999 1.0 132.56999
133.38 1.0 133.38
133.65 1.0 133.65
128.79 1.0 128.79
130.41 1.0 130.41
131.48999 1.0 131.48999
131.76 1.0 131.76
130.95 1.0 130.95
130.68 1.0 130.68
130.95 1.0 130.95
131.22 1.0 131.22
131.75998 1.0 131.75998
132.03 1.0 132.03
131.49 1.0 131.49
133.11 1.0 133.11
131.49 1.0 131.49
128.78998 1.0 128.78998
129.32999 1.0 129.32999
132.03 1.0 132.03
133.92001 1.0 133.92001
131.22 1.0 131.22
134.18999 1.0 134.18999
131.49 1.0 131.49
131.48999 1.0 131.48999
131.76 1.0 131.76
131.22 1.0 131.22
132.29999 1.0 132.29999
133.37999 1.0 133.37999
128.24998 1.0 128.24998
131.76 1.0 131.76
132.57 1.0 132.57
130.14 1.0 130.14
262.17004 2.0 131.08502
260.28003 2.0 130.14001
266.49005 2.0 133.24503
264.33002 2.0 132.16501
266.22003 2.0 133.11002
264.06 2.0 132.03
263.25003 2.0 131.62502
262.98004 2.0 131.49002
263.25003 2.0 131.62502
260.82 2.0 130.41
261.9 2.0 130.95
257.04 2.0 128.52
263.25003 2.0 131.62502
262.98 2.0 131.49
261.36002 2.0 130.68001
261.09003 2.0 130.54501
258.93005 2.0 129.46503
262.17 2.0 131.085
260.82 2.0 130.41
265.68002 2.0 132.84001
260.28006 2.0 130.14003
264.33002 2.0 132.16501
262.17 2.0 131.085
262.98 2.0 131.49
264.06 2.0 132.03
261.09 2.0 130.545
265.14 2.0 132.57
263.25 2.0 131.625
261.63004 2.0 130.81502
262.71002 2.0 131.35501
261.90002 2.0 130.95001
264.87003 2.0 132.43501
264.60004 2.0 132.30002
260.55005 2.0 130.27502
263.25 2.0 131.625
262.44003 2.0 131.22002
262.71005 2.0 131.35503
265.95 2.0 132.975
262.71002 2.0 131.35501
262.44 2.0 131.22
264.60004 2.0 132.30002
393.3901 3.0 131.13004
395.55002 3.0 131.85
396.09003 3.0 132.03001
391.77008 3.0 130.59003
397.16998 3.0 132.39
390.69003 3.0 130.23001
393.6601 3.0 131.22003
398.52002 3.0 132.84001
395.82007 3.0 131.94002
390.69012 3.0 130.23004
395.55005 3.0 131.85002
396.63007 3.0 132.21002
395.01004 3.0 131.67001
392.58005 3.0 130.86002
394.47006 3.0 131.49002
393.12003 3.0 131.04001
390.96008 3.0 130.32002
393.93005 3.0 131.31001
395.82 3.0 131.94
391.77002 3.0 130.59001
393.39 3.0 131.13
394.47006 3.0 131.49002
396.90005 3.0 132.30002
389.61008 3.0 129.87003
395.55005 3.0 131.85002
391.23 3.0 130.41
398.25006 3.0 132.75002
395.01004 3.0 131.67001
397.44003 3.0 132.48001
395.01007 3.0 131.67003
393.39008 3.0 131.13002
396.36005 3.0 132.12001
399.33005 3.0 133.11002
393.39008 3.0 131.13002
396.90005 3.0 132.30002
393.6601 3.0 131.22003
395.01004 3.0 131.67001
394.2 3.0 131.40001
396.90002 3.0 132.3
394.47003 3.0 131.49
395.82 3.0 131.94
528.12 4.0 132.03
525.42 4.0 131.355
529.19995 4.0 132.29999
524.34 4.0 131.085
524.88 4.0 131.22
525.9601 4.0 131.49002
522.4501 4.0 130.61252
524.88 4.0 131.22
524.06995 4.0 131.01749
531.09 4.0 132.7725
528.12006 4.0 132.03001
528.12 4.0 132.03
527.31 4.0 131.8275
524.61 4.0 131.1525
526.5 4.0 131.625
525.1501 4.0 131.28752
527.58 4.0 131.895
525.69006 4.0 131.42252
523.5299 4.0 130.88248
527.04004 4.0 131.76001
525.95996 4.0 131.48999
524.88 4.0 131.22
528.66 4.0 132.165
524.34 4.0 131.085
522.4501 4.0 130.61252
524.3399 4.0 131.08498
528.12006 4.0 132.03001
532.71 4.0 133.1775
524.61 4.0 131.1525
527.58 4.0 131.895
525.15 4.0 131.2875
522.18005 4.0 130.54501
530.82007 4.0 132.70502
525.42 4.0 131.355
530.0101 4.0 132.50252
525.9601 4.0 131.49002
528.6601 4.0 132.16502
525.42004 4.0 131.35501
523.8 4.0 130.95
527.31 4.0 131.8275
531.36 4.0 132.84
660.42004 5.0 132.08401
651.2399 5.0 130.24799
655.02 5.0 131.004
658.26 5.0 131.65201
653.4 5.0 130.68001
660.1501 5.0 132.03001
659.6099 5.0 131.92198
654.48004 5.0 130.89601
659.88 5.0 131.976
653.9401 5.0 130.78802
655.02 5.0 131.004
656.0999 5.0 131.21999
655.56 5.0 131.112
652.32007 5.0 130.46402
654.7499 5.0 130.94998
661.7699 5.0 132.35397
656.64 5.0 131.328
656.36993 5.0 131.27399
654.48 5.0 130.896
655.2899 5.0 131.05798
657.17993 5.0 131.43599
657.4499 5.0 131.48997
658.7999 5.0 131.75998
649.3499 5.0 129.86998
657.99 5.0 131.59799
655.02 5.0 131.004
658.8 5.0 131.76
655.55994 5.0 131.11198
657.72 5.0 131.54399
655.29 5.0 131.058
657.17993 5.0 131.43599
655.02 5.0 131.004
661.22986 5.0 132.24597
659.0699 5.0 131.81398
656.0999 5.0 131.21999
657.71985 5.0 131.54398
655.29004 5.0 131.05801
657.17993 5.0 131.43599
653.93994 5.0 130.788
658.2599 5.0 131.65198
659.8799 5.0 131.97598
791.6399 6.0 131.93999
785.69995 6.0 130.95
787.5899 6.0 131.26498
790.82996 6.0 131.805
788.9398 6.0 131.48997
785.4298 6.0 130.90497
784.8899 6.0 130.81499
787.31995 6.0 131.21999
790.82983 6.0 131.80498
786.51 6.0 131.085
788.6699 6.0 131.44499
787.58984 6.0 131.26497
787.0499 6.0 131.17499
790.29 6.0 131.715
785.4298 6.0 130.90497
785.6999 6.0 130.94998
789.20996 6.0 131.53499
789.21 6.0 131.535
786.51 6.0 131.085
786.23987 6.0 131.03998
791.10004 6.0 131.85
789.20996 6.0 131.53499
787.04974 6.0 131.17496
789.47986 6.0 131.57997
794.60986 6.0 132.43498
790.5599 6.0 131.75998
783.5399 6.0 130.58998
785.96985 6.0 130.99498
785.16003 6.0 130.86
785.16003 6.0 130.86
791.1 6.0 131.84999
788.12976 6.0 131.35497
782.7299 6.0 130.45499
788.9401 6.0 131.49002
779.76 6.0 129.96
780.30005 6.0 130.05
784.34985 6.0 130.72498
783.2698 6.0 130.54497
788.6699 6.0 131.44499
784.07996 6.0 130.68
782.19006 6.0 130.365
916.9199 7.0 130.98856
923.6699 7.0 131.95285
923.1298 7.0 131.87569
918.0 7.0 131.14285
914.75977 7.0 130.67996
917.99976 7.0 131.14282
923.66974 7.0 131.95282
917.72986 7.0 131.10426
923.3999 7.0 131.91428
917.1897 7.0 131.0271
916.9197 7.0 130.98853
919.61975 7.0 131.37425
919.6199 7.0 131.37427
917.72974 7.0 131.10425
911.78986 7.0 130.25569
919.34985 7.0 131.3357
917.1898 7.0 131.02711
919.6199 7.0 131.37427
919.6199 7.0 131.37427
916.9197 7.0 130.98853
919.6199 7.0 131.37427
919.07983 7.0 131.29712
916.6499 7.0 130.94998
917.1897 7.0 131.0271
916.91956 7.0 130.98851
916.9197 7.0 130.98853
923.1298 7.0 131.87569
916.37964 7.0 130.91138
917.99963 7.0 131.1428
919.61975 7.0 131.37425
915.83984 7.0 130.83426
920.42993 7.0 131.48999
915.3 7.0 130.75714
918.80994 7.0 131.25856
922.3198 7.0 131.75998
919.0801 7.0 131.29715
925.5599 7.0 132.22284
919.61975 7.0 131.37425
915.5698 7.0 130.79568
919.6196 7.0 131.37424
909.8999 7.0 129.9857
1045.1698 8.0 130.64622
1045.9796 8.0 130.74745
1049.7598 8.0 131.21997
1051.9197 8.0 131.48996
1051.6497 8.0 131.4562
1044.3597 8.0 130.54497
1051.3796 8.0 131.42245
1044.6296 8.0 130.5787
1048.4095 8.0 131.0512
1048.4099 8.0 131.05124
1046.5198 8.0 130.81497
1050.8397 8.0 131.35497
1045.4397 8.0 130.67996
1049.4899 8.0 131.18623
1046.5197 8.0 130.81496
1052.7294 8.0 131.59117
1050.2996 8.0 131.28745
1050.5696 8.0 131.3212
1044.8997 8.0 130.61246
1045.9795 8.0 130.74744
1045.9799 8.0 130.74748
1049.4895 8.0 131.18619
1037.3401 8.0 129.66751
1051.9198 8.0 131.48997
1050.0295 8.0 131.2537
1055.4296 8.0 131.9287
1048.4099 8.0 131.05124
1048.1399 8.0 131.01749
1048.9496 8.0 131.1187
1053.8096 8.0 131.7262
1043.82 8.0 130.4775
1047.5996 8.0 130.94995
1046.2498 8.0 130.78122
1047.5994 8.0 130.94992
1048.4095 8.0 131.0512
1052.9998 8.0 131.62497
1048.4095 8.0 131.0512
1052.1898 8.0 131.52373
1042.4695 8.0 130.30869
1043.5496 8.0 130.4437
1047.8699 8.0 130.98373
933.38983 9.0 103.709984
916.10974 9.0 101.78997
1003.5897 9.0 111.50997
1002.77954 9.0 111.41995
1061.6396 9.0 117.95996
1082.9697 9.0 120.32997
1112.3994 9.0 123.59994
1040.0399 9.0 115.55999
988.1997 9.0 109.799965
973.61975 9.0 108.17997
1027.08 9.0 114.119995
1018.43964 9.0 113.15996
1035.9897 9.0 115.10997
996.02954 9.0 110.66995
1011.95966 9.0 112.439964
932.8498 9.0 103.64998
992.78986 9.0 110.30998
958.5 9.0 106.5
1068.9299 9.0 118.76999
1078.9197 9.0 119.87996
1100.5195 9.0 122.279945
1006.0197 9.0 111.77997
1011.95953 9.0 112.43995
1038.1495 9.0 115.349945
1089.7198 9.0 121.07998
1091.3396 9.0 121.25995
1057.5897 9.0 117.509964
991.43994 9.0 110.159996
991.70953 9.0 110.18995
966.8698 9.0 107.42998
1028.1595 9.0 114.23995
1071.6298 9.0 119.06998
1030.8597 9.0 114.53997
1037.6097 9.0 115.28997
962.2799 9.0 106.91999
1029.5098 9.0 114.38998
1055.9697 9.0 117.32997
1088.6394 9.0 120.95994
1033.0197 9.0 114.77996
1093.7698 9.0 121.52997
1052.9998 9.0 116.99998
984.6897 10.0 98.46897
983.87964 10.0 98.38796
1030.5898 10.0 103.05899
1060.8296 10.0 106.08296
1007.3701 10.0 100.737015
940.40985 10.0 94.040985
952.56006 10.0 95.256004
1008.1797 10.0 100.81797
986.5795 10.0 98.65795
966.32947 10.0 96.63295
955.53 10.0 95.553
940.68 10.0 94.068
908.54956 10.0 90.85496
890.72974 10.0 89.072975
907.4698 10.0 90.74698
966.32983 10.0 96.63298
990.35986 10.0 99.03599
1064.8799 10.0 106.48799
1089.4496 10.0 108.94496
1081.6194 10.0 108.161934
1089.9899 10.0 108.998985
1022.21985 10.0 102.221985
984.6899 10.0 98.46899
959.03986 10.0 95.903984
1053.2694 10.0 105.32694
1036.7999 10.0 103.67999
1092.1495 10.0 109.21495
1094.31 10.0 109.431
1086.48 10.0 108.647995
1118.6095 10.0 111.860954
1080.2697 10.0 108.02696
1050.8401 10.0 105.08401
1012.2296 10.0 101.22296
1060.5596 10.0 106.055954
1049.2201 10.0 104.922005
1028.4299 10.0 102.84299
1008.44977 10.0 100.84498
980.09973 10.0 98.00997
999.53955 10.0 99.95396
994.9499 10.0 99.49499
1039.4998 10.0 103.94998
894.77985 11.0 81.34362
990.8999 11.0 90.08181
998.45996 11.0 90.76909
998.73 11.0 90.79363
987.66003 11.0 89.78728
1015.7396 11.0 92.339966
1039.7698 11.0 94.52452
954.99005 11.0 86.817276
1040.8496 11.0 94.62269
1032.4797 11.0 93.86179
1037.8795 11.0 94.352684
1002.7798 11.0 91.1618
989.5497 11.0 89.95906
1003.5902 11.0 91.23547
1062.1796 11.0 96.56178
1088.0994 11.0 98.91813
1053.8097 11.0 95.80088
1010.06976 11.0 91.824524
955.7996 11.0 86.89088
957.96 11.0 87.08727
961.4699 11.0 87.40636
949.86 11.0 86.35091
994.41016 11.0 90.400925
952.8297 11.0 86.62088
926.0999 11.0 84.1909
925.5598 11.0 84.1418
963.62976 11.0 87.60271
984.4201 11.0 89.49274
1016.5499 11.0 92.41363
970.91986 11.0 88.26544
1008.71985 11.0 91.701805
979.5596 11.0 89.05087
989.5499 11.0 89.95908
1007.36993 11.0 91.57909
1023.2995 11.0 93.02723
1070.28 11.0 97.29818
1092.69 11.0 99.33545
1022.21936 11.0 92.92903
1005.7498 11.0 91.4318
960.9299 11.0 87.35726
943.10986 11.0 85.73726
968.2201 12.0 80.685005
1008.71985 12.0 84.05999
1022.48987 12.0 85.20749
988.4696 12.0 82.37247
929.07 12.0 77.4225
974.97015 12.0 81.24751
1030.8594 12.0 85.90495
978.4799 12.0 81.53999
947.1597 12.0 78.92998
993.0598 12.0 82.75498
1008.1796 12.0 84.01497
1016.27985 12.0 84.68999
1020.6001 12.0 85.05001
1018.4404 12.0 84.87003
996.0299 12.0 83.002495
930.15027 12.0 77.51252
878.0399 12.0 73.16999
969.30005 12.0 80.775
1021.9499 12.0 85.16249
1045.98 12.0 87.16499
1074.8699 12.0 89.572495
1068.3894 12.0 89.032455
970.9198 12.0 80.90998
944.99976 12.0 78.74998
993.6 12.0 82.799995
925.0199 12.0 77.08499
898.0197 12.0 74.83498
879.92993 12.0 73.32749
904.77 12.0 75.3975
975.50995 12.0 81.292496
1000.3497 12.0 83.36247
1037.0696 12.0 86.42247
1041.1199 12.0 86.75999
1074.8702 12.0 89.57252
1057.3196 12.0 88.10996
1007.6399 12.0 83.96999
995.2201 12.0 82.935005
1007.9097 12.0 83.99248
996.8397 12.0 83.06998
993.33014 12.0 82.77751
996.30005 12.0 83.025
915.83984 13.0 70.44922
960.92975 13.0 73.91767
931.5003 13.0 71.65387
993.32983 13.0 76.40999
1022.76025 13.0 78.67387
1041.6599 13.0 80.127686
944.9997 13.0 72.69228
903.69006 13.0 69.51462
916.38007 13.0 70.490776
972.5401 13.0 74.810776
971.72974 13.0 74.74844
973.3502 13.0 74.87309
900.7199 13.0 69.28615
883.1702 13.0 67.93617
899.09985 13.0 69.16153
1006.2898 13.0 77.406906
1012.49945 13.0 77.884575
1032.2097 13.0 79.40075
1016.01 13.0 78.15462
901.80005 13.0 69.36923
886.94995 13.0 68.22692
916.1103 13.0 70.470024
962.8201 13.0 74.06309
990.0898 13.0 76.16075
983.3399 13.0 75.64153
1026.54 13.0 78.964615
986.5799 13.0 75.89076
972.5403 13.0 74.81079
1027.3497 13.0 79.0269
1026.81 13.0 78.98539
939.5999 13.0 72.27692
1000.61993 13.0 76.970764
1060.8298 13.0 81.602295
1038.4197 13.0 79.87843
1018.44006 13.0 78.341545
995.2195 13.0 76.55534
1024.9202 13.0 78.84001
971.1901 13.0 74.70693
933.9302 13.0 71.84078
899.3699 13.0 69.1823
874.79987 13.0 67.2923
961.47003 14.0 68.67643
953.64 14.0 68.11714
914.2202 14.0 65.301445
910.44037 14.0 65.031456
917.46 14.0 65.53286
917.73004 14.0 65.55215
910.4402 14.0 65.03144
976.0499 14.0 69.71785
980.3701 14.0 70.026436
946.89014 14.0 67.63501
992.2503 14.0 70.87502
1048.14 14.0 74.86714
1059.4797 14.0 75.677124
996.3002 14.0 71.1643
943.1101 14.0 67.365005
892.8899 14.0 63.777847
930.1499 14.0 66.43928
953.10004 14.0 68.078575
1086.4795 14.0 77.60568
1088.0999 14.0 77.72142
1001.6998 14.0 71.54999
1022.49036 14.0 73.03503
1011.1498 14.0 72.22498
1080.5397 14.0 77.181404
990.0901 14.0 70.72072
930.1498 14.0 66.43927
894.2401 14.0 63.874294
912.6002 14.0 65.18573
848.07007 14.0 60.57643
864.80994 14.0 61.77214
981.9898 14.0 70.14213
1044.3599 14.0 74.59714
928.52997 14.0 66.32357
914.7606 14.0 65.34004
988.47003 14.0 70.605
1070.5498 14.0 76.46784
997.6501 14.0 71.26072
980.91034 14.0 70.065025
986.85004 14.0 70.48929
960.1201 14.0 68.58001
967.13965 14.0 69.081406
1003.8601 15.000001 66.924
970.11 15.000001 64.673996
1008.9902 15.000001 67.26601
968.7601 15.000001 64.584
963.09045 15.000001 64.206024
996.0303 15.000001 66.402016
953.91016 15.000001 63.594006
916.3802 15.000001 61.09201
937.1698 15.000001 62.47798
907.2001 15.000001 60.48
1013.58014 15.000001 67.57201
978.2104 15.000001 65.21402
1009.5302 15.000001 67.30201
979.8304 15.000001 65.32202
937.4398 15.000001 62.495983
992.52014 15.000001 66.16801
927.9903 15.000001 61.866016
902.6101 15.000001 60.174004
947.4299 15.000001 63.161987
945.81 15.000001 63.053997
892.0798 15.000001 59.47198
978.4801 15.000001 65.232
989.2798 15.000001 65.95198
954.1798 15.000001 63.611984
932.31 15.000001 62.153996
1000.61975 15.000001 66.70798
956.88025 15.000001 63.79201
916.92017 15.000001 61.128006
898.2902 15.000001 59.88601
954.4501 15.000001 63.63
947.69995 15.000001 63.179993
891.54004 15.000001 59.436
959.3098 15.000001 63.953983
928.2598 15.000001 61.883984
962.55035 15.000001 64.17002
976.05005 15.000001 65.07
929.34 15.000001 61.955997
923.13007 15.000001 61.542
924.4799 15.000001 61.631992
994.41016 15.000001 66.29401
983.6097 15.000001 65.573975
896.6703 16.0 56.041893
1002.5099 16.0 62.656868
971.1904 16.0 60.6994
953.63983 16.0 59.60249
977.94025 16.0 61.121265
999.2706 16.0 62.454414
974.6999 16.0 60.918743
851.8503 16.0 53.240643
917.9997 16.0 57.37498
937.44006 16.0 58.590004
966.3296 16.0 60.3956
925.02 16.0 57.81375
1029.7798 16.0 64.36124
949.0501 16.0 59.31563
791.10004 16.0 49.443752
974.9702 16.0 60.93564
947.6997 16.0 59.23123
934.1998 16.0 58.38749
967.9498 16.0 60.496864
879.9302 16.0 54.995636
941.76013 16.0 58.86001
1023.0301 16.0 63.93938
937.98 16.0 58.62375
985.2303 16.0 61.576893
987.38983 16.0 61.711864
977.1302 16.0 61.070637
946.6198 16.0 59.16374
922.59015 16.0 57.661884
944.4601 16.0 59.028755
966.60046 16.0 60.41253
979.0203 16.0 61.18877
960.9302 16.0 60.058136
946.08044 16.0 59.130028
969.3 16.0 60.58125
896.1297 16.0 56.008106
879.38995 16.0 54.961872
905.8501 16.0 56.61563
950.13 16.0 59.383125
956.06995 16.0 59.75437
981.4495 16.0 61.340595
956.0703 16.0 59.754395
989.82025 17.0 58.22472
965.7899 17.0 56.811172
913.6801 17.0 53.745888
1006.0202 17.0 59.177658
969.3002 17.0 57.01766
956.8801 17.0 56.287067
932.57965 17.0 54.857628
932.3098 17.0 54.841755
883.9803 17.0 51.99884
928.25995 17.0 54.603527
961.20013 17.0 56.541183
951.48016 17.0 55.96942
831.6001 17.0 48.917652
1016.55 17.0 59.79706
997.1099 17.0 58.653526
1019.79004 17.0 59.987648
943.6502 17.0 55.508835
923.9399 17.0 54.349403
975.2399 17.0 57.367054
942.5703 17.0 55.445312
944.46014 17.0 55.55648
951.7505 17.0 55.98532
905.3104 17.0 53.253555
952.8302 17.0 56.048836
1033.29 17.0 60.78177
931.22986 17.0 54.77823
910.9798 17.0 53.587048
968.22003 17.0 56.95412
878.30994 17.0 51.66529
901.5303 17.0 53.031193
966.87054 17.0 56.874737
926.6403 17.0 54.508255
870.75037 17.0 51.22061
977.6701 17.0 57.510006
920.6998 17.0 54.158813
945.0002 17.0 55.588245
956.88007 17.0 56.287064
966.3294 17.0 56.842907
906.66 17.0 53.33294
988.47 17.0 58.145294
931.7702 17.0 54.810013
866.16016 18.0 48.12001
913.41016 18.0 50.74501
921.2404 18.0 51.180023
930.95996 18.0 51.719997
953.63983 18.0 52.979992
1001.7003 18.0 55.650017
874.8001 18.0 48.600006
906.66034 18.0 50.370018
946.6201 18.0 52.590008
933.93036 18.0 51.88502
966.6003 18.0 53.700016
973.6205 18.0 54.090027
984.42017 18.0 54.69001
889.11035 18.0 49.39502
890.73035 18.0 49.48502
993.6002 18.0 55.200012
989.55 18.0 54.975
932.8503 18.0 51.825016
987.93 18.0 54.885
948.23987 18.0 52.679993
905.57996 18.0 50.309998
912.8698 18.0 50.71499
881.2805 18.0 48.96003
943.65015 18.0 52.425007
954.1804 18.0 53.010025
960.66034 18.0 53.370018
952.29034 18.0 52.905018
962.2802 18.0 53.46001
960.9301 18.0 53.385006
982.7999 18.0 54.599995
865.89014 18.0 48.105007
938.2502 18.0 52.12501
906.9301 18.0 50.385006
912.87036 18.0 50.71502
854.2802 18.0 47.46001
846.4504 18.0 47.02502
982.8 18.0 54.6
898.56006 18.0 49.920002
943.11035 18.0 52.39502
916.65015 18.0 50.925007
897.48035 18.0 49.86002
959.5801 19.0 50.504215
973.89 19.0 51.25737
918.54004 19.0 48.34421
944.46027 19.0 49.708435
876.6907 19.0 46.141613
889.3802 19.0 46.809483
940.41016 19.0 49.49527
930.95984 19.0 48.997887
931.5001 19.0 49.02632
952.56024 19.0 50.13475
911.5199 19.0 47.97473
987.12024 19.0 51.953697
965.25037 19.0 50.80265
914.76013 19.0 48.14527
885.32965 19.0 46.5963
923.6701 19.0 48.614216
892.3497 19.0 46.96577
919.89044 19.0 48.415287
894.24036 19.0 47.06528
933.66 19.0 49.14
954.7203 19.0 50.248436
952.29004 19.0 50.12053
903.96014 19.0 47.57685
919.0801 19.0 48.372635
988.74 19.0 52.038948
958.77014 19.0 50.461586
932.5805 19.0 49.083183
927.7202 19.0 48.82738
940.41003 19.0 49.495266
887.2199 19.0 46.695786
837.5401 19.0 44.08106
916.11017 19.0 48.216324
888.56995 19.0 46.766838
925.29047 19.0 48.699497
887.7602 19.0 46.72422
910.17017 19.0 47.903694
915.5701 19.0 48.1879
974.16046 19.0 51.271603
942.5703 19.0 49.608963
887.22046 19.0 46.695812
968.22034 19.0 50.958965
913.95013 20.0 45.697506
1011.1504 20.0 50.557518
964.7097 20.0 48.235485
859.14026 20.0 42.957012
926.1004 20.0 46.30502
929.0701 20.0 46.453506
937.71045 20.0 46.88552
970.6503 20.0 48.532516
900.72046 20.0 45.036022
893.16095 20.0 44.658047
896.4 20.0 44.82
940.13947 20.0 47.006973
891.00037 20.0 44.55002
900.1807 20.0 45.009037
963.9 20.0 48.195
884.7901 20.0 44.239506
886.6803 20.0 44.334015
894.50977 20.0 44.725487
923.9402 20.0 46.19701
931.2305 20.0 46.561527
944.1901 20.0 47.209507
944.4597 20.0 47.222984
900.72 20.0 45.036
920.7003 20.0 46.035015
969.0304 20.0 48.45152
871.2904 20.0 43.56452
925.8303 20.0 46.291515
964.7106 20.0 48.235527
906.39014 20.0 45.319508
832.4103 20.0 41.620514
937.17004 20.0 46.8585
996.57043 20.0 49.82852
980.64056 20.0 49.03203
892.08044 20.0 44.604023
941.49036 20.0 47.074516
923.13025 20.0 46.156513
916.6501 20.0 45.832504
843.75024 20.0 42.18751
888.3007 20.0 44.415035
916.6499 20.0 45.832497
929.88 20.0 46.494
938.5201 21.0 44.691433
889.9201 21.0 42.377148
888.57043 21.0 42.312878
962.00995 21.0 45.809998
797.8503 21.0 37.99287
930.42017 21.0 44.30572
942.2999 21.0 44.871426
951.75037 21.0 45.321445
971.1902 21.0 46.24715
936.0907 21.0 44.57575
893.4301 21.0 42.544292
915.29987 21.0 43.58571
890.1899 21.0 42.389996
883.44006 21.0 42.068573
924.7501 21.0 44.03572
834.0301 21.0 39.715717
896.66974 21.0 42.69856
938.79004 21.0 44.70429
831.3299 21.0 39.58714
929.88007 21.0 44.280003
954.18 21.0 45.43714
924.7501 21.0 44.03572
920.9707 21.0 43.855747
889.1101 21.0 42.338577
869.4002 21.0 41.40001
986.30994 21.0 46.96714
887.2205 21.0 42.248596
879.12024 21.0 41.86287
936.3605 21.0 44.588593
977.6699 21.0 46.55571
920.4304 21.0 43.83002
960.3901 21.0 45.73286
930.42017 21.0 44.30572
894.7802 21.0 42.60858
965.52014 21.0 45.97715
965.2504 21.0 45.964306
960.39026 21.0 45.73287
921.7801 21.0 43.89429
893.43 21.0 42.544285
936.0906 21.0 44.57574
986.85034 21.0 46.992874
890.7301 22.0 40.487732
863.73047 22.0 39.260475
873.18005 22.0 39.690002
874.8002 22.0 39.763645
942.5702 22.0 42.8441
877.2305 22.0 39.874115
910.17004 22.0 41.371365
888.3006 22.0 40.3773
890.46027 22.0 40.475468
931.2297 22.0 42.32862
863.19025 22.0 39.23592
985.2304 22.0 44.7832
950.9403 22.0 43.22456
908.28015 22.0 41.28546
885.87036 22.0 40.266834
1004.4001 22.0 45.65455
891.54016 22.0 40.52455
896.4004 22.0 40.745472
933.3905 22.0 42.42684
968.7601 22.0 44.03455
928.53033 22.0 42.205925
871.56006 22.0 39.616367
933.12006 22.0 42.414547
891.2703 22.0 40.512287
866.1601 22.0 39.370914
861.0304 22.0 39.137745
901.8003 22.0 40.99092
859.14044 22.0 39.051838
813.2404 22.0 36.965473
912.3302 22.0 41.469555
821.0702 22.0 37.321373
892.6201 22.0 40.573643
1001.7007 22.0 45.53185
904.7702 22.0 41.12592
854.2803 22.0 38.83092
932.5801 22.0 42.390003
868.3203 22.0 39.469105
907.4708 22.0 41.248672
876.6904 22.0 39.849564
847.53033 22.0 38.524105
910.7102 22.0 41.39592
892.89026 23.0 38.821316
812.16 23.0 35.311302
902.3403 23.0 39.232185
870.48 23.0 37.846954
827.55 23.0 35.980434
868.0509 23.0 37.741344
844.29004 23.0 36.708263
903.4206 23.0 39.279156
869.6704 23.0 37.811756
854.28015 23.0 37.142616
939.6004 23.0 40.852192
922.0503 23.0 40.08914
851.85034 23.0 37.036972
904.22986 23.0 39.314342
882.9003 23.0 38.38697
860.7598 23.0 37.42434
834.0299 23.0 36.26217
907.74036 23.0 39.466972
886.94995 23.0 38.56304
877.49994 23.0 38.152172
845.37 23.0 36.75522
947.70013 23.0 41.204353
916.10986 23.0 39.830864
881.5504 23.0 38.328278
843.75037 23.0 36.6848
908.2803 23.0 39.490448
913.13995 23.0 39.701736
891.54004 23.0 38.76261
880.19946 23.0 38.269543
869.4001 23.0 37.800003
969.84045 23.0 42.166977
908.82 23.0 39.513912
812.7001 23.0 35.334785
810.81036 23.0 35.252625
843.21027 23.0 36.661316
895.59033 23.0 38.93871
865.35016 23.0 37.62392
889.11 23.0 38.656956
920.6999 23.0 40.03043
832.6803 23.0 36.20349
834.0305 23.0 36.262196
852.12036 24.0 35.505016
872.9103 24.0 36.37126
874.80115 24.0 36.450047
879.9304 24.0 36.66377
868.59033 24.0 36.191265
851.04065 24.0 35.460026
943.64996 24.0 39.31875
862.38025 24.0 35.93251
858.3301 24.0 35.763752
952.83044 24.0 39.701267
897.7501 24.0 37.406254
910.17065 24.0 37.92378
882.3602 24.0 36.76501
850.5005 24.0 35.43752
863.9998 24.0 35.999992
906.12036 24.0 37.755016
847.2606 24.0 35.302525
865.0802 24.0 36.04501
881.0103 24.0 36.708763
879.12024 24.0 36.63001
832.9502 24.0 34.706257
907.73987 24.0 37.822495
865.0802 24.0 36.04501
832.9499 24.0 34.706245
944.73096 24.0 39.36379
819.9905 24.0 34.16627
824.8504 24.0 34.368767
862.65027 24.0 35.94376
830.5204 24.0 34.605015
851.31024 24.0 35.47126
869.6699 24.0 36.236248
819.1803 24.0 34.13251
886.41003 24.0 36.93375
927.72015 24.0 38.655006
938.5204 24.0 39.105015
881.5505 24.0 36.73127
944.7301 24.0 39.363754
863.99976 24.0 35.99999
858.8703 24.0 35.786263
922.32043 24.0 38.43002
878.5805 24.0 36.60752
971.19104 25.0 38.84764
895.8605 25.0 35.83442
835.11066 25.0 33.404427
916.1102 25.0 36.64441
853.20044 25.0 34.128017
851.31024 25.0 34.05241
923.9405 25.0 36.95762
838.89026 25.0 33.55561
921.24023 25.0 36.84961
871.0204 25.0 34.840816
888.03033 25.0 35.521214
858.87024 25.0 34.35481
880.7402 25.0 35.229607
837.00073 25.0 33.48003
894.7796 25.0 35.791183
872.09985 25.0 34.883995
858.33014 25.0 34.333206
921.51013 25.0 36.860405
879.12103 25.0 35.16484
893.7006 25.0 35.748024
898.02075 25.0 35.92083
818.37036 25.0 32.734814
890.1903 25.0 35.607613
868.32043 25.0 34.73282
941.4903 25.0 37.65961
852.93005 25.0 34.117203
910.17 25.0 36.4068
879.1206 25.0 35.164825
853.47034 25.0 34.138813
930.4199 25.0 37.216797
849.4203 25.0 33.97681
891.2703 25.0 35.650814
894.78076 25.0 35.79123
865.62006 25.0 34.6248
909.90027 25.0 36.39601
810.54004 25.0 32.4216
959.8501 25.0 38.394005
880.2002 25.0 35.208008
903.96063 25.0 36.158424
839.43005 25.0 33.5772
806.4901 25.0 32.259605
878.5805 26.0 33.791557
802.9803 26.0 30.883858
892.6208 26.0 34.33157
902.8808 26.0 34.726185
849.15045 26.0 32.659634
866.1602 26.0 33.313854
888.8404 26.0 34.18617
858.3302 26.0 33.0127
867.51056 26.0 33.36579
916.9204 26.0 35.26617
875.61035 26.0 33.677322
858.0606 26.0 33.00233
822.6906 26.0 31.641947
825.66016 26.0 31.75616
825.12054 26.0 31.735405
903.1502 26.0 34.736546
910.98035 26.0 35.037704
782.7307 26.0 30.105028
868.0501 26.0 33.386543
933.93 26.0 35.920383
867.2397 26.0 33.355373
875.0706 26.0 33.656563
878.5804 26.0 33.791553
990.90076 26.0 38.11157
856.9806 26.0 32.960793
944.46063 26.0 36.32541
875.87994 26.0 33.68769
837.81036 26.0 32.223476
825.12024 26.0 31.735394
850.50024 26.0 32.711548
861.0299 26.0 33.116535
926.91 26.0 35.650383
860.49036 26.0 33.095783
826.20026 26.0 31.776934
912.3302 26.0 35.089622
912.8704 26.0 35.1104
960.1203 26.0 36.927704
947.43066 26.0 36.43964
919.89014 26.0 35.38039
866.43036 26.0 33.324245
848.0697 26.0 32.618065
846.7206 27.000002 31.36002
848.61066 27.000002 31.430023
897.4805 27.000002 33.240017
890.19073 27.000002 32.970024
873.18005 27.000002 32.34
859.6803 27.000002 31.84001
898.5598 27.000002 33.27999
805.1405 27.000002 29.820017
857.2509 27.000002 31.750032
932.5806 27.000002 34.54002
870.2104 27.000002 32.23001
847.2603 27.000002 31.380009
877.2305 27.000002 32.490017
882.09076 27.000002 32.670025
828.0906 27.000002 30.67002
838.08044 27.000002 31.040014
833.7605 27.000002 30.880016
855.6301 27.000002 31.690002
895.05023 27.000002 33.150005
901.2601 27.000002 33.38
864.5404 27.000002 32.02001
847.8005 27.000002 31.400015
865.35016 27.000002 32.050003
864.81024 27.000002 32.030006
824.04016 27.000002 30.520004
912.3302 27.000002 33.790005
891.54047 27.000002 33.020016
881.8204 27.000002 32.66001
910.71014 27.000002 33.730003
933.39044 27.000002 34.570015
900.99066 27.000002 33.37002
838.08093 27.000002 31.040031
884.25037 27.000002 32.75001
841.86053 27.000002 31.180017
802.9804 27.000002 29.740013
861.03064 27.000002 31.89002
882.63055 27.000002 32.690018
834.30023 27.000002 30.900007
821.88025 27.000002 30.440006
837.8105 27.000002 31.030016
895.86035 27.000002 33.18001
883.44037 28.0 31.551441
838.08026 28.0 29.931438
859.14026 28.0 30.68358
880.2002 28.0 31.43572
808.3804 28.0 28.870728
814.8604 28.0 29.102158
833.7599 28.0 29.777138
783.27014 28.0 27.973934
864.0001 28.0 30.857147
835.9207 28.0 29.854311
793.8004 28.0 28.350014
842.1305 28.0 30.076088
863.1904 28.0 30.82823
887.76074 28.0 31.70574
865.89124 28.0 30.924686
875.0707 28.0 31.252525
885.6005 28.0 31.62859
858.33044 28.0 30.65466
852.12036 28.0 30.43287
849.9602 28.0 30.35572
842.4009 28.0 30.085745
850.7705 28.0 30.38466
838.62067 28.0 29.950739
827.2803 28.0 29.545725
897.4805 28.0 32.052876
866.43054 28.0 30.943949
852.6604 28.0 30.452156
854.01025 28.0 30.500366
827.2802 28.0 29.545721
859.41003 28.0 30.693216
857.7908 28.0 30.635384
820.26044 28.0 29.295015
908.0105 28.0 32.428947
835.9202 28.0 29.854294
830.51996 28.0 29.661427
815.1302 28.0 29.111792
830.2502 28.0 29.651793
825.9302 28.0 29.497507
845.6405 28.0 30.201447
795.15045 28.0 28.39823
881.0102 28.0 31.46465
882.90027 29.0 30.444838
821.6099 29.0 28.331377
831.33026 29.0 28.666561
886.14 29.0 30.556553
894.2404 29.0 30.835876
798.12024 29.0 27.521387
816.21 29.0 28.145174
821.0703 29.0 28.312769
806.2206 29.0 27.800709
802.44025 29.0 27.670353
863.73035 29.0 29.783806
827.01056 29.0 28.517605
781.6504 29.0 26.95346
810.81006 29.0 27.958967
862.9202 29.0 29.755869
823.7703 29.0 28.405872
868.3202 29.0 29.942076
847.5299 29.0 29.225168
848.34045 29.0 29.253119
795.1503 29.0 27.418978
845.1006 29.0 29.1414
787.3202 29.0 27.148972
877.7707 29.0 30.267956
873.9901 29.0 30.13759
791.3701 29.0 27.288626
859.9504 29.0 29.653461
879.12103 29.0 30.314518
807.8405 29.0 27.85657
830.2508 29.0 28.629337
816.7504 29.0 28.163809
845.64056 29.0 29.160019
830.2503 29.0 28.62932
877.7707 29.0 30.267956
866.16016 29.0 29.867592
824.31024 29.0 28.424492
884.25037 29.0 30.491392
801.9 29.0 27.651726
911.5205 29.0 31.431742
800.82025 29.0 27.61449
826.4702 29.0 28.498974
881.0101 29.0 30.379658
830.52045 30.000002 27.684013
834.3002 30.000002 27.810003
815.6703 30.000002 27.189009
861.84033 30.000002 28.72801
867.2403 30.000002 28.908009
822.96075 30.000002 27.432024
774.0906 30.000002 25.803019
800.82043 30.000002 26.694014
840.24066 30.000002 28.00802
843.4802 30.000002 28.116005
832.1404 30.000002 27.73801
808.3805 30.000002 26.946014
825.3904 30.000002 27.513012
811.35065 30.000002 27.04502
844.8309 30.000002 28.161028
767.88043 30.000002 25.596012
814.05066 30.000002 27.13502
839.1605 30.000002 27.972015
828.9005 30.000002 27.630016
852.121 30.000002 28.40403
867.241 30.000002 28.908031
813.5102 30.000002 27.117004
869.9402 30.000002 28.998005
852.9306 30.000002 28.431019
834.0304 30.000002 27.801012
874.53033 30.000002 29.151009
868.05084 30.000002 28.935026
863.4605 30.000002 28.782015
811.8902 30.000002 27.063005
832.95026 30.000002 27.765007
846.4505 30.000002 28.215015
835.92035 30.000002 27.86401
796.77045 30.000002 26.559013
821.3403 30.000002 27.378008
837.27075 30.000002 27.909023
788.9403 30.000002 26.298008
846.45044 30.000002 28.215014
835.9205 30.000002 27.864014
832.94977 30.000002 27.76499
863.73 30.000002 28.790998
851.04 30.000002 28.367998
846.7202 31.0 27.313555
846.451 31.0 27.30487
875.8802 31.0 28.2542
761.94025 31.0 24.578718
867.78046 31.0 27.992918
823.2305 31.0 26.555824
762.4804 31.0 24.596142
807.3004 31.0 26.041948
707.94055 31.0 22.836792
788.94025 31.0 25.449686
808.9204 31.0 26.094206
803.2508 31.0 25.911316
840.7809 31.0 27.121964
773.2801 31.0 24.944519
852.1208 31.0 27.487768
864.8102 31.0 27.897102
844.5604 31.0 27.243885
813.5109 31.0 26.242289
902.0709 31.0 29.099062
808.6507 31.0 26.085506
822.9603 31.0 26.547108
854.2803 31.0 27.557428
831.05994 31.0 26.808386
773.82043 31.0 24.96195
863.4608 31.0 27.853575
836.4603 31.0 26.982592
813.7803 31.0 26.250977
835.65015 31.0 26.956457
857.5206 31.0 27.661955
842.4006 31.0 27.174212
811.0802 31.0 26.163877
828.36017 31.0 26.721296
837.5405 31.0 27.017437
857.25 31.0 27.653225
834.5706 31.0 26.921633
859.41064 31.0 27.722923
783.0005 31.0 25.25808
785.9705 31.0 25.353888
832.1403 31.0 26.843237
871.29083 31.0 28.106155
887.76013 31.0 28.637424
856.7098 32.0 26.77218
804.0602 32.0 25.12688
800.82056 32.0 25.025642
770.85034 32.0 24.089073
814.5906 32.0 25.455956
795.1497 32.0 24.848429
832.4103 32.0 26.012821
863.1903 32.0 26.974697
838.3504 32.0 26.19845
759.5107 32.0 23.734709
794.8808 32.0 24.840025
808.9202 32.0 25.278757
817.83057 32.0 25.557205
768.4203 32.0 24.013134
849.1504 32.0 26.53595
807.30005 32.0 25.228127
847.8004 32.0 26.493763
784.0806 32.0 24.50252
822.4204 32.0 25.700638
837.2703 32.0 26.164698
782.7302 32.0 24.46032
753.8402 32.0 23.557507
823.5007 32.0 25.734396
783.5399 32.0 24.485622
788.4007 32.0 24.637522
840.51056 32.0 26.265955
826.20087 32.0 25.818777
795.69006 32.0 24.865314
755.7306 32.0 23.616581
821.8807 32.0 25.683771
819.99005 32.0 25.62469
825.1205 32.0 25.785015
779.7606 32.0 24.36752
839.97034 32.0 26.249073
836.19025 32.0 26.130945
844.8307 32.0 26.400959
783.81024 32.0 24.49407
775.17084 32.0 24.224089
850.50085 32.0 26.578152
809.1907 32.0 25.287209
816.7503 32.0 25.523447
821.0705 33.0 24.880924
826.2007 33.0 25.036385
766.8005 33.0 23.236378
851.8502 33.0 25.813643
852.9305 33.0 25.846378
786.51025 33.0 23.833645
785.9704 33.0 23.817286
757.35046 33.0 22.950014
801.0902 33.0 24.275461
775.711 33.0 23.506393
827.2801 33.0 25.069094
811.62 33.0 24.594545
770.85034 33.0 23.3591
815.1307 33.0 24.70093
775.4407 33.0 23.498201
806.4905 33.0 24.439106
825.93054 33.0 25.028198
866.9702 33.0 26.271824
807.0303 33.0 24.455463
807.8402 33.0 24.480007
744.11993 33.0 22.54909
864.54004 33.0 26.198183
760.32056 33.0 23.040016
814.8601 33.0 24.69273
782.4602 33.0 23.710915
756.2706 33.0 22.917292
793.2606 33.0 24.0382
842.94073 33.0 25.54366
815.1303 33.0 24.700918
784.3503 33.0 23.76819
843.48016 33.0 25.560005
806.49005 33.0 24.439093
883.71027 33.0 26.779099
816.4806 33.0 24.741837
764.91077 33.0 23.179113
801.9004 33.0 24.300013
777.87006 33.0 23.57182
738.9901 33.0 22.39364
851.3107 33.0 25.797295
774.36 33.0 23.465454
855.09076 33.0 25.91184
793.53076 34.0 23.33914
756.2707 34.0 22.243256
781.1104 34.0 22.973835
790.56055 34.0 23.251781
839.70044 34.0 24.697071
772.4705 34.0 22.71972
785.1609 34.0 23.092968
807.0305 34.0 23.73619
806.4902 34.0 23.720299
763.0205 34.0 22.44178
812.1604 34.0 23.88707
808.9204 34.0 23.791777
770.0408 34.0 22.648258
764.64056 34.0 22.489428
816.21027 34.0 24.006184
741.9605 34.0 21.822369
774.36035 34.0 22.775305
776.5207 34.0 22.838844
768.15063 34.0 22.592667
798.39075 34.0 23.48208
794.8804 34.0 23.378834
765.1807 34.0 22.505316
844.29034 34.0 24.83207
807.30066 34.0 23.744137
772.7404 34.0 22.72766
791.64075 34.0 23.283552
796.7708 34.0 23.434435
825.3906 34.0 24.276196
737.9099 34.0 21.703232
800.28015 34.0 23.537651
819.7201 34.0 24.109415
778.4107 34.0 22.894432
840.78076 34.0 24.728846
853.2006 34.0 25.094135
717.39 34.0 21.099707
804.87054 34.0 23.672663
838.3506 34.0 24.65737
731.7004 34.0 21.5206
754.3806 34.0 22.187666
765.7203 34.0 22.521185
782.19 34.0 23.005589
785.4306 35.0 22.440874
776.7902 35.0 22.194006
787.32043 35.0 22.49487
761.9408 35.0 21.769737
814.0506 35.0 23.258589
833.76013 35.0 23.821718
783.27026 35.0 22.37915
823.2304 35.0 23.520868
812.1606 35.0 23.204588
803.79034 35.0 22.965439
796.77045 35.0 22.76487
780.3004 35.0 22.294298
735.48004 35.0 21.013716
831.0603 35.0 23.74458
774.6305 35.0 22.1323
783.5402 35.0 22.386864
805.1405 35.0 23.004015
787.0506 35.0 22.48716
768.42053 35.0 21.954872
726.57025 35.0 20.75915
780.3006 35.0 22.294302
729.5406 35.0 20.844017
778.1403 35.0 22.23258
773.28033 35.0 22.093723
790.56067 35.0 22.587448
741.69025 35.0 21.19115
796.5005 35.0 22.757156
751.4105 35.0 21.468872
816.4805 35.0 23.328014
771.12067 35.0 22.032019
753.57007 35.0 21.530573
777.60046 35.0 22.217155
752.49054 35.0 21.49973
783.0003 35.0 22.371437
812.9709 35.0 23.22774
816.75006 35.0 23.335716
760.59033 35.0 21.731152
694.71063 35.0 19.848875
765.99023 35.0 21.885435
801.0903 35.0 22.888294
720.36084 35.0 20.581738
810.54004 36.0 22.515001
810.8102 36.0 22.522505
844.29047 36.0 23.452513
756.0004 36.0 21.000011
779.7605 36.0 21.660013
768.4207 36.0 21.34502
768.6904 36.0 21.352512
807.301 36.0 22.425028
774.90063 36.0 21.525017
753.57025 36.0 20.932507
786.2409 36.0 21.840025
753.8407 36.0 20.94002
801.09033 36.0 22.25251
770.8501 36.0 21.412502
788.9407 36.0 21.915018
819.7205 36.0 22.770014
762.75073 36.0 21.187521
825.6603 36.0 22.935007
737.9105 36.0 20.497515
822.9608 36.0 22.860023
801.6305 36.0 22.267513
800.81995 36.0 22.244999
793.8003 36.0 22.050009
764.3703 36.0 21.232508
784.35046 36.0 21.787514
774.3607 36.0 21.51002
761.13025 36.0 21.142508
778.68024 36.0 21.630007
758.4304 36.0 21.067513
817.0203 36.0 22.69501
762.4802 36.0 21.180006
863.1907 36.0 23.977518
793.8003 36.0 22.050009
760.5905 36.0 21.127514
782.73083 36.0 21.742523
789.4806 36.0 21.930016
740.61053 36.0 20.572515
712.8004 36.0 19.80001
742.5001 36.0 20.625004
815.3999 36.0 22.649998
780.3004 36.0 21.67501
807.03015 37.0 21.811626
736.29047 37.0 19.899742
768.9604 37.0 20.782713
803.79034 37.0 21.724064
767.0707 37.0 20.73164
740.61053 37.0 20.0165
764.10016 37.0 20.651356
783.27014 37.0 21.169464
823.7705 37.0 22.264069
783.2703 37.0 21.169468
776.52 37.0 20.987028
771.93005 37.0 20.862974
778.1403 37.0 21.030819
707.67065 37.0 19.126234
763.5605 37.0 20.63677
755.4602 37.0 20.417843
781.6504 37.0 21.125687
750.8707 37.0 20.293804
787.5906 37.0 21.286232
714.1504 37.0 19.301361
796.5006 37.0 21.527044
765.7206 37.0 20.69515
778.95013 37.0 21.052706
713.61005 37.0 19.286758
768.6907 37.0 20.775423
734.67084 37.0 19.855968
784.08057 37.0 21.191366
735.21063 37.0 19.870558
754.11066 37.0 20.381369
791.3702 37.0 21.388384
744.12054 37.0 20.111366
800.8201 37.0 21.643787
752.7606 37.0 20.344881
817.5605 37.0 22.09623
808.1099 37.0 21.840809
781.3807 37.0 21.118397
758.16034 37.0 20.49082
769.5003 37.0 20.797306
776.2507 37.0 20.979748
780.8409 37.0 21.103807
789.48016 37.0 21.337301
779.2207 38.0 20.505808
755.1904 38.0 19.873432
791.6407 38.0 20.83265
736.2906 38.0 19.376068
708.4809 38.0 18.644234
740.3405 38.0 19.482645
749.2499 38.0 19.717102
761.6704 38.0 20.043959
755.7308 38.0 19.887651
779.7605 38.0 20.520014
711.1806 38.0 18.715279
738.4503 38.0 19.432903
769.5004 38.0 20.250011
732.5108 38.0 19.2766
745.7407 38.0 19.624756
789.4802 38.0 20.775795
753.57043 38.0 19.830801
823.2302 38.0 21.663954
752.4899 38.0 19.802366
765.9905 38.0 20.157644
792.7204 38.0 20.861063
713.88 38.0 18.786316
778.14105 38.0 20.477396
754.38055 38.0 19.85212
774.63043 38.0 20.385012
732.2405 38.0 19.269485
740.6102 38.0 19.489742
758.4301 38.0 19.958687
790.8308 38.0 20.811337
730.8905 38.0 19.233961
724.68054 38.0 19.070541
725.76044 38.0 19.098959
702.27045 38.0 18.4808
785.4304 38.0 20.669222
747.62994 38.0 19.674473
756.00024 38.0 19.894743
787.05066 38.0 20.711859
774.90045 38.0 20.392117
773.55096 38.0 20.356604
749.52045 38.0 19.724222
778.68036 38.0 20.491589
749.1306 39.0 19.208477
753.4559 39.0 19.319382
770.75836 39.0 19.763035
753.99744 39.0 19.333267
740.47943 39.0 18.986652
749.1306 39.0 19.208477
756.16 39.0 19.388718
754.53754 39.0 19.347116
737.50586 39.0 18.910406
738.31726 39.0 18.931211
718.3113 39.0 18.418238
788.8717 39.0 20.22748
725.88135 39.0 18.612343
728.58435 39.0 18.68165
712.0935 39.0 18.258808
756.7009 39.0 19.402588
727.50305 39.0 18.653925
745.0758 39.0 19.104507
741.29083 39.0 19.007458
771.29944 39.0 19.776909
720.2035 39.0 18.466757
760.21497 39.0 19.492691
682.8959 39.0 17.51015
714.2561 39.0 18.314259
698.8467 39.0 17.919146
762.91846 39.0 19.562012
726.4215 39.0 18.626192
784.8163 39.0 20.123495
729.9361 39.0 18.71631
755.8893 39.0 19.381777
753.18616 39.0 19.312466
716.6893 39.0 18.376648
831.8574 39.0 21.329678
688.30237 39.0 17.648779
777.2469 39.0 19.929407
726.42126 39.0 18.626186
742.3723 39.0 19.035187
745.6165 39.0 19.118372
723.4482 39.0 18.549953
703.4424 39.0 18.036983
707.49774 39.0 18.140968
762.48096 40.0 19.062023
747.9005 40.0 18.697514
792.7202 40.0 19.818005
751.67993 40.0 18.791998
654.2105 40.0 16.355263
764.37036 40.0 19.109259
738.1804 40.0 18.45451
702.0001 40.0 17.550003
698.4903 40.0 17.462257
682.02 40.0 17.0505
735.2105 40.0 18.380262
764.91064 40.0 19.122766
712.8003 40.0 17.820007
775.4406 40.0 19.386015
757.62054 40.0 18.940514
742.2302 40.0 18.555756
721.7105 40.0 18.042763
727.9209 40.0 18.198023
744.1206 40.0 18.603016
712.80035 40.0 17.82001
706.0499 40.0 17.651249
707.3999 40.0 17.684998
732.78046 40.0 18.319511
740.0703 40.0 18.501759
737.37115 40.0 18.434278
706.8606 40.0 17.671515
736.02045 40.0 18.40051
713.3402 40.0 17.833506
753.0305 40.0 18.825764
738.18024 40.0 18.454506
725.49097 40.0 18.137274
729.8109 40.0 18.245274
725.49066 40.0 18.137266
725.76044 40.0 18.14401
747.3605 40.0 18.684011
707.9403 40.0 17.698507
691.20056 40.0 17.280014
721.71045 40.0 18.04276
741.69055 40.0 18.542263
703.35034 40.0 17.58376
750.8706 40.0 18.771765
731.4305 41.0 17.839767
732.78076 41.0 17.872702
721.1706 41.0 17.589527
772.741 41.0 18.847342
760.8606 41.0 18.557575
674.46014 41.0 16.450247
727.92065 41.0 17.754162
680.6705 41.0 16.601719
740.3405 41.0 18.057085
728.1905 41.0 17.760744
675.5403 41.0 16.476593
662.85004 41.0 16.167074
696.0603 41.0 16.977081
701.4602 41.0 17.108786
759.51044 41.0 18.524645
704.7003 41.0 17.187813
740.33984 41.0 18.05707
743.3104 41.0 18.129522
731.43036 41.0 17.839766
758.97046 41.0 18.511475
711.45087 41.0 17.35246
679.5905 41.0 16.575378
735.48004 41.0 17.938538
719.281 41.0 17.54344
734.9407 41.0 17.925383
719.55035 41.0 17.550009
710.6401 41.0 17.332685
705.78033 41.0 17.214155
779.22076 41.0 19.005384
755.7306 41.0 18.432453
719.01074 41.0 17.536848
749.52014 41.0 18.28098
734.67035 41.0 17.918789
736.83057 41.0 17.971478
735.2106 41.0 17.931965
731.70056 41.0 17.846355
735.48 41.0 17.938536
721.7102 41.0 17.602688
754.1104 41.0 18.392937
742.7702 41.0 18.116346
747.6305 41.0 18.23489
718.74084 42.0 17.112877
701.7304 42.0 16.707867
711.99066 42.0 16.952158
734.9405 42.0 17.498583
689.5805 42.0 16.418583
696.0598 42.0 16.572853
737.64044 42.0 17.562868
756.8105 42.0 18.019297
700.1106 42.0 16.6693
697.4103 42.0 16.605007
704.1603 42.0 16.76572
705.51056 42.0 16.79787
735.21027 42.0 17.505007
722.25055 42.0 17.196442
758.97034 42.0 18.070723
733.0504 42.0 17.45358
729.2706 42.0 17.363586
740.6106 42.0 17.633585
706.0502 42.0 16.810719
760.86084 42.0 18.115734
734.9406 42.0 17.498587
773.2808 42.0 18.411448
716.5801 42.0 17.06143
730.35046 42.0 17.389297
699.0305 42.0 16.643583
699.3005 42.0 16.650011
717.93036 42.0 17.09358
691.47034 42.0 16.46358
700.9206 42.0 16.688585
696.0602 42.0 16.57286
755.7304 42.0 17.993582
749.79047 42.0 17.852154
706.5901 42.0 16.823574
725.2206 42.0 17.267157
710.9104 42.0 16.926437
730.08093 42.0 17.38288
719.28 42.0 17.125715
738.4507 42.0 17.582159
682.5608 42.0 16.251448
696.6004 42.0 16.585724
688.2302 42.0 16.386435
715.77045 43.0 16.645824
726.03076 43.0 16.884436
677.70026 43.0 15.76047
703.0804 43.0 16.350706
697.4103 43.0 16.218843
753.3005 43.0 17.518616
707.941 43.0 16.463743
684.1808 43.0 15.9111805
691.4705 43.0 16.08071
725.2206 43.0 16.865595
676.62067 43.0 15.735365
651.2405 43.0 15.145127
687.69073 43.0 15.992807
706.32043 43.0 16.426056
699.5705 43.0 16.269081
736.5603 43.0 17.129309
721.1703 43.0 16.771402
723.6003 43.0 16.827913
708.75055 43.0 16.48257
676.35046 43.0 15.72908
713.88055 43.0 16.601873
697.1406 43.0 16.212572
710.9108 43.0 16.53281
645.3006 43.0 15.00699
714.1507 43.0 16.608156
709.02094 43.0 16.48886
706.05066 43.0 16.419783
684.4507 43.0 15.917458
702.2709 43.0 16.33188
696.3304 43.0 16.19373
679.5905 43.0 15.80443
738.1801 43.0 17.166979
729.0006 43.0 16.953503
668.79016 43.0 15.553259
692.0103 43.0 16.093264
720.63074 43.0 16.758854
703.6206 43.0 16.36327
704.97034 43.0 16.394659
730.62024 43.0 16.991169
719.55084 43.0 16.73374
692.2804 43.0 16.099545
701.46045 44.0 15.942283
665.0104 44.0 15.113872
707.13043 44.0 16.071146
672.5705 44.0 15.285693
703.6205 44.0 15.991374
742.50073 44.0 16.875017
655.2907 44.0 14.892971
719.01044 44.0 16.341146
702.27045 44.0 15.960692
694.4401 44.0 15.78273
713.6105 44.0 16.21842
707.40063 44.0 16.077288
680.9402 44.0 15.475913
642.8707 44.0 14.610699
673.6507 44.0 15.310243
687.69086 44.0 15.629338
720.9004 44.0 16.3841
713.6102 44.0 16.218414
640.17004 44.0 14.549319
688.22986 44.0 15.641588
699.0306 44.0 15.887058
677.1602 44.0 15.390005
688.5002 44.0 15.647731
650.70013 44.0 14.78864
656.1002 44.0 14.911368
673.3798 44.0 15.304087
691.7401 44.0 15.721367
676.3506 44.0 15.371604
730.62054 44.0 16.605013
723.0603 44.0 16.43319
687.9602 44.0 15.635459
729.27014 44.0 16.574322
734.1305 44.0 16.684784
665.8207 44.0 15.132288
712.5303 44.0 16.19387
670.6807 44.0 15.2427435
709.8304 44.0 16.13251
754.3807 44.0 17.145016
710.1004 44.0 16.138645
716.5806 44.0 16.285923
682.8304 44.0 15.518872
689.31036 45.0 15.318008
659.88074 45.0 14.664016
723.33014 45.0 16.074003
702.2705 45.0 15.606011
704.9708 45.0 15.6660185
695.79034 45.0 15.4620075
722.5203 45.0 16.056007
677.6996 45.0 15.059991
689.31085 45.0 15.318019
678.7806 45.0 15.084013
706.5905 45.0 15.702011
691.2007 45.0 15.360016
683.1006 45.0 15.180014
680.13086 45.0 15.114019
693.0903 45.0 15.402006
688.5005 45.0 15.300011
694.9809 45.0 15.44402
719.821 45.0 15.996021
660.4205 45.0 14.67601
684.72046 45.0 15.21601
679.8605 45.0 15.10801
681.2103 45.0 15.138007
702.8107 45.0 15.618016
711.72046 45.0 15.8160095
679.32043 45.0 15.09601
719.55066 45.0 15.990014
656.3704 45.0 14.586009
669.6003 45.0 14.880007
702.2707 45.0 15.606015
677.7001 45.0 15.060001
728.73047 45.0 16.19401
685.26056 45.0 15.228012
625.8601 45.0 13.908003
645.2998 45.0 14.339995
665.5503 45.0 14.790007
702.5402 45.0 15.612005
714.6902 45.0 15.882005
717.3905 45.0 15.942012
684.4502 45.0 15.210005
654.21045 45.0 14.538011
677.70056 45.0 15.060013
680.4008 46.0 14.791322
650.43036 46.0 14.139791
635.8502 46.0 13.822831
691.7406 46.0 15.037839
677.1606 46.0 14.720882
685.79987 46.0 14.908693
668.52045 46.0 14.533053
687.69037 46.0 14.949791
654.7506 46.0 14.233709
680.67065 46.0 14.797188
659.8798 46.0 14.345214
689.85016 46.0 14.996742
666.3602 46.0 14.486092
673.6504 46.0 14.644574
689.0403 46.0 14.979136
684.99066 46.0 14.891101
660.15015 46.0 14.3510895
662.5803 46.0 14.40392
691.2003 46.0 15.026094
635.3103 46.0 13.811093
657.9898 46.0 14.304126
660.69025 46.0 14.362831
687.69006 46.0 14.949784
671.2202 46.0 14.591743
639.631 46.0 13.905021
669.8704 46.0 14.5624
711.9906 46.0 15.478057
663.6601 46.0 14.427393
662.58044 46.0 14.403922
655.0202 46.0 14.23957
627.75024 46.0 13.646744
687.42053 46.0 14.943925
649.35034 46.0 14.116312
692.82 46.0 15.061304
721.7104 46.0 15.689357
667.71045 46.0 14.515445
691.20044 46.0 15.026096
708.7501 46.0 15.407612
679.8606 46.0 14.779578
659.0701 46.0 14.327611
661.50037 46.0 14.380443
669.06067 47.0 14.235333
696.0613 47.0 14.809814
685.53076 47.0 14.585761
660.42065 47.0 14.051503
674.1905 47.0 14.344479
680.13055 47.0 14.470863
669.33105 47.0 14.241086
665.8201 47.0 14.166386
633.15 47.0 13.471277
682.83044 47.0 14.528308
662.3103 47.0 14.091709
655.0206 47.0 13.936609
649.3503 47.0 13.815963
656.6404 47.0 13.971072
669.0604 47.0 14.235328
654.75006 47.0 13.930852
659.0706 47.0 14.022779
642.33014 47.0 13.666599
682.29 47.0 14.5168085
641.7905 47.0 13.655118
661.7707 47.0 14.080228
683.9107 47.0 14.551291
704.1604 47.0 14.982136
700.38055 47.0 14.901713
640.7102 47.0 13.632132
638.01025 47.0 13.574686
667.1708 47.0 14.195123
646.11017 47.0 13.7470255
685.8004 47.0 14.591498
655.2906 47.0 13.942353
659.87994 47.0 14.039999
662.5805 47.0 14.097458
668.79095 47.0 14.229595
630.4501 47.0 13.413832
654.4808 47.0 13.925122
654.2106 47.0 13.919374
656.3699 47.0 13.965316
640.7105 47.0 13.632138
656.9105 47.0 13.976819
677.7 47.0 14.419149
657.9907 47.0 13.999803
661.5007 48.0 13.781264
656.91046 48.0 13.685635
673.3805 48.0 14.02876
639.08997 48.0 13.314374
646.65015 48.0 13.471878
642.3308 48.0 13.381891
666.9007 48.0 13.8937645
639.09064 48.0 13.314388
652.0507 48.0 13.58439
609.1203 48.0 12.690006
694.7103 48.0 14.473131
648.54004 48.0 13.5112505
635.31006 48.0 13.235626
650.4307 48.0 13.55064
614.79034 48.0 12.808132
658.2606 48.0 13.713763
629.37067 48.0 13.111889
680.4004 48.0 14.175008
659.0708 48.0 13.730641
645.0306 48.0 13.438137
645.83997 48.0 13.455
676.8901 48.0 14.101876
671.491 48.0 13.989396
677.4303 48.0 14.113131
648.5408 48.0 13.511267
639.08997 48.0 13.314374
679.3203 48.0 14.152507
657.4509 48.0 13.696895
678.5104 48.0 14.1356325
629.1003 48.0 13.106256
640.7108 48.0 13.348142
667.9805 48.0 13.916261
625.32056 48.0 13.027512
668.25024 48.0 13.921881
656.1001 48.0 13.668752
647.4603 48.0 13.488757
630.1801 48.0 13.128753
609.1206 48.0 12.690013
672.57007 48.0 14.011876
652.5909 48.0 13.595643
658.80005 48.0 13.725001
645.3001 49.0 13.16939
621.0005 49.0 12.673479
613.7103 49.0 12.5247
639.6304 49.0 13.05368
648.54 49.0 13.23551
635.5807 49.0 12.971034
633.6902 49.0 12.932452
672.5708 49.0 13.725935
659.34045 49.0 13.455928
635.0405 49.0 12.960011
639.36035 49.0 13.04817
617.2203 49.0 12.596333
664.47046 49.0 13.560622
694.9803 49.0 14.183271
644.2203 49.0 13.147353
639.3601 49.0 13.048165
663.9308 49.0 13.549607
672.3006 49.0 13.72042
616.9505 49.0 12.590827
626.6702 49.0 12.789188
601.0203 49.0 12.265721
637.20013 49.0 13.004085
627.75037 49.0 12.811233
648.5407 49.0 13.235524
657.1804 49.0 13.411845
630.45074 49.0 12.866342
650.1605 49.0 13.268582
643.68 49.0 13.136327
641.5205 49.0 13.092256
648.8105 49.0 13.241031
684.7206 49.0 13.973889
608.0405 49.0 12.40899
651.5103 49.0 13.296128
626.4005 49.0 12.783684
661.7702 49.0 13.505514
652.5903 49.0 13.318169
627.75073 49.0 12.811239
649.6195 49.0 13.257541
639.36096 49.0 13.048183
650.4306 49.0 13.274094
649.89056 49.0 13.263073
631.53064 50.0 12.630612
623.1606 50.0 12.463212
621.5402 50.0 12.430804
627.4807 50.0 12.549614
628.56067 50.0 12.571213
609.6602 50.0 12.193204
629.10034 50.0 12.582006
616.9503 50.0 12.339006
626.40027 50.0 12.528006
624.2406 50.0 12.484812
639.09033 50.0 12.781807
641.52094 50.0 12.830419
666.3608 50.0 13.327216
621.8104 50.0 12.436209
655.02026 50.0 13.100406
656.37036 50.0 13.127407
606.4205 50.0 12.128409
621.00037 50.0 12.420007
623.9708 50.0 12.479417
609.93054 50.0 12.19861
666.0906 50.0 13.321812
615.06055 50.0 12.301211
639.0903 50.0 12.781805
599.1302 50.0 11.982604
628.29034 50.0 12.565806
621.0005 50.0 12.42001
628.5604 50.0 12.571208
640.44025 50.0 12.808805
640.98004 50.0 12.819601
606.15027 50.0 12.123006
644.4906 50.0 12.889812
652.0504 50.0 13.041008
646.1106 50.0 12.922212
641.2502 50.0 12.825004
612.36084 50.0 12.247216
615.87006 50.0 12.317401
607.7705 50.0 12.15541
633.6901 50.0 12.673802
632.88043 50.0 12.657609
606.1501 50.0 12.123002
620.4606 50.0 12.409211
647.1903 51.0 12.690006
634.7705 51.0 12.446481
641.7908 51.0 12.584133
610.47015 51.0 11.970003
631.80084 51.0 12.388251
630.7203 51.0 12.367064
601.5604 51.0 11.795302
622.6198 51.0 12.208232
614.79004 51.0 12.054707
595.08 51.0 11.668236
642.06006 51.0 12.589413
639.0899 51.0 12.531175
621.5401 51.0 12.187061
643.6797 51.0 12.62117
615.6006 51.0 12.0706
634.77014 51.0 12.446473
590.2205 51.0 11.572951
591.8408 51.0 11.604722
652.0508 51.0 12.785309
613.9806 51.0 12.038836
610.4706 51.0 11.970012
595.8901 51.0 11.684119
622.62067 51.0 12.208248
614.2498 51.0 12.044114
639.63043 51.0 12.541773
625.05066 51.0 12.255896
610.2004 51.0 11.964713
604.26 51.0 11.848236
599.66986 51.0 11.758232
610.74066 51.0 11.975307
621.0005 51.0 12.17648
633.95996 51.0 12.430588
628.83026 51.0 12.330005
592.9201 51.0 11.625884
584.28046 51.0 11.45648
607.77057 51.0 11.917069
602.3704 51.0 11.811185
625.31976 51.0 12.261172
620.73047 51.0 12.1711855
627.2103 51.0 12.298242
640.9802 51.0 12.56824
605.8807 52.0 11.651551
594.5403 52.0 11.433467
612.36035 52.0 11.776161
607.5003 52.0 11.682698
642.87054 52.0 12.362895
612.6302 52.0 11.78135
602.1003 52.0 11.578852
592.92065 52.0 11.402321
632.6099 52.0 12.165576
605.6105 52.0 11.646355
600.75024 52.0 11.552889
601.29016 52.0 11.563272
628.02026 52.0 12.077312
581.0403 52.0 11.173851
621.8106 52.0 11.957896
590.2206 52.0 11.350396
627.75024 52.0 12.07212
627.2102 52.0 12.061734
591.0303 52.0 11.365967
581.5802 52.0 11.184235
605.61053 52.0 11.646357
589.4102 52.0 11.334812
609.6603 52.0 11.7242365
587.2501 52.0 11.293272
614.79065 52.0 11.822897
596.4297 52.0 11.469802
616.9506 52.0 11.864435
594.5403 52.0 11.433467
624.2404 52.0 12.004623
607.77026 52.0 11.687889
608.5801 52.0 11.703464
604.80005 52.0 11.630771
588.0606 52.0 11.308858
609.6603 52.0 11.7242365
637.74066 52.0 12.264243
621.8108 52.0 11.9579
611.8205 52.0 11.765779
618.0309 52.0 11.885209
609.9303 52.0 11.729429
652.05084 52.0 12.539439
641.79034 52.0 12.342122
618.3438 52.999996 11.666865
615.1009 52.999996 11.605678
586.1833 52.999996 11.060063
586.4533 52.999996 11.065158
618.3436 52.999996 11.666862
608.074 52.999996 11.473095
565.64343 52.999996 10.672519
615.91064 52.999996 11.620956
589.4264 52.999996 11.121254
592.3993 52.999996 11.177346
584.29126 52.999996 11.024364
599.4259 52.999996 11.309923
614.56036 52.999996 11.595479
626.72174 52.999996 11.82494
620.7762 52.999996 11.712759
572.1299 52.999996 10.794905
633.2075 52.999996 11.947312
601.0475 52.999996 11.34052
593.4799 52.999996 11.197735
598.61487 52.999996 11.294621
619.1542 52.999996 11.682156
588.6156 52.999996 11.105955
600.23676 52.999996 11.325223
603.20935 52.999996 11.3813095
615.10095 52.999996 11.6056795
609.1547 52.999996 11.493486
581.0485 52.999996 10.963181
588.0752 52.999996 11.095759
611.58685 52.999996 11.539375
631.85657 52.999996 11.921823
596.99335 52.999996 11.264026
609.4254 52.999996 11.498593
610.23584 52.999996 11.513885
622.66785 52.999996 11.748451
595.1015 52.999996 11.228332
608.6146 52.999996 11.483295
613.2086 52.999996 11.569975
627.80255 52.999996 11.845332
638.07227 52.999996 12.0391
607.5335 52.999996 11.462897
572.6707 52.999996 10.805108
572.13074 54.000004 10.595013
560.79 54.000004 10.384999
564.84045 54.000004 10.460008
610.20056 54.000004 11.30001
612.9004 54.000004 11.350006
604.53076 54.000004 11.195013
608.0403 54.000004 11.260005
614.5203 54.000004 11.380005
612.09033 54.000004 11.335005
567.27026 54.000004 10.505004
591.0303 54.000004 10.945004
594.8102 54.000004 11.015002
580.7704 54.000004 10.755007
586.7101 54.000004 10.865001
602.37024 54.000004 11.155004
608.5807 54.000004 11.270012
583.46967 54.000004 10.804993
581.3105 54.000004 10.765008
569.7004 54.000004 10.550006
569.9703 54.000004 10.555004
575.9102 54.000004 10.665003
571.0504 54.000004 10.575007
587.52026 54.000004 10.880004
616.68036 54.000004 11.420006
587.7908 54.000004 10.885014
598.8606 54.000004 11.09001
567.2705 54.000004 10.505009
587.2504 54.000004 10.875007
596.16046 54.000004 11.040008
581.0408 54.000004 10.760014
589.95056 54.000004 10.92501
567.00006 54.000004 10.5
599.1302 54.000004 11.095003
581.3099 54.000004 10.7649975
586.71027 54.000004 10.865005
589.68005 54.000004 10.92
561.60034 54.000004 10.400005
620.7299 54.000004 11.494998
599.4006 54.000004 11.10001
588.06036 54.000004 10.890006
558.62994 54.000004 10.344998
590.7604 55.0 10.741097
557.0101 55.0 10.127456
596.7002 55.0 10.849094
568.62036 55.0 10.338552
608.5805 55.0 11.0651
601.01996 55.0 10.927635
557.2799 55.0 10.132361
594.54034 55.0 10.809824
564.30035 55.0 10.260006
588.60077 55.0 10.701832
580.77045 55.0 10.559463
579.1498 55.0 10.529996
599.40027 55.0 10.898187
600.21014 55.0 10.912911
572.6702 55.0 10.412186
581.58044 55.0 10.57419
574.8304 55.0 10.451462
581.58026 55.0 10.574186
554.03986 55.0 10.073452
579.9605 55.0 10.544737
576.991 55.0 10.490746
560.5199 55.0 10.191271
582.39044 55.0 10.588917
569.16 55.0 10.348363
576.45013 55.0 10.480911
571.8606 55.0 10.397466
578.3396 55.0 10.515265
606.95996 55.0 11.035636
600.2106 55.0 10.91292
580.23047 55.0 10.549645
551.3399 55.0 10.024362
578.3407 55.0 10.5152855
600.4803 55.0 10.917824
576.4504 55.0 10.480916
549.99005 55.0 9.999819
579.9602 55.0 10.544731
583.1995 55.0 10.603628
584.01074 55.0 10.618378
567.5402 55.0 10.318913
575.10004 55.0 10.456365
599.13025 55.0 10.893277
559.1704 56.0 9.985186
548.6404 56.0 9.79715
568.3498 56.0 10.149103
572.1305 56.0 10.216616
573.48004 56.0 10.240715
560.2506 56.0 10.004476
600.7502 56.0 10.727682
578.61017 56.0 10.332324
571.05035 56.0 10.197328
529.20026 56.0 9.450005
556.19995 56.0 9.932142
622.35065 56.0 11.113404
551.8803 56.0 9.855005
585.63043 56.0 10.457686
576.72015 56.0 10.298574
554.31 56.0 9.898393
535.4105 56.0 9.560903
595.0801 56.0 10.62643
581.8502 56.0 10.3901825
547.8304 56.0 9.782685
586.98004 56.0 10.481787
608.0406 56.0 10.857867
605.3409 56.0 10.809659
541.88983 56.0 9.676604
552.9596 56.0 9.874279
574.8301 56.0 10.264823
560.51965 56.0 10.009279
567.5402 56.0 10.134646
583.2003 56.0 10.414291
570.24023 56.0 10.182861
585.36005 56.0 10.452858
570.24005 56.0 10.182858
557.5507 56.0 9.956263
558.6301 56.0 9.975538
591.0303 56.0 10.554112
562.94995 56.0 10.052677
563.4903 56.0 10.062326
583.2 56.0 10.414286
565.1097 56.0 10.091245
548.64026 56.0 9.797148
568.08014 56.0 10.144288
572.6702 57.0 10.046846
561.60034 57.0 9.852637
544.5902 57.0 9.5542145
561.60004 57.0 9.8526325
522.72 57.0 9.170526
554.58014 57.0 9.729476
533.5203 57.0 9.360005
566.19006 57.0 9.933159
562.67975 57.0 9.871574
558.0901 57.0 9.791054
545.9402 57.0 9.577898
558.3601 57.0 9.795792
549.99 57.0 9.648948
568.0805 57.0 9.966325
551.33984 57.0 9.672629
563.49054 57.0 9.885798
553.76984 57.0 9.7152605
561.60034 57.0 9.852637
555.66003 57.0 9.748422
576.7202 57.0 10.117898
518.39966 57.0 9.09473
567.81055 57.0 9.961589
580.5005 57.0 10.184219
540.54034 57.0 9.483164
531.3598 57.0 9.322102
551.8802 57.0 9.682109
570.2407 57.0 10.004223
529.47034 57.0 9.288953
555.3904 57.0 9.7436905
547.2901 57.0 9.601581
580.23047 57.0 10.1794815
565.91986 57.0 9.928419
578.87976 57.0 10.155786
546.7504 57.0 9.592113
566.7303 57.0 9.9426365
527.8497 57.0 9.260521
544.5898 57.0 9.554207
612.3601 57.0 10.74316
592.6497 57.0 10.397364
560.7903 57.0 9.838426
598.0507 57.0 10.492118
551.34015 58.0 9.505865
559.9802 58.0 9.654832
556.4705 58.0 9.594319
540.2701 58.0 9.3150015
503.54993 58.0 8.681895
511.91986 58.0 8.826204
574.02014 58.0 9.896899
547.83014 58.0 9.445347
564.57043 58.0 9.733973
536.2205 58.0 9.245181
555.6601 58.0 9.580346
549.9903 58.0 9.482592
524.3404 58.0 9.040352
548.91034 58.0 9.463971
527.8502 58.0 9.100865
521.10016 58.0 8.984486
541.0799 58.0 9.328963
548.10016 58.0 9.450003
562.1399 58.0 9.692067
554.04004 58.0 9.552414
565.3802 58.0 9.747934
562.141 58.0 9.692086
550.53 58.0 9.491897
555.6605 58.0 9.580354
570.78046 58.0 9.8410425
533.78937 58.0 9.203265
507.05966 58.0 8.742408
540.81006 58.0 9.324311
532.4398 58.0 9.1799965
552.4201 58.0 9.524485
541.35016 58.0 9.333623
527.04 58.0 9.086896
558.35986 58.0 9.626894
560.5203 58.0 9.664144
540.2697 58.0 9.314995
549.71954 58.0 9.477923
537.03 58.0 9.259138
583.74036 58.0 10.064489
561.3306 58.0 9.678114
565.11017 58.0 9.7432785
570.2409 58.0 9.831739
530.45935 58.999996 8.990837
540.45825 58.999996 9.16031
514.7868 58.999996 8.725201
506.40875 58.999996 8.5831995
526.676 58.999996 8.926713
552.3479 58.999996 9.36183
566.9403 58.999996 9.6091585
553.42896 58.999996 9.380153
521.81213 58.999996 8.844274
522.623 58.999996 8.858017
519.6504 58.999996 8.807634
550.45654 58.999996 9.329773
541.8091 58.999996 9.183206
558.2928 58.999996 9.46259
527.75696 58.999996 8.945034
538.8373 58.999996 9.132835
528.5679 58.999996 8.958778
562.617 58.999996 9.535882
542.6199 58.999996 9.196948
526.94666 58.999996 8.9313
514.5159 58.999996 8.72061
505.32758 58.999996 8.564875
547.75464 58.999996 9.2839775
539.1067 58.999996 9.137403
529.3787 58.999996 8.972522
566.40027 58.999996 9.600005
539.6474 58.999996 9.146566
550.45636 58.999996 9.329769
532.6211 58.999996 9.027477
559.6443 58.999996 9.485497
548.8353 58.999996 9.302294
542.34985 58.999996 9.192371
525.8657 58.999996 8.912979
536.9451 58.999996 9.100765
547.2137 58.999996 9.274809
542.3497 58.999996 9.192368
534.2427 58.999996 9.054961
566.67065 58.999996 9.604588
530.1891 58.999996 8.986257
518.83936 58.999996 8.793888
577.2094 58.999996 9.783211
535.6798 60.000004 8.927997
526.23047 60.000004 8.770507
534.86993 60.000004 8.914498
503.55002 60.000004 8.3925
521.9104 60.000004 8.698506
524.0707 60.000004 8.73451
520.01996 60.000004 8.666999
545.66986 60.000004 9.094497
531.62994 60.000004 8.860498
530.28046 60.000004 8.838007
506.2502 60.000004 8.437503
482.2198 60.000004 8.036996
524.34 60.000004 8.739
519.7503 60.000004 8.662504
518.4002 60.000004 8.640003
506.52 60.000004 8.441999
509.2204 60.000004 8.487006
518.4 60.000004 8.64
519.2101 60.000004 8.653501
510.56976 60.000004 8.509496
522.72003 60.000004 8.712
520.0201 60.000004 8.667001
535.4096 60.000004 8.923492
529.47034 60.000004 8.824505
514.07983 60.000004 8.567997
554.58044 60.000004 9.243007
538.9202 60.000004 8.982003
518.4 60.000004 8.639999
543.23975 60.000004 9.053995
519.20984 60.000004 8.653497
555.65967 60.000004 9.260994
547.02026 60.000004 9.117003
523.8 60.000004 8.73
496.25986 60.000004 8.270997
514.07965 60.000004 8.567994
531.36005 60.000004 8.856
526.4998 60.000004 8.774997
534.87006 60.000004 8.9145
531.09 60.000004 8.8515
507.05975 60.000004 8.450995
547.56055 60.000004 9.126008
521.91016 61.0 8.555904
513.54004 61.0 8.418689
522.9895 61.0 8.573599
508.9495 61.0 8.343434
538.9204 61.0 8.834761
509.4898 61.0 8.352292
499.76996 61.0 8.19295
518.9401 61.0 8.5072155
503.55002 61.0 8.254918
529.47 61.0 8.679835
533.5198 61.0 8.746225
509.75974 61.0 8.356717
522.99005 61.0 8.573607
515.6999 61.0 8.454097
504.3595 61.0 8.268188
497.6095 61.0 8.157533
488.96982 61.0 8.015899
498.41998 61.0 8.170819
498.95996 61.0 8.179671
532.7103 61.0 8.732956
494.6399 61.0 8.1088505
519.48004 61.0 8.516067
527.0401 61.0 8.640001
537.03015 61.0 8.803773
523.52985 61.0 8.582457
497.88 61.0 8.161967
498.1496 61.0 8.166387
520.28973 61.0 8.52934
504.62994 61.0 8.272622
552.9602 61.0 9.064921
509.75998 61.0 8.356721
549.7201 61.0 9.011805
503.27966 61.0 8.250486
478.9799 61.0 7.8521295
526.77014 61.0 8.635576
514.3497 61.0 8.431962
521.9098 61.0 8.555898
529.4704 61.0 8.679843
527.84973 61.0 8.653275
500.03995 61.0 8.197376
503.8201 61.0 8.259346
489.77954 62.0 7.89967
487.61978 62.0 7.8648353
509.75998 62.0 8.221935
490.5899 62.0 7.91274
497.06955 62.0 8.017251
515.42993 62.0 8.313386
469.25925 62.0 7.5686975
480.59976 62.0 7.751609
529.7402 62.0 8.544196
477.6298 62.0 7.7037063
504.0894 62.0 8.130474
487.34982 62.0 7.860481
488.96973 62.0 7.8866086
481.9501 62.0 7.773389
507.32977 62.0 8.182738
513.27 62.0 8.278549
508.40973 62.0 8.200157
502.4697 62.0 8.10435
518.67004 62.0 8.365645
515.6996 62.0 8.317736
525.69025 62.0 8.478875
539.45996 62.0 8.700967
476.54956 62.0 7.686283
491.66962 62.0 7.9301553
483.83954 62.0 7.8038635
509.4899 62.0 8.217579
487.0796 62.0 7.8561225
519.21027 62.0 8.374359
504.62976 62.0 8.13919
514.34985 62.0 8.295965
511.10965 62.0 8.243704
492.74945 62.0 7.9475718
497.88004 62.0 8.030323
515.43 62.0 8.313387
499.49988 62.0 8.05645
483.3002 62.0 7.7951646
525.4202 62.0 8.47452
467.3695 62.0 7.538218
482.21942 62.0 7.777733
480.33026 62.0 7.7472625
494.91 62.0 7.9824195
471.6895 63.0 7.487135
478.9797 63.0 7.6028523
485.72958 63.0 7.7099934
477.89948 63.0 7.5857058
488.42944 63.0 7.752848
483.56952 63.0 7.675707
511.6497 63.0 8.121424
490.31995 63.0 7.7828565
498.41995 63.0 7.911428
494.64 63.0 7.851429
493.8296 63.0 7.838565
501.39005 63.0 7.958572
496.53012 63.0 7.8814306
497.33984 63.0 7.8942833
515.9701 63.0 8.1900015
477.89957 63.0 7.585707
488.69937 63.0 7.757133
477.35934 63.0 7.577132
500.58023 63.0 7.945718
514.61975 63.0 8.168568
461.1596 63.0 7.319994
476.27957 63.0 7.5599933
484.1098 63.0 7.684283
491.40005 63.0 7.8000007
466.01926 63.0 7.397131
480.8694 63.0 7.6328473
485.1895 63.0 7.701421
470.60947 63.0 7.4699917
491.39935 63.0 7.7999897
502.73975 63.0 7.979996
492.20975 63.0 7.8128533
474.92944 63.0 7.538563
489.50986 63.0 7.7699976
483.8396 63.0 7.6799936
478.97986 63.0 7.6028547
505.4398 63.0 8.022854
500.8496 63.0 7.9499936
500.30984 63.0 7.9414263
479.78952 63.0 7.6157064
462.5097 63.0 7.341424
512.7295 63.0 8.138563
447.6591 64.0 6.9946733
497.87994 64.0 7.779374
494.09985 64.0 7.72031
483.56915 64.0 7.555768
488.15982 64.0 7.627497
490.05 64.0 7.657031
484.37988 64.0 7.5684357
483.02985 64.0 7.5473413
448.4693 64.0 7.007333
466.55948 64.0 7.289992
447.11954 64.0 6.986243
458.7294 64.0 7.167647
464.66974 64.0 7.2604647
473.84976 64.0 7.4039025
495.9898 64.0 7.7498407
478.16953 64.0 7.471399
461.15967 64.0 7.20562
491.39972 64.0 7.6781206
476.27948 64.0 7.441867
507.32974 64.0 7.927027
480.05917 64.0 7.5009246
471.14957 64.0 7.361712
441.17953 64.0 6.89343
445.22934 64.0 6.9567084
493.55957 64.0 7.7118683
459.26947 64.0 7.1760855
468.44928 64.0 7.31952
468.9896 64.0 7.3279624
463.31915 64.0 7.239362
439.28915 64.0 6.863893
474.38925 64.0 7.412332
461.15942 64.0 7.205616
478.43954 64.0 7.475618
477.89957 64.0 7.4671807
477.35977 64.0 7.4587464
459.53964 64.0 7.180307
460.07983 64.0 7.1887474
459.26944 64.0 7.176085
461.15952 64.0 7.2056174
491.3999 64.0 7.6781235
493.02002 64.0 7.703438
481.4101 65.0 7.406309
473.8495 65.0 7.2899923
452.7891 65.0 6.9659863
453.32974 65.0 6.9743037
490.04947 65.0 7.5392227
484.3798 65.0 7.451997
488.42966 65.0 7.5143023
486.5397 65.0 7.485226
452.7896 65.0 6.965994
451.43912 65.0 6.945217
445.2295 65.0 6.8496847
459.80972 65.0 7.0739956
461.6995 65.0 7.1030693
480.05948 65.0 7.3855305
473.30966 65.0 7.2816873
451.70963 65.0 6.949379
468.1796 65.0 7.202763
432.80908 65.0 6.6586013
474.11993 65.0 7.2941527
441.44913 65.0 6.791525
467.6396 65.0 7.194455
463.31924 65.0 7.1279883
457.10925 65.0 7.03245
485.45987 65.0 7.468613
462.50952 65.0 7.115531
460.6194 65.0 7.086452
448.73935 65.0 6.903682
464.6693 65.0 7.1487584
442.25922 65.0 6.803988
468.71948 65.0 7.211069
453.59933 65.0 6.9784513
452.24927 65.0 6.957681
485.4601 65.0 7.468617
464.3992 65.0 7.1446033
444.6894 65.0 6.8413754
462.5096 65.0 7.1155324
467.9095 65.0 7.1986074
454.13943 65.0 6.9867606
441.98953 65.0 6.799839
458.18927 65.0 7.0490656
477.08957 65.0 7.3398395
448.73932 66.0 6.7990804
427.94907 66.0 6.484077
463.5894 66.0 7.0240817
449.81952 66.0 6.8154473
463.58963 66.0 7.0240855
443.87915 66.0 6.7254415
457.6494 66.0 6.934082
444.95938 66.0 6.741809
457.1097 66.0 6.9259048
458.9996 66.0 6.9545393
434.15894 66.0 6.5781655
463.0494 66.0 7.0159
455.48932 66.0 6.9013534
457.91928 66.0 6.938171
449.8195 66.0 6.815447
469.79956 66.0 7.118175
443.33923 66.0 6.7172613
467.36948 66.0 7.0813556
445.4994 66.0 6.749991
455.75922 66.0 6.9054427
437.1292 66.0 6.62317
450.35947 66.0 6.8236284
432.8091 66.0 6.557714
475.19937 66.0 7.1999903
446.57935 66.0 6.7663536
466.01947 66.0 7.060901
449.00928 66.0 6.8031707
474.92975 66.0 7.195905
456.29932 66.0 6.913626
442.5291 66.0 6.7049866
466.2893 66.0 7.0649896
458.18964 66.0 6.9422674
478.16925 66.0 7.2449884
423.89902 66.0 6.4227123
457.91977 66.0 6.9381785
453.0596 66.0 6.8645396
460.8893 66.0 6.9831715
441.4489 66.0 6.68862
436.5893 66.0 6.6149893
466.28955 66.0 7.0649934
450.08936 66.0 6.8195357
453.86957 67.0 6.774173
435.7792 67.0 6.504167
431.45917 67.0 6.439689
448.46915 67.0 6.693569
435.50916 67.0 6.500137
424.70908 67.0 6.3389416
422.0088 67.0 6.298639
422.27914 67.0 6.302674
439.8292 67.0 6.564615
439.82925 67.0 6.5646157
443.0694 67.0 6.612976
443.87918 67.0 6.6250625
433.0792 67.0 6.4638686
440.3694 67.0 6.5726776
437.9394 67.0 6.536409
454.94934 67.0 6.7902884
453.8694 67.0 6.77417
430.3791 67.0 6.4235687
427.67914 67.0 6.3832707
426.05908 67.0 6.359091
429.29895 67.0 6.407447
431.99905 67.0 6.447747
437.39938 67.0 6.528349
441.4494 67.0 6.588797
440.0991 67.0 6.568643
432.809 67.0 6.4598355
450.08914 67.0 6.717748
465.74933 67.0 6.9514823
439.01935 67.0 6.5525274
440.9093 67.0 6.5807357
451.43936 67.0 6.7379007
433.61905 67.0 6.471926
449.00958 67.0 6.7016354
431.18933 67.0 6.435662
430.64926 67.0 6.427601
460.07956 67.0 6.866859
456.8392 67.0 6.8184958
454.13922 67.0 6.7781973
457.37936 67.0 6.8265576
441.17938 67.0 6.584767
451.16928 67.0 6.73387
398.51898 68.0 5.8605733
414.44907 68.0 6.094839
445.4995 68.0 6.5514636
450.3592 68.0 6.622929
427.9492 68.0 6.2933702
422.54883 68.0 6.2139535
432.53952 68.0 6.360875
424.16928 68.0 6.2377834
454.67905 68.0 6.6864567
430.64908 68.0 6.3330746
425.5192 68.0 6.257635
442.79932 68.0 6.5117545
435.5091 68.0 6.4045453
447.11954 68.0 6.5752873
447.92896 68.0 6.5871906
446.579 68.0 6.5673385
422.81912 68.0 6.2179284
422.2792 68.0 6.209988
425.5191 68.0 6.2576337
433.61932 68.0 6.3767548
430.3788 68.0 6.3291
445.49927 68.0 6.55146
424.979 68.0 6.249691
445.4995 68.0 6.5514636
411.74905 68.0 6.0551333
413.0989 68.0 6.074984
433.61914 68.0 6.376752
439.8291 68.0 6.468075
403.64868 68.0 5.93601
414.44867 68.0 6.0948334
443.33887 68.0 6.519689
443.6093 68.0 6.5236664
441.44913 68.0 6.491899
455.75922 68.0 6.7023416
413.9091 68.0 6.0868983
399.59897 68.0 5.8764553
440.0992 68.0 6.4720473
438.47943 68.0 6.448227
433.6191 68.0 6.3767514
453.8694 68.0 6.6745496
405.2688 68.0 5.959835
417.41885 69.0 6.0495486
426.05872 69.0 6.174764
428.48886 69.0 6.2099833
435.50925 69.0 6.311728
425.78894 69.0 6.170854
438.74927 69.0 6.358685
427.13916 69.0 6.1904225
412.55884 69.0 5.9791136
441.1792 69.0 6.3939013
428.2194 69.0 6.206078
431.72934 69.0 6.256947
424.70932 69.0 6.1552076
404.45886 69.0 5.8617225
412.01865 69.0 5.971285
430.3791 69.0 6.237378
394.19882 69.0 5.7130265
410.66895 69.0 5.951724
431.72922 69.0 6.256945
422.00894 69.0 6.1160717
408.77872 69.0 5.9243293
414.4489 69.0 6.006506
410.12903 69.0 5.943899
439.82892 69.0 6.374332
416.06876 69.0 6.029982
433.34885 69.0 6.280418
414.17886 69.0 6.002592
427.67923 69.0 6.19825
400.13882 69.0 5.7991133
427.94885 69.0 6.2021575
402.83893 69.0 5.8382454
414.1787 69.0 6.00259
399.59894 69.0 5.791289
402.29883 69.0 5.8304176
419.57883 69.0 6.0808525
425.5191 69.0 6.1669436
421.469 69.0 6.1082463
398.7889 69.0 5.7795496
401.75903 69.0 5.8225946
422.00903 69.0 6.116073
416.069 69.0 6.0299854
417.95898 69.0 6.0573764
409.85867 70.0 5.855124
406.6185 70.0 5.8088355
404.45883 70.0 5.777983
401.21875 70.0 5.7316966
402.5686 70.0 5.75098
395.00894 70.0 5.642985
398.24887 70.0 5.6892695
402.29886 70.0 5.7471266
400.13904 70.0 5.716272
418.49936 70.0 5.9785624
417.14893 70.0 5.9592705
402.839 70.0 5.7548428
404.18884 70.0 5.7741265
403.10883 70.0 5.7586975
404.18893 70.0 5.7741275
407.6989 70.0 5.8242702
412.55884 70.0 5.8936977
401.75858 70.0 5.739408
392.57855 70.0 5.608265
417.41895 70.0 5.9631276
405.80887 70.0 5.7972693
427.949 70.0 6.1135573
405.26913 70.0 5.789559
411.47873 70.0 5.878268
411.74884 70.0 5.8821263
416.87857 70.0 5.955408
401.4889 70.0 5.7355556
407.42883 70.0 5.8204117
392.57892 70.0 5.60827
384.20877 70.0 5.4886966
392.03867 70.0 5.6005526
396.3591 70.0 5.662273
387.44882 70.0 5.534983
391.4989 70.0 5.5928416
419.30872 70.0 5.9901247
429.02914 70.0 6.128988
415.25912 70.0 5.9322734
412.8287 70.0 5.897553
410.93896 70.0 5.870557
409.31873 70.0 5.84741
398.5189 70.0 5.693127
396.62888 71.0 5.5863223
408.2389 71.0 5.7498436
390.68884 71.0 5.50266
397.70905 71.0 5.601536
404.45862 71.0 5.6966004
390.95892 71.0 5.5064635
393.1187 71.0 5.5368834
398.2485 71.0 5.6091337
407.15894 71.0 5.734633
412.0188 71.0 5.8030815
411.20883 71.0 5.7916737
394.4691 71.0 5.5559025
406.07858 71.0 5.7194166
387.98877 71.0 5.4646306
402.0287 71.0 5.662376
408.23877 71.0 5.7498417
402.5688 71.0 5.669983
396.35895 71.0 5.5825205
397.16873 71.0 5.593926
396.8988 71.0 5.590124
412.5586 71.0 5.810684
404.72894 71.0 5.7004075
395.0088 71.0 5.563504
401.75867 71.0 5.6585727
397.43878 71.0 5.597729
403.91876 71.0 5.688997
396.89877 71.0 5.5901237
398.2488 71.0 5.609138
413.36902 71.0 5.8220987
392.57883 71.0 5.529279
380.42896 71.0 5.3581543
404.45868 71.0 5.696601
397.1687 71.0 5.5939255
384.47885 71.0 5.415195
397.7089 71.0 5.601534
377.45862 71.0 5.3163185
387.1787 71.0 5.4532213
396.3587 71.0 5.582517
384.47897 71.0 5.415197
396.62872 71.0 5.58632
389.60883 71.0 5.487448
395.00858 72.0 5.4862304
382.589 72.0 5.313736
386.3688 72.0 5.3662333
405.2688 72.0 5.628733
389.33908 72.0 5.4074874
395.5487 72.0 5.493732
393.1187 72.0 5.459982
395.00885 72.0 5.486234
392.30878 72.0 5.448733
397.9789 72.0 5.527485
388.2589 72.0 5.3924847
366.38882 72.0 5.0887337
399.32864 72.0 5.5462313
374.75882 72.0 5.2049837
389.87875 72.0 5.414983
397.16873 72.0 5.5162325
386.63873 72.0 5.3699822
381.23868 72.0 5.2949815
372.8691 72.0 5.1787376
384.2089 72.0 5.3362346
383.66876 72.0 5.328733
392.03888 72.0 5.4449844
384.20886 72.0 5.336234
383.93878 72.0 5.3324833
377.18875 72.0 5.238733
400.40894 72.0 5.5612354
388.5288 72.0 5.3962336
381.50867 72.0 5.2987313
394.73856 72.0 5.48248
382.3188 72.0 5.3099833
394.46878 72.0 5.478733
395.54883 72.0 5.493734
377.18878 72.0 5.2387333
362.87875 72.0 5.039983
374.48883 72.0 5.201234
390.95883 72.0 5.4299836
390.68872 72.0 5.4262323
391.49884 72.0 5.437484
381.23865 72.0 5.294981
404.72882 72.0 5.6212335
400.1388 72.0 5.557483
369.6288 73.0 5.0634084
376.10883 73.0 5.152176
377.1886 73.0 5.166967
385.55875 73.0 5.2816267
368.0088 73.0 5.0412164
361.52896 73.0 4.9524517
383.12872 73.0 5.2483387
366.11893 73.0 5.015328
357.47885 73.0 4.8969707
364.769 73.0 4.9968357
359.36905 73.0 4.9228635
356.12903 73.0 4.87848
363.41898 73.0 4.978342
394.46884 73.0 5.4036827
373.6788 73.0 5.118888
381.23883 73.0 5.22245
355.85876 73.0 4.874778
361.7989 73.0 4.956149
369.0887 73.0 5.05601
378.5389 73.0 5.1854644
381.77902 73.0 5.22985
374.21872 73.0 5.1262836
383.1288 73.0 5.24834
365.30902 73.0 5.0042334
372.5987 73.0 5.1040916
375.2987 73.0 5.141078
361.25876 73.0 4.94875
369.89896 73.0 5.067109
373.4091 73.0 5.115193
372.32858 73.0 5.1003914
362.6087 73.0 4.9672427
360.7187 73.0 4.941352
366.38867 73.0 5.019023
371.78928 73.0 5.0930037
379.0789 73.0 5.1928616
353.4289 73.0 4.8414917
387.4489 73.0 5.3075194
391.2286 73.0 5.359296
369.8989 73.0 5.067108
388.2586 73.0 5.318611
374.21875 73.0 5.126284
383.39874 74.0 5.181064
355.58884 74.0 4.8052545
358.82883 74.0 4.849038
356.39856 74.0 4.816197
353.69888 74.0 4.7797146
369.6289 74.0 4.994985
360.71912 74.0 4.874583
333.98895 74.0 4.5133643
369.3589 74.0 4.9913363
346.67892 74.0 4.68485
350.459 74.0 4.735933
346.13882 74.0 4.6775517
376.1088 74.0 5.0825515
358.82895 74.0 4.84904
361.79852 74.0 4.889169
353.15897 74.0 4.7724185
359.90894 74.0 4.863634
361.25906 74.0 4.8818793
379.34894 74.0 5.126337
345.3287 74.0 4.666604
362.0689 74.0 4.892823
357.47882 74.0 4.830795
355.58884 74.0 4.8052545
368.81873 74.0 4.984037
351.26895 74.0 4.7468777
373.9488 74.0 5.053362
345.05884 74.0 4.662957
358.5589 74.0 4.8453903
363.689 74.0 4.9147162
358.01877 74.0 4.8380914
339.65884 74.0 4.5899844
347.48874 74.0 4.6957936
370.7089 74.0 5.0095797
351.53903 74.0 4.7505274
345.86896 74.0 4.673905
370.43863 74.0 5.0059276
370.70874 74.0 5.0095778
366.92874 74.0 4.9584966
356.39896 74.0 4.816202
364.49887 74.0 4.9256606
369.08893 74.0 4.987688
322.379 75.0 4.2983866
358.01883 75.0 4.7735844
351.80887 75.0 4.690785
326.69925 75.0 4.35599
326.42886 75.0 4.352385
350.45868 75.0 4.6727824
355.31863 75.0 4.7375817
338.57907 75.0 4.5143876
345.05896 75.0 4.600786
357.47855 75.0 4.766381
337.76886 75.0 4.503585
338.03888 75.0 4.507185
356.6687 75.0 4.755583
351.26898 75.0 4.6835866
350.7291 75.0 4.676388
349.1089 75.0 4.654785
338.57907 75.0 4.5143876
347.75867 75.0 4.636782
344.51892 75.0 4.5935855
340.19876 75.0 4.5359836
341.00903 75.0 4.5467873
350.45905 75.0 4.672787
338.30896 75.0 4.510786
344.24902 75.0 4.589987
345.32883 75.0 4.6043844
337.76886 75.0 4.503585
345.59894 75.0 4.607986
345.8688 75.0 4.611584
373.4085 75.0 4.9787803
334.2589 75.0 4.4567857
343.1689 75.0 4.5755854
353.9687 75.0 4.7195826
328.5893 75.0 4.381191
323.99893 75.0 4.319986
344.2489 75.0 4.5899854
342.89883 75.0 4.5719843
339.65875 75.0 4.5287833
325.619 75.0 4.3415866
346.40878 75.0 4.618784
346.94885 75.0 4.6259847
354.2387 75.0 4.7231827
322.64914 76.0 4.2453833
335.87888 76.0 4.419459
320.21878 76.0 4.213405
331.82895 76.0 4.3661704
324.80884 76.0 4.2738004
337.49875 76.0 4.440773
339.65875 76.0 4.469194
329.66895 76.0 4.3377495
328.8591 76.0 4.3270936
338.57886 76.0 4.454985
350.18875 76.0 4.6077466
348.0287 76.0 4.5793247
333.719 76.0 4.3910394
323.1889 76.0 4.2524858
337.4987 76.0 4.440772
322.6488 76.0 4.245379
336.95898 76.0 4.433671
335.06882 76.0 4.4088
329.12888 76.0 4.330643
357.74887 76.0 4.707222
338.84906 76.0 4.4585404
332.63882 76.0 4.376827
331.01886 76.0 4.355511
347.4887 76.0 4.57222
340.46884 76.0 4.479853
336.68866 76.0 4.430114
331.8289 76.0 4.3661695
323.999 76.0 4.2631445
333.71866 76.0 4.391035
333.71896 76.0 4.391039
332.0988 76.0 4.369721
322.10898 76.0 4.238276
347.75894 76.0 4.5757756
341.5489 76.0 4.4940643
323.999 76.0 4.2631445
323.18906 76.0 4.2524877
311.30893 76.0 4.09617
338.57886 76.0 4.454985
332.09888 76.0 4.369722
341.54883 76.0 4.4940634
336.41876 76.0 4.426563
314.81906 77.0 4.088559
328.04898 77.0 4.2603765
325.34875 77.0 4.2253084
330.20886 77.0 4.288427
324.26895 77.0 4.211285
326.69885 77.0 4.242842
322.37897 77.0 4.18674
336.68878 77.0 4.3725815
314.81906 77.0 4.088559
336.14877 77.0 4.3655686
325.88882 77.0 4.232322
330.20908 77.0 4.2884297
312.38892 77.0 4.0569987
332.36896 77.0 4.31648
319.94882 77.0 4.1551795
327.23874 77.0 4.2498536
331.8289 77.0 4.309466
316.16895 77.0 4.10609
307.52902 77.0 3.9938834
319.679 77.0 4.151675
337.2288 77.0 4.379595
313.19916 77.0 4.0675216
308.60895 77.0 4.0079083
335.87885 77.0 4.362063
312.389 77.0 4.057
312.119 77.0 4.0534935
338.30872 77.0 4.3936195
309.95865 77.0 4.025437
324.2689 77.0 4.211284
312.38898 77.0 4.0569997
306.989 77.0 3.9868703
339.92883 77.0 4.41466
320.75903 77.0 4.165702
324.26874 77.0 4.2112823
320.21906 77.0 4.158689
339.11874 77.0 4.4041395
329.93893 77.0 4.284921
336.6887 77.0 4.3725805
312.3891 77.0 4.057001
320.75903 77.0 4.165702
329.39865 77.0 4.2779045
315.29092 78.0 4.0421915
314.48065 78.0 4.031803
302.05258 78.0 3.872469
315.02075 78.0 4.0387278
296.9196 78.0 3.8066614
303.40356 78.0 3.889789
307.45593 78.0 3.9417427
308.53677 78.0 3.9555995
313.39996 78.0 4.017948
321.5051 78.0 4.12186
307.18607 78.0 3.938283
311.23834 78.0 3.990235
303.1334 78.0 3.8863256
317.4524 78.0 4.0699024
320.42413 78.0 4.1080017
314.48053 78.0 4.0318017
299.0806 78.0 3.8343666
293.13687 78.0 3.7581651
311.77866 78.0 3.997162
297.18942 78.0 3.8101208
320.96478 78.0 4.114933
315.56134 78.0 4.045658
305.8351 78.0 3.920963
307.99637 78.0 3.9486716
328.79968 78.0 4.2153807
310.15796 78.0 3.976384
317.45224 78.0 4.0699005
305.2948 78.0 3.9140358
307.18597 78.0 3.9382815
295.02808 78.0 3.7824113
310.9684 78.0 3.9867744
301.51236 78.0 3.865543
312.04892 78.0 4.000627
319.3435 78.0 4.0941477
312.31912 78.0 4.0040913
320.1543 78.0 4.1045423
304.75433 78.0 3.9071069
309.6174 78.0 3.969454
309.6173 78.0 3.9694529
302.59293 78.0 3.8793964
330.42078 78.0 4.2361636
276.749 79.0 3.503152
294.83884 79.0 3.7321372
305.63895 79.0 3.8688476
274.85886 79.0 3.479226
309.6886 79.0 3.920109
309.41913 79.0 3.9166977
302.6691 79.0 3.8312542
312.929 79.0 3.9611266
297.2691 79.0 3.7628999
295.6491 79.0 3.7423937
284.30896 79.0 3.5988476
308.8791 79.0 3.909862
304.289 79.0 3.8517597
302.93884 79.0 3.8346689
297.53888 79.0 3.766315
284.5791 79.0 3.602267
294.02914 79.0 3.721888
294.29886 79.0 3.725302
293.2188 79.0 3.7116303
294.02908 79.0 3.721887
302.66895 79.0 3.8312526
286.73898 79.0 3.6296072
279.98923 79.0 3.5441675
282.6892 79.0 3.5783443
295.64914 79.0 3.7423942
289.9791 79.0 3.6706216
290.789 79.0 3.6808734
294.8388 79.0 3.732137
291.32907 79.0 3.6877098
303.479 79.0 3.8415065
308.60898 79.0 3.9064429
301.31897 79.0 3.8141642
283.22888 79.0 3.5851758
302.3991 79.0 3.8278368
281.33884 79.0 3.5612512
297.26898 79.0 3.7628987
268.6492 79.0 3.4006226
321.8391 79.0 4.0739126
308.60898 79.0 3.9064429
296.72873 79.0 3.75606
298.61914 79.0 3.779989
286.46887 80.0 3.580861
285.92923 80.0 3.5741153
296.1889 80.0 3.7023613
278.09894 80.0 3.4762368
277.28915 80.0 3.4661143
283.2292 80.0 3.5403647
273.5092 80.0 3.4188647
271.61914 80.0 3.3952394
295.64886 80.0 3.695611
285.1189 80.0 3.5639863
288.62878 80.0 3.6078598
282.1491 80.0 3.526864
271.61914 80.0 3.3952394
281.33908 80.0 3.5167387
277.82895 80.0 3.472862
280.25922 80.0 3.5032403
279.17902 80.0 3.4897375
273.77905 80.0 3.4222383
286.199 80.0 3.5774877
276.47913 80.0 3.455989
282.41885 80.0 3.5302355
279.17914 80.0 3.4897392
279.71918 80.0 3.4964898
300.50903 80.0 3.756363
284.849 80.0 3.5606124
268.10928 80.0 3.351366
278.36908 80.0 3.4796135
279.44904 80.0 3.4931128
278.90906 80.0 3.4863632
293.75906 80.0 3.6719882
287.54895 80.0 3.5943618
280.52924 80.0 3.5066154
279.1789 80.0 3.4897363
278.90915 80.0 3.4863644
272.15915 80.0 3.4019895
291.0589 80.0 3.638236
289.16898 80.0 3.6146123
282.68875 80.0 3.5336094
285.11896 80.0 3.563987
282.9588 80.0 3.5369852
271.07904 80.0 3.388488
260.27914 81.0 3.2133229
259.19937 81.0 3.1999922
275.39914 81.0 3.3999894
278.36914 81.0 3.436656
269.4591 81.0 3.3266556
251.0992 81.0 3.0999901
262.70917 81.0 3.243323
261.35916 81.0 3.2266564
271.88904 81.0 3.356655
264.32898 81.0 3.2633207
279.17908 81.0 3.4466553
265.40912 81.0 3.2766557
271.07907 81.0 3.3466554
275.66916 81.0 3.403323
262.97913 81.0 3.246656
259.73935 81.0 3.2066586
260.00903 81.0 3.209988
268.10904 81.0 3.3099883
276.20895 81.0 3.409987
272.15906 81.0 3.3599885
275.12894 81.0 3.3966534
276.4792 81.0 3.4133234
284.5789 81.0 3.5133195
271.61902 81.0 3.3533213
263.7892 81.0 3.256657
290.24905 81.0 3.5833216
275.39902 81.0 3.3999877
272.96912 81.0 3.3699892
269.72903 81.0 3.329988
265.67923 81.0 3.2799904
271.07892 81.0 3.3466535
263.51917 81.0 3.253323
276.4792 81.0 3.4133232
281.069 81.0 3.4699876
266.4892 81.0 3.2899902
277.55905 81.0 3.426655
268.1092 81.0 3.3099902
271.889 81.0 3.3566544
272.69907 81.0 3.366655
267.29904 81.0 3.2999883
276.47903 81.0 3.4133213
253.5293 82.0 3.0918207
269.18896 82.0 3.2827923
255.4191 82.0 3.114867
252.17917 82.0 3.0753558
259.19907 82.0 3.1609643
266.7589 82.0 3.2531574
244.61914 82.0 2.9831603
258.11914 82.0 3.1477945
267.02902 82.0 3.2564514
264.32922 82.0 3.2235272
253.25922 82.0 3.088527
247.04942 82.0 3.0127978
268.64905 82.0 3.276208
247.58932 82.0 3.019382
254.33919 82.0 3.1016974
255.68925 82.0 3.1181617
252.71913 82.0 3.0819407
245.15906 82.0 2.9897447
264.8692 82.0 3.2301123
263.78918 82.0 3.2169414
263.78918 82.0 3.2169414
261.35922 82.0 3.1873076
261.35925 82.0 3.187308
256.2293 82.0 3.1247475
257.03903 82.0 3.1346223
268.64914 82.0 3.2762089
258.92923 82.0 3.1576734
246.77911 82.0 3.0095015
270.8091 82.0 3.30255
249.20938 82.0 3.0391388
249.74916 82.0 3.0457215
261.3591 82.0 3.1873062
255.68922 82.0 3.1181612
251.6391 82.0 3.0687695
257.3091 82.0 3.1379158
221.66948 82.0 2.7032864
254.60912 82.0 3.1049893
271.34912 82.0 3.3091354
241.91913 82.0 2.9502332
247.85927 82.0 3.022674
268.64902 82.0 3.2762077
248.66911 83.0 2.9960134
242.45935 83.0 2.921197
241.37921 83.0 2.9081833
242.18921 83.0 2.9179423
246.50917 83.0 2.96999
253.79916 83.0 3.0578213
245.69922 83.0 2.9602315
254.06906 83.0 3.061073
243.53915 83.0 2.9342067
250.28918 83.0 3.0155323
248.93912 83.0 2.9992664
241.64923 83.0 2.9114366
234.08948 83.0 2.8203552
254.06905 83.0 3.0610728
248.93913 83.0 2.9992666
252.9892 83.0 3.0480626
233.27948 83.0 2.8105962
249.74924 83.0 3.009027
241.10916 83.0 2.9049296
228.95927 83.0 2.7585454
245.1591 83.0 2.9537241
244.07935 83.0 2.940715
254.33919 83.0 3.0643275
240.29933 83.0 2.8951726
234.89937 83.0 2.830113
231.1193 83.0 2.7845697
247.85918 83.0 2.9862552
250.82913 83.0 3.0220377
241.6491 83.0 2.911435
248.1292 83.0 2.9895084
244.07913 83.0 2.9407125
233.27933 83.0 2.8105943
246.77904 83.0 2.9732413
249.74927 83.0 3.0090272
235.43922 83.0 2.8366172
240.5692 83.0 2.8984241
256.49905 83.0 3.09035
253.52922 83.0 3.054569
250.55925 83.0 3.0187862
242.99927 83.0 2.927702
248.12906 83.0 2.9895067
227.0694 84.0 2.703207
238.1392 84.0 2.8349905
232.7393 84.0 2.770706
228.41924 84.0 2.7192767
238.13939 84.0 2.8349926
234.35925 84.0 2.7899911
228.14922 84.0 2.716062
231.65921 84.0 2.7578478
224.63924 84.0 2.6742766
230.03928 84.0 2.7385628
232.73927 84.0 2.7707057
233.81926 84.0 2.7835627
229.49934 84.0 2.732135
233.81923 84.0 2.7835622
227.60931 84.0 2.7096348
234.35939 84.0 2.7899928
231.92941 84.0 2.7610645
230.57935 84.0 2.7449923
233.81923 84.0 2.7835622
238.9493 84.0 2.8446345
224.09946 84.0 2.6678507
216.5393 84.0 2.577849
234.62914 84.0 2.793204
231.65926 84.0 2.7578483
246.23912 84.0 2.9314182
238.6792 84.0 2.841419
234.62943 84.0 2.7932074
229.22928 84.0 2.72892
227.87936 84.0 2.7128496
221.12941 84.0 2.632493
247.85902 84.0 2.9507027
227.60927 84.0 2.709634
227.33922 84.0 2.7064192
241.91924 84.0 2.8799908
237.59929 84.0 2.828563
236.51935 84.0 2.8157065
228.68939 84.0 2.7224927
230.84933 84.0 2.7482064
242.18918 84.0 2.8832045
219.50932 84.0 2.6132061
227.3394 84.0 2.7064214
222.74931 85.0 2.6205802
211.67947 85.0 2.4903467
210.86949 85.0 2.4808176
207.35933 85.0 2.4395216
216.80954 85.0 2.5507004
204.92938 85.0 2.410934
227.60953 85.0 2.6777592
217.88928 85.0 2.5634034
211.67947 85.0 2.4903467
230.03941 85.0 2.706346
228.14932 85.0 2.6841097
219.77937 85.0 2.5856397
217.61945 85.0 2.5602288
225.17921 85.0 2.6491673
224.09929 85.0 2.6364622
207.08955 85.0 2.4363477
213.0294 85.0 2.5062282
211.67932 85.0 2.490345
218.69951 85.0 2.5729353
232.46925 85.0 2.7349324
217.0795 85.0 2.5538764
204.65953 85.0 2.4077592
207.89941 85.0 2.4458754
220.58948 85.0 2.5951703
218.96944 85.0 2.576111
211.40929 85.0 2.487168
211.9494 85.0 2.4935224
214.64944 85.0 2.5252876
206.54936 85.0 2.4299924
220.31929 85.0 2.5919917
221.93942 85.0 2.611052
231.6593 85.0 2.7254035
223.8294 85.0 2.6332872
232.73923 85.0 2.7381086
212.21944 85.0 2.4966993
216.26945 85.0 2.5443466
221.39938 85.0 2.6046987
224.09947 85.0 2.6364644
230.30925 85.0 2.7095206
218.69936 85.0 2.5729337
221.66934 85.0 2.6078746
207.35945 86.0 2.4111564
200.60951 86.0 2.3326688
200.0695 86.0 2.3263896
202.49959 86.0 2.3546464
212.75943 86.0 2.4739468
208.7095 86.0 2.4268546
214.91937 86.0 2.4990625
206.81944 86.0 2.4048772
202.49953 86.0 2.3546457
210.86942 86.0 2.4519699
206.00948 86.0 2.395459
217.61943 86.0 2.5304585
198.71954 86.0 2.3106923
210.05943 86.0 2.4425516
205.73943 86.0 2.392319
198.98956 86.0 2.313832
205.1994 86.0 2.3860395
205.19954 86.0 2.3860412
210.86937 86.0 2.4519694
195.74944 86.0 2.2761562
204.92957 86.0 2.382902
198.71954 86.0 2.3106923
205.46948 86.0 2.38918
209.51949 86.0 2.436273
196.01942 86.0 2.2792957
208.97939 86.0 2.429993
200.6096 86.0 2.3326697
198.17961 86.0 2.304414
206.27954 86.0 2.3985994
197.36949 86.0 2.294994
209.51929 86.0 2.4362707
203.84952 86.0 2.3703432
198.44957 86.0 2.307553
210.3295 86.0 2.4456918
203.30959 86.0 2.364065
196.82956 86.0 2.2887158
204.92946 86.0 2.3829007
197.3697 86.0 2.2949965
209.24951 86.0 2.4331338
202.4995 86.0 2.3546453
210.32925 86.0 2.445689
190.8896 87.0 2.1941333
194.39955 87.0 2.2344775
190.61946 87.0 2.1910284
190.07942 87.0 2.184821
188.99948 87.0 2.1724079
189.53966 87.0 2.1786168
191.69965 87.0 2.2034442
203.03955 87.0 2.333788
187.64957 87.0 2.1568916
194.93939 87.0 2.2406826
190.61969 87.0 2.191031
189.26958 87.0 2.1755123
201.14963 87.0 2.3120646
186.83957 87.0 2.1475813
210.86942 87.0 2.4237864
198.71944 87.0 2.2841315
187.64957 87.0 2.1568916
196.82954 87.0 2.2624085
201.14935 87.0 2.3120615
187.37946 87.0 2.153787
189.53949 87.0 2.1786149
200.60947 87.0 2.305856
191.42952 87.0 2.2003393
193.85956 87.0 2.2282708
184.94952 87.0 2.1258566
202.7694 87.0 2.3306828
194.93954 87.0 2.2406845
193.3196 87.0 2.2220643
198.44954 87.0 2.2810292
204.38948 87.0 2.3493044
201.41957 87.0 2.3151674
179.81975 87.0 2.0668936
190.3496 87.0 2.1879263
198.44948 87.0 2.2810285
188.72966 87.0 2.1693065
190.07953 87.0 2.184822
184.94951 87.0 2.1258564
193.31967 87.0 2.2220652
187.91959 87.0 2.1599953
192.50948 87.0 2.2127526
184.13963 87.0 2.1165476
185.4895 88.0 2.1078353
165.50967 88.0 1.8807918
180.35963 88.0 2.0495412
177.11969 88.0 2.0127237
172.52972 88.0 1.9605651
171.71968 88.0 1.95136
164.69978 88.0 1.8715885
173.06963 88.0 1.9667003
175.49966 88.0 1.9943144
172.5296 88.0 1.9605637
177.92958 88.0 2.021927
175.22974 88.0 1.991247
182.78952 88.0 2.0771537
174.95972 88.0 1.9881786
179.81963 88.0 2.0434048
175.22964 88.0 1.991246
170.36972 88.0 1.9360195
164.42975 88.0 1.8685198
189.53961 88.0 2.1538591
179.27966 88.0 2.0372689
183.32965 88.0 2.0832915
171.98972 88.0 1.9544287
176.30963 88.0 2.0035186
183.5996 88.0 2.086359
182.51962 88.0 2.0740867
177.65962 88.0 2.0188594
180.62961 88.0 2.0526092
184.40967 88.0 2.0955644
168.74966 88.0 1.9176098
184.13957 88.0 2.0924952
188.72958 88.0 2.1446543
178.19965 88.0 2.024996
181.70966 88.0 2.0648825
176.84949 88.0 2.0096533
187.37955 88.0 2.129313
177.1196 88.0 2.0127227
179.0097 88.0 2.0342011
180.62967 88.0 2.05261
177.1196 88.0 2.0127227
183.86961 88.0 2.0894275
181.16963 88.0 2.0587459
157.94986 89.0 1.7747176
153.89989 89.0 1.7292123
157.94968 89.0 1.7747155
162.80974 89.0 1.8293229
167.12968 89.0 1.8778616
173.06972 89.0 1.9446036
170.09969 89.0 1.9112325
167.66966 89.0 1.8839288
164.15971 89.0 1.8444912
164.15965 89.0 1.8444905
166.0498 89.0 1.8657281
161.4597 89.0 1.814154
169.01956 89.0 1.8990963
163.61975 89.0 1.8384242
170.09967 89.0 1.9112322
168.47972 89.0 1.8930306
169.01971 89.0 1.8990979
156.86975 89.0 1.7625815
161.72981 89.0 1.8171889
167.93968 89.0 1.8869627
162.80974 89.0 1.8293229
169.55968 89.0 1.9051648
171.44972 89.0 1.9264014
175.7696 89.0 1.9749393
158.75977 89.0 1.7838176
154.70985 89.0 1.738313
161.18968 89.0 1.81112
175.22957 89.0 1.9688715
154.70972 89.0 1.7383114
159.83958 89.0 1.7959504
171.98961 89.0 1.9324675
161.18977 89.0 1.8111211
166.31972 89.0 1.8687608
160.64978 89.0 1.8050537
157.1398 89.0 1.7656158
169.28966 89.0 1.902131
156.86975 89.0 1.7625815
163.34964 89.0 1.8353893
161.45967 89.0 1.8141537
164.96968 89.0 1.8535919
164.9697 89.0 1.853592
154.9797 90.0 1.7219968
149.57973 90.0 1.661997
152.00977 90.0 1.6889974
144.71992 90.0 1.6079991
146.33995 90.0 1.6259995
150.38985 90.0 1.6709982
148.49977 90.0 1.6499975
157.94984 90.0 1.7549983
150.9298 90.0 1.6769978
153.89978 90.0 1.7099975
151.73972 90.0 1.6859969
151.4698 90.0 1.6829978
153.08977 90.0 1.7009975
151.46983 90.0 1.6829982
153.62968 90.0 1.7069966
151.4698 90.0 1.6829978
143.90985 90.0 1.5989984
153.62979 90.0 1.7069978
146.87987 90.0 1.6319985
146.33975 90.0 1.6259973
152.81984 90.0 1.6979983
142.55988 90.0 1.5839986
150.3898 90.0 1.6709977
157.40974 90.0 1.7489972
148.22977 90.0 1.6469975
148.76982 90.0 1.652998
147.41978 90.0 1.6379976
148.76984 90.0 1.6529982
161.45972 90.0 1.7939969
148.76976 90.0 1.6529974
147.95987 90.0 1.6439986
147.14975 90.0 1.6349972
146.33986 90.0 1.6259985
156.59978 90.0 1.7399975
147.4199 90.0 1.6379989
152.8198 90.0 1.6979977
144.9898 90.0 1.6109979
140.9399 90.0 1.5659988
147.95984 90.0 1.6439983
152.27974 90.0 1.691997
150.11987 90.0 1.6679987
