116.1 1.0 116.1
113.4 1.0 113.4
118.8 1.0 118.8
113.4 1.0 113.4
114.75 1.0 114.75
114.75 1.0 114.75
120.15 1.0 120.15
121.5 1.0 121.5
112.05 1.0 112.05
112.05 1.0 112.05
113.4 1.0 113.4
113.4 1.0 113.4
117.45 1.0 117.45
113.4 1.0 113.4
116.1 1.0 116.1
113.4 1.0 113.4
116.1 1.0 116.1
116.1 1.0 116.1
114.75 1.0 114.75
116.1 1.0 116.1
116.1 1.0 116.1
118.8 1.0 118.8
114.75 1.0 114.75
112.05 1.0 112.05
117.45 1.0 117.45
120.15 1.0 120.15
112.05 1.0 112.05
114.75 1.0 114.75
114.75 1.0 114.75
114.75 1.0 114.75
113.4 1.0 113.4
114.75 1.0 114.75
116.1 1.0 116.1
124.2 1.0 124.2
113.4 1.0 113.4
114.75 1.0 114.75
117.45 1.0 117.45
120.15 1.0 120.15
116.1 1.0 116.1
117.45 1.0 117.45
113.4 1.0 113.4
229.5 2.0 114.75
229.5 2.0 114.75
233.55 2.0 116.775
232.2 2.0 116.1
233.55 2.0 116.775
230.85 2.0 115.425
232.2 2.0 116.1
232.2 2.0 116.1
228.15 2.0 114.075
228.15 2.0 114.075
229.5 2.0 114.75
228.15 2.0 114.075
236.25 2.0 118.125
229.5 2.0 114.75
228.15 2.0 114.075
226.8 2.0 113.4
229.5 2.0 114.75
229.5 2.0 114.75
228.15 2.0 114.075
233.55 2.0 116.775
233.55 2.0 116.775
233.55 2.0 116.775
225.45 2.0 112.725
241.65 2.0 120.825
232.2 2.0 116.1
230.85 2.0 115.425
234.9 2.0 117.45
233.55 2.0 116.775
234.9 2.0 117.45
234.9 2.0 117.45
234.9 2.0 117.45
233.55 2.0 116.775
225.45 2.0 112.725
237.6 2.0 118.8
236.25 2.0 118.125
228.15 2.0 114.075
226.8 2.0 113.4
232.2 2.0 116.1
234.9 2.0 117.45
234.9 2.0 117.45
232.2 2.0 116.1
349.65002 3.0 116.55
352.34998 3.0 117.45
353.7 3.0 117.9
345.59998 3.0 115.2
346.95 3.0 115.65
345.59998 3.0 115.2
341.55 3.0 113.85
346.95 3.0 115.65
355.05 3.0 118.35
338.84998 3.0 112.95
344.25 3.0 114.75
353.7 3.0 117.9
349.65002 3.0 116.55
357.75 3.0 119.25
346.95 3.0 115.65
341.55 3.0 113.85
349.65002 3.0 116.55
353.7 3.0 117.9
352.34998 3.0 117.45
342.90002 3.0 114.3
351.0 3.0 117.0
351.0 3.0 117.0
353.7 3.0 117.9
356.40002 3.0 118.8
352.34998 3.0 117.45
361.8 3.0 120.6
351.0 3.0 117.0
346.95 3.0 115.65
349.65002 3.0 116.55
349.65002 3.0 116.55
348.3 3.0 116.1
346.95 3.0 115.65
351.0 3.0 117.0
337.5 3.0 112.5
344.25 3.0 114.75
345.59998 3.0 115.2
342.90002 3.0 114.3
348.3 3.0 116.1
360.45 3.0 120.15
348.3 3.0 116.1
337.5 3.0 112.5
464.4 4.0 116.1
461.7 4.0 115.425
452.25 4.0 113.0625
461.7 4.0 115.425
465.75 4.0 116.4375
463.05 4.0 115.7625
460.35 4.0 115.0875
472.5 4.0 118.125
461.7 4.0 115.425
459.0 4.0 114.75
469.8 4.0 117.45
461.7 4.0 115.425
464.4 4.0 116.1
464.4 4.0 116.1
467.1 4.0 116.775
457.65 4.0 114.4125
467.1 4.0 116.775
456.3 4.0 114.075
467.1 4.0 116.775
461.7 4.0 115.425
461.7 4.0 115.425
468.45 4.0 117.1125
464.4 4.0 116.1
454.95 4.0 113.7375
456.3 4.0 114.075
454.95 4.0 113.7375
472.5 4.0 118.125
464.4 4.0 116.1
461.7 4.0 115.425
459.0 4.0 114.75
471.15 4.0 117.7875
457.65 4.0 114.4125
460.35 4.0 115.0875
464.4 4.0 116.1
464.4 4.0 116.1
460.35 4.0 115.0875
465.75 4.0 116.4375
456.3 4.0 114.075
461.7 4.0 115.425
465.75 4.0 116.4375
457.65 4.0 114.4125
580.5 5.0 116.1
577.8 5.0 115.56
581.85004 5.0 116.37
576.45 5.0 115.29
573.75 5.0 114.75
579.15 5.0 115.83
576.45 5.0 115.29
573.75 5.0 114.75
585.9 5.0 117.18
580.5 5.0 116.1
575.1 5.0 115.02
577.8 5.0 115.56
581.85004 5.0 116.37
581.85004 5.0 116.37
568.35 5.0 113.67
576.45 5.0 115.29
584.55005 5.0 116.91
587.25 5.0 117.45
561.6 5.0 112.32
575.1 5.0 115.02
573.75 5.0 114.75
576.45 5.0 115.29
585.9 5.0 117.18
580.5 5.0 116.1
581.85004 5.0 116.37
573.75 5.0 114.75
573.75 5.0 114.75
580.5 5.0 116.1
580.5 5.0 116.1
579.15 5.0 115.83
583.2 5.0 116.64
583.2 5.0 116.64
576.45 5.0 115.29
564.3 5.0 112.86
573.75 5.0 114.75
581.85004 5.0 116.37
584.55005 5.0 116.91
573.75 5.0 114.75
576.45 5.0 115.29
572.4 5.0 114.48
569.7 5.0 113.94
692.55005 6.0 115.425
696.6 6.0 116.1
691.19995 6.0 115.2
692.55005 6.0 115.425
697.94995 6.0 116.325
687.15 6.0 114.525
699.30005 6.0 116.55
691.19995 6.0 115.2
708.75 6.0 118.125
691.19995 6.0 115.2
693.9 6.0 115.65
692.55005 6.0 115.425
689.85 6.0 114.975
697.94995 6.0 116.325
706.05005 6.0 117.675
696.6 6.0 116.1
684.44995 6.0 114.075
693.9 6.0 115.65
681.75 6.0 113.625
685.80005 6.0 114.3
684.44995 6.0 114.075
692.55005 6.0 115.425
704.69995 6.0 117.45
685.80005 6.0 114.3
681.75 6.0 113.625
697.94995 6.0 116.325
695.25 6.0 115.875
693.9 6.0 115.65
695.25 6.0 115.875
684.44995 6.0 114.075
688.5 6.0 114.75
684.44995 6.0 114.075
691.19995 6.0 115.2
695.25 6.0 115.875
704.69995 6.0 117.45
691.19995 6.0 115.2
715.5 6.0 119.25
684.44995 6.0 114.075
693.9 6.0 115.65
677.69995 6.0 112.95
685.80005 6.0 114.3
808.65 7.0 115.52143
807.30005 7.0 115.328575
815.4 7.0 116.48572
811.35 7.0 115.90714
808.65 7.0 115.52143
807.30005 7.0 115.328575
812.7 7.0 116.1
819.45 7.0 117.064285
811.35 7.0 115.90714
795.15 7.0 113.59286
812.7 7.0 116.1
795.15 7.0 113.59286
800.55005 7.0 114.36429
799.19995 7.0 114.171425
812.7 7.0 116.1
814.05 7.0 116.292854
819.45 7.0 117.064285
819.45 7.0 117.064285
812.7 7.0 116.1
819.45 7.0 117.064285
812.7 7.0 116.1
811.35 7.0 115.90714
800.55005 7.0 114.36429
810.0 7.0 115.71429
796.5 7.0 113.78571
810.0 7.0 115.71429
808.65 7.0 115.52143
810.0 7.0 115.71429
812.7 7.0 116.1
801.9 7.0 114.557144
800.55005 7.0 114.36429
804.6 7.0 114.942856
804.6 7.0 114.942856
805.94995 7.0 115.13571
814.05 7.0 116.292854
807.30005 7.0 115.328575
811.35 7.0 115.90714
810.0 7.0 115.71429
805.94995 7.0 115.13571
815.4 7.0 116.48572
803.25 7.0 114.75
922.05 8.0 115.25625
936.9 8.0 117.1125
905.85 8.0 113.23125
923.4 8.0 115.425
920.7 8.0 115.0875
926.1 8.0 115.7625
923.4 8.0 115.425
938.25 8.0 117.28125
931.5 8.0 116.4375
928.8 8.0 116.1
922.05 8.0 115.25625
919.35 8.0 114.91875
935.55 8.0 116.94375
926.1 8.0 115.7625
915.3 8.0 114.4125
922.05 8.0 115.25625
927.45 8.0 115.93125
920.7 8.0 115.0875
920.7 8.0 115.0875
928.8 8.0 116.1
942.3 8.0 117.7875
926.1 8.0 115.7625
926.1 8.0 115.7625
916.65 8.0 114.58125
932.85 8.0 116.60625
922.05 8.0 115.25625
923.4 8.0 115.425
913.95 8.0 114.24375
920.7 8.0 115.0875
922.05 8.0 115.25625
911.25 8.0 113.90625
922.05 8.0 115.25625
918.0 8.0 114.75
926.1 8.0 115.7625
922.05 8.0 115.25625
939.6 8.0 117.45
936.9 8.0 117.1125
916.65 8.0 114.58125
919.35 8.0 114.91875
907.2 8.0 113.4
927.45 8.0 115.93125
774.89996 9.0 86.1
702.0 9.0 78.0
677.7 9.0 75.3
658.8 9.0 73.2
656.10004 9.0 72.9
679.05 9.0 75.45
710.10004 9.0 78.9
719.55 9.0 79.95
773.55 9.0 85.95
742.5 9.0 82.5
773.55 9.0 85.95
791.10004 9.0 87.9
804.60004 9.0 89.4
780.3 9.0 86.7
783.0 9.0 87.0
769.5 9.0 85.5
743.85004 9.0 82.65
722.25 9.0 80.25
754.64996 9.0 83.85
814.05 9.0 90.45
784.35004 9.0 87.15
765.45 9.0 85.05
764.10004 9.0 84.9
788.39996 9.0 87.6
730.35004 9.0 81.15
781.64996 9.0 86.85
712.8 9.0 79.2
766.8 9.0 85.2
738.45 9.0 82.05
710.10004 9.0 78.9
722.25 9.0 80.25
724.95 9.0 80.55
729.0 9.0 81.0
756.0 9.0 84.0
768.14996 9.0 85.35
739.8 9.0 82.2
768.14996 9.0 85.35
785.7 9.0 87.3
808.64996 9.0 89.85
801.89996 9.0 89.1
835.64996 9.0 92.85
729.0 10.0 72.9
692.55 10.0 69.255
661.5 10.0 66.15
716.85 10.0 71.685
729.0 10.0 72.9
776.25 10.0 77.625
765.44995 10.0 76.545
726.3 10.0 72.63
685.80005 10.0 68.58
688.5 10.0 68.85
692.55 10.0 69.255
703.35 10.0 70.335
733.05 10.0 73.305
681.75 10.0 68.175
761.4 10.0 76.14
734.4 10.0 73.44
750.6 10.0 75.06
719.55005 10.0 71.955
708.75 10.0 70.875
726.3 10.0 72.63
739.80005 10.0 73.98
729.0 10.0 72.9
708.75 10.0 70.875
692.55 10.0 69.255
685.80005 10.0 68.58
679.05 10.0 67.905
708.75 10.0 70.875
720.89996 10.0 72.09
734.4 10.0 73.44
741.14996 10.0 74.115
727.65 10.0 72.765
741.14996 10.0 74.115
812.69995 10.0 81.27
803.25 10.0 80.325
788.39996 10.0 78.84
702.0 10.0 70.2
710.10004 10.0 71.01
700.65 10.0 70.065
687.14996 10.0 68.715
680.4 10.0 68.04
762.75 10.0 76.275
756.0 11.0 68.72727
737.10004 11.0 67.009094
727.65 11.0 66.15
742.5 11.0 67.5
739.80005 11.0 67.25455
791.1 11.0 71.91818
780.3 11.0 70.93636
741.15 11.0 67.37727
693.9 11.0 63.081818
616.95 11.0 56.086365
614.25 11.0 55.840908
622.35004 11.0 56.577274
719.55 11.0 65.413635
708.75 11.0 64.431816
704.7 11.0 64.06364
643.95 11.0 58.54091
658.8 11.0 59.890907
695.25 11.0 63.204544
669.6 11.0 60.872726
735.74994 11.0 66.88636
787.05005 11.0 71.55
819.44995 11.0 74.49545
846.44995 11.0 76.95
816.75 11.0 74.25
791.1 11.0 71.91818
719.55 11.0 65.413635
727.65 11.0 66.15
711.44995 11.0 64.67727
735.74994 11.0 66.88636
722.25 11.0 65.65909
757.35 11.0 68.85
796.5 11.0 72.40909
773.55005 11.0 70.32273
777.60004 11.0 70.69091
741.15 11.0 67.37727
700.64996 11.0 63.695454
712.80005 11.0 64.8
751.95 11.0 68.35909
818.1 11.0 74.37273
809.99994 11.0 73.63636
799.2 11.0 72.65455
768.14996 12.0 64.0125
679.05005 12.0 56.5875
633.15 12.0 52.7625
573.75 12.0 47.8125
648.0 12.0 54.0
689.85 12.0 57.4875
737.1 12.0 61.425
723.6 12.0 60.3
625.05005 12.0 52.0875
598.05005 12.0 49.8375
656.1 12.0 54.675
733.05005 12.0 61.0875
762.75 12.0 63.5625
792.44995 12.0 66.0375
800.55005 12.0 66.7125
837.0 12.0 69.75
788.39996 12.0 65.7
720.9 12.0 60.075
737.1 12.0 61.425
716.85 12.0 59.7375
729.0 12.0 60.75
670.94995 12.0 55.9125
670.94995 12.0 55.9125
660.15 12.0 55.0125
688.5 12.0 57.375
706.05005 12.0 58.8375
793.80005 12.0 66.15
826.19995 12.0 68.85
772.19995 12.0 64.35
765.44995 12.0 63.7875
723.6 12.0 60.3
669.6 12.0 55.8
648.0 12.0 54.0
629.1 12.0 52.425
756.0 12.0 63.0
772.19995 12.0 64.35
776.25 12.0 64.6875
743.85 12.0 61.9875
735.75 12.0 61.3125
642.6 12.0 53.55
750.6 12.0 62.55
677.69995 13.0 52.130768
695.25 13.0 53.48077
738.44995 13.0 56.803844
679.05 13.0 52.234615
641.25 13.0 49.326923
648.0 13.0 49.846153
658.8 13.0 50.67692
710.1 13.0 54.623077
670.95 13.0 51.611538
787.05 13.0 60.54231
781.65 13.0 60.126923
756.0 13.0 58.153847
712.8 13.0 54.83077
700.64996 13.0 53.896152
754.64996 13.0 58.05
656.1 13.0 50.46923
676.35004 13.0 52.026924
673.64996 13.0 51.81923
733.05 13.0 56.388462
689.85 13.0 53.065384
670.95 13.0 51.611538
722.25 13.0 55.557693
737.10004 13.0 56.7
766.8 13.0 58.984615
756.0 13.0 58.153847
715.5 13.0 55.03846
714.15 13.0 54.934616
664.2 13.0 51.092308
715.5 13.0 55.03846
661.5 13.0 50.884617
654.75 13.0 50.365383
621.0 13.0 47.76923
656.1 13.0 50.46923
611.55 13.0 47.04231
622.35 13.0 47.873077
645.3 13.0 49.638462
687.15 13.0 52.857693
743.85 13.0 57.21923
722.25 13.0 55.557693
751.95 13.0 57.842308
723.6 13.0 55.661537
758.69995 14.0 54.192856
793.8 14.0 56.7
830.25 14.0 59.30357
818.1 14.0 58.435715
757.35 14.0 54.096428
781.64996 14.0 55.83214
700.65 14.0 50.04643
696.6 14.0 49.75714
626.4 14.0 44.74286
619.65 14.0 44.260715
676.35 14.0 48.310715
646.65 14.0 46.189285
662.85 14.0 47.346428
673.65 14.0 48.11786
687.14996 14.0 49.08214
646.65 14.0 46.189285
660.15 14.0 47.153572
707.4 14.0 50.528572
749.25 14.0 53.517857
774.89996 14.0 55.35
733.05 14.0 52.360714
706.05005 14.0 50.432144
727.64996 14.0 51.975
664.19995 14.0 47.442856
702.0 14.0 50.142857
699.3 14.0 49.95
729.0 14.0 52.07143
679.05 14.0 48.50357
688.5 14.0 49.17857
645.3 14.0 46.092857
687.14996 14.0 49.08214
675.0 14.0 48.214287
733.05 14.0 52.360714
723.6 14.0 51.685715
676.35 14.0 48.310715
619.65 14.0 44.260715
583.2 14.0 41.657143
604.8 14.0 43.2
648.0 14.0 46.285713
776.25 14.0 55.44643
710.1 14.0 50.721428
607.50006 15.000001 40.5
610.2001 15.000001 40.68
652.05005 15.000001 43.47
692.55 15.000001 46.17
695.25 15.000001 46.35
662.85004 15.000001 44.19
625.05 15.000001 41.67
585.9001 15.000001 39.06
699.30005 15.000001 46.62
737.10004 15.000001 49.14
795.15 15.000001 53.01
787.05005 15.000001 52.47
750.60004 15.000001 50.04
773.55005 15.000001 51.57
742.50006 15.000001 49.5
727.65 15.000001 48.51
697.95 15.000001 46.53
711.4501 15.000001 47.43
676.35004 15.000001 45.09
727.65 15.000001 48.51
630.45 15.000001 42.03
639.9 15.000001 42.66
633.15 15.000001 42.21
662.85004 15.000001 44.19
730.35004 15.000001 48.69
750.60004 15.000001 50.04
765.45 15.000001 51.03
727.65 15.000001 48.51
714.15 15.000001 47.61
707.4 15.000001 47.16
708.75006 15.000001 47.25
650.7001 15.000001 43.38
577.80005 15.000001 38.52
573.75006 15.000001 38.25
569.7 15.000001 37.98
580.50006 15.000001 38.7
653.4001 15.000001 43.56
654.75006 15.000001 43.65
638.55005 15.000001 42.57
656.10004 15.000001 43.74
696.60004 15.000001 46.44
730.35 16.0 45.646873
747.9 16.0 46.74375
677.7 16.0 42.35625
670.95 16.0 41.934376
598.05 16.0 37.378124
631.8 16.0 39.4875
638.55 16.0 39.909374
746.55 16.0 46.659374
746.55 16.0 46.659374
695.25 16.0 43.453125
689.85 16.0 43.115623
629.1 16.0 39.31875
657.45 16.0 41.090626
679.05 16.0 42.440624
730.35 16.0 45.646873
766.8 16.0 47.925
758.7 16.0 47.41875
734.4 16.0 45.9
739.8 16.0 46.2375
680.4 16.0 42.525
623.7 16.0 38.98125
602.1 16.0 37.63125
629.1 16.0 39.31875
680.4 16.0 42.525
704.7 16.0 44.04375
685.8 16.0 42.8625
604.8 16.0 37.8
594.0 16.0 37.125
621.0 16.0 38.8125
679.05 16.0 42.440624
737.1 16.0 46.06875
769.5 16.0 48.09375
699.3 16.0 43.70625
711.45 16.0 44.465626
714.15 16.0 44.634377
704.7 16.0 44.04375
666.9 16.0 41.68125
685.8 16.0 42.8625
693.9 16.0 43.36875
699.3 16.0 43.70625
683.1 16.0 42.69375
668.25 17.0 39.308823
654.75 17.0 38.514706
669.60004 17.0 39.388237
649.35004 17.0 38.19706
697.95 17.0 41.05588
727.64996 17.0 42.80294
787.05 17.0 46.29706
703.35 17.0 41.373528
710.1 17.0 41.770588
697.95 17.0 41.05588
761.39996 17.0 44.788235
703.35 17.0 41.373528
753.3 17.0 44.311764
778.94995 17.0 45.820587
768.15 17.0 45.185295
724.95 17.0 42.64412
708.75 17.0 41.691177
711.44995 17.0 41.85
623.7 17.0 36.688236
648.0 17.0 38.117645
615.60004 17.0 36.211765
594.0 17.0 34.941177
612.89996 17.0 36.05294
633.15 17.0 37.244118
697.95 17.0 41.05588
722.25 17.0 42.485294
718.2 17.0 42.24706
677.69995 17.0 39.864704
669.60004 17.0 39.388237
656.1 17.0 38.594116
664.19995 17.0 39.070587
665.55005 17.0 39.15
641.25 17.0 37.72059
680.4 17.0 40.02353
657.45 17.0 38.67353
673.65 17.0 39.626472
680.4 17.0 40.02353
612.89996 17.0 36.05294
645.3 17.0 37.958824
670.95 17.0 39.467648
629.1 17.0 37.005882
762.75 18.0 42.375
711.45 18.0 39.525
712.8 18.0 39.6
665.55 18.0 36.975
707.39996 18.0 39.3
652.05 18.0 36.225
664.2 18.0 36.9
642.60004 18.0 35.7
662.85004 18.0 36.825
688.5 18.0 38.25
676.35004 18.0 37.575
699.3 18.0 38.85
777.60004 18.0 43.2
724.95 18.0 40.275
693.89996 18.0 38.55
648.0 18.0 36.0
669.60004 18.0 37.2
650.7 18.0 36.15
683.10004 18.0 37.95
754.64996 18.0 41.925
768.14996 18.0 42.675
781.64996 18.0 43.425
643.95 18.0 35.775
669.60004 18.0 37.2
664.2 18.0 36.9
692.55 18.0 38.475
739.8 18.0 41.1
726.3 18.0 40.35
688.5 18.0 38.25
635.85004 18.0 35.325
591.3 18.0 32.85
557.55 18.0 30.975
565.64996 18.0 31.425
602.10004 18.0 33.45
675.0 18.0 37.5
691.2 18.0 38.4
693.89996 18.0 38.55
719.55 18.0 39.975
761.39996 18.0 42.3
741.14996 18.0 41.175
635.85004 18.0 35.325
658.8 19.0 34.673683
726.3 19.0 38.226315
672.3 19.0 35.38421
681.75 19.0 35.88158
672.3 19.0 35.38421
722.25 19.0 38.013157
722.25 19.0 38.013157
631.8 19.0 33.252632
646.65 19.0 34.03421
615.60004 19.0 32.4
719.55 19.0 37.87105
712.8 19.0 37.51579
700.65 19.0 36.876316
631.8 19.0 33.252632
661.5 19.0 34.81579
630.45 19.0 33.18158
642.6 19.0 33.821053
643.95 19.0 33.892105
665.55 19.0 35.028946
677.7 19.0 35.668423
749.25 19.0 39.43421
723.6 19.0 38.08421
719.55 19.0 37.87105
646.65 19.0 34.03421
703.35 19.0 37.01842
681.75 19.0 35.88158
661.5 19.0 34.81579
639.9 19.0 33.678947
738.45 19.0 38.86579
730.35 19.0 38.439472
650.7 19.0 34.247368
639.9 19.0 33.678947
706.05 19.0 37.160526
716.85 19.0 37.728947
702.0 19.0 36.94737
619.65 19.0 32.61316
630.45 19.0 33.18158
661.5 19.0 34.81579
753.30005 19.0 39.64737
712.8 19.0 37.51579
718.2 19.0 37.8
629.1 20.0 31.455
646.65 20.0 32.3325
589.95 20.0 29.4975
599.39996 20.0 29.97
627.75 20.0 31.3875
666.9 20.0 33.345
654.75 20.0 32.7375
585.9 20.0 29.295
615.60004 20.0 30.78
576.45 20.0 28.8225
568.35 20.0 28.4175
634.5 20.0 31.725
687.14996 20.0 34.3575
673.64996 20.0 33.6825
630.44995 20.0 31.5225
706.05005 20.0 35.3025
687.14996 20.0 34.3575
610.2 20.0 30.51
523.8 20.0 26.19
552.15 20.0 27.6075
581.85004 20.0 29.0925
660.15 20.0 33.0075
695.25 20.0 34.7625
692.55 20.0 34.6275
723.6 20.0 36.18
751.95 20.0 37.5975
722.25 20.0 36.1125
712.8 20.0 35.64
680.4 20.0 34.02
704.7 20.0 35.235
695.25 20.0 34.7625
749.25 20.0 37.4625
697.94995 20.0 34.8975
749.25 20.0 37.4625
780.3 20.0 39.015
743.85004 20.0 37.1925
772.2 20.0 38.61
710.10004 20.0 35.505
637.2 20.0 31.86
557.55 20.0 27.8775
553.5 20.0 27.675
616.94995 21.0 29.37857
650.7 21.0 30.985714
642.60004 21.0 30.6
688.5 21.0 32.785713
668.25 21.0 31.821428
634.5 21.0 30.214285
618.3 21.0 29.442858
606.15 21.0 28.864286
572.4 21.0 27.257143
558.9 21.0 26.614286
565.65 21.0 26.935715
652.05 21.0 31.05
606.15 21.0 28.864286
595.35004 21.0 28.35
603.45 21.0 28.735714
668.25 21.0 31.821428
727.65 21.0 34.65
688.5 21.0 32.785713
646.64996 21.0 30.792856
622.35 21.0 29.635714
654.75 21.0 31.178572
650.7 21.0 30.985714
623.7 21.0 29.7
637.2 21.0 30.342857
618.3 21.0 29.442858
641.25 21.0 30.535715
616.94995 21.0 29.37857
584.55 21.0 27.835714
535.95 21.0 25.52143
556.2 21.0 26.485714
602.1 21.0 28.671429
623.7 21.0 29.7
619.65 21.0 29.507143
579.15 21.0 27.578571
569.69995 21.0 27.12857
631.8 21.0 30.085714
696.6 21.0 33.17143
656.1 21.0 31.242857
615.6 21.0 29.314285
562.95 21.0 26.807142
602.1 21.0 28.671429
611.55 22.0 27.797728
614.25 22.0 27.920454
665.55005 22.0 30.252274
675.0 22.0 30.681818
661.5 22.0 30.068182
661.5 22.0 30.068182
683.1 22.0 31.05
703.35004 22.0 31.970455
706.05 22.0 32.09318
712.80005 22.0 32.4
677.7 22.0 30.804546
677.7 22.0 30.804546
657.45 22.0 29.88409
615.6 22.0 27.981817
561.60004 22.0 25.527273
544.05 22.0 24.729546
572.4 22.0 26.018183
629.10004 22.0 28.595455
648.0 22.0 29.454546
664.2 22.0 30.190908
697.95 22.0 31.725
704.7 22.0 32.03182
648.0 22.0 29.454546
661.5 22.0 30.068182
652.05 22.0 29.638636
670.94995 22.0 30.497726
699.3 22.0 31.786364
730.35 22.0 33.197727
695.25 22.0 31.602272
606.15 22.0 27.552273
569.7 22.0 25.895454
600.75 22.0 27.306818
675.0 22.0 30.681818
675.0 22.0 30.681818
758.69995 22.0 34.486362
734.39996 22.0 33.381817
708.75 22.0 32.215908
681.75 22.0 30.988636
673.65 22.0 30.620455
631.8 22.0 28.718182
634.5 22.0 28.84091
568.35 23.0 24.710869
575.10004 23.0 25.004349
643.95 23.0 27.997826
633.15 23.0 27.528261
569.7 23.0 24.769566
546.75 23.0 23.77174
600.75 23.0 26.119566
650.7 23.0 28.291304
661.5 23.0 28.76087
646.65 23.0 28.115217
622.35 23.0 27.058695
557.55 23.0 24.241304
530.55 23.0 23.06739
531.9 23.0 23.126087
612.89996 23.0 26.647825
631.8 23.0 27.469564
693.9 23.0 30.169565
619.65 23.0 26.941305
610.2 23.0 26.530436
654.75 23.0 28.467392
619.65 23.0 26.941305
626.4 23.0 27.234783
595.35 23.0 25.884783
612.89996 23.0 26.647825
630.45 23.0 27.41087
625.05 23.0 27.176086
600.75 23.0 26.119566
604.8 23.0 26.295652
594.0 23.0 25.826086
606.14996 23.0 26.354347
579.15 23.0 25.180435
603.44995 23.0 26.236956
616.95 23.0 26.823914
677.7 23.0 29.465218
656.1 23.0 28.526087
625.05 23.0 27.176086
626.4 23.0 27.234783
615.6 23.0 26.765217
607.5 23.0 26.413044
643.95 23.0 27.997826
684.45 23.0 29.758696
622.35 24.0 25.93125
662.85 24.0 27.61875
650.69995 24.0 27.1125
591.30005 24.0 24.6375
587.25 24.0 24.46875
627.75 24.0 26.15625
618.30005 24.0 25.7625
638.55005 24.0 26.60625
579.15 24.0 24.13125
619.65 24.0 25.81875
588.6 24.0 24.525
572.4 24.0 23.85
573.75 24.0 23.90625
598.05005 24.0 24.91875
588.6 24.0 24.525
630.44995 24.0 26.26875
614.25 24.0 25.59375
692.55005 24.0 28.85625
639.9 24.0 26.6625
619.65 24.0 25.81875
598.05005 24.0 24.91875
635.85 24.0 26.49375
585.9 24.0 24.4125
556.19995 24.0 23.175
550.80005 24.0 22.95
630.44995 24.0 26.26875
679.05005 24.0 28.29375
673.65 24.0 28.06875
637.19995 24.0 26.55
591.30005 24.0 24.6375
622.35 24.0 25.93125
619.65 24.0 25.81875
607.5 24.0 25.3125
626.4 24.0 26.1
630.44995 24.0 26.26875
596.69995 24.0 24.8625
616.94995 24.0 25.70625
633.15 24.0 26.38125
594.0 24.0 24.75
656.1 24.0 27.3375
621.0 24.0 25.875
588.60004 25.0 23.544
600.75 25.0 24.03
627.75 25.0 25.11
591.3 25.0 23.652
611.55 25.0 24.462
634.5 25.0 25.38
584.55 25.0 23.382
553.5 25.0 22.14
507.60004 25.0 20.304
599.4 25.0 23.976
592.64996 25.0 23.706
606.15 25.0 24.246
650.7 25.0 26.028
684.45 25.0 27.378
681.75 25.0 27.27
608.85 25.0 24.354
575.1 25.0 23.004
571.05 25.0 22.842
568.35 25.0 22.734
526.5 25.0 21.06
540.0 25.0 21.6
549.45 25.0 21.978
573.75 25.0 22.95
545.4 25.0 21.816
508.94998 25.0 20.358
548.1 25.0 21.924
558.9 25.0 22.356
596.7 25.0 23.868
658.8 25.0 26.352
687.15 25.0 27.486
618.3 25.0 24.732
572.4 25.0 22.896
622.35 25.0 24.894
622.35 25.0 24.894
619.64996 25.0 24.786
616.95 25.0 24.678
621.0 25.0 24.84
653.39996 25.0 26.136
594.0 25.0 23.76
614.25 25.0 24.57
652.05005 25.0 26.082
526.5 26.0 20.25
583.2 26.0 22.430769
579.14996 26.0 22.275
611.55 26.0 23.521154
635.85 26.0 24.455769
585.89996 26.0 22.534615
602.1 26.0 23.157692
579.14996 26.0 22.275
562.94995 26.0 21.651922
522.45 26.0 20.09423
514.35 26.0 19.782692
581.85 26.0 22.378845
553.5 26.0 21.288462
584.55 26.0 22.482693
607.5 26.0 23.365385
596.7 26.0 22.95
589.94995 26.0 22.690384
580.5 26.0 22.326923
533.25 26.0 20.509615
540.0 26.0 20.76923
538.65 26.0 20.717308
552.14996 26.0 21.236538
602.1 26.0 23.157692
630.45 26.0 24.248077
572.4 26.0 22.015385
546.75 26.0 21.028847
549.45 26.0 21.132692
577.80005 26.0 22.223078
553.5 26.0 21.288462
598.05 26.0 23.001923
600.75 26.0 23.10577
567.0 26.0 21.807692
548.1 26.0 21.080769
523.8 26.0 20.146154
661.5 26.0 25.442308
699.3 26.0 26.896154
665.55005 26.0 25.598078
696.6 26.0 26.792307
677.69995 26.0 26.065384
606.15 26.0 23.313461
545.4 26.0 20.976923
592.6501 27.000002 21.95
565.6501 27.000002 20.95
572.4001 27.000002 21.2
573.75006 27.000002 21.25
625.05005 27.000002 23.15
585.9001 27.000002 21.7
533.25006 27.000002 19.75
614.25006 27.000002 22.75
631.80005 27.000002 23.4
657.4501 27.000002 24.35
558.9001 27.000002 20.7
541.35004 27.000002 20.05
541.35004 27.000002 20.05
622.35004 27.000002 23.05
611.55005 27.000002 22.65
552.1501 27.000002 20.45
511.65005 27.000002 18.95
546.75006 27.000002 20.25
565.6501 27.000002 20.95
615.60004 27.000002 22.8
511.65005 27.000002 18.95
607.50006 27.000002 22.5
618.30005 27.000002 22.9
699.30005 27.000002 25.9
630.4501 27.000002 23.35
627.75006 27.000002 23.25
546.75006 27.000002 20.25
523.80005 27.000002 19.4
504.90005 27.000002 18.7
517.05005 27.000002 19.15
572.4001 27.000002 21.2
646.6501 27.000002 23.95
664.2001 27.000002 24.6
568.35004 27.000002 21.05
560.25006 27.000002 20.75
550.80005 27.000002 20.4
634.50006 27.000002 23.5
622.35004 27.000002 23.05
591.30005 27.000002 21.9
591.30005 27.000002 21.9
577.80005 27.000002 21.4
580.5 28.0 20.732143
585.89996 28.0 20.925
572.4 28.0 20.442858
595.35004 28.0 21.2625
558.9 28.0 19.960714
560.25 28.0 20.008928
491.39996 28.0 17.55
533.25 28.0 19.044643
561.6 28.0 20.057142
660.15 28.0 23.576786
629.1 28.0 22.467857
608.85 28.0 21.744642
541.35004 28.0 19.33393
669.6 28.0 23.914286
610.19995 28.0 21.792856
607.5 28.0 21.696428
546.75 28.0 19.526785
645.3 28.0 23.046429
621.0 28.0 22.178572
577.8 28.0 20.635714
480.6 28.0 17.164286
488.7 28.0 17.453571
499.49997 28.0 17.839285
525.15 28.0 18.755358
596.7 28.0 21.310715
623.7 28.0 22.275
579.15 28.0 20.68393
585.89996 28.0 20.925
530.55 28.0 18.948214
560.25 28.0 20.008928
606.15 28.0 21.648214
646.65 28.0 23.094643
642.60004 28.0 22.95
643.95 28.0 22.998215
656.1 28.0 23.432142
612.9 28.0 21.889286
611.55005 28.0 21.841072
600.75 28.0 21.455357
650.7 28.0 23.239286
687.14996 28.0 24.54107
681.75 28.0 24.348215
557.55 29.0 19.225863
530.55005 29.0 18.294828
591.30005 29.0 20.389656
569.69995 29.0 19.644827
598.05 29.0 20.622414
603.45 29.0 20.80862
614.25 29.0 21.181034
610.2 29.0 21.04138
569.69995 29.0 19.644827
560.25 29.0 19.318966
486.0 29.0 16.758621
484.65 29.0 16.712069
561.6 29.0 19.365517
580.5 29.0 20.01724
577.8 29.0 19.924137
500.84998 29.0 17.270689
487.34998 29.0 16.805172
538.65 29.0 18.574139
577.8 29.0 19.924137
523.8 29.0 18.062069
517.05 29.0 17.82931
577.8 29.0 19.924137
599.4 29.0 20.668966
581.85 29.0 20.063793
587.25 29.0 20.25
614.25 29.0 21.181034
658.8 29.0 22.717241
625.05 29.0 21.553448
596.7 29.0 20.575863
577.8 29.0 19.924137
608.85 29.0 20.994827
649.35 29.0 22.391378
672.3 29.0 23.182758
652.05 29.0 22.484482
637.2 29.0 21.972414
619.64996 29.0 21.36724
625.05 29.0 21.553448
645.3 29.0 22.251724
596.7 29.0 20.575863
604.80005 29.0 20.855173
587.25 29.0 20.25
596.7 30.000002 19.89
525.15 30.000002 17.505
491.4 30.000002 16.38
530.55 30.000002 17.685
577.80005 30.000002 19.26
608.85004 30.000002 20.295
623.7001 30.000002 20.79
650.7001 30.000002 21.69
571.05005 30.000002 19.035
572.4 30.000002 19.08
600.75 30.000002 20.025
537.30005 30.000002 17.91
556.2001 30.000002 18.54
553.50006 30.000002 18.45
579.15 30.000002 19.305
557.55 30.000002 18.585
522.4501 30.000002 17.415
507.60004 30.000002 16.92
548.10004 30.000002 18.27
568.35004 30.000002 18.945
567.0 30.000002 18.9
595.35004 30.000002 19.845
577.80005 30.000002 19.26
544.05005 30.000002 18.135
515.7001 30.000002 17.19
531.9 30.000002 17.73
523.8 30.000002 17.46
565.65 30.000002 18.855
535.95 30.000002 17.865
567.0 30.000002 18.9
549.4501 30.000002 18.315
500.85004 30.000002 16.695
499.50003 30.000002 16.65
545.4 30.000002 18.18
545.4 30.000002 18.18
537.30005 30.000002 17.91
499.50003 30.000002 16.65
526.5 30.000002 17.55
569.7 30.000002 18.99
562.95 30.000002 18.765
534.60004 30.000002 17.82
525.15 31.0 16.940323
535.95 31.0 17.28871
534.6 31.0 17.245161
603.45 31.0 19.46613
587.25 31.0 18.943548
595.35 31.0 19.204838
568.35004 31.0 18.333872
579.15 31.0 18.682259
573.75 31.0 18.508064
549.45 31.0 17.724194
527.85004 31.0 17.02742
577.8 31.0 18.63871
581.85004 31.0 18.769356
646.65 31.0 20.859678
619.65 31.0 19.98871
508.94998 31.0 16.417742
507.59998 31.0 16.374193
503.54996 31.0 16.243547
572.39996 31.0 18.464516
603.45 31.0 19.46613
556.19995 31.0 17.941935
557.55 31.0 17.985483
577.8 31.0 18.63871
575.1 31.0 18.551613
552.15 31.0 17.81129
459.0 31.0 14.806452
523.8 31.0 16.896774
515.7 31.0 16.635485
579.15 31.0 18.682259
560.25 31.0 18.07258
561.6 31.0 18.116129
548.1 31.0 17.680645
580.5 31.0 18.725807
546.75 31.0 17.637096
604.8 31.0 19.509678
589.95 31.0 19.030645
572.39996 31.0 18.464516
606.15 31.0 19.553226
565.65 31.0 18.246775
565.65 31.0 18.246775
540.0 31.0 17.419355
621.0 32.0 19.40625
626.4 32.0 19.575
598.05 32.0 18.689062
554.85 32.0 17.339062
517.05 32.0 16.157812
481.95 32.0 15.060938
535.95 32.0 16.748438
623.7 32.0 19.490625
619.65 32.0 19.364063
641.25 32.0 20.039062
599.4 32.0 18.73125
584.55 32.0 18.267187
534.6 32.0 16.70625
503.55 32.0 15.735937
530.55 32.0 16.579687
545.4 32.0 17.04375
565.65 32.0 17.676563
560.25 32.0 17.507812
537.3 32.0 16.790625
556.2 32.0 17.38125
580.5 32.0 18.140625
580.5 32.0 18.140625
548.1 32.0 17.128124
564.3 32.0 17.634375
541.35 32.0 16.917187
568.35 32.0 17.760937
569.7 32.0 17.803125
560.25 32.0 17.507812
533.25 32.0 16.664062
522.45 32.0 16.326563
562.95 32.0 17.592188
606.15 32.0 18.942188
571.05 32.0 17.845312
530.55 32.0 16.579687
544.05 32.0 17.001562
567.0 32.0 17.71875
534.6 32.0 16.70625
494.1 32.0 15.440625
508.95 32.0 15.904688
546.75 32.0 17.085938
494.1 32.0 15.440625
502.19998 33.0 15.218182
557.55 33.0 16.895454
571.05005 33.0 17.304546
588.6 33.0 17.836363
530.55 33.0 16.077272
541.35 33.0 16.404545
564.3 33.0 17.1
500.85 33.0 15.177273
540.0 33.0 16.363636
530.55 33.0 16.077272
508.95 33.0 15.422728
487.35 33.0 14.768182
511.65 33.0 15.504545
522.45 33.0 15.831819
576.45 33.0 17.468182
630.45 33.0 19.104546
616.94995 33.0 18.695454
584.55 33.0 17.713636
618.30005 33.0 18.736364
602.10004 33.0 18.245455
558.89996 33.0 16.936363
508.95 33.0 15.422728
463.05002 33.0 14.031818
496.8 33.0 15.054545
459.0 33.0 13.909091
499.5 33.0 15.136364
480.6 33.0 14.563637
533.25 33.0 16.15909
488.69998 33.0 14.809091
534.60004 33.0 16.2
562.95 33.0 17.059092
511.65 33.0 15.504545
513.0 33.0 15.545455
490.05002 33.0 14.85
499.5 33.0 15.136364
558.89996 33.0 16.936363
579.14996 33.0 17.55
541.35 33.0 16.404545
522.45 33.0 15.831819
546.75 33.0 16.568182
526.5 33.0 15.954545
611.55 34.0 17.986765
569.7 34.0 16.755882
544.05 34.0 16.00147
561.6 34.0 16.517647
491.4 34.0 14.452941
542.7 34.0 15.961764
545.39996 34.0 16.041176
526.5 34.0 15.485294
519.75 34.0 15.286765
460.35 34.0 13.539706
510.3 34.0 15.008823
481.95 34.0 14.175
479.25 34.0 14.095589
508.95 34.0 14.969118
486.0 34.0 14.294118
445.5 34.0 13.1029415
507.6 34.0 14.929412
473.85 34.0 13.936765
422.55002 34.0 12.427941
425.25 34.0 12.507353
484.65 34.0 14.254412
498.15 34.0 14.65147
502.19998 34.0 14.770588
535.95 34.0 15.763235
603.45 34.0 17.74853
560.25 34.0 16.477942
542.7 34.0 15.961764
526.5 34.0 15.485294
499.5 34.0 14.691176
549.44995 34.0 16.160294
525.15 34.0 15.445588
546.75 34.0 16.080883
550.80005 34.0 16.2
565.65 34.0 16.636765
533.25 34.0 15.683824
500.85 34.0 14.730883
537.3 34.0 15.802941
595.35 34.0 17.510294
564.3 34.0 16.59706
545.39996 34.0 16.041176
530.55 34.0 15.604412
560.25 35.0 16.007143
556.2 35.0 15.891429
511.65 35.0 14.618571
506.25 35.0 14.464286
436.05 35.0 12.458571
498.15 35.0 14.232857
519.75 35.0 14.85
491.4 35.0 14.04
472.5 35.0 13.5
502.2 35.0 14.348572
558.9 35.0 15.968572
548.1 35.0 15.66
558.9 35.0 15.968572
577.8 35.0 16.508572
562.95 35.0 16.084286
594.0 35.0 16.971428
535.95 35.0 15.312857
534.6 35.0 15.274285
565.65 35.0 16.161428
585.89996 35.0 16.74
604.80005 35.0 17.28
518.4 35.0 14.811429
527.85 35.0 15.081429
548.1 35.0 15.66
513.0 35.0 14.657143
479.25 35.0 13.692857
413.1 35.0 11.802857
456.3 35.0 13.037143
535.95 35.0 15.312857
530.55 35.0 15.158571
530.55 35.0 15.158571
508.95 35.0 14.541429
529.2 35.0 15.12
540.0 35.0 15.428572
526.5 35.0 15.042857
552.14996 35.0 15.775714
513.0 35.0 14.657143
526.5 35.0 15.042857
508.95 35.0 14.541429
483.30002 35.0 13.808572
480.59998 35.0 13.731428
496.80002 36.0 13.8
529.2 36.0 14.7
550.8 36.0 15.3
592.64996 36.0 16.4625
522.45 36.0 14.5125
495.44998 36.0 13.7625
461.69998 36.0 12.825
575.10004 36.0 15.975
598.05 36.0 16.6125
614.25 36.0 17.0625
541.35004 36.0 15.0375
421.19998 36.0 11.7
460.35 36.0 12.7875
445.5 36.0 12.375
510.30002 36.0 14.175
486.0 36.0 13.5
484.65 36.0 13.4625
471.15 36.0 13.0875
467.1 36.0 12.975
467.1 36.0 12.975
523.8 36.0 14.55
567.0 36.0 15.75
537.3 36.0 14.925
576.45 36.0 16.0125
575.10004 36.0 15.975
552.14996 36.0 15.3375
537.3 36.0 14.925
490.05002 36.0 13.6125
452.25 36.0 12.5625
481.94998 36.0 13.3875
492.75 36.0 13.6875
495.44998 36.0 13.7625
596.7 36.0 16.575
621.0 36.0 17.25
562.95 36.0 15.6375
506.25 36.0 14.0625
504.9 36.0 14.025
522.45 36.0 14.5125
481.94998 36.0 13.3875
503.55002 36.0 13.9875
550.8 36.0 15.3
537.3 37.0 14.521622
494.1 37.0 13.354054
518.4 37.0 14.010811
511.65002 37.0 13.828379
483.30002 37.0 13.062162
500.85 37.0 13.536487
496.8 37.0 13.427027
548.10004 37.0 14.813514
546.75 37.0 14.777027
519.75 37.0 14.0472975
508.95 37.0 13.755405
440.09998 37.0 11.894594
430.65 37.0 11.639189
459.0 37.0 12.405405
460.35 37.0 12.441892
464.4 37.0 12.551352
442.8 37.0 11.967567
461.7 37.0 12.478378
517.05 37.0 13.974324
494.1 37.0 13.354054
527.85 37.0 14.266216
498.15 37.0 13.463513
523.8 37.0 14.156756
580.5 37.0 15.689189
542.7 37.0 14.667567
537.3 37.0 14.521622
527.85 37.0 14.266216
546.75 37.0 14.777027
558.9 37.0 15.105406
484.65002 37.0 13.098649
480.6 37.0 12.989189
540.0 37.0 14.594595
530.55 37.0 14.33919
498.15 37.0 13.463513
490.05 37.0 13.244595
544.05 37.0 14.704054
521.10004 37.0 14.083784
498.15 37.0 13.463513
567.0 37.0 15.324325
517.05 37.0 13.974324
560.25 37.0 15.1418915
567.0 38.0 14.921053
560.25 38.0 14.743421
567.0 38.0 14.921053
548.1 38.0 14.423684
557.55 38.0 14.672368
541.35 38.0 14.246053
554.85 38.0 14.6013155
438.75 38.0 11.546053
465.75003 38.0 12.256579
480.6 38.0 12.647368
530.55 38.0 13.961843
544.05 38.0 14.317105
567.0 38.0 14.921053
488.69998 38.0 12.860526
452.25 38.0 11.901316
475.2 38.0 12.505263
503.55002 38.0 13.251316
510.3 38.0 13.428947
464.4 38.0 12.221052
481.95 38.0 12.682895
461.69998 38.0 12.15
463.05 38.0 12.185526
500.85 38.0 13.1802635
530.55 38.0 13.961843
527.85 38.0 13.890789
526.5 38.0 13.855263
538.65 38.0 14.175
530.55 38.0 13.961843
504.90002 38.0 13.286842
537.3 38.0 14.139474
575.1 38.0 15.134211
503.55002 38.0 13.251316
517.05 38.0 13.606579
471.15002 38.0 12.3986845
498.15002 38.0 13.109211
469.80002 38.0 12.363158
468.45 38.0 12.327632
487.35 38.0 12.825
521.1 38.0 13.713158
508.95 38.0 13.393421
527.85 38.0 13.890789
573.13477 39.0 14.695764
539.3415 39.0 13.829268
536.638 39.0 13.759949
531.2311 39.0 13.621309
521.7689 39.0 13.378691
570.43134 39.0 14.626444
581.2452 39.0 14.903723
497.43774 39.0 12.754814
448.77533 39.0 11.50706
478.51346 39.0 12.269576
420.38898 39.0 10.779204
444.72015 39.0 11.403081
463.6444 39.0 11.888318
512.3068 39.0 13.136072
505.54813 39.0 12.962772
436.60974 39.0 11.195122
475.81 39.0 12.200256
505.54813 39.0 12.962772
487.97562 39.0 12.512196
536.638 39.0 13.759949
475.81 39.0 12.200256
443.3684 39.0 11.368421
479.86523 39.0 12.304236
543.39667 39.0 13.933248
447.4236 39.0 11.472401
481.21695 39.0 12.338896
559.6175 39.0 14.349166
547.4519 39.0 14.037228
494.73428 39.0 12.685494
504.1964 39.0 12.928113
551.5071 39.0 14.141207
489.32733 39.0 12.546855
448.77533 39.0 11.50706
439.31323 39.0 11.2644415
392.00256 39.0 10.051348
489.32733 39.0 12.546855
533.9345 39.0 13.690629
505.54813 39.0 12.962772
452.83057 39.0 11.61104
446.07187 39.0 11.43774
483.9204 39.0 12.4082155
500.84998 40.0 12.52125
445.5 40.0 11.1375
437.40002 40.0 10.935
487.35 40.0 12.18375
495.44998 40.0 12.38625
496.8 40.0 12.42
491.4 40.0 12.285
472.5 40.0 11.8125
477.90002 40.0 11.9475
453.6 40.0 11.34
473.84998 40.0 11.84625
490.05002 40.0 12.25125
445.5 40.0 11.1375
456.30002 40.0 11.4075
452.25 40.0 11.30625
465.75 40.0 11.64375
469.8 40.0 11.745
402.3 40.0 10.0575
430.65 40.0 10.76625
498.15 40.0 12.45375
468.45 40.0 11.71125
544.05 40.0 13.60125
610.2 40.0 15.255
540.0 40.0 13.5
448.2 40.0 11.205
442.8 40.0 11.07
473.84998 40.0 11.84625
467.09998 40.0 11.6775
437.40002 40.0 10.935
525.15 40.0 13.12875
542.7 40.0 13.5675
472.5 40.0 11.8125
481.95 40.0 12.04875
440.09998 40.0 11.0025
433.34998 40.0 10.83375
480.6 40.0 12.015
465.75 40.0 11.64375
456.30002 40.0 11.4075
415.80002 40.0 10.395
456.30002 40.0 11.4075
533.25 40.0 13.33125
471.15002 41.0 11.491464
492.75 41.0 12.018292
533.25 41.0 13.006098
513.0 41.0 12.512196
546.75 41.0 13.335366
526.5 41.0 12.841463
460.34998 41.0 11.228048
472.5 41.0 11.52439
463.05 41.0 11.293902
488.69998 41.0 11.919512
481.95 41.0 11.754878
405.0 41.0 9.878049
437.40002 41.0 10.668293
535.95 41.0 13.071951
463.05 41.0 11.293902
473.84998 41.0 11.557317
395.55002 41.0 9.647561
406.35 41.0 9.910975
423.9 41.0 10.339025
430.65 41.0 10.503658
469.8 41.0 11.458536
457.65 41.0 11.162195
419.85 41.0 10.240244
461.7 41.0 11.260976
535.95 41.0 13.071951
544.05 41.0 13.269512
522.44995 41.0 12.742682
418.5 41.0 10.207317
361.80002 41.0 8.82439
433.35 41.0 10.569512
510.3 41.0 12.4463415
500.85 41.0 12.215854
526.5 41.0 12.841463
446.85 41.0 10.898781
421.19998 41.0 10.27317
390.15002 41.0 9.515854
423.9 41.0 10.339025
465.75 41.0 11.359756
488.69998 41.0 11.919512
526.5 41.0 12.841463
457.65 41.0 11.162195
456.3 42.0 10.864285
457.65 42.0 10.896428
488.7 42.0 11.635715
484.65 42.0 11.539286
437.4 42.0 10.414286
446.85 42.0 10.639286
445.49997 42.0 10.607142
483.30002 42.0 11.507143
519.75 42.0 12.375
468.44998 42.0 11.153571
495.45 42.0 11.796429
479.25 42.0 11.410714
495.45 42.0 11.796429
467.1 42.0 11.1214285
468.44998 42.0 11.153571
483.30002 42.0 11.507143
475.19998 42.0 11.314285
437.4 42.0 10.414286
434.7 42.0 10.35
415.8 42.0 9.9
406.35 42.0 9.675
498.15 42.0 11.860714
454.95 42.0 10.832143
449.55 42.0 10.703571
491.4 42.0 11.7
434.7 42.0 10.35
417.15002 42.0 9.932143
410.4 42.0 9.771428
410.4 42.0 9.771428
444.15 42.0 10.575
448.2 42.0 10.671429
445.49997 42.0 10.607142
475.19998 42.0 11.314285
427.94998 42.0 10.189285
425.25 42.0 10.125
453.6 42.0 10.8
472.5 42.0 11.25
486.0 42.0 11.571428
472.5 42.0 11.25
502.2 42.0 11.957143
538.64996 42.0 12.825
490.05002 43.0 11.396512
488.69998 43.0 11.365116
503.55002 43.0 11.710465
513.0 43.0 11.930233
504.9 43.0 11.74186
523.8 43.0 12.181396
498.15 43.0 11.584884
514.35 43.0 11.961628
561.6 43.0 13.060465
494.1 43.0 11.490698
511.65 43.0 11.898837
608.85004 43.0 14.159303
565.64996 43.0 13.154651
552.14996 43.0 12.840697
476.55 43.0 11.082558
427.95 43.0 9.952326
437.40002 43.0 10.172093
434.7 43.0 10.1093025
441.45 43.0 10.266279
490.05002 43.0 11.396512
469.8 43.0 10.925581
488.69998 43.0 11.365116
453.6 43.0 10.548838
461.7 43.0 10.737209
454.95 43.0 10.580233
434.7 43.0 10.1093025
426.59998 43.0 9.92093
419.84998 43.0 9.763953
438.75 43.0 10.203488
531.89996 43.0 12.369767
545.39996 43.0 12.683721
469.8 43.0 10.925581
410.4 43.0 9.544186
457.65002 43.0 10.6430235
465.75 43.0 10.831395
481.94998 43.0 11.208139
414.45 43.0 9.638372
422.55 43.0 9.826744
426.59998 43.0 9.92093
475.2 43.0 11.051163
477.9 43.0 11.113954
413.1 44.0 9.388637
452.25 44.0 10.278409
444.15002 44.0 10.094318
433.35 44.0 9.848864
487.35 44.0 11.076137
526.5 44.0 11.965909
500.85 44.0 11.382955
477.9 44.0 10.861363
522.44995 44.0 11.873863
515.7 44.0 11.720454
510.3 44.0 11.597727
504.90002 44.0 11.475
468.45 44.0 10.646591
422.55 44.0 9.603409
508.94998 44.0 11.567045
469.8 44.0 10.677273
488.7 44.0 11.106818
483.3 44.0 10.984091
441.44998 44.0 10.032954
444.15002 44.0 10.094318
500.85 44.0 11.382955
449.55002 44.0 10.217046
427.94998 44.0 9.726136
448.19998 44.0 10.186363
441.44998 44.0 10.032954
419.85 44.0 9.542046
402.3 44.0 9.143182
410.4 44.0 9.327272
441.44998 44.0 10.032954
468.45 44.0 10.646591
481.95 44.0 10.953409
403.65 44.0 9.173863
359.1 44.0 8.161364
415.8 44.0 9.45
445.5 44.0 10.125
448.19998 44.0 10.186363
494.1 44.0 11.229546
503.55 44.0 11.444318
494.1 44.0 11.229546
440.1 44.0 10.002273
469.8 44.0 10.677273
379.35 45.0 8.43
396.9 45.0 8.82
433.35 45.0 9.63
521.1 45.0 11.58
477.9 45.0 10.62
480.6 45.0 10.68
519.75 45.0 11.55
477.9 45.0 10.62
423.9 45.0 9.42
425.25 45.0 9.45
457.65 45.0 10.17
487.35 45.0 10.83
515.7 45.0 11.46
519.75 45.0 11.55
459.0 45.0 10.2
480.6 45.0 10.68
477.9 45.0 10.62
483.3 45.0 10.74
476.55002 45.0 10.59
400.94998 45.0 8.91
392.84998 45.0 8.73
360.45 45.0 8.01
329.4 45.0 7.32
411.74997 45.0 9.15
433.35 45.0 9.63
438.75 45.0 9.75
440.09998 45.0 9.78
450.90002 45.0 10.02
434.69998 45.0 9.66
452.25 45.0 10.05
448.2 45.0 9.96
453.6 45.0 10.08
492.75 45.0 10.95
472.5 45.0 10.5
453.6 45.0 10.08
414.45 45.0 9.21
452.25 45.0 10.05
513.0 45.0 11.4
469.8 45.0 10.44
460.34998 45.0 10.23
426.59998 45.0 9.48
463.05 46.0 10.066304
448.19998 46.0 9.743478
454.95 46.0 9.890218
485.99997 46.0 10.565217
423.90002 46.0 9.215218
446.85 46.0 9.71413
450.9 46.0 9.802174
383.4 46.0 8.334783
438.74997 46.0 9.538043
446.85 46.0 9.71413
449.55002 46.0 9.772826
429.3 46.0 9.332608
365.85 46.0 7.953261
357.75 46.0 7.777174
399.6 46.0 8.686956
390.15 46.0 8.481522
388.80002 46.0 8.452174
429.3 46.0 9.332608
388.80002 46.0 8.452174
380.69998 46.0 8.276087
399.6 46.0 8.686956
430.65 46.0 9.361957
382.05002 46.0 8.305435
359.1 46.0 7.806522
396.9 46.0 8.628261
425.25 46.0 9.244565
378.0 46.0 8.217391
409.05 46.0 8.892391
457.65 46.0 9.948913
440.1 46.0 9.567391
368.55 46.0 8.011956
387.44998 46.0 8.422826
496.80002 46.0 10.8
499.5 46.0 10.858696
461.7 46.0 10.036957
464.40002 46.0 10.095653
510.3 46.0 11.093478
492.75003 46.0 10.711957
456.3 46.0 9.919565
452.25 46.0 9.831522
423.90002 46.0 9.215218
494.1 47.0 10.512766
499.5 47.0 10.62766
453.6 47.0 9.651064
446.85 47.0 9.507447
444.15 47.0 9.45
445.5 47.0 9.478724
382.05 47.0 8.128723
364.5 47.0 7.755319
355.05002 47.0 7.5542555
411.75 47.0 8.760638
419.85 47.0 8.932979
440.1 47.0 9.36383
392.85 47.0 8.358511
391.5 47.0 8.329787
459.00003 47.0 9.765958
492.74997 47.0 10.484042
437.4 47.0 9.306383
384.75003 47.0 8.186171
402.3 47.0 8.559574
456.3 47.0 9.70851
414.44998 47.0 8.818085
419.85 47.0 8.932979
422.55 47.0 8.990425
441.45 47.0 9.392553
391.5 47.0 8.329787
337.5 47.0 7.180851
373.94998 47.0 7.9563828
409.05002 47.0 8.703192
378.0 47.0 8.042553
364.5 47.0 7.755319
396.90002 47.0 8.444681
418.49997 47.0 8.904255
383.4 47.0 8.157447
359.1 47.0 7.6404257
399.6 47.0 8.502128
406.34998 47.0 8.645744
488.69998 47.0 10.397872
530.55 47.0 11.288298
576.45 47.0 12.264894
475.2 47.0 10.110639
418.49997 47.0 8.904255
305.09998 48.0 6.35625
380.7 48.0 7.93125
468.44998 48.0 9.759375
430.65002 48.0 8.971875
380.7 48.0 7.93125
430.65002 48.0 8.971875
487.34998 48.0 10.153125
437.40002 48.0 9.1125
452.25 48.0 9.421875
449.55002 48.0 9.365625
369.90002 48.0 7.70625
444.15002 48.0 9.253125
479.25 48.0 9.984375
441.44998 48.0 9.196875
432.0 48.0 9.0
402.30002 48.0 8.38125
437.40002 48.0 9.1125
506.25 48.0 10.546875
515.69995 48.0 10.74375
500.84998 48.0 10.434375
445.5 48.0 9.28125
396.90002 48.0 8.26875
387.44998 48.0 8.071875
422.55002 48.0 8.803125
427.94998 48.0 8.915625
473.84998 48.0 9.871875
463.05002 48.0 9.646875
437.40002 48.0 9.1125
418.5 48.0 8.71875
449.55002 48.0 9.365625
479.25 48.0 9.984375
437.40002 48.0 9.1125
407.69998 48.0 8.49375
406.34998 48.0 8.465625
368.55 48.0 7.678125
368.55 48.0 7.678125
450.90002 48.0 9.39375
454.94998 48.0 9.478125
367.2 48.0 7.65
351.0 48.0 7.3125
417.15002 48.0 8.690625
373.95 49.0 7.631633
425.25 49.0 8.678572
396.90002 49.0 8.1
388.8 49.0 7.934694
415.8 49.0 8.485714
463.05 49.0 9.45
461.7 49.0 9.422449
391.5 49.0 7.9897957
418.5 49.0 8.540816
468.45 49.0 9.5602045
459.0 49.0 9.367347
463.05 49.0 9.45
552.15 49.0 11.268368
471.15 49.0 9.615306
456.30002 49.0 9.312245
422.55 49.0 8.623469
383.4 49.0 7.8244896
378.0 49.0 7.714286
421.2 49.0 8.595919
427.94998 49.0 8.733673
436.05 49.0 8.898979
446.85 49.0 9.119388
409.05002 49.0 8.3479595
376.65 49.0 7.6867347
390.15 49.0 7.962245
382.05002 49.0 7.796939
319.95 49.0 6.529592
364.5 49.0 7.4387755
426.6 49.0 8.706122
402.3 49.0 8.210204
303.75 49.0 6.1989794
336.15 49.0 6.860204
403.65 49.0 8.237755
423.9 49.0 8.65102
438.75 49.0 8.954082
405.00003 49.0 8.265306
357.75 49.0 7.3010206
431.99997 49.0 8.816326
473.85 49.0 9.670408
464.40002 49.0 9.477551
477.9 49.0 9.753061
394.19998 50.0 7.884
409.05 50.0 8.181
417.15002 50.0 8.343
417.15002 50.0 8.343
472.5 50.0 9.45
394.19998 50.0 7.884
375.3 50.0 7.506
432.00003 50.0 8.64
387.45 50.0 7.749
419.85 50.0 8.397
464.4 50.0 9.288
406.35 50.0 8.127
441.45 50.0 8.829
499.5 50.0 9.99
436.05 50.0 8.721
369.9 50.0 7.398
359.1 50.0 7.182
361.8 50.0 7.236
386.1 50.0 7.722
434.7 50.0 8.694
432.00003 50.0 8.64
440.1 50.0 8.802
414.44998 50.0 8.289
409.05 50.0 8.181
452.25 50.0 9.045
348.30002 50.0 6.966
344.25 50.0 6.885
382.05 50.0 7.641
403.65 50.0 8.073
434.7 50.0 8.694
391.5 50.0 7.83
363.15 50.0 7.263
380.69998 50.0 7.614
379.35 50.0 7.587
382.05 50.0 7.641
378.0 50.0 7.56
403.65 50.0 8.073
346.95 50.0 6.939
413.1 50.0 8.262
468.45 50.0 9.369
375.3 50.0 7.506
411.75 51.0 8.073529
399.6 51.0 7.8352942
375.3 51.0 7.3588233
391.5 51.0 7.6764708
376.65 51.0 7.385294
371.25 51.0 7.279412
454.95 51.0 8.9205885
430.65 51.0 8.444118
481.94998 51.0 9.45
459.0 51.0 9.0
495.44998 51.0 9.714705
464.40002 51.0 9.105883
473.85 51.0 9.291177
413.1 51.0 8.1
324.0 51.0 6.352941
368.55 51.0 7.2264705
395.55 51.0 7.7558823
441.44998 51.0 8.655882
383.40002 51.0 7.5176473
394.19998 51.0 7.7294116
368.55 51.0 7.2264705
425.24997 51.0 8.338235
485.99997 51.0 9.529411
413.1 51.0 8.1
330.75 51.0 6.4852943
364.5 51.0 7.147059
406.35 51.0 7.967647
394.19998 51.0 7.7294116
415.8 51.0 8.152941
410.40002 51.0 8.047059
449.55 51.0 8.814706
454.95 51.0 8.9205885
429.30002 51.0 8.417647
410.40002 51.0 8.047059
427.94998 51.0 8.391176
403.65 51.0 7.9147058
386.1 51.0 7.570588
382.05002 51.0 7.4911766
360.44998 51.0 7.067647
388.8 51.0 7.6235294
406.35 51.0 7.967647
402.3 52.0 7.7365384
390.15 52.0 7.5028844
360.45 52.0 6.9317307
422.55 52.0 8.125961
391.5 52.0 7.5288463
342.9 52.0 6.5942307
383.4 52.0 7.373077
405.0 52.0 7.7884617
407.69998 52.0 7.8403845
448.2 52.0 8.619231
438.75 52.0 8.4375
448.2 52.0 8.619231
450.90002 52.0 8.671154
402.3 52.0 7.7365384
442.8 52.0 8.515385
392.85 52.0 7.5548077
378.0 52.0 7.269231
364.5 52.0 7.0096154
355.05 52.0 6.8278847
413.09998 52.0 7.9442306
394.19998 52.0 7.580769
359.1 52.0 6.9057693
419.85 52.0 8.0740385
440.1 52.0 8.463462
355.05 52.0 6.8278847
413.09998 52.0 7.9442306
418.5 52.0 8.048077
375.3 52.0 7.2173076
380.69998 52.0 7.3211536
379.35 52.0 7.2951922
419.85 52.0 8.0740385
383.4 52.0 7.373077
394.19998 52.0 7.580769
402.3 52.0 7.7365384
357.75 52.0 6.8798075
352.35 52.0 6.7759614
405.0 52.0 7.7884617
454.95 52.0 8.749039
419.85 52.0 8.0740385
372.6 52.0 7.165385
440.1 52.0 8.463462
354.03397 52.999996 6.679887
383.76202 52.999996 7.240793
404.03113 52.999996 7.6232295
375.65436 52.999996 7.0878186
372.9518 52.999996 7.036827
389.1671 52.999996 7.3427763
347.2776 52.999996 6.5524077
331.06232 52.999996 6.246459
335.11612 52.999996 6.322946
305.3881 52.999996 5.7620397
332.41357 52.999996 6.2719545
360.79034 52.999996 6.8073654
370.24927 52.999996 6.9858356
397.27478 52.999996 7.495751
418.89514 52.999996 7.9036827
424.30026 52.999996 8.005666
395.9235 52.999996 7.470255
343.2238 52.999996 6.4759207
398.62604 52.999996 7.5212464
401.32858 52.999996 7.572238
368.89798 52.999996 6.96034
389.1671 52.999996 7.3427763
379.7082 52.999996 7.164306
382.41074 52.999996 7.215297
402.67984 52.999996 7.5977335
439.16425 52.999996 8.2861185
366.19543 52.999996 6.9093485
348.62888 52.999996 6.5779037
397.27478 52.999996 7.495751
405.3824 52.999996 7.648725
359.4391 52.999996 6.78187
355.38525 52.999996 6.7053823
364.84415 52.999996 6.8838525
402.67984 52.999996 7.5977335
433.7592 52.999996 8.184136
409.43625 52.999996 7.7252126
412.1388 52.999996 7.776204
424.30026 52.999996 8.005666
383.76202 52.999996 7.240793
375.65436 52.999996 7.0878186
355.38525 52.999996 6.7053823
394.20004 54.000004 7.3
344.25003 54.000004 6.375
338.85004 54.000004 6.275
321.30002 54.000004 5.95
384.75003 54.000004 7.125
449.55002 54.000004 8.325
475.20004 54.000004 8.8
434.70004 54.000004 8.05
357.75003 54.000004 6.625
348.30002 54.000004 6.45
352.35004 54.000004 6.525
365.85004 54.000004 6.775
363.15002 54.000004 6.725
364.50003 54.000004 6.75
407.70004 54.000004 7.55
333.45004 54.000004 6.175
338.85004 54.000004 6.275
351.00003 54.000004 6.5
382.05002 54.000004 7.075
367.20004 54.000004 6.8
364.50003 54.000004 6.75
346.95004 54.000004 6.425
344.25003 54.000004 6.375
376.65002 54.000004 6.975
398.25003 54.000004 7.375
394.20004 54.000004 7.3
390.15002 54.000004 7.225
427.95004 54.000004 7.925
394.20004 54.000004 7.3
330.75003 54.000004 6.125
307.80002 54.000004 5.7
330.75003 54.000004 6.125
379.35004 54.000004 7.025
372.60004 54.000004 6.9
380.70004 54.000004 7.05
319.95004 54.000004 5.925
399.60004 54.000004 7.4
390.15002 54.000004 7.225
382.05002 54.000004 7.075
336.15002 54.000004 6.225
390.15002 54.000004 7.225
341.55 55.0 6.21
334.8 55.0 6.0872726
319.94998 55.0 5.8172727
276.75 55.0 5.0318184
372.6 55.0 6.7745457
382.05 55.0 6.9463634
344.25 55.0 6.259091
301.05 55.0 5.473636
326.7 55.0 5.94
364.5 55.0 6.6272726
403.65 55.0 7.339091
410.4 55.0 7.461818
378.0 55.0 6.8727274
310.5 55.0 5.6454544
299.7 55.0 5.449091
346.95 55.0 6.308182
371.25 55.0 6.75
324.0 55.0 5.890909
313.19998 55.0 5.6945453
387.45 55.0 7.0445457
415.8 55.0 7.56
372.6 55.0 6.7745457
400.95 55.0 7.29
391.5 55.0 7.1181817
406.35 55.0 7.3881817
376.65 55.0 6.8481817
341.55 55.0 6.21
378.0 55.0 6.8727274
394.19998 55.0 7.1672726
422.55002 55.0 7.6827273
353.7 55.0 6.430909
332.1 55.0 6.038182
348.30002 55.0 6.3327274
361.8 55.0 6.5781817
336.15 55.0 6.1118183
353.7 55.0 6.430909
395.55 55.0 7.191818
390.15 55.0 7.0936365
379.35 55.0 6.8972726
383.4 55.0 6.970909
368.55 55.0 6.700909
355.05 56.0 6.3401785
325.35 56.0 5.8098216
356.40002 56.0 6.364286
405.0 56.0 7.232143
399.59998 56.0 7.135714
340.19998 56.0 6.075
361.8 56.0 6.4607143
314.55 56.0 5.6169643
342.9 56.0 6.1232142
299.7 56.0 5.3517857
356.40002 56.0 6.364286
388.80002 56.0 6.9428573
348.3 56.0 6.2196426
359.1 56.0 6.4125
364.5 56.0 6.508929
332.09998 56.0 5.930357
337.5 56.0 6.026786
330.75 56.0 5.90625
330.75 56.0 5.90625
299.7 56.0 5.3517857
310.5 56.0 5.544643
334.8 56.0 5.9785714
368.55002 56.0 6.58125
310.5 56.0 5.544643
382.05 56.0 6.8223214
349.65 56.0 6.24375
322.65 56.0 5.761607
390.15 56.0 6.9669642
348.3 56.0 6.2196426
340.19998 56.0 6.075
356.40002 56.0 6.364286
338.85 56.0 6.050893
317.25 56.0 5.665179
379.34998 56.0 6.774107
399.59998 56.0 7.135714
368.55002 56.0 6.58125
388.80002 56.0 6.9428573
348.3 56.0 6.2196426
349.65 56.0 6.24375
324.0 56.0 5.785714
369.9 56.0 6.605357
267.3 57.0 4.6894736
361.8 57.0 6.3473682
355.05 57.0 6.228947
414.45 57.0 7.271053
422.55 57.0 7.413158
337.5 57.0 5.9210525
332.1 57.0 5.826316
353.7 57.0 6.205263
382.05 57.0 6.7026315
332.1 57.0 5.826316
332.1 57.0 5.826316
346.95 57.0 6.086842
338.85 57.0 5.944737
378.0 57.0 6.631579
338.85 57.0 5.944737
303.75 57.0 5.3289475
353.7 57.0 6.205263
326.69998 57.0 5.731579
275.4 57.0 4.8315787
328.05002 57.0 5.7552633
376.65002 57.0 6.607895
395.55 57.0 6.9394736
337.5 57.0 5.9210525
288.9 57.0 5.068421
348.3 57.0 6.110526
353.7 57.0 6.205263
351.0 57.0 6.1578946
345.6 57.0 6.063158
352.35 57.0 6.181579
363.15 57.0 6.3710527
391.5 57.0 6.868421
330.75 57.0 5.8026314
336.15 57.0 5.8973684
369.9 57.0 6.489474
324.0 57.0 5.6842103
322.65 57.0 5.6605263
302.4 57.0 5.305263
360.45 57.0 6.323684
390.15002 57.0 6.844737
318.6 57.0 5.5894737
336.15 57.0 5.8973684
309.15 58.0 5.3301725
307.80002 58.0 5.3068967
321.3 58.0 5.539655
376.65 58.0 6.4939656
368.55002 58.0 6.3543105
315.9 58.0 5.446552
314.55002 58.0 5.423276
325.35 58.0 5.609483
279.44998 58.0 4.8181033
322.65 58.0 5.562931
244.35 58.0 4.212931
305.1 58.0 5.260345
317.25 58.0 5.4698277
306.45 58.0 5.283621
311.85 58.0 5.3767242
353.69998 58.0 6.0982757
346.94998 58.0 5.9818964
351.0 58.0 6.051724
352.34998 58.0 6.075
325.35 58.0 5.609483
359.1 58.0 6.1913795
387.45 58.0 6.6801724
373.95 58.0 6.447414
348.3 58.0 6.0051723
338.85 58.0 5.8422413
400.94998 58.0 6.912931
342.9 58.0 5.912069
317.25 58.0 5.4698277
329.4 58.0 5.6793103
297.0 58.0 5.12069
344.25 58.0 5.9353447
348.3 58.0 6.0051723
318.6 58.0 5.4931035
261.9 58.0 4.515517
319.95 58.0 5.5163794
317.25 58.0 5.4698277
307.80002 58.0 5.3068967
290.25 58.0 5.00431
310.5 58.0 5.3534484
294.30002 58.0 5.074138
279.44998 58.0 4.8181033
321.5725 58.999996 5.4503818
320.22134 58.999996 5.4274807
322.92365 58.999996 5.4732823
348.5954 58.999996 5.9083967
316.1679 58.999996 5.3587785
358.0534 58.999996 6.068702
335.08395 58.999996 5.6793895
335.08395 58.999996 5.6793895
340.48853 58.999996 5.7709923
378.3206 58.999996 6.412214
332.38165 58.999996 5.633588
341.8397 58.999996 5.7938933
290.49615 58.999996 4.923664
260.771 58.999996 4.4198475
360.7557 58.999996 6.114504
368.86258 58.999996 6.2519083
352.64883 58.999996 5.9770994
386.42746 58.999996 6.5496182
343.19083 58.999996 5.816794
282.3893 58.999996 4.7862597
351.29767 58.999996 5.9541984
351.29767 58.999996 5.9541984
339.1374 58.999996 5.7480917
367.51144 58.999996 6.2290077
386.42746 58.999996 6.5496182
387.77863 58.999996 6.5725193
385.07632 58.999996 6.5267177
325.62595 58.999996 5.519084
360.7557 58.999996 6.114504
382.37402 58.999996 6.480916
340.48853 58.999996 5.7709923
276.9847 58.999996 4.6946564
298.60303 58.999996 5.0610685
376.96942 58.999996 6.3893127
376.96942 58.999996 6.3893127
314.81677 58.999996 5.335878
363.458 58.999996 6.1603055
383.72516 58.999996 6.5038166
316.1679 58.999996 5.3587785
333.7328 58.999996 5.6564884
372.916 58.999996 6.3206105
334.80002 60.000004 5.58
342.90002 60.000004 5.715
329.4 60.000004 5.49
313.2 60.000004 5.22
310.50003 60.000004 5.175
387.45 60.000004 6.4575
380.7 60.000004 6.345
329.4 60.000004 5.49
310.50003 60.000004 5.175
291.60004 60.000004 4.86
386.1 60.000004 6.435
346.95 60.000004 5.7825
336.15002 60.000004 5.6025
363.15002 60.000004 6.0525
386.1 60.000004 6.435
361.80005 60.000004 6.03
340.2 60.000004 5.67
368.55002 60.000004 6.1425
310.50003 60.000004 5.175
311.85004 60.000004 5.1975
318.6 60.000004 5.31
346.95 60.000004 5.7825
341.55002 60.000004 5.6925
341.55002 60.000004 5.6925
340.2 60.000004 5.67
342.90002 60.000004 5.715
375.30002 60.000004 6.255
386.1 60.000004 6.435
361.80005 60.000004 6.03
297.0 60.000004 4.95
372.60004 60.000004 6.21
282.15002 60.000004 4.7025
330.75 60.000004 5.5125
328.05002 60.000004 5.4675
336.15002 60.000004 5.6025
301.05002 60.000004 5.0175
349.65002 60.000004 5.8275
361.80005 60.000004 6.03
326.70004 60.000004 5.445
364.5 60.000004 6.075
306.45 60.000004 5.1075
363.15 61.0 5.9532785
342.90002 61.0 5.6213117
305.1 61.0 5.0016394
357.75 61.0 5.864754
351.0 61.0 5.7540984
336.15 61.0 5.510656
333.45 61.0 5.4663935
333.45 61.0 5.4663935
326.7 61.0 5.3557377
399.6 61.0 6.55082
382.05002 61.0 6.263115
322.65 61.0 5.2893443
301.05002 61.0 4.935246
302.4 61.0 4.957377
276.75 61.0 4.5368853
287.55 61.0 4.7139344
305.1 61.0 5.0016394
295.65 61.0 4.846721
357.75 61.0 5.864754
324.0 61.0 5.3114753
295.65 61.0 4.846721
334.8 61.0 5.4885244
352.35 61.0 5.7762294
356.4 61.0 5.8426228
305.1 61.0 5.0016394
330.75 61.0 5.422131
294.3 61.0 4.82459
241.65 61.0 3.9614754
311.85 61.0 5.112295
346.95 61.0 5.687705
372.6 61.0 6.1081967
265.95 61.0 4.359836
303.75 61.0 4.9795084
314.55002 61.0 5.1565576
263.25 61.0 4.3155737
319.94998 61.0 5.245082
325.35 61.0 5.3336067
321.30002 61.0 5.2672133
275.40002 61.0 4.5147543
267.3 61.0 4.381967
336.15 61.0 5.510656
297.0 62.0 4.790323
307.8 62.0 4.964516
318.6 62.0 5.1387095
292.94998 62.0 4.725
344.25 62.0 5.552419
303.75 62.0 4.899194
263.25 62.0 4.245968
268.65 62.0 4.3330646
282.15 62.0 4.5508065
221.4 62.0 3.5709677
302.4 62.0 4.8774195
301.05 62.0 4.855645
297.0 62.0 4.790323
298.34998 62.0 4.8120966
357.75 62.0 5.770161
319.95 62.0 5.160484
287.55 62.0 4.637903
302.4 62.0 4.8774195
306.44998 62.0 4.942742
272.69998 62.0 4.398387
264.6 62.0 4.267742
313.2 62.0 5.051613
368.55002 62.0 5.944355
299.69998 62.0 4.833871
292.94998 62.0 4.725
392.85 62.0 6.3362904
315.90002 62.0 5.0951614
264.6 62.0 4.267742
261.9 62.0 4.2241936
260.55 62.0 4.2024193
272.69998 62.0 4.398387
341.55002 62.0 5.508871
317.25 62.0 5.1169353
257.85 62.0 4.158871
243.0 62.0 3.919355
292.94998 62.0 4.725
295.65 62.0 4.7685485
275.4 62.0 4.4419355
260.55 62.0 4.2024193
291.59998 62.0 4.7032256
319.95 62.0 5.160484
302.40002 63.0 4.8
278.1 63.0 4.4142857
268.65 63.0 4.2642856
309.15 63.0 4.9071426
338.85 63.0 5.3785715
310.5 63.0 4.928571
314.55 63.0 4.992857
268.65 63.0 4.2642856
328.05 63.0 5.207143
341.55002 63.0 5.4214287
415.8 63.0 6.6
322.65 63.0 5.1214285
283.5 63.0 4.5
271.35 63.0 4.3071427
336.15 63.0 5.3357143
321.3 63.0 5.1
313.19998 63.0 4.9714284
280.8 63.0 4.457143
301.05002 63.0 4.7785716
267.3 63.0 4.242857
256.5 63.0 4.071429
260.55 63.0 4.135714
307.8 63.0 4.885714
260.55 63.0 4.135714
286.2 63.0 4.542857
324.0 63.0 5.142857
326.7 63.0 5.1857142
373.95 63.0 5.9357142
295.65 63.0 4.6928573
290.25 63.0 4.607143
271.35 63.0 4.3071427
326.7 63.0 5.1857142
278.1 63.0 4.4142857
247.05 63.0 3.9214287
268.65 63.0 4.2642856
301.05002 63.0 4.7785716
275.4 63.0 4.3714285
329.4 63.0 5.2285714
334.8 63.0 5.3142858
353.7 63.0 5.614286
288.9 63.0 4.5857143
291.6 64.0 4.55625
267.3 64.0 4.1765623
344.25 64.0 5.3789062
321.3 64.0 5.0203123
298.35 64.0 4.661719
292.95 64.0 4.577344
336.15 64.0 5.2523437
330.75 64.0 5.1679688
313.2 64.0 4.89375
256.5 64.0 4.0078125
282.15 64.0 4.4085937
256.5 64.0 4.0078125
241.65 64.0 3.7757812
283.5 64.0 4.4296875
321.3 64.0 5.0203123
274.05 64.0 4.282031
278.1 64.0 4.3453126
220.05 64.0 3.4382813
259.2 64.0 4.05
245.7 64.0 3.8390625
248.4 64.0 3.88125
229.5 64.0 3.5859375
264.6 64.0 4.134375
332.1 64.0 5.1890626
279.45 64.0 4.3664064
233.55 64.0 3.6492188
186.3 64.0 2.9109375
245.7 64.0 3.8390625
244.35 64.0 3.8179688
313.2 64.0 4.89375
326.7 64.0 5.1046877
313.2 64.0 4.89375
295.65 64.0 4.619531
332.1 64.0 5.1890626
302.4 64.0 4.725
252.45 64.0 3.9445312
252.45 64.0 3.9445312
311.85 64.0 4.8726563
325.35 64.0 5.083594
280.8 64.0 4.3875
247.05 64.0 3.8601563
288.9 65.0 4.4446154
310.5 65.0 4.776923
319.94998 65.0 4.9223075
295.65 65.0 4.5484614
261.9 65.0 4.0292306
276.75 65.0 4.2576923
256.5 65.0 3.9461539
276.75 65.0 4.2576923
276.75 65.0 4.2576923
218.7 65.0 3.3646154
270.0 65.0 4.1538463
283.5 65.0 4.3615384
248.4 65.0 3.8215384
220.05 65.0 3.3853846
282.15 65.0 4.3407693
334.8 65.0 5.150769
297.0 65.0 4.5692306
292.95 65.0 4.506923
288.9 65.0 4.4446154
238.95 65.0 3.676154
280.80002 65.0 4.32
337.5 65.0 5.1923075
307.8 65.0 4.7353845
306.45 65.0 4.7146153
205.2 65.0 3.156923
241.65001 65.0 3.7176924
315.9 65.0 4.86
248.4 65.0 3.8215384
217.34999 65.0 3.343846
234.9 65.0 3.613846
286.2 65.0 4.403077
305.1 65.0 4.693846
263.25 65.0 4.05
263.25 65.0 4.05
240.3 65.0 3.696923
257.85 65.0 3.966923
279.44998 65.0 4.2992306
236.25 65.0 3.6346154
257.85 65.0 3.966923
292.95 65.0 4.506923
294.3 65.0 4.5276923
309.15002 66.0 4.684091
272.7 66.0 4.1318183
207.90001 66.0 3.15
307.8 66.0 4.663636
283.5 66.0 4.2954545
279.44998 66.0 4.234091
315.9 66.0 4.7863636
307.8 66.0 4.663636
318.6 66.0 4.827273
274.05 66.0 4.1522727
238.95 66.0 3.6204545
267.30002 66.0 4.05
311.85 66.0 4.725
299.7 66.0 4.5409093
309.15002 66.0 4.684091
340.19998 66.0 5.1545453
284.84998 66.0 4.315909
276.75 66.0 4.193182
216.0 66.0 3.2727273
255.15 66.0 3.865909
290.25 66.0 4.3977275
318.6 66.0 4.827273
237.59999 66.0 3.6
238.95 66.0 3.6204545
270.0 66.0 4.090909
256.5 66.0 3.8863637
298.34998 66.0 4.5204544
324.0 66.0 4.909091
314.55002 66.0 4.765909
348.3 66.0 5.2772727
349.65 66.0 5.297727
328.05002 66.0 4.9704547
295.65002 66.0 4.4795456
221.4 66.0 3.3545454
201.15001 66.0 3.0477273
261.9 66.0 3.9681818
284.84998 66.0 4.315909
284.84998 66.0 4.315909
298.34998 66.0 4.5204544
283.5 66.0 4.2954545
283.5 66.0 4.2954545
248.40001 67.0 3.7074628
298.35 67.0 4.4529853
321.3 67.0 4.795522
292.94998 67.0 4.372388
253.8 67.0 3.7880597
199.8 67.0 2.9820895
279.45 67.0 4.1708956
284.85 67.0 4.2514925
209.25 67.0 3.1231344
279.45 67.0 4.1708956
264.6 67.0 3.9492538
267.3 67.0 3.9895523
234.90001 67.0 3.5059702
210.6 67.0 3.1432836
226.8 67.0 3.3850746
278.1 67.0 4.1507463
297.00003 67.0 4.432836
259.19998 67.0 3.8686566
267.3 67.0 3.9895523
291.59998 67.0 4.3522387
244.34999 67.0 3.6470149
226.8 67.0 3.3850746
253.8 67.0 3.7880597
229.5 67.0 3.425373
265.95 67.0 3.969403
270.0 67.0 4.029851
253.8 67.0 3.7880597
288.9 67.0 4.31194
341.55 67.0 5.097761
229.5 67.0 3.425373
256.5 67.0 3.8283582
272.7 67.0 4.0701494
274.05002 67.0 4.0902987
236.25 67.0 3.5261195
245.7 67.0 3.667164
245.7 67.0 3.667164
222.75 67.0 3.324627
238.95 67.0 3.566418
295.65 67.0 4.4126863
240.3 67.0 3.5865672
201.15 67.0 3.0022388
298.34998 68.0 4.3875
268.65 68.0 3.9507353
279.45 68.0 4.109559
243.0 68.0 3.5735295
271.35 68.0 3.990441
298.34998 68.0 4.3875
280.8 68.0 4.1294117
252.45001 68.0 3.7125
260.55 68.0 3.8316176
206.54999 68.0 3.0375
238.95 68.0 3.5139706
295.65 68.0 4.347794
302.4 68.0 4.4470587
251.09999 68.0 3.692647
229.5 68.0 3.375
230.84999 68.0 3.3948529
201.15 68.0 2.9580882
203.85 68.0 2.9977942
211.95 68.0 3.1169116
249.75 68.0 3.672794
299.7 68.0 4.407353
259.2 68.0 3.8117647
240.3 68.0 3.5338235
232.20001 68.0 3.414706
291.6 68.0 4.288235
310.5 68.0 4.5661764
272.69998 68.0 4.010294
290.25 68.0 4.2683825
260.55 68.0 3.8316176
226.79999 68.0 3.335294
272.69998 68.0 4.010294
306.44998 68.0 4.5066175
306.44998 68.0 4.5066175
271.35 68.0 3.990441
299.7 68.0 4.407353
267.30002 68.0 3.9308825
257.85 68.0 3.7919118
191.7 68.0 2.8191175
198.45 68.0 2.9183824
170.1 68.0 2.5014706
237.6 68.0 3.4941177
224.1 69.0 3.247826
276.75 69.0 4.0108695
244.35 69.0 3.5413043
232.2 69.0 3.3652174
263.25 69.0 3.8152175
270.0 69.0 3.9130435
241.65 69.0 3.502174
328.05 69.0 4.754348
314.55002 69.0 4.558696
247.05 69.0 3.5804348
240.3 69.0 3.4826088
225.45 69.0 3.2673912
294.3 69.0 4.2652173
290.24997 69.0 4.2065215
276.75 69.0 4.0108695
249.75 69.0 3.6195652
198.45 69.0 2.876087
286.2 69.0 4.147826
332.1 69.0 4.8130436
286.2 69.0 4.147826
298.35 69.0 4.323913
245.7 69.0 3.5608695
243.00002 69.0 3.5217392
199.79999 69.0 2.895652
244.35 69.0 3.5413043
236.25 69.0 3.423913
310.5 69.0 4.5
257.85 69.0 3.7369566
221.4 69.0 3.2086957
195.75 69.0 2.8369565
272.7 69.0 3.952174
275.4 69.0 3.9913044
317.25 69.0 4.597826
276.75 69.0 4.0108695
243.00002 69.0 3.5217392
213.3 69.0 3.0913043
255.15001 69.0 3.6978261
244.35 69.0 3.5413043
275.4 69.0 3.9913044
261.9 69.0 3.7956522
249.75 69.0 3.6195652
264.6 70.0 3.78
259.2 70.0 3.7028573
253.8 70.0 3.6257143
257.85 70.0 3.6835713
236.25 70.0 3.375
313.19998 70.0 4.4742856
245.7 70.0 3.51
243.0 70.0 3.4714286
241.65001 70.0 3.452143
274.05 70.0 3.915
221.4 70.0 3.162857
244.35 70.0 3.4907143
252.45 70.0 3.6064286
230.84999 70.0 3.297857
252.45 70.0 3.6064286
221.4 70.0 3.162857
259.2 70.0 3.7028573
241.65001 70.0 3.452143
263.25 70.0 3.7607143
225.45 70.0 3.2207143
244.35 70.0 3.4907143
257.85 70.0 3.6835713
288.9 70.0 4.127143
220.05 70.0 3.1435714
232.20001 70.0 3.317143
278.1 70.0 3.9728572
276.75 70.0 3.9535713
191.7 70.0 2.7385714
264.6 70.0 3.78
259.2 70.0 3.7028573
224.1 70.0 3.2014287
225.45 70.0 3.2207143
288.9 70.0 4.127143
253.8 70.0 3.6257143
237.59999 70.0 3.3942857
180.9 70.0 2.5842857
271.35 70.0 3.8764286
226.8 70.0 3.24
291.6 70.0 4.1657143
237.59999 70.0 3.3942857
243.0 70.0 3.4714286
217.35 71.0 3.0612676
225.45 71.0 3.175352
195.75 71.0 2.7570422
211.95001 71.0 2.9852114
210.6 71.0 2.9661973
232.2 71.0 3.2704225
265.95 71.0 3.7457747
240.29999 71.0 3.384507
214.65 71.0 3.0232394
287.55002 71.0 4.05
230.84999 71.0 3.2514083
225.45 71.0 3.175352
197.09999 71.0 2.7760563
218.7 71.0 3.0802817
193.05 71.0 2.7190142
243.0 71.0 3.4225352
241.65 71.0 3.403521
217.35 71.0 3.0612676
234.9 71.0 3.3084507
276.75 71.0 3.8978872
225.45 71.0 3.175352
218.7 71.0 3.0802817
257.85 71.0 3.63169
225.45 71.0 3.175352
286.19998 71.0 4.030986
210.6 71.0 2.9661973
264.6 71.0 3.7267606
203.84999 71.0 2.8711267
195.75 71.0 2.7570422
249.75 71.0 3.5176055
257.85 71.0 3.63169
261.9 71.0 3.6887324
184.95001 71.0 2.6049297
203.84999 71.0 2.8711267
272.7 71.0 3.840845
213.29999 71.0 3.0042253
213.29999 71.0 3.0042253
210.6 71.0 2.9661973
179.55 71.0 2.5288732
225.45 71.0 3.175352
203.84999 71.0 2.8711267
271.35 72.0 3.76875
226.8 72.0 3.15
168.75 72.0 2.34375
260.55002 72.0 3.61875
267.30002 72.0 3.7125
251.09999 72.0 3.4875
213.3 72.0 2.9625
214.65001 72.0 2.98125
189.0 72.0 2.625
221.40001 72.0 3.075
241.65001 72.0 3.35625
156.59999 72.0 2.175
253.8 72.0 3.525
174.15001 72.0 2.41875
290.25 72.0 4.03125
261.9 72.0 3.6375
213.3 72.0 2.9625
228.15001 72.0 3.16875
248.40001 72.0 3.45
245.7 72.0 3.4125
303.75 72.0 4.21875
184.95 72.0 2.56875
190.34999 72.0 2.64375
210.59999 72.0 2.925
193.05 72.0 2.68125
271.35 72.0 3.76875
193.05 72.0 2.68125
222.75 72.0 3.09375
222.75 72.0 3.09375
202.5 72.0 2.8125
184.95 72.0 2.56875
251.09999 72.0 3.4875
275.4 72.0 3.825
180.90001 72.0 2.5125
193.05 72.0 2.68125
232.2 72.0 3.225
305.1 72.0 4.2375
251.09999 72.0 3.4875
278.1 72.0 3.8625
265.94998 72.0 3.69375
261.9 72.0 3.6375
279.44998 73.0 3.828082
256.5 73.0 3.5136986
257.85 73.0 3.5321918
237.6 73.0 3.2547946
220.05 73.0 3.0143836
164.7 73.0 2.2561643
166.05 73.0 2.2746575
197.1 73.0 2.7
147.15001 73.0 2.0157535
195.75 73.0 2.6815069
210.6 73.0 2.8849316
236.25 73.0 3.2363014
272.7 73.0 3.7356164
159.3 73.0 2.1821918
170.1 73.0 2.330137
203.84999 73.0 2.7924657
216.0 73.0 2.958904
224.1 73.0 3.069863
184.95001 73.0 2.5335617
217.34999 73.0 2.9773972
240.29999 73.0 3.2917807
206.55 73.0 2.829452
237.6 73.0 3.2547946
210.6 73.0 2.8849316
213.3 73.0 2.921918
193.05 73.0 2.6445205
182.25 73.0 2.4965754
194.4 73.0 2.6630137
260.55 73.0 3.569178
186.3 73.0 2.552055
230.84999 73.0 3.1623287
253.79999 73.0 3.4767122
220.05 73.0 3.0143836
228.15 73.0 3.1253424
209.25 73.0 2.8664384
206.55 73.0 2.829452
249.75 73.0 3.421233
180.9 73.0 2.4780822
216.0 73.0 2.958904
234.90001 73.0 3.2178082
243.0 73.0 3.328767
224.1 74.0 3.0283785
186.3 74.0 2.5175676
193.04999 74.0 2.6087837
207.9 74.0 2.8094594
228.15001 74.0 3.0831082
220.04999 74.0 2.9736485
199.8 74.0 2.7
207.9 74.0 2.8094594
244.34999 74.0 3.302027
233.55 74.0 3.1560812
224.1 74.0 3.0283785
198.45 74.0 2.6817567
182.25 74.0 2.462838
186.3 74.0 2.5175676
186.3 74.0 2.5175676
210.59999 74.0 2.8459458
180.90001 74.0 2.4445946
172.8 74.0 2.3351352
186.3 74.0 2.5175676
224.1 74.0 3.0283785
292.95 74.0 3.9587839
237.6 74.0 3.210811
214.65001 74.0 2.9006758
164.7 74.0 2.2256756
140.4 74.0 1.8972973
175.5 74.0 2.3716216
191.70001 74.0 2.5905406
229.5 74.0 3.1013513
213.3 74.0 2.8824325
209.25 74.0 2.8277028
166.05 74.0 2.243919
217.35 74.0 2.9371622
217.35 74.0 2.9371622
251.1 74.0 3.3932433
210.59999 74.0 2.8459458
195.75 74.0 2.6452703
163.35 74.0 2.2074325
174.15 74.0 2.3533783
191.70001 74.0 2.5905406
244.34999 74.0 3.302027
211.95 74.0 2.8641891
182.25 75.0 2.43
229.5 75.0 3.06
172.79999 75.0 2.304
245.7 75.0 3.276
244.34999 75.0 3.258
187.65001 75.0 2.502
172.79999 75.0 2.304
241.65 75.0 3.222
213.3 75.0 2.844
213.3 75.0 2.844
255.15 75.0 3.402
259.2 75.0 3.456
205.20001 75.0 2.736
213.3 75.0 2.844
216.00002 75.0 2.88
186.3 75.0 2.484
171.45 75.0 2.286
211.95 75.0 2.826
171.45 75.0 2.286
153.90001 75.0 2.052
193.04999 75.0 2.574
179.55 75.0 2.394
206.55 75.0 2.754
175.5 75.0 2.34
211.95 75.0 2.826
197.1 75.0 2.628
194.4 75.0 2.592
172.79999 75.0 2.304
166.05 75.0 2.214
172.79999 75.0 2.304
252.45 75.0 3.366
179.55 75.0 2.394
230.85 75.0 3.078
171.45 75.0 2.286
187.65001 75.0 2.502
160.65 75.0 2.142
190.35 75.0 2.538
210.6 75.0 2.808
230.85 75.0 3.078
224.09999 75.0 2.988
206.55 75.0 2.754
237.6 76.0 3.1263158
189.0 76.0 2.4868422
193.05 76.0 2.5401316
222.75 76.0 2.930921
201.15001 76.0 2.6467106
190.35 76.0 2.5046053
209.25 76.0 2.7532895
232.2 76.0 3.055263
186.3 76.0 2.4513159
202.5 76.0 2.6644738
211.95 76.0 2.7888157
184.95001 76.0 2.4335527
141.75 76.0 1.8651316
183.59999 76.0 2.4157894
174.15001 76.0 2.2914474
203.85 76.0 2.682237
167.4 76.0 2.2026315
207.9 76.0 2.7355263
206.55 76.0 2.7177632
202.5 76.0 2.6644738
175.5 76.0 2.3092105
175.5 76.0 2.3092105
209.25 76.0 2.7532895
225.45 76.0 2.9664474
183.59999 76.0 2.4157894
137.7 76.0 1.8118421
193.05 76.0 2.5401316
211.95 76.0 2.7888157
218.70001 76.0 2.8776317
135.0 76.0 1.7763158
175.5 76.0 2.3092105
205.2 76.0 2.7
197.09999 76.0 2.593421
174.15001 76.0 2.2914474
153.90001 76.0 2.025
202.5 76.0 2.6644738
220.05 76.0 2.8953948
197.09999 76.0 2.593421
174.15001 76.0 2.2914474
202.5 76.0 2.6644738
255.15 76.0 3.3572369
149.85 77.0 1.9461039
186.3 77.0 2.4194806
205.2 77.0 2.664935
156.6 77.0 2.0337663
156.6 77.0 2.0337663
179.54999 77.0 2.331818
229.5 77.0 2.9805195
209.25 77.0 2.7175324
125.55 77.0 1.6305195
121.5 77.0 1.5779221
187.65 77.0 2.437013
203.84999 77.0 2.6474025
206.54999 77.0 2.6824675
205.2 77.0 2.664935
155.25 77.0 2.0162337
183.6 77.0 2.3844156
163.34999 77.0 2.1214285
199.8 77.0 2.5948052
183.6 77.0 2.3844156
206.54999 77.0 2.6824675
244.34999 77.0 3.1733766
197.1 77.0 2.5597403
178.2 77.0 2.3142858
234.90001 77.0 3.0506494
176.84999 77.0 2.2967532
136.35 77.0 1.7707793
149.85 77.0 1.9461039
195.75 77.0 2.5422077
180.90001 77.0 2.3493507
189.0 77.0 2.4545455
182.25 77.0 2.366883
183.6 77.0 2.3844156
174.15 77.0 2.2616882
155.25 77.0 2.0162337
213.3 77.0 2.77013
157.95 77.0 2.0512986
206.54999 77.0 2.6824675
157.95 77.0 2.0512986
132.3 77.0 1.7181818
149.85 77.0 1.9461039
147.15001 77.0 1.911039
186.41951 78.0 2.3899937
166.15651 78.0 2.1302116
190.4721 78.0 2.44195
164.80565 78.0 2.1128929
213.43681 78.0 2.7363694
175.61256 78.0 2.2514431
205.33163 78.0 2.6324568
194.52469 78.0 2.4939063
179.66516 78.0 2.3033996
139.13919 78.0 1.7838358
164.80565 78.0 2.1128929
172.91084 78.0 2.2168057
176.96344 78.0 2.268762
191.82297 78.0 2.4592688
199.92816 78.0 2.5631816
159.40218 78.0 2.0436177
186.41951 78.0 2.3899937
153.99872 78.0 1.9743426
190.4721 78.0 2.44195
181.01605 78.0 2.3207185
176.96344 78.0 2.268762
176.96344 78.0 2.268762
168.85825 78.0 2.1648493
116.17447 78.0 1.4894162
191.82297 78.0 2.4592688
183.71777 78.0 2.355356
148.59525 78.0 1.9050673
190.4721 78.0 2.44195
182.36691 78.0 2.3380373
193.17383 78.0 2.4765875
171.55997 78.0 2.1994867
243.15587 78.0 3.117383
187.77037 78.0 2.4073124
159.40218 78.0 2.0436177
193.17383 78.0 2.4765875
106.71841 78.0 1.3681847
185.06863 78.0 2.3726747
166.15651 78.0 2.1302116
210.73509 78.0 2.701732
132.38486 78.0 1.6972418
158.05132 78.0 2.026299
207.90001 79.0 2.6316457
183.6 79.0 2.3240507
172.79999 79.0 2.1873417
167.4 79.0 2.1189873
209.25 79.0 2.648734
151.2 79.0 1.9139241
183.6 79.0 2.3240507
159.3 79.0 2.0164557
147.15001 79.0 1.8626583
153.9 79.0 1.9481013
160.65 79.0 2.0335443
128.25 79.0 1.6234177
167.4 79.0 2.1189873
153.9 79.0 1.9481013
149.85 79.0 1.8968354
159.3 79.0 2.0164557
190.35 79.0 2.4094937
170.1 79.0 2.1531646
186.29999 79.0 2.3582277
163.35 79.0 2.0677216
130.95 79.0 1.6575949
155.25 79.0 1.9651898
147.15001 79.0 1.8626583
201.15 79.0 2.5462024
197.1 79.0 2.4949367
190.35 79.0 2.4094937
160.65 79.0 2.0335443
213.3 79.0 2.7
168.75 79.0 2.136076
170.1 79.0 2.1531646
178.20001 79.0 2.2556963
132.3 79.0 1.6746836
230.84999 79.0 2.9221518
170.1 79.0 2.1531646
218.7 79.0 2.7683544
183.6 79.0 2.3240507
148.5 79.0 1.8797468
195.75 79.0 2.477848
137.7 79.0 1.7430379
167.4 79.0 2.1189873
121.5 79.0 1.5379747
109.350006 80.0 1.366875
159.3 80.0 1.99125
199.79999 80.0 2.4975
148.5 80.0 1.85625
202.5 80.0 2.53125
170.1 80.0 2.12625
197.09999 80.0 2.46375
202.5 80.0 2.53125
122.85 80.0 1.535625
175.5 80.0 2.19375
153.90001 80.0 1.92375
166.04999 80.0 2.075625
132.29999 80.0 1.65375
164.7 80.0 2.05875
152.55 80.0 1.906875
147.15 80.0 1.839375
147.15 80.0 1.839375
176.84999 80.0 2.210625
132.29999 80.0 1.65375
186.29999 80.0 2.32875
137.70001 80.0 1.72125
163.34999 80.0 2.041875
110.7 80.0 1.38375
175.5 80.0 2.19375
182.25 80.0 2.278125
156.6 80.0 1.9575
175.5 80.0 2.19375
180.9 80.0 2.26125
118.8 80.0 1.485
189.0 80.0 2.3625
139.05 80.0 1.738125
155.25 80.0 1.940625
183.6 80.0 2.295
113.4 80.0 1.4175
184.95001 80.0 2.311875
213.3 80.0 2.66625
194.40001 80.0 2.43
117.45 80.0 1.468125
159.3 80.0 1.99125
155.25 80.0 1.940625
205.20001 80.0 2.565
153.9 81.0 1.9
214.65001 81.0 2.65
178.2 81.0 2.2
94.5 81.0 1.1666666
145.8 81.0 1.8
160.65 81.0 1.9833333
97.200005 81.0 1.2
113.4 81.0 1.4
153.9 81.0 1.9
155.25 81.0 1.9166666
152.55 81.0 1.8833333
140.4 81.0 1.7333333
108.0 81.0 1.3333334
170.09999 81.0 2.1
174.15001 81.0 2.15
190.34999 81.0 2.35
151.2 81.0 1.8666667
132.3 81.0 1.6333333
112.05 81.0 1.3833333
151.2 81.0 1.8666667
133.65 81.0 1.65
102.6 81.0 1.2666667
168.75 81.0 2.0833333
144.45 81.0 1.7833333
199.8 81.0 2.4666667
128.25 81.0 1.5833334
135.0 81.0 1.6666666
159.3 81.0 1.9666667
193.05 81.0 2.3833334
151.2 81.0 1.8666667
189.0 81.0 2.3333333
197.1 81.0 2.4333334
133.65 81.0 1.65
137.7 81.0 1.7
176.85 81.0 2.1833334
178.2 81.0 2.2
182.25 81.0 2.25
191.7 81.0 2.3666666
182.25 81.0 2.25
148.5 81.0 1.8333334
106.65 81.0 1.3166667
176.84999 82.0 2.1567073
137.7 82.0 1.6792682
133.65 82.0 1.629878
125.549995 82.0 1.5310975
135.0 82.0 1.6463414
121.5 82.0 1.4817073
152.55 82.0 1.8603659
118.8 82.0 1.4487805
121.5 82.0 1.4817073
122.85 82.0 1.4981707
133.65 82.0 1.629878
129.6 82.0 1.5804878
148.5 82.0 1.8109756
137.7 82.0 1.6792682
167.4 82.0 2.0414634
89.100006 82.0 1.0865854
175.50002 82.0 2.140244
170.09999 82.0 2.0743902
105.299995 82.0 1.2841463
145.8 82.0 1.7780488
136.34999 82.0 1.6628048
116.1 82.0 1.4158536
152.55 82.0 1.8603659
139.05 82.0 1.6957318
136.34999 82.0 1.6628048
179.54999 82.0 2.189634
137.7 82.0 1.6792682
117.45 82.0 1.432317
109.350006 82.0 1.3335366
124.2 82.0 1.5146341
144.45 82.0 1.7615854
205.2 82.0 2.502439
160.65001 82.0 1.9591464
114.75 82.0 1.3993902
172.79999 82.0 2.107317
174.15 82.0 2.1237805
183.6 82.0 2.2390244
152.55 82.0 1.8603659
133.65 82.0 1.629878
191.7 82.0 2.3378048
140.40001 82.0 1.7121952
136.35 83.0 1.6427711
155.25 83.0 1.870482
126.9 83.0 1.5289156
148.5 83.0 1.7891567
149.85 83.0 1.8054217
130.95 83.0 1.5777109
153.9 83.0 1.8542168
125.55 83.0 1.5126506
124.200005 83.0 1.4963856
133.65 83.0 1.6102409
124.200005 83.0 1.4963856
147.15 83.0 1.7728915
118.8 83.0 1.4313253
105.3 83.0 1.2686747
144.45 83.0 1.7403615
149.85 83.0 1.8054217
120.15 83.0 1.4475904
144.45 83.0 1.7403615
101.25 83.0 1.2198795
135.0 83.0 1.626506
167.4 83.0 2.0168674
156.6 83.0 1.886747
102.6 83.0 1.2361445
182.25 83.0 2.1957831
109.35 83.0 1.3174698
140.4 83.0 1.6915662
170.1 83.0 2.0493977
186.3 83.0 2.2445784
164.7 83.0 1.9843373
186.3 83.0 2.2445784
117.450005 83.0 1.4150603
162.0 83.0 1.9518073
189.0 83.0 2.2771084
159.3 83.0 1.9192771
139.05 83.0 1.6753012
124.200005 83.0 1.4963856
112.05 83.0 1.35
116.1 83.0 1.3987951
153.9 83.0 1.8542168
105.3 83.0 1.2686747
121.5 83.0 1.4638554
125.55 84.0 1.4946429
117.450005 84.0 1.3982143
133.65001 84.0 1.5910715
130.95 84.0 1.5589286
102.6 84.0 1.2214285
112.05 84.0 1.3339286
128.25 84.0 1.5267857
135.0 84.0 1.6071428
132.3 84.0 1.575
125.55 84.0 1.4946429
112.05 84.0 1.3339286
124.2 84.0 1.4785714
198.45 84.0 2.3625
145.8 84.0 1.7357143
135.0 84.0 1.6071428
106.649994 84.0 1.2696428
106.649994 84.0 1.2696428
113.4 84.0 1.35
148.5 84.0 1.7678572
132.3 84.0 1.575
130.95 84.0 1.5589286
129.6 84.0 1.5428572
139.05 84.0 1.6553571
171.45 84.0 2.0410714
112.05 84.0 1.3339286
135.0 84.0 1.6071428
157.95 84.0 1.8803571
152.55 84.0 1.8160714
126.9 84.0 1.5107143
144.45 84.0 1.7196429
122.85 84.0 1.4625
179.55 84.0 2.1375
135.0 84.0 1.6071428
153.9 84.0 1.8321428
99.9 84.0 1.1892858
130.95 84.0 1.5589286
109.35 84.0 1.3017857
98.55 84.0 1.1732143
116.100006 84.0 1.3821429
122.85 84.0 1.4625
141.75 84.0 1.6875
105.3 85.0 1.2388235
122.85 85.0 1.4452941
160.65 85.0 1.89
60.75 85.0 0.7147059
94.5 85.0 1.1117647
130.95 85.0 1.5405883
126.899994 85.0 1.4929411
151.2 85.0 1.7788235
105.3 85.0 1.2388235
117.45 85.0 1.3817647
90.450005 85.0 1.0641177
106.65 85.0 1.2547059
81.0 85.0 0.9529412
94.5 85.0 1.1117647
116.100006 85.0 1.3658824
122.85 85.0 1.4452941
78.3 85.0 0.9211765
93.149994 85.0 1.0958823
124.200005 85.0 1.4611765
98.55 85.0 1.1594118
126.899994 85.0 1.4929411
171.45 85.0 2.0170588
143.09999 85.0 1.6835294
97.2 85.0 1.1435294
143.09999 85.0 1.6835294
135.0 85.0 1.5882353
153.9 85.0 1.8105882
95.85 85.0 1.127647
149.84999 85.0 1.7629411
122.85 85.0 1.4452941
143.09999 85.0 1.6835294
122.85 85.0 1.4452941
141.75 85.0 1.667647
133.65 85.0 1.5723529
133.65 85.0 1.5723529
126.899994 85.0 1.4929411
106.65 85.0 1.2547059
125.549995 85.0 1.4770588
122.85 85.0 1.4452941
109.35 85.0 1.2864705
153.9 85.0 1.8105882
139.05 86.0 1.6168605
109.350006 86.0 1.2715117
97.200005 86.0 1.1302326
118.8 86.0 1.3813953
105.3 86.0 1.2244186
112.05 86.0 1.302907
109.350006 86.0 1.2715117
114.75 86.0 1.3343023
133.65 86.0 1.5540698
132.29999 86.0 1.538372
140.4 86.0 1.6325581
124.200005 86.0 1.4441861
99.9 86.0 1.1616279
116.1 86.0 1.35
91.799995 86.0 1.0674418
102.6 86.0 1.1930232
67.5 86.0 0.78488374
137.7 86.0 1.6011628
72.9 86.0 0.8476744
122.85 86.0 1.4284884
132.29999 86.0 1.538372
108.0 86.0 1.255814
108.0 86.0 1.255814
136.34999 86.0 1.5854651
94.50001 86.0 1.0988373
86.4 86.0 1.0046512
126.9 86.0 1.4755814
98.55 86.0 1.1459303
70.2 86.0 0.81627905
103.95 86.0 1.2087209
118.8 86.0 1.3813953
128.25 86.0 1.4912791
143.1 86.0 1.6639535
126.9 86.0 1.4755814
98.55 86.0 1.1459303
132.29999 86.0 1.538372
110.7 86.0 1.2872093
120.15 86.0 1.397093
109.350006 86.0 1.2715117
121.5 86.0 1.4127907
99.9 86.0 1.1616279
98.55 87.0 1.1327586
87.75001 87.0 1.0086207
97.2 87.0 1.1172414
75.6 87.0 0.8689655
97.2 87.0 1.1172414
87.75001 87.0 1.0086207
97.2 87.0 1.1172414
97.2 87.0 1.1172414
105.299995 87.0 1.2103448
106.649994 87.0 1.225862
106.649994 87.0 1.225862
110.700005 87.0 1.2724138
110.700005 87.0 1.2724138
125.549995 87.0 1.4431034
110.700005 87.0 1.2724138
110.700005 87.0 1.2724138
87.75001 87.0 1.0086207
101.25 87.0 1.1637931
109.35 87.0 1.2568965
107.99999 87.0 1.2413793
116.100006 87.0 1.3344828
93.15 87.0 1.0706897
91.8 87.0 1.0551724
86.4 87.0 0.99310344
109.35 87.0 1.2568965
126.9 87.0 1.4586207
94.5 87.0 1.0862069
97.2 87.0 1.1172414
103.95 87.0 1.1948276
101.25 87.0 1.1637931
67.5 87.0 0.7758621
103.95 87.0 1.1948276
126.9 87.0 1.4586207
97.2 87.0 1.1172414
105.299995 87.0 1.2103448
102.6 87.0 1.1793103
62.1 87.0 0.7137931
82.35 87.0 0.94655174
74.25 87.0 0.8534483
103.95 87.0 1.1948276
90.450005 87.0 1.0396552
81.0 88.0 0.92045456
120.15 88.0 1.365341
103.95 88.0 1.18125
106.65 88.0 1.2119318
114.75 88.0 1.3039773
85.05 88.0 0.9664773
90.45 88.0 1.0278409
87.75 88.0 0.99715906
102.6 88.0 1.165909
136.35 88.0 1.5494318
98.55 88.0 1.1198864
72.9 88.0 0.8284091
113.399994 88.0 1.2886363
135.0 88.0 1.5340909
118.8 88.0 1.35
83.7 88.0 0.95113635
112.049995 88.0 1.2732954
75.6 88.0 0.8590909
126.9 88.0 1.4420455
102.6 88.0 1.165909
98.55 88.0 1.1198864
109.350006 88.0 1.2426137
81.0 88.0 0.92045456
89.100006 88.0 1.0125
97.200005 88.0 1.1045455
90.45 88.0 1.0278409
89.100006 88.0 1.0125
129.6 88.0 1.4727273
75.6 88.0 0.8590909
87.75 88.0 0.99715906
60.750004 88.0 0.69034094
78.299995 88.0 0.8897727
99.9 88.0 1.1352273
70.200005 88.0 0.7977273
76.95 88.0 0.8744318
68.85 88.0 0.78238636
121.50001 88.0 1.3806819
82.35 88.0 0.9357954
129.6 88.0 1.4727273
106.65 88.0 1.2119318
117.45 88.0 1.3346591
110.7 89.0 1.2438202
90.45 89.0 1.0162921
75.6 89.0 0.8494382
87.75 89.0 0.98595506
59.4 89.0 0.66741574
67.5 89.0 0.75842696
113.4 89.0 1.2741573
109.35 89.0 1.2286516
90.45 89.0 1.0162921
64.799995 89.0 0.72808987
90.45 89.0 1.0162921
103.950005 89.0 1.1679776
101.25 89.0 1.1376405
116.1 89.0 1.3044944
89.1 89.0 1.0011235
102.600006 89.0 1.152809
86.4 89.0 0.9707865
107.99999 89.0 1.2134831
62.100002 89.0 0.69775283
74.25 89.0 0.83426964
89.1 89.0 1.0011235
110.7 89.0 1.2438202
106.649994 89.0 1.1983145
70.200005 89.0 0.78876406
114.75 89.0 1.2893258
95.85 89.0 1.0769663
78.3 89.0 0.8797753
98.55 89.0 1.1073034
78.3 89.0 0.8797753
107.99999 89.0 1.2134831
74.25 89.0 0.83426964
117.45 89.0 1.3196629
79.65 89.0 0.89494383
79.65 89.0 0.89494383
103.950005 89.0 1.1679776
70.200005 89.0 0.78876406
106.649994 89.0 1.1983145
98.55 89.0 1.1073034
103.950005 89.0 1.1679776
82.350006 89.0 0.9252809
76.95 89.0 0.86460674
75.6 90.0 0.84
85.05 90.0 0.945
102.6 90.0 1.14
82.35 90.0 0.915
79.65 90.0 0.885
110.700005 90.0 1.23
85.05 90.0 0.945
124.2 90.0 1.38
59.4 90.0 0.66
75.6 90.0 0.84
49.95 90.0 0.555
45.899998 90.0 0.51
109.350006 90.0 1.215
109.350006 90.0 1.215
67.5 90.0 0.75
82.35 90.0 0.915
113.4 90.0 1.26
86.4 90.0 0.96
90.45 90.0 1.005
60.75 90.0 0.675
90.45 90.0 1.005
78.3 90.0 0.87
93.149994 90.0 1.035
98.55 90.0 1.095
94.49999 90.0 1.05
89.1 90.0 0.99
95.850006 90.0 1.065
99.9 90.0 1.11
103.95 90.0 1.155
103.95 90.0 1.155
55.350002 90.0 0.615
63.449997 90.0 0.705
87.75 90.0 0.975
67.5 90.0 0.75
91.799995 90.0 1.02
72.9 90.0 0.81
125.549995 90.0 1.395
89.1 90.0 0.99
87.75 90.0 0.975
97.200005 90.0 1.08
78.3 90.0 0.87
91.8 91.0 1.0087912
58.05 91.0 0.6379121
74.25 91.0 0.81593406
66.149994 91.0 0.72692305
101.25 91.0 1.1126374
71.55 91.0 0.78626376
49.949997 91.0 0.5489011
86.4 91.0 0.94945055
90.45 91.0 0.993956
67.5 91.0 0.7417582
89.1 91.0 0.97912085
82.35 91.0 0.9049451
67.5 91.0 0.7417582
98.55 91.0 1.082967
71.55 91.0 0.78626376
68.85 91.0 0.7565934
58.05 91.0 0.6379121
62.1 91.0 0.6824176
59.4 91.0 0.6527473
78.299995 91.0 0.86043954
75.6 91.0 0.83076924
62.1 91.0 0.6824176
74.25 91.0 0.81593406
60.749996 91.0 0.6675824
64.8 91.0 0.7120879
87.75 91.0 0.96428573
89.1 91.0 0.97912085
64.8 91.0 0.7120879
67.5 91.0 0.7417582
81.0 91.0 0.8901099
86.4 91.0 0.94945055
81.0 91.0 0.8901099
85.049995 91.0 0.9346154
98.55 91.0 1.082967
54.000004 91.0 0.5934066
90.45 91.0 0.993956
75.6 91.0 0.83076924
67.5 91.0 0.7417582
74.25 91.0 0.81593406
74.25 91.0 0.81593406
51.3 91.0 0.56373626
44.55 92.0 0.48423913
72.9 92.0 0.7923913
48.600002 92.0 0.5282609
59.4 92.0 0.6456522
71.55 92.0 0.7777174
48.600002 92.0 0.5282609
43.2 92.0 0.4695652
62.100002 92.0 0.675
52.65 92.0 0.5722826
51.300003 92.0 0.5576087
74.25 92.0 0.8070652
63.449997 92.0 0.6896739
79.65 92.0 0.86576086
56.7 92.0 0.61630434
71.55 92.0 0.7777174
82.35 92.0 0.8951087
64.8 92.0 0.70434785
82.35 92.0 0.8951087
60.749996 92.0 0.66032606
40.5 92.0 0.4402174
94.5 92.0 1.0271739
75.6 92.0 0.82173914
54.0 92.0 0.5869565
71.55 92.0 0.7777174
76.95 92.0 0.836413
67.5 92.0 0.7336956
71.55 92.0 0.7777174
58.050003 92.0 0.6309783
64.8 92.0 0.70434785
81.0 92.0 0.8804348
51.300003 92.0 0.5576087
49.95 92.0 0.5429348
56.7 92.0 0.61630434
79.65 92.0 0.86576086
81.0 92.0 0.8804348
54.0 92.0 0.5869565
64.8 92.0 0.70434785
68.85 92.0 0.7483696
76.95 92.0 0.836413
64.8 92.0 0.70434785
76.95 92.0 0.836413
68.85 93.0 0.7403226
48.6 93.0 0.5225806
58.05 93.0 0.62419355
52.65 93.0 0.566129
41.85 93.0 0.45
68.85 93.0 0.7403226
71.549995 93.0 0.7693548
71.549995 93.0 0.7693548
52.65 93.0 0.566129
47.25 93.0 0.5080645
37.8 93.0 0.4064516
47.25 93.0 0.5080645
62.100002 93.0 0.66774195
52.65 93.0 0.566129
51.3 93.0 0.5516129
59.399998 93.0 0.63870966
49.95 93.0 0.5370968
48.6 93.0 0.5225806
60.749996 93.0 0.6532258
66.15 93.0 0.7112903
31.050001 93.0 0.33387098
58.05 93.0 0.62419355
39.149998 93.0 0.42096773
75.6 93.0 0.8129032
55.350002 93.0 0.5951613
52.65 93.0 0.566129
49.95 93.0 0.5370968
55.350002 93.0 0.5951613
52.65 93.0 0.566129
62.100002 93.0 0.66774195
35.1 93.0 0.37741935
47.25 93.0 0.5080645
56.7 93.0 0.60967743
87.75 93.0 0.9435484
68.85 93.0 0.7403226
62.100002 93.0 0.66774195
43.2 93.0 0.46451613
55.350002 93.0 0.5951613
75.6 93.0 0.8129032
60.749996 93.0 0.6532258
52.65 93.0 0.566129
66.15 94.0 0.70372343
58.05 94.0 0.6175532
43.2 94.0 0.45957446
75.6 94.0 0.8042553
48.600002 94.0 0.5170213
37.8 94.0 0.40212765
58.05 94.0 0.6175532
43.2 94.0 0.45957446
51.3 94.0 0.54574466
58.05 94.0 0.6175532
22.95 94.0 0.24414894
44.55 94.0 0.47393617
49.95 94.0 0.531383
58.05 94.0 0.6175532
40.5 94.0 0.43085107
43.2 94.0 0.45957446
45.9 94.0 0.48829788
52.65 94.0 0.5601064
62.1 94.0 0.6606383
32.399998 94.0 0.34468085
74.25 94.0 0.7898936
60.75 94.0 0.6462766
47.25 94.0 0.50265956
49.95 94.0 0.531383
51.3 94.0 0.54574466
63.45 94.0 0.675
24.300001 94.0 0.25851065
52.65 94.0 0.5601064
48.600002 94.0 0.5170213
56.7 94.0 0.6031915
51.3 94.0 0.54574466
47.25 94.0 0.50265956
43.2 94.0 0.45957446
39.15 94.0 0.41648936
18.9 94.0 0.20106383
25.65 94.0 0.27287233
74.25 94.0 0.7898936
55.350002 94.0 0.5888298
41.85 94.0 0.44521275
32.399998 94.0 0.34468085
60.75 94.0 0.6462766
44.550003 95.0 0.46894738
36.45 95.0 0.38368422
29.7 95.0 0.31263158
40.5 95.0 0.42631578
37.8 95.0 0.39789474
47.25 95.0 0.49736843
48.600002 95.0 0.511579
41.85 95.0 0.4405263
29.7 95.0 0.31263158
56.7 95.0 0.5968421
28.35 95.0 0.29842106
28.35 95.0 0.29842106
36.45 95.0 0.38368422
40.5 95.0 0.42631578
36.45 95.0 0.38368422
43.199997 95.0 0.45473683
49.95 95.0 0.5257895
43.199997 95.0 0.45473683
31.05 95.0 0.3268421
37.8 95.0 0.39789474
16.199999 95.0 0.17052631
60.75 95.0 0.6394737
41.85 95.0 0.4405263
52.65 95.0 0.55421054
54.0 95.0 0.56842107
47.25 95.0 0.49736843
28.35 95.0 0.29842106
31.05 95.0 0.3268421
43.199997 95.0 0.45473683
35.100002 95.0 0.3694737
29.7 95.0 0.31263158
39.15 95.0 0.41210526
48.600002 95.0 0.511579
29.7 95.0 0.31263158
37.8 95.0 0.39789474
27.0 95.0 0.28421053
44.550003 95.0 0.46894738
62.1 95.0 0.6536842
45.9 95.0 0.4831579
33.75 95.0 0.35526314
39.15 95.0 0.41210526
35.1 96.0 0.365625
37.800003 96.0 0.39375
32.4 96.0 0.3375
33.75 96.0 0.3515625
45.9 96.0 0.478125
37.800003 96.0 0.39375
27.0 96.0 0.28125
35.1 96.0 0.365625
45.9 96.0 0.478125
28.349998 96.0 0.2953125
29.699999 96.0 0.309375
4.05 96.0 0.0421875
32.4 96.0 0.3375
41.85 96.0 0.4359375
27.0 96.0 0.28125
48.600002 96.0 0.50625
28.349998 96.0 0.2953125
41.85 96.0 0.4359375
21.599998 96.0 0.225
45.9 96.0 0.478125
32.4 96.0 0.3375
37.800003 96.0 0.39375
31.050001 96.0 0.3234375
20.25 96.0 0.2109375
45.9 96.0 0.478125
33.75 96.0 0.3515625
29.699999 96.0 0.309375
37.800003 96.0 0.39375
44.550003 96.0 0.4640625
29.699999 96.0 0.309375
39.15 96.0 0.4078125
43.199997 96.0 0.45
43.199997 96.0 0.45
28.349998 96.0 0.2953125
33.75 96.0 0.3515625
45.9 96.0 0.478125
24.300001 96.0 0.253125
41.85 96.0 0.4359375
2.6999998 96.0 0.028125
29.699999 96.0 0.309375
37.800003 96.0 0.39375
25.650002 97.0 0.264433
22.95 97.0 0.23659794
16.2 97.0 0.1670103
36.45 97.0 0.3757732
29.7 97.0 0.30618557
28.35 97.0 0.29226804
39.149998 97.0 0.40360823
18.9 97.0 0.19484536
20.25 97.0 0.20876288
22.95 97.0 0.23659794
16.2 97.0 0.1670103
28.35 97.0 0.29226804
26.999998 97.0 0.2783505
33.75 97.0 0.34793815
20.25 97.0 0.20876288
13.499999 97.0 0.13917525
33.75 97.0 0.34793815
25.650002 97.0 0.264433
6.7499995 97.0 0.069587626
10.8 97.0 0.11134021
12.15 97.0 0.12525773
25.650002 97.0 0.264433
14.85 97.0 0.15309279
21.6 97.0 0.22268042
39.149998 97.0 0.40360823
26.999998 97.0 0.2783505
25.650002 97.0 0.264433
25.650002 97.0 0.264433
22.95 97.0 0.23659794
26.999998 97.0 0.2783505
10.8 97.0 0.11134021
22.95 97.0 0.23659794
24.3 97.0 0.25051546
18.9 97.0 0.19484536
33.75 97.0 0.34793815
33.75 97.0 0.34793815
24.3 97.0 0.25051546
22.95 97.0 0.23659794
32.4 97.0 0.3340206
26.999998 97.0 0.2783505
32.4 97.0 0.3340206
16.2 98.0 0.16530612
28.35 98.0 0.28928572
12.15 98.0 0.12397959
9.45 98.0 0.09642857
18.9 98.0 0.19285715
16.2 98.0 0.16530612
13.499999 98.0 0.1377551
24.3 98.0 0.24795918
2.6999998 98.0 0.02755102
13.499999 98.0 0.1377551
16.2 98.0 0.16530612
16.2 98.0 0.16530612
22.949999 98.0 0.23418367
20.25 98.0 0.20663266
25.65 98.0 0.2617347
5.3999996 98.0 0.05510204
9.45 98.0 0.09642857
13.499999 98.0 0.1377551
13.499999 98.0 0.1377551
24.3 98.0 0.24795918
16.2 98.0 0.16530612
17.55 98.0 0.17908163
9.45 98.0 0.09642857
12.15 98.0 0.12397959
8.1 98.0 0.08265306
18.9 98.0 0.19285715
13.499999 98.0 0.1377551
14.849999 98.0 0.15153061
5.3999996 98.0 0.05510204
13.499999 98.0 0.1377551
22.949999 98.0 0.23418367
28.35 98.0 0.28928572
10.799999 98.0 0.11020408
10.799999 98.0 0.11020408
5.3999996 98.0 0.05510204
9.45 98.0 0.09642857
22.949999 98.0 0.23418367
14.849999 98.0 0.15153061
16.2 98.0 0.16530612
20.25 98.0 0.20663266
13.499999 98.0 0.1377551
4.0499997 99.0 0.04090909
4.0499997 99.0 0.04090909
0.0 99.0 0.0
9.45 99.0 0.095454544
12.150001 99.0 0.122727275
4.0499997 99.0 0.04090909
0.0 99.0 0.0
10.8 99.0 0.10909091
2.7 99.0 0.027272727
16.199999 99.0 0.16363636
1.35 99.0 0.013636364
4.0499997 99.0 0.04090909
8.099999 99.0 0.08181818
4.0499997 99.0 0.04090909
6.75 99.0 0.06818182
6.75 99.0 0.06818182
13.5 99.0 0.13636364
8.099999 99.0 0.08181818
16.199999 99.0 0.16363636
5.4 99.0 0.054545455
8.099999 99.0 0.08181818
9.45 99.0 0.095454544
5.4 99.0 0.054545455
13.5 99.0 0.13636364
4.0499997 99.0 0.04090909
9.45 99.0 0.095454544
9.45 99.0 0.095454544
5.4 99.0 0.054545455
9.45 99.0 0.095454544
2.7 99.0 0.027272727
18.9 99.0 0.19090909
12.150001 99.0 0.122727275
10.8 99.0 0.10909091
0.0 99.0 0.0
9.45 99.0 0.095454544
4.0499997 99.0 0.04090909
5.4 99.0 0.054545455
4.0499997 99.0 0.04090909
6.75 99.0 0.06818182
10.8 99.0 0.10909091
4.0499997 99.0 0.04090909
