0.1 10001 129
0.1 10002 135
0.1 10003 135
0.1 10004 135
0.1 10005 135
0.1 10006 124
0.1 10007 124
0.1 10008 124
0.1 10009 135
0.1 10010 135
0.1 10011 135
0.1 10012 118
0.1 10013 118
0.1 10014 135
0.1 10015 135
0.1 10016 129
0.1 10017 135
0.1 10018 135
0.1 10019 124
0.1 10020 124
0.1 10021 124
0.1 10022 129
0.1 10023 135
0.1 10024 118
0.1 10025 118
0.1 10026 135
0.1 10027 135
0.1 10028 113
0.1 10029 113
0.1 10030 118
0.1 10031 129
0.1 10032 135
0.1 10033 135
0.1 10034 135
0.1 10035 135
0.1 10036 129
0.1 10037 135
0.1 10038 135
0.1 10039 135
0.1 10040 135
0.1 10041 135
0.1 10042 135
0.1 10043 102
0.1 10044 102
0.1 10045 108
0.1 10046 124
0.1 10047 135
0.1 10048 135
0.1 10049 135
0.1 10050 135
0.1 10051 118
0.1 10052 129
0.1 10053 135
0.1 10054 135
0.1 10055 135
0.1 10056 135
0.1 10057 113
0.1 10058 113
0.1 10059 124
0.1 10060 129
0.1 10061 118
0.1 10062 118
0.1 10063 118
0.1 10064 135
0.1 10065 135
0.1 10066 118
0.1 10067 135
0.1 10068 124
0.1 10069 118
0.1 10070 118
0.1 10071 135
0.1 10072 135
0.1 10073 124
0.1 10074 118
0.1 10075 118
0.1 10076 135
0.1 10077 135
0.1 10078 135
0.1 10079 135
0.1 10080 135
0.1 10081 129
0.1 10082 124
0.1 10083 113
0.1 10084 135
0.1 10085 135
0.1 10086 108
0.1 10087 70
0.1 10088 81
0.1 10089 86
0.1 10090 97
0.1 10091 97
0.1 10092 113
0.1 10093 124
0.1 10094 124
0.1 10095 135
0.1 10096 135
0.1 10097 135
0.1 10098 135
0.1 10099 124
0.1 10100 124
0.1 10101 124
0.1 10102 129
0.1 10103 113
0.1 10104 113
0.1 10105 129
0.1 10106 124
0.1 10107 135
0.1 10108 135
0.1 10109 135
0.1 10110 118
0.1 10111 129
0.1 10112 135
0.1 10113 135
0.1 10114 135
0.1 10115 135
0.1 10116 135
0.1 10117 135
0.1 10118 135
0.1 10119 135
0.1 10120 113
0.1 10121 124
0.1 10122 118
0.1 10123 135
0.1 10124 135
0.1 10125 129
0.1 10126 118
0.1 10127 118
0.1 10128 135
0.1 10129 135
0.1 10130 135
0.1 10131 135
0.1 10132 135
0.1 10133 129
0.1 10134 135
0.1 10135 135
0.1 10136 135
0.1 10137 135
0.1 10138 135
0.1 10139 135
0.1 10140 135
0.1 10141 135
0.1 10142 118
0.1 10143 135
0.1 10144 135
0.1 10145 135
0.1 10146 135
0.1 10147 135
0.1 10148 135
0.1 10149 135
0.1 10150 118
0.1 10151 129
0.1 10152 135
0.1 10153 135
0.1 10154 135
0.1 10155 118
0.1 10156 124
0.1 10157 135
0.1 10158 135
0.1 10159 135
0.1 10160 113
0.1 10161 129
0.1 10162 135
0.1 10163 135
0.1 10164 135
0.1 10165 135
0.1 10166 135
0.1 10167 135
0.1 10168 124
0.1 10169 135
0.1 10170 135
0.1 10171 135
0.1 10172 135
0.1 10173 135
0.1 10174 135
0.1 10175 129
0.1 10176 135
0.1 10177 135
0.1 10178 118
0.1 10179 135
0.1 10180 135
0.1 10181 135
0.1 10182 113
0.1 10183 113
0.1 10184 129
0.1 10185 135
0.1 10186 135
0.1 10187 135
0.1 10188 135
0.1 10189 118
0.1 10190 124
0.1 10191 124
0.1 10192 135
0.1 10193 118
0.1 10194 129
0.1 10195 135
0.1 10196 135
0.1 10197 135
0.1 10198 135
0.1 10199 135
0.1 10200 118
0.1 10201 113
0.1 10202 129
0.1 10203 135
0.1 10204 135
0.1 10205 135
0.1 10206 113
0.1 10207 124
0.1 10208 124
0.1 10209 135
0.1 10210 118
0.1 10211 118
0.1 10212 135
0.1 10213 135
0.1 10214 113
0.1 10215 118
0.1 10216 135
0.1 10217 135
0.1 10218 135
0.1 10219 135
0.1 10220 135
0.1 10221 135
0.1 10222 135
0.1 10223 135
0.1 10224 135
0.1 10225 118
0.1 10226 129
0.1 10227 135
0.1 10228 135
0.1 10229 135
0.1 10230 135
0.1 10231 135
0.1 10232 129
0.1 10233 135
0.1 10234 118
0.1 10235 124
0.1 10236 129
0.1 10237 108
0.1 10238 108
0.1 10239 124
0.1 10240 135
0.1 10241 135
0.1 10242 124
0.1 10243 118
0.1 10244 129
0.1 10245 135
0.1 10246 124
0.1 10247 129
0.1 10248 135
0.1 10249 135
0.1 10250 129
0.1 10251 135
0.1 10252 135
0.1 10253 135
0.1 10254 124
0.1 10255 135
0.1 10256 118
0.1 10257 129
0.1 10258 118
0.1 10259 129
0.1 10260 135
0.1 10261 135
0.1 10262 135
0.1 10263 118
0.1 10264 113
0.1 10265 118
0.1 10266 118
0.1 10267 135
0.1 10268 135
0.1 10269 118
0.1 10270 113
0.1 10271 124
0.1 10272 135
0.1 10273 135
0.1 10274 118
0.1 10275 129
0.1 10276 124
0.1 10277 135
0.1 10278 135
0.1 10279 135
0.1 10280 135
0.1 10281 135
0.1 10282 124
0.1 10283 135
0.1 10284 135
0.1 10285 118
0.1 10286 118
0.1 10287 118
0.1 10288 129
0.1 10289 135
0.1 10290 135
0.1 10291 135
0.1 10292 124
0.1 10293 135
0.1 10294 135
0.1 10295 135
0.1 10296 135
0.1 10297 135
0.1 10298 113
0.1 10299 135
0.1 10300 124
0.1 10301 124
0.1 10302 135
0.1 10303 135
0.1 10304 113
0.1 10305 135
0.1 10306 135
0.1 10307 135
0.1 10308 135
0.1 10309 135
0.1 10310 135
0.1 10311 124
0.1 10312 135
0.1 10313 135
0.1 10314 135
0.1 10315 135
0.1 10316 124
0.1 10317 113
0.1 10318 118
0.1 10319 135
0.1 10320 135
0.1 10321 135
0.1 10322 135
0.1 10323 135
0.1 10324 135
0.1 10325 135
0.1 10326 118
0.1 10327 129
0.1 10328 135
0.1 10329 135
0.1 10330 135
0.1 10331 129
0.1 10332 135
0.1 10333 135
0.1 10334 135
0.1 10335 135
0.1 10336 135
0.1 10337 135
0.1 10338 113
0.1 10339 129
0.1 10340 118
0.1 10341 129
0.1 10342 124
0.1 10343 135
0.1 10344 135
0.1 10345 135
0.1 10346 135
0.1 10347 135
0.1 10348 108
0.1 10349 124
0.1 10350 135
0.1 10351 129
0.1 10352 135
0.1 10353 135
0.1 10354 135
0.1 10355 54
0.1 10356 10
0.1 10357 0
0.1 10358 0
0.1 10359 10
0.1 10360 21
0.1 10361 21
0.1 10362 21
0.1 10363 21
0.1 10364 21
0.1 10365 32
0.1 10366 32
0.1 10367 48
0.1 10368 75
0.1 10369 70
0.1 10370 0
0.1 10371 0
0.1 10372 0
0.1 10373 0
0.1 10374 0
0.1 10375 0
0.1 10376 0
0.1 10377 0
0.1 10378 0
0.1 10379 0
0.1 10380 0
0.1 10381 0
0.1 10382 0
0.1 10383 0
0.1 10384 16
0.1 10385 27
0.1 10386 16
0.1 10387 27
0.1 10388 37
0.1 10389 43
0.1 10390 64
0.1 10391 54
0.1 10392 64
0.1 10393 64
0.1 10394 64
0.1 10395 81
0.1 10396 86
0.1 10397 91
0.1 10398 108
0.1 10399 108
0.1 10400 108
0.1 10401 108
0.1 10402 129
0.1 10403 135
0.1 10404 86
0.1 10405 0
0.1 10406 10
0.1 10407 0
0.1 10408 0
0.1 10409 10
0.1 10410 10
0.1 10411 10
0.1 10412 16
0.1 10413 0
0.1 10414 10
0.1 10415 10
0.1 10416 5
0.1 10417 0
0.1 10418 16
0.1 10419 16
0.1 10420 10
0.1 10421 10
0.1 10422 0
0.1 10423 0
0.1 10424 0
0.1 10425 10
0.1 10426 10
0.1 10427 10
0.1 10428 32
0.1 10429 32
0.1 10430 48
0.1 10431 59
0.1 10432 59
0.1 10433 64
0.1 10434 64
0.1 10435 75
0.1 10436 75
0.1 10437 86
0.1 10438 86
0.1 10439 108
0.1 10440 124
0.1 10441 135
0.1 10442 135
0.1 10443 135
0.1 10444 91
0.1 10445 64
0.1 10446 54
0.1 10447 64
0.1 10448 54
0.1 10449 48
0.1 10450 59
0.1 10451 70
0.1 10452 48
0.1 10453 54
0.1 10454 54
0.1 10455 70
0.1 10456 75
0.1 10457 97
0.1 10458 113
0.1 10459 124
0.1 10460 113
0.1 10461 118
0.1 10462 135
0.1 10463 118
0.1 10464 118
0.1 10465 118
0.1 10466 135
0.1 10467 118
0.1 10468 135
0.1 10469 135
0.1 10470 113
0.1 10471 113
0.1 10472 129
0.1 10473 124
0.1 10474 129
0.1 10475 135
0.1 10476 135
0.1 10477 135
0.1 10478 135
0.1 10479 135
0.1 10480 135
0.1 10481 135
0.1 10482 135
0.1 10483 135
0.1 10484 135
0.1 10485 113
0.1 10486 113
0.1 10487 113
0.1 10488 124
0.1 10489 135
0.1 10490 135
0.1 10491 135
0.1 10492 135
0.1 10493 124
0.1 10494 135
0.1 10495 135
0.1 10496 135
0.1 10497 124
0.1 10498 118
0.1 10499 118
0.1 10500 129
0.1 10501 135
0.1 10502 135
0.1 10503 113
0.1 10504 129
0.1 10505 135
0.1 10506 135
0.1 10507 135
0.1 10508 135
0.1 10509 129
0.1 10510 129
0.1 10511 113
0.1 10512 124
0.1 10513 135
0.1 10514 135
0.1 10515 135
0.1 10516 135
0.1 10517 135
0.1 10518 135
0.1 10519 135
0.1 10520 135
0.1 10521 135
0.1 10522 129
0.1 10523 129
0.1 10524 135
0.1 10525 135
0.1 10526 135
0.1 10527 135
0.1 10528 135
0.1 10529 135
0.1 10530 135
0.1 10531 135
0.1 10532 135
0.1 10533 129
0.1 10534 135
0.1 10535 124
0.1 10536 118
0.1 10537 97
0.1 10538 108
0.1 10539 108
0.1 10540 108
0.1 10541 124
0.1 10542 135
0.1 10543 135
0.1 10544 124
0.1 10545 118
0.1 10546 135
0.1 10547 135
0.1 10548 124
0.1 10549 135
0.1 10550 135
0.1 10551 102
0.1 10552 113
0.1 10553 129
0.1 10554 129
0.1 10555 135
0.1 10556 135
0.1 10557 124
0.1 10558 135
0.1 10559 124
0.1 10560 135
0.1 10561 135
0.1 10562 129
0.1 10563 135
0.1 10564 124
0.1 10565 113
0.1 10566 118
0.1 10567 129
0.1 10568 135
0.1 10569 118
0.1 10570 118
0.1 10571 118
0.1 10572 129
0.1 10573 129
0.1 10574 135
0.1 10575 135
0.1 10576 124
0.1 10577 135
0.1 10578 135
0.1 10579 135
0.1 10580 135
0.1 10581 135
0.1 10582 113
0.1 10583 118
0.1 10584 118
0.1 10585 118
0.1 10586 124
0.1 10587 118
0.1 10588 124
0.1 10589 135
0.1 10590 135
0.1 10591 135
0.1 10592 135
0.1 10593 135
0.1 10594 129
0.1 10595 135
0.1 10596 135
0.1 10597 124
0.1 10598 135
0.1 10599 135
0.1 10600 135
0.1 10601 135
0.1 10602 118
0.1 10603 135
0.1 10604 135
0.1 10605 124
0.1 10606 135
0.1 10607 135
0.1 10608 129
0.1 10609 135
0.1 10610 124
0.1 10611 135
0.1 10612 135
0.1 10613 135
0.1 10614 113
0.1 10615 129
0.1 10616 118
0.1 10617 118
0.1 10618 118
0.1 10619 118
0.1 10620 124
0.1 10621 135
0.1 10622 135
0.1 10623 108
0.1 10624 113
0.1 10625 113
0.1 10626 135
0.1 10627 124
0.1 10628 135
0.1 10629 135
0.1 10630 113
0.1 10631 118
0.1 10632 135
0.1 10633 135
0.1 10634 135
0.1 10635 135
0.1 10636 135
0.1 10637 135
0.1 10638 135
0.1 10639 135
0.1 10640 135
0.1 10641 118
0.1 10642 118
0.1 10643 135
0.1 10644 124
0.1 10645 108
0.1 10646 113
0.1 10647 113
0.1 10648 113
0.1 10649 124
0.1 10650 118
0.1 10651 129
0.1 10652 135
0.1 10653 135
0.1 10654 135
0.1 10655 135
0.1 10656 135
0.1 10657 129
0.1 10658 124
0.1 10659 124
0.1 10660 124
0.1 10661 108
0.1 10662 129
0.1 10663 135
0.1 10664 135
0.1 10665 135
0.1 10666 124
0.1 10667 135
0.1 10668 113
0.1 10669 129
0.1 10670 124
0.1 10671 118
0.1 10672 124
0.1 10673 129
0.1 10674 113
0.1 10675 113
0.1 10676 113
0.1 10677 135
0.1 10678 118
0.1 10679 129
0.1 10680 135
0.1 10681 135
0.1 10682 124
0.1 10683 135
0.1 10684 135
0.1 10685 135
0.1 10686 135
0.1 10687 135
0.1 10688 129
0.1 10689 129
0.1 10690 135
0.1 10691 129
0.1 10692 135
0.1 10693 135
0.1 10694 113
0.1 10695 113
0.1 10696 118
0.1 10697 124
0.1 10698 135
0.1 10699 102
0.1 10700 118
0.1 10701 135
0.1 10702 113
0.1 10703 113
0.1 10704 113
0.1 10705 113
0.1 10706 129
0.1 10707 135
0.1 10708 135
0.1 10709 135
0.1 10710 135
0.1 10711 135
0.1 10712 118
0.1 10713 135
0.1 10714 118
0.1 10715 118
0.1 10716 118
0.1 10717 118
0.1 10718 118
0.1 10719 118
0.1 10720 129
0.1 10721 135
0.1 10722 135
0.1 10723 135
0.1 10724 113
0.1 10725 113
0.1 10726 129
0.1 10727 135
0.1 10728 135
0.1 10729 135
0.1 10730 135
0.1 10731 135
0.1 10732 135
0.1 10733 118
0.1 10734 118
0.1 10735 135
0.1 10736 124
0.1 10737 135
0.1 10738 135
0.1 10739 118
0.1 10740 135
0.1 10741 135
0.1 10742 135
0.1 10743 113
0.1 10744 124
0.1 10745 129
0.1 10746 113
0.1 10747 113
0.1 10748 124
0.1 10749 135
0.1 10750 135
0.1 10751 135
0.1 10752 135
0.1 10753 135
0.1 10754 135
0.1 10755 135
0.1 10756 135
0.1 10757 135
0.1 10758 135
0.1 10759 135
0.1 10760 135
0.1 10761 129
0.1 10762 129
0.1 10763 129
0.1 10764 135
0.1 10765 135
0.1 10766 135
0.1 10767 135
0.1 10768 118
0.1 10769 129
0.1 10770 135
0.1 10771 118
0.1 10772 135
0.1 10773 124
0.1 10774 135
0.1 10775 135
0.1 10776 135
0.1 10777 118
0.1 10778 135
0.1 10779 124
0.1 10780 135
0.1 10781 124
0.1 10782 124
0.1 10783 129
0.1 10784 129
0.1 10785 135
0.1 10786 135
0.1 10787 135
0.1 10788 135
0.1 10789 124
0.1 10790 135
0.1 10791 135
0.1 10792 135
0.1 10793 135
0.1 10794 135
0.1 10795 135
0.1 10796 129
0.1 10797 129
0.1 10798 135
0.1 10799 135
0.1 10800 135
0.1 10801 135
0.1 10802 129
0.1 10803 135
0.1 10804 124
0.1 10805 135
0.1 10806 135
0.1 10807 135
0.1 10808 135
0.1 10809 135
0.1 10810 135
0.1 10811 135
0.1 10812 135
0.1 10813 118
0.1 10814 129
0.1 10815 135
0.1 10816 135
0.1 10817 135
0.1 10818 135
0.1 10819 118
0.1 10820 129
0.1 10821 135
0.1 10822 135
0.1 10823 135
0.1 10824 135
0.1 10825 135
0.1 10826 135
0.1 10827 135
0.1 10828 27
0.1 10829 32
0.1 10830 0
0.1 10831 0
0.1 10832 0
0.1 10833 0
0.1 10834 0
0.1 10835 16
0.1 10836 0
0.1 10837 10
0.1 10838 0
0.1 10839 0
0.1 10840 0
0.1 10841 0
0.1 10842 0
0.1 10843 0
0.1 10844 16
0.1 10845 16
0.1 10846 32
0.1 10847 32
0.1 10848 59
0.1 10849 75
0.1 10850 86
0.1 10851 0
0.1 10852 10
0.1 10853 0
0.1 10854 16
0.1 10855 5
0.1 10856 0
0.1 10857 0
0.1 10858 0
0.1 10859 0
0.1 10860 0
0.1 10861 5
0.1 10862 21
0.1 10863 16
0.1 10864 21
0.1 10865 21
0.1 10866 21
0.1 10867 21
0.1 10868 43
0.1 10869 59
0.1 10870 10
0.1 10871 0
0.1 10872 0
0.1 10873 10
0.1 10874 21
0.1 10875 5
0.1 10876 21
0.1 10877 21
0.1 10878 37
0.1 10879 48
0.1 10880 59
0.1 10881 59
0.1 10882 59
0.1 10883 59
0.1 10884 43
0.1 10885 43
0.1 10886 54
0.1 10887 70
0.1 10888 70
0.1 10889 86
0.1 10890 102
0.1 10891 102
0.1 10892 118
0.1 10893 16
0.1 10894 27
0.1 10895 27
0.1 10896 43
0.1 10897 64
0.1 10898 64
0.1 10899 64
0.1 10900 70
0.1 10901 48
0.1 10902 37
0.1 10903 37
0.1 10904 54
0.1 10905 59
0.1 10906 64
0.1 10907 70
0.1 10908 54
0.1 10909 59
0.1 10910 64
0.1 10911 64
0.1 10912 86
0.1 10913 86
0.1 10914 97
0.1 10915 113
0.1 10916 124
0.1 10917 135
0.1 10918 118
0.1 10919 124
0.1 10920 124
0.1 10921 135
0.1 10922 135
0.1 10923 135
0.1 10924 135
0.1 10925 135
0.1 10926 135
0.1 10927 135
0.1 10928 135
0.1 10929 135
0.1 10930 135
0.1 10931 118
0.1 10932 118
0.1 10933 118
0.1 10934 135
0.1 10935 135
0.1 10936 113
0.1 10937 124
0.1 10938 135
0.1 10939 135
0.1 10940 135
0.1 10941 135
0.1 10942 124
0.1 10943 135
0.1 10944 135
0.1 10945 135
0.1 10946 135
0.1 10947 113
0.1 10948 113
0.1 10949 135
0.1 10950 113
0.1 10951 124
0.1 10952 135
0.1 10953 135
0.1 10954 129
0.1 10955 129
0.1 10956 135
0.1 10957 118
0.1 10958 129
0.1 10959 124
0.1 10960 124
0.1 10961 124
0.1 10962 135
0.1 10963 135
0.1 10964 118
0.1 10965 129
0.1 10966 135
0.1 10967 129
0.1 10968 135
0.1 10969 135
0.1 10970 135
0.1 10971 135
0.1 10972 118
0.1 10973 118
0.1 10974 135
0.1 10975 108
0.1 10976 118
0.1 10977 129
0.1 10978 135
0.1 10979 135
0.1 10980 135
0.1 10981 135
0.1 10982 113
0.1 10983 129
0.1 10984 135
0.1 10985 135
0.1 10986 129
0.1 10987 118
0.1 10988 135
0.1 10989 135
0.1 10990 135
0.1 10991 135
0.1 10992 135
0.1 10993 135
0.1 10994 135
0.1 10995 135
0.1 10996 124
0.1 10997 118
0.1 10998 118
0.1 10999 135
0.1 11000 135
0.1 11001 135
0.1 11002 135
0.1 11003 135
0.1 11004 118
0.1 11005 113
0.1 11006 129
0.1 11007 129
0.1 11008 135
0.1 11009 135
0.1 11010 135
0.1 11011 135
0.1 11012 135
0.1 11013 135
0.1 11014 124
0.1 11015 135
0.1 11016 135
0.1 11017 135
0.1 11018 135
0.1 11019 135
0.1 11020 135
0.1 11021 135
0.1 11022 118
0.1 11023 129
0.1 11024 129
0.1 11025 113
0.1 11026 129
0.1 11027 135
0.1 11028 135
0.1 11029 135
0.1 11030 129
0.1 11031 135
0.1 11032 124
0.1 11033 129
0.1 11034 124
0.1 11035 135
0.1 11036 135
0.1 11037 135
0.1 11038 113
0.1 11039 124
0.1 11040 129
0.1 11041 113
0.1 11042 135
0.1 11043 135
0.1 11044 129
0.1 11045 135
0.1 11046 135
0.1 11047 135
0.1 11048 135
0.1 11049 135
0.1 11050 135
0.1 11051 135
0.1 11052 118
0.1 11053 118
0.1 11054 129
0.1 11055 135
0.1 11056 129
0.1 11057 124
0.1 11058 135
0.1 11059 135
0.1 11060 135
0.1 11061 135
0.1 11062 135
0.1 11063 135
0.1 11064 135
0.1 11065 124
0.1 11066 129
0.1 11067 135
0.1 11068 135
0.1 11069 135
0.1 11070 124
0.1 11071 129
0.1 11072 135
0.1 11073 124
0.1 11074 124
0.1 11075 135
0.1 11076 118
0.1 11077 135
0.1 11078 135
0.1 11079 108
0.1 11080 108
0.1 11081 135
0.1 11082 113
0.1 11083 118
0.1 11084 135
0.1 11085 124
0.1 11086 135
0.1 11087 135
0.1 11088 124
0.1 11089 135
0.1 11090 113
0.1 11091 124
0.1 11092 135
0.1 11093 113
0.1 11094 124
0.1 11095 135
0.1 11096 135
0.1 11097 135
0.1 11098 135
0.1 11099 135
0.1 11100 135
0.1 11101 135
0.1 11102 113
0.1 11103 135
0.1 11104 135
0.1 11105 135
0.1 11106 135
0.1 11107 135
0.1 11108 135
0.1 11109 135
0.1 11110 135
0.1 11111 124
0.1 11112 135
0.1 11113 135
0.1 11114 135
0.1 11115 124
0.1 11116 135
0.1 11117 135
0.1 11118 129
0.1 11119 135
0.1 11120 135
0.1 11121 135
0.1 11122 135
0.1 11123 135
0.1 11124 135
0.1 11125 135
0.1 11126 135
0.1 11127 135
0.1 11128 135
0.1 11129 135
0.1 11130 124
0.1 11131 135
0.1 11132 135
0.1 11133 135
0.1 11134 135
0.1 11135 135
0.1 11136 135
0.1 11137 113
0.1 11138 129
0.1 11139 135
0.1 11140 135
0.1 11141 118
0.1 11142 129
0.1 11143 118
0.1 11144 129
0.1 11145 135
0.1 11146 135
0.1 11147 108
0.1 11148 118
0.1 11149 129
0.1 11150 135
0.1 11151 118
0.1 11152 135
0.1 11153 135
0.1 11154 135
0.1 11155 124
0.1 11156 135
0.1 11157 135
0.1 11158 113
0.1 11159 129
0.1 11160 118
0.1 11161 135
0.1 11162 135
0.1 11163 135
0.1 11164 135
0.1 11165 135
0.1 11166 135
0.1 11167 135
0.1 11168 135
0.1 11169 135
0.1 11170 135
0.1 11171 118
0.1 11172 135
0.1 11173 135
0.1 11174 135
0.1 11175 135
0.1 11176 124
0.1 11177 135
0.1 11178 135
0.1 11179 118
0.1 11180 129
0.1 11181 113
0.1 11182 113
0.1 11183 113
0.1 11184 129
0.1 11185 135
0.1 11186 102
0.1 11187 113
0.1 11188 113
0.1 11189 118
0.1 11190 129
0.1 11191 135
0.1 11192 129
0.1 11193 118
0.1 11194 118
0.1 11195 129
0.1 11196 135
0.1 11197 135
0.1 11198 135
0.1 11199 135
0.1 11200 135
0.1 11201 118
0.1 11202 135
0.1 11203 135
0.1 11204 135
0.1 11205 135
0.1 11206 108
0.1 11207 113
0.1 11208 118
0.1 11209 118
0.1 11210 124
0.1 11211 135
0.1 11212 118
0.1 11213 135
0.1 11214 135
0.1 11215 135
0.1 11216 135
0.1 11217 135
0.1 11218 135
0.1 11219 135
0.1 11220 135
0.1 11221 129
0.1 11222 135
0.1 11223 108
0.1 11224 124
0.1 11225 124
0.1 11226 135
0.1 11227 135
0.1 11228 129
0.1 11229 129
0.1 11230 129
0.1 11231 135
0.1 11232 135
0.1 11233 129
0.1 11234 135
0.1 11235 113
0.1 11236 129
0.1 11237 135
0.1 11238 124
0.1 11239 129
0.1 11240 135
0.1 11241 135
0.1 11242 135
0.1 11243 129
0.1 11244 124
0.1 11245 135
0.1 11246 135
0.1 11247 135
0.1 11248 135
0.1 11249 108
0.1 11250 102
0.1 11251 113
0.1 11252 129
0.1 11253 108
0.1 11254 124
0.1 11255 124
0.1 11256 118
0.1 11257 129
0.1 11258 118
0.1 11259 118
0.1 11260 113
0.1 11261 129
0.1 11262 135
0.1 11263 135
0.1 11264 135
0.1 11265 135
0.1 11266 135
0.1 11267 135
0.1 11268 135
0.1 11269 113
0.1 11270 113
0.1 11271 118
0.1 11272 113
0.1 11273 118
0.1 11274 118
0.1 11275 135
0.1 11276 113
0.1 11277 129
0.1 11278 135
0.1 11279 43
0.1 11280 10
0.1 11281 27
0.1 11282 32
0.1 11283 16
0.1 11284 0
0.1 11285 16
0.1 11286 0
0.1 11287 10
0.1 11288 0
0.1 11289 10
0.1 11290 5
0.1 11291 5
0.1 11292 0
0.1 11293 5
0.1 11294 5
0.1 11295 5
0.1 11296 16
0.1 11297 27
0.1 11298 37
0.1 11299 43
0.1 11300 59
0.1 11301 86
0.1 11302 97
0.1 11303 118
0.1 11304 70
0.1 11305 10
0.1 11306 5
0.1 11307 21
0.1 11308 21
0.1 11309 37
0.1 11310 54
0.1 11311 70
0.1 11312 75
0.1 11313 75
0.1 11314 86
0.1 11315 97
0.1 11316 91
0.1 11317 91
0.1 11318 102
0.1 11319 113
0.1 11320 118
0.1 11321 124
0.1 11322 113
0.1 11323 86
0.1 11324 91
0.1 11325 102
0.1 11326 124
0.1 11327 124
0.1 11328 129
0.1 11329 135
0.1 11330 135
0.1 11331 118
0.1 11332 129
0.1 11333 108
0.1 11334 124
0.1 11335 135
0.1 11336 135
0.1 11337 135
0.1 11338 118
0.1 11339 135
0.1 11340 118
0.1 11341 124
0.1 11342 113
0.1 11343 113
0.1 11344 113
0.1 11345 113
0.1 11346 124
0.1 11347 129
0.1 11348 135
0.1 11349 135
0.1 11350 118
0.1 11351 118
0.1 11352 129
0.1 11353 135
0.1 11354 124
0.1 11355 124
0.1 11356 135
0.1 11357 135
0.1 11358 124
0.1 11359 135
0.1 11360 135
0.1 11361 113
0.1 11362 124
0.1 11363 118
0.1 11364 124
0.1 11365 135
0.1 11366 135
0.1 11367 135
0.1 11368 135
0.1 11369 129
0.1 11370 135
0.1 11371 135
0.1 11372 135
0.1 11373 135
0.1 11374 135
0.1 11375 135
0.1 11376 135
0.1 11377 124
0.1 11378 135
0.1 11379 124
0.1 11380 135
0.1 11381 135
0.1 11382 135
0.1 11383 135
0.1 11384 135
0.1 11385 135
0.1 11386 135
0.1 11387 135
0.1 11388 135
0.1 11389 118
0.1 11390 129
0.1 11391 135
0.1 11392 135
0.1 11393 135
0.1 11394 135
0.1 11395 135
0.1 11396 135
0.1 11397 135
0.1 11398 135
0.1 11399 113
0.1 11400 124
0.1 11401 135
0.1 11402 118
0.1 11403 135
0.1 11404 118
0.1 11405 124
0.1 11406 135
0.1 11407 135
0.1 11408 135
0.1 11409 113
0.1 11410 108
0.1 11411 124
0.1 11412 135
0.1 11413 124
0.1 11414 135
0.1 11415 135
0.1 11416 135
0.1 11417 118
0.1 11418 118
0.1 11419 129
0.1 11420 129
0.1 11421 135
0.1 11422 135
0.1 11423 135
0.1 11424 124
0.1 11425 135
0.1 11426 118
0.1 11427 113
0.1 11428 113
0.1 11429 129
0.1 11430 135
0.1 11431 129
0.1 11432 124
0.1 11433 135
0.1 11434 135
0.1 11435 135
0.1 11436 135
0.1 11437 135
0.1 11438 124
0.1 11439 135
0.1 11440 135
0.1 11441 135
0.1 11442 118
0.1 11443 118
0.1 11444 129
0.1 11445 135
0.1 11446 135
0.1 11447 135
0.1 11448 129
0.1 11449 124
0.1 11450 124
0.1 11451 118
0.1 11452 118
0.1 11453 129
0.1 11454 135
0.1 11455 135
0.1 11456 118
0.1 11457 124
0.1 11458 129
0.1 11459 135
0.1 11460 135
0.1 11461 135
0.1 11462 113
0.1 11463 135
0.1 11464 113
0.1 11465 113
0.1 11466 124
0.1 11467 118
0.1 11468 135
0.1 11469 135
0.1 11470 118
0.1 11471 118
0.1 11472 129
0.1 11473 135
0.1 11474 135
0.1 11475 135
0.1 11476 135
0.1 11477 135
0.1 11478 118
0.1 11479 135
0.1 11480 135
0.1 11481 124
0.1 11482 135
0.1 11483 135
0.1 11484 135
0.1 11485 118
0.1 11486 129
0.1 11487 135
0.1 11488 135
0.1 11489 135
0.1 11490 124
0.1 11491 135
0.1 11492 124
0.1 11493 118
0.1 11494 124
0.1 11495 135
0.1 11496 135
0.1 11497 135
0.1 11498 135
0.1 11499 135
0.1 11500 135
0.1 11501 124
0.1 11502 135
0.1 11503 135
0.1 11504 135
0.1 11505 135
0.1 11506 135
0.1 11507 118
0.1 11508 135
0.1 11509 135
0.1 11510 124
0.1 11511 113
0.1 11512 135
0.1 11513 135
0.1 11514 135
0.1 11515 113
0.1 11516 129
0.1 11517 135
0.1 11518 113
0.1 11519 129
0.1 11520 113
0.1 11521 113
0.1 11522 124
0.1 11523 135
0.1 11524 135
0.1 11525 118
0.1 11526 129
0.1 11527 135
0.1 11528 135
0.1 11529 118
0.1 11530 124
0.1 11531 135
0.1 11532 135
0.1 11533 135
0.1 11534 135
0.1 11535 118
0.1 11536 135
0.1 11537 135
0.1 11538 118
0.1 11539 113
0.1 11540 118
0.1 11541 135
0.1 11542 118
0.1 11543 135
0.1 11544 135
0.1 11545 135
0.1 11546 135
0.1 11547 135
0.1 11548 124
0.1 11549 135
0.1 11550 118
0.1 11551 135
0.1 11552 135
0.1 11553 135
0.1 11554 135
0.1 11555 135
0.1 11556 135
0.1 11557 135
0.1 11558 135
0.1 11559 135
0.1 11560 135
0.1 11561 135
0.1 11562 135
0.1 11563 135
0.1 11564 124
0.1 11565 129
0.1 11566 118
0.1 11567 129
0.1 11568 135
0.1 11569 135
0.1 11570 135
0.1 11571 135
0.1 11572 135
0.1 11573 135
0.1 11574 135
0.1 11575 135
0.1 11576 118
0.1 11577 135
0.1 11578 135
0.1 11579 135
0.1 11580 135
0.1 11581 135
0.1 11582 135
0.1 11583 135
0.1 11584 129
0.1 11585 108
0.1 11586 129
0.1 11587 118
0.1 11588 118
0.1 11589 97
0.1 11590 113
0.1 11591 124
0.1 11592 129
0.1 11593 124
0.1 11594 124
0.1 11595 135
0.1 11596 135
0.1 11597 118
0.1 11598 113
0.1 11599 113
0.1 11600 113
0.1 11601 135
0.1 11602 135
0.1 11603 135
0.1 11604 135
0.1 11605 113
0.1 11606 124
0.1 11607 135
0.1 11608 135
0.1 11609 135
0.1 11610 135
0.1 11611 135
0.1 11612 135
0.1 11613 135
0.1 11614 135
0.1 11615 135
0.1 11616 129
0.1 11617 135
0.1 11618 135
0.1 11619 135
0.1 11620 124
0.1 11621 129
0.1 11622 108
0.1 11623 129
0.1 11624 135
0.1 11625 135
0.1 11626 135
0.1 11627 118
0.1 11628 135
0.1 11629 124
0.1 11630 135
0.1 11631 124
0.1 11632 118
0.1 11633 113
0.1 11634 113
0.1 11635 135
0.1 11636 135
0.1 11637 135
0.1 11638 135
0.1 11639 135
0.1 11640 135
0.1 11641 118
0.1 11642 124
0.1 11643 135
0.1 11644 135
0.1 11645 113
0.1 11646 135
0.1 11647 135
0.1 11648 135
0.1 11649 113
0.1 11650 129
0.1 11651 118
0.1 11652 135
0.1 11653 135
0.1 11654 135
0.1 11655 135
0.1 11656 135
0.1 11657 124
0.1 11658 135
0.1 11659 135
0.1 11660 135
0.1 11661 135
0.1 11662 135
0.1 11663 135
0.1 11664 124
0.1 11665 135
0.1 11666 135
0.1 11667 135
0.1 11668 124
0.1 11669 135
0.1 11670 118
0.1 11671 135
0.1 11672 124
0.1 11673 135
0.1 11674 135
0.1 11675 118
0.1 11676 129
0.1 11677 135
0.1 11678 135
0.1 11679 129
0.1 11680 135
0.1 11681 113
0.1 11682 118
0.1 11683 135
0.1 11684 135
0.1 11685 135
0.1 11686 135
0.1 11687 135
0.1 11688 10
0.1 11689 16
0.1 11690 0
0.1 11691 5
0.1 11692 0
0.1 11693 0
0.1 11694 5
0.1 11695 5
0.1 11696 5
0.1 11697 0
0.1 11698 0
0.1 11699 10
0.1 11700 10
0.1 11701 10
0.1 11702 10
0.1 11703 27
0.1 11704 43
0.1 11705 54
0.1 11706 54
0.1 11707 32
0.1 11708 0
0.1 11709 10
0.1 11710 0
0.1 11711 0
0.1 11712 10
0.1 11713 16
0.1 11714 27
0.1 11715 37
0.1 11716 32
0.1 11717 43
0.1 11718 43
0.1 11719 54
0.1 11720 0
0.1 11721 0
0.1 11722 0
0.1 11723 0
0.1 11724 16
0.1 11725 16
0.1 11726 32
0.1 11727 32
0.1 11728 54
0.1 11729 54
0.1 11730 64
0.1 11731 70
0.1 11732 70
0.1 11733 64
0.1 11734 70
0.1 11735 59
0.1 11736 59
0.1 11737 37
0.1 11738 43
0.1 11739 43
0.1 11740 59
0.1 11741 70
0.1 11742 75
0.1 11743 75
0.1 11744 91
0.1 11745 102
0.1 11746 108
0.1 11747 118
0.1 11748 113
0.1 11749 118
0.1 11750 129
0.1 11751 135
0.1 11752 135
0.1 11753 135
0.1 11754 124
0.1 11755 118
0.1 11756 135
0.1 11757 124
0.1 11758 135
0.1 11759 135
0.1 11760 135
0.1 11761 124
0.1 11762 129
0.1 11763 135
0.1 11764 135
0.1 11765 135
0.1 11766 135
0.1 11767 135
0.1 11768 135
0.1 11769 135
0.1 11770 135
0.1 11771 135
0.1 11772 135
0.1 11773 135
0.1 11774 135
0.1 11775 118
0.1 11776 124
0.1 11777 135
0.1 11778 135
0.1 11779 102
0.1 11780 124
0.1 11781 124
0.1 11782 124
0.1 11783 135
0.1 11784 124
0.1 11785 135
0.1 11786 135
0.1 11787 135
0.1 11788 135
0.1 11789 113
0.1 11790 102
0.1 11791 102
0.1 11792 118
0.1 11793 135
0.1 11794 135
0.1 11795 113
0.1 11796 135
0.1 11797 124
0.1 11798 124
0.1 11799 135
0.1 11800 113
0.1 11801 113
0.1 11802 129
0.1 11803 135
0.1 11804 135
0.1 11805 129
0.1 11806 135
0.1 11807 135
0.1 11808 135
0.1 11809 135
0.1 11810 118
0.1 11811 135
0.1 11812 135
0.1 11813 118
0.1 11814 129
0.1 11815 135
0.1 11816 118
0.1 11817 118
0.1 11818 129
0.1 11819 135
0.1 11820 135
0.1 11821 129
0.1 11822 135
0.1 11823 124
0.1 11824 135
0.1 11825 124
0.1 11826 129
0.1 11827 135
0.1 11828 135
0.1 11829 135
0.1 11830 124
0.1 11831 135
0.1 11832 124
0.1 11833 135
0.1 11834 135
0.1 11835 135
0.1 11836 118
0.1 11837 135
0.1 11838 118
0.1 11839 124
0.1 11840 135
0.1 11841 135
0.1 11842 135
0.1 11843 135
0.1 11844 124
0.1 11845 135
0.1 11846 113
0.1 11847 124
0.1 11848 135
0.1 11849 118
0.1 11850 135
0.1 11851 135
0.1 11852 135
0.1 11853 135
0.1 11854 135
0.1 11855 135
0.1 11856 124
0.1 11857 129
0.1 11858 135
0.1 11859 135
0.1 11860 135
0.1 11861 124
0.1 11862 135
0.1 11863 124
0.1 11864 124
0.1 11865 135
0.1 11866 118
0.1 11867 135
0.1 11868 135
0.1 11869 135
0.1 11870 124
0.1 11871 124
0.1 11872 118
0.1 11873 129
0.1 11874 135
0.1 11875 118
0.1 11876 129
0.1 11877 135
0.1 11878 135
0.1 11879 135
0.1 11880 113
0.1 11881 118
0.1 11882 135
0.1 11883 124
0.1 11884 113
0.1 11885 135
0.1 11886 135
0.1 11887 135
0.1 11888 118
0.1 11889 135
0.1 11890 124
0.1 11891 124
0.1 11892 118
0.1 11893 118
0.1 11894 124
0.1 11895 135
0.1 11896 135
0.1 11897 118
0.1 11898 135
0.1 11899 135
0.1 11900 135
0.1 11901 135
0.1 11902 135
0.1 11903 124
0.1 11904 129
0.1 11905 135
0.1 11906 129
0.1 11907 124
0.1 11908 135
0.1 11909 135
0.1 11910 135
0.1 11911 135
0.1 11912 129
0.1 11913 135
0.1 11914 135
0.1 11915 135
0.1 11916 135
0.1 11917 135
0.1 11918 135
0.1 11919 118
0.1 11920 129
0.1 11921 135
0.1 11922 129
0.1 11923 135
0.1 11924 135
0.1 11925 113
0.1 11926 129
0.1 11927 124
0.1 11928 124
0.1 11929 135
0.1 11930 113
0.1 11931 129
0.1 11932 124
0.1 11933 135
0.1 11934 135
0.1 11935 129
0.1 11936 135
0.1 11937 135
0.1 11938 124
0.1 11939 135
0.1 11940 135
0.1 11941 124
0.1 11942 135
0.1 11943 135
0.1 11944 135
0.1 11945 118
0.1 11946 118
0.1 11947 135
0.1 11948 135
0.1 11949 124
0.1 11950 135
0.1 11951 135
0.1 11952 135
0.1 11953 118
0.1 11954 129
0.1 11955 118
0.1 11956 129
0.1 11957 113
0.1 11958 124
0.1 11959 129
0.1 11960 135
0.1 11961 113
0.1 11962 129
0.1 11963 135
0.1 11964 135
0.1 11965 118
0.1 11966 118
0.1 11967 135
0.1 11968 135
0.1 11969 113
0.1 11970 124
0.1 11971 124
0.1 11972 135
0.1 11973 135
0.1 11974 135
0.1 11975 129
0.1 11976 135
0.1 11977 135
0.1 11978 135
0.1 11979 135
0.1 11980 135
0.1 11981 124
0.1 11982 124
0.1 11983 124
0.1 11984 135
0.1 11985 135
0.1 11986 118
0.1 11987 135
0.1 11988 118
0.1 11989 129
0.1 11990 135
0.1 11991 135
0.1 11992 118
0.1 11993 124
0.1 11994 135
0.1 11995 135
0.1 11996 135
0.1 11997 135
0.1 11998 118
0.1 11999 118
0.1 12000 135
0.1 12001 118
0.1 12002 124
0.1 12003 135
0.1 12004 135
0.1 12005 135
0.1 12006 135
0.1 12007 135
0.1 12008 135
0.1 12009 135
0.1 12010 135
0.1 12011 135
0.1 12012 129
0.1 12013 118
0.1 12014 135
0.1 12015 135
0.1 12016 135
0.1 12017 135
0.1 12018 135
0.1 12019 129
0.1 12020 124
0.1 12021 135
0.1 12022 135
0.1 12023 124
0.1 12024 135
0.1 12025 124
0.1 12026 135
0.1 12027 124
0.1 12028 135
0.1 12029 124
0.1 12030 113
0.1 12031 124
0.1 12032 118
0.1 12033 118
0.1 12034 118
0.1 12035 118
0.1 12036 124
0.1 12037 135
0.1 12038 135
0.1 12039 129
0.1 12040 135
0.1 12041 135
0.1 12042 135
0.1 12043 135
0.1 12044 135
0.1 12045 135
0.1 12046 129
0.1 12047 135
0.1 12048 135
0.1 12049 135
0.1 12050 135
0.1 12051 135
0.1 12052 124
0.1 12053 113
0.1 12054 113
0.1 12055 129
0.1 12056 135
0.1 12057 118
0.1 12058 129
0.1 12059 113
0.1 12060 129
0.1 12061 113
0.1 12062 113
0.1 12063 129
0.1 12064 129
0.1 12065 118
0.1 12066 129
0.1 12067 135
0.1 12068 118
0.1 12069 118
0.1 12070 118
0.1 12071 118
0.1 12072 135
0.1 12073 129
0.1 12074 135
0.1 12075 124
0.1 12076 118
0.1 12077 129
0.1 12078 135
0.1 12079 135
0.1 12080 135
0.1 12081 135
0.1 12082 118
0.1 12083 135
0.1 12084 135
0.1 12085 135
0.1 12086 135
0.1 12087 135
0.1 12088 124
0.1 12089 129
0.1 12090 135
0.1 12091 135
0.1 12092 135
0.1 12093 113
0.1 12094 135
0.1 12095 135
0.1 12096 135
0.1 12097 135
0.1 12098 135
0.1 12099 118
0.1 12100 135
0.1 12101 135
0.1 12102 113
0.1 12103 129
0.1 12104 135
0.1 12105 135
0.1 12106 113
0.1 12107 124
0.1 12108 124
0.1 12109 135
0.1 12110 129
0.1 12111 135
0.1 12112 118
0.1 12113 75
0.1 12114 0
0.1 12115 0
0.1 12116 0
0.1 12117 0
0.1 12118 0
0.1 12119 0
0.1 12120 0
0.1 12121 0
0.1 12122 0
0.1 12123 0
0.1 12124 16
0.1 12125 27
0.1 12126 32
0.1 12127 48
0.1 12128 48
0.1 12129 37
0.1 12130 37
0.1 12131 54
0.1 12132 70
0.1 12133 86
0.1 12134 54
0.1 12135 64
0.1 12136 75
0.1 12137 91
0.1 12138 102
0.1 12139 108
0.1 12140 108
0.1 12141 108
0.1 12142 129
0.1 12143 135
0.1 12144 135
0.1 12145 135
0.1 12146 129
0.1 12147 113
0.1 12148 129
0.1 12149 118
0.1 12150 135
0.1 12151 135
0.1 12152 0
0.1 12153 0
0.1 12154 0
0.1 12155 5
0.1 12156 0
0.1 12157 10
0.1 12158 0
0.1 12159 0
0.1 12160 16
0.1 12161 0
0.1 12162 16
0.1 12163 5
0.1 12164 5
0.1 12165 16
0.1 12166 0
0.1 12167 16
0.1 12168 0
0.1 12169 0
0.1 12170 10
0.1 12171 21
0.1 12172 32
0.1 12173 37
0.1 12174 54
0.1 12175 27
0.1 12176 48
0.1 12177 32
0.1 12178 0
0.1 12179 0
0.1 12180 0
0.1 12181 0
0.1 12182 0
0.1 12183 0
0.1 12184 0
0.1 12185 10
0.1 12186 21
0.1 12187 32
0.1 12188 54
0.1 12189 64
0.1 12190 75
0.1 12191 86
0.1 12192 86
0.1 12193 97
0.1 12194 75
0.1 12195 21
0.1 12196 37
0.1 12197 48
0.1 12198 70
0.1 12199 0
0.1 12200 0
0.1 12201 0
0.1 12202 10
0.1 12203 0
0.1 12204 0
0.1 12205 0
0.1 12206 10
0.1 12207 16
0.1 12208 5
0.1 12209 0
0.1 12210 10
0.1 12211 10
0.1 12212 0
0.1 12213 0
0.1 12214 10
0.1 12215 10
0.1 12216 27
0.1 12217 32
0.1 12218 48
0.1 12219 48
0.1 12220 59
0.1 12221 64
0.1 12222 81
0.1 12223 81
0.1 12224 81
0.1 12225 81
0.1 12226 81
0.1 12227 102
0.1 12228 113
0.1 12229 129
0.1 12230 124
0.1 12231 135
0.1 12232 124
0.1 12233 135
0.1 12234 135
0.1 12235 118
0.1 12236 129
0.1 12237 124
0.1 12238 135
0.1 12239 118
0.1 12240 113
0.1 12241 124
0.1 12242 129
0.1 12243 118
0.1 12244 129
0.1 12245 135
0.1 12246 135
0.1 12247 135
0.1 12248 135
0.1 12249 135
0.1 12250 135
0.1 12251 135
0.1 12252 135
0.1 12253 135
0.1 12254 135
0.1 12255 135
0.1 12256 129
0.1 12257 113
0.1 12258 113
0.1 12259 129
0.1 12260 135
0.1 12261 135
0.1 12262 135
0.1 12263 135
0.1 12264 135
0.1 12265 135
0.1 12266 135
0.1 12267 135
0.1 12268 135
0.1 12269 135
0.1 12270 129
0.1 12271 135
0.1 12272 129
0.1 12273 135
0.1 12274 135
0.1 12275 135
0.1 12276 135
0.1 12277 113
0.1 12278 113
0.1 12279 129
0.1 12280 135
0.1 12281 124
0.1 12282 124
0.1 12283 135
0.1 12284 129
0.1 12285 135
0.1 12286 135
0.1 12287 135
0.1 12288 124
0.1 12289 135
0.1 12290 124
0.1 12291 129
0.1 12292 135
0.1 12293 135
0.1 12294 113
0.1 12295 135
0.1 12296 135
0.1 12297 135
0.1 12298 135
0.1 12299 135
0.1 12300 135
0.1 12301 135
0.1 12302 135
0.1 12303 129
0.1 12304 135
0.1 12305 135
0.1 12306 135
0.1 12307 135
0.1 12308 113
0.1 12309 129
0.1 12310 135
0.1 12311 135
0.1 12312 118
0.1 12313 135
0.1 12314 135
0.1 12315 135
0.1 12316 135
0.1 12317 135
0.1 12318 124
0.1 12319 135
0.1 12320 135
0.1 12321 113
0.1 12322 135
0.1 12323 124
0.1 12324 118
0.1 12325 113
0.1 12326 124
0.1 12327 135
0.1 12328 135
0.1 12329 135
0.1 12330 124
0.1 12331 135
0.1 12332 135
0.1 12333 135
0.1 12334 118
0.1 12335 135
0.1 12336 135
0.1 12337 135
0.1 12338 135
0.1 12339 135
0.1 12340 135
0.1 12341 135
0.1 12342 135
0.1 12343 135
0.1 12344 135
0.1 12345 124
0.1 12346 124
0.1 12347 135
0.1 12348 135
0.1 12349 118
0.1 12350 129
0.1 12351 113
0.1 12352 129
0.1 12353 135
0.1 12354 113
0.1 12355 129
0.1 12356 135
0.1 12357 135
0.1 12358 129
0.1 12359 135
0.1 12360 135
0.1 12361 135
0.1 12362 135
0.1 12363 135
0.1 12364 135
0.1 12365 124
0.1 12366 135
0.1 12367 135
0.1 12368 135
0.1 12369 135
0.1 12370 135
0.1 12371 118
0.1 12372 118
0.1 12373 135
0.1 12374 135
0.1 12375 135
0.1 12376 135
0.1 12377 135
0.1 12378 135
0.1 12379 124
0.1 12380 135
0.1 12381 113
0.1 12382 135
0.1 12383 118
0.1 12384 135
0.1 12385 124
0.1 12386 113
0.1 12387 129
0.1 12388 135
0.1 12389 135
0.1 12390 135
0.1 12391 135
0.1 12392 135
0.1 12393 135
0.1 12394 129
0.1 12395 135
0.1 12396 135
0.1 12397 135
0.1 12398 135
0.1 12399 129
0.1 12400 135
0.1 12401 118
0.1 12402 135
0.1 12403 135
0.1 12404 135
0.1 12405 118
0.1 12406 118
0.1 12407 135
0.1 12408 135
0.1 12409 124
0.1 12410 135
0.1 12411 135
0.1 12412 135
0.1 12413 135
0.1 12414 135
0.1 12415 135
0.1 12416 135
0.1 12417 135
0.1 12418 135
0.1 12419 135
0.1 12420 135
0.1 12421 135
0.1 12422 113
0.1 12423 113
0.1 12424 129
0.1 12425 135
0.1 12426 135
0.1 12427 135
0.1 12428 135
0.1 12429 135
0.1 12430 135
0.1 12431 135
0.1 12432 118
0.1 12433 135
0.1 12434 124
0.1 12435 118
0.1 12436 135
0.1 12437 135
0.1 12438 135
0.1 12439 113
0.1 12440 129
0.1 12441 124
0.1 12442 129
0.1 12443 135
0.1 12444 118
0.1 12445 129
0.1 12446 129
0.1 12447 135
0.1 12448 118
0.1 12449 118
0.1 12450 129
0.1 12451 113
0.1 12452 113
0.1 12453 129
0.1 12454 135
0.1 12455 118
0.1 12456 129
0.1 12457 135
0.1 12458 135
0.1 12459 135
0.1 12460 135
0.1 12461 135
0.1 12462 135
0.1 12463 135
0.1 12464 124
0.1 12465 118
0.1 12466 135
0.1 12467 135
0.1 12468 113
0.1 12469 113
0.1 12470 129
0.1 12471 135
0.1 12472 135
0.1 12473 135
0.1 12474 118
0.1 12475 135
0.1 12476 135
0.1 12477 135
0.1 12478 135
0.1 12479 118
0.1 12480 118
0.1 12481 113
0.1 12482 113
0.1 12483 118
0.1 12484 118
0.1 12485 129
0.1 12486 124
0.1 12487 118
0.1 12488 118
0.1 12489 135
0.1 12490 118
0.1 12491 118
0.1 12492 118
0.1 12493 129
0.1 12494 118
0.1 12495 129
0.1 12496 118
0.1 12497 118
0.1 12498 135
0.1 12499 135
0.1 12500 135
0.1 12501 135
0.1 12502 135
0.1 12503 135
0.1 12504 124
0.1 12505 135
0.1 12506 135
0.1 12507 124
0.1 12508 135
0.1 12509 135
0.1 12510 135
0.1 12511 135
0.1 12512 135
0.1 12513 118
0.1 12514 118
0.1 12515 118
0.1 12516 135
0.1 12517 135
0.1 12518 135
0.1 12519 135
0.1 12520 135
0.1 12521 135
0.1 12522 135
0.1 12523 113
0.1 12524 118
0.1 12525 113
0.1 12526 129
0.1 12527 135
0.1 12528 113
0.1 12529 129
0.1 12530 124
0.1 12531 135
0.1 12532 118
0.1 12533 124
0.1 12534 135
0.1 12535 118
0.1 12536 118
0.1 12537 118
0.1 12538 135
0.1 12539 135
0.1 12540 135
0.1 12541 129
0.1 12542 129
0.1 12543 135
0.1 12544 118
0.1 12545 135
0.1 12546 135
0.1 12547 135
0.1 12548 118
0.1 12549 118
0.1 12550 124
0.1 12551 129
0.1 12552 118
0.1 12553 135
0.1 12554 135
0.1 12555 135
0.1 12556 124
0.1 12557 129
0.1 12558 135
0.1 12559 135
0.1 12560 135
0.1 12561 113
0.1 12562 113
0.1 12563 124
0.1 12564 135
0.1 12565 135
0.1 12566 118
0.1 12567 135
0.1 12568 135
0.1 12569 135
0.1 12570 108
0.1 12571 124
0.1 12572 129
0.1 12573 113
0.1 12574 113
0.1 12575 124
0.1 12576 124
0.1 12577 124
0.1 12578 124
0.1 12579 135
0.1 12580 135
0.1 12581 118
0.1 12582 118
0.1 12583 118
0.1 12584 135
0.1 12585 135
0.1 12586 135
0.1 12587 135
0.1 12588 124
0.1 12589 124
0.1 12590 135
0.1 12591 124
0.1 12592 118
0.1 12593 135
0.1 12594 91
0.1 12595 21
0.1 12596 21
0.1 12597 27
0.1 12598 43
0.1 12599 59
0.1 12600 64
0.1 12601 0
0.1 12602 0
0.1 12603 5
0.1 12604 0
0.1 12605 0
0.1 12606 10
0.1 12607 0
0.1 12608 10
0.1 12609 0
0.1 12610 0
0.1 12611 5
0.1 12612 0
0.1 12613 10
0.1 12614 0
0.1 12615 0
0.1 12616 0
0.1 12617 0
0.1 12618 0
0.1 12619 0
0.1 12620 0
0.1 12621 5
0.1 12622 21
0.1 12623 27
0.1 12624 0
0.1 12625 0
0.1 12626 0
0.1 12627 0
0.1 12628 0
0.1 12629 10
0.1 12630 16
0.1 12631 32
0.1 12632 5
0.1 12633 0
0.1 12634 0
0.1 12635 0
0.1 12636 5
0.1 12637 16
0.1 12638 5
0.1 12639 10
0.1 12640 0
0.1 12641 5
0.1 12642 27
0.1 12643 43
0.1 12644 43
0.1 12645 32
0.1 12646 37
0.1 12647 54
0.1 12648 54
0.1 12649 54
0.1 12650 54
0.1 12651 59
0.1 12652 70
0.1 12653 86
0.1 12654 102
0.1 12655 118
0.1 12656 135
0.1 12657 102
0.1 12658 10
0.1 12659 27
0.1 12660 37
0.1 12661 43
0.1 12662 27
0.1 12663 37
0.1 12664 0
0.1 12665 0
0.1 12666 0
0.1 12667 0
0.1 12668 0
0.1 12669 5
0.1 12670 16
0.1 12671 21
0.1 12672 37
0.1 12673 32
0.1 12674 37
0.1 12675 5
0.1 12676 5
0.1 12677 5
0.1 12678 0
0.1 12679 5
0.1 12680 21
0.1 12681 0
0.1 12682 0
0.1 12683 21
0.1 12684 37
0.1 12685 54
0.1 12686 75
0.1 12687 86
0.1 12688 75
0.1 12689 54
0.1 12690 54
0.1 12691 54
0.1 12692 75
0.1 12693 97
0.1 12694 118
0.1 12695 135
0.1 12696 113
0.1 12697 118
0.1 12698 118
0.1 12699 135
0.1 12700 124
0.1 12701 108
0.1 12702 108
0.1 12703 113
0.1 12704 113
0.1 12705 129
0.1 12706 135
0.1 12707 113
0.1 12708 118
0.1 12709 129
0.1 12710 124
0.1 12711 129
0.1 12712 113
0.1 12713 118
0.1 12714 135
0.1 12715 129
0.1 12716 135
0.1 12717 135
0.1 12718 135
0.1 12719 135
0.1 12720 129
0.1 12721 118
0.1 12722 135
0.1 12723 135
0.1 12724 135
0.1 12725 135
0.1 12726 129
0.1 12727 118
0.1 12728 129
0.1 12729 124
0.1 12730 135
0.1 12731 124
0.1 12732 124
0.1 12733 124
0.1 12734 135
0.1 12735 124
0.1 12736 129
0.1 12737 135
0.1 12738 135
0.1 12739 113
0.1 12740 108
0.1 12741 118
0.1 12742 97
0.1 12743 97
0.1 12744 108
0.1 12745 118
0.1 12746 124
0.1 12747 124
0.1 12748 113
0.1 12749 135
0.1 12750 118
0.1 12751 129
0.1 12752 135
0.1 12753 135
0.1 12754 135
0.1 12755 124
0.1 12756 118
0.1 12757 129
0.1 12758 129
0.1 12759 135
0.1 12760 129
0.1 12761 135
0.1 12762 135
0.1 12763 129
0.1 12764 135
0.1 12765 129
0.1 12766 118
0.1 12767 135
0.1 12768 124
0.1 12769 135
0.1 12770 135
0.1 12771 124
0.1 12772 135
0.1 12773 135
0.1 12774 135
0.1 12775 124
0.1 12776 135
0.1 12777 135
0.1 12778 129
0.1 12779 135
0.1 12780 113
0.1 12781 135
0.1 12782 135
0.1 12783 135
0.1 12784 135
0.1 12785 135
0.1 12786 135
0.1 12787 135
0.1 12788 135
0.1 12789 135
0.1 12790 118
0.1 12791 135
0.1 12792 129
0.1 12793 135
0.1 12794 135
0.1 12795 135
0.1 12796 135
0.1 12797 135
0.1 12798 135
0.1 12799 118
0.1 12800 135
0.1 12801 135
0.1 12802 129
0.1 12803 129
0.1 12804 135
0.1 12805 118
0.1 12806 118
0.1 12807 118
0.1 12808 124
0.1 12809 135
0.1 12810 129
0.1 12811 118
0.1 12812 102
0.1 12813 102
0.1 12814 102
0.1 12815 108
0.1 12816 124
0.1 12817 124
0.1 12818 118
0.1 12819 118
0.1 12820 135
0.1 12821 135
0.1 12822 135
0.1 12823 124
0.1 12824 135
0.1 12825 135
0.1 12826 124
0.1 12827 135
0.1 12828 135
0.1 12829 135
0.1 12830 135
0.1 12831 113
0.1 12832 124
0.1 12833 135
0.1 12834 135
0.1 12835 135
0.1 12836 124
0.1 12837 124
0.1 12838 135
0.1 12839 135
0.1 12840 135
0.1 12841 124
0.1 12842 124
0.1 12843 135
0.1 12844 135
0.1 12845 135
0.1 12846 135
0.1 12847 135
0.1 12848 135
0.1 12849 135
0.1 12850 135
0.1 12851 135
0.1 12852 113
0.1 12853 124
0.1 12854 118
0.1 12855 113
0.1 12856 113
0.1 12857 118
0.1 12858 135
0.1 12859 135
0.1 12860 124
0.1 12861 135
0.1 12862 135
0.1 12863 135
0.1 12864 129
0.1 12865 135
0.1 12866 135
0.1 12867 135
0.1 12868 135
0.1 12869 124
0.1 12870 118
0.1 12871 135
0.1 12872 129
0.1 12873 135
0.1 12874 135
0.1 12875 135
0.1 12876 135
0.1 12877 124
0.1 12878 135
0.1 12879 135
0.1 12880 129
0.1 12881 118
0.1 12882 129
0.1 12883 124
0.1 12884 135
0.1 12885 135
0.1 12886 129
0.1 12887 135
0.1 12888 118
0.1 12889 135
0.1 12890 135
0.1 12891 124
0.1 12892 124
0.1 12893 124
0.1 12894 124
0.1 12895 129
0.1 12896 135
0.1 12897 118
0.1 12898 129
0.1 12899 135
0.1 12900 124
0.1 12901 124
0.1 12902 135
0.1 12903 135
0.1 12904 135
0.1 12905 135
0.1 12906 135
0.1 12907 135
0.1 12908 135
0.1 12909 124
0.1 12910 124
0.1 12911 135
0.1 12912 118
0.1 12913 124
0.1 12914 135
0.1 12915 135
0.1 12916 135
0.1 12917 129
0.1 12918 135
0.1 12919 135
0.1 12920 135
0.1 12921 118
0.1 12922 118
0.1 12923 135
0.1 12924 118
0.1 12925 102
0.1 12926 124
0.1 12927 135
0.1 12928 135
0.1 12929 135
0.1 12930 124
0.1 12931 135
0.1 12932 135
0.1 12933 108
0.1 12934 118
0.1 12935 135
0.1 12936 135
0.1 12937 113
0.1 12938 113
0.1 12939 124
0.1 12940 135
0.1 12941 124
0.1 12942 135
0.1 12943 129
0.1 12944 124
0.1 12945 129
0.1 12946 135
0.1 12947 124
0.1 12948 113
0.1 12949 118
0.1 12950 135
0.1 12951 135
0.1 12952 135
0.1 12953 113
0.1 12954 129
0.1 12955 118
0.1 12956 118
0.1 12957 124
0.1 12958 124
0.1 12959 135
0.1 12960 135
0.1 12961 135
0.1 12962 135
0.1 12963 135
0.1 12964 135
0.1 12965 135
0.1 12966 135
0.1 12967 135
0.1 12968 135
0.1 12969 135
0.1 12970 135
0.1 12971 135
0.1 12972 135
0.1 12973 118
0.1 12974 135
0.1 12975 118
0.1 12976 135
0.1 12977 135
0.1 12978 113
0.1 12979 124
0.1 12980 135
0.1 12981 124
0.1 12982 135
0.1 12983 135
0.1 12984 135
0.1 12985 135
0.1 12986 135
0.1 12987 135
0.1 12988 124
0.1 12989 129
0.1 12990 118
0.1 12991 129
0.1 12992 118
0.1 12993 113
0.1 12994 124
0.1 12995 135
0.1 12996 135
0.1 12997 135
0.1 12998 135
0.1 12999 135
0.1 13000 135
0.1 13001 135
0.1 13002 135
0.1 13003 129
0.1 13004 124
0.1 13005 135
0.1 13006 118
0.1 13007 129
0.1 13008 135
0.1 13009 124
0.1 13010 135
0.1 13011 118
0.1 13012 129
0.1 13013 135
0.1 13014 129
0.1 13015 135
0.1 13016 124
0.1 13017 135
0.1 13018 118
0.1 13019 108
0.1 13020 118
0.1 13021 135
0.1 13022 135
0.1 13023 135
0.1 13024 118
0.1 13025 124
0.1 13026 124
0.1 13027 135
0.1 13028 135
0.1 13029 135
0.1 13030 135
0.1 13031 135
0.1 13032 108
0.1 13033 118
0.1 13034 135
0.1 13035 129
0.1 13036 124
0.1 13037 124
0.1 13038 124
0.1 13039 118
0.1 13040 135
0.1 13041 135
0.1 13042 135
0.1 13043 124
0.1 13044 135
0.1 13045 135
0.1 13046 124
0.1 13047 135
0.1 13048 135
0.1 13049 135
0.1 13050 135
0.1 13051 135
0.1 13052 135
0.1 13053 135
0.1 13054 135
0.1 13055 135
0.1 13056 129
0.1 13057 129
0.1 13058 135
0.1 13059 135
0.1 13060 129
0.1 13061 108
0.1 13062 102
0.1 13063 118
0.1 13064 48
0.1 13065 5
0.1 13066 16
0.1 13067 16
0.1 13068 5
0.1 13069 16
0.1 13070 10
0.1 13071 10
0.1 13072 0
0.1 13073 0
0.1 13074 0
0.1 13075 0
0.1 13076 16
0.1 13077 27
0.1 13078 43
0.1 13079 32
0.1 13080 32
0.1 13081 27
0.1 13082 27
0.1 13083 27
0.1 13084 27
0.1 13085 32
0.1 13086 48
0.1 13087 48
0.1 13088 64
0.1 13089 75
0.1 13090 91
0.1 13091 102
0.1 13092 108
0.1 13093 27
0.1 13094 37
0.1 13095 5
0.1 13096 16
0.1 13097 5
0.1 13098 10
0.1 13099 21
0.1 13100 21
0.1 13101 5
0.1 13102 27
0.1 13103 32
0.1 13104 5
0.1 13105 21
0.1 13106 37
0.1 13107 32
0.1 13108 37
0.1 13109 32
0.1 13110 0
0.1 13111 0
0.1 13112 0
0.1 13113 16
0.1 13114 0
0.1 13115 0
0.1 13116 5
0.1 13117 5
0.1 13118 0
0.1 13119 0
0.1 13120 5
0.1 13121 5
0.1 13122 16
0.1 13123 0
0.1 13124 0
0.1 13125 0
0.1 13126 0
0.1 13127 10
0.1 13128 27
0.1 13129 43
0.1 13130 43
0.1 13131 54
0.1 13132 27
0.1 13133 27
0.1 13134 27
0.1 13135 43
0.1 13136 64
0.1 13137 75
0.1 13138 75
0.1 13139 97
0.1 13140 97
0.1 13141 113
0.1 13142 113
0.1 13143 97
0.1 13144 91
0.1 13145 81
0.1 13146 81
0.1 13147 81
0.1 13148 97
0.1 13149 113
0.1 13150 135
0.1 13151 118
0.1 13152 118
0.1 13153 129
0.1 13154 124
0.1 13155 124
0.1 13156 124
0.1 13157 135
0.1 13158 118
0.1 13159 54
0.1 13160 5
0.1 13161 10
0.1 13162 5
0.1 13163 5
0.1 13164 16
0.1 13165 32
0.1 13166 32
0.1 13167 37
0.1 13168 37
0.1 13169 59
0.1 13170 59
0.1 13171 64
0.1 13172 64
0.1 13173 81
0.1 13174 91
0.1 13175 102
0.1 13176 113
0.1 13177 124
0.1 13178 124
0.1 13179 135
0.1 13180 113
0.1 13181 118
0.1 13182 135
0.1 13183 135
0.1 13184 135
0.1 13185 135
0.1 13186 135
0.1 13187 124
0.1 13188 129
0.1 13189 113
0.1 13190 129
0.1 13191 135
0.1 13192 124
0.1 13193 135
0.1 13194 135
0.1 13195 135
0.1 13196 135
0.1 13197 129
0.1 13198 135
0.1 13199 135
0.1 13200 129
0.1 13201 118
0.1 13202 135
0.1 13203 124
0.1 13204 124
0.1 13205 129
0.1 13206 135
0.1 13207 124
0.1 13208 129
0.1 13209 135
0.1 13210 135
0.1 13211 135
0.1 13212 124
0.1 13213 129
0.1 13214 135
0.1 13215 135
0.1 13216 118
0.1 13217 118
0.1 13218 135
0.1 13219 118
0.1 13220 118
0.1 13221 135
0.1 13222 135
0.1 13223 135
0.1 13224 135
0.1 13225 135
0.1 13226 135
0.1 13227 135
0.1 13228 124
0.1 13229 135
0.1 13230 135
0.1 13231 135
0.1 13232 135
0.1 13233 129
0.1 13234 135
0.1 13235 135
0.1 13236 135
0.1 13237 135
0.1 13238 129
0.1 13239 135
0.1 13240 135
0.1 13241 135
0.1 13242 135
0.1 13243 118
0.1 13244 124
0.1 13245 124
0.1 13246 135
0.1 13247 135
0.1 13248 135
0.1 13249 135
0.1 13250 135
0.1 13251 129
0.1 13252 118
0.1 13253 129
0.1 13254 135
0.1 13255 135
0.1 13256 135
0.1 13257 135
0.1 13258 118
0.1 13259 124
0.1 13260 124
0.1 13261 129
0.1 13262 135
0.1 13263 129
0.1 13264 108
0.1 13265 118
0.1 13266 118
0.1 13267 135
0.1 13268 135
0.1 13269 135
0.1 13270 129
0.1 13271 135
0.1 13272 118
0.1 13273 135
0.1 13274 135
0.1 13275 135
0.1 13276 135
0.1 13277 108
0.1 13278 129
0.1 13279 135
0.1 13280 135
0.1 13281 135
0.1 13282 135
0.1 13283 135
0.1 13284 135
0.1 13285 135
0.1 13286 135
0.1 13287 135
0.1 13288 135
0.1 13289 118
0.1 13290 129
0.1 13291 135
0.1 13292 135
0.1 13293 135
0.1 13294 113
0.1 13295 124
0.1 13296 135
0.1 13297 135
0.1 13298 135
0.1 13299 135
0.1 13300 135
0.1 13301 124
0.1 13302 135
0.1 13303 129
0.1 13304 113
0.1 13305 129
0.1 13306 135
0.1 13307 135
0.1 13308 135
0.1 13309 129
0.1 13310 135
0.1 13311 135
0.1 13312 113
0.1 13313 113
0.1 13314 124
0.1 13315 118
0.1 13316 135
0.1 13317 135
0.1 13318 129
0.1 13319 135
0.1 13320 135
0.1 13321 135
0.1 13322 135
0.1 13323 124
0.1 13324 135
0.1 13325 118
0.1 13326 135
0.1 13327 135
0.1 13328 135
0.1 13329 124
0.1 13330 135
0.1 13331 113
0.1 13332 124
0.1 13333 135
0.1 13334 135
0.1 13335 135
0.1 13336 135
0.1 13337 135
0.1 13338 124
0.1 13339 135
0.1 13340 135
0.1 13341 135
0.1 13342 135
0.1 13343 135
0.1 13344 135
0.1 13345 135
0.1 13346 113
0.1 13347 113
0.1 13348 135
0.1 13349 118
0.1 13350 118
0.1 13351 135
0.1 13352 135
0.1 13353 129
0.1 13354 124
0.1 13355 135
0.1 13356 135
0.1 13357 135
0.1 13358 118
0.1 13359 135
0.1 13360 135
0.1 13361 135
0.1 13362 118
0.1 13363 129
0.1 13364 135
0.1 13365 135
0.1 13366 135
0.1 13367 135
0.1 13368 135
0.1 13369 135
0.1 13370 118
0.1 13371 135
0.1 13372 135
0.1 13373 118
0.1 13374 124
0.1 13375 135
0.1 13376 135
0.1 13377 135
0.1 13378 135
0.1 13379 129
0.1 13380 135
0.1 13381 124
0.1 13382 135
0.1 13383 135
0.1 13384 135
0.1 13385 135
0.1 13386 124
0.1 13387 113
0.1 13388 129
0.1 13389 129
0.1 13390 108
0.1 13391 108
0.1 13392 124
0.1 13393 135
0.1 13394 135
0.1 13395 135
0.1 13396 135
0.1 13397 135
0.1 13398 135
0.1 13399 135
0.1 13400 135
0.1 13401 118
0.1 13402 118
0.1 13403 135
0.1 13404 135
0.1 13405 135
0.1 13406 135
0.1 13407 135
0.1 13408 118
0.1 13409 135
0.1 13410 135
0.1 13411 135
0.1 13412 135
0.1 13413 135
0.1 13414 118
0.1 13415 135
0.1 13416 129
0.1 13417 124
0.1 13418 135
0.1 13419 135
0.1 13420 135
0.1 13421 135
0.1 13422 135
0.1 13423 129
0.1 13424 124
0.1 13425 124
0.1 13426 135
0.1 13427 135
0.1 13428 135
0.1 13429 135
0.1 13430 113
0.1 13431 108
0.1 13432 124
0.1 13433 118
0.1 13434 124
0.1 13435 135
0.1 13436 113
0.1 13437 129
0.1 13438 129
0.1 13439 118
0.1 13440 113
0.1 13441 113
0.1 13442 113
0.1 13443 135
0.1 13444 129
0.1 13445 129
0.1 13446 135
0.1 13447 135
0.1 13448 124
0.1 13449 135
0.1 13450 135
0.1 13451 124
0.1 13452 124
0.1 13453 124
0.1 13454 118
0.1 13455 129
0.1 13456 135
0.1 13457 135
0.1 13458 135
0.1 13459 135
0.1 13460 135
0.1 13461 135
0.1 13462 135
0.1 13463 135
0.1 13464 135
0.1 13465 135
0.1 13466 135
0.1 13467 135
0.1 13468 113
0.1 13469 129
0.1 13470 135
0.1 13471 135
0.1 13472 118
0.1 13473 129
0.1 13474 129
0.1 13475 135
0.1 13476 135
0.1 13477 135
0.1 13478 124
0.1 13479 129
0.1 13480 129
0.1 13481 124
0.1 13482 135
0.1 13483 135
0.1 13484 124
0.1 13485 135
0.1 13486 135
0.1 13487 108
0.1 13488 118
0.1 13489 129
0.1 13490 135
0.1 13491 135
0.1 13492 124
0.1 13493 124
0.1 13494 124
0.1 13495 124
0.1 13496 135
0.1 13497 135
0.1 13498 135
0.1 13499 135
0.1 13500 135
0.1 13501 124
0.1 13502 135
0.1 13503 129
0.1 13504 135
0.1 13505 135
0.1 13506 124
0.1 13507 129
0.1 13508 135
0.1 13509 118
0.1 13510 118
0.1 13511 118
0.1 13512 118
0.1 13513 113
0.1 13514 124
0.1 13515 135
0.1 13516 124
0.1 13517 118
0.1 13518 124
0.1 13519 124
0.1 13520 113
0.1 13521 118
0.1 13522 135
0.1 13523 135
0.1 13524 124
0.1 13525 135
0.1 13526 135
0.1 13527 70
0.1 13528 0
0.1 13529 10
0.1 13530 0
0.1 13531 5
0.1 13532 5
0.1 13533 16
0.1 13534 5
0.1 13535 0
0.1 13536 0
0.1 13537 0
0.1 13538 0
0.1 13539 10
0.1 13540 10
0.1 13541 5
0.1 13542 0
0.1 13543 0
0.1 13544 5
0.1 13545 16
0.1 13546 0
0.1 13547 0
0.1 13548 5
0.1 13549 16
0.1 13550 16
0.1 13551 21
0.1 13552 43
0.1 13553 48
0.1 13554 59
0.1 13555 75
0.1 13556 64
0.1 13557 0
0.1 13558 0
0.1 13559 5
0.1 13560 0
0.1 13561 5
0.1 13562 0
0.1 13563 10
0.1 13564 0
0.1 13565 10
0.1 13566 0
0.1 13567 0
0.1 13568 16
0.1 13569 16
0.1 13570 27
0.1 13571 37
0.1 13572 48
0.1 13573 32
0.1 13574 43
0.1 13575 43
0.1 13576 37
0.1 13577 10
0.1 13578 0
0.1 13579 21
0.1 13580 37
0.1 13581 48
0.1 13582 54
0.1 13583 54
0.1 13584 59
0.1 13585 43
0.1 13586 0
0.1 13587 0
0.1 13588 0
0.1 13589 10
0.1 13590 10
0.1 13591 27
0.1 13592 27
0.1 13593 32
0.1 13594 5
0.1 13595 27
0.1 13596 32
0.1 13597 21
0.1 13598 5
0.1 13599 16
0.1 13600 37
0.1 13601 37
0.1 13602 10
0.1 13603 10
0.1 13604 27
0.1 13605 37
0.1 13606 54
0.1 13607 70
0.1 13608 75
0.1 13609 75
0.1 13610 86
0.1 13611 102
0.1 13612 102
0.1 13613 118
0.1 13614 118
0.1 13615 135
0.1 13616 135
0.1 13617 135
0.1 13618 135
0.1 13619 118
0.1 13620 118
0.1 13621 118
0.1 13622 113
0.1 13623 129
0.1 13624 135
0.1 13625 118
0.1 13626 113
0.1 13627 135
0.1 13628 135
0.1 13629 135
0.1 13630 135
0.1 13631 135
0.1 13632 113
0.1 13633 135
0.1 13634 135
0.1 13635 135
0.1 13636 135
0.1 13637 135
0.1 13638 135
0.1 13639 135
0.1 13640 124
0.1 13641 135
0.1 13642 135
0.1 13643 135
0.1 13644 135
0.1 13645 135
0.1 13646 135
0.1 13647 124
0.1 13648 124
0.1 13649 124
0.1 13650 118
0.1 13651 124
0.1 13652 135
0.1 13653 135
0.1 13654 129
0.1 13655 129
0.1 13656 129
0.1 13657 135
0.1 13658 135
0.1 13659 135
0.1 13660 113
0.1 13661 124
0.1 13662 135
0.1 13663 118
0.1 13664 118
0.1 13665 113
0.1 13666 113
0.1 13667 113
0.1 13668 129
0.1 13669 135
0.1 13670 135
0.1 13671 135
0.1 13672 118
0.1 13673 129
0.1 13674 135
0.1 13675 135
0.1 13676 135
0.1 13677 135
0.1 13678 135
0.1 13679 135
0.1 13680 135
0.1 13681 135
0.1 13682 135
0.1 13683 135
0.1 13684 124
0.1 13685 124
0.1 13686 113
0.1 13687 124
0.1 13688 113
0.1 13689 124
0.1 13690 135
0.1 13691 118
0.1 13692 129
0.1 13693 129
0.1 13694 124
0.1 13695 124
0.1 13696 124
0.1 13697 129
0.1 13698 135
0.1 13699 135
0.1 13700 135
0.1 13701 135
0.1 13702 135
0.1 13703 135
0.1 13704 124
0.1 13705 135
0.1 13706 135
0.1 13707 135
0.1 13708 108
0.1 13709 118
0.1 13710 118
0.1 13711 129
0.1 13712 135
0.1 13713 118
0.1 13714 124
0.1 13715 124
0.1 13716 135
0.1 13717 135
0.1 13718 135
0.1 13719 135
0.1 13720 135
0.1 13721 135
0.1 13722 135
0.1 13723 135
0.1 13724 135
0.1 13725 129
0.1 13726 135
0.1 13727 135
0.1 13728 135
0.1 13729 135
0.1 13730 135
0.1 13731 113
0.1 13732 129
0.1 13733 124
0.1 13734 135
0.1 13735 135
0.1 13736 135
0.1 13737 129
0.1 13738 135
0.1 13739 135
0.1 13740 135
0.1 13741 135
0.1 13742 135
0.1 13743 124
0.1 13744 129
0.1 13745 135
0.1 13746 124
0.1 13747 124
0.1 13748 135
0.1 13749 135
0.1 13750 135
0.1 13751 135
0.1 13752 135
0.1 13753 135
0.1 13754 135
0.1 13755 135
0.1 13756 135
0.1 13757 135
0.1 13758 135
0.1 13759 135
0.1 13760 135
0.1 13761 124
0.1 13762 135
0.1 13763 135
0.1 13764 113
0.1 13765 113
0.1 13766 135
0.1 13767 135
0.1 13768 135
0.1 13769 135
0.1 13770 135
0.1 13771 135
0.1 13772 135
0.1 13773 135
0.1 13774 118
0.1 13775 118
0.1 13776 113
0.1 13777 113
0.1 13778 113
0.1 13779 113
0.1 13780 113
0.1 13781 129
0.1 13782 129
0.1 13783 124
0.1 13784 118
0.1 13785 113
0.1 13786 124
0.1 13787 129
0.1 13788 135
0.1 13789 135
0.1 13790 124
0.1 13791 129
0.1 13792 135
0.1 13793 135
0.1 13794 124
0.1 13795 129
0.1 13796 113
0.1 13797 135
0.1 13798 118
0.1 13799 129
0.1 13800 124
0.1 13801 135
0.1 13802 135
0.1 13803 135
0.1 13804 135
0.1 13805 135
0.1 13806 135
0.1 13807 124
0.1 13808 124
0.1 13809 124
0.1 13810 135
0.1 13811 135
0.1 13812 135
0.1 13813 135
0.1 13814 135
0.1 13815 135
0.1 13816 135
0.1 13817 135
0.1 13818 135
0.1 13819 135
0.1 13820 135
0.1 13821 135
0.1 13822 135
0.1 13823 113
0.1 13824 124
0.1 13825 113
0.1 13826 129
0.1 13827 135
0.1 13828 135
0.1 13829 124
0.1 13830 135
0.1 13831 135
0.1 13832 135
0.1 13833 135
0.1 13834 135
0.1 13835 124
0.1 13836 118
0.1 13837 124
0.1 13838 124
0.1 13839 135
0.1 13840 135
0.1 13841 135
0.1 13842 135
0.1 13843 124
0.1 13844 135
0.1 13845 124
0.1 13846 135
0.1 13847 135
0.1 13848 135
0.1 13849 118
0.1 13850 135
0.1 13851 124
0.1 13852 118
0.1 13853 129
0.1 13854 118
0.1 13855 135
0.1 13856 124
0.1 13857 135
0.1 13858 135
0.1 13859 124
0.1 13860 118
0.1 13861 135
0.1 13862 135
0.1 13863 135
0.1 13864 135
0.1 13865 135
0.1 13866 135
0.1 13867 118
0.1 13868 118
0.1 13869 135
0.1 13870 118
0.1 13871 135
0.1 13872 118
0.1 13873 118
0.1 13874 135
0.1 13875 108
0.1 13876 135
0.1 13877 135
0.1 13878 135
0.1 13879 135
0.1 13880 135
0.1 13881 135
0.1 13882 113
0.1 13883 113
0.1 13884 113
0.1 13885 124
0.1 13886 135
0.1 13887 124
0.1 13888 129
0.1 13889 124
0.1 13890 118
0.1 13891 135
0.1 13892 124
0.1 13893 124
0.1 13894 124
0.1 13895 135
0.1 13896 135
0.1 13897 135
0.1 13898 135
0.1 13899 135
0.1 13900 113
0.1 13901 118
0.1 13902 135
0.1 13903 135
0.1 13904 124
0.1 13905 135
0.1 13906 135
0.1 13907 135
0.1 13908 124
0.1 13909 135
0.1 13910 135
0.1 13911 135
0.1 13912 135
0.1 13913 135
0.1 13914 124
0.1 13915 129
0.1 13916 135
0.1 13917 135
0.1 13918 124
0.1 13919 129
0.1 13920 135
0.1 13921 135
0.1 13922 135
0.1 13923 135
0.1 13924 135
0.1 13925 135
0.1 13926 135
0.1 13927 135
0.1 13928 135
0.1 13929 135
0.1 13930 135
0.1 13931 135
0.1 13932 135
0.1 13933 135
0.1 13934 135
0.1 13935 135
0.1 13936 124
0.1 13937 118
0.1 13938 135
0.1 13939 124
0.1 13940 135
0.1 13941 124
0.1 13942 135
0.1 13943 129
0.1 13944 135
0.1 13945 135
0.1 13946 135
0.1 13947 135
0.1 13948 129
0.1 13949 135
0.1 13950 124
0.1 13951 135
0.1 13952 135
0.1 13953 135
0.1 13954 135
0.1 13955 135
0.1 13956 135
0.1 13957 135
0.1 13958 135
0.1 13959 135
0.1 13960 135
0.1 13961 135
0.1 13962 113
0.1 13963 113
0.1 13964 113
0.1 13965 118
0.1 13966 118
0.1 13967 129
0.1 13968 135
0.1 13969 129
0.1 13970 135
0.1 13971 135
0.1 13972 129
0.1 13973 135
0.1 13974 135
0.1 13975 118
0.1 13976 129
0.1 13977 135
0.1 13978 118
0.1 13979 129
0.1 13980 135
0.1 13981 113
0.1 13982 113
0.1 13983 108
0.1 13984 10
0.1 13985 0
0.1 13986 16
0.1 13987 21
0.1 13988 32
0.1 13989 27
0.1 13990 10
0.1 13991 10
0.1 13992 27
0.1 13993 43
0.1 13994 43
0.1 13995 59
0.1 13996 81
0.1 13997 5
0.1 13998 5
0.1 13999 0
0.1 14000 0
0.1 14001 0
0.1 14002 10
0.1 14003 0
0.1 14004 0
0.1 14005 0
0.1 14006 16
0.1 14007 21
0.1 14008 0
0.1 14009 0
0.1 14010 5
0.1 14011 0
0.1 14012 0
0.1 14013 0
0.1 14014 5
0.1 14015 0
0.1 14016 0
0.1 14017 0
0.1 14018 16
0.1 14019 10
0.1 14020 10
0.1 14021 16
0.1 14022 0
0.1 14023 10
0.1 14024 10
0.1 14025 0
0.1 14026 16
0.1 14027 21
0.1 14028 16
0.1 14029 0
0.1 14030 5
0.1 14031 16
0.1 14032 16
0.1 14033 21
0.1 14034 37
0.1 14035 43
0.1 14036 54
0.1 14037 54
0.1 14038 59
0.1 14039 59
0.1 14040 59
0.1 14041 86
0.1 14042 102
0.1 14043 102
0.1 14044 102
0.1 14045 102
0.1 14046 118
0.1 14047 113
0.1 14048 97
0.1 14049 10
0.1 14050 16
0.1 14051 16
0.1 14052 21
0.1 14053 32
0.1 14054 37
0.1 14055 21
0.1 14056 0
0.1 14057 0
0.1 14058 0
0.1 14059 0
0.1 14060 5
0.1 14061 0
0.1 14062 0
0.1 14063 21
0.1 14064 21
0.1 14065 37
0.1 14066 48
0.1 14067 64
0.1 14068 86
0.1 14069 102
0.1 14070 113
0.1 14071 124
0.1 14072 129
0.1 14073 97
0.1 14074 86
0.1 14075 70
0.1 14076 86
0.1 14077 81
0.1 14078 91
0.1 14079 97
0.1 14080 102
0.1 14081 102
0.1 14082 118
0.1 14083 91
0.1 14084 108
0.1 14085 124
0.1 14086 108
0.1 14087 108
0.1 14088 108
0.1 14089 129
0.1 14090 135
0.1 14091 135
0.1 14092 135
0.1 14093 135
0.1 14094 135
0.1 14095 135
0.1 14096 135
0.1 14097 124
0.1 14098 118
0.1 14099 118
0.1 14100 118
0.1 14101 118
0.1 14102 129
0.1 14103 135
0.1 14104 118
0.1 14105 118
0.1 14106 118
0.1 14107 124
0.1 14108 135
0.1 14109 135
0.1 14110 135
0.1 14111 135
0.1 14112 124
0.1 14113 118
0.1 14114 135
0.1 14115 135
0.1 14116 118
0.1 14117 129
0.1 14118 135
0.1 14119 135
0.1 14120 135
0.1 14121 135
0.1 14122 135
0.1 14123 135
0.1 14124 135
0.1 14125 135
0.1 14126 135
0.1 14127 135
0.1 14128 118
0.1 14129 135
0.1 14130 135
0.1 14131 113
0.1 14132 124
0.1 14133 135
0.1 14134 135
0.1 14135 135
0.1 14136 135
0.1 14137 135
0.1 14138 135
0.1 14139 135
0.1 14140 135
0.1 14141 118
0.1 14142 129
0.1 14143 135
0.1 14144 135
0.1 14145 135
0.1 14146 135
0.1 14147 135
0.1 14148 129
0.1 14149 129
0.1 14150 124
0.1 14151 129
0.1 14152 113
0.1 14153 113
0.1 14154 113
0.1 14155 124
0.1 14156 135
0.1 14157 129
0.1 14158 135
0.1 14159 113
0.1 14160 129
0.1 14161 135
0.1 14162 108
0.1 14163 129
0.1 14164 135
0.1 14165 124
0.1 14166 135
0.1 14167 135
0.1 14168 135
0.1 14169 113
0.1 14170 124
0.1 14171 135
0.1 14172 135
0.1 14173 135
0.1 14174 135
0.1 14175 135
0.1 14176 129
0.1 14177 91
0.1 14178 97
0.1 14179 97
0.1 14180 113
0.1 14181 129
0.1 14182 135
0.1 14183 135
0.1 14184 129
0.1 14185 135
0.1 14186 135
0.1 14187 135
0.1 14188 118
0.1 14189 135
0.1 14190 135
0.1 14191 135
0.1 14192 135
0.1 14193 135
0.1 14194 135
0.1 14195 118
0.1 14196 124
0.1 14197 135
0.1 14198 113
0.1 14199 118
0.1 14200 129
0.1 14201 113
0.1 14202 129
0.1 14203 135
0.1 14204 118
0.1 14205 118
0.1 14206 118
0.1 14207 118
0.1 14208 135
0.1 14209 118
0.1 14210 129
0.1 14211 135
0.1 14212 108
0.1 14213 108
0.1 14214 113
0.1 14215 129
0.1 14216 113
0.1 14217 113
0.1 14218 113
0.1 14219 135
0.1 14220 135
0.1 14221 129
0.1 14222 135
0.1 14223 135
0.1 14224 118
0.1 14225 113
0.1 14226 129
0.1 14227 135
0.1 14228 135
0.1 14229 129
0.1 14230 135
0.1 14231 135
0.1 14232 135
0.1 14233 135
0.1 14234 129
0.1 14235 135
0.1 14236 135
0.1 14237 135
0.1 14238 135
0.1 14239 129
0.1 14240 118
0.1 14241 129
0.1 14242 118
0.1 14243 113
0.1 14244 124
0.1 14245 135
0.1 14246 135
0.1 14247 118
0.1 14248 129
0.1 14249 113
0.1 14250 124
0.1 14251 135
0.1 14252 135
0.1 14253 135
0.1 14254 135
0.1 14255 118
0.1 14256 129
0.1 14257 113
0.1 14258 118
0.1 14259 118
0.1 14260 129
0.1 14261 135
0.1 14262 135
0.1 14263 135
0.1 14264 118
0.1 14265 118
0.1 14266 129
0.1 14267 135
0.1 14268 135
0.1 14269 135
0.1 14270 135
0.1 14271 113
0.1 14272 124
0.1 14273 135
0.1 14274 129
0.1 14275 135
0.1 14276 135
0.1 14277 135
0.1 14278 124
0.1 14279 135
0.1 14280 129
0.1 14281 135
0.1 14282 135
0.1 14283 113
0.1 14284 124
0.1 14285 135
0.1 14286 135
0.1 14287 135
0.1 14288 135
0.1 14289 135
0.1 14290 118
0.1 14291 129
0.1 14292 124
0.1 14293 124
0.1 14294 129
0.1 14295 135
0.1 14296 135
0.1 14297 135
0.1 14298 135
0.1 14299 135
0.1 14300 135
0.1 14301 135
0.1 14302 118
0.1 14303 118
0.1 14304 129
0.1 14305 135
0.1 14306 135
0.1 14307 135
0.1 14308 118
0.1 14309 135
0.1 14310 118
0.1 14311 135
0.1 14312 118
0.1 14313 118
0.1 14314 118
0.1 14315 135
0.1 14316 135
0.1 14317 124
0.1 14318 118
0.1 14319 118
0.1 14320 129
0.1 14321 135
0.1 14322 135
0.1 14323 135
0.1 14324 135
0.1 14325 124
0.1 14326 124
0.1 14327 135
0.1 14328 135
0.1 14329 135
0.1 14330 135
0.1 14331 135
0.1 14332 135
0.1 14333 135
0.1 14334 113
0.1 14335 129
0.1 14336 118
0.1 14337 124
0.1 14338 135
0.1 14339 135
0.1 14340 135
0.1 14341 129
0.1 14342 135
0.1 14343 135
0.1 14344 135
0.1 14345 135
0.1 14346 135
0.1 14347 135
0.1 14348 135
0.1 14349 135
0.1 14350 135
0.1 14351 118
0.1 14352 135
0.1 14353 124
0.1 14354 118
0.1 14355 135
0.1 14356 124
0.1 14357 135
0.1 14358 135
0.1 14359 124
0.1 14360 135
0.1 14361 135
0.1 14362 135
0.1 14363 113
0.1 14364 124
0.1 14365 113
0.1 14366 129
0.1 14367 135
0.1 14368 135
0.1 14369 135
0.1 14370 129
0.1 14371 135
0.1 14372 113
0.1 14373 118
0.1 14374 135
0.1 14375 118
0.1 14376 118
0.1 14377 118
0.1 14378 135
0.1 14379 135
0.1 14380 135
0.1 14381 135
0.1 14382 135
0.1 14383 135
0.1 14384 118
0.1 14385 129
0.1 14386 135
0.1 14387 113
0.1 14388 124
0.1 14389 135
0.1 14390 135
0.1 14391 118
0.1 14392 129
0.1 14393 135
0.1 14394 135
0.1 14395 135
0.1 14396 135
0.1 14397 135
0.1 14398 135
0.1 14399 113
0.1 14400 129
0.1 14401 113
0.1 14402 129
0.1 14403 135
0.1 14404 135
0.1 14405 135
0.1 14406 135
0.1 14407 135
0.1 14408 135
0.1 14409 135
0.1 14410 135
0.1 14411 135
0.1 14412 135
0.1 14413 135
0.1 14414 135
0.1 14415 124
0.1 14416 118
0.1 14417 135
0.1 14418 135
0.1 14419 135
0.1 14420 124
0.1 14421 135
0.1 14422 135
0.1 14423 129
0.1 14424 135
0.1 14425 135
0.1 14426 124
0.1 14427 135
0.1 14428 118
0.1 14429 135
0.1 14430 135
0.1 14431 135
0.1 14432 124
0.1 14433 129
0.1 14434 135
0.1 14435 135
0.1 14436 135
0.1 14437 135
0.1 14438 135
0.1 14439 75
0.1 14440 0
0.1 14441 0
0.1 14442 0
0.1 14443 5
0.1 14444 0
0.1 14445 0
0.1 14446 0
0.1 14447 0
0.1 14448 0
0.1 14449 0
0.1 14450 16
0.1 14451 16
0.1 14452 43
0.1 14453 54
0.1 14454 70
0.1 14455 75
0.1 14456 64
0.1 14457 64
0.1 14458 64
0.1 14459 64
0.1 14460 75
0.1 14461 86
0.1 14462 86
0.1 14463 108
0.1 14464 118
0.1 14465 135
0.1 14466 135
0.1 14467 135
0.1 14468 118
0.1 14469 135
0.1 14470 135
0.1 14471 118
0.1 14472 48
0.1 14473 16
0.1 14474 0
0.1 14475 10
0.1 14476 0
0.1 14477 0
0.1 14478 0
0.1 14479 5
0.1 14480 0
0.1 14481 5
0.1 14482 32
0.1 14483 32
0.1 14484 32
0.1 14485 32
0.1 14486 16
0.1 14487 21
0.1 14488 27
0.1 14489 43
0.1 14490 10
0.1 14491 27
0.1 14492 32
0.1 14493 27
0.1 14494 43
0.1 14495 37
0.1 14496 54
0.1 14497 54
0.1 14498 64
0.1 14499 64
0.1 14500 10
0.1 14501 0
0.1 14502 10
0.1 14503 10
0.1 14504 0
0.1 14505 5
0.1 14506 0
0.1 14507 0
0.1 14508 10
0.1 14509 0
0.1 14510 0
0.1 14511 0
0.1 14512 0
0.1 14513 0
0.1 14514 21
0.1 14515 21
0.1 14516 32
0.1 14517 27
0.1 14518 16
0.1 14519 16
0.1 14520 5
0.1 14521 21
0.1 14522 27
0.1 14523 37
0.1 14524 32
0.1 14525 27
0.1 14526 37
0.1 14527 37
0.1 14528 48
0.1 14529 48
0.1 14530 48
0.1 14531 59
0.1 14532 81
0.1 14533 97
0.1 14534 102
0.1 14535 108
0.1 14536 118
0.1 14537 113
0.1 14538 124
0.1 14539 118
0.1 14540 129
0.1 14541 135
0.1 14542 135
0.1 14543 135
0.1 14544 124
0.1 14545 135
0.1 14546 135
0.1 14547 135
0.1 14548 135
0.1 14549 113
0.1 14550 124
0.1 14551 135
0.1 14552 135
0.1 14553 135
0.1 14554 135
0.1 14555 118
0.1 14556 129
0.1 14557 135
0.1 14558 129
0.1 14559 135
0.1 14560 135
0.1 14561 135
0.1 14562 135
0.1 14563 135
0.1 14564 129
0.1 14565 124
0.1 14566 129
0.1 14567 135
0.1 14568 124
0.1 14569 113
0.1 14570 113
0.1 14571 124
0.1 14572 135
0.1 14573 135
0.1 14574 135
0.1 14575 118
0.1 14576 124
0.1 14577 135
0.1 14578 135
0.1 14579 135
0.1 14580 135
0.1 14581 135
0.1 14582 135
0.1 14583 135
0.1 14584 118
0.1 14585 124
0.1 14586 135
0.1 14587 135
0.1 14588 135
0.1 14589 135
0.1 14590 135
0.1 14591 135
0.1 14592 124
0.1 14593 118
0.1 14594 129
0.1 14595 135
0.1 14596 135
0.1 14597 124
0.1 14598 135
0.1 14599 118
0.1 14600 124
0.1 14601 129
0.1 14602 108
0.1 14603 108
0.1 14604 113
0.1 14605 124
0.1 14606 118
0.1 14607 118
0.1 14608 124
0.1 14609 135
0.1 14610 102
0.1 14611 102
0.1 14612 118
0.1 14613 129
0.1 14614 135
0.1 14615 135
0.1 14616 113
0.1 14617 124
0.1 14618 135
0.1 14619 135
0.1 14620 135
0.1 14621 135
0.1 14622 113
0.1 14623 118
0.1 14624 135
0.1 14625 135
0.1 14626 135
0.1 14627 135
0.1 14628 135
0.1 14629 135
0.1 14630 135
0.1 14631 135
0.1 14632 129
0.1 14633 135
0.1 14634 135
0.1 14635 124
0.1 14636 124
0.1 14637 135
0.1 14638 135
0.1 14639 135
0.1 14640 135
0.1 14641 135
0.1 14642 135
0.1 14643 135
0.1 14644 124
0.1 14645 135
0.1 14646 124
0.1 14647 118
0.1 14648 129
0.1 14649 124
0.1 14650 118
0.1 14651 124
0.1 14652 118
0.1 14653 135
0.1 14654 135
0.1 14655 135
0.1 14656 124
0.1 14657 124
0.1 14658 118
0.1 14659 129
0.1 14660 135
0.1 14661 118
0.1 14662 135
0.1 14663 135
0.1 14664 135
0.1 14665 135
0.1 14666 135
0.1 14667 124
0.1 14668 135
0.1 14669 118
0.1 14670 135
0.1 14671 124
0.1 14672 135
0.1 14673 135
0.1 14674 135
0.1 14675 135
0.1 14676 118
0.1 14677 135
0.1 14678 135
0.1 14679 135
0.1 14680 124
0.1 14681 135
0.1 14682 135
0.1 14683 113
0.1 14684 113
0.1 14685 113
0.1 14686 129
0.1 14687 135
0.1 14688 135
0.1 14689 135
0.1 14690 135
0.1 14691 118
0.1 14692 129
0.1 14693 135
0.1 14694 135
0.1 14695 135
0.1 14696 135
0.1 14697 118
0.1 14698 135
0.1 14699 135
0.1 14700 118
0.1 14701 118
0.1 14702 118
0.1 14703 129
0.1 14704 135
0.1 14705 124
0.1 14706 124
0.1 14707 135
0.1 14708 113
0.1 14709 129
0.1 14710 118
0.1 14711 129
0.1 14712 135
0.1 14713 129
0.1 14714 135
0.1 14715 135
0.1 14716 135
0.1 14717 135
0.1 14718 135
0.1 14719 124
0.1 14720 118
0.1 14721 135
0.1 14722 135
0.1 14723 135
0.1 14724 135
0.1 14725 118
0.1 14726 129
0.1 14727 135
0.1 14728 113
0.1 14729 113
0.1 14730 113
0.1 14731 118
0.1 14732 135
0.1 14733 135
0.1 14734 113
0.1 14735 113
0.1 14736 129
0.1 14737 135
0.1 14738 135
0.1 14739 118
0.1 14740 118
0.1 14741 118
0.1 14742 124
0.1 14743 135
0.1 14744 135
0.1 14745 135
0.1 14746 135
0.1 14747 118
0.1 14748 118
0.1 14749 124
0.1 14750 135
0.1 14751 135
0.1 14752 135
0.1 14753 135
0.1 14754 135
0.1 14755 135
0.1 14756 135
0.1 14757 135
0.1 14758 124
0.1 14759 124
0.1 14760 135
0.1 14761 135
0.1 14762 135
0.1 14763 124
0.1 14764 108
0.1 14765 113
0.1 14766 124
0.1 14767 129
0.1 14768 129
0.1 14769 135
0.1 14770 135
0.1 14771 135
0.1 14772 118
0.1 14773 124
0.1 14774 124
0.1 14775 135
0.1 14776 129
0.1 14777 135
0.1 14778 135
0.1 14779 129
0.1 14780 129
0.1 14781 135
0.1 14782 118
0.1 14783 129
0.1 14784 118
0.1 14785 124
0.1 14786 113
0.1 14787 129
0.1 14788 129
0.1 14789 124
0.1 14790 135
0.1 14791 135
0.1 14792 135
0.1 14793 135
0.1 14794 135
0.1 14795 135
0.1 14796 124
0.1 14797 129
0.1 14798 135
0.1 14799 113
0.1 14800 129
0.1 14801 118
0.1 14802 135
0.1 14803 118
0.1 14804 129
0.1 14805 129
0.1 14806 135
0.1 14807 135
0.1 14808 135
0.1 14809 118
0.1 14810 118
0.1 14811 124
0.1 14812 113
0.1 14813 113
0.1 14814 129
0.1 14815 135
0.1 14816 135
0.1 14817 135
0.1 14818 124
0.1 14819 113
0.1 14820 113
0.1 14821 113
0.1 14822 124
0.1 14823 135
0.1 14824 135
0.1 14825 135
0.1 14826 135
0.1 14827 135
0.1 14828 135
0.1 14829 135
0.1 14830 135
0.1 14831 113
0.1 14832 118
0.1 14833 118
0.1 14834 135
0.1 14835 135
0.1 14836 135
0.1 14837 135
0.1 14838 118
0.1 14839 113
0.1 14840 135
0.1 14841 135
0.1 14842 135
0.1 14843 135
0.1 14844 135
0.1 14845 135
0.1 14846 135
0.1 14847 135
0.1 14848 135
0.1 14849 124
0.1 14850 135
0.1 14851 129
0.1 14852 135
0.1 14853 135
0.1 14854 135
0.1 14855 135
0.1 14856 135
0.1 14857 135
0.1 14858 135
0.1 14859 135
0.1 14860 135
0.1 14861 135
0.1 14862 113
0.1 14863 113
0.1 14864 118
0.1 14865 129
0.1 14866 135
0.1 14867 135
0.1 14868 135
0.1 14869 113
0.1 14870 113
0.1 14871 118
0.1 14872 135
0.1 14873 135
0.1 14874 113
0.1 14875 113
0.1 14876 135
0.1 14877 135
0.1 14878 135
0.1 14879 135
0.1 14880 135
0.1 14881 135
0.1 14882 135
0.1 14883 135
0.1 14884 135
0.1 14885 135
0.1 14886 135
0.1 14887 135
0.1 14888 118
0.1 14889 118
0.1 14890 135
0.1 14891 135
0.1 14892 135
0.1 14893 135
0.1 14894 135
0.1 14895 48
0.1 14896 54
0.1 14897 21
0.1 14898 21
0.1 14899 21
0.1 14900 16
0.1 14901 0
0.1 14902 5
0.1 14903 5
0.1 14904 21
0.1 14905 48
0.1 14906 54
0.1 14907 48
0.1 14908 32
0.1 14909 5
0.1 14910 0
0.1 14911 0
0.1 14912 21
0.1 14913 16
0.1 14914 0
0.1 14915 10
0.1 14916 10
0.1 14917 27
0.1 14918 27
0.1 14919 37
0.1 14920 59
0.1 14921 43
0.1 14922 37
0.1 14923 43
0.1 14924 37
0.1 14925 48
0.1 14926 32
0.1 14927 32
0.1 14928 48
0.1 14929 59
0.1 14930 75
0.1 14931 91
0.1 14932 108
0.1 14933 108
0.1 14934 113
0.1 14935 113
0.1 14936 113
0.1 14937 135
0.1 14938 118
0.1 14939 129
0.1 14940 113
0.1 14941 27
0.1 14942 10
0.1 14943 0
0.1 14944 0
0.1 14945 0
0.1 14946 0
0.1 14947 0
0.1 14948 0
0.1 14949 10
0.1 14950 10
0.1 14951 21
0.1 14952 37
0.1 14953 43
0.1 14954 54
0.1 14955 59
0.1 14956 70
0.1 14957 70
0.1 14958 86
0.1 14959 108
0.1 14960 129
0.1 14961 135
0.1 14962 135
0.1 14963 135
0.1 14964 124
0.1 14965 118
0.1 14966 118
0.1 14967 118
0.1 14968 135
0.1 14969 124
0.1 14970 37
0.1 14971 27
0.1 14972 27
0.1 14973 5
0.1 14974 5
0.1 14975 10
0.1 14976 0
0.1 14977 16
0.1 14978 5
0.1 14979 10
0.1 14980 5
0.1 14981 16
0.1 14982 0
0.1 14983 0
0.1 14984 0
0.1 14985 0
0.1 14986 0
0.1 14987 5
0.1 14988 0
0.1 14989 0
0.1 14990 0
0.1 14991 5
0.1 14992 0
0.1 14993 10
0.1 14994 16
0.1 14995 5
0.1 14996 10
0.1 14997 10
0.1 14998 32
0.1 14999 43
0.1 15000 59
