0.1 10001 135
0.1 10002 135
0.1 10003 135
0.1 10004 118
0.1 10005 113
0.1 10006 135
0.1 10007 135
0.1 10008 135
0.1 10009 135
0.1 10010 108
0.1 10011 124
0.1 10012 135
0.1 10013 135
0.1 10014 113
0.1 10015 135
0.1 10016 113
0.1 10017 135
0.1 10018 113
0.1 10019 129
0.1 10020 135
0.1 10021 135
0.1 10022 135
0.1 10023 135
0.1 10024 118
0.1 10025 135
0.1 10026 113
0.1 10027 113
0.1 10028 135
0.1 10029 135
0.1 10030 118
0.1 10031 118
0.1 10032 113
0.1 10033 113
0.1 10034 129
0.1 10035 135
0.1 10036 135
0.1 10037 135
0.1 10038 113
0.1 10039 135
0.1 10040 135
0.1 10041 135
0.1 10042 135
0.1 10043 135
0.1 10044 113
0.1 10045 113
0.1 10046 129
0.1 10047 135
0.1 10048 135
0.1 10049 135
0.1 10050 135
0.1 10051 124
0.1 10052 135
0.1 10053 113
0.1 10054 124
0.1 10055 135
0.1 10056 135
0.1 10057 135
0.1 10058 135
0.1 10059 135
0.1 10060 113
0.1 10061 113
0.1 10062 129
0.1 10063 135
0.1 10064 135
0.1 10065 135
0.1 10066 135
0.1 10067 135
0.1 10068 135
0.1 10069 135
0.1 10070 135
0.1 10071 135
0.1 10072 102
0.1 10073 118
0.1 10074 135
0.1 10075 129
0.1 10076 129
0.1 10077 113
0.1 10078 113
0.1 10079 113
0.1 10080 129
0.1 10081 118
0.1 10082 113
0.1 10083 113
0.1 10084 129
0.1 10085 113
0.1 10086 124
0.1 10087 135
0.1 10088 135
0.1 10089 135
0.1 10090 135
0.1 10091 118
0.1 10092 108
0.1 10093 124
0.1 10094 135
0.1 10095 135
0.1 10096 129
0.1 10097 129
0.1 10098 135
0.1 10099 129
0.1 10100 135
0.1 10101 113
0.1 10102 97
0.1 10103 97
0.1 10104 97
0.1 10105 118
0.1 10106 135
0.1 10107 135
0.1 10108 135
0.1 10109 135
0.1 10110 135
0.1 10111 113
0.1 10112 129
0.1 10113 108
0.1 10114 129
0.1 10115 135
0.1 10116 135
0.1 10117 118
0.1 10118 135
0.1 10119 135
0.1 10120 135
0.1 10121 135
0.1 10122 113
0.1 10123 113
0.1 10124 113
0.1 10125 124
0.1 10126 135
0.1 10127 135
0.1 10128 135
0.1 10129 135
0.1 10130 113
0.1 10131 135
0.1 10132 113
0.1 10133 124
0.1 10134 118
0.1 10135 113
0.1 10136 113
0.1 10137 135
0.1 10138 135
0.1 10139 135
0.1 10140 118
0.1 10141 135
0.1 10142 135
0.1 10143 135
0.1 10144 135
0.1 10145 135
0.1 10146 135
0.1 10147 135
0.1 10148 135
0.1 10149 108
0.1 10150 135
0.1 10151 135
0.1 10152 135
0.1 10153 135
0.1 10154 118
0.1 10155 135
0.1 10156 135
0.1 10157 135
0.1 10158 129
0.1 10159 113
0.1 10160 124
0.1 10161 135
0.1 10162 118
0.1 10163 118
0.1 10164 135
0.1 10165 135
0.1 10166 129
0.1 10167 135
0.1 10168 113
0.1 10169 118
0.1 10170 129
0.1 10171 113
0.1 10172 113
0.1 10173 113
0.1 10174 129
0.1 10175 135
0.1 10176 113
0.1 10177 129
0.1 10178 135
0.1 10179 129
0.1 10180 108
0.1 10181 124
0.1 10182 124
0.1 10183 113
0.1 10184 86
0.1 10185 113
0.1 10186 135
0.1 10187 135
0.1 10188 135
0.1 10189 113
0.1 10190 129
0.1 10191 118
0.1 10192 135
0.1 10193 113
0.1 10194 113
0.1 10195 135
0.1 10196 135
0.1 10197 135
0.1 10198 135
0.1 10199 108
0.1 10200 124
0.1 10201 135
0.1 10202 135
0.1 10203 135
0.1 10204 135
0.1 10205 135
0.1 10206 135
0.1 10207 135
0.1 10208 108
0.1 10209 129
0.1 10210 113
0.1 10211 135
0.1 10212 135
0.1 10213 118
0.1 10214 135
0.1 10215 135
0.1 10216 135
0.1 10217 113
0.1 10218 135
0.1 10219 113
0.1 10220 113
0.1 10221 113
0.1 10222 113
0.1 10223 113
0.1 10224 135
0.1 10225 124
0.1 10226 135
0.1 10227 135
0.1 10228 135
0.1 10229 135
0.1 10230 135
0.1 10231 135
0.1 10232 113
0.1 10233 135
0.1 10234 118
0.1 10235 135
0.1 10236 135
0.1 10237 124
0.1 10238 135
0.1 10239 135
0.1 10240 135
0.1 10241 135
0.1 10242 118
0.1 10243 129
0.1 10244 135
0.1 10245 135
0.1 10246 135
0.1 10247 135
0.1 10248 135
0.1 10249 135
0.1 10250 113
0.1 10251 113
0.1 10252 129
0.1 10253 135
0.1 10254 135
0.1 10255 135
0.1 10256 135
0.1 10257 124
0.1 10258 135
0.1 10259 124
0.1 10260 113
0.1 10261 113
0.1 10262 135
0.1 10263 135
0.1 10264 135
0.1 10265 135
0.1 10266 113
0.1 10267 135
0.1 10268 135
0.1 10269 135
0.1 10270 118
0.1 10271 135
0.1 10272 113
0.1 10273 135
0.1 10274 113
0.1 10275 113
0.1 10276 113
0.1 10277 113
0.1 10278 108
0.1 10279 129
0.1 10280 135
0.1 10281 135
0.1 10282 135
0.1 10283 113
0.1 10284 129
0.1 10285 113
0.1 10286 135
0.1 10287 135
0.1 10288 135
0.1 10289 135
0.1 10290 113
0.1 10291 113
0.1 10292 135
0.1 10293 135
0.1 10294 135
0.1 10295 135
0.1 10296 135
0.1 10297 135
0.1 10298 135
0.1 10299 118
0.1 10300 135
0.1 10301 135
0.1 10302 135
0.1 10303 118
0.1 10304 135
0.1 10305 135
0.1 10306 118
0.1 10307 135
0.1 10308 135
0.1 10309 135
0.1 10310 135
0.1 10311 135
0.1 10312 135
0.1 10313 135
0.1 10314 135
0.1 10315 135
0.1 10316 135
0.1 10317 135
0.1 10318 135
0.1 10319 135
0.1 10320 135
0.1 10321 135
0.1 10322 135
0.1 10323 135
0.1 10324 135
0.1 10325 135
0.1 10326 135
0.1 10327 118
0.1 10328 118
0.1 10329 113
0.1 10330 129
0.1 10331 135
0.1 10332 135
0.1 10333 135
0.1 10334 118
0.1 10335 135
0.1 10336 118
0.1 10337 135
0.1 10338 135
0.1 10339 135
0.1 10340 108
0.1 10341 124
0.1 10342 113
0.1 10343 135
0.1 10344 135
0.1 10345 113
0.1 10346 135
0.1 10347 135
0.1 10348 135
0.1 10349 113
0.1 10350 135
0.1 10351 118
0.1 10352 135
0.1 10353 135
0.1 10354 118
0.1 10355 135
0.1 10356 135
0.1 10357 135
0.1 10358 113
0.1 10359 113
0.1 10360 129
0.1 10361 135
0.1 10362 135
0.1 10363 135
0.1 10364 135
0.1 10365 113
0.1 10366 135
0.1 10367 118
0.1 10368 113
0.1 10369 129
0.1 10370 118
0.1 10371 113
0.1 10372 113
0.1 10373 135
0.1 10374 113
0.1 10375 113
0.1 10376 113
0.1 10377 129
0.1 10378 135
0.1 10379 135
0.1 10380 135
0.1 10381 135
0.1 10382 135
0.1 10383 135
0.1 10384 135
0.1 10385 135
0.1 10386 135
0.1 10387 108
0.1 10388 124
0.1 10389 113
0.1 10390 129
0.1 10391 135
0.1 10392 135
0.1 10393 135
0.1 10394 135
0.1 10395 135
0.1 10396 135
0.1 10397 118
0.1 10398 135
0.1 10399 135
0.1 10400 135
0.1 10401 135
0.1 10402 135
0.1 10403 124
0.1 10404 135
0.1 10405 113
0.1 10406 129
0.1 10407 135
0.1 10408 113
0.1 10409 124
0.1 10410 113
0.1 10411 129
0.1 10412 135
0.1 10413 113
0.1 10414 113
0.1 10415 113
0.1 10416 108
0.1 10417 108
0.1 10418 118
0.1 10419 118
0.1 10420 135
0.1 10421 135
0.1 10422 108
0.1 10423 124
0.1 10424 135
0.1 10425 135
0.1 10426 135
0.1 10427 135
0.1 10428 135
0.1 10429 113
0.1 10430 129
0.1 10431 113
0.1 10432 124
0.1 10433 135
0.1 10434 113
0.1 10435 113
0.1 10436 129
0.1 10437 118
0.1 10438 129
0.1 10439 135
0.1 10440 113
0.1 10441 129
0.1 10442 135
0.1 10443 113
0.1 10444 124
0.1 10445 135
0.1 10446 135
0.1 10447 135
0.1 10448 135
0.1 10449 135
0.1 10450 135
0.1 10451 135
0.1 10452 135
0.1 10453 135
0.1 10454 135
0.1 10455 118
0.1 10456 129
0.1 10457 135
0.1 10458 135
0.1 10459 135
0.1 10460 118
0.1 10461 113
0.1 10462 135
0.1 10463 135
0.1 10464 124
0.1 10465 113
0.1 10466 129
0.1 10467 135
0.1 10468 124
0.1 10469 135
0.1 10470 135
0.1 10471 135
0.1 10472 113
0.1 10473 113
0.1 10474 129
0.1 10475 113
0.1 10476 118
0.1 10477 135
0.1 10478 135
0.1 10479 135
0.1 10480 135
0.1 10481 135
0.1 10482 113
0.1 10483 108
0.1 10484 118
0.1 10485 135
0.1 10486 135
0.1 10487 135
0.1 10488 124
0.1 10489 113
0.1 10490 135
0.1 10491 113
0.1 10492 135
0.1 10493 118
0.1 10494 135
0.1 10495 135
0.1 10496 135
0.1 10497 118
0.1 10498 135
0.1 10499 135
0.1 10500 135
0.1 10501 135
0.1 10502 113
0.1 10503 129
0.1 10504 135
0.1 10505 135
0.1 10506 135
0.1 10507 135
0.1 10508 135
0.1 10509 135
0.1 10510 135
0.1 10511 113
0.1 10512 108
0.1 10513 124
0.1 10514 135
0.1 10515 135
0.1 10516 135
0.1 10517 135
0.1 10518 135
0.1 10519 113
0.1 10520 124
0.1 10521 135
0.1 10522 113
0.1 10523 135
0.1 10524 135
0.1 10525 108
0.1 10526 124
0.1 10527 135
0.1 10528 113
0.1 10529 135
0.1 10530 135
0.1 10531 118
0.1 10532 135
0.1 10533 135
0.1 10534 124
0.1 10535 135
0.1 10536 135
0.1 10537 135
0.1 10538 135
0.1 10539 118
0.1 10540 113
0.1 10541 129
0.1 10542 135
0.1 10543 135
0.1 10544 135
0.1 10545 135
0.1 10546 135
0.1 10547 135
0.1 10548 124
0.1 10549 102
0.1 10550 102
0.1 10551 118
0.1 10552 113
0.1 10553 108
0.1 10554 124
0.1 10555 135
0.1 10556 135
0.1 10557 135
0.1 10558 135
0.1 10559 135
0.1 10560 113
0.1 10561 113
0.1 10562 124
0.1 10563 118
0.1 10564 108
0.1 10565 118
0.1 10566 113
0.1 10567 97
0.1 10568 97
0.1 10569 118
0.1 10570 135
0.1 10571 129
0.1 10572 135
0.1 10573 113
0.1 10574 135
0.1 10575 97
0.1 10576 97
0.1 10577 97
0.1 10578 97
0.1 10579 97
0.1 10580 97
0.1 10581 113
0.1 10582 124
0.1 10583 135
0.1 10584 135
0.1 10585 135
0.1 10586 135
0.1 10587 113
0.1 10588 135
0.1 10589 135
0.1 10590 113
0.1 10591 113
0.1 10592 129
0.1 10593 113
0.1 10594 129
0.1 10595 135
0.1 10596 135
0.1 10597 135
0.1 10598 113
0.1 10599 135
0.1 10600 135
0.1 10601 135
0.1 10602 135
0.1 10603 113
0.1 10604 129
0.1 10605 135
0.1 10606 118
0.1 10607 118
0.1 10608 118
0.1 10609 135
0.1 10610 124
0.1 10611 135
0.1 10612 135
0.1 10613 135
0.1 10614 135
0.1 10615 124
0.1 10616 135
0.1 10617 124
0.1 10618 118
0.1 10619 135
0.1 10620 118
0.1 10621 135
0.1 10622 118
0.1 10623 118
0.1 10624 135
0.1 10625 135
0.1 10626 135
0.1 10627 135
0.1 10628 135
0.1 10629 118
0.1 10630 135
0.1 10631 135
0.1 10632 135
0.1 10633 135
0.1 10634 113
0.1 10635 135
0.1 10636 135
0.1 10637 135
0.1 10638 135
0.1 10639 135
0.1 10640 135
0.1 10641 129
0.1 10642 113
0.1 10643 113
0.1 10644 135
0.1 10645 135
0.1 10646 135
0.1 10647 135
0.1 10648 118
0.1 10649 113
0.1 10650 135
0.1 10651 118
0.1 10652 135
0.1 10653 135
0.1 10654 113
0.1 10655 124
0.1 10656 108
0.1 10657 135
0.1 10658 135
0.1 10659 113
0.1 10660 129
0.1 10661 135
0.1 10662 135
0.1 10663 135
0.1 10664 135
0.1 10665 135
0.1 10666 108
0.1 10667 129
0.1 10668 135
0.1 10669 135
0.1 10670 135
0.1 10671 113
0.1 10672 135
0.1 10673 135
0.1 10674 108
0.1 10675 124
0.1 10676 135
0.1 10677 135
0.1 10678 113
0.1 10679 113
0.1 10680 118
0.1 10681 135
0.1 10682 118
0.1 10683 135
0.1 10684 113
0.1 10685 113
0.1 10686 135
0.1 10687 135
0.1 10688 135
0.1 10689 135
0.1 10690 135
0.1 10691 113
0.1 10692 118
0.1 10693 118
0.1 10694 135
0.1 10695 135
0.1 10696 113
0.1 10697 135
0.1 10698 135
0.1 10699 135
0.1 10700 113
0.1 10701 129
0.1 10702 135
0.1 10703 118
0.1 10704 135
0.1 10705 135
0.1 10706 135
0.1 10707 135
0.1 10708 135
0.1 10709 135
0.1 10710 135
0.1 10711 135
0.1 10712 118
0.1 10713 118
0.1 10714 118
0.1 10715 135
0.1 10716 135
0.1 10717 135
0.1 10718 135
0.1 10719 113
0.1 10720 129
0.1 10721 135
0.1 10722 135
0.1 10723 113
0.1 10724 135
0.1 10725 135
0.1 10726 118
0.1 10727 124
0.1 10728 102
0.1 10729 102
0.1 10730 124
0.1 10731 124
0.1 10732 135
0.1 10733 118
0.1 10734 113
0.1 10735 113
0.1 10736 129
0.1 10737 135
0.1 10738 135
0.1 10739 108
0.1 10740 108
0.1 10741 124
0.1 10742 135
0.1 10743 135
0.1 10744 135
0.1 10745 118
0.1 10746 135
0.1 10747 113
0.1 10748 113
0.1 10749 129
0.1 10750 135
0.1 10751 135
0.1 10752 135
0.1 10753 135
0.1 10754 135
0.1 10755 135
0.1 10756 118
0.1 10757 118
0.1 10758 135
0.1 10759 118
0.1 10760 135
0.1 10761 113
0.1 10762 135
0.1 10763 135
0.1 10764 135
0.1 10765 135
0.1 10766 118
0.1 10767 129
0.1 10768 108
0.1 10769 129
0.1 10770 129
0.1 10771 113
0.1 10772 113
0.1 10773 135
0.1 10774 135
0.1 10775 118
0.1 10776 135
0.1 10777 113
0.1 10778 135
0.1 10779 102
0.1 10780 124
0.1 10781 135
0.1 10782 113
0.1 10783 135
0.1 10784 135
0.1 10785 135
0.1 10786 135
0.1 10787 135
0.1 10788 135
0.1 10789 113
0.1 10790 135
0.1 10791 135
0.1 10792 135
0.1 10793 135
0.1 10794 135
0.1 10795 135
0.1 10796 118
0.1 10797 135
0.1 10798 113
0.1 10799 129
0.1 10800 135
0.1 10801 135
0.1 10802 135
0.1 10803 129
0.1 10804 135
0.1 10805 135
0.1 10806 108
0.1 10807 124
0.1 10808 124
0.1 10809 118
0.1 10810 135
0.1 10811 135
0.1 10812 135
0.1 10813 135
0.1 10814 118
0.1 10815 135
0.1 10816 135
0.1 10817 118
0.1 10818 135
0.1 10819 135
0.1 10820 135
0.1 10821 135
0.1 10822 113
0.1 10823 135
0.1 10824 135
0.1 10825 113
0.1 10826 113
0.1 10827 113
0.1 10828 135
0.1 10829 135
0.1 10830 113
0.1 10831 113
0.1 10832 129
0.1 10833 135
0.1 10834 135
0.1 10835 118
0.1 10836 135
0.1 10837 135
0.1 10838 135
0.1 10839 135
0.1 10840 108
0.1 10841 129
0.1 10842 135
0.1 10843 135
0.1 10844 118
0.1 10845 135
0.1 10846 135
0.1 10847 135
0.1 10848 135
0.1 10849 108
0.1 10850 108
0.1 10851 129
0.1 10852 135
0.1 10853 135
0.1 10854 135
0.1 10855 118
0.1 10856 135
0.1 10857 113
0.1 10858 135
0.1 10859 135
0.1 10860 135
0.1 10861 135
0.1 10862 113
0.1 10863 135
0.1 10864 113
0.1 10865 135
0.1 10866 118
0.1 10867 108
0.1 10868 124
0.1 10869 135
0.1 10870 135
0.1 10871 135
0.1 10872 135
0.1 10873 135
0.1 10874 124
0.1 10875 129
0.1 10876 124
0.1 10877 135
0.1 10878 129
0.1 10879 135
0.1 10880 135
0.1 10881 135
0.1 10882 135
0.1 10883 135
0.1 10884 108
0.1 10885 108
0.1 10886 124
0.1 10887 124
0.1 10888 129
0.1 10889 108
0.1 10890 108
0.1 10891 129
0.1 10892 135
0.1 10893 118
0.1 10894 135
0.1 10895 118
0.1 10896 113
0.1 10897 135
0.1 10898 135
0.1 10899 113
0.1 10900 113
0.1 10901 129
0.1 10902 135
0.1 10903 118
0.1 10904 135
0.1 10905 135
0.1 10906 113
0.1 10907 135
0.1 10908 135
0.1 10909 135
0.1 10910 135
0.1 10911 113
0.1 10912 113
0.1 10913 135
0.1 10914 135
0.1 10915 135
0.1 10916 135
0.1 10917 113
0.1 10918 113
0.1 10919 124
0.1 10920 135
0.1 10921 135
0.1 10922 135
0.1 10923 135
0.1 10924 113
0.1 10925 129
0.1 10926 135
0.1 10927 135
0.1 10928 118
0.1 10929 135
0.1 10930 118
0.1 10931 135
0.1 10932 135
0.1 10933 135
0.1 10934 118
0.1 10935 135
0.1 10936 135
0.1 10937 135
0.1 10938 118
0.1 10939 135
0.1 10940 135
0.1 10941 135
0.1 10942 135
0.1 10943 135
0.1 10944 118
0.1 10945 135
0.1 10946 113
0.1 10947 129
0.1 10948 135
0.1 10949 135
0.1 10950 135
0.1 10951 135
0.1 10952 129
0.1 10953 135
0.1 10954 113
0.1 10955 124
0.1 10956 135
0.1 10957 135
0.1 10958 135
0.1 10959 124
0.1 10960 135
0.1 10961 108
0.1 10962 118
0.1 10963 124
0.1 10964 113
0.1 10965 129
0.1 10966 135
0.1 10967 135
0.1 10968 135
0.1 10969 129
0.1 10970 118
0.1 10971 135
0.1 10972 135
0.1 10973 135
0.1 10974 135
0.1 10975 118
0.1 10976 108
0.1 10977 86
0.1 10978 102
0.1 10979 102
0.1 10980 129
0.1 10981 113
0.1 10982 129
0.1 10983 135
0.1 10984 135
0.1 10985 135
0.1 10986 135
0.1 10987 135
0.1 10988 135
0.1 10989 135
0.1 10990 135
0.1 10991 135
0.1 10992 135
0.1 10993 113
0.1 10994 129
0.1 10995 113
0.1 10996 135
0.1 10997 135
0.1 10998 113
0.1 10999 135
0.1 11000 113
0.1 11001 113
0.1 11002 129
0.1 11003 108
0.1 11004 108
0.1 11005 124
0.1 11006 135
0.1 11007 135
0.1 11008 118
0.1 11009 135
0.1 11010 135
0.1 11011 135
0.1 11012 135
0.1 11013 135
0.1 11014 135
0.1 11015 118
0.1 11016 135
0.1 11017 135
0.1 11018 113
0.1 11019 135
0.1 11020 113
0.1 11021 135
0.1 11022 135
0.1 11023 135
0.1 11024 118
0.1 11025 118
0.1 11026 113
0.1 11027 129
0.1 11028 135
0.1 11029 135
0.1 11030 135
0.1 11031 118
0.1 11032 135
0.1 11033 135
0.1 11034 135
0.1 11035 135
0.1 11036 135
0.1 11037 135
0.1 11038 113
0.1 11039 113
0.1 11040 129
0.1 11041 135
0.1 11042 135
0.1 11043 135
0.1 11044 135
0.1 11045 135
0.1 11046 135
0.1 11047 118
0.1 11048 118
0.1 11049 135
0.1 11050 124
0.1 11051 135
0.1 11052 113
0.1 11053 113
0.1 11054 135
0.1 11055 135
0.1 11056 113
0.1 11057 113
0.1 11058 135
0.1 11059 124
0.1 11060 113
0.1 11061 129
0.1 11062 113
0.1 11063 124
0.1 11064 113
0.1 11065 129
0.1 11066 135
0.1 11067 135
0.1 11068 135
0.1 11069 135
0.1 11070 135
0.1 11071 118
0.1 11072 113
0.1 11073 129
0.1 11074 118
0.1 11075 108
0.1 11076 129
0.1 11077 135
0.1 11078 113
0.1 11079 135
0.1 11080 135
0.1 11081 135
0.1 11082 135
0.1 11083 135
0.1 11084 135
0.1 11085 135
0.1 11086 113
0.1 11087 135
0.1 11088 118
0.1 11089 135
0.1 11090 135
0.1 11091 135
0.1 11092 118
0.1 11093 135
0.1 11094 135
0.1 11095 108
0.1 11096 124
0.1 11097 135
0.1 11098 113
0.1 11099 129
0.1 11100 135
0.1 11101 135
0.1 11102 135
0.1 11103 135
0.1 11104 135
0.1 11105 113
0.1 11106 135
0.1 11107 135
0.1 11108 135
0.1 11109 135
0.1 11110 118
0.1 11111 135
0.1 11112 135
0.1 11113 118
0.1 11114 113
0.1 11115 129
0.1 11116 113
0.1 11117 135
0.1 11118 135
0.1 11119 113
0.1 11120 113
0.1 11121 135
0.1 11122 135
0.1 11123 113
0.1 11124 135
0.1 11125 135
0.1 11126 135
0.1 11127 135
0.1 11128 135
0.1 11129 113
0.1 11130 135
0.1 11131 135
0.1 11132 113
0.1 11133 135
0.1 11134 113
0.1 11135 135
0.1 11136 113
0.1 11137 129
0.1 11138 118
0.1 11139 135
0.1 11140 113
0.1 11141 135
0.1 11142 135
0.1 11143 135
0.1 11144 135
0.1 11145 135
0.1 11146 135
0.1 11147 135
0.1 11148 129
0.1 11149 124
0.1 11150 124
0.1 11151 135
0.1 11152 135
0.1 11153 135
0.1 11154 135
0.1 11155 135
0.1 11156 113
0.1 11157 129
0.1 11158 135
0.1 11159 113
0.1 11160 129
0.1 11161 118
0.1 11162 135
0.1 11163 135
0.1 11164 135
0.1 11165 135
0.1 11166 118
0.1 11167 124
0.1 11168 135
0.1 11169 113
0.1 11170 129
0.1 11171 135
0.1 11172 135
0.1 11173 135
0.1 11174 135
0.1 11175 135
0.1 11176 135
0.1 11177 118
0.1 11178 108
0.1 11179 108
0.1 11180 118
0.1 11181 135
0.1 11182 135
0.1 11183 108
0.1 11184 108
0.1 11185 108
0.1 11186 135
0.1 11187 135
0.1 11188 135
0.1 11189 135
0.1 11190 135
0.1 11191 135
0.1 11192 129
0.1 11193 118
0.1 11194 108
0.1 11195 129
0.1 11196 135
0.1 11197 135
0.1 11198 135
0.1 11199 135
0.1 11200 118
0.1 11201 135
0.1 11202 113
0.1 11203 129
0.1 11204 118
0.1 11205 135
0.1 11206 135
0.1 11207 135
0.1 11208 135
0.1 11209 135
0.1 11210 135
0.1 11211 113
0.1 11212 129
0.1 11213 135
0.1 11214 118
0.1 11215 135
0.1 11216 135
0.1 11217 135
0.1 11218 113
0.1 11219 129
0.1 11220 113
0.1 11221 113
0.1 11222 108
0.1 11223 129
0.1 11224 135
0.1 11225 118
0.1 11226 135
0.1 11227 135
0.1 11228 135
0.1 11229 135
0.1 11230 135
0.1 11231 135
0.1 11232 135
0.1 11233 118
0.1 11234 135
0.1 11235 135
0.1 11236 135
0.1 11237 135
0.1 11238 135
0.1 11239 135
0.1 11240 135
0.1 11241 135
0.1 11242 135
0.1 11243 113
0.1 11244 124
0.1 11245 118
0.1 11246 118
0.1 11247 135
0.1 11248 113
0.1 11249 124
0.1 11250 135
0.1 11251 135
0.1 11252 135
0.1 11253 135
0.1 11254 135
0.1 11255 135
0.1 11256 108
0.1 11257 108
0.1 11258 129
0.1 11259 113
0.1 11260 129
0.1 11261 135
0.1 11262 113
0.1 11263 129
0.1 11264 118
0.1 11265 135
0.1 11266 124
0.1 11267 135
0.1 11268 124
0.1 11269 135
0.1 11270 135
0.1 11271 118
0.1 11272 135
0.1 11273 135
0.1 11274 118
0.1 11275 118
0.1 11276 113
0.1 11277 129
0.1 11278 118
0.1 11279 135
0.1 11280 135
0.1 11281 135
0.1 11282 124
0.1 11283 118
0.1 11284 135
0.1 11285 135
0.1 11286 135
0.1 11287 135
0.1 11288 118
0.1 11289 135
0.1 11290 118
0.1 11291 108
0.1 11292 129
0.1 11293 135
0.1 11294 135
0.1 11295 113
0.1 11296 124
0.1 11297 113
0.1 11298 129
0.1 11299 135
0.1 11300 113
0.1 11301 113
0.1 11302 135
0.1 11303 135
0.1 11304 135
0.1 11305 124
0.1 11306 113
0.1 11307 129
0.1 11308 135
0.1 11309 108
0.1 11310 108
0.1 11311 129
0.1 11312 135
0.1 11313 135
0.1 11314 135
0.1 11315 135
0.1 11316 118
0.1 11317 135
0.1 11318 135
0.1 11319 135
0.1 11320 135
0.1 11321 135
0.1 11322 135
0.1 11323 135
0.1 11324 124
0.1 11325 135
0.1 11326 135
0.1 11327 135
0.1 11328 97
0.1 11329 113
0.1 11330 113
0.1 11331 129
0.1 11332 135
0.1 11333 135
0.1 11334 135
0.1 11335 124
0.1 11336 129
0.1 11337 113
0.1 11338 135
0.1 11339 124
0.1 11340 118
0.1 11341 135
0.1 11342 118
0.1 11343 135
0.1 11344 135
0.1 11345 135
0.1 11346 108
0.1 11347 124
0.1 11348 118
0.1 11349 135
0.1 11350 135
0.1 11351 124
0.1 11352 135
0.1 11353 124
0.1 11354 135
0.1 11355 135
0.1 11356 135
0.1 11357 135
0.1 11358 91
0.1 11359 91
0.1 11360 97
0.1 11361 118
0.1 11362 135
0.1 11363 135
0.1 11364 118
0.1 11365 135
0.1 11366 135
0.1 11367 135
0.1 11368 135
0.1 11369 135
0.1 11370 135
0.1 11371 135
0.1 11372 135
0.1 11373 135
0.1 11374 129
0.1 11375 135
0.1 11376 113
0.1 11377 108
0.1 11378 108
0.1 11379 129
0.1 11380 135
0.1 11381 135
0.1 11382 135
0.1 11383 118
0.1 11384 135
0.1 11385 118
0.1 11386 135
0.1 11387 135
0.1 11388 135
0.1 11389 135
0.1 11390 118
0.1 11391 135
0.1 11392 135
0.1 11393 118
0.1 11394 113
0.1 11395 113
0.1 11396 135
0.1 11397 113
0.1 11398 135
0.1 11399 135
0.1 11400 113
0.1 11401 113
0.1 11402 129
0.1 11403 113
0.1 11404 135
0.1 11405 135
0.1 11406 135
0.1 11407 135
0.1 11408 124
0.1 11409 135
0.1 11410 135
0.1 11411 135
0.1 11412 135
0.1 11413 108
0.1 11414 108
0.1 11415 118
0.1 11416 135
0.1 11417 118
0.1 11418 113
0.1 11419 135
0.1 11420 135
0.1 11421 135
0.1 11422 135
0.1 11423 135
0.1 11424 135
0.1 11425 118
0.1 11426 118
0.1 11427 118
0.1 11428 135
0.1 11429 135
0.1 11430 135
0.1 11431 135
0.1 11432 135
0.1 11433 135
0.1 11434 135
0.1 11435 135
0.1 11436 118
0.1 11437 135
0.1 11438 135
0.1 11439 135
0.1 11440 135
0.1 11441 135
0.1 11442 135
0.1 11443 135
0.1 11444 135
0.1 11445 135
0.1 11446 113
0.1 11447 64
0.1 11448 64
0.1 11449 86
0.1 11450 86
0.1 11451 86
0.1 11452 86
0.1 11453 59
0.1 11454 59
0.1 11455 59
0.1 11456 75
0.1 11457 91
0.1 11458 91
0.1 11459 91
0.1 11460 113
0.1 11461 113
0.1 11462 135
0.1 11463 113
0.1 11464 135
0.1 11465 135
0.1 11466 108
0.1 11467 124
0.1 11468 135
0.1 11469 118
0.1 11470 135
0.1 11471 113
0.1 11472 113
0.1 11473 113
0.1 11474 113
0.1 11475 113
0.1 11476 135
0.1 11477 124
0.1 11478 113
0.1 11479 135
0.1 11480 135
0.1 11481 113
0.1 11482 129
0.1 11483 135
0.1 11484 135
0.1 11485 135
0.1 11486 118
0.1 11487 118
0.1 11488 135
0.1 11489 135
0.1 11490 118
0.1 11491 135
0.1 11492 135
0.1 11493 135
0.1 11494 118
0.1 11495 135
0.1 11496 135
0.1 11497 135
0.1 11498 135
0.1 11499 108
0.1 11500 108
0.1 11501 124
0.1 11502 135
0.1 11503 124
0.1 11504 135
0.1 11505 135
0.1 11506 135
0.1 11507 135
0.1 11508 135
0.1 11509 135
0.1 11510 113
0.1 11511 124
0.1 11512 135
0.1 11513 124
0.1 11514 118
0.1 11515 135
0.1 11516 113
0.1 11517 129
0.1 11518 135
0.1 11519 135
0.1 11520 135
0.1 11521 135
0.1 11522 135
0.1 11523 135
0.1 11524 135
0.1 11525 135
0.1 11526 135
0.1 11527 118
0.1 11528 135
0.1 11529 135
0.1 11530 135
0.1 11531 124
0.1 11532 118
0.1 11533 135
0.1 11534 135
0.1 11535 135
0.1 11536 113
0.1 11537 113
0.1 11538 129
0.1 11539 135
0.1 11540 118
0.1 11541 135
0.1 11542 118
0.1 11543 135
0.1 11544 135
0.1 11545 135
0.1 11546 113
0.1 11547 135
0.1 11548 135
0.1 11549 135
0.1 11550 135
0.1 11551 113
0.1 11552 113
0.1 11553 135
0.1 11554 135
0.1 11555 135
0.1 11556 135
0.1 11557 135
0.1 11558 135
0.1 11559 118
0.1 11560 135
0.1 11561 118
0.1 11562 135
0.1 11563 108
0.1 11564 108
0.1 11565 118
0.1 11566 135
0.1 11567 113
0.1 11568 124
0.1 11569 135
0.1 11570 118
0.1 11571 129
0.1 11572 118
0.1 11573 118
0.1 11574 135
0.1 11575 135
0.1 11576 135
0.1 11577 113
0.1 11578 124
0.1 11579 135
0.1 11580 135
0.1 11581 113
0.1 11582 129
0.1 11583 135
0.1 11584 118
0.1 11585 129
0.1 11586 135
0.1 11587 135
0.1 11588 135
0.1 11589 135
0.1 11590 135
0.1 11591 113
0.1 11592 113
0.1 11593 113
0.1 11594 135
0.1 11595 135
0.1 11596 113
0.1 11597 135
0.1 11598 135
0.1 11599 118
0.1 11600 135
0.1 11601 135
0.1 11602 135
0.1 11603 113
0.1 11604 135
0.1 11605 135
0.1 11606 135
0.1 11607 135
0.1 11608 135
0.1 11609 113
0.1 11610 113
0.1 11611 113
0.1 11612 135
0.1 11613 135
0.1 11614 135
0.1 11615 135
0.1 11616 108
0.1 11617 129
0.1 11618 135
0.1 11619 135
0.1 11620 135
0.1 11621 135
0.1 11622 135
0.1 11623 135
0.1 11624 135
0.1 11625 135
0.1 11626 118
0.1 11627 108
0.1 11628 129
0.1 11629 108
0.1 11630 108
0.1 11631 129
0.1 11632 135
0.1 11633 135
0.1 11634 113
0.1 11635 135
0.1 11636 135
0.1 11637 135
0.1 11638 135
0.1 11639 135
0.1 11640 113
0.1 11641 129
0.1 11642 135
0.1 11643 135
0.1 11644 135
0.1 11645 135
0.1 11646 135
0.1 11647 113
0.1 11648 113
0.1 11649 135
0.1 11650 135
0.1 11651 113
0.1 11652 129
0.1 11653 135
0.1 11654 135
0.1 11655 118
0.1 11656 135
0.1 11657 135
0.1 11658 135
0.1 11659 135
0.1 11660 135
0.1 11661 135
0.1 11662 135
0.1 11663 135
0.1 11664 135
0.1 11665 135
0.1 11666 135
0.1 11667 135
0.1 11668 135
0.1 11669 135
0.1 11670 113
0.1 11671 135
0.1 11672 113
0.1 11673 135
0.1 11674 113
0.1 11675 113
0.1 11676 113
0.1 11677 129
0.1 11678 113
0.1 11679 135
0.1 11680 135
0.1 11681 135
0.1 11682 135
0.1 11683 135
0.1 11684 135
0.1 11685 113
0.1 11686 135
0.1 11687 135
0.1 11688 135
0.1 11689 113
0.1 11690 129
0.1 11691 135
0.1 11692 135
0.1 11693 135
0.1 11694 135
0.1 11695 118
0.1 11696 118
0.1 11697 118
0.1 11698 135
0.1 11699 113
0.1 11700 135
0.1 11701 135
0.1 11702 135
0.1 11703 108
0.1 11704 108
0.1 11705 124
0.1 11706 113
0.1 11707 129
0.1 11708 135
0.1 11709 135
0.1 11710 135
0.1 11711 113
0.1 11712 135
0.1 11713 135
0.1 11714 135
0.1 11715 135
0.1 11716 113
0.1 11717 124
0.1 11718 118
0.1 11719 135
0.1 11720 118
0.1 11721 135
0.1 11722 135
0.1 11723 135
0.1 11724 118
0.1 11725 135
0.1 11726 113
0.1 11727 113
0.1 11728 124
0.1 11729 135
0.1 11730 135
0.1 11731 118
0.1 11732 135
0.1 11733 135
0.1 11734 135
0.1 11735 135
0.1 11736 118
0.1 11737 113
0.1 11738 135
0.1 11739 118
0.1 11740 108
0.1 11741 108
0.1 11742 108
0.1 11743 129
0.1 11744 135
0.1 11745 135
0.1 11746 135
0.1 11747 135
0.1 11748 135
0.1 11749 135
0.1 11750 135
0.1 11751 135
0.1 11752 135
0.1 11753 135
0.1 11754 135
0.1 11755 135
0.1 11756 135
0.1 11757 135
0.1 11758 108
0.1 11759 135
0.1 11760 124
0.1 11761 113
0.1 11762 135
0.1 11763 113
0.1 11764 135
0.1 11765 113
0.1 11766 129
0.1 11767 118
0.1 11768 113
0.1 11769 113
0.1 11770 113
0.1 11771 129
0.1 11772 135
0.1 11773 135
0.1 11774 118
0.1 11775 135
0.1 11776 135
0.1 11777 135
0.1 11778 108
0.1 11779 108
0.1 11780 129
0.1 11781 118
0.1 11782 113
0.1 11783 135
0.1 11784 113
0.1 11785 124
0.1 11786 135
0.1 11787 113
0.1 11788 129
0.1 11789 113
0.1 11790 124
0.1 11791 135
0.1 11792 118
0.1 11793 113
0.1 11794 135
0.1 11795 135
0.1 11796 113
0.1 11797 129
0.1 11798 118
0.1 11799 113
0.1 11800 113
0.1 11801 135
0.1 11802 124
0.1 11803 135
0.1 11804 135
0.1 11805 135
0.1 11806 135
0.1 11807 135
0.1 11808 135
0.1 11809 135
0.1 11810 135
0.1 11811 135
0.1 11812 135
0.1 11813 113
0.1 11814 135
0.1 11815 118
0.1 11816 124
0.1 11817 113
0.1 11818 108
0.1 11819 118
0.1 11820 118
0.1 11821 129
0.1 11822 135
0.1 11823 135
0.1 11824 118
0.1 11825 135
0.1 11826 135
0.1 11827 118
0.1 11828 118
0.1 11829 135
0.1 11830 135
0.1 11831 135
0.1 11832 135
0.1 11833 135
0.1 11834 118
0.1 11835 135
0.1 11836 135
0.1 11837 124
0.1 11838 113
0.1 11839 135
0.1 11840 135
0.1 11841 135
0.1 11842 135
0.1 11843 135
0.1 11844 135
0.1 11845 135
0.1 11846 135
0.1 11847 135
0.1 11848 135
0.1 11849 135
0.1 11850 113
0.1 11851 129
0.1 11852 113
0.1 11853 129
0.1 11854 135
0.1 11855 135
0.1 11856 135
0.1 11857 135
0.1 11858 135
0.1 11859 113
0.1 11860 108
0.1 11861 129
0.1 11862 135
0.1 11863 135
0.1 11864 135
0.1 11865 135
0.1 11866 135
0.1 11867 135
0.1 11868 135
0.1 11869 135
0.1 11870 118
0.1 11871 124
0.1 11872 113
0.1 11873 129
0.1 11874 108
0.1 11875 124
0.1 11876 135
0.1 11877 135
0.1 11878 135
0.1 11879 135
0.1 11880 135
0.1 11881 135
0.1 11882 113
0.1 11883 129
0.1 11884 135
0.1 11885 135
0.1 11886 135
0.1 11887 135
0.1 11888 135
0.1 11889 135
0.1 11890 135
0.1 11891 118
0.1 11892 135
0.1 11893 118
0.1 11894 118
0.1 11895 135
0.1 11896 135
0.1 11897 118
0.1 11898 135
0.1 11899 135
0.1 11900 135
0.1 11901 135
0.1 11902 135
0.1 11903 135
0.1 11904 135
0.1 11905 135
0.1 11906 135
0.1 11907 135
0.1 11908 135
0.1 11909 108
0.1 11910 129
0.1 11911 118
0.1 11912 135
0.1 11913 135
0.1 11914 113
0.1 11915 135
0.1 11916 108
0.1 11917 129
0.1 11918 135
0.1 11919 135
0.1 11920 118
0.1 11921 135
0.1 11922 118
0.1 11923 113
0.1 11924 135
0.1 11925 113
0.1 11926 135
0.1 11927 135
0.1 11928 118
0.1 11929 135
0.1 11930 135
0.1 11931 135
0.1 11932 135
0.1 11933 135
0.1 11934 118
0.1 11935 135
0.1 11936 135
0.1 11937 118
0.1 11938 135
0.1 11939 135
0.1 11940 118
0.1 11941 118
0.1 11942 113
0.1 11943 129
0.1 11944 118
0.1 11945 135
0.1 11946 135
0.1 11947 113
0.1 11948 113
0.1 11949 113
0.1 11950 135
0.1 11951 135
0.1 11952 135
0.1 11953 135
0.1 11954 135
0.1 11955 135
0.1 11956 108
0.1 11957 108
0.1 11958 108
0.1 11959 129
0.1 11960 135
0.1 11961 135
0.1 11962 118
0.1 11963 135
0.1 11964 135
0.1 11965 135
0.1 11966 135
0.1 11967 113
0.1 11968 129
0.1 11969 135
0.1 11970 135
0.1 11971 113
0.1 11972 129
0.1 11973 135
0.1 11974 113
0.1 11975 113
0.1 11976 135
0.1 11977 118
0.1 11978 135
0.1 11979 108
0.1 11980 129
0.1 11981 135
0.1 11982 135
0.1 11983 135
0.1 11984 118
0.1 11985 135
0.1 11986 135
0.1 11987 135
0.1 11988 118
0.1 11989 113
0.1 11990 135
0.1 11991 135
0.1 11992 135
0.1 11993 135
0.1 11994 135
0.1 11995 135
0.1 11996 135
0.1 11997 135
0.1 11998 135
0.1 11999 135
0.1 12000 135
0.1 12001 108
0.1 12002 108
0.1 12003 135
0.1 12004 135
0.1 12005 135
0.1 12006 135
0.1 12007 135
0.1 12008 129
0.1 12009 113
0.1 12010 113
0.1 12011 124
0.1 12012 113
0.1 12013 113
0.1 12014 135
0.1 12015 135
0.1 12016 135
0.1 12017 118
0.1 12018 135
0.1 12019 135
0.1 12020 113
0.1 12021 135
0.1 12022 135
0.1 12023 118
0.1 12024 129
0.1 12025 135
0.1 12026 135
0.1 12027 113
0.1 12028 113
0.1 12029 129
0.1 12030 135
0.1 12031 135
0.1 12032 113
0.1 12033 129
0.1 12034 108
0.1 12035 124
0.1 12036 113
0.1 12037 135
0.1 12038 135
0.1 12039 54
0.1 12040 16
0.1 12041 37
0.1 12042 37
0.1 12043 54
0.1 12044 54
0.1 12045 54
0.1 12046 54
0.1 12047 81
0.1 12048 102
0.1 12049 102
0.1 12050 102
0.1 12051 118
0.1 12052 135
0.1 12053 113
0.1 12054 108
0.1 12055 129
0.1 12056 113
0.1 12057 129
0.1 12058 108
0.1 12059 108
0.1 12060 129
0.1 12061 135
0.1 12062 135
0.1 12063 135
0.1 12064 135
0.1 12065 135
0.1 12066 135
0.1 12067 118
0.1 12068 113
0.1 12069 113
0.1 12070 113
0.1 12071 124
0.1 12072 135
0.1 12073 118
0.1 12074 135
0.1 12075 135
0.1 12076 135
0.1 12077 135
0.1 12078 135
0.1 12079 135
0.1 12080 135
0.1 12081 135
0.1 12082 135
0.1 12083 135
0.1 12084 118
0.1 12085 135
0.1 12086 135
0.1 12087 113
0.1 12088 135
0.1 12089 113
0.1 12090 113
0.1 12091 129
0.1 12092 135
0.1 12093 118
0.1 12094 135
0.1 12095 124
0.1 12096 135
0.1 12097 135
0.1 12098 135
0.1 12099 118
0.1 12100 113
0.1 12101 135
0.1 12102 135
0.1 12103 135
0.1 12104 124
0.1 12105 135
0.1 12106 113
0.1 12107 113
0.1 12108 135
0.1 12109 135
0.1 12110 135
0.1 12111 135
0.1 12112 113
0.1 12113 129
0.1 12114 135
0.1 12115 135
0.1 12116 113
0.1 12117 129
0.1 12118 135
0.1 12119 113
0.1 12120 135
0.1 12121 135
0.1 12122 135
0.1 12123 135
0.1 12124 135
0.1 12125 108
0.1 12126 129
0.1 12127 135
0.1 12128 113
0.1 12129 118
0.1 12130 108
0.1 12131 129
0.1 12132 135
0.1 12133 118
0.1 12134 129
0.1 12135 135
0.1 12136 135
0.1 12137 113
0.1 12138 129
0.1 12139 124
0.1 12140 135
0.1 12141 135
0.1 12142 135
0.1 12143 135
0.1 12144 135
0.1 12145 135
0.1 12146 118
0.1 12147 118
0.1 12148 135
0.1 12149 118
0.1 12150 135
0.1 12151 135
0.1 12152 135
0.1 12153 135
0.1 12154 118
0.1 12155 113
0.1 12156 113
0.1 12157 113
0.1 12158 129
0.1 12159 135
0.1 12160 135
0.1 12161 113
0.1 12162 129
0.1 12163 113
0.1 12164 113
0.1 12165 135
0.1 12166 135
0.1 12167 135
0.1 12168 118
0.1 12169 135
0.1 12170 135
0.1 12171 135
0.1 12172 118
0.1 12173 113
0.1 12174 135
0.1 12175 135
0.1 12176 118
0.1 12177 135
0.1 12178 118
0.1 12179 135
0.1 12180 135
0.1 12181 135
0.1 12182 135
0.1 12183 135
0.1 12184 113
0.1 12185 124
0.1 12186 118
0.1 12187 129
0.1 12188 135
0.1 12189 113
0.1 12190 113
0.1 12191 135
0.1 12192 113
0.1 12193 124
0.1 12194 113
0.1 12195 129
0.1 12196 108
0.1 12197 135
0.1 12198 118
0.1 12199 129
0.1 12200 135
0.1 12201 118
0.1 12202 135
0.1 12203 135
0.1 12204 135
0.1 12205 113
0.1 12206 108
0.1 12207 129
0.1 12208 118
0.1 12209 135
0.1 12210 118
0.1 12211 124
0.1 12212 135
0.1 12213 135
0.1 12214 135
0.1 12215 113
0.1 12216 135
0.1 12217 135
0.1 12218 135
0.1 12219 135
0.1 12220 135
0.1 12221 135
0.1 12222 135
0.1 12223 118
0.1 12224 135
0.1 12225 113
0.1 12226 129
0.1 12227 124
0.1 12228 118
0.1 12229 108
0.1 12230 118
0.1 12231 135
0.1 12232 118
0.1 12233 135
0.1 12234 135
0.1 12235 118
0.1 12236 135
0.1 12237 135
0.1 12238 108
0.1 12239 108
0.1 12240 124
0.1 12241 135
0.1 12242 135
0.1 12243 113
0.1 12244 135
0.1 12245 108
0.1 12246 135
0.1 12247 124
0.1 12248 135
0.1 12249 135
0.1 12250 124
0.1 12251 135
0.1 12252 135
0.1 12253 135
0.1 12254 118
0.1 12255 118
0.1 12256 135
0.1 12257 135
0.1 12258 135
0.1 12259 135
0.1 12260 135
0.1 12261 113
0.1 12262 129
0.1 12263 135
0.1 12264 113
0.1 12265 135
0.1 12266 135
0.1 12267 135
0.1 12268 135
0.1 12269 118
0.1 12270 135
0.1 12271 113
0.1 12272 135
0.1 12273 135
0.1 12274 135
0.1 12275 135
0.1 12276 135
0.1 12277 135
0.1 12278 135
0.1 12279 135
0.1 12280 118
0.1 12281 135
0.1 12282 135
0.1 12283 135
0.1 12284 135
0.1 12285 135
0.1 12286 129
0.1 12287 135
0.1 12288 135
0.1 12289 135
0.1 12290 135
0.1 12291 135
0.1 12292 135
0.1 12293 135
0.1 12294 135
0.1 12295 135
0.1 12296 135
0.1 12297 135
0.1 12298 124
0.1 12299 135
0.1 12300 91
0.1 12301 113
0.1 12302 135
0.1 12303 135
0.1 12304 97
0.1 12305 113
0.1 12306 113
0.1 12307 129
0.1 12308 135
0.1 12309 124
0.1 12310 135
0.1 12311 118
0.1 12312 135
0.1 12313 113
0.1 12314 135
0.1 12315 124
0.1 12316 135
0.1 12317 129
0.1 12318 113
0.1 12319 108
0.1 12320 129
0.1 12321 135
0.1 12322 118
0.1 12323 135
0.1 12324 113
0.1 12325 108
0.1 12326 108
0.1 12327 108
0.1 12328 124
0.1 12329 135
0.1 12330 135
0.1 12331 135
0.1 12332 135
0.1 12333 135
0.1 12334 108
0.1 12335 124
0.1 12336 135
0.1 12337 113
0.1 12338 124
0.1 12339 118
0.1 12340 135
0.1 12341 118
0.1 12342 135
0.1 12343 113
0.1 12344 135
0.1 12345 113
0.1 12346 129
0.1 12347 135
0.1 12348 135
0.1 12349 135
0.1 12350 135
0.1 12351 118
0.1 12352 135
0.1 12353 135
0.1 12354 135
0.1 12355 135
0.1 12356 135
0.1 12357 135
0.1 12358 135
0.1 12359 113
0.1 12360 135
0.1 12361 135
0.1 12362 135
0.1 12363 113
0.1 12364 129
0.1 12365 118
0.1 12366 135
0.1 12367 118
0.1 12368 135
0.1 12369 135
0.1 12370 135
0.1 12371 135
0.1 12372 135
0.1 12373 113
0.1 12374 113
0.1 12375 129
0.1 12376 135
0.1 12377 113
0.1 12378 108
0.1 12379 124
0.1 12380 135
0.1 12381 135
0.1 12382 118
0.1 12383 135
0.1 12384 135
0.1 12385 118
0.1 12386 135
0.1 12387 135
0.1 12388 135
0.1 12389 135
0.1 12390 113
0.1 12391 129
0.1 12392 135
0.1 12393 135
0.1 12394 135
0.1 12395 135
0.1 12396 108
0.1 12397 124
0.1 12398 108
0.1 12399 135
0.1 12400 118
0.1 12401 129
0.1 12402 135
0.1 12403 135
0.1 12404 135
0.1 12405 113
0.1 12406 129
0.1 12407 108
0.1 12408 124
0.1 12409 135
0.1 12410 135
0.1 12411 135
0.1 12412 135
0.1 12413 135
0.1 12414 113
0.1 12415 113
0.1 12416 129
0.1 12417 135
0.1 12418 118
0.1 12419 129
0.1 12420 135
0.1 12421 135
0.1 12422 135
0.1 12423 135
0.1 12424 135
0.1 12425 113
0.1 12426 129
0.1 12427 113
0.1 12428 129
0.1 12429 135
0.1 12430 135
0.1 12431 135
0.1 12432 135
0.1 12433 135
0.1 12434 135
0.1 12435 135
0.1 12436 118
0.1 12437 135
0.1 12438 135
0.1 12439 129
0.1 12440 113
0.1 12441 129
0.1 12442 113
0.1 12443 86
0.1 12444 108
0.1 12445 124
0.1 12446 135
0.1 12447 113
0.1 12448 135
0.1 12449 124
0.1 12450 135
0.1 12451 135
0.1 12452 135
0.1 12453 118
0.1 12454 113
0.1 12455 113
0.1 12456 135
0.1 12457 135
0.1 12458 135
0.1 12459 113
0.1 12460 135
0.1 12461 135
0.1 12462 135
0.1 12463 135
0.1 12464 113
0.1 12465 135
0.1 12466 135
0.1 12467 135
0.1 12468 135
0.1 12469 135
0.1 12470 135
0.1 12471 118
0.1 12472 135
0.1 12473 135
0.1 12474 118
0.1 12475 113
0.1 12476 124
0.1 12477 135
0.1 12478 135
0.1 12479 135
0.1 12480 135
0.1 12481 135
0.1 12482 135
0.1 12483 135
0.1 12484 135
0.1 12485 135
0.1 12486 135
0.1 12487 135
0.1 12488 135
0.1 12489 135
0.1 12490 113
0.1 12491 129
0.1 12492 135
0.1 12493 135
0.1 12494 118
0.1 12495 113
0.1 12496 113
0.1 12497 129
0.1 12498 113
0.1 12499 129
0.1 12500 135
0.1 12501 135
0.1 12502 135
0.1 12503 10
0.1 12504 16
0.1 12505 27
0.1 12506 0
0.1 12507 0
0.1 12508 10
0.1 12509 32
0.1 12510 16
0.1 12511 37
0.1 12512 32
0.1 12513 27
0.1 12514 43
0.1 12515 32
0.1 12516 5
0.1 12517 27
0.1 12518 27
0.1 12519 48
0.1 12520 64
0.1 12521 75
0.1 12522 75
0.1 12523 97
0.1 12524 97
0.1 12525 118
0.1 12526 135
0.1 12527 135
0.1 12528 118
0.1 12529 135
0.1 12530 135
0.1 12531 135
0.1 12532 135
0.1 12533 118
0.1 12534 135
0.1 12535 135
0.1 12536 129
0.1 12537 135
0.1 12538 135
0.1 12539 113
0.1 12540 113
0.1 12541 135
0.1 12542 108
0.1 12543 135
0.1 12544 135
0.1 12545 135
0.1 12546 135
0.1 12547 135
0.1 12548 135
0.1 12549 135
0.1 12550 135
0.1 12551 113
0.1 12552 113
0.1 12553 135
0.1 12554 135
0.1 12555 135
0.1 12556 135
0.1 12557 135
0.1 12558 124
0.1 12559 97
0.1 12560 113
0.1 12561 129
0.1 12562 118
0.1 12563 135
0.1 12564 135
0.1 12565 135
0.1 12566 135
0.1 12567 124
0.1 12568 129
0.1 12569 118
0.1 12570 135
0.1 12571 129
0.1 12572 113
0.1 12573 124
0.1 12574 113
0.1 12575 135
0.1 12576 135
0.1 12577 135
0.1 12578 124
0.1 12579 135
0.1 12580 118
0.1 12581 135
0.1 12582 118
0.1 12583 135
0.1 12584 135
0.1 12585 135
0.1 12586 108
0.1 12587 129
0.1 12588 124
0.1 12589 135
0.1 12590 135
0.1 12591 129
0.1 12592 135
0.1 12593 135
0.1 12594 118
0.1 12595 118
0.1 12596 135
0.1 12597 135
0.1 12598 118
0.1 12599 118
0.1 12600 113
0.1 12601 135
0.1 12602 135
0.1 12603 135
0.1 12604 135
0.1 12605 135
0.1 12606 135
0.1 12607 135
0.1 12608 135
0.1 12609 118
0.1 12610 135
0.1 12611 108
0.1 12612 129
0.1 12613 135
0.1 12614 118
0.1 12615 118
0.1 12616 135
0.1 12617 135
0.1 12618 135
0.1 12619 135
0.1 12620 124
0.1 12621 118
0.1 12622 135
0.1 12623 135
0.1 12624 135
0.1 12625 113
0.1 12626 135
0.1 12627 135
0.1 12628 135
0.1 12629 135
0.1 12630 118
0.1 12631 118
0.1 12632 113
0.1 12633 113
0.1 12634 135
0.1 12635 135
0.1 12636 135
0.1 12637 135
0.1 12638 135
0.1 12639 135
0.1 12640 97
0.1 12641 118
0.1 12642 118
0.1 12643 135
0.1 12644 135
0.1 12645 135
0.1 12646 135
0.1 12647 118
0.1 12648 113
0.1 12649 135
0.1 12650 135
0.1 12651 135
0.1 12652 135
0.1 12653 135
0.1 12654 97
0.1 12655 70
0.1 12656 70
0.1 12657 70
0.1 12658 70
0.1 12659 91
0.1 12660 91
0.1 12661 108
0.1 12662 129
0.1 12663 113
0.1 12664 113
0.1 12665 129
0.1 12666 135
0.1 12667 135
0.1 12668 135
0.1 12669 135
0.1 12670 135
0.1 12671 135
0.1 12672 135
0.1 12673 118
0.1 12674 118
0.1 12675 135
0.1 12676 118
0.1 12677 113
0.1 12678 129
0.1 12679 135
0.1 12680 135
0.1 12681 118
0.1 12682 135
0.1 12683 135
0.1 12684 135
0.1 12685 135
0.1 12686 135
0.1 12687 113
0.1 12688 108
0.1 12689 118
0.1 12690 135
0.1 12691 135
0.1 12692 135
0.1 12693 135
0.1 12694 135
0.1 12695 135
0.1 12696 135
0.1 12697 135
0.1 12698 135
0.1 12699 118
0.1 12700 118
0.1 12701 135
0.1 12702 135
0.1 12703 124
0.1 12704 135
0.1 12705 113
0.1 12706 129
0.1 12707 118
0.1 12708 135
0.1 12709 135
0.1 12710 135
0.1 12711 113
0.1 12712 113
0.1 12713 113
0.1 12714 113
0.1 12715 129
0.1 12716 135
0.1 12717 113
0.1 12718 113
0.1 12719 113
0.1 12720 129
0.1 12721 113
0.1 12722 135
0.1 12723 135
0.1 12724 135
0.1 12725 113
0.1 12726 129
0.1 12727 135
0.1 12728 118
0.1 12729 135
0.1 12730 135
0.1 12731 135
0.1 12732 118
0.1 12733 135
0.1 12734 135
0.1 12735 113
0.1 12736 113
0.1 12737 113
0.1 12738 113
0.1 12739 108
0.1 12740 108
0.1 12741 124
0.1 12742 135
0.1 12743 135
0.1 12744 118
0.1 12745 135
0.1 12746 118
0.1 12747 135
0.1 12748 135
0.1 12749 135
0.1 12750 135
0.1 12751 135
0.1 12752 118
0.1 12753 135
0.1 12754 108
0.1 12755 108
0.1 12756 129
0.1 12757 135
0.1 12758 135
0.1 12759 135
0.1 12760 118
0.1 12761 113
0.1 12762 113
0.1 12763 113
0.1 12764 124
0.1 12765 113
0.1 12766 124
0.1 12767 113
0.1 12768 113
0.1 12769 135
0.1 12770 135
0.1 12771 135
0.1 12772 118
0.1 12773 135
0.1 12774 135
0.1 12775 135
0.1 12776 135
0.1 12777 135
0.1 12778 135
0.1 12779 135
0.1 12780 135
0.1 12781 124
0.1 12782 135
0.1 12783 135
0.1 12784 124
0.1 12785 135
0.1 12786 135
0.1 12787 108
0.1 12788 108
0.1 12789 108
0.1 12790 108
0.1 12791 108
0.1 12792 135
0.1 12793 135
0.1 12794 135
0.1 12795 113
0.1 12796 113
0.1 12797 113
0.1 12798 129
0.1 12799 135
0.1 12800 135
0.1 12801 113
0.1 12802 113
0.1 12803 129
0.1 12804 135
0.1 12805 135
0.1 12806 135
0.1 12807 135
0.1 12808 135
0.1 12809 135
0.1 12810 135
0.1 12811 135
0.1 12812 135
0.1 12813 113
0.1 12814 135
0.1 12815 135
0.1 12816 118
0.1 12817 135
0.1 12818 124
0.1 12819 135
0.1 12820 124
0.1 12821 135
0.1 12822 135
0.1 12823 135
0.1 12824 135
0.1 12825 135
0.1 12826 113
0.1 12827 129
0.1 12828 135
0.1 12829 135
0.1 12830 135
0.1 12831 135
0.1 12832 135
0.1 12833 135
0.1 12834 113
0.1 12835 135
0.1 12836 135
0.1 12837 135
0.1 12838 135
0.1 12839 135
0.1 12840 135
0.1 12841 135
0.1 12842 135
0.1 12843 113
0.1 12844 113
0.1 12845 129
0.1 12846 135
0.1 12847 108
0.1 12848 129
0.1 12849 118
0.1 12850 135
0.1 12851 135
0.1 12852 108
0.1 12853 108
0.1 12854 108
0.1 12855 124
0.1 12856 124
0.1 12857 135
0.1 12858 135
0.1 12859 135
0.1 12860 135
0.1 12861 135
0.1 12862 135
0.1 12863 135
0.1 12864 135
0.1 12865 135
0.1 12866 113
0.1 12867 129
0.1 12868 135
0.1 12869 113
0.1 12870 135
0.1 12871 135
0.1 12872 113
0.1 12873 129
0.1 12874 135
0.1 12875 113
0.1 12876 135
0.1 12877 135
0.1 12878 118
0.1 12879 118
0.1 12880 135
0.1 12881 118
0.1 12882 129
0.1 12883 135
0.1 12884 113
0.1 12885 135
0.1 12886 118
0.1 12887 129
0.1 12888 135
0.1 12889 135
0.1 12890 135
0.1 12891 124
0.1 12892 135
0.1 12893 135
0.1 12894 135
0.1 12895 135
0.1 12896 135
0.1 12897 135
0.1 12898 135
0.1 12899 135
0.1 12900 135
0.1 12901 118
0.1 12902 135
0.1 12903 135
0.1 12904 135
0.1 12905 135
0.1 12906 135
0.1 12907 135
0.1 12908 135
0.1 12909 135
0.1 12910 135
0.1 12911 135
0.1 12912 135
0.1 12913 135
0.1 12914 118
0.1 12915 135
0.1 12916 113
0.1 12917 135
0.1 12918 135
0.1 12919 118
0.1 12920 118
0.1 12921 135
0.1 12922 135
0.1 12923 135
0.1 12924 135
0.1 12925 135
0.1 12926 118
0.1 12927 129
0.1 12928 135
0.1 12929 135
0.1 12930 135
0.1 12931 118
0.1 12932 135
0.1 12933 135
0.1 12934 135
0.1 12935 135
0.1 12936 135
0.1 12937 118
0.1 12938 135
0.1 12939 108
0.1 12940 108
0.1 12941 108
0.1 12942 135
0.1 12943 135
0.1 12944 135
0.1 12945 135
0.1 12946 113
0.1 12947 129
0.1 12948 118
0.1 12949 135
0.1 12950 135
0.1 12951 135
0.1 12952 135
0.1 12953 113
0.1 12954 135
0.1 12955 135
0.1 12956 118
0.1 12957 108
0.1 12958 124
0.1 12959 118
0.1 12960 135
0.1 12961 113
0.1 12962 135
0.1 12963 118
0.1 12964 135
0.1 12965 135
0.1 12966 135
0.1 12967 135
0.1 12968 135
0.1 12969 118
0.1 12970 135
0.1 12971 135
0.1 12972 135
0.1 12973 135
0.1 12974 135
0.1 12975 135
0.1 12976 113
0.1 12977 113
0.1 12978 135
0.1 12979 113
0.1 12980 113
0.1 12981 135
0.1 12982 113
0.1 12983 135
0.1 12984 135
0.1 12985 118
0.1 12986 118
0.1 12987 135
0.1 12988 135
0.1 12989 135
0.1 12990 113
0.1 12991 113
0.1 12992 129
0.1 12993 135
0.1 12994 135
0.1 12995 129
0.1 12996 135
0.1 12997 118
0.1 12998 135
0.1 12999 135
0.1 13000 118
0.1 13001 113
0.1 13002 135
0.1 13003 135
0.1 13004 135
0.1 13005 135
0.1 13006 118
0.1 13007 135
0.1 13008 118
0.1 13009 135
0.1 13010 135
0.1 13011 135
0.1 13012 97
0.1 13013 108
0.1 13014 129
0.1 13015 135
0.1 13016 113
0.1 13017 135
0.1 13018 135
0.1 13019 135
0.1 13020 135
0.1 13021 113
0.1 13022 135
0.1 13023 118
0.1 13024 118
0.1 13025 118
0.1 13026 135
0.1 13027 135
0.1 13028 118
0.1 13029 135
0.1 13030 135
0.1 13031 113
0.1 13032 64
0.1 13033 75
0.1 13034 91
0.1 13035 86
0.1 13036 102
0.1 13037 102
0.1 13038 118
0.1 13039 135
0.1 13040 118
0.1 13041 135
0.1 13042 135
0.1 13043 135
0.1 13044 135
0.1 13045 135
0.1 13046 135
0.1 13047 135
0.1 13048 135
0.1 13049 135
0.1 13050 135
0.1 13051 135
0.1 13052 113
0.1 13053 129
0.1 13054 129
0.1 13055 108
0.1 13056 108
0.1 13057 124
0.1 13058 113
0.1 13059 129
0.1 13060 135
0.1 13061 135
0.1 13062 135
0.1 13063 135
0.1 13064 113
0.1 13065 129
0.1 13066 135
0.1 13067 135
0.1 13068 118
0.1 13069 135
0.1 13070 135
0.1 13071 124
0.1 13072 135
0.1 13073 135
0.1 13074 118
0.1 13075 113
0.1 13076 113
0.1 13077 113
0.1 13078 135
0.1 13079 124
0.1 13080 135
0.1 13081 135
0.1 13082 113
0.1 13083 135
0.1 13084 135
0.1 13085 135
0.1 13086 113
0.1 13087 124
0.1 13088 135
0.1 13089 135
0.1 13090 135
0.1 13091 135
0.1 13092 135
0.1 13093 135
0.1 13094 118
0.1 13095 135
0.1 13096 135
0.1 13097 135
0.1 13098 135
0.1 13099 135
0.1 13100 135
0.1 13101 135
0.1 13102 135
0.1 13103 108
0.1 13104 108
0.1 13105 124
0.1 13106 135
0.1 13107 135
0.1 13108 135
0.1 13109 135
0.1 13110 135
0.1 13111 135
0.1 13112 113
0.1 13113 113
0.1 13114 129
0.1 13115 113
0.1 13116 135
0.1 13117 113
0.1 13118 113
0.1 13119 124
0.1 13120 135
0.1 13121 135
0.1 13122 135
0.1 13123 113
0.1 13124 135
0.1 13125 135
0.1 13126 124
0.1 13127 118
0.1 13128 113
0.1 13129 129
0.1 13130 113
0.1 13131 135
0.1 13132 124
0.1 13133 135
0.1 13134 118
0.1 13135 129
0.1 13136 135
0.1 13137 135
0.1 13138 135
0.1 13139 135
0.1 13140 113
0.1 13141 113
0.1 13142 135
0.1 13143 135
0.1 13144 135
0.1 13145 135
0.1 13146 113
0.1 13147 113
0.1 13148 135
0.1 13149 135
0.1 13150 113
0.1 13151 129
0.1 13152 135
0.1 13153 135
0.1 13154 113
0.1 13155 135
0.1 13156 135
0.1 13157 135
0.1 13158 135
0.1 13159 135
0.1 13160 113
0.1 13161 113
0.1 13162 135
0.1 13163 113
0.1 13164 113
0.1 13165 135
0.1 13166 135
0.1 13167 135
0.1 13168 135
0.1 13169 118
0.1 13170 113
0.1 13171 135
0.1 13172 118
0.1 13173 113
0.1 13174 135
0.1 13175 135
0.1 13176 135
0.1 13177 135
0.1 13178 124
0.1 13179 135
0.1 13180 135
0.1 13181 135
0.1 13182 108
0.1 13183 118
0.1 13184 118
0.1 13185 135
0.1 13186 135
0.1 13187 135
0.1 13188 135
0.1 13189 135
0.1 13190 113
0.1 13191 124
0.1 13192 124
0.1 13193 135
0.1 13194 124
0.1 13195 135
0.1 13196 135
0.1 13197 113
0.1 13198 124
0.1 13199 135
0.1 13200 135
0.1 13201 108
0.1 13202 108
0.1 13203 124
0.1 13204 124
0.1 13205 118
0.1 13206 135
0.1 13207 135
0.1 13208 135
0.1 13209 135
0.1 13210 135
0.1 13211 108
0.1 13212 124
0.1 13213 135
0.1 13214 135
0.1 13215 135
0.1 13216 135
0.1 13217 113
0.1 13218 129
0.1 13219 135
0.1 13220 135
0.1 13221 135
0.1 13222 135
0.1 13223 135
0.1 13224 135
0.1 13225 108
0.1 13226 129
0.1 13227 135
0.1 13228 113
0.1 13229 108
0.1 13230 129
0.1 13231 113
0.1 13232 129
0.1 13233 135
0.1 13234 113
0.1 13235 129
0.1 13236 124
0.1 13237 135
0.1 13238 135
0.1 13239 135
0.1 13240 135
0.1 13241 113
0.1 13242 135
0.1 13243 135
0.1 13244 135
0.1 13245 118
0.1 13246 129
0.1 13247 102
0.1 13248 102
0.1 13249 124
0.1 13250 135
0.1 13251 135
0.1 13252 124
0.1 13253 129
0.1 13254 135
0.1 13255 113
0.1 13256 113
0.1 13257 124
0.1 13258 135
0.1 13259 135
0.1 13260 118
0.1 13261 135
0.1 13262 135
0.1 13263 113
0.1 13264 129
0.1 13265 135
0.1 13266 113
0.1 13267 135
0.1 13268 135
0.1 13269 135
0.1 13270 135
0.1 13271 135
0.1 13272 135
0.1 13273 135
0.1 13274 118
0.1 13275 135
0.1 13276 135
0.1 13277 135
0.1 13278 135
0.1 13279 118
0.1 13280 113
0.1 13281 129
0.1 13282 135
0.1 13283 113
0.1 13284 113
0.1 13285 135
0.1 13286 135
0.1 13287 118
0.1 13288 124
0.1 13289 124
0.1 13290 129
0.1 13291 118
0.1 13292 135
0.1 13293 135
0.1 13294 124
0.1 13295 129
0.1 13296 135
0.1 13297 91
0.1 13298 113
0.1 13299 124
0.1 13300 124
0.1 13301 102
0.1 13302 102
0.1 13303 102
0.1 13304 118
0.1 13305 135
0.1 13306 135
0.1 13307 135
0.1 13308 135
0.1 13309 135
0.1 13310 108
0.1 13311 124
0.1 13312 135
0.1 13313 108
0.1 13314 124
0.1 13315 135
0.1 13316 135
0.1 13317 135
0.1 13318 113
0.1 13319 135
0.1 13320 118
0.1 13321 135
0.1 13322 118
0.1 13323 113
0.1 13324 113
0.1 13325 129
0.1 13326 135
0.1 13327 118
0.1 13328 113
0.1 13329 113
0.1 13330 129
0.1 13331 124
0.1 13332 113
0.1 13333 113
0.1 13334 113
0.1 13335 129
0.1 13336 135
0.1 13337 135
0.1 13338 135
0.1 13339 135
0.1 13340 135
0.1 13341 135
0.1 13342 135
0.1 13343 118
0.1 13344 113
0.1 13345 113
0.1 13346 135
0.1 13347 135
0.1 13348 135
0.1 13349 135
0.1 13350 135
0.1 13351 135
0.1 13352 135
0.1 13353 135
0.1 13354 129
0.1 13355 118
0.1 13356 135
0.1 13357 135
0.1 13358 135
0.1 13359 135
0.1 13360 135
0.1 13361 129
0.1 13362 129
0.1 13363 118
0.1 13364 118
0.1 13365 135
0.1 13366 135
0.1 13367 135
0.1 13368 135
0.1 13369 135
0.1 13370 135
0.1 13371 135
0.1 13372 118
0.1 13373 129
0.1 13374 113
0.1 13375 135
0.1 13376 135
0.1 13377 129
0.1 13378 135
0.1 13379 135
0.1 13380 102
0.1 13381 102
0.1 13382 113
0.1 13383 135
0.1 13384 135
0.1 13385 135
0.1 13386 124
0.1 13387 129
0.1 13388 135
0.1 13389 113
0.1 13390 91
0.1 13391 108
0.1 13392 108
0.1 13393 135
0.1 13394 118
0.1 13395 135
0.1 13396 135
0.1 13397 135
0.1 13398 118
0.1 13399 113
0.1 13400 113
0.1 13401 108
0.1 13402 124
0.1 13403 113
0.1 13404 113
0.1 13405 135
0.1 13406 135
0.1 13407 135
0.1 13408 135
0.1 13409 135
0.1 13410 135
0.1 13411 135
0.1 13412 135
0.1 13413 113
0.1 13414 129
0.1 13415 113
0.1 13416 135
0.1 13417 113
0.1 13418 129
0.1 13419 108
0.1 13420 135
0.1 13421 135
0.1 13422 118
0.1 13423 135
0.1 13424 135
0.1 13425 135
0.1 13426 135
0.1 13427 135
0.1 13428 135
0.1 13429 135
0.1 13430 135
0.1 13431 108
0.1 13432 129
0.1 13433 135
0.1 13434 135
0.1 13435 135
0.1 13436 135
0.1 13437 118
0.1 13438 135
0.1 13439 135
0.1 13440 118
0.1 13441 135
0.1 13442 135
0.1 13443 135
0.1 13444 135
0.1 13445 135
0.1 13446 124
0.1 13447 108
0.1 13448 124
0.1 13449 135
0.1 13450 113
0.1 13451 135
0.1 13452 118
0.1 13453 118
0.1 13454 135
0.1 13455 135
0.1 13456 124
0.1 13457 135
0.1 13458 91
0.1 13459 113
0.1 13460 135
0.1 13461 113
0.1 13462 135
0.1 13463 129
0.1 13464 124
0.1 13465 135
0.1 13466 102
0.1 13467 118
0.1 13468 118
0.1 13469 118
0.1 13470 135
0.1 13471 135
0.1 13472 113
0.1 13473 113
0.1 13474 124
0.1 13475 135
0.1 13476 135
0.1 13477 135
0.1 13478 118
0.1 13479 135
0.1 13480 135
0.1 13481 113
0.1 13482 135
0.1 13483 135
0.1 13484 135
0.1 13485 118
0.1 13486 129
0.1 13487 135
0.1 13488 113
0.1 13489 135
0.1 13490 135
0.1 13491 135
0.1 13492 135
0.1 13493 135
0.1 13494 118
0.1 13495 135
0.1 13496 113
0.1 13497 129
0.1 13498 135
0.1 13499 135
0.1 13500 135
0.1 13501 124
0.1 13502 135
0.1 13503 135
0.1 13504 135
0.1 13505 124
0.1 13506 113
0.1 13507 135
0.1 13508 124
0.1 13509 135
0.1 13510 135
0.1 13511 135
0.1 13512 135
0.1 13513 81
0.1 13514 102
0.1 13515 118
0.1 13516 135
0.1 13517 135
0.1 13518 135
0.1 13519 113
0.1 13520 129
0.1 13521 135
0.1 13522 113
0.1 13523 129
0.1 13524 135
0.1 13525 135
0.1 13526 135
0.1 13527 113
0.1 13528 135
0.1 13529 118
0.1 13530 118
0.1 13531 135
0.1 13532 135
0.1 13533 135
0.1 13534 113
0.1 13535 113
0.1 13536 129
0.1 13537 113
0.1 13538 124
0.1 13539 124
0.1 13540 135
0.1 13541 118
0.1 13542 135
0.1 13543 135
0.1 13544 118
0.1 13545 135
0.1 13546 135
0.1 13547 108
0.1 13548 129
0.1 13549 135
0.1 13550 108
0.1 13551 129
0.1 13552 135
0.1 13553 135
0.1 13554 135
0.1 13555 135
0.1 13556 135
0.1 13557 118
0.1 13558 135
0.1 13559 135
0.1 13560 135
0.1 13561 113
0.1 13562 135
0.1 13563 135
0.1 13564 135
0.1 13565 135
0.1 13566 135
0.1 13567 113
0.1 13568 118
0.1 13569 135
0.1 13570 135
0.1 13571 135
0.1 13572 113
0.1 13573 113
0.1 13574 124
0.1 13575 135
0.1 13576 135
0.1 13577 113
0.1 13578 135
0.1 13579 135
0.1 13580 135
0.1 13581 135
0.1 13582 135
0.1 13583 113
0.1 13584 129
0.1 13585 135
0.1 13586 113
0.1 13587 129
0.1 13588 129
0.1 13589 113
0.1 13590 124
0.1 13591 113
0.1 13592 118
0.1 13593 135
0.1 13594 135
0.1 13595 135
0.1 13596 135
0.1 13597 118
0.1 13598 91
0.1 13599 108
0.1 13600 118
0.1 13601 135
0.1 13602 135
0.1 13603 135
0.1 13604 135
0.1 13605 113
0.1 13606 124
0.1 13607 135
0.1 13608 135
0.1 13609 108
0.1 13610 135
0.1 13611 118
0.1 13612 118
0.1 13613 135
0.1 13614 108
0.1 13615 135
0.1 13616 135
0.1 13617 135
0.1 13618 135
0.1 13619 135
0.1 13620 113
0.1 13621 129
0.1 13622 135
0.1 13623 113
0.1 13624 135
0.1 13625 135
0.1 13626 135
0.1 13627 118
0.1 13628 113
0.1 13629 129
0.1 13630 135
0.1 13631 135
0.1 13632 124
0.1 13633 135
0.1 13634 135
0.1 13635 135
0.1 13636 135
0.1 13637 135
0.1 13638 135
0.1 13639 113
0.1 13640 113
0.1 13641 124
0.1 13642 118
0.1 13643 135
0.1 13644 135
0.1 13645 135
0.1 13646 135
0.1 13647 135
0.1 13648 135
0.1 13649 129
0.1 13650 113
0.1 13651 113
0.1 13652 135
0.1 13653 135
0.1 13654 113
0.1 13655 135
0.1 13656 113
0.1 13657 129
0.1 13658 118
0.1 13659 135
0.1 13660 135
0.1 13661 135
0.1 13662 135
0.1 13663 135
0.1 13664 135
0.1 13665 135
0.1 13666 108
0.1 13667 108
0.1 13668 108
0.1 13669 124
0.1 13670 135
0.1 13671 135
0.1 13672 135
0.1 13673 135
0.1 13674 135
0.1 13675 113
0.1 13676 113
0.1 13677 129
0.1 13678 135
0.1 13679 135
0.1 13680 135
0.1 13681 113
0.1 13682 124
0.1 13683 135
0.1 13684 118
0.1 13685 113
0.1 13686 113
0.1 13687 129
0.1 13688 135
0.1 13689 113
0.1 13690 113
0.1 13691 113
0.1 13692 135
0.1 13693 135
0.1 13694 113
0.1 13695 129
0.1 13696 91
0.1 13697 75
0.1 13698 70
0.1 13699 91
0.1 13700 91
0.1 13701 108
0.1 13702 135
0.1 13703 135
0.1 13704 118
0.1 13705 135
0.1 13706 135
0.1 13707 135
0.1 13708 135
0.1 13709 135
0.1 13710 135
0.1 13711 124
0.1 13712 129
0.1 13713 118
0.1 13714 135
0.1 13715 118
0.1 13716 135
0.1 13717 113
0.1 13718 129
0.1 13719 135
0.1 13720 135
0.1 13721 135
0.1 13722 118
0.1 13723 135
0.1 13724 118
0.1 13725 135
0.1 13726 135
0.1 13727 135
0.1 13728 135
0.1 13729 135
0.1 13730 135
0.1 13731 135
0.1 13732 113
0.1 13733 113
0.1 13734 113
0.1 13735 113
0.1 13736 129
0.1 13737 118
0.1 13738 113
0.1 13739 113
0.1 13740 135
0.1 13741 135
0.1 13742 135
0.1 13743 135
0.1 13744 135
0.1 13745 135
0.1 13746 113
0.1 13747 113
0.1 13748 129
0.1 13749 135
0.1 13750 135
0.1 13751 135
0.1 13752 135
0.1 13753 135
0.1 13754 135
0.1 13755 118
0.1 13756 113
0.1 13757 135
0.1 13758 135
0.1 13759 135
0.1 13760 135
0.1 13761 118
0.1 13762 135
0.1 13763 118
0.1 13764 135
0.1 13765 135
0.1 13766 135
0.1 13767 124
0.1 13768 118
0.1 13769 113
0.1 13770 118
0.1 13771 135
0.1 13772 135
0.1 13773 113
0.1 13774 135
0.1 13775 135
0.1 13776 135
0.1 13777 135
0.1 13778 113
0.1 13779 135
0.1 13780 135
0.1 13781 113
0.1 13782 135
0.1 13783 135
0.1 13784 135
0.1 13785 135
0.1 13786 135
0.1 13787 135
0.1 13788 135
0.1 13789 135
0.1 13790 113
0.1 13791 113
0.1 13792 113
0.1 13793 113
0.1 13794 129
0.1 13795 135
0.1 13796 135
0.1 13797 135
0.1 13798 135
0.1 13799 135
0.1 13800 135
0.1 13801 135
0.1 13802 135
0.1 13803 118
0.1 13804 118
0.1 13805 135
0.1 13806 135
0.1 13807 135
0.1 13808 118
0.1 13809 118
0.1 13810 135
0.1 13811 113
0.1 13812 113
0.1 13813 129
0.1 13814 113
0.1 13815 135
0.1 13816 113
0.1 13817 113
0.1 13818 124
0.1 13819 135
0.1 13820 113
0.1 13821 135
0.1 13822 124
0.1 13823 113
0.1 13824 129
0.1 13825 118
0.1 13826 108
0.1 13827 124
0.1 13828 135
0.1 13829 135
0.1 13830 135
0.1 13831 135
0.1 13832 113
0.1 13833 135
0.1 13834 135
0.1 13835 135
0.1 13836 113
0.1 13837 113
0.1 13838 113
0.1 13839 135
0.1 13840 135
0.1 13841 135
0.1 13842 135
0.1 13843 135
0.1 13844 135
0.1 13845 113
0.1 13846 135
0.1 13847 135
0.1 13848 135
0.1 13849 113
0.1 13850 113
0.1 13851 124
0.1 13852 135
0.1 13853 135
0.1 13854 135
0.1 13855 135
0.1 13856 135
0.1 13857 113
0.1 13858 135
0.1 13859 135
0.1 13860 135
0.1 13861 135
0.1 13862 129
0.1 13863 135
0.1 13864 135
0.1 13865 118
0.1 13866 135
0.1 13867 135
0.1 13868 118
0.1 13869 118
0.1 13870 135
0.1 13871 135
0.1 13872 118
0.1 13873 135
0.1 13874 135
0.1 13875 135
0.1 13876 135
0.1 13877 135
0.1 13878 118
0.1 13879 135
0.1 13880 135
0.1 13881 113
0.1 13882 129
0.1 13883 135
0.1 13884 135
0.1 13885 135
0.1 13886 135
0.1 13887 113
0.1 13888 129
0.1 13889 135
0.1 13890 118
0.1 13891 135
0.1 13892 135
0.1 13893 113
0.1 13894 113
0.1 13895 135
0.1 13896 135
0.1 13897 135
0.1 13898 135
0.1 13899 124
0.1 13900 135
0.1 13901 118
0.1 13902 135
0.1 13903 135
0.1 13904 113
0.1 13905 135
0.1 13906 118
0.1 13907 135
0.1 13908 135
0.1 13909 135
0.1 13910 113
0.1 13911 135
0.1 13912 135
0.1 13913 135
0.1 13914 124
0.1 13915 91
0.1 13916 102
0.1 13917 124
0.1 13918 135
0.1 13919 135
0.1 13920 118
0.1 13921 135
0.1 13922 113
0.1 13923 129
0.1 13924 113
0.1 13925 113
0.1 13926 135
0.1 13927 113
0.1 13928 113
0.1 13929 113
0.1 13930 129
0.1 13931 135
0.1 13932 135
0.1 13933 135
0.1 13934 135
0.1 13935 135
0.1 13936 113
0.1 13937 135
0.1 13938 135
0.1 13939 135
0.1 13940 135
0.1 13941 129
0.1 13942 118
0.1 13943 135
0.1 13944 135
0.1 13945 113
0.1 13946 113
0.1 13947 135
0.1 13948 118
0.1 13949 135
0.1 13950 135
0.1 13951 135
0.1 13952 135
0.1 13953 135
0.1 13954 135
0.1 13955 135
0.1 13956 135
0.1 13957 108
0.1 13958 129
0.1 13959 135
0.1 13960 113
0.1 13961 124
0.1 13962 118
0.1 13963 135
0.1 13964 135
0.1 13965 113
0.1 13966 124
0.1 13967 135
0.1 13968 135
0.1 13969 135
0.1 13970 135
0.1 13971 135
0.1 13972 118
0.1 13973 135
0.1 13974 113
0.1 13975 135
0.1 13976 135
0.1 13977 113
0.1 13978 113
0.1 13979 113
0.1 13980 108
0.1 13981 129
0.1 13982 135
0.1 13983 135
0.1 13984 118
0.1 13985 108
0.1 13986 135
0.1 13987 124
0.1 13988 108
0.1 13989 129
0.1 13990 118
0.1 13991 135
0.1 13992 118
0.1 13993 135
0.1 13994 135
0.1 13995 135
0.1 13996 135
0.1 13997 135
0.1 13998 108
0.1 13999 124
0.1 14000 135
0.1 14001 135
0.1 14002 135
0.1 14003 135
0.1 14004 135
0.1 14005 135
0.1 14006 135
0.1 14007 118
0.1 14008 135
0.1 14009 113
0.1 14010 113
0.1 14011 113
0.1 14012 129
0.1 14013 113
0.1 14014 129
0.1 14015 135
0.1 14016 113
0.1 14017 135
0.1 14018 135
0.1 14019 135
0.1 14020 118
0.1 14021 135
0.1 14022 118
0.1 14023 135
0.1 14024 135
0.1 14025 124
0.1 14026 135
0.1 14027 135
0.1 14028 135
0.1 14029 135
0.1 14030 135
0.1 14031 113
0.1 14032 129
0.1 14033 113
0.1 14034 135
0.1 14035 135
0.1 14036 135
0.1 14037 113
0.1 14038 124
0.1 14039 113
0.1 14040 113
0.1 14041 113
0.1 14042 113
0.1 14043 129
0.1 14044 135
0.1 14045 118
0.1 14046 135
0.1 14047 135
0.1 14048 113
0.1 14049 135
0.1 14050 135
0.1 14051 118
0.1 14052 113
0.1 14053 113
0.1 14054 135
0.1 14055 135
0.1 14056 135
0.1 14057 118
0.1 14058 135
0.1 14059 135
0.1 14060 118
0.1 14061 135
0.1 14062 135
0.1 14063 113
0.1 14064 124
0.1 14065 135
0.1 14066 135
0.1 14067 113
0.1 14068 113
0.1 14069 113
0.1 14070 113
0.1 14071 124
0.1 14072 135
0.1 14073 135
0.1 14074 124
0.1 14075 135
0.1 14076 135
0.1 14077 135
0.1 14078 135
0.1 14079 113
0.1 14080 135
0.1 14081 135
0.1 14082 135
0.1 14083 135
0.1 14084 113
0.1 14085 113
0.1 14086 135
0.1 14087 135
0.1 14088 135
0.1 14089 135
0.1 14090 135
0.1 14091 135
0.1 14092 118
0.1 14093 135
0.1 14094 118
0.1 14095 135
0.1 14096 135
0.1 14097 135
0.1 14098 135
0.1 14099 135
0.1 14100 135
0.1 14101 118
0.1 14102 135
0.1 14103 135
0.1 14104 135
0.1 14105 135
0.1 14106 135
0.1 14107 135
0.1 14108 135
0.1 14109 135
0.1 14110 135
0.1 14111 135
0.1 14112 129
0.1 14113 129
0.1 14114 113
0.1 14115 113
0.1 14116 113
0.1 14117 124
0.1 14118 135
0.1 14119 135
0.1 14120 108
0.1 14121 108
0.1 14122 108
0.1 14123 124
0.1 14124 97
0.1 14125 97
0.1 14126 86
0.1 14127 102
0.1 14128 102
0.1 14129 102
0.1 14130 124
0.1 14131 135
0.1 14132 135
0.1 14133 135
0.1 14134 118
0.1 14135 118
0.1 14136 135
0.1 14137 135
0.1 14138 135
0.1 14139 135
0.1 14140 118
0.1 14141 135
0.1 14142 135
0.1 14143 113
0.1 14144 113
0.1 14145 135
0.1 14146 113
0.1 14147 113
0.1 14148 124
0.1 14149 118
0.1 14150 102
0.1 14151 86
0.1 14152 108
0.1 14153 124
0.1 14154 135
0.1 14155 113
0.1 14156 135
0.1 14157 135
0.1 14158 135
0.1 14159 135
0.1 14160 135
0.1 14161 135
0.1 14162 108
0.1 14163 124
0.1 14164 129
0.1 14165 113
0.1 14166 124
0.1 14167 113
0.1 14168 129
0.1 14169 118
0.1 14170 135
0.1 14171 135
0.1 14172 113
0.1 14173 113
0.1 14174 135
0.1 14175 135
0.1 14176 108
0.1 14177 108
0.1 14178 129
0.1 14179 124
0.1 14180 135
0.1 14181 135
0.1 14182 129
0.1 14183 113
0.1 14184 118
0.1 14185 135
0.1 14186 91
0.1 14187 113
0.1 14188 124
0.1 14189 118
0.1 14190 113
0.1 14191 113
0.1 14192 113
0.1 14193 129
0.1 14194 135
0.1 14195 135
0.1 14196 118
0.1 14197 108
0.1 14198 135
0.1 14199 135
0.1 14200 113
0.1 14201 124
0.1 14202 135
0.1 14203 135
0.1 14204 135
0.1 14205 135
0.1 14206 135
0.1 14207 129
0.1 14208 59
0.1 14209 81
0.1 14210 64
0.1 14211 81
0.1 14212 91
0.1 14213 113
0.1 14214 135
0.1 14215 135
0.1 14216 108
0.1 14217 113
0.1 14218 113
0.1 14219 135
0.1 14220 135
0.1 14221 135
0.1 14222 124
0.1 14223 135
0.1 14224 113
0.1 14225 129
0.1 14226 135
0.1 14227 135
0.1 14228 113
0.1 14229 113
0.1 14230 113
0.1 14231 129
0.1 14232 135
0.1 14233 135
0.1 14234 135
0.1 14235 135
0.1 14236 135
0.1 14237 135
0.1 14238 135
0.1 14239 135
0.1 14240 113
0.1 14241 135
0.1 14242 135
0.1 14243 113
0.1 14244 135
0.1 14245 135
0.1 14246 135
0.1 14247 129
0.1 14248 108
0.1 14249 118
0.1 14250 129
0.1 14251 118
0.1 14252 102
0.1 14253 124
0.1 14254 135
0.1 14255 129
0.1 14256 135
0.1 14257 135
0.1 14258 97
0.1 14259 97
0.1 14260 113
0.1 14261 129
0.1 14262 135
0.1 14263 118
0.1 14264 135
0.1 14265 108
0.1 14266 129
0.1 14267 113
0.1 14268 129
0.1 14269 124
0.1 14270 135
0.1 14271 135
0.1 14272 135
0.1 14273 135
0.1 14274 135
0.1 14275 135
0.1 14276 135
0.1 14277 118
0.1 14278 113
0.1 14279 118
0.1 14280 0
0.1 14281 0
0.1 14282 10
0.1 14283 0
0.1 14284 0
0.1 14285 0
0.1 14286 0
0.1 14287 0
0.1 14288 0
0.1 14289 16
0.1 14290 16
0.1 14291 37
0.1 14292 37
0.1 14293 59
0.1 14294 59
0.1 14295 75
0.1 14296 75
0.1 14297 86
0.1 14298 86
0.1 14299 102
0.1 14300 124
0.1 14301 135
0.1 14302 135
0.1 14303 135
0.1 14304 135
0.1 14305 113
0.1 14306 118
0.1 14307 118
0.1 14308 118
0.1 14309 135
0.1 14310 135
0.1 14311 135
0.1 14312 135
0.1 14313 135
0.1 14314 113
0.1 14315 129
0.1 14316 135
0.1 14317 135
0.1 14318 135
0.1 14319 113
0.1 14320 129
0.1 14321 135
0.1 14322 135
0.1 14323 135
0.1 14324 135
0.1 14325 118
0.1 14326 135
0.1 14327 113
0.1 14328 113
0.1 14329 129
0.1 14330 135
0.1 14331 135
0.1 14332 135
0.1 14333 135
0.1 14334 135
0.1 14335 113
0.1 14336 108
0.1 14337 108
0.1 14338 118
0.1 14339 135
0.1 14340 135
0.1 14341 113
0.1 14342 113
0.1 14343 135
0.1 14344 135
0.1 14345 135
0.1 14346 135
0.1 14347 113
0.1 14348 129
0.1 14349 135
0.1 14350 135
0.1 14351 135
0.1 14352 135
0.1 14353 135
0.1 14354 135
0.1 14355 135
0.1 14356 135
0.1 14357 113
0.1 14358 129
0.1 14359 135
0.1 14360 108
0.1 14361 124
0.1 14362 135
0.1 14363 135
0.1 14364 118
0.1 14365 113
0.1 14366 108
0.1 14367 118
0.1 14368 135
0.1 14369 135
0.1 14370 135
0.1 14371 135
0.1 14372 135
0.1 14373 135
0.1 14374 135
0.1 14375 108
0.1 14376 124
0.1 14377 135
0.1 14378 135
0.1 14379 113
0.1 14380 113
0.1 14381 124
0.1 14382 135
0.1 14383 113
0.1 14384 129
0.1 14385 135
0.1 14386 135
0.1 14387 135
0.1 14388 135
0.1 14389 118
0.1 14390 135
0.1 14391 135
0.1 14392 135
0.1 14393 135
0.1 14394 118
0.1 14395 135
0.1 14396 135
0.1 14397 135
0.1 14398 135
0.1 14399 135
0.1 14400 135
0.1 14401 135
0.1 14402 113
0.1 14403 129
0.1 14404 135
0.1 14405 135
0.1 14406 135
0.1 14407 135
0.1 14408 135
0.1 14409 118
0.1 14410 118
0.1 14411 135
0.1 14412 135
0.1 14413 135
0.1 14414 135
0.1 14415 135
0.1 14416 135
0.1 14417 113
0.1 14418 129
0.1 14419 135
0.1 14420 113
0.1 14421 118
0.1 14422 135
0.1 14423 135
0.1 14424 135
0.1 14425 135
0.1 14426 118
0.1 14427 118
0.1 14428 135
0.1 14429 135
0.1 14430 135
0.1 14431 113
0.1 14432 113
0.1 14433 135
0.1 14434 135
0.1 14435 135
0.1 14436 135
0.1 14437 135
0.1 14438 135
0.1 14439 118
0.1 14440 135
0.1 14441 118
0.1 14442 135
0.1 14443 135
0.1 14444 118
0.1 14445 135
0.1 14446 135
0.1 14447 113
0.1 14448 113
0.1 14449 113
0.1 14450 129
0.1 14451 135
0.1 14452 118
0.1 14453 135
0.1 14454 135
0.1 14455 135
0.1 14456 135
0.1 14457 135
0.1 14458 135
0.1 14459 135
0.1 14460 135
0.1 14461 135
0.1 14462 135
0.1 14463 135
0.1 14464 118
0.1 14465 135
0.1 14466 135
0.1 14467 135
0.1 14468 135
0.1 14469 135
0.1 14470 124
0.1 14471 135
0.1 14472 135
0.1 14473 135
0.1 14474 135
0.1 14475 135
0.1 14476 108
0.1 14477 129
0.1 14478 135
0.1 14479 135
0.1 14480 135
0.1 14481 113
0.1 14482 113
0.1 14483 129
0.1 14484 118
0.1 14485 135
0.1 14486 135
0.1 14487 135
0.1 14488 135
0.1 14489 113
0.1 14490 113
0.1 14491 113
0.1 14492 129
0.1 14493 135
0.1 14494 113
0.1 14495 113
0.1 14496 135
0.1 14497 135
0.1 14498 135
0.1 14499 118
0.1 14500 135
0.1 14501 135
0.1 14502 135
0.1 14503 135
0.1 14504 135
0.1 14505 135
0.1 14506 135
0.1 14507 108
0.1 14508 118
0.1 14509 135
0.1 14510 113
0.1 14511 135
0.1 14512 135
0.1 14513 135
0.1 14514 113
0.1 14515 129
0.1 14516 118
0.1 14517 135
0.1 14518 135
0.1 14519 135
0.1 14520 135
0.1 14521 135
0.1 14522 135
0.1 14523 118
0.1 14524 135
0.1 14525 135
0.1 14526 113
0.1 14527 113
0.1 14528 113
0.1 14529 135
0.1 14530 135
0.1 14531 135
0.1 14532 135
0.1 14533 135
0.1 14534 118
0.1 14535 113
0.1 14536 129
0.1 14537 135
0.1 14538 135
0.1 14539 108
0.1 14540 129
0.1 14541 113
0.1 14542 135
0.1 14543 118
0.1 14544 113
0.1 14545 129
0.1 14546 135
0.1 14547 135
0.1 14548 135
0.1 14549 135
0.1 14550 135
0.1 14551 135
0.1 14552 118
0.1 14553 113
0.1 14554 129
0.1 14555 113
0.1 14556 129
0.1 14557 135
0.1 14558 108
0.1 14559 135
0.1 14560 135
0.1 14561 124
0.1 14562 135
0.1 14563 135
0.1 14564 135
0.1 14565 135
0.1 14566 113
0.1 14567 129
0.1 14568 135
0.1 14569 135
0.1 14570 135
0.1 14571 135
0.1 14572 113
0.1 14573 129
0.1 14574 135
0.1 14575 135
0.1 14576 113
0.1 14577 108
0.1 14578 108
0.1 14579 108
0.1 14580 108
0.1 14581 118
0.1 14582 129
0.1 14583 135
0.1 14584 113
0.1 14585 135
0.1 14586 135
0.1 14587 135
0.1 14588 135
0.1 14589 135
0.1 14590 113
0.1 14591 124
0.1 14592 135
0.1 14593 113
0.1 14594 113
0.1 14595 135
0.1 14596 135
0.1 14597 118
0.1 14598 135
0.1 14599 135
0.1 14600 135
0.1 14601 102
0.1 14602 102
0.1 14603 118
0.1 14604 135
0.1 14605 118
0.1 14606 113
0.1 14607 118
0.1 14608 135
0.1 14609 118
0.1 14610 113
0.1 14611 129
0.1 14612 86
0.1 14613 113
0.1 14614 129
0.1 14615 135
0.1 14616 135
0.1 14617 135
0.1 14618 113
0.1 14619 135
0.1 14620 135
0.1 14621 108
0.1 14622 124
0.1 14623 135
0.1 14624 135
0.1 14625 118
0.1 14626 135
0.1 14627 135
0.1 14628 113
0.1 14629 135
0.1 14630 135
0.1 14631 135
0.1 14632 118
0.1 14633 113
0.1 14634 129
0.1 14635 135
0.1 14636 124
0.1 14637 135
0.1 14638 135
0.1 14639 124
0.1 14640 91
0.1 14641 113
0.1 14642 135
0.1 14643 135
0.1 14644 113
0.1 14645 113
0.1 14646 129
0.1 14647 135
0.1 14648 135
0.1 14649 113
0.1 14650 113
0.1 14651 113
0.1 14652 135
0.1 14653 118
0.1 14654 113
0.1 14655 129
0.1 14656 135
0.1 14657 135
0.1 14658 135
0.1 14659 135
0.1 14660 135
0.1 14661 118
0.1 14662 113
0.1 14663 135
0.1 14664 135
0.1 14665 135
0.1 14666 118
0.1 14667 135
0.1 14668 135
0.1 14669 135
0.1 14670 135
0.1 14671 135
0.1 14672 108
0.1 14673 129
0.1 14674 113
0.1 14675 129
0.1 14676 135
0.1 14677 135
0.1 14678 135
0.1 14679 124
0.1 14680 135
0.1 14681 118
0.1 14682 135
0.1 14683 113
0.1 14684 5
0.1 14685 5
0.1 14686 27
0.1 14687 0
0.1 14688 0
0.1 14689 0
0.1 14690 0
0.1 14691 0
0.1 14692 0
0.1 14693 0
0.1 14694 0
0.1 14695 21
0.1 14696 21
0.1 14697 0
0.1 14698 16
0.1 14699 37
0.1 14700 64
0.1 14701 81
0.1 14702 54
0.1 14703 70
0.1 14704 86
0.1 14705 86
0.1 14706 108
0.1 14707 108
0.1 14708 124
0.1 14709 113
0.1 14710 124
0.1 14711 129
0.1 14712 135
0.1 14713 135
0.1 14714 118
0.1 14715 135
0.1 14716 135
0.1 14717 113
0.1 14718 135
0.1 14719 118
0.1 14720 108
0.1 14721 108
0.1 14722 129
0.1 14723 135
0.1 14724 135
0.1 14725 118
0.1 14726 135
0.1 14727 129
0.1 14728 129
0.1 14729 118
0.1 14730 113
0.1 14731 113
0.1 14732 113
0.1 14733 129
0.1 14734 135
0.1 14735 118
0.1 14736 118
0.1 14737 129
0.1 14738 135
0.1 14739 135
0.1 14740 135
0.1 14741 135
0.1 14742 135
0.1 14743 135
0.1 14744 135
0.1 14745 135
0.1 14746 135
0.1 14747 135
0.1 14748 135
0.1 14749 135
0.1 14750 135
0.1 14751 135
0.1 14752 135
0.1 14753 108
0.1 14754 124
0.1 14755 113
0.1 14756 108
0.1 14757 135
0.1 14758 135
0.1 14759 118
0.1 14760 113
0.1 14761 129
0.1 14762 118
0.1 14763 124
0.1 14764 118
0.1 14765 113
0.1 14766 129
0.1 14767 118
0.1 14768 135
0.1 14769 124
0.1 14770 113
0.1 14771 113
0.1 14772 113
0.1 14773 135
0.1 14774 113
0.1 14775 118
0.1 14776 135
0.1 14777 118
0.1 14778 118
0.1 14779 135
0.1 14780 135
0.1 14781 135
0.1 14782 135
0.1 14783 135
0.1 14784 135
0.1 14785 135
0.1 14786 135
0.1 14787 135
0.1 14788 135
0.1 14789 135
0.1 14790 97
0.1 14791 97
0.1 14792 113
0.1 14793 113
0.1 14794 135
0.1 14795 135
0.1 14796 135
0.1 14797 135
0.1 14798 135
0.1 14799 135
0.1 14800 118
0.1 14801 118
0.1 14802 135
0.1 14803 135
0.1 14804 118
0.1 14805 129
0.1 14806 113
0.1 14807 113
0.1 14808 135
0.1 14809 113
0.1 14810 135
0.1 14811 135
0.1 14812 135
0.1 14813 135
0.1 14814 135
0.1 14815 135
0.1 14816 108
0.1 14817 108
0.1 14818 108
0.1 14819 118
0.1 14820 118
0.1 14821 129
0.1 14822 113
0.1 14823 113
0.1 14824 129
0.1 14825 118
0.1 14826 135
0.1 14827 135
0.1 14828 135
0.1 14829 135
0.1 14830 124
0.1 14831 135
0.1 14832 135
0.1 14833 113
0.1 14834 135
0.1 14835 135
0.1 14836 113
0.1 14837 113
0.1 14838 135
0.1 14839 129
0.1 14840 129
0.1 14841 118
0.1 14842 135
0.1 14843 124
0.1 14844 135
0.1 14845 108
0.1 14846 129
0.1 14847 118
0.1 14848 113
0.1 14849 113
0.1 14850 129
0.1 14851 113
0.1 14852 135
0.1 14853 113
0.1 14854 135
0.1 14855 135
0.1 14856 113
0.1 14857 135
0.1 14858 135
0.1 14859 135
0.1 14860 135
0.1 14861 135
0.1 14862 135
0.1 14863 118
0.1 14864 113
0.1 14865 129
0.1 14866 135
0.1 14867 113
0.1 14868 135
0.1 14869 108
0.1 14870 124
0.1 14871 124
0.1 14872 108
0.1 14873 118
0.1 14874 135
0.1 14875 135
0.1 14876 135
0.1 14877 135
0.1 14878 113
0.1 14879 129
0.1 14880 135
0.1 14881 102
0.1 14882 102
0.1 14883 102
0.1 14884 118
0.1 14885 135
0.1 14886 118
0.1 14887 129
0.1 14888 135
0.1 14889 135
0.1 14890 118
0.1 14891 135
0.1 14892 135
0.1 14893 135
0.1 14894 124
0.1 14895 113
0.1 14896 129
0.1 14897 113
0.1 14898 113
0.1 14899 97
0.1 14900 118
0.1 14901 108
0.1 14902 108
0.1 14903 108
0.1 14904 108
0.1 14905 129
0.1 14906 118
0.1 14907 135
0.1 14908 135
0.1 14909 135
0.1 14910 135
0.1 14911 135
0.1 14912 135
0.1 14913 135
0.1 14914 118
0.1 14915 135
0.1 14916 135
0.1 14917 135
0.1 14918 135
0.1 14919 135
0.1 14920 135
0.1 14921 135
0.1 14922 135
0.1 14923 135
0.1 14924 118
0.1 14925 135
0.1 14926 135
0.1 14927 118
0.1 14928 135
0.1 14929 135
0.1 14930 135
0.1 14931 135
0.1 14932 97
0.1 14933 113
0.1 14934 113
0.1 14935 129
0.1 14936 118
0.1 14937 135
0.1 14938 135
0.1 14939 135
0.1 14940 118
0.1 14941 113
0.1 14942 135
0.1 14943 135
0.1 14944 135
0.1 14945 135
0.1 14946 118
0.1 14947 135
0.1 14948 135
0.1 14949 135
0.1 14950 135
0.1 14951 135
0.1 14952 113
0.1 14953 113
0.1 14954 91
0.1 14955 113
0.1 14956 135
0.1 14957 113
0.1 14958 135
0.1 14959 118
0.1 14960 135
0.1 14961 135
0.1 14962 118
0.1 14963 135
0.1 14964 135
0.1 14965 135
0.1 14966 113
0.1 14967 135
0.1 14968 135
0.1 14969 135
0.1 14970 135
0.1 14971 135
0.1 14972 118
0.1 14973 135
0.1 14974 118
0.1 14975 135
0.1 14976 113
0.1 14977 129
0.1 14978 135
0.1 14979 135
0.1 14980 135
0.1 14981 118
0.1 14982 97
0.1 14983 118
0.1 14984 108
0.1 14985 108
0.1 14986 124
0.1 14987 135
0.1 14988 135
0.1 14989 135
0.1 14990 108
0.1 14991 129
0.1 14992 135
0.1 14993 135
0.1 14994 135
0.1 14995 135
0.1 14996 135
0.1 14997 124
0.1 14998 108
0.1 14999 118
0.1 15000 135
