0.3 10001 0
0.3 10002 0
0.3 10003 5
0.3 10004 10
0.3 10005 0
0.3 10006 5
0.3 10007 10
0.3 10008 21
0.3 10009 21
0.3 10010 21
0.3 10011 21
0.3 10012 10
0.3 10013 21
0.3 10014 27
0.3 10015 32
0.3 10016 43
0.3 10017 43
0.3 10018 43
0.3 10019 43
0.3 10020 43
0.3 10021 43
0.3 10022 48
0.3 10023 59
0.3 10024 64
0.3 10025 75
0.3 10026 81
0.3 10027 81
0.3 10028 81
0.3 10029 102
0.3 10030 102
0.3 10031 102
0.3 10032 108
0.3 10033 108
0.3 10034 108
0.3 10035 118
0.3 10036 124
0.3 10037 135
0.3 10038 118
0.3 10039 91
0.3 10040 86
0.3 10041 97
0.3 10042 102
0.3 10043 102
0.3 10044 108
0.3 10045 108
0.3 10046 108
0.3 10047 124
0.3 10048 118
0.3 10049 118
0.3 10050 118
0.3 10051 124
0.3 10052 124
0.3 10053 108
0.3 10054 5
0.3 10055 0
0.3 10056 0
0.3 10057 0
0.3 10058 0
0.3 10059 0
0.3 10060 0
0.3 10061 0
0.3 10062 0
0.3 10063 5
0.3 10064 0
0.3 10065 0
0.3 10066 10
0.3 10067 10
0.3 10068 16
0.3 10069 10
0.3 10070 16
0.3 10071 0
0.3 10072 5
0.3 10073 5
0.3 10074 0
0.3 10075 5
0.3 10076 5
0.3 10077 21
0.3 10078 32
0.3 10079 43
0.3 10080 54
0.3 10081 16
0.3 10082 16
0.3 10083 21
0.3 10084 0
0.3 10085 0
0.3 10086 10
0.3 10087 5
0.3 10088 5
0.3 10089 0
0.3 10090 5
0.3 10091 0
0.3 10092 0
0.3 10093 5
0.3 10094 5
0.3 10095 5
0.3 10096 0
0.3 10097 5
0.3 10098 10
0.3 10099 10
0.3 10100 0
0.3 10101 0
0.3 10102 5
0.3 10103 16
0.3 10104 21
0.3 10105 10
0.3 10106 10
0.3 10107 10
0.3 10108 10
0.3 10109 21
0.3 10110 27
0.3 10111 32
0.3 10112 32
0.3 10113 48
0.3 10114 48
0.3 10115 48
0.3 10116 10
0.3 10117 10
0.3 10118 5
0.3 10119 5
0.3 10120 16
0.3 10121 16
0.3 10122 32
0.3 10123 43
0.3 10124 43
0.3 10125 37
0.3 10126 43
0.3 10127 48
0.3 10128 43
0.3 10129 43
0.3 10130 43
0.3 10131 43
0.3 10132 21
0.3 10133 0
0.3 10134 0
0.3 10135 0
0.3 10136 16
0.3 10137 5
0.3 10138 16
0.3 10139 16
0.3 10140 21
0.3 10141 32
0.3 10142 37
0.3 10143 27
0.3 10144 0
0.3 10145 0
0.3 10146 5
0.3 10147 5
0.3 10148 0
0.3 10149 5
0.3 10150 10
0.3 10151 21
0.3 10152 21
0.3 10153 21
0.3 10154 0
0.3 10155 0
0.3 10156 5
0.3 10157 0
0.3 10158 0
0.3 10159 5
0.3 10160 0
0.3 10161 5
0.3 10162 5
0.3 10163 0
0.3 10164 0
0.3 10165 0
0.3 10166 10
0.3 10167 10
0.3 10168 10
0.3 10169 0
0.3 10170 5
0.3 10171 5
0.3 10172 16
0.3 10173 16
0.3 10174 21
0.3 10175 10
0.3 10176 10
0.3 10177 21
0.3 10178 21
0.3 10179 27
0.3 10180 43
0.3 10181 43
0.3 10182 43
0.3 10183 48
0.3 10184 59
0.3 10185 64
0.3 10186 81
0.3 10187 91
0.3 10188 97
0.3 10189 97
0.3 10190 81
0.3 10191 81
0.3 10192 70
0.3 10193 70
0.3 10194 75
0.3 10195 81
0.3 10196 86
0.3 10197 86
0.3 10198 91
0.3 10199 91
0.3 10200 91
0.3 10201 102
0.3 10202 48
0.3 10203 0
0.3 10204 5
0.3 10205 0
0.3 10206 5
0.3 10207 5
0.3 10208 0
0.3 10209 5
0.3 10210 10
0.3 10211 21
0.3 10212 27
0.3 10213 27
0.3 10214 0
0.3 10215 0
0.3 10216 5
0.3 10217 0
0.3 10218 0
0.3 10219 0
0.3 10220 0
0.3 10221 0
0.3 10222 0
0.3 10223 0
0.3 10224 10
0.3 10225 21
0.3 10226 21
0.3 10227 32
0.3 10228 32
0.3 10229 37
0.3 10230 21
0.3 10231 21
0.3 10232 21
0.3 10233 32
0.3 10234 27
0.3 10235 37
0.3 10236 32
0.3 10237 43
0.3 10238 54
0.3 10239 54
0.3 10240 59
0.3 10241 54
0.3 10242 59
0.3 10243 59
0.3 10244 75
0.3 10245 81
0.3 10246 97
0.3 10247 108
0.3 10248 108
0.3 10249 113
0.3 10250 108
0.3 10251 113
0.3 10252 108
0.3 10253 108
0.3 10254 108
0.3 10255 108
0.3 10256 27
0.3 10257 0
0.3 10258 0
0.3 10259 0
0.3 10260 0
0.3 10261 0
0.3 10262 0
0.3 10263 5
0.3 10264 5
0.3 10265 5
0.3 10266 21
0.3 10267 0
0.3 10268 0
0.3 10269 10
0.3 10270 10
0.3 10271 16
0.3 10272 21
0.3 10273 32
0.3 10274 43
0.3 10275 54
0.3 10276 54
0.3 10277 21
0.3 10278 0
0.3 10279 5
0.3 10280 5
0.3 10281 5
0.3 10282 0
0.3 10283 0
0.3 10284 5
0.3 10285 10
0.3 10286 10
0.3 10287 16
0.3 10288 27
0.3 10289 32
0.3 10290 32
0.3 10291 32
0.3 10292 43
0.3 10293 37
0.3 10294 16
0.3 10295 27
0.3 10296 43
0.3 10297 48
0.3 10298 59
0.3 10299 59
0.3 10300 70
0.3 10301 70
0.3 10302 27
0.3 10303 0
0.3 10304 0
0.3 10305 0
0.3 10306 0
0.3 10307 10
0.3 10308 0
0.3 10309 5
0.3 10310 0
0.3 10311 0
0.3 10312 0
0.3 10313 0
0.3 10314 5
0.3 10315 5
0.3 10316 0
0.3 10317 0
0.3 10318 16
0.3 10319 0
0.3 10320 0
0.3 10321 0
0.3 10322 5
0.3 10323 0
0.3 10324 0
0.3 10325 0
0.3 10326 0
0.3 10327 0
0.3 10328 5
0.3 10329 0
0.3 10330 0
0.3 10331 0
0.3 10332 5
0.3 10333 0
0.3 10334 5
0.3 10335 16
0.3 10336 21
0.3 10337 21
0.3 10338 21
0.3 10339 27
0.3 10340 27
0.3 10341 37
0.3 10342 10
0.3 10343 0
0.3 10344 5
0.3 10345 5
0.3 10346 5
0.3 10347 5
0.3 10348 10
0.3 10349 21
0.3 10350 10
0.3 10351 5
0.3 10352 10
0.3 10353 10
0.3 10354 10
0.3 10355 21
0.3 10356 27
0.3 10357 32
0.3 10358 43
0.3 10359 37
0.3 10360 27
0.3 10361 37
0.3 10362 21
0.3 10363 5
0.3 10364 5
0.3 10365 0
0.3 10366 0
0.3 10367 0
0.3 10368 0
0.3 10369 0
0.3 10370 0
0.3 10371 0
0.3 10372 5
0.3 10373 5
0.3 10374 16
0.3 10375 21
0.3 10376 27
0.3 10377 27
0.3 10378 27
0.3 10379 32
0.3 10380 37
0.3 10381 37
0.3 10382 43
0.3 10383 54
0.3 10384 54
0.3 10385 70
0.3 10386 81
0.3 10387 81
0.3 10388 81
0.3 10389 86
0.3 10390 97
0.3 10391 108
0.3 10392 118
0.3 10393 118
0.3 10394 27
0.3 10395 0
0.3 10396 5
0.3 10397 0
0.3 10398 10
0.3 10399 5
0.3 10400 10
0.3 10401 5
0.3 10402 5
0.3 10403 16
0.3 10404 21
0.3 10405 21
0.3 10406 32
0.3 10407 16
0.3 10408 0
0.3 10409 0
0.3 10410 10
0.3 10411 5
0.3 10412 10
0.3 10413 0
0.3 10414 10
0.3 10415 10
0.3 10416 10
0.3 10417 5
0.3 10418 5
0.3 10419 16
0.3 10420 16
0.3 10421 16
0.3 10422 16
0.3 10423 16
0.3 10424 27
0.3 10425 27
0.3 10426 43
0.3 10427 48
0.3 10428 54
0.3 10429 16
0.3 10430 10
0.3 10431 5
0.3 10432 0
0.3 10433 5
0.3 10434 5
0.3 10435 10
0.3 10436 5
0.3 10437 10
0.3 10438 10
0.3 10439 10
0.3 10440 10
0.3 10441 10
0.3 10442 27
0.3 10443 27
0.3 10444 32
0.3 10445 21
0.3 10446 21
0.3 10447 27
0.3 10448 21
0.3 10449 32
0.3 10450 0
0.3 10451 0
0.3 10452 5
0.3 10453 10
0.3 10454 10
0.3 10455 10
0.3 10456 10
0.3 10457 10
0.3 10458 10
0.3 10459 10
0.3 10460 16
0.3 10461 16
0.3 10462 21
0.3 10463 37
0.3 10464 16
0.3 10465 16
0.3 10466 16
0.3 10467 32
0.3 10468 32
0.3 10469 48
0.3 10470 54
0.3 10471 37
0.3 10472 27
0.3 10473 27
0.3 10474 37
0.3 10475 37
0.3 10476 43
0.3 10477 43
0.3 10478 43
0.3 10479 43
0.3 10480 54
0.3 10481 64
0.3 10482 70
0.3 10483 81
0.3 10484 32
0.3 10485 16
0.3 10486 16
0.3 10487 16
0.3 10488 27
0.3 10489 27
0.3 10490 27
0.3 10491 37
0.3 10492 48
0.3 10493 59
0.3 10494 59
0.3 10495 70
0.3 10496 70
0.3 10497 81
0.3 10498 91
0.3 10499 102
0.3 10500 118
0.3 10501 10
0.3 10502 16
0.3 10503 0
0.3 10504 0
0.3 10505 0
0.3 10506 0
0.3 10507 5
0.3 10508 0
0.3 10509 0
0.3 10510 0
0.3 10511 0
0.3 10512 0
0.3 10513 0
0.3 10514 0
0.3 10515 5
0.3 10516 5
0.3 10517 5
0.3 10518 10
0.3 10519 21
0.3 10520 27
0.3 10521 27
0.3 10522 37
0.3 10523 37
0.3 10524 43
0.3 10525 37
0.3 10526 32
0.3 10527 32
0.3 10528 37
0.3 10529 37
0.3 10530 5
0.3 10531 5
0.3 10532 21
0.3 10533 5
0.3 10534 0
0.3 10535 0
0.3 10536 0
0.3 10537 0
0.3 10538 5
0.3 10539 5
0.3 10540 5
0.3 10541 10
0.3 10542 10
0.3 10543 0
0.3 10544 0
0.3 10545 0
0.3 10546 0
0.3 10547 0
0.3 10548 5
0.3 10549 5
0.3 10550 16
0.3 10551 16
0.3 10552 21
0.3 10553 27
0.3 10554 32
0.3 10555 16
0.3 10556 21
0.3 10557 32
0.3 10558 37
0.3 10559 48
0.3 10560 64
0.3 10561 64
0.3 10562 59
0.3 10563 0
0.3 10564 0
0.3 10565 0
0.3 10566 5
0.3 10567 10
0.3 10568 0
0.3 10569 5
0.3 10570 5
0.3 10571 5
0.3 10572 0
0.3 10573 0
0.3 10574 0
0.3 10575 10
0.3 10576 0
0.3 10577 5
0.3 10578 10
0.3 10579 0
0.3 10580 0
0.3 10581 0
0.3 10582 0
0.3 10583 10
0.3 10584 21
0.3 10585 21
0.3 10586 10
0.3 10587 16
0.3 10588 10
0.3 10589 5
0.3 10590 10
0.3 10591 10
0.3 10592 16
0.3 10593 16
0.3 10594 32
0.3 10595 43
0.3 10596 43
0.3 10597 43
0.3 10598 43
0.3 10599 54
0.3 10600 59
0.3 10601 70
0.3 10602 70
0.3 10603 64
0.3 10604 70
0.3 10605 59
0.3 10606 59
0.3 10607 59
0.3 10608 70
0.3 10609 81
0.3 10610 81
0.3 10611 81
0.3 10612 81
0.3 10613 86
0.3 10614 97
0.3 10615 97
0.3 10616 113
0.3 10617 113
0.3 10618 129
0.3 10619 135
0.3 10620 135
0.3 10621 135
0.3 10622 135
0.3 10623 129
0.3 10624 135
0.3 10625 118
0.3 10626 124
0.3 10627 129
0.3 10628 129
0.3 10629 97
0.3 10630 0
0.3 10631 0
0.3 10632 10
0.3 10633 21
0.3 10634 21
0.3 10635 10
0.3 10636 5
0.3 10637 5
0.3 10638 0
0.3 10639 5
0.3 10640 5
0.3 10641 5
0.3 10642 0
0.3 10643 10
0.3 10644 16
0.3 10645 16
0.3 10646 21
0.3 10647 27
0.3 10648 21
0.3 10649 0
0.3 10650 0
0.3 10651 0
0.3 10652 5
0.3 10653 0
0.3 10654 0
0.3 10655 5
0.3 10656 0
0.3 10657 5
0.3 10658 10
0.3 10659 16
0.3 10660 27
0.3 10661 5
0.3 10662 5
0.3 10663 5
0.3 10664 0
0.3 10665 0
0.3 10666 5
0.3 10667 5
0.3 10668 16
0.3 10669 21
0.3 10670 37
0.3 10671 32
0.3 10672 16
0.3 10673 16
0.3 10674 21
0.3 10675 27
0.3 10676 32
0.3 10677 43
0.3 10678 21
0.3 10679 16
0.3 10680 10
0.3 10681 10
0.3 10682 10
0.3 10683 10
0.3 10684 16
0.3 10685 16
0.3 10686 21
0.3 10687 37
0.3 10688 0
0.3 10689 0
0.3 10690 10
0.3 10691 16
0.3 10692 5
0.3 10693 10
0.3 10694 0
0.3 10695 0
0.3 10696 0
0.3 10697 0
0.3 10698 5
0.3 10699 5
0.3 10700 5
0.3 10701 5
0.3 10702 5
0.3 10703 16
0.3 10704 10
0.3 10705 0
0.3 10706 0
0.3 10707 0
0.3 10708 0
0.3 10709 0
0.3 10710 5
0.3 10711 0
0.3 10712 0
0.3 10713 10
0.3 10714 16
0.3 10715 16
0.3 10716 21
0.3 10717 32
0.3 10718 43
0.3 10719 48
0.3 10720 54
0.3 10721 48
0.3 10722 54
0.3 10723 54
0.3 10724 54
0.3 10725 64
0.3 10726 64
0.3 10727 64
0.3 10728 64
0.3 10729 64
0.3 10730 75
0.3 10731 86
0.3 10732 86
0.3 10733 86
0.3 10734 86
0.3 10735 86
0.3 10736 91
0.3 10737 86
0.3 10738 97
0.3 10739 91
0.3 10740 91
0.3 10741 54
0.3 10742 0
0.3 10743 5
0.3 10744 5
0.3 10745 16
0.3 10746 10
0.3 10747 10
0.3 10748 10
0.3 10749 10
0.3 10750 10
0.3 10751 21
0.3 10752 10
0.3 10753 16
0.3 10754 21
0.3 10755 21
0.3 10756 27
0.3 10757 27
0.3 10758 37
0.3 10759 48
0.3 10760 21
0.3 10761 0
0.3 10762 5
0.3 10763 0
0.3 10764 0
0.3 10765 0
0.3 10766 0
0.3 10767 0
0.3 10768 0
0.3 10769 0
0.3 10770 0
0.3 10771 0
0.3 10772 0
0.3 10773 5
0.3 10774 10
0.3 10775 5
0.3 10776 16
0.3 10777 10
0.3 10778 0
0.3 10779 5
0.3 10780 16
0.3 10781 10
0.3 10782 0
0.3 10783 5
0.3 10784 10
0.3 10785 10
0.3 10786 16
0.3 10787 27
0.3 10788 37
0.3 10789 37
0.3 10790 37
0.3 10791 32
0.3 10792 32
0.3 10793 32
0.3 10794 32
0.3 10795 32
0.3 10796 54
0.3 10797 54
0.3 10798 59
0.3 10799 59
0.3 10800 64
0.3 10801 64
0.3 10802 70
0.3 10803 81
0.3 10804 86
0.3 10805 86
0.3 10806 86
0.3 10807 86
0.3 10808 91
0.3 10809 91
0.3 10810 91
0.3 10811 91
0.3 10812 91
0.3 10813 97
0.3 10814 97
0.3 10815 113
0.3 10816 118
0.3 10817 124
0.3 10818 135
0.3 10819 124
0.3 10820 124
0.3 10821 118
0.3 10822 129
0.3 10823 113
0.3 10824 118
0.3 10825 135
0.3 10826 124
0.3 10827 113
0.3 10828 48
0.3 10829 0
0.3 10830 0
0.3 10831 0
0.3 10832 0
0.3 10833 0
0.3 10834 0
0.3 10835 5
0.3 10836 16
0.3 10837 16
0.3 10838 16
0.3 10839 21
0.3 10840 27
0.3 10841 16
0.3 10842 10
0.3 10843 5
0.3 10844 0
0.3 10845 0
0.3 10846 0
0.3 10847 0
0.3 10848 0
0.3 10849 0
0.3 10850 5
0.3 10851 0
0.3 10852 5
0.3 10853 0
0.3 10854 0
0.3 10855 5
0.3 10856 10
0.3 10857 21
0.3 10858 10
0.3 10859 0
0.3 10860 0
0.3 10861 0
0.3 10862 10
0.3 10863 10
0.3 10864 27
0.3 10865 37
0.3 10866 43
0.3 10867 43
0.3 10868 43
0.3 10869 43
0.3 10870 59
0.3 10871 70
0.3 10872 64
0.3 10873 27
0.3 10874 27
0.3 10875 32
0.3 10876 32
0.3 10877 37
0.3 10878 48
0.3 10879 48
0.3 10880 64
0.3 10881 37
0.3 10882 16
0.3 10883 0
0.3 10884 0
0.3 10885 5
0.3 10886 16
0.3 10887 10
0.3 10888 10
0.3 10889 10
0.3 10890 10
0.3 10891 16
0.3 10892 27
0.3 10893 37
0.3 10894 43
0.3 10895 48
0.3 10896 48
0.3 10897 59
0.3 10898 64
0.3 10899 64
0.3 10900 37
0.3 10901 21
0.3 10902 21
0.3 10903 21
0.3 10904 27
0.3 10905 27
0.3 10906 48
0.3 10907 43
0.3 10908 37
0.3 10909 43
0.3 10910 37
0.3 10911 27
0.3 10912 27
0.3 10913 27
0.3 10914 37
0.3 10915 48
0.3 10916 59
0.3 10917 59
0.3 10918 70
0.3 10919 75
0.3 10920 70
0.3 10921 16
0.3 10922 0
0.3 10923 0
0.3 10924 0
0.3 10925 5
0.3 10926 0
0.3 10927 5
0.3 10928 5
0.3 10929 5
0.3 10930 0
0.3 10931 5
0.3 10932 0
0.3 10933 0
0.3 10934 0
0.3 10935 0
0.3 10936 5
0.3 10937 0
0.3 10938 0
0.3 10939 0
0.3 10940 0
0.3 10941 0
0.3 10942 5
0.3 10943 10
0.3 10944 16
0.3 10945 21
0.3 10946 21
0.3 10947 5
0.3 10948 0
0.3 10949 0
0.3 10950 0
0.3 10951 0
0.3 10952 5
0.3 10953 16
0.3 10954 16
0.3 10955 0
0.3 10956 5
0.3 10957 10
0.3 10958 5
0.3 10959 5
0.3 10960 5
0.3 10961 0
0.3 10962 0
0.3 10963 0
0.3 10964 5
0.3 10965 10
0.3 10966 0
0.3 10967 0
0.3 10968 0
0.3 10969 5
0.3 10970 0
0.3 10971 0
0.3 10972 0
0.3 10973 5
0.3 10974 5
0.3 10975 10
0.3 10976 0
0.3 10977 5
0.3 10978 0
0.3 10979 5
0.3 10980 10
0.3 10981 21
0.3 10982 21
0.3 10983 27
0.3 10984 27
0.3 10985 27
0.3 10986 32
0.3 10987 43
0.3 10988 48
0.3 10989 48
0.3 10990 64
0.3 10991 75
0.3 10992 91
0.3 10993 91
0.3 10994 81
0.3 10995 70
0.3 10996 70
0.3 10997 70
0.3 10998 75
0.3 10999 81
0.3 11000 59
0.3 11001 0
0.3 11002 0
0.3 11003 5
0.3 11004 10
0.3 11005 0
0.3 11006 0
0.3 11007 5
0.3 11008 5
0.3 11009 5
0.3 11010 0
0.3 11011 0
0.3 11012 0
0.3 11013 16
0.3 11014 5
0.3 11015 10
0.3 11016 0
0.3 11017 0
0.3 11018 5
0.3 11019 10
0.3 11020 0
0.3 11021 0
0.3 11022 0
0.3 11023 5
0.3 11024 5
0.3 11025 0
0.3 11026 5
0.3 11027 5
0.3 11028 0
0.3 11029 0
0.3 11030 0
0.3 11031 0
0.3 11032 0
0.3 11033 0
0.3 11034 0
0.3 11035 0
0.3 11036 10
0.3 11037 5
0.3 11038 10
0.3 11039 0
0.3 11040 0
0.3 11041 10
0.3 11042 27
0.3 11043 27
0.3 11044 37
0.3 11045 32
0.3 11046 37
0.3 11047 32
0.3 11048 21
0.3 11049 16
0.3 11050 21
0.3 11051 32
0.3 11052 32
0.3 11053 43
0.3 11054 48
0.3 11055 32
0.3 11056 10
0.3 11057 0
0.3 11058 0
0.3 11059 0
0.3 11060 0
0.3 11061 0
0.3 11062 0
0.3 11063 0
0.3 11064 5
0.3 11065 0
0.3 11066 0
0.3 11067 0
0.3 11068 0
0.3 11069 0
0.3 11070 5
0.3 11071 10
0.3 11072 10
0.3 11073 10
0.3 11074 16
0.3 11075 0
0.3 11076 0
0.3 11077 0
0.3 11078 5
0.3 11079 0
0.3 11080 0
0.3 11081 5
0.3 11082 10
0.3 11083 5
0.3 11084 16
0.3 11085 16
0.3 11086 5
0.3 11087 16
0.3 11088 32
0.3 11089 43
0.3 11090 27
0.3 11091 32
0.3 11092 43
0.3 11093 21
0.3 11094 5
0.3 11095 5
0.3 11096 0
0.3 11097 0
0.3 11098 0
0.3 11099 16
0.3 11100 10
0.3 11101 16
0.3 11102 16
0.3 11103 21
0.3 11104 27
0.3 11105 43
0.3 11106 59
0.3 11107 70
0.3 11108 54
0.3 11109 54
0.3 11110 59
0.3 11111 70
0.3 11112 75
0.3 11113 75
0.3 11114 75
0.3 11115 75
0.3 11116 75
0.3 11117 16
0.3 11118 0
0.3 11119 0
0.3 11120 0
0.3 11121 0
0.3 11122 0
0.3 11123 0
0.3 11124 0
0.3 11125 0
0.3 11126 10
0.3 11127 10
0.3 11128 10
0.3 11129 5
0.3 11130 5
0.3 11131 0
0.3 11132 0
0.3 11133 5
0.3 11134 5
0.3 11135 10
0.3 11136 21
0.3 11137 16
0.3 11138 16
0.3 11139 27
0.3 11140 37
0.3 11141 5
0.3 11142 0
0.3 11143 0
0.3 11144 5
0.3 11145 0
0.3 11146 0
0.3 11147 5
0.3 11148 0
0.3 11149 0
0.3 11150 0
0.3 11151 0
0.3 11152 10
0.3 11153 16
0.3 11154 27
0.3 11155 32
0.3 11156 43
0.3 11157 48
0.3 11158 37
0.3 11159 37
0.3 11160 37
0.3 11161 43
0.3 11162 54
0.3 11163 64
0.3 11164 70
0.3 11165 75
0.3 11166 81
0.3 11167 97
0.3 11168 91
0.3 11169 81
0.3 11170 59
0.3 11171 21
0.3 11172 16
0.3 11173 21
0.3 11174 0
0.3 11175 5
0.3 11176 16
0.3 11177 16
0.3 11178 27
0.3 11179 21
0.3 11180 32
0.3 11181 5
0.3 11182 5
0.3 11183 5
0.3 11184 5
0.3 11185 5
0.3 11186 5
0.3 11187 10
0.3 11188 16
0.3 11189 21
0.3 11190 32
0.3 11191 37
0.3 11192 43
0.3 11193 43
0.3 11194 48
0.3 11195 59
0.3 11196 59
0.3 11197 75
0.3 11198 81
0.3 11199 10
0.3 11200 0
0.3 11201 0
0.3 11202 0
0.3 11203 0
0.3 11204 0
0.3 11205 5
0.3 11206 0
0.3 11207 0
0.3 11208 0
0.3 11209 0
0.3 11210 0
0.3 11211 10
0.3 11212 5
0.3 11213 5
0.3 11214 10
0.3 11215 0
0.3 11216 5
0.3 11217 16
0.3 11218 10
0.3 11219 16
0.3 11220 16
0.3 11221 27
0.3 11222 27
0.3 11223 27
0.3 11224 43
0.3 11225 37
0.3 11226 16
0.3 11227 5
0.3 11228 0
0.3 11229 0
0.3 11230 0
0.3 11231 0
0.3 11232 0
0.3 11233 0
0.3 11234 0
0.3 11235 0
0.3 11236 16
0.3 11237 16
0.3 11238 27
0.3 11239 37
0.3 11240 43
0.3 11241 48
0.3 11242 48
0.3 11243 48
0.3 11244 64
0.3 11245 64
0.3 11246 70
0.3 11247 70
0.3 11248 75
0.3 11249 75
0.3 11250 81
0.3 11251 81
0.3 11252 86
0.3 11253 86
0.3 11254 86
0.3 11255 97
0.3 11256 97
0.3 11257 108
0.3 11258 124
0.3 11259 135
0.3 11260 135
0.3 11261 129
0.3 11262 135
0.3 11263 135
0.3 11264 135
0.3 11265 135
0.3 11266 124
0.3 11267 135
0.3 11268 135
0.3 11269 135
0.3 11270 135
0.3 11271 135
0.3 11272 135
0.3 11273 135
0.3 11274 129
0.3 11275 135
0.3 11276 135
0.3 11277 135
0.3 11278 129
0.3 11279 135
0.3 11280 135
0.3 11281 16
0.3 11282 0
0.3 11283 0
0.3 11284 0
0.3 11285 0
0.3 11286 0
0.3 11287 0
0.3 11288 0
0.3 11289 0
0.3 11290 0
0.3 11291 5
0.3 11292 10
0.3 11293 21
0.3 11294 32
0.3 11295 37
0.3 11296 37
0.3 11297 37
0.3 11298 5
0.3 11299 5
0.3 11300 5
0.3 11301 5
0.3 11302 0
0.3 11303 0
0.3 11304 5
0.3 11305 5
0.3 11306 0
0.3 11307 5
0.3 11308 0
0.3 11309 5
0.3 11310 0
0.3 11311 0
0.3 11312 5
0.3 11313 10
0.3 11314 10
0.3 11315 10
0.3 11316 0
0.3 11317 5
0.3 11318 0
0.3 11319 0
0.3 11320 0
0.3 11321 0
0.3 11322 0
0.3 11323 0
0.3 11324 10
0.3 11325 0
0.3 11326 0
0.3 11327 0
0.3 11328 5
0.3 11329 21
0.3 11330 5
0.3 11331 0
0.3 11332 0
0.3 11333 5
0.3 11334 10
0.3 11335 0
0.3 11336 0
0.3 11337 5
0.3 11338 5
0.3 11339 5
0.3 11340 10
0.3 11341 21
0.3 11342 5
0.3 11343 10
0.3 11344 10
0.3 11345 16
0.3 11346 21
0.3 11347 21
0.3 11348 27
0.3 11349 37
0.3 11350 37
0.3 11351 32
0.3 11352 5
0.3 11353 5
0.3 11354 5
0.3 11355 5
0.3 11356 5
0.3 11357 0
0.3 11358 5
0.3 11359 0
0.3 11360 0
0.3 11361 0
0.3 11362 0
0.3 11363 5
0.3 11364 0
0.3 11365 0
0.3 11366 0
0.3 11367 10
0.3 11368 0
0.3 11369 5
0.3 11370 5
0.3 11371 5
0.3 11372 5
0.3 11373 5
0.3 11374 5
0.3 11375 10
0.3 11376 10
0.3 11377 21
0.3 11378 21
0.3 11379 27
0.3 11380 37
0.3 11381 43
0.3 11382 48
0.3 11383 48
0.3 11384 54
0.3 11385 54
0.3 11386 43
0.3 11387 0
0.3 11388 0
0.3 11389 0
0.3 11390 0
0.3 11391 0
0.3 11392 0
0.3 11393 0
0.3 11394 0
0.3 11395 0
0.3 11396 5
0.3 11397 5
0.3 11398 10
0.3 11399 10
0.3 11400 32
0.3 11401 37
0.3 11402 10
0.3 11403 10
0.3 11404 5
0.3 11405 16
0.3 11406 10
0.3 11407 10
0.3 11408 10
0.3 11409 5
0.3 11410 10
0.3 11411 21
0.3 11412 32
0.3 11413 16
0.3 11414 10
0.3 11415 10
0.3 11416 21
0.3 11417 5
0.3 11418 0
0.3 11419 0
0.3 11420 10
0.3 11421 10
0.3 11422 0
0.3 11423 0
0.3 11424 0
0.3 11425 5
0.3 11426 0
0.3 11427 5
0.3 11428 16
0.3 11429 27
0.3 11430 27
0.3 11431 27
0.3 11432 0
0.3 11433 0
0.3 11434 0
0.3 11435 0
0.3 11436 5
0.3 11437 5
0.3 11438 0
0.3 11439 0
0.3 11440 0
0.3 11441 0
0.3 11442 0
0.3 11443 0
0.3 11444 0
0.3 11445 0
0.3 11446 10
0.3 11447 10
0.3 11448 0
0.3 11449 0
0.3 11450 5
0.3 11451 16
0.3 11452 16
0.3 11453 21
0.3 11454 27
0.3 11455 43
0.3 11456 43
0.3 11457 54
0.3 11458 54
0.3 11459 64
0.3 11460 70
0.3 11461 75
0.3 11462 75
0.3 11463 70
0.3 11464 43
0.3 11465 54
0.3 11466 59
0.3 11467 70
0.3 11468 75
0.3 11469 75
0.3 11470 86
0.3 11471 86
0.3 11472 97
0.3 11473 102
0.3 11474 102
0.3 11475 113
0.3 11476 113
0.3 11477 118
0.3 11478 37
0.3 11479 0
0.3 11480 0
0.3 11481 5
0.3 11482 10
0.3 11483 21
0.3 11484 21
0.3 11485 21
0.3 11486 32
0.3 11487 37
0.3 11488 37
0.3 11489 0
0.3 11490 0
0.3 11491 0
0.3 11492 5
0.3 11493 5
0.3 11494 0
0.3 11495 5
0.3 11496 10
0.3 11497 21
0.3 11498 0
0.3 11499 5
0.3 11500 5
0.3 11501 0
0.3 11502 0
0.3 11503 10
0.3 11504 21
0.3 11505 10
0.3 11506 21
0.3 11507 27
0.3 11508 32
0.3 11509 27
0.3 11510 16
0.3 11511 27
0.3 11512 27
0.3 11513 27
0.3 11514 27
0.3 11515 37
0.3 11516 48
0.3 11517 48
0.3 11518 54
0.3 11519 59
0.3 11520 70
0.3 11521 70
0.3 11522 86
0.3 11523 86
0.3 11524 91
0.3 11525 86
0.3 11526 102
0.3 11527 108
0.3 11528 118
0.3 11529 118
0.3 11530 124
0.3 11531 118
0.3 11532 129
0.3 11533 135
0.3 11534 135
0.3 11535 135
0.3 11536 81
0.3 11537 10
0.3 11538 0
0.3 11539 0
0.3 11540 0
0.3 11541 0
0.3 11542 5
0.3 11543 0
0.3 11544 0
0.3 11545 0
0.3 11546 5
0.3 11547 0
0.3 11548 10
0.3 11549 16
0.3 11550 21
0.3 11551 10
0.3 11552 10
0.3 11553 21
0.3 11554 27
0.3 11555 21
0.3 11556 21
0.3 11557 37
0.3 11558 43
0.3 11559 43
0.3 11560 48
0.3 11561 48
0.3 11562 37
0.3 11563 37
0.3 11564 48
0.3 11565 48
0.3 11566 48
0.3 11567 54
0.3 11568 54
0.3 11569 59
0.3 11570 59
0.3 11571 64
0.3 11572 75
0.3 11573 86
0.3 11574 91
0.3 11575 97
0.3 11576 108
0.3 11577 97
0.3 11578 0
0.3 11579 5
0.3 11580 0
0.3 11581 0
0.3 11582 10
0.3 11583 0
0.3 11584 0
0.3 11585 5
0.3 11586 5
0.3 11587 0
0.3 11588 0
0.3 11589 0
0.3 11590 5
0.3 11591 0
0.3 11592 0
0.3 11593 0
0.3 11594 0
0.3 11595 0
0.3 11596 0
0.3 11597 5
0.3 11598 10
0.3 11599 5
0.3 11600 5
0.3 11601 5
0.3 11602 10
0.3 11603 16
0.3 11604 10
0.3 11605 5
0.3 11606 5
0.3 11607 5
0.3 11608 0
0.3 11609 0
0.3 11610 0
0.3 11611 10
0.3 11612 0
0.3 11613 0
0.3 11614 0
0.3 11615 0
0.3 11616 0
0.3 11617 5
0.3 11618 5
0.3 11619 21
0.3 11620 10
0.3 11621 0
0.3 11622 0
0.3 11623 10
0.3 11624 10
0.3 11625 10
0.3 11626 5
0.3 11627 0
0.3 11628 5
0.3 11629 5
0.3 11630 0
0.3 11631 0
0.3 11632 0
0.3 11633 0
0.3 11634 0
0.3 11635 10
0.3 11636 16
0.3 11637 16
0.3 11638 16
0.3 11639 5
0.3 11640 5
0.3 11641 16
0.3 11642 32
0.3 11643 32
0.3 11644 37
0.3 11645 43
0.3 11646 43
0.3 11647 32
0.3 11648 27
0.3 11649 21
0.3 11650 21
0.3 11651 21
0.3 11652 32
0.3 11653 37
0.3 11654 48
0.3 11655 59
0.3 11656 64
0.3 11657 75
0.3 11658 91
0.3 11659 86
0.3 11660 43
0.3 11661 43
0.3 11662 43
0.3 11663 48
0.3 11664 48
0.3 11665 54
0.3 11666 64
0.3 11667 64
0.3 11668 64
0.3 11669 64
0.3 11670 75
0.3 11671 86
0.3 11672 102
0.3 11673 108
0.3 11674 108
0.3 11675 108
0.3 11676 108
0.3 11677 21
0.3 11678 16
0.3 11679 5
0.3 11680 0
0.3 11681 0
0.3 11682 0
0.3 11683 0
0.3 11684 0
0.3 11685 0
0.3 11686 0
0.3 11687 5
0.3 11688 5
0.3 11689 0
0.3 11690 0
0.3 11691 0
0.3 11692 0
0.3 11693 0
0.3 11694 5
0.3 11695 0
0.3 11696 0
0.3 11697 10
0.3 11698 10
0.3 11699 10
0.3 11700 0
0.3 11701 0
0.3 11702 0
0.3 11703 0
0.3 11704 5
0.3 11705 16
0.3 11706 5
0.3 11707 0
0.3 11708 5
0.3 11709 5
0.3 11710 0
0.3 11711 0
0.3 11712 5
0.3 11713 5
0.3 11714 0
0.3 11715 0
0.3 11716 0
0.3 11717 5
0.3 11718 5
0.3 11719 0
0.3 11720 0
0.3 11721 5
0.3 11722 10
0.3 11723 16
0.3 11724 27
0.3 11725 43
0.3 11726 54
0.3 11727 54
0.3 11728 54
0.3 11729 59
0.3 11730 64
0.3 11731 64
0.3 11732 64
0.3 11733 64
0.3 11734 59
0.3 11735 64
0.3 11736 64
0.3 11737 70
0.3 11738 59
0.3 11739 64
0.3 11740 64
0.3 11741 59
0.3 11742 59
0.3 11743 75
0.3 11744 86
0.3 11745 81
0.3 11746 70
0.3 11747 75
0.3 11748 86
0.3 11749 91
0.3 11750 102
0.3 11751 91
0.3 11752 91
0.3 11753 91
0.3 11754 97
0.3 11755 108
0.3 11756 108
0.3 11757 102
0.3 11758 108
0.3 11759 108
0.3 11760 113
0.3 11761 113
0.3 11762 27
0.3 11763 0
0.3 11764 0
0.3 11765 0
0.3 11766 0
0.3 11767 0
0.3 11768 0
0.3 11769 0
0.3 11770 0
0.3 11771 0
0.3 11772 0
0.3 11773 0
0.3 11774 5
0.3 11775 0
0.3 11776 0
0.3 11777 5
0.3 11778 0
0.3 11779 0
0.3 11780 5
0.3 11781 5
0.3 11782 5
0.3 11783 0
0.3 11784 5
0.3 11785 10
0.3 11786 16
0.3 11787 5
0.3 11788 5
0.3 11789 5
0.3 11790 5
0.3 11791 0
0.3 11792 0
0.3 11793 5
0.3 11794 0
0.3 11795 0
0.3 11796 5
0.3 11797 0
0.3 11798 0
0.3 11799 0
0.3 11800 0
0.3 11801 5
0.3 11802 5
0.3 11803 10
0.3 11804 16
0.3 11805 21
0.3 11806 21
0.3 11807 27
0.3 11808 27
0.3 11809 32
0.3 11810 37
0.3 11811 5
0.3 11812 10
0.3 11813 0
0.3 11814 0
0.3 11815 0
0.3 11816 0
0.3 11817 0
0.3 11818 0
0.3 11819 0
0.3 11820 0
0.3 11821 0
0.3 11822 0
0.3 11823 0
0.3 11824 0
0.3 11825 0
0.3 11826 5
0.3 11827 5
0.3 11828 21
0.3 11829 21
0.3 11830 32
0.3 11831 32
0.3 11832 32
0.3 11833 43
0.3 11834 54
0.3 11835 10
0.3 11836 0
0.3 11837 0
0.3 11838 0
0.3 11839 0
0.3 11840 0
0.3 11841 0
0.3 11842 5
0.3 11843 5
0.3 11844 10
0.3 11845 5
0.3 11846 5
0.3 11847 5
0.3 11848 5
0.3 11849 5
0.3 11850 5
0.3 11851 5
0.3 11852 10
0.3 11853 10
0.3 11854 10
0.3 11855 5
0.3 11856 5
0.3 11857 10
0.3 11858 21
0.3 11859 32
0.3 11860 32
0.3 11861 32
0.3 11862 32
0.3 11863 32
0.3 11864 43
0.3 11865 48
0.3 11866 64
0.3 11867 70
0.3 11868 70
0.3 11869 70
0.3 11870 70
0.3 11871 81
0.3 11872 97
0.3 11873 113
0.3 11874 118
0.3 11875 118
0.3 11876 48
0.3 11877 0
0.3 11878 5
0.3 11879 5
0.3 11880 16
0.3 11881 27
0.3 11882 0
0.3 11883 0
0.3 11884 0
0.3 11885 0
0.3 11886 0
0.3 11887 5
0.3 11888 0
0.3 11889 5
0.3 11890 10
0.3 11891 0
0.3 11892 0
0.3 11893 0
0.3 11894 0
0.3 11895 0
0.3 11896 10
0.3 11897 16
0.3 11898 27
0.3 11899 10
0.3 11900 10
0.3 11901 0
0.3 11902 0
0.3 11903 0
0.3 11904 5
0.3 11905 0
0.3 11906 0
0.3 11907 0
0.3 11908 5
0.3 11909 5
0.3 11910 21
0.3 11911 5
0.3 11912 5
0.3 11913 10
0.3 11914 16
0.3 11915 16
0.3 11916 10
0.3 11917 5
0.3 11918 10
0.3 11919 0
0.3 11920 0
0.3 11921 5
0.3 11922 0
0.3 11923 16
0.3 11924 21
0.3 11925 27
0.3 11926 32
0.3 11927 27
0.3 11928 27
0.3 11929 21
0.3 11930 27
0.3 11931 21
0.3 11932 27
0.3 11933 27
0.3 11934 27
0.3 11935 32
0.3 11936 48
0.3 11937 59
0.3 11938 59
0.3 11939 59
0.3 11940 59
0.3 11941 64
0.3 11942 70
0.3 11943 86
0.3 11944 97
0.3 11945 97
0.3 11946 102
0.3 11947 37
0.3 11948 0
0.3 11949 0
0.3 11950 0
0.3 11951 0
0.3 11952 0
0.3 11953 16
0.3 11954 16
0.3 11955 5
0.3 11956 16
0.3 11957 21
0.3 11958 32
0.3 11959 32
0.3 11960 43
0.3 11961 32
0.3 11962 37
0.3 11963 54
0.3 11964 37
0.3 11965 10
0.3 11966 10
0.3 11967 10
0.3 11968 16
0.3 11969 21
0.3 11970 32
0.3 11971 37
0.3 11972 37
0.3 11973 43
0.3 11974 48
0.3 11975 59
0.3 11976 59
0.3 11977 64
0.3 11978 43
0.3 11979 16
0.3 11980 5
0.3 11981 0
0.3 11982 0
0.3 11983 0
0.3 11984 5
0.3 11985 5
0.3 11986 0
0.3 11987 0
0.3 11988 5
0.3 11989 0
0.3 11990 0
0.3 11991 5
0.3 11992 16
0.3 11993 10
0.3 11994 5
0.3 11995 0
0.3 11996 10
0.3 11997 16
0.3 11998 5
0.3 11999 5
0.3 12000 5
0.3 12001 16
0.3 12002 16
0.3 12003 27
0.3 12004 21
0.3 12005 10
0.3 12006 10
0.3 12007 21
0.3 12008 32
0.3 12009 32
0.3 12010 21
0.3 12011 27
0.3 12012 32
0.3 12013 32
0.3 12014 43
0.3 12015 54
0.3 12016 64
0.3 12017 75
0.3 12018 75
0.3 12019 86
0.3 12020 86
0.3 12021 86
0.3 12022 91
0.3 12023 27
0.3 12024 0
0.3 12025 5
0.3 12026 10
0.3 12027 5
0.3 12028 0
0.3 12029 10
0.3 12030 0
0.3 12031 0
0.3 12032 5
0.3 12033 0
0.3 12034 0
0.3 12035 0
0.3 12036 0
0.3 12037 10
0.3 12038 10
0.3 12039 10
0.3 12040 10
0.3 12041 16
0.3 12042 5
0.3 12043 0
0.3 12044 0
0.3 12045 0
0.3 12046 0
0.3 12047 5
0.3 12048 5
0.3 12049 0
0.3 12050 0
0.3 12051 5
0.3 12052 16
0.3 12053 5
0.3 12054 0
0.3 12055 0
0.3 12056 0
0.3 12057 0
0.3 12058 5
0.3 12059 0
0.3 12060 0
0.3 12061 0
0.3 12062 0
0.3 12063 0
0.3 12064 0
0.3 12065 0
0.3 12066 16
0.3 12067 16
0.3 12068 16
0.3 12069 16
0.3 12070 16
0.3 12071 21
0.3 12072 21
0.3 12073 27
0.3 12074 27
0.3 12075 37
0.3 12076 43
0.3 12077 54
0.3 12078 64
0.3 12079 70
0.3 12080 75
0.3 12081 86
0.3 12082 97
0.3 12083 97
0.3 12084 97
0.3 12085 102
0.3 12086 113
0.3 12087 113
0.3 12088 118
0.3 12089 124
0.3 12090 54
0.3 12091 59
0.3 12092 59
0.3 12093 64
0.3 12094 70
0.3 12095 59
0.3 12096 64
0.3 12097 81
0.3 12098 86
0.3 12099 75
0.3 12100 81
0.3 12101 91
0.3 12102 86
0.3 12103 91
0.3 12104 91
0.3 12105 102
0.3 12106 102
0.3 12107 102
0.3 12108 102
0.3 12109 102
0.3 12110 108
0.3 12111 91
0.3 12112 0
0.3 12113 10
0.3 12114 0
0.3 12115 0
0.3 12116 0
0.3 12117 0
0.3 12118 5
0.3 12119 16
0.3 12120 16
0.3 12121 0
0.3 12122 5
0.3 12123 10
0.3 12124 10
0.3 12125 5
0.3 12126 0
0.3 12127 5
0.3 12128 0
0.3 12129 0
0.3 12130 0
0.3 12131 0
0.3 12132 0
0.3 12133 10
0.3 12134 0
0.3 12135 0
0.3 12136 0
0.3 12137 0
0.3 12138 5
0.3 12139 10
0.3 12140 0
0.3 12141 0
0.3 12142 0
0.3 12143 5
0.3 12144 0
0.3 12145 10
0.3 12146 5
0.3 12147 5
0.3 12148 0
0.3 12149 10
0.3 12150 10
0.3 12151 16
0.3 12152 16
0.3 12153 27
0.3 12154 32
0.3 12155 37
0.3 12156 37
0.3 12157 43
0.3 12158 48
0.3 12159 48
0.3 12160 54
0.3 12161 70
0.3 12162 75
0.3 12163 91
0.3 12164 91
0.3 12165 97
0.3 12166 108
0.3 12167 129
0.3 12168 37
0.3 12169 0
0.3 12170 0
0.3 12171 0
0.3 12172 0
0.3 12173 5
0.3 12174 0
0.3 12175 5
0.3 12176 0
0.3 12177 5
0.3 12178 0
0.3 12179 5
0.3 12180 0
0.3 12181 0
0.3 12182 0
0.3 12183 0
0.3 12184 0
0.3 12185 0
0.3 12186 0
0.3 12187 5
0.3 12188 0
0.3 12189 5
0.3 12190 0
0.3 12191 0
0.3 12192 5
0.3 12193 10
0.3 12194 10
0.3 12195 10
0.3 12196 27
0.3 12197 27
0.3 12198 32
0.3 12199 48
0.3 12200 59
0.3 12201 64
0.3 12202 70
0.3 12203 75
0.3 12204 75
0.3 12205 91
0.3 12206 91
0.3 12207 91
0.3 12208 102
0.3 12209 113
0.3 12210 118
0.3 12211 124
0.3 12212 5
0.3 12213 5
0.3 12214 21
0.3 12215 21
0.3 12216 27
0.3 12217 37
0.3 12218 43
0.3 12219 43
0.3 12220 48
0.3 12221 54
0.3 12222 59
0.3 12223 59
0.3 12224 64
0.3 12225 59
0.3 12226 0
0.3 12227 0
0.3 12228 0
0.3 12229 0
0.3 12230 0
0.3 12231 0
0.3 12232 0
0.3 12233 5
0.3 12234 0
0.3 12235 5
0.3 12236 5
0.3 12237 5
0.3 12238 5
0.3 12239 10
0.3 12240 16
0.3 12241 21
0.3 12242 27
0.3 12243 27
0.3 12244 32
0.3 12245 32
0.3 12246 37
0.3 12247 37
0.3 12248 43
0.3 12249 54
0.3 12250 59
0.3 12251 75
0.3 12252 75
0.3 12253 81
0.3 12254 27
0.3 12255 27
0.3 12256 32
0.3 12257 37
0.3 12258 37
0.3 12259 37
0.3 12260 37
0.3 12261 37
0.3 12262 37
0.3 12263 37
0.3 12264 37
0.3 12265 43
0.3 12266 43
0.3 12267 48
0.3 12268 59
0.3 12269 21
0.3 12270 27
0.3 12271 5
0.3 12272 5
0.3 12273 10
0.3 12274 21
0.3 12275 16
0.3 12276 21
0.3 12277 21
0.3 12278 32
0.3 12279 16
0.3 12280 16
0.3 12281 21
0.3 12282 21
0.3 12283 21
0.3 12284 27
0.3 12285 43
0.3 12286 48
0.3 12287 54
0.3 12288 54
0.3 12289 54
0.3 12290 59
0.3 12291 59
0.3 12292 59
0.3 12293 59
0.3 12294 64
0.3 12295 70
0.3 12296 70
0.3 12297 70
0.3 12298 75
0.3 12299 86
0.3 12300 86
0.3 12301 91
0.3 12302 102
0.3 12303 113
0.3 12304 113
0.3 12305 113
0.3 12306 124
0.3 12307 135
0.3 12308 102
0.3 12309 108
0.3 12310 118
0.3 12311 129
0.3 12312 118
0.3 12313 124
0.3 12314 118
0.3 12315 97
0.3 12316 0
0.3 12317 10
0.3 12318 0
0.3 12319 5
0.3 12320 5
0.3 12321 10
0.3 12322 5
0.3 12323 21
0.3 12324 5
0.3 12325 0
0.3 12326 0
0.3 12327 0
0.3 12328 5
0.3 12329 10
0.3 12330 10
0.3 12331 16
0.3 12332 16
0.3 12333 27
0.3 12334 32
0.3 12335 32
0.3 12336 32
0.3 12337 37
0.3 12338 48
0.3 12339 54
0.3 12340 10
0.3 12341 27
0.3 12342 37
0.3 12343 32
0.3 12344 37
0.3 12345 43
0.3 12346 43
0.3 12347 48
0.3 12348 54
0.3 12349 48
0.3 12350 37
0.3 12351 10
0.3 12352 0
0.3 12353 0
0.3 12354 0
0.3 12355 0
0.3 12356 0
0.3 12357 0
0.3 12358 0
0.3 12359 0
0.3 12360 0
0.3 12361 0
0.3 12362 0
0.3 12363 0
0.3 12364 0
0.3 12365 0
0.3 12366 0
0.3 12367 0
0.3 12368 0
0.3 12369 10
0.3 12370 5
0.3 12371 5
0.3 12372 0
0.3 12373 0
0.3 12374 0
0.3 12375 0
0.3 12376 0
0.3 12377 0
0.3 12378 5
0.3 12379 5
0.3 12380 0
0.3 12381 10
0.3 12382 10
0.3 12383 10
0.3 12384 16
0.3 12385 16
0.3 12386 16
0.3 12387 21
0.3 12388 16
0.3 12389 27
0.3 12390 37
0.3 12391 21
0.3 12392 21
0.3 12393 5
0.3 12394 10
0.3 12395 21
0.3 12396 27
0.3 12397 21
0.3 12398 21
0.3 12399 32
0.3 12400 32
0.3 12401 48
0.3 12402 59
0.3 12403 70
0.3 12404 0
0.3 12405 0
0.3 12406 5
0.3 12407 5
0.3 12408 5
0.3 12409 5
0.3 12410 0
0.3 12411 0
0.3 12412 0
0.3 12413 0
0.3 12414 5
0.3 12415 5
0.3 12416 16
0.3 12417 27
0.3 12418 27
0.3 12419 43
0.3 12420 43
0.3 12421 43
0.3 12422 48
0.3 12423 54
0.3 12424 54
0.3 12425 59
0.3 12426 64
0.3 12427 54
0.3 12428 21
0.3 12429 5
0.3 12430 5
0.3 12431 0
0.3 12432 5
0.3 12433 5
0.3 12434 10
0.3 12435 21
0.3 12436 10
0.3 12437 5
0.3 12438 10
0.3 12439 21
0.3 12440 16
0.3 12441 21
0.3 12442 27
0.3 12443 37
0.3 12444 32
0.3 12445 37
0.3 12446 48
0.3 12447 54
0.3 12448 64
0.3 12449 70
0.3 12450 81
0.3 12451 81
0.3 12452 59
0.3 12453 0
0.3 12454 5
0.3 12455 0
0.3 12456 0
0.3 12457 5
0.3 12458 0
0.3 12459 0
0.3 12460 0
0.3 12461 10
0.3 12462 16
0.3 12463 27
0.3 12464 21
0.3 12465 5
0.3 12466 0
0.3 12467 0
0.3 12468 0
0.3 12469 0
0.3 12470 0
0.3 12471 0
0.3 12472 0
0.3 12473 0
0.3 12474 5
0.3 12475 5
0.3 12476 0
0.3 12477 5
0.3 12478 5
0.3 12479 10
0.3 12480 5
0.3 12481 0
0.3 12482 0
0.3 12483 0
0.3 12484 0
0.3 12485 0
0.3 12486 0
0.3 12487 10
0.3 12488 5
0.3 12489 0
0.3 12490 0
0.3 12491 0
0.3 12492 0
0.3 12493 5
0.3 12494 0
0.3 12495 5
0.3 12496 0
0.3 12497 10
0.3 12498 21
0.3 12499 21
0.3 12500 21
0.3 12501 27
0.3 12502 32
0.3 12503 32
0.3 12504 0
0.3 12505 0
0.3 12506 0
0.3 12507 10
0.3 12508 5
0.3 12509 5
0.3 12510 5
0.3 12511 5
0.3 12512 16
0.3 12513 16
0.3 12514 16
0.3 12515 16
0.3 12516 21
0.3 12517 27
0.3 12518 10
0.3 12519 21
0.3 12520 21
0.3 12521 37
0.3 12522 37
0.3 12523 48
0.3 12524 54
0.3 12525 70
0.3 12526 48
0.3 12527 37
0.3 12528 37
0.3 12529 27
0.3 12530 27
0.3 12531 27
0.3 12532 43
0.3 12533 54
0.3 12534 59
0.3 12535 64
0.3 12536 75
0.3 12537 81
0.3 12538 81
0.3 12539 81
0.3 12540 81
0.3 12541 91
0.3 12542 43
0.3 12543 0
0.3 12544 5
0.3 12545 0
0.3 12546 10
0.3 12547 10
0.3 12548 10
0.3 12549 16
0.3 12550 5
0.3 12551 0
0.3 12552 10
0.3 12553 10
0.3 12554 10
0.3 12555 10
0.3 12556 10
0.3 12557 10
0.3 12558 10
0.3 12559 10
0.3 12560 21
0.3 12561 32
0.3 12562 37
0.3 12563 48
0.3 12564 59
0.3 12565 64
0.3 12566 70
0.3 12567 81
0.3 12568 21
0.3 12569 10
0.3 12570 10
0.3 12571 10
0.3 12572 21
0.3 12573 0
0.3 12574 0
0.3 12575 0
0.3 12576 0
0.3 12577 0
0.3 12578 0
0.3 12579 0
0.3 12580 5
0.3 12581 5
0.3 12582 16
0.3 12583 27
0.3 12584 16
0.3 12585 16
0.3 12586 21
0.3 12587 5
0.3 12588 0
0.3 12589 10
0.3 12590 16
0.3 12591 27
0.3 12592 37
0.3 12593 37
0.3 12594 48
0.3 12595 32
0.3 12596 16
0.3 12597 16
0.3 12598 0
0.3 12599 0
0.3 12600 10
0.3 12601 10
0.3 12602 10
0.3 12603 10
0.3 12604 21
0.3 12605 27
0.3 12606 27
0.3 12607 37
0.3 12608 43
0.3 12609 37
0.3 12610 37
0.3 12611 43
0.3 12612 48
0.3 12613 48
0.3 12614 32
0.3 12615 32
0.3 12616 37
0.3 12617 43
0.3 12618 48
0.3 12619 5
0.3 12620 0
0.3 12621 0
0.3 12622 0
0.3 12623 0
0.3 12624 0
0.3 12625 0
0.3 12626 0
0.3 12627 5
0.3 12628 0
0.3 12629 0
0.3 12630 5
0.3 12631 10
0.3 12632 21
0.3 12633 10
0.3 12634 21
0.3 12635 27
0.3 12636 27
0.3 12637 37
0.3 12638 43
0.3 12639 54
0.3 12640 54
0.3 12641 70
0.3 12642 81
0.3 12643 86
0.3 12644 81
0.3 12645 64
0.3 12646 75
0.3 12647 91
0.3 12648 75
0.3 12649 27
0.3 12650 27
0.3 12651 10
0.3 12652 0
0.3 12653 10
0.3 12654 10
0.3 12655 5
0.3 12656 0
0.3 12657 0
0.3 12658 0
0.3 12659 0
0.3 12660 0
0.3 12661 0
0.3 12662 5
0.3 12663 10
0.3 12664 10
0.3 12665 21
0.3 12666 16
0.3 12667 21
0.3 12668 32
0.3 12669 21
0.3 12670 10
0.3 12671 5
0.3 12672 21
0.3 12673 21
0.3 12674 27
0.3 12675 43
0.3 12676 48
0.3 12677 54
0.3 12678 64
0.3 12679 75
0.3 12680 81
0.3 12681 81
0.3 12682 32
0.3 12683 5
0.3 12684 0
0.3 12685 0
0.3 12686 0
0.3 12687 0
0.3 12688 0
0.3 12689 5
0.3 12690 0
0.3 12691 0
0.3 12692 0
0.3 12693 0
0.3 12694 10
0.3 12695 10
0.3 12696 5
0.3 12697 5
0.3 12698 5
0.3 12699 0
0.3 12700 10
0.3 12701 16
0.3 12702 21
0.3 12703 10
0.3 12704 10
0.3 12705 16
0.3 12706 21
0.3 12707 32
0.3 12708 32
0.3 12709 32
0.3 12710 37
0.3 12711 5
0.3 12712 5
0.3 12713 10
0.3 12714 16
0.3 12715 16
0.3 12716 21
0.3 12717 27
0.3 12718 32
0.3 12719 37
0.3 12720 59
0.3 12721 59
0.3 12722 64
0.3 12723 59
0.3 12724 54
0.3 12725 43
0.3 12726 43
0.3 12727 54
0.3 12728 59
0.3 12729 59
0.3 12730 59
0.3 12731 59
0.3 12732 64
0.3 12733 75
0.3 12734 86
0.3 12735 97
0.3 12736 75
0.3 12737 81
0.3 12738 75
0.3 12739 37
0.3 12740 0
0.3 12741 0
0.3 12742 0
0.3 12743 0
0.3 12744 5
0.3 12745 5
0.3 12746 0
0.3 12747 0
0.3 12748 0
0.3 12749 0
0.3 12750 0
0.3 12751 0
0.3 12752 0
0.3 12753 0
0.3 12754 0
0.3 12755 0
0.3 12756 5
0.3 12757 10
0.3 12758 21
0.3 12759 21
0.3 12760 27
0.3 12761 32
0.3 12762 37
0.3 12763 43
0.3 12764 54
0.3 12765 64
0.3 12766 70
0.3 12767 70
0.3 12768 70
0.3 12769 86
0.3 12770 91
0.3 12771 102
0.3 12772 118
0.3 12773 129
0.3 12774 16
0.3 12775 0
0.3 12776 0
0.3 12777 10
0.3 12778 21
0.3 12779 32
0.3 12780 21
0.3 12781 27
0.3 12782 27
0.3 12783 27
0.3 12784 27
0.3 12785 27
0.3 12786 32
0.3 12787 32
0.3 12788 43
0.3 12789 43
0.3 12790 43
0.3 12791 48
0.3 12792 59
0.3 12793 59
0.3 12794 64
0.3 12795 81
0.3 12796 86
0.3 12797 70
0.3 12798 59
0.3 12799 64
0.3 12800 64
0.3 12801 27
0.3 12802 16
0.3 12803 0
0.3 12804 0
0.3 12805 5
0.3 12806 0
0.3 12807 0
0.3 12808 0
0.3 12809 0
0.3 12810 5
0.3 12811 5
0.3 12812 16
0.3 12813 16
0.3 12814 16
0.3 12815 5
0.3 12816 0
0.3 12817 0
0.3 12818 10
0.3 12819 16
0.3 12820 0
0.3 12821 5
0.3 12822 0
0.3 12823 0
0.3 12824 0
0.3 12825 10
0.3 12826 10
0.3 12827 21
0.3 12828 16
0.3 12829 0
0.3 12830 0
0.3 12831 0
0.3 12832 0
0.3 12833 5
0.3 12834 5
0.3 12835 5
0.3 12836 5
0.3 12837 0
0.3 12838 0
0.3 12839 5
0.3 12840 5
0.3 12841 5
0.3 12842 10
0.3 12843 16
0.3 12844 0
0.3 12845 0
0.3 12846 0
0.3 12847 5
0.3 12848 5
0.3 12849 5
0.3 12850 5
0.3 12851 10
0.3 12852 0
0.3 12853 0
0.3 12854 0
0.3 12855 0
0.3 12856 0
0.3 12857 10
0.3 12858 0
0.3 12859 0
0.3 12860 0
0.3 12861 5
0.3 12862 16
0.3 12863 27
0.3 12864 27
0.3 12865 27
0.3 12866 27
0.3 12867 32
0.3 12868 16
0.3 12869 0
0.3 12870 0
0.3 12871 0
0.3 12872 0
0.3 12873 5
0.3 12874 5
0.3 12875 10
0.3 12876 10
0.3 12877 5
0.3 12878 0
0.3 12879 0
0.3 12880 10
0.3 12881 21
0.3 12882 5
0.3 12883 0
0.3 12884 0
0.3 12885 0
0.3 12886 10
0.3 12887 21
0.3 12888 27
0.3 12889 0
0.3 12890 0
0.3 12891 16
0.3 12892 5
0.3 12893 5
0.3 12894 10
0.3 12895 21
0.3 12896 21
0.3 12897 16
0.3 12898 10
0.3 12899 10
0.3 12900 16
0.3 12901 21
0.3 12902 27
0.3 12903 27
0.3 12904 32
0.3 12905 43
0.3 12906 43
0.3 12907 48
0.3 12908 5
0.3 12909 21
0.3 12910 5
0.3 12911 5
0.3 12912 5
0.3 12913 5
0.3 12914 5
0.3 12915 16
0.3 12916 27
0.3 12917 27
0.3 12918 37
0.3 12919 37
0.3 12920 43
0.3 12921 48
0.3 12922 48
0.3 12923 48
0.3 12924 5
0.3 12925 5
0.3 12926 10
0.3 12927 21
0.3 12928 27
0.3 12929 27
0.3 12930 27
0.3 12931 27
0.3 12932 37
0.3 12933 43
0.3 12934 48
0.3 12935 64
0.3 12936 64
0.3 12937 64
0.3 12938 64
0.3 12939 70
0.3 12940 64
0.3 12941 5
0.3 12942 5
0.3 12943 0
0.3 12944 0
0.3 12945 0
0.3 12946 0
0.3 12947 0
0.3 12948 0
0.3 12949 5
0.3 12950 16
0.3 12951 27
0.3 12952 27
0.3 12953 32
0.3 12954 32
0.3 12955 43
0.3 12956 48
0.3 12957 43
0.3 12958 16
0.3 12959 5
0.3 12960 5
0.3 12961 5
0.3 12962 5
0.3 12963 5
0.3 12964 5
0.3 12965 10
0.3 12966 10
0.3 12967 10
0.3 12968 27
0.3 12969 37
0.3 12970 43
0.3 12971 59
0.3 12972 75
0.3 12973 86
0.3 12974 97
0.3 12975 48
0.3 12976 48
0.3 12977 48
0.3 12978 48
0.3 12979 48
0.3 12980 54
0.3 12981 54
0.3 12982 54
0.3 12983 64
0.3 12984 70
0.3 12985 81
0.3 12986 97
0.3 12987 108
0.3 12988 113
0.3 12989 113
0.3 12990 113
0.3 12991 113
0.3 12992 118
0.3 12993 124
0.3 12994 124
0.3 12995 135
0.3 12996 135
0.3 12997 135
0.3 12998 135
0.3 12999 135
0.3 13000 135
0.3 13001 129
0.3 13002 135
0.3 13003 129
0.3 13004 135
0.3 13005 124
0.3 13006 124
0.3 13007 129
0.3 13008 124
0.3 13009 124
0.3 13010 129
0.3 13011 0
0.3 13012 10
0.3 13013 5
0.3 13014 10
0.3 13015 16
0.3 13016 16
0.3 13017 21
0.3 13018 21
0.3 13019 27
0.3 13020 32
0.3 13021 32
0.3 13022 43
0.3 13023 48
0.3 13024 54
0.3 13025 54
0.3 13026 54
0.3 13027 0
0.3 13028 0
0.3 13029 5
0.3 13030 10
0.3 13031 27
0.3 13032 32
0.3 13033 37
0.3 13034 37
0.3 13035 37
0.3 13036 16
0.3 13037 21
0.3 13038 0
0.3 13039 0
0.3 13040 0
0.3 13041 0
0.3 13042 5
0.3 13043 5
0.3 13044 16
0.3 13045 27
0.3 13046 27
0.3 13047 16
0.3 13048 21
0.3 13049 0
0.3 13050 5
0.3 13051 0
0.3 13052 5
0.3 13053 5
0.3 13054 5
0.3 13055 10
0.3 13056 10
0.3 13057 5
0.3 13058 0
0.3 13059 16
0.3 13060 21
0.3 13061 32
0.3 13062 16
0.3 13063 0
0.3 13064 0
0.3 13065 0
0.3 13066 0
0.3 13067 0
0.3 13068 0
0.3 13069 0
0.3 13070 5
0.3 13071 10
0.3 13072 10
0.3 13073 16
0.3 13074 0
0.3 13075 0
0.3 13076 0
0.3 13077 0
0.3 13078 5
0.3 13079 0
0.3 13080 0
0.3 13081 10
0.3 13082 10
0.3 13083 5
0.3 13084 0
0.3 13085 5
0.3 13086 0
0.3 13087 0
0.3 13088 0
0.3 13089 10
0.3 13090 21
0.3 13091 21
0.3 13092 21
0.3 13093 27
0.3 13094 37
0.3 13095 43
0.3 13096 54
0.3 13097 48
0.3 13098 0
0.3 13099 0
0.3 13100 0
0.3 13101 0
0.3 13102 0
0.3 13103 0
0.3 13104 0
0.3 13105 0
0.3 13106 0
0.3 13107 0
0.3 13108 5
0.3 13109 10
0.3 13110 10
0.3 13111 10
0.3 13112 16
0.3 13113 21
0.3 13114 21
0.3 13115 21
0.3 13116 21
0.3 13117 32
0.3 13118 32
0.3 13119 43
0.3 13120 54
0.3 13121 59
0.3 13122 70
0.3 13123 75
0.3 13124 75
0.3 13125 81
0.3 13126 91
0.3 13127 75
0.3 13128 10
0.3 13129 10
0.3 13130 16
0.3 13131 21
0.3 13132 21
0.3 13133 21
0.3 13134 32
0.3 13135 43
0.3 13136 0
0.3 13137 5
0.3 13138 5
0.3 13139 5
0.3 13140 0
0.3 13141 0
0.3 13142 0
0.3 13143 5
0.3 13144 5
0.3 13145 0
0.3 13146 0
0.3 13147 5
0.3 13148 10
0.3 13149 10
0.3 13150 27
0.3 13151 37
0.3 13152 48
0.3 13153 59
0.3 13154 64
0.3 13155 54
0.3 13156 64
0.3 13157 70
0.3 13158 81
0.3 13159 86
0.3 13160 70
0.3 13161 81
0.3 13162 81
0.3 13163 86
0.3 13164 70
0.3 13165 70
0.3 13166 70
0.3 13167 54
0.3 13168 0
0.3 13169 0
0.3 13170 10
0.3 13171 0
0.3 13172 0
0.3 13173 0
0.3 13174 5
0.3 13175 5
0.3 13176 0
0.3 13177 5
0.3 13178 0
0.3 13179 0
0.3 13180 10
0.3 13181 10
0.3 13182 0
0.3 13183 0
0.3 13184 0
0.3 13185 10
0.3 13186 16
0.3 13187 21
0.3 13188 21
0.3 13189 32
0.3 13190 43
0.3 13191 48
0.3 13192 21
0.3 13193 27
0.3 13194 43
0.3 13195 54
0.3 13196 59
0.3 13197 75
0.3 13198 81
0.3 13199 86
0.3 13200 91
0.3 13201 97
0.3 13202 91
0.3 13203 91
0.3 13204 59
0.3 13205 5
0.3 13206 10
0.3 13207 0
0.3 13208 5
0.3 13209 5
0.3 13210 5
0.3 13211 5
0.3 13212 10
0.3 13213 5
0.3 13214 5
0.3 13215 5
0.3 13216 5
0.3 13217 5
0.3 13218 5
0.3 13219 10
0.3 13220 21
0.3 13221 21
0.3 13222 21
0.3 13223 21
0.3 13224 32
0.3 13225 43
0.3 13226 43
0.3 13227 43
0.3 13228 54
0.3 13229 59
0.3 13230 64
0.3 13231 70
0.3 13232 81
0.3 13233 64
0.3 13234 0
0.3 13235 5
0.3 13236 10
0.3 13237 5
0.3 13238 0
0.3 13239 10
0.3 13240 21
0.3 13241 16
0.3 13242 0
0.3 13243 0
0.3 13244 5
0.3 13245 16
0.3 13246 10
0.3 13247 21
0.3 13248 27
0.3 13249 5
0.3 13250 10
0.3 13251 0
0.3 13252 0
0.3 13253 0
0.3 13254 0
0.3 13255 10
0.3 13256 5
0.3 13257 5
0.3 13258 16
0.3 13259 16
0.3 13260 27
0.3 13261 27
0.3 13262 21
0.3 13263 27
0.3 13264 5
0.3 13265 5
0.3 13266 5
0.3 13267 5
0.3 13268 16
0.3 13269 21
0.3 13270 5
0.3 13271 5
0.3 13272 10
0.3 13273 16
0.3 13274 21
0.3 13275 27
0.3 13276 32
0.3 13277 37
0.3 13278 37
0.3 13279 48
0.3 13280 59
0.3 13281 64
0.3 13282 75
0.3 13283 81
0.3 13284 91
0.3 13285 91
0.3 13286 91
0.3 13287 102
0.3 13288 113
0.3 13289 118
0.3 13290 124
0.3 13291 124
0.3 13292 135
0.3 13293 27
0.3 13294 0
0.3 13295 10
0.3 13296 0
0.3 13297 5
0.3 13298 10
0.3 13299 10
0.3 13300 16
0.3 13301 16
0.3 13302 10
0.3 13303 0
0.3 13304 10
0.3 13305 0
0.3 13306 5
0.3 13307 10
0.3 13308 16
0.3 13309 0
0.3 13310 0
0.3 13311 0
0.3 13312 0
0.3 13313 0
0.3 13314 5
0.3 13315 10
0.3 13316 5
0.3 13317 0
0.3 13318 0
0.3 13319 0
0.3 13320 0
0.3 13321 0
0.3 13322 0
0.3 13323 0
0.3 13324 5
0.3 13325 5
0.3 13326 10
0.3 13327 16
0.3 13328 10
0.3 13329 10
0.3 13330 0
0.3 13331 0
0.3 13332 0
0.3 13333 0
0.3 13334 5
0.3 13335 0
0.3 13336 5
0.3 13337 16
0.3 13338 16
0.3 13339 16
0.3 13340 16
0.3 13341 21
0.3 13342 21
0.3 13343 32
0.3 13344 43
0.3 13345 54
0.3 13346 59
0.3 13347 70
0.3 13348 75
0.3 13349 75
0.3 13350 75
0.3 13351 81
0.3 13352 81
0.3 13353 86
0.3 13354 27
0.3 13355 0
0.3 13356 0
0.3 13357 5
0.3 13358 0
0.3 13359 10
0.3 13360 10
0.3 13361 10
0.3 13362 21
0.3 13363 37
0.3 13364 48
0.3 13365 27
0.3 13366 32
0.3 13367 21
0.3 13368 37
0.3 13369 43
0.3 13370 48
0.3 13371 48
0.3 13372 59
0.3 13373 70
0.3 13374 54
0.3 13375 64
0.3 13376 75
0.3 13377 75
0.3 13378 75
0.3 13379 86
0.3 13380 64
0.3 13381 0
0.3 13382 0
0.3 13383 5
0.3 13384 0
0.3 13385 0
0.3 13386 5
0.3 13387 10
0.3 13388 0
0.3 13389 5
0.3 13390 5
0.3 13391 16
0.3 13392 0
0.3 13393 5
0.3 13394 5
0.3 13395 5
0.3 13396 10
0.3 13397 0
0.3 13398 16
0.3 13399 0
0.3 13400 5
0.3 13401 5
0.3 13402 10
0.3 13403 10
0.3 13404 0
0.3 13405 10
0.3 13406 0
0.3 13407 5
0.3 13408 5
0.3 13409 16
0.3 13410 16
0.3 13411 27
0.3 13412 5
0.3 13413 5
0.3 13414 21
0.3 13415 21
0.3 13416 10
0.3 13417 5
0.3 13418 0
0.3 13419 0
0.3 13420 0
0.3 13421 16
0.3 13422 10
0.3 13423 0
0.3 13424 0
0.3 13425 0
0.3 13426 0
0.3 13427 5
0.3 13428 16
0.3 13429 21
0.3 13430 27
0.3 13431 37
0.3 13432 48
0.3 13433 59
0.3 13434 10
0.3 13435 21
0.3 13436 32
0.3 13437 21
0.3 13438 32
0.3 13439 32
0.3 13440 37
0.3 13441 43
0.3 13442 48
0.3 13443 59
0.3 13444 32
0.3 13445 37
0.3 13446 0
0.3 13447 0
0.3 13448 5
0.3 13449 0
0.3 13450 0
0.3 13451 0
0.3 13452 0
0.3 13453 0
0.3 13454 0
0.3 13455 5
0.3 13456 10
0.3 13457 27
0.3 13458 10
0.3 13459 0
0.3 13460 0
0.3 13461 5
0.3 13462 0
0.3 13463 0
0.3 13464 0
0.3 13465 0
0.3 13466 0
0.3 13467 10
0.3 13468 10
0.3 13469 10
0.3 13470 10
0.3 13471 21
0.3 13472 32
0.3 13473 43
0.3 13474 32
0.3 13475 0
0.3 13476 0
0.3 13477 5
0.3 13478 0
0.3 13479 0
0.3 13480 5
0.3 13481 0
0.3 13482 5
0.3 13483 10
0.3 13484 0
0.3 13485 5
0.3 13486 0
0.3 13487 0
0.3 13488 0
0.3 13489 5
0.3 13490 5
0.3 13491 10
0.3 13492 0
0.3 13493 0
0.3 13494 0
0.3 13495 5
0.3 13496 0
0.3 13497 0
0.3 13498 0
0.3 13499 0
0.3 13500 5
0.3 13501 5
0.3 13502 5
0.3 13503 10
0.3 13504 21
0.3 13505 16
0.3 13506 16
0.3 13507 16
0.3 13508 21
0.3 13509 27
0.3 13510 32
0.3 13511 43
0.3 13512 54
0.3 13513 54
0.3 13514 27
0.3 13515 0
0.3 13516 0
0.3 13517 0
0.3 13518 10
0.3 13519 0
0.3 13520 0
0.3 13521 0
0.3 13522 0
0.3 13523 0
0.3 13524 0
0.3 13525 5
0.3 13526 0
0.3 13527 10
0.3 13528 21
0.3 13529 16
0.3 13530 16
0.3 13531 16
0.3 13532 16
0.3 13533 0
0.3 13534 0
0.3 13535 0
0.3 13536 10
0.3 13537 10
0.3 13538 21
0.3 13539 21
0.3 13540 16
0.3 13541 21
0.3 13542 21
0.3 13543 27
0.3 13544 27
0.3 13545 32
0.3 13546 37
0.3 13547 48
0.3 13548 48
0.3 13549 54
0.3 13550 64
0.3 13551 75
0.3 13552 75
0.3 13553 91
0.3 13554 97
0.3 13555 97
0.3 13556 108
0.3 13557 102
0.3 13558 97
0.3 13559 97
0.3 13560 102
0.3 13561 102
0.3 13562 108
0.3 13563 118
0.3 13564 135
0.3 13565 135
0.3 13566 135
0.3 13567 135
0.3 13568 135
0.3 13569 135
0.3 13570 135
0.3 13571 118
0.3 13572 113
0.3 13573 113
0.3 13574 118
0.3 13575 97
0.3 13576 16
0.3 13577 5
0.3 13578 10
0.3 13579 16
0.3 13580 21
0.3 13581 21
0.3 13582 21
0.3 13583 5
0.3 13584 5
0.3 13585 10
0.3 13586 21
0.3 13587 21
0.3 13588 21
0.3 13589 27
0.3 13590 37
0.3 13591 37
0.3 13592 43
0.3 13593 43
0.3 13594 43
0.3 13595 48
0.3 13596 37
0.3 13597 0
0.3 13598 5
0.3 13599 0
0.3 13600 0
0.3 13601 0
0.3 13602 5
0.3 13603 16
0.3 13604 16
0.3 13605 21
0.3 13606 32
0.3 13607 43
0.3 13608 59
0.3 13609 59
0.3 13610 64
0.3 13611 70
0.3 13612 70
0.3 13613 59
0.3 13614 59
0.3 13615 64
0.3 13616 21
0.3 13617 0
0.3 13618 0
0.3 13619 5
0.3 13620 0
0.3 13621 0
0.3 13622 5
0.3 13623 10
0.3 13624 10
0.3 13625 10
0.3 13626 10
0.3 13627 5
0.3 13628 10
0.3 13629 10
0.3 13630 16
0.3 13631 16
0.3 13632 21
0.3 13633 21
0.3 13634 27
0.3 13635 43
0.3 13636 48
0.3 13637 54
0.3 13638 64
0.3 13639 54
0.3 13640 54
0.3 13641 64
0.3 13642 64
0.3 13643 54
0.3 13644 37
0.3 13645 37
0.3 13646 32
0.3 13647 43
0.3 13648 43
0.3 13649 54
0.3 13650 54
0.3 13651 54
0.3 13652 54
0.3 13653 70
0.3 13654 75
0.3 13655 91
0.3 13656 97
0.3 13657 108
0.3 13658 124
0.3 13659 124
0.3 13660 124
0.3 13661 135
0.3 13662 135
0.3 13663 135
0.3 13664 135
0.3 13665 135
0.3 13666 135
0.3 13667 129
0.3 13668 129
0.3 13669 135
0.3 13670 129
0.3 13671 135
0.3 13672 129
0.3 13673 135
0.3 13674 102
0.3 13675 27
0.3 13676 32
0.3 13677 37
0.3 13678 48
0.3 13679 54
0.3 13680 59
0.3 13681 59
0.3 13682 70
0.3 13683 70
0.3 13684 59
0.3 13685 59
0.3 13686 70
0.3 13687 70
0.3 13688 70
0.3 13689 59
0.3 13690 64
0.3 13691 75
0.3 13692 81
0.3 13693 27
0.3 13694 0
0.3 13695 0
0.3 13696 0
0.3 13697 0
0.3 13698 0
0.3 13699 0
0.3 13700 0
0.3 13701 5
0.3 13702 5
0.3 13703 5
0.3 13704 0
0.3 13705 0
0.3 13706 5
0.3 13707 0
0.3 13708 0
0.3 13709 0
0.3 13710 0
0.3 13711 0
0.3 13712 5
0.3 13713 5
0.3 13714 16
0.3 13715 27
0.3 13716 10
0.3 13717 21
0.3 13718 21
0.3 13719 32
0.3 13720 0
0.3 13721 0
0.3 13722 0
0.3 13723 0
0.3 13724 0
0.3 13725 0
0.3 13726 0
0.3 13727 16
0.3 13728 21
0.3 13729 21
0.3 13730 32
0.3 13731 27
0.3 13732 32
0.3 13733 27
0.3 13734 32
0.3 13735 16
0.3 13736 16
0.3 13737 16
0.3 13738 10
0.3 13739 10
0.3 13740 5
0.3 13741 10
0.3 13742 16
0.3 13743 21
0.3 13744 32
0.3 13745 32
0.3 13746 32
0.3 13747 21
0.3 13748 16
0.3 13749 5
0.3 13750 0
0.3 13751 5
0.3 13752 0
0.3 13753 0
0.3 13754 5
0.3 13755 0
0.3 13756 5
0.3 13757 16
0.3 13758 27
0.3 13759 27
0.3 13760 21
0.3 13761 21
0.3 13762 21
0.3 13763 21
0.3 13764 21
0.3 13765 21
0.3 13766 37
0.3 13767 43
0.3 13768 43
0.3 13769 54
0.3 13770 54
0.3 13771 59
0.3 13772 75
0.3 13773 86
0.3 13774 86
0.3 13775 70
0.3 13776 10
0.3 13777 10
0.3 13778 0
0.3 13779 5
0.3 13780 5
0.3 13781 5
0.3 13782 16
0.3 13783 16
0.3 13784 27
0.3 13785 32
0.3 13786 43
0.3 13787 54
0.3 13788 48
0.3 13789 48
0.3 13790 37
0.3 13791 43
0.3 13792 48
0.3 13793 54
0.3 13794 54
0.3 13795 59
0.3 13796 70
0.3 13797 70
0.3 13798 75
0.3 13799 54
0.3 13800 0
0.3 13801 5
0.3 13802 0
0.3 13803 0
0.3 13804 0
0.3 13805 0
0.3 13806 0
0.3 13807 0
0.3 13808 5
0.3 13809 5
0.3 13810 5
0.3 13811 5
0.3 13812 5
0.3 13813 10
0.3 13814 21
0.3 13815 21
0.3 13816 27
0.3 13817 32
0.3 13818 43
0.3 13819 43
0.3 13820 54
0.3 13821 59
0.3 13822 10
0.3 13823 21
0.3 13824 10
0.3 13825 0
0.3 13826 5
0.3 13827 5
0.3 13828 5
0.3 13829 5
0.3 13830 0
0.3 13831 5
0.3 13832 10
0.3 13833 0
0.3 13834 0
0.3 13835 0
0.3 13836 5
0.3 13837 16
0.3 13838 21
0.3 13839 27
0.3 13840 37
0.3 13841 37
0.3 13842 43
0.3 13843 43
0.3 13844 37
0.3 13845 27
0.3 13846 10
0.3 13847 0
0.3 13848 0
0.3 13849 0
0.3 13850 0
0.3 13851 5
0.3 13852 0
0.3 13853 0
0.3 13854 0
0.3 13855 0
0.3 13856 0
0.3 13857 0
0.3 13858 0
0.3 13859 0
0.3 13860 0
0.3 13861 10
0.3 13862 0
0.3 13863 0
0.3 13864 5
0.3 13865 5
0.3 13866 5
0.3 13867 5
0.3 13868 0
0.3 13869 5
0.3 13870 16
0.3 13871 0
0.3 13872 10
0.3 13873 16
0.3 13874 0
0.3 13875 0
0.3 13876 0
0.3 13877 0
0.3 13878 0
0.3 13879 0
0.3 13880 0
0.3 13881 0
0.3 13882 0
0.3 13883 5
0.3 13884 5
0.3 13885 10
0.3 13886 16
0.3 13887 16
0.3 13888 16
0.3 13889 0
0.3 13890 0
0.3 13891 5
0.3 13892 16
0.3 13893 16
0.3 13894 16
0.3 13895 16
0.3 13896 16
0.3 13897 27
0.3 13898 0
0.3 13899 0
0.3 13900 10
0.3 13901 10
0.3 13902 21
0.3 13903 27
0.3 13904 37
0.3 13905 10
0.3 13906 0
0.3 13907 0
0.3 13908 10
0.3 13909 5
0.3 13910 10
0.3 13911 0
0.3 13912 10
0.3 13913 10
0.3 13914 10
0.3 13915 16
0.3 13916 27
0.3 13917 32
0.3 13918 32
0.3 13919 32
0.3 13920 43
0.3 13921 54
0.3 13922 64
0.3 13923 64
0.3 13924 75
0.3 13925 81
0.3 13926 86
0.3 13927 86
0.3 13928 64
0.3 13929 70
0.3 13930 81
0.3 13931 86
0.3 13932 86
0.3 13933 86
0.3 13934 86
0.3 13935 97
0.3 13936 102
0.3 13937 102
0.3 13938 108
0.3 13939 124
0.3 13940 124
0.3 13941 32
0.3 13942 21
0.3 13943 5
0.3 13944 10
0.3 13945 0
0.3 13946 0
0.3 13947 0
0.3 13948 0
0.3 13949 0
0.3 13950 0
0.3 13951 0
0.3 13952 0
0.3 13953 10
0.3 13954 16
0.3 13955 27
0.3 13956 27
0.3 13957 37
0.3 13958 27
0.3 13959 16
0.3 13960 0
0.3 13961 0
0.3 13962 0
0.3 13963 0
0.3 13964 0
0.3 13965 5
0.3 13966 0
0.3 13967 5
0.3 13968 5
0.3 13969 5
0.3 13970 10
0.3 13971 10
0.3 13972 16
0.3 13973 21
0.3 13974 21
0.3 13975 27
0.3 13976 27
0.3 13977 43
0.3 13978 48
0.3 13979 64
0.3 13980 59
0.3 13981 59
0.3 13982 70
0.3 13983 81
0.3 13984 86
0.3 13985 37
0.3 13986 0
0.3 13987 0
0.3 13988 0
0.3 13989 0
0.3 13990 10
0.3 13991 5
0.3 13992 5
0.3 13993 5
0.3 13994 16
0.3 13995 21
0.3 13996 27
0.3 13997 32
0.3 13998 43
0.3 13999 43
0.3 14000 54
0.3 14001 59
0.3 14002 59
0.3 14003 70
0.3 14004 43
0.3 14005 16
0.3 14006 0
0.3 14007 0
0.3 14008 0
0.3 14009 5
0.3 14010 0
0.3 14011 0
0.3 14012 0
0.3 14013 5
0.3 14014 5
0.3 14015 5
0.3 14016 0
0.3 14017 0
0.3 14018 5
0.3 14019 0
0.3 14020 10
0.3 14021 0
0.3 14022 0
0.3 14023 0
0.3 14024 0
0.3 14025 0
0.3 14026 0
0.3 14027 5
0.3 14028 10
0.3 14029 0
0.3 14030 5
0.3 14031 5
0.3 14032 16
0.3 14033 16
0.3 14034 0
0.3 14035 5
0.3 14036 0
0.3 14037 0
0.3 14038 5
0.3 14039 5
0.3 14040 10
0.3 14041 10
0.3 14042 10
0.3 14043 16
0.3 14044 27
0.3 14045 43
0.3 14046 27
0.3 14047 32
0.3 14048 32
0.3 14049 32
0.3 14050 32
0.3 14051 32
0.3 14052 32
0.3 14053 32
0.3 14054 32
0.3 14055 37
0.3 14056 37
0.3 14057 37
0.3 14058 43
0.3 14059 48
0.3 14060 59
0.3 14061 59
0.3 14062 16
0.3 14063 0
0.3 14064 0
0.3 14065 0
0.3 14066 0
0.3 14067 0
0.3 14068 5
0.3 14069 10
0.3 14070 10
0.3 14071 10
0.3 14072 21
0.3 14073 21
0.3 14074 21
0.3 14075 27
0.3 14076 37
0.3 14077 21
0.3 14078 10
0.3 14079 16
0.3 14080 16
0.3 14081 27
0.3 14082 32
0.3 14083 37
0.3 14084 32
0.3 14085 32
0.3 14086 43
0.3 14087 43
0.3 14088 48
0.3 14089 64
0.3 14090 64
0.3 14091 21
0.3 14092 0
0.3 14093 0
0.3 14094 5
0.3 14095 10
0.3 14096 0
0.3 14097 0
0.3 14098 0
0.3 14099 0
0.3 14100 5
0.3 14101 5
0.3 14102 5
0.3 14103 0
0.3 14104 5
0.3 14105 0
0.3 14106 5
0.3 14107 5
0.3 14108 21
0.3 14109 0
0.3 14110 0
0.3 14111 10
0.3 14112 0
0.3 14113 0
0.3 14114 5
0.3 14115 0
0.3 14116 0
0.3 14117 5
0.3 14118 5
0.3 14119 5
0.3 14120 10
0.3 14121 10
0.3 14122 10
0.3 14123 10
0.3 14124 10
0.3 14125 16
0.3 14126 21
0.3 14127 10
0.3 14128 0
0.3 14129 10
0.3 14130 16
0.3 14131 5
0.3 14132 10
0.3 14133 10
0.3 14134 0
0.3 14135 0
0.3 14136 5
0.3 14137 16
0.3 14138 16
0.3 14139 21
0.3 14140 32
0.3 14141 32
0.3 14142 37
0.3 14143 37
0.3 14144 37
0.3 14145 37
0.3 14146 48
0.3 14147 48
0.3 14148 54
0.3 14149 64
0.3 14150 70
0.3 14151 81
0.3 14152 81
0.3 14153 97
0.3 14154 102
0.3 14155 113
0.3 14156 129
0.3 14157 129
0.3 14158 135
0.3 14159 124
0.3 14160 124
0.3 14161 27
0.3 14162 0
0.3 14163 0
0.3 14164 0
0.3 14165 0
0.3 14166 0
0.3 14167 0
0.3 14168 0
0.3 14169 5
0.3 14170 0
0.3 14171 10
0.3 14172 5
0.3 14173 10
0.3 14174 21
0.3 14175 21
0.3 14176 21
0.3 14177 21
0.3 14178 21
0.3 14179 32
0.3 14180 43
0.3 14181 54
0.3 14182 59
0.3 14183 70
0.3 14184 75
0.3 14185 81
0.3 14186 81
0.3 14187 43
0.3 14188 21
0.3 14189 5
0.3 14190 16
0.3 14191 16
0.3 14192 27
0.3 14193 32
0.3 14194 37
0.3 14195 37
0.3 14196 43
0.3 14197 48
0.3 14198 54
0.3 14199 64
0.3 14200 59
0.3 14201 70
0.3 14202 75
0.3 14203 75
0.3 14204 81
0.3 14205 75
0.3 14206 86
0.3 14207 91
0.3 14208 91
0.3 14209 102
0.3 14210 118
0.3 14211 27
0.3 14212 0
0.3 14213 0
0.3 14214 0
0.3 14215 0
0.3 14216 0
0.3 14217 0
0.3 14218 5
0.3 14219 5
0.3 14220 16
0.3 14221 5
0.3 14222 0
0.3 14223 0
0.3 14224 5
0.3 14225 21
0.3 14226 21
0.3 14227 27
0.3 14228 10
0.3 14229 5
0.3 14230 10
0.3 14231 21
0.3 14232 27
0.3 14233 27
0.3 14234 32
0.3 14235 32
0.3 14236 32
0.3 14237 21
0.3 14238 16
0.3 14239 27
0.3 14240 21
0.3 14241 0
0.3 14242 0
0.3 14243 0
0.3 14244 0
0.3 14245 0
0.3 14246 0
0.3 14247 10
0.3 14248 16
0.3 14249 0
0.3 14250 0
0.3 14251 10
0.3 14252 5
0.3 14253 5
0.3 14254 5
0.3 14255 5
0.3 14256 10
0.3 14257 16
0.3 14258 27
0.3 14259 37
0.3 14260 43
0.3 14261 43
0.3 14262 43
0.3 14263 43
0.3 14264 48
0.3 14265 54
0.3 14266 59
0.3 14267 59
0.3 14268 64
0.3 14269 81
0.3 14270 91
0.3 14271 91
0.3 14272 102
0.3 14273 102
0.3 14274 102
0.3 14275 37
0.3 14276 0
0.3 14277 0
0.3 14278 0
0.3 14279 0
0.3 14280 5
0.3 14281 0
0.3 14282 0
0.3 14283 0
0.3 14284 0
0.3 14285 0
0.3 14286 16
0.3 14287 0
0.3 14288 0
0.3 14289 0
0.3 14290 0
0.3 14291 0
0.3 14292 0
0.3 14293 0
0.3 14294 0
0.3 14295 0
0.3 14296 10
0.3 14297 10
0.3 14298 0
0.3 14299 0
0.3 14300 0
0.3 14301 0
0.3 14302 0
0.3 14303 0
0.3 14304 5
0.3 14305 10
0.3 14306 0
0.3 14307 10
0.3 14308 10
0.3 14309 16
0.3 14310 0
0.3 14311 0
0.3 14312 10
0.3 14313 5
0.3 14314 5
0.3 14315 5
0.3 14316 5
0.3 14317 10
0.3 14318 0
0.3 14319 10
0.3 14320 0
0.3 14321 0
0.3 14322 0
0.3 14323 5
0.3 14324 10
0.3 14325 16
0.3 14326 27
0.3 14327 32
0.3 14328 37
0.3 14329 27
0.3 14330 5
0.3 14331 5
0.3 14332 10
0.3 14333 0
0.3 14334 5
0.3 14335 5
0.3 14336 21
0.3 14337 21
0.3 14338 16
0.3 14339 16
0.3 14340 27
0.3 14341 27
0.3 14342 27
0.3 14343 27
0.3 14344 16
0.3 14345 5
0.3 14346 0
0.3 14347 0
0.3 14348 0
0.3 14349 5
0.3 14350 10
0.3 14351 10
0.3 14352 10
0.3 14353 16
0.3 14354 16
0.3 14355 0
0.3 14356 0
0.3 14357 0
0.3 14358 5
0.3 14359 16
0.3 14360 32
0.3 14361 32
0.3 14362 43
0.3 14363 21
0.3 14364 27
0.3 14365 37
0.3 14366 21
0.3 14367 5
0.3 14368 16
0.3 14369 0
0.3 14370 5
0.3 14371 10
0.3 14372 27
0.3 14373 32
0.3 14374 32
0.3 14375 16
0.3 14376 16
0.3 14377 16
0.3 14378 27
0.3 14379 32
0.3 14380 43
0.3 14381 54
0.3 14382 54
0.3 14383 64
0.3 14384 75
0.3 14385 75
0.3 14386 81
0.3 14387 91
0.3 14388 5
0.3 14389 16
0.3 14390 5
0.3 14391 10
0.3 14392 5
0.3 14393 5
0.3 14394 16
0.3 14395 16
0.3 14396 21
0.3 14397 21
0.3 14398 21
0.3 14399 32
0.3 14400 32
0.3 14401 0
0.3 14402 5
0.3 14403 10
0.3 14404 21
0.3 14405 21
0.3 14406 21
0.3 14407 5
0.3 14408 10
0.3 14409 21
0.3 14410 21
0.3 14411 16
0.3 14412 27
0.3 14413 27
0.3 14414 27
0.3 14415 32
0.3 14416 48
0.3 14417 48
0.3 14418 48
0.3 14419 48
0.3 14420 54
0.3 14421 59
0.3 14422 70
0.3 14423 86
0.3 14424 16
0.3 14425 0
0.3 14426 5
0.3 14427 10
0.3 14428 21
0.3 14429 21
0.3 14430 27
0.3 14431 27
0.3 14432 43
0.3 14433 54
0.3 14434 54
0.3 14435 54
0.3 14436 64
0.3 14437 70
0.3 14438 91
0.3 14439 102
0.3 14440 102
0.3 14441 102
0.3 14442 102
0.3 14443 113
0.3 14444 113
0.3 14445 118
0.3 14446 129
0.3 14447 129
0.3 14448 135
0.3 14449 135
0.3 14450 118
0.3 14451 124
0.3 14452 129
0.3 14453 129
0.3 14454 135
0.3 14455 135
0.3 14456 135
0.3 14457 135
0.3 14458 97
0.3 14459 0
0.3 14460 0
0.3 14461 0
0.3 14462 0
0.3 14463 5
0.3 14464 5
0.3 14465 5
0.3 14466 0
0.3 14467 10
0.3 14468 0
0.3 14469 5
0.3 14470 10
0.3 14471 16
0.3 14472 21
0.3 14473 27
0.3 14474 27
0.3 14475 37
0.3 14476 54
0.3 14477 59
0.3 14478 59
0.3 14479 59
0.3 14480 59
0.3 14481 64
0.3 14482 5
0.3 14483 0
0.3 14484 0
0.3 14485 0
0.3 14486 0
0.3 14487 0
0.3 14488 0
0.3 14489 10
0.3 14490 16
0.3 14491 21
0.3 14492 16
0.3 14493 16
0.3 14494 16
0.3 14495 32
0.3 14496 32
0.3 14497 43
0.3 14498 43
0.3 14499 0
0.3 14500 5
0.3 14501 5
0.3 14502 5
0.3 14503 5
0.3 14504 0
0.3 14505 0
0.3 14506 0
0.3 14507 5
0.3 14508 5
0.3 14509 5
0.3 14510 0
0.3 14511 5
0.3 14512 0
0.3 14513 0
0.3 14514 0
0.3 14515 0
0.3 14516 0
0.3 14517 0
0.3 14518 0
0.3 14519 0
0.3 14520 10
0.3 14521 10
0.3 14522 10
0.3 14523 21
0.3 14524 5
0.3 14525 10
0.3 14526 21
0.3 14527 16
0.3 14528 21
0.3 14529 27
0.3 14530 32
0.3 14531 32
0.3 14532 43
0.3 14533 21
0.3 14534 0
0.3 14535 0
0.3 14536 0
0.3 14537 0
0.3 14538 0
0.3 14539 5
0.3 14540 16
0.3 14541 27
0.3 14542 27
0.3 14543 27
0.3 14544 27
0.3 14545 16
0.3 14546 16
0.3 14547 16
0.3 14548 16
0.3 14549 21
0.3 14550 21
0.3 14551 10
0.3 14552 16
0.3 14553 0
0.3 14554 0
0.3 14555 5
0.3 14556 5
0.3 14557 16
0.3 14558 16
0.3 14559 21
0.3 14560 5
0.3 14561 0
0.3 14562 0
0.3 14563 5
0.3 14564 10
0.3 14565 16
0.3 14566 27
0.3 14567 32
0.3 14568 43
0.3 14569 64
0.3 14570 86
0.3 14571 91
0.3 14572 91
0.3 14573 91
0.3 14574 102
0.3 14575 113
0.3 14576 86
0.3 14577 97
0.3 14578 102
0.3 14579 108
0.3 14580 108
0.3 14581 102
0.3 14582 102
0.3 14583 113
0.3 14584 129
0.3 14585 129
0.3 14586 129
0.3 14587 135
0.3 14588 135
0.3 14589 135
0.3 14590 135
0.3 14591 129
0.3 14592 135
0.3 14593 135
0.3 14594 135
0.3 14595 135
0.3 14596 135
0.3 14597 135
0.3 14598 135
0.3 14599 113
0.3 14600 5
0.3 14601 0
0.3 14602 0
0.3 14603 0
0.3 14604 0
0.3 14605 0
0.3 14606 0
0.3 14607 0
0.3 14608 5
0.3 14609 16
0.3 14610 5
0.3 14611 0
0.3 14612 0
0.3 14613 10
0.3 14614 10
0.3 14615 16
0.3 14616 21
0.3 14617 27
0.3 14618 16
0.3 14619 21
0.3 14620 21
0.3 14621 32
0.3 14622 37
0.3 14623 43
0.3 14624 27
0.3 14625 0
0.3 14626 0
0.3 14627 0
0.3 14628 10
0.3 14629 10
0.3 14630 27
0.3 14631 16
0.3 14632 5
0.3 14633 0
0.3 14634 0
0.3 14635 0
0.3 14636 5
0.3 14637 5
0.3 14638 5
0.3 14639 5
0.3 14640 10
0.3 14641 16
0.3 14642 27
0.3 14643 32
0.3 14644 43
0.3 14645 54
0.3 14646 54
0.3 14647 59
0.3 14648 70
0.3 14649 81
0.3 14650 10
0.3 14651 0
0.3 14652 0
0.3 14653 5
0.3 14654 5
0.3 14655 5
0.3 14656 10
0.3 14657 16
0.3 14658 16
0.3 14659 27
0.3 14660 32
0.3 14661 37
0.3 14662 43
0.3 14663 43
0.3 14664 21
0.3 14665 5
0.3 14666 5
0.3 14667 10
0.3 14668 10
0.3 14669 0
0.3 14670 0
0.3 14671 0
0.3 14672 0
0.3 14673 0
0.3 14674 0
0.3 14675 0
0.3 14676 0
0.3 14677 0
0.3 14678 0
0.3 14679 0
0.3 14680 0
0.3 14681 5
0.3 14682 5
0.3 14683 5
0.3 14684 5
0.3 14685 0
0.3 14686 0
0.3 14687 16
0.3 14688 21
0.3 14689 21
0.3 14690 10
0.3 14691 5
0.3 14692 0
0.3 14693 0
0.3 14694 5
0.3 14695 10
0.3 14696 0
0.3 14697 0
0.3 14698 0
0.3 14699 5
0.3 14700 5
0.3 14701 10
0.3 14702 5
0.3 14703 0
0.3 14704 0
0.3 14705 16
0.3 14706 10
0.3 14707 0
0.3 14708 0
0.3 14709 0
0.3 14710 0
0.3 14711 0
0.3 14712 5
0.3 14713 5
0.3 14714 0
0.3 14715 10
0.3 14716 16
0.3 14717 10
0.3 14718 10
0.3 14719 27
0.3 14720 37
0.3 14721 37
0.3 14722 21
0.3 14723 37
0.3 14724 37
0.3 14725 43
0.3 14726 27
0.3 14727 0
0.3 14728 10
0.3 14729 5
0.3 14730 5
0.3 14731 0
0.3 14732 5
0.3 14733 5
0.3 14734 21
0.3 14735 32
0.3 14736 0
0.3 14737 5
0.3 14738 5
0.3 14739 5
0.3 14740 16
0.3 14741 21
0.3 14742 16
0.3 14743 21
0.3 14744 27
0.3 14745 37
0.3 14746 48
0.3 14747 48
0.3 14748 48
0.3 14749 59
0.3 14750 75
0.3 14751 86
0.3 14752 64
0.3 14753 0
0.3 14754 0
0.3 14755 0
0.3 14756 0
0.3 14757 5
0.3 14758 16
0.3 14759 27
0.3 14760 37
0.3 14761 37
0.3 14762 37
0.3 14763 37
0.3 14764 37
0.3 14765 43
0.3 14766 43
0.3 14767 43
0.3 14768 48
0.3 14769 48
0.3 14770 54
0.3 14771 64
0.3 14772 64
0.3 14773 64
0.3 14774 64
0.3 14775 64
0.3 14776 64
0.3 14777 37
0.3 14778 0
0.3 14779 0
0.3 14780 0
0.3 14781 0
0.3 14782 0
0.3 14783 0
0.3 14784 5
0.3 14785 0
0.3 14786 5
0.3 14787 10
0.3 14788 0
0.3 14789 10
0.3 14790 10
0.3 14791 16
0.3 14792 0
0.3 14793 0
0.3 14794 0
0.3 14795 0
0.3 14796 5
0.3 14797 0
0.3 14798 0
0.3 14799 0
0.3 14800 5
0.3 14801 10
0.3 14802 0
0.3 14803 5
0.3 14804 5
0.3 14805 10
0.3 14806 16
0.3 14807 5
0.3 14808 5
0.3 14809 10
0.3 14810 10
0.3 14811 5
0.3 14812 0
0.3 14813 0
0.3 14814 0
0.3 14815 0
0.3 14816 0
0.3 14817 0
0.3 14818 0
0.3 14819 5
0.3 14820 5
0.3 14821 16
0.3 14822 5
0.3 14823 0
0.3 14824 0
0.3 14825 0
0.3 14826 0
0.3 14827 0
0.3 14828 0
0.3 14829 0
0.3 14830 0
0.3 14831 0
0.3 14832 0
0.3 14833 0
0.3 14834 0
0.3 14835 0
0.3 14836 16
0.3 14837 10
0.3 14838 5
0.3 14839 0
0.3 14840 0
0.3 14841 0
0.3 14842 0
0.3 14843 0
0.3 14844 0
0.3 14845 0
0.3 14846 10
0.3 14847 5
0.3 14848 10
0.3 14849 10
0.3 14850 27
0.3 14851 21
0.3 14852 5
0.3 14853 5
0.3 14854 0
0.3 14855 0
0.3 14856 5
0.3 14857 0
0.3 14858 0
0.3 14859 0
0.3 14860 0
0.3 14861 5
0.3 14862 5
0.3 14863 16
0.3 14864 32
0.3 14865 32
0.3 14866 32
0.3 14867 43
0.3 14868 54
0.3 14869 64
0.3 14870 75
0.3 14871 75
0.3 14872 75
0.3 14873 70
0.3 14874 37
0.3 14875 32
0.3 14876 43
0.3 14877 37
0.3 14878 37
0.3 14879 37
0.3 14880 37
0.3 14881 43
0.3 14882 54
0.3 14883 54
0.3 14884 54
0.3 14885 54
0.3 14886 64
0.3 14887 64
0.3 14888 75
0.3 14889 86
0.3 14890 91
0.3 14891 97
0.3 14892 5
0.3 14893 0
0.3 14894 0
0.3 14895 5
0.3 14896 5
0.3 14897 0
0.3 14898 0
0.3 14899 0
0.3 14900 0
0.3 14901 0
0.3 14902 0
0.3 14903 5
0.3 14904 16
0.3 14905 16
0.3 14906 5
0.3 14907 16
0.3 14908 27
0.3 14909 27
0.3 14910 21
0.3 14911 0
0.3 14912 0
0.3 14913 5
0.3 14914 0
0.3 14915 0
0.3 14916 10
0.3 14917 0
0.3 14918 0
0.3 14919 0
0.3 14920 0
0.3 14921 0
0.3 14922 0
0.3 14923 0
0.3 14924 0
0.3 14925 10
0.3 14926 21
0.3 14927 16
0.3 14928 21
0.3 14929 21
0.3 14930 21
0.3 14931 21
0.3 14932 21
0.3 14933 27
0.3 14934 27
0.3 14935 27
0.3 14936 32
0.3 14937 37
0.3 14938 43
0.3 14939 10
0.3 14940 10
0.3 14941 0
0.3 14942 0
0.3 14943 0
0.3 14944 0
0.3 14945 5
0.3 14946 0
0.3 14947 0
0.3 14948 0
0.3 14949 0
0.3 14950 10
0.3 14951 0
0.3 14952 5
0.3 14953 5
0.3 14954 5
0.3 14955 0
0.3 14956 0
0.3 14957 0
0.3 14958 0
0.3 14959 0
0.3 14960 10
0.3 14961 16
0.3 14962 10
0.3 14963 5
0.3 14964 0
0.3 14965 0
0.3 14966 16
0.3 14967 21
0.3 14968 16
0.3 14969 27
0.3 14970 10
0.3 14971 0
0.3 14972 0
0.3 14973 10
0.3 14974 16
0.3 14975 5
0.3 14976 0
0.3 14977 0
0.3 14978 0
0.3 14979 5
0.3 14980 5
0.3 14981 5
0.3 14982 10
0.3 14983 21
0.3 14984 16
0.3 14985 0
0.3 14986 0
0.3 14987 0
0.3 14988 5
0.3 14989 0
0.3 14990 0
0.3 14991 0
0.3 14992 0
0.3 14993 0
0.3 14994 0
0.3 14995 0
0.3 14996 0
0.3 14997 5
0.3 14998 16
0.3 14999 27
0.3 15000 37
