 132.924545 1.00000000 132.92454529
 199.338043 1.50000000 132.89288330
 265.816895 2.00000000 132.90844727
 332.252380 2.50000000 132.89997864
 398.639740 3.00000000 132.87974548
 465.163788 3.50000000 132.90357971
 531.501282 4.00000000 132.87532043
 597.947266 4.50000000 132.87731934
 664.342285 5.00000000 132.86845398
 730.726013 5.50000000 132.85888672
 797.047913 6.00000000 132.84143066
 863.480042 6.50000000 132.84754944
 929.637939 7.00000000 132.80534363
 996.263184 7.50000000 132.83557129
 1062.404053 8.00000000 132.80050659
 1128.436035 8.50000000 132.75923157
 1194.942383 9.00000000 132.77195740
 1055.064331 9.50000000 111.05944824
 1029.092163 10.00000000 102.90910339
 1051.424438 10.50000000 100.13568878
 1033.175049 11.00000000 93.92488098
 1038.627563 11.50000000 90.31564331
 1021.755005 12.00000000 85.14615631
 1024.917114 12.50000000 81.99354553
 1031.212769 13.00000000 79.32413483
 1033.246948 13.50000000 76.53675842
 1005.458984 14.00000000 71.81846619
 1004.770630 14.50000000 69.29453278
 1013.831299 15.00000000 67.58873749
 971.945312 15.50000000 62.70626068
 984.641174 16.00000000 61.54007339
 994.627197 16.50000000 60.28034973
 990.338867 17.00000000 58.25520706
 977.866577 17.50000000 55.87821579
 955.146606 18.00000000 53.06375122
 965.892639 18.50000000 52.21046066
 974.299500 19.00000000 51.27896500
 962.362305 19.50000000 49.35192871
 949.191162 20.00000000 47.45956802
 947.156677 20.50000000 46.20281601
 939.087585 21.00000000 44.71845245
 939.811523 21.50000000 43.71209717
 933.642822 22.00000000 42.43839645
 928.536194 22.50000000 41.26821899
 924.624207 23.00000000 40.20112991
 916.112549 23.50000000 38.98352814
 915.354797 24.00000000 38.13980484
 911.572998 24.50000000 37.20705795
 900.164368 25.00000000 36.00663376
 896.421387 25.50000000 35.15382004
 895.473267 26.00000000 34.44125748
 888.682007 26.50000000 33.53516006
 886.062439 27.00000000 32.81717682
 873.255615 27.50000000 31.75470543
 875.112244 28.00000000 31.25402641
 866.612000 28.50000000 30.40737534
 864.382996 29.00000000 29.80630875
 854.923340 29.50000000 28.98038673
 852.880981 30.00000000 28.42934227
 851.744385 30.50000000 27.92605209
 842.356689 31.00000000 27.17275429
 839.192017 31.50000000 26.64100075
 829.986938 32.00000000 25.93709183
 827.884460 32.50000000 25.47337914
 821.839050 33.00000000 24.90420914
 817.676575 33.50000000 24.40822792
 816.787781 34.00000000 24.02311516
 808.765320 34.50000000 23.44245148
 795.857422 35.00000000 22.73876953
 797.998535 35.50000000 22.47883606
 793.709473 36.00000000 22.04749870
 784.395325 36.50000000 21.49026680
 778.651062 37.00000000 21.04463577
 779.698914 37.50000000 20.79193497
 768.287292 38.00000000 20.21809196
 764.496582 38.50000000 19.85707664
 763.587524 39.00000000 19.57918358
 753.462585 39.50000000 19.07494164
 752.768127 40.00000000 18.81921196
 743.568298 40.50000000 18.35976601
 741.050232 41.00000000 18.07435608
 736.498047 41.50000000 17.74687958
 730.146912 42.00000000 17.38443947
 718.347168 42.50000000 16.90230751
 716.011047 43.00000000 16.65143204
 709.343140 43.50000000 16.30670547
 707.913269 44.00000000 16.08893204
 698.563782 44.50000000 15.69804478
 692.351624 45.00000000 15.38558674
 687.286865 45.50000000 15.10515022
 684.349060 46.00000000 14.87715244
 675.718140 46.50000000 14.53156376
 671.934998 47.00000000 14.29645061
 669.736145 47.50000000 14.09972286
 661.202087 48.00000000 13.77507782
 659.197754 48.50000000 13.59171295
 651.841187 49.00000000 13.30285931
 645.905579 49.50000000 13.04862595
 640.623779 50.00000000 12.81248379
 634.619324 50.50000000 12.56667900
 628.538269 51.00000000 12.32419682
 622.715820 51.50000000 12.09160995
 616.420654 52.00000000 11.85423470
 612.431152 52.50000000 11.66537857
 604.963867 53.00000000 11.41440582
 600.256409 53.50000000 11.21973801
 596.896423 54.00000000 11.05364418
 587.442810 54.50000000 10.77875996
 581.555664 55.00000000 10.57374668
 576.038330 55.50000000 10.37907124
 568.351379 56.00000000 10.14912510
 565.292603 56.50000000 10.00521088
 562.291321 57.00000000 9.86474705
 553.026489 57.50000000 9.61785698
 549.163086 58.00000000 9.46831703
 542.761536 58.50000000 9.27802277
 536.012817 59.00000000 9.08499527
 530.733032 59.50000000 8.91989613
 526.751953 60.00000000 8.77921486
 520.323914 60.50000000 8.60037136
 513.935669 61.00000000 8.42517948
 509.855225 61.50000000 8.29037571
 500.327728 62.00000000 8.06979942
 497.664368 62.50000000 7.96262884
 491.350769 63.00000000 7.79916811
 483.253113 63.50000000 7.61029577
 479.006195 64.00000000 7.48447180
 473.154449 64.50000000 7.33570910
 467.399261 65.00000000 7.19076538
 461.002106 65.50000000 7.03819561
 454.334595 66.00000000 6.88386822
 448.421356 66.50000000 6.74317265
 444.279205 67.00000000 6.63103485
 438.799408 67.50000000 6.50074148
 432.000427 68.00000000 6.35294437
 424.936371 68.50000000 6.20345640
 418.107910 69.00000000 6.05953312
 413.246216 69.50000000 5.94598436
 405.531158 70.00000000 5.79329729
 401.538300 70.50000000 5.69557333
 395.242615 71.00000000 5.56678629
 387.362183 71.50000000 5.41765070
 382.827362 72.00000000 5.31703615
 375.560425 72.50000000 5.18015051
 369.396820 73.00000000 5.06025028
 364.367889 73.50000000 4.95738363
 358.112579 74.00000000 4.83935499
 351.785767 74.50000000 4.72190666
 343.938446 75.00000000 4.58584881
 339.743317 75.50000000 4.49992085
 332.714874 76.00000000 4.37781715
 326.859467 76.50000000 4.27267838
 319.770325 77.00000000 4.15286160
 313.854950 77.50000000 4.04975033
 308.080200 78.00000000 3.94972682
 301.850800 78.50000000 3.84522533
 295.146118 79.00000000 3.73603010
 288.771179 79.50000000 3.63234091
 281.689514 80.00000000 3.52112436
 275.194916 80.50000000 3.41856956
 269.338257 81.00000000 3.32516479
 262.378265 81.50000000 3.21936035
 256.851624 82.00000000 3.13231635
 249.582672 82.50000000 3.02524900
 243.759537 83.00000000 2.93686104
 236.621765 83.50000000 2.83379269
 230.015259 84.00000000 2.73828626
 223.604233 84.50000000 2.64620066
 216.700958 85.00000000 2.54942560
 210.547226 85.50000000 2.46253943
 203.880417 86.00000000 2.37069798
 196.952972 86.50000000 2.27691483
 190.134293 87.00000000 2.18545723
 183.787735 87.50000000 2.10043049
 176.366684 88.00000000 2.00416565
 169.995712 88.50000000 1.92086041
 163.044632 89.00000000 1.83196771
 155.925613 89.50000000 1.74218428
 149.023346 90.00000000 1.65581727
 142.809387 90.50000000 1.57800508
 135.499756 91.00000000 1.48902178
 128.539444 91.50000000 1.40480351
 121.388496 92.00000000 1.31943941
 114.228264 92.50000000 1.23489714
 107.330597 93.00000000 1.15409362
 99.815735 93.50000000 1.06754911
 92.880676 94.00000000 0.98808730
 85.377953 94.50000000 0.90347058
 78.315033 95.00000000 0.82436562
 70.903175 95.50000000 0.74244267
 63.482368 96.00000000 0.66127282
 55.683319 96.50000000 0.57702851
 48.186813 97.00000000 0.49677172
 40.417347 97.50000000 0.41453591
 32.553223 98.00000000 0.33217558
 24.826859 98.50000000 0.25204825
 16.658838 99.00000000 0.16827035
 8.409754 99.50000000 0.08451986
 0.000000 100.00000000 0.00000000
