1 0 0 0 20 5000 5000 0 0.0 30.0 0.0 0.0 0.0 0.0
2 0 0 0 40 5000 5000 0 0.0 30.0 0.0 0.0 0.0 0.0
3 0 0 0 60 5000 5000 0 0.0 30.0 0.0 0.0 0.0 0.0
4 0 0 0 80 5000 5000 0 0.0 30.0 0.0 0.0 0.0 0.0
5 0 0 0 100 5000 5000 0 0.0 30.0 0.0 0.0 0.0 0.0
6 0 0 0 120 5000 5000 0 0.0 30.0 0.0 0.0 0.0 0.0
7 0 0 0 140 5000 5000 0 0.0 30.0 0.0 0.0 0.0 0.0
8 0 0 0 160 5000 5000 0 0.0 30.0 0.0 0.0 0.0 0.0
9 8 2 1 180 5000 5000 9 1.0E-5 30.0 0.0 9.0E-6 2.0E-6 1.0E-6
10 451 68 59 200 5000 5000 460 4.6E-4 30.0 0.002 4.51E-4 6.8E-5 5.9E-5
11 4875 589 482 220 5000 5000 4982 0.004529 30.0 0.015 0.004432 5.35E-4 4.38E-4
12 8580 946 761 240 5000 5000 8765 0.007304 30.0 0.024 0.00715 7.88E-4 6.34E-4
13 13004 1438 1167 260 5000 5000 13275 0.010212 30.0 0.034 0.010003 0.001106 8.98E-4
14 17167 1657 1311 280 5000 5000 17513 0.012509 30.0 0.042 0.012262 0.001184 9.36E-4
15 21006 2189 1780 300 5000 5000 21415 0.014277 30.0 0.048 0.014004 0.001459 0.001187
16 25708 2553 2069 320 5000 5000 26192 0.01637 30.0 0.055 0.016068 0.001596 0.001293
17 29852 2876 2312 340 5000 5000 30416 0.017892 30.0 0.06 0.01756 0.001692 0.00136
18 34589 3360 2684 360 5000 5000 35265 0.019592 30.0 0.065 0.019216 0.001867 0.001491
19 38450 3242 2612 380 5000 5000 39080 0.020568 30.0 0.069 0.020237 0.001706 0.001375
20 42230 3495 2885 400 5000 5000 42840 0.02142 30.0 0.071 0.021115 0.001748 0.001443
21 47407 4605 3810 420 5000 5000 48202 0.022953 30.0 0.077 0.022575 0.002193 0.001814
22 51076 4337 3594 440 5000 5000 51819 0.023554 30.0 0.079 0.023216 0.001971 0.001634
23 56096 5121 4135 460 5000 5000 57082 0.024818 30.0 0.083 0.02439 0.002227 0.001798
24 59400 4911 3994 480 5000 5000 60317 0.025132 30.0 0.084 0.02475 0.002046 0.001664
25 63214 4831 3980 500 5000 5000 64065 0.025626 30.0 0.085 0.025286 0.001932 0.001592
26 66418 5265 4343 520 5000 5000 67340 0.0259 30.0 0.086 0.025545 0.002025 0.00167
27 72074 6008 4897 540 5000 5000 73185 0.027106 30.0 0.09 0.026694 0.002225 0.001814
28 76189 6228 5149 560 5000 5000 77268 0.027596 30.0 0.092 0.02721 0.002224 0.001839
29 79740 6165 5127 580 5000 5000 80778 0.027854 30.0 0.093 0.027497 0.002126 0.001768
30 84607 6416 5317 600 5000 5000 85706 0.028569 30.0 0.095 0.028202 0.002139 0.001772
31 89326 6680 5530 620 5000 5000 90476 0.029186 30.0 0.097 0.028815 0.002155 0.001784
32 92045 6402 5337 640 5000 5000 93110 0.029097 30.0 0.097 0.028764 0.002001 0.001668
33 95762 6761 5706 660 5000 5000 96817 0.029338 30.0 0.098 0.029019 0.002049 0.001729
34 99241 6609 5564 680 5000 5000 100286 0.029496 30.0 0.098 0.029189 0.001944 0.001636
35 103951 6731 5582 700 5000 5000 105100 0.030029 30.0 0.1 0.0297 0.001923 0.001595
36 106704 6122 5119 720 5000 5000 107707 0.029919 30.0 0.1 0.02964 0.001701 0.001422
37 110462 6796 5614 740 5000 5000 111644 0.030174 30.0 0.101 0.029855 0.001837 0.001517
38 113872 6066 5145 760 5000 5000 114793 0.030209 30.0 0.101 0.029966 0.001596 0.001354
39 116763 6559 5565 779 5000 5000 117757 0.030233 30.0 0.101 0.029978 0.001684 0.001429
40 122390 6743 5729 800 5000 5000 123404 0.030851 30.0 0.103 0.030598 0.001686 0.001432
41 126347 6422 5511 820 5000 5000 127258 0.031039 30.0 0.103 0.030816 0.001566 0.001344
42 127036 5621 4791 840 5000 5000 127866 0.030444 30.0 0.101 0.030247 0.001338 0.001141
43 131033 5982 5102 860 5000 5000 131913 0.030677 30.0 0.102 0.030473 0.001391 0.001187
44 133531 6004 5076 880 5000 5000 134459 0.030559 30.0 0.102 0.030348 0.001365 0.001154
45 136362 5490 4725 900 5000 5000 137127 0.030473 30.0 0.102 0.030303 0.00122 0.00105
46 140744 5377 4648 920 5000 5000 141473 0.030755 30.0 0.103 0.030597 0.001169 0.00101
47 144811 5451 4708 940 5000 5000 145554 0.030969 30.0 0.103 0.030811 0.00116 0.001002
48 147711 4883 4236 960 5000 5000 148358 0.030908 30.0 0.103 0.030773 0.001017 8.82E-4
49 150758 4869 4282 980 5000 5000 151345 0.030887 30.0 0.103 0.030767 9.94E-4 8.74E-4
50 153450 4750 4216 1000 5000 5000 153984 0.030797 30.0 0.103 0.03069 9.5E-4 8.43E-4
51 154518 4463 3885 1020 5000 5000 155096 0.030411 30.0 0.101 0.030298 8.75E-4 7.62E-4
52 159444 4067 3568 1040 5000 5000 159943 0.030758 30.0 0.103 0.030662 7.82E-4 6.86E-4
52 163838 3853 3458 1059 5000 5000 164233 0.031017 30.0 0.103 0.030942 7.28E-4 6.53E-4
54 162430 3634 3218 1080 5000 5000 162846 0.030157 30.0 0.101 0.03008 6.73E-4 5.96E-4
55 167840 3283 2962 1100 5000 5000 168161 0.030575 30.0 0.102 0.030516 5.97E-4 5.39E-4
56 170470 3099 2807 1120 5000 5000 170762 0.030493 30.0 0.102 0.030441 5.53E-4 5.01E-4
57 170746 2878 2591 1140 5000 5000 171033 0.030006 30.0 0.1 0.029955 5.05E-4 4.55E-4
58 171398 2949 2646 1160 5000 5000 171701 0.029604 30.0 0.099 0.029551 5.08E-4 4.56E-4
58 174857 2578 2356 1179 5000 5000 175079 0.0297 30.0 0.099 0.029662 4.37E-4 4.0E-4
60 178348 2137 1977 1200 5000 5000 178508 0.029751 30.0 0.099 0.029725 3.56E-4 3.3E-4
61 179992 1807 1695 1220 5000 5000 180104 0.029525 30.0 0.098 0.029507 2.96E-4 2.78E-4
62 176062 1916 1757 1240 5000 5000 176221 0.028423 30.0 0.095 0.028397 3.09E-4 2.83E-4
63 181027 1528 1444 1260 5000 5000 181111 0.028748 30.0 0.096 0.028734 2.43E-4 2.29E-4
64 179091 1499 1406 1280 5000 5000 179184 0.027998 30.0 0.093 0.027983 2.34E-4 2.2E-4
65 182677 1207 1136 1300 5000 5000 182748 0.028115 30.0 0.094 0.028104 1.86E-4 1.75E-4
66 180507 1202 1132 1320 5000 5000 180577 0.02736 30.0 0.091 0.02735 1.82E-4 1.72E-4
67 181674 944 880 1340 5000 5000 181738 0.027125 30.0 0.09 0.027116 1.41E-4 1.31E-4
68 184494 729 693 1360 5000 5000 184530 0.027137 30.0 0.09 0.027131 1.07E-4 1.02E-4
69 181096 718 669 1380 5000 5000 181145 0.026253 30.0 0.088 0.026246 1.04E-4 9.7E-5
70 177651 704 671 1400 5000 5000 177684 0.025383 30.0 0.085 0.025379 1.01E-4 9.6E-5
71 179944 473 452 1420 5000 5000 179965 0.025347 30.0 0.084 0.025344 6.7E-5 6.4E-5
72 179900 331 315 1440 5000 5000 179916 0.024988 30.0 0.083 0.024986 4.6E-5 4.4E-5
73 174427 331 314 1460 5000 5000 174444 0.023896 30.0 0.08 0.023894 4.5E-5 4.3E-5
74 174956 290 283 1480 5000 5000 174963 0.023644 30.0 0.079 0.023643 3.9E-5 3.8E-5
75 171669 206 204 1500 5000 5000 171671 0.022889 30.0 0.076 0.022889 2.7E-5 2.7E-5
76 168780 202 195 1520 5000 5000 168787 0.022209 30.0 0.074 0.022208 2.7E-5 2.6E-5
77 166096 116 114 1540 5000 5000 166098 0.021571 30.0 0.072 0.021571 1.5E-5 1.5E-5
78 163626 84 84 1559 5000 5000 163626 0.020991 30.0 0.07 0.020991 1.1E-5 1.1E-5
79 158567 37 37 1580 5000 5000 158567 0.020072 30.0 0.067 0.020072 5.0E-6 5.0E-6
80 151614 38 38 1600 5000 5000 151614 0.018952 30.0 0.063 0.018952 5.0E-6 5.0E-6
81 147972 26 25 1620 5000 5000 147973 0.018268 30.0 0.061 0.018268 3.0E-6 3.0E-6
82 142198 21 21 1640 5000 5000 142198 0.017341 30.0 0.058 0.017341 3.0E-6 3.0E-6
83 132641 22 21 1660 5000 5000 132642 0.015981 30.0 0.053 0.015981 3.0E-6 3.0E-6
84 130623 4 4 1680 5000 5000 130623 0.01555 30.0 0.052 0.01555 0.0 0.0
85 121643 4 4 1700 5000 5000 121643 0.014311 30.0 0.048 0.014311 0.0 0.0
86 115186 7 7 1720 5000 5000 115186 0.013394 30.0 0.045 0.013394 1.0E-6 1.0E-6
87 104571 8 8 1740 5000 5000 104571 0.01202 30.0 0.04 0.01202 1.0E-6 1.0E-6
88 98479 2 2 1760 5000 5000 98479 0.011191 30.0 0.037 0.011191 0.0 0.0
89 90567 0 0 1780 5000 5000 90567 0.010176 30.0 0.034 0.010176 0.0 0.0
90 79253 0 0 1800 5000 5000 79253 0.008806 30.0 0.029 0.008806 0.0 0.0
91 70442 0 0 1820 5000 5000 70442 0.007741 30.0 0.026 0.007741 0.0 0.0
92 60138 0 0 1840 5000 5000 60138 0.006537 30.0 0.022 0.006537 0.0 0.0
93 49315 0 0 1860 5000 5000 49315 0.005303 30.0 0.018 0.005303 0.0 0.0
94 39959 0 0 1880 5000 5000 39959 0.004251 30.0 0.014 0.004251 0.0 0.0
95 30739 0 0 1900 5000 5000 30739 0.003236 30.0 0.011 0.003236 0.0 0.0
96 21342 0 0 1920 5000 5000 21342 0.002223 30.0 0.007 0.002223 0.0 0.0
97 13849 0 0 1940 5000 5000 13849 0.001428 30.0 0.005 0.001428 0.0 0.0
98 6774 0 0 1960 5000 5000 6774 6.91E-4 30.0 0.002 6.91E-4 0.0 0.0
99 1137 0 0 1980 5000 5000 1137 1.15E-4 30.0 0.0 1.15E-4 0.0 0.0
100 0 0 0 2000 5000 5000 0 0.0 30.0 0.0 0.0 0.0 0.0
