129.6 1.0 129.6
128.51999 1.0 128.51999
128.79001 1.0 128.79001
131.22 1.0 131.22
127.71001 1.0 127.71001
126.9 1.0 126.9
129.06001 1.0 129.06001
131.76 1.0 131.76
126.90001 1.0 126.90001
129.06001 1.0 129.06001
130.95 1.0 130.95
130.14 1.0 130.14
129.33 1.0 129.33
128.79001 1.0 128.79001
127.170006 1.0 127.170006
127.44002 1.0 127.44002
130.41 1.0 130.41
132.56999 1.0 132.56999
129.33002 1.0 129.33002
122.58 1.0 122.58
128.79001 1.0 128.79001
126.36 1.0 126.36
127.709984 1.0 127.709984
128.51999 1.0 128.51999
129.6 1.0 129.6
130.14 1.0 130.14
130.13998 1.0 130.13998
129.33 1.0 129.33
127.17 1.0 127.17
128.25 1.0 128.25
130.68001 1.0 130.68001
123.92999 1.0 123.92999
130.14 1.0 130.14
126.36001 1.0 126.36001
127.43999 1.0 127.43999
128.25 1.0 128.25
129.87001 1.0 129.87001
128.51999 1.0 128.51999
131.76 1.0 131.76
128.79001 1.0 128.79001
129.87 1.0 129.87
255.68999 2.0 127.84499
254.87997 2.0 127.43999
252.98996 2.0 126.49498
255.95996 2.0 127.97998
255.68999 2.0 127.84499
254.60999 2.0 127.30499
255.68997 2.0 127.844986
257.04 2.0 128.52
261.63 2.0 130.815
254.60999 2.0 127.30499
258.38998 2.0 129.19499
256.23 2.0 128.115
255.96 2.0 127.98
260.01 2.0 130.005
252.99002 2.0 126.49501
258.12 2.0 129.06
249.20996 2.0 124.60498
259.73996 2.0 129.86998
255.42 2.0 127.71
256.23004 2.0 128.11502
250.28996 2.0 125.14498
259.47 2.0 129.735
258.66 2.0 129.33
250.01994 2.0 125.00997
252.98999 2.0 126.494995
261.36 2.0 130.68
257.58002 2.0 128.79001
257.31 2.0 128.655
257.58002 2.0 128.79001
253.53 2.0 126.765
260.27997 2.0 130.13998
249.21 2.0 124.605
257.31 2.0 128.655
252.44998 2.0 126.22499
257.03998 2.0 128.51999
254.34001 2.0 127.170006
257.30997 2.0 128.65498
252.72 2.0 126.36
256.76996 2.0 128.38498
257.84998 2.0 128.92499
257.58002 2.0 128.79001
385.28992 3.0 128.42998
390.41995 3.0 130.13998
385.28998 3.0 128.43
388.52997 3.0 129.51
383.12997 3.0 127.70999
377.73 3.0 125.91
382.85992 3.0 127.61998
385.55997 3.0 128.51999
384.47998 3.0 128.15999
383.39993 3.0 127.79998
384.47998 3.0 128.15999
385.28998 3.0 128.43
386.91 3.0 128.97
377.99994 3.0 125.999985
385.28992 3.0 128.42998
376.11 3.0 125.369995
379.34995 3.0 126.44998
387.17993 3.0 129.05998
382.85995 3.0 127.61999
383.40002 3.0 127.8
388.8 3.0 129.59999
382.58997 3.0 127.52999
376.10995 3.0 125.36999
390.14996 3.0 130.04999
379.07996 3.0 126.359985
383.4 3.0 127.799995
390.14996 3.0 130.04999
380.42993 3.0 126.80998
382.31995 3.0 127.43998
388.26 3.0 129.42
385.82996 3.0 128.60999
386.90997 3.0 128.96999
383.12994 3.0 127.709984
380.97 3.0 126.99
384.74994 3.0 128.24998
386.37 3.0 128.79
381.77997 3.0 127.259995
384.74994 3.0 128.24998
389.06995 3.0 129.68999
380.42993 3.0 126.809975
388.52997 3.0 129.51
510.3 4.0 127.575
517.0499 4.0 129.26248
513.0 4.0 128.25
513.5399 4.0 128.38498
519.48004 4.0 129.87001
511.65 4.0 127.9125
514.88995 4.0 128.72249
510.84 4.0 127.71
513.81 4.0 128.4525
514.35 4.0 128.5875
515.9699 4.0 128.99248
511.65005 4.0 127.91251
508.67987 4.0 127.16997
517.05 4.0 129.2625
505.70996 4.0 126.42749
509.22006 4.0 127.305016
516.7801 4.0 129.19502
513.81 4.0 128.4525
514.62006 4.0 128.65501
518.94006 4.0 129.73502
512.7299 4.0 128.18248
505.97983 4.0 126.49496
512.19 4.0 128.0475
518.94006 4.0 129.73502
513.27014 4.0 128.31754
508.14005 4.0 127.03501
506.25 4.0 126.5625
516.2399 4.0 129.05998
516.2399 4.0 129.05998
514.35 4.0 128.5875
512.73 4.0 128.1825
515.16 4.0 128.79
514.35 4.0 128.5875
517.59 4.0 129.3975
510.02997 4.0 127.50749
512.45996 4.0 128.11499
511.65005 4.0 127.91251
508.94995 4.0 127.23749
506.78998 4.0 126.697495
519.75 4.0 129.9375
508.9499 4.0 127.23747
641.7901 5.0 128.35802
635.30994 5.0 127.06198
635.58 5.0 127.116005
638.55 5.0 127.71
648.54 5.0 129.708
640.70996 5.0 128.142
644.49005 5.0 128.89801
639.09 5.0 127.81801
642.06 5.0 128.412
645.02997 5.0 129.006
638.8201 5.0 127.76402
633.1501 5.0 126.63001
638.28 5.0 127.656006
631.2601 5.0 126.252014
643.41 5.0 128.68199
640.7101 5.0 128.14201
634.23004 5.0 126.84601
636.39 5.0 127.278
643.13995 5.0 128.62799
640.98 5.0 128.196
643.67993 5.0 128.736
639.9001 5.0 127.98002
642.60004 5.0 128.52
652.05005 5.0 130.41
647.99994 5.0 129.59999
637.2 5.0 127.44
640.44006 5.0 128.08801
643.13995 5.0 128.62799
643.94995 5.0 128.79
642.87 5.0 128.574
636.3901 5.0 127.278015
639.36005 5.0 127.87201
646.65 5.0 129.33
639.63 5.0 127.926
639.6302 5.0 127.92603
651.5101 5.0 130.30202
640.17 5.0 128.034
645.57 5.0 129.114
633.68994 5.0 126.73799
644.22003 5.0 128.84401
640.98 5.0 128.196
768.42004 6.0 128.07
768.42004 6.0 128.07
762.48 6.0 127.08
770.3102 6.0 128.38503
768.95996 6.0 128.15999
775.71 6.0 129.285
765.45 6.0 127.575005
765.45013 6.0 127.57502
759.50995 6.0 126.58499
767.33997 6.0 127.89
771.6601 6.0 128.61002
772.74005 6.0 128.79001
762.4799 6.0 127.07999
764.91 6.0 127.48499
774.08997 6.0 129.015
772.19995 6.0 128.7
771.6601 6.0 128.61002
761.6701 6.0 126.945015
771.39 6.0 128.565
770.57996 6.0 128.43
773.55005 6.0 128.925
769.5002 6.0 128.25003
759.24005 6.0 126.54001
760.32025 6.0 126.72004
769.23 6.0 128.205
773.28 6.0 128.88
766.53015 6.0 127.75503
767.07 6.0 127.845
770.30994 6.0 128.385
776.25 6.0 129.375
772.2001 6.0 128.70001
767.88007 6.0 127.98001
769.77 6.0 128.295
760.05 6.0 126.674995
768.15 6.0 128.02501
769.23 6.0 128.205
771.39014 6.0 128.56502
763.29004 6.0 127.21501
765.18005 6.0 127.530014
761.6699 6.0 126.94499
779.2201 6.0 129.87001
900.4499 7.0 128.6357
904.2299 7.0 129.1757
895.5901 7.0 127.941444
899.3701 7.0 128.48145
905.04 7.0 129.29143
896.13 7.0 128.01857
892.0802 7.0 127.440025
901.26 7.0 128.75143
891.2703 7.0 127.32433
892.6201 7.0 127.51716
896.1301 7.0 128.01859
896.6699 7.0 128.0957
889.9203 7.0 127.13147
886.41 7.0 126.63
897.7501 7.0 128.25002
891.0003 7.0 127.28576
899.1 7.0 128.44286
898.2898 7.0 128.32712
895.5901 7.0 127.941444
897.75024 7.0 128.25003
896.4002 7.0 128.05717
892.3502 7.0 127.4786
902.07007 7.0 128.86716
891.0 7.0 127.28571
900.17993 7.0 128.59714
896.9402 7.0 128.13431
897.48 7.0 128.21143
895.32007 7.0 127.90287
887.49023 7.0 126.78432
889.6501 7.0 127.09287
894.24023 7.0 127.748604
899.3699 7.0 128.48141
889.11005 7.0 127.015724
888.56995 7.0 126.93856
884.79004 7.0 126.398575
901.26013 7.0 128.75145
897.21027 7.0 128.1729
895.8601 7.0 127.98001
894.24 7.0 127.74857
905.0399 7.0 129.29141
885.6001 7.0 126.5143
1013.04004 8.0 126.630005
1025.73 8.0 128.21625
1016.8207 8.0 127.102585
1021.9502 8.0 127.743774
1026.2703 8.0 128.28378
1034.9099 8.0 129.36374
1011.96014 8.0 126.49502
1019.2501 8.0 127.406265
1015.7404 8.0 126.96755
1027.08 8.0 128.385
1018.7101 8.0 127.33876
1018.98 8.0 127.3725
1022.4901 8.0 127.811264
1026.8103 8.0 128.35129
1013.8501 8.0 126.73126
1014.39026 8.0 126.79878
1025.4603 8.0 128.18254
1036.8 8.0 129.6
1018.71027 8.0 127.33878
1032.2102 8.0 129.02628
1018.98016 8.0 127.37252
1009.5301 8.0 126.19126
1031.1301 8.0 128.89127
1021.6802 8.0 127.71002
1026.0 8.0 128.25
1020.87024 8.0 127.60878
1021.9502 8.0 127.743774
1025.4601 8.0 128.18251
1014.6603 8.0 126.832535
1024.3802 8.0 128.04753
1029.5105 8.0 128.68881
1018.9803 8.0 127.372536
1027.35 8.0 128.41875
1018.17004 8.0 127.271255
1021.6802 8.0 127.71002
1008.7201 8.0 126.09001
1018.4401 8.0 127.305016
1018.9801 8.0 127.37251
1034.91 8.0 129.36375
1019.2501 8.0 127.406265
1020.06024 8.0 127.50753
1141.2904 9.0 126.81005
1149.66 9.0 127.740005
1147.7701 9.0 127.53002
1144.5303 9.0 127.17003
1152.6299 9.0 128.06999
1153.4402 9.0 128.16002
1155.3303 9.0 128.37004
1155.6003 9.0 128.40004
1152.3602 9.0 128.04002
1156.4102 9.0 128.49002
1149.39 9.0 127.71001
1141.0201 9.0 126.78002
1145.0701 9.0 127.23
1156.4102 9.0 128.49002
1143.72 9.0 127.08
1149.3904 9.0 127.71004
1127.2502 9.0 125.25002
1147.7704 9.0 127.53004
1137.5101 9.0 126.390015
1147.7701 9.0 127.53002
1147.7704 9.0 127.53004
1147.5002 9.0 127.50002
1153.1702 9.0 128.13002
1135.0802 9.0 126.12002
1143.9902 9.0 127.11002
1139.9402 9.0 126.66003
1152.6301 9.0 128.07
1140.4802 9.0 126.72003
1142.1002 9.0 126.900024
1148.3103 9.0 127.59003
1152.9001 9.0 128.10002
1141.8303 9.0 126.87004
1142.1003 9.0 126.90003
1162.8901 9.0 129.21002
1131.5702 9.0 125.73003
1152.6299 9.0 128.06999
1157.2205 9.0 128.58005
1142.1005 9.0 126.900055
1148.31 9.0 127.590004
1159.6505 9.0 128.85005
1153.17 9.0 128.13
1274.9403 10.0 127.494026
1269.2703 10.0 126.92703
1271.1603 10.0 127.11603
1260.6302 10.0 126.06303
1264.6803 10.0 126.468025
1248.7502 10.0 124.87503
1270.6201 10.0 127.06201
1266.3005 10.0 126.63005
1275.4799 10.0 127.54798
1274.6703 10.0 127.46703
1260.6304 10.0 126.063034
1270.8901 10.0 127.08901
1272.5101 10.0 127.251015
1265.2202 10.0 126.52202
1225.2601 10.0 122.52602
1278.9902 10.0 127.89902
1277.9103 10.0 127.79102
1275.2102 10.0 127.52103
1281.9603 10.0 128.19603
1269.5405 10.0 126.954056
1274.1304 10.0 127.41304
1280.8804 10.0 128.08804
1241.4602 10.0 124.14603
1204.4701 10.0 120.447014
1233.0901 10.0 123.30901
1273.0504 10.0 127.30504
1268.4601 10.0 126.84601
1264.1399 10.0 126.413994
1262.5201 10.0 126.252014
1273.0503 10.0 127.30503
1277.3696 10.0 127.73697
1266.5703 10.0 126.65703
1285.7402 10.0 128.57402
1265.76 10.0 126.576
1270.6202 10.0 127.06202
1280.34 10.0 128.034
1252.5304 10.0 125.25304
1274.4005 10.0 127.44005
1268.4602 10.0 126.84602
1227.1501 10.0 122.71502
1212.8401 10.0 121.284004
1251.4501 11.0 113.76819
1280.3405 11.0 116.394585
1264.4103 11.0 114.94639
1186.6501 11.0 107.87728
1175.3099 11.0 106.84636
1186.9203 11.0 107.90185
1236.8701 11.0 112.44274
1263.3302 11.0 114.8482
1222.8303 11.0 111.16639
1163.4302 11.0 105.76638
1234.9802 11.0 112.27093
1129.9502 11.0 102.72275
1186.9202 11.0 107.90183
1188.2699 11.0 108.024536
1227.6904 11.0 111.60822
1256.3104 11.0 114.21004
1275.2103 11.0 115.92821
1253.0703 11.0 113.91548
1266.3004 11.0 115.11822
1276.0203 11.0 116.00185
1236.0604 11.0 112.36913
1197.9904 11.0 108.90821
1208.7903 11.0 109.89003
1223.1002 11.0 111.19093
1230.6602 11.0 111.8782
1204.4703 11.0 109.49731
1224.7202 11.0 111.3382
1272.2404 11.0 115.65821
1274.1301 11.0 115.83002
1227.4199 11.0 111.583626
1151.0104 11.0 104.63731
1215.8103 11.0 110.52821
1276.0205 11.0 116.00186
1304.6405 11.0 118.60368
1330.0201 11.0 120.91093
1294.1101 11.0 117.64637
1264.4104 11.0 114.9464
1257.3904 11.0 114.30821
1200.6902 11.0 109.153656
1180.4404 11.0 107.31277
1247.13 11.0 113.37545
1258.2 12.0 104.84999
1263.3297 12.0 105.27747
1246.5902 12.0 103.882515
1258.2006 12.0 104.850044
1225.5298 12.0 102.12749
1201.5002 12.0 100.12502
1188.27 12.0 99.0225
1249.5603 12.0 104.13002
1195.5603 12.0 99.63003
1273.5898 12.0 106.132484
1278.1804 12.0 106.51503
1160.7302 12.0 96.72752
1132.6504 12.0 94.38753
1135.62 12.0 94.635
1220.1302 12.0 101.67752
1270.6205 12.0 105.88504
1242.2705 12.0 103.52254
1191.5099 12.0 99.29249
1222.56 12.0 101.880005
1126.7103 12.0 93.892525
1139.4004 12.0 94.95003
1159.3804 12.0 96.615036
1222.8302 12.0 101.90252
1229.5802 12.0 102.46502
1348.6499 12.0 112.38749
1283.5804 12.0 106.965034
1166.6702 12.0 97.22252
1288.1703 12.0 107.34753
1292.4902 12.0 107.70752
1220.1304 12.0 101.67753
1256.0404 12.0 104.67004
1244.1602 12.0 103.68001
1180.4401 12.0 98.37
1201.5001 12.0 100.12501
1161.0 12.0 96.75
1226.6106 12.0 102.21755
1193.4004 12.0 99.45003
1227.4202 12.0 102.28501
1282.5005 12.0 106.87504
1211.2202 12.0 100.93501
1192.0503 12.0 99.337524
1148.3103 13.0 88.331566
1120.23 13.0 86.17154
1194.4805 13.0 91.88312
1214.7301 13.0 93.44077
1194.4803 13.0 91.8831
1145.3401 13.0 88.10308
1162.35 13.0 89.41154
1169.3701 13.0 89.951546
1187.1902 13.0 91.32232
1084.3203 13.0 83.409256
1153.7101 13.0 88.746925
1226.6101 13.0 94.35462
1245.5103 13.0 95.80848
1224.7202 13.0 94.20924
1216.3503 13.0 93.565414
1200.4204 13.0 92.34003
1251.9904 13.0 96.30695
1226.07 13.0 94.31307
1218.2396 13.0 93.71074
1180.9802 13.0 90.844635
1209.8704 13.0 93.066956
1181.2502 13.0 90.8654
1081.6202 13.0 83.20155
1050.5702 13.0 80.81309
1120.2305 13.0 86.17157
1192.8604 13.0 91.758484
1224.9901 13.0 94.23001
1201.7703 13.0 92.44387
1187.7302 13.0 91.36386
1134.5403 13.0 87.27233
1168.0198 13.0 89.84768
1201.7704 13.0 92.44388
1211.2201 13.0 93.17078
1212.5702 13.0 93.27463
1189.8901 13.0 91.53001
1201.7703 13.0 92.44386
1264.4104 13.0 97.26234
1234.7104 13.0 94.97773
1231.47 13.0 94.72846
1196.3705 13.0 92.028496
1193.3999 13.0 91.799995
1175.04 14.0 83.931435
1197.1805 14.0 85.51289
1198.8 14.0 85.62858
1157.4897 14.0 82.67784
1173.6902 14.0 83.835014
1213.1097 14.0 86.650696
1215.2703 14.0 86.80502
1252.8 14.0 89.48572
1238.2202 14.0 88.4443
1195.8298 14.0 85.41641
1193.1302 14.0 85.22359
1286.8204 14.0 91.91575
1229.8502 14.0 87.84644
1183.6802 14.0 84.548584
1211.2202 14.0 86.51573
1188.0001 14.0 84.857155
1188.0002 14.0 84.85716
1243.8901 14.0 88.8493
1199.3397 14.0 85.66712
1136.1602 14.0 81.1543
1156.9498 14.0 82.639275
1169.1005 14.0 83.50718
1194.4799 14.0 85.31999
1221.7501 14.0 87.26787
1134.81 14.0 81.05786
1109.4304 14.0 79.245026
1176.1201 14.0 84.00858
1227.69 14.0 87.69214
1098.9001 14.0 78.49287
1161.5399 14.0 82.96714
1142.3701 14.0 81.59787
1158.3005 14.0 82.735756
1248.2101 14.0 89.15786
1221.4802 14.0 87.24859
1234.7101 14.0 88.19358
1151.0101 14.0 82.21501
1192.5902 14.0 85.18501
1216.0803 14.0 86.862885
1247.9397 14.0 89.13855
1177.74 14.0 84.12428
1271.1602 14.0 90.79716
1108.8903 15.000001 73.92601
1167.4802 15.000001 77.83201
1149.6599 15.000001 76.64399
1174.4999 15.000001 78.29999
1226.6106 15.000001 81.77403
1140.2103 15.000001 76.014015
1189.3503 15.000001 79.290016
1169.9102 15.000001 77.994
1153.4403 15.000001 76.89602
1093.5001 15.000001 72.9
1095.93 15.000001 73.062
1205.8197 15.000001 80.38798
1201.5 15.000001 80.09999
1165.5898 15.000001 77.705986
1176.93 15.000001 78.462
1202.5804 15.000001 80.17203
1131.5704 15.000001 75.43803
1130.7607 15.000001 75.38404
1121.8505 15.000001 74.79002
1104.3002 15.000001 73.62
1117.26 15.000001 74.48399
1137.5104 15.000001 75.83402
1142.3702 15.000001 76.15801
1160.4601 15.000001 77.364
1048.68 15.000001 69.912
1183.6808 15.000001 78.91205
1202.0402 15.000001 80.13601
1201.7698 15.000001 80.11798
1180.1705 15.000001 78.67803
1266.03 15.000001 84.402
1170.9901 15.000001 78.066
1182.6001 15.000001 78.840004
1242.8103 15.000001 82.85401
1212.5702 15.000001 80.838005
1205.0101 15.000001 80.33401
1208.79 15.000001 80.586
1198.8003 15.000001 79.92001
1260.09 15.000001 84.00599
1180.1704 15.000001 78.678024
1159.9204 15.000001 77.328026
1151.8201 15.000001 76.788
1160.1897 16.0 72.511856
1127.5203 16.0 70.47002
1128.6003 16.0 70.53752
1152.3596 16.0 72.02248
1040.3103 16.0 65.019394
1137.7799 16.0 71.111244
1227.9602 16.0 76.74751
1168.2898 16.0 73.01811
1165.3201 16.0 72.832504
1184.7605 16.0 74.04753
1132.6498 16.0 70.79061
1169.9102 16.0 73.119385
1165.8602 16.0 72.866264
1111.3203 16.0 69.45752
1107.81 16.0 69.23813
1113.2102 16.0 69.57564
1243.3497 16.0 77.70936
1152.36 16.0 72.0225
1184.4899 16.0 74.03062
1144.8 16.0 71.55
1141.8301 16.0 71.36438
1086.7502 16.0 67.92189
1156.9502 16.0 72.30939
1181.2507 16.0 73.82817
1250.1001 16.0 78.131256
1186.6503 16.0 74.16564
1104.03 16.0 69.00188
1079.7305 16.0 67.483154
1139.1299 16.0 71.19562
1198.8002 16.0 74.92501
1082.1602 16.0 67.63501
1182.6003 16.0 73.91252
1176.1199 16.0 73.50749
1146.4203 16.0 71.65127
1112.6697 16.0 69.541855
1126.7106 16.0 70.41941
1168.5602 16.0 73.03501
1120.7701 16.0 70.048134
1151.82 16.0 71.98875
1136.1603 16.0 71.01002
1148.0397 16.0 71.75248
1164.7799 17.0 68.516464
1131.3003 17.0 66.54707
1093.2305 17.0 64.30768
1178.0103 17.0 69.29472
1203.9299 17.0 70.819405
1144.5304 17.0 67.32532
1180.1704 17.0 69.42179
1111.5901 17.0 65.38765
1134.5406 17.0 66.737686
1140.7505 17.0 67.10297
1175.0394 17.0 69.119965
1220.1301 17.0 71.77236
1176.3904 17.0 69.19943
1048.6799 17.0 61.687054
1072.7102 17.0 63.100597
1168.02 17.0 68.70706
1137.2401 17.0 66.89648
1114.8298 17.0 65.578224
1178.28 17.0 69.31059
1163.6998 17.0 68.452934
1098.09 17.0 64.59353
1157.2198 17.0 68.071754
1167.2102 17.0 68.659424
1140.7501 17.0 67.10295
1128.6001 17.0 66.388245
1190.6998 17.0 70.04117
1153.1703 17.0 67.83355
1164.2402 17.0 68.48472
1154.7906 17.0 67.92886
1149.6603 17.0 67.627075
1183.4104 17.0 69.61237
1216.35 17.0 71.549995
1118.0702 17.0 65.76884
1131.0299 17.0 66.53117
1119.1501 17.0 65.83236
1116.1802 17.0 65.65765
1166.3999 17.0 68.611755
1168.5599 17.0 68.73882
1137.7803 17.0 66.92825
1076.2196 17.0 63.307037
1159.3798 17.0 68.19881
1157.4902 18.0 64.305016
1205.0098 18.0 66.944984
1140.7501 18.0 63.375004
1163.1595 18.0 64.61997
1112.4003 18.0 61.800014
1151.8198 18.0 63.98999
1118.6097 18.0 62.144985
1173.96 18.0 65.22
1203.3901 18.0 66.85501
1174.2302 18.0 65.235016
1093.23 18.0 60.735
1134.54 18.0 63.030003
1083.5103 18.0 60.195015
1180.71 18.0 65.595
1120.2303 18.0 62.23502
1228.2305 18.0 68.23502
1249.29 18.0 69.405
1040.8505 18.0 57.825027
1141.0201 18.0 63.39001
1122.1198 18.0 62.339985
1145.0701 18.0 63.615005
1156.1401 18.0 64.23001
1117.53 18.0 62.085
1132.3801 18.0 62.910004
1088.37 18.0 60.465
1108.0804 18.0 61.560024
1137.5104 18.0 63.19502
1094.3099 18.0 60.795
1174.23 18.0 65.235
1147.2301 18.0 63.73501
1172.0707 18.0 65.115036
1099.1704 18.0 61.06502
1156.1398 18.0 64.22999
1145.6097 18.0 63.644985
1147.5002 18.0 63.750015
1031.1301 18.0 57.285004
1136.1602 18.0 63.12001
1155.06 18.0 64.170006
1118.0698 18.0 62.11499
1136.9698 18.0 63.16499
1137.7803 18.0 63.210014
1167.7501 19.0 61.460533
1139.9403 19.0 59.99686
1168.2898 19.0 61.488934
1174.2299 19.0 61.80157
1215.5403 19.0 63.975803
1180.1699 19.0 62.11421
1157.4899 19.0 60.920517
1139.6702 19.0 59.98264
1179.3601 19.0 62.071583
1152.3595 19.0 60.650497
1097.8201 19.0 57.780006
1193.1305 19.0 62.796345
1142.1002 19.0 60.11054
1193.1307 19.0 62.796352
1184.7601 19.0 62.355797
1128.0598 19.0 59.371567
1194.7504 19.0 62.881596
1059.7501 19.0 55.776325
1146.1499 19.0 60.32368
1151.5502 19.0 60.607906
1126.4404 19.0 59.28634
1176.3894 19.0 61.915234
1129.6792 19.0 59.4568
1175.0402 19.0 61.84422
1152.6301 19.0 60.664745
1092.6898 19.0 57.50999
1168.0201 19.0 61.474743
1107.5402 19.0 58.291588
1144.2603 19.0 60.224224
1074.8702 19.0 56.57212
1154.2499 19.0 60.749996
1108.3502 19.0 58.334225
1120.7704 19.0 58.987915
1175.8502 19.0 61.886856
1063.8004 19.0 55.989494
1197.1807 19.0 63.00951
1195.8302 19.0 62.938435
1134.2697 19.0 59.698402
1102.6804 19.0 58.03581
1176.6597 19.0 61.929455
1119.9601 19.0 58.945267
1177.1997 20.0 58.859985
1142.6403 20.0 57.132015
1005.4803 20.0 50.274014
1212.0303 20.0 60.601517
1137.2397 20.0 56.861988
1132.11 20.0 56.6055
1111.8604 20.0 55.593018
1034.91 20.0 51.745502
1120.5002 20.0 56.025013
1138.3202 20.0 56.91601
1206.0906 20.0 60.304527
1149.6602 20.0 57.48301
1074.87 20.0 53.7435
1100.2495 20.0 55.012474
1175.3104 20.0 58.765522
1199.0703 20.0 59.953514
1114.29 20.0 55.7145
1134.8105 20.0 56.740524
1145.8804 20.0 57.294018
1132.1104 20.0 56.60552
1113.2095 20.0 55.660477
1148.5793 20.0 57.428967
1127.5203 20.0 56.376015
1108.8901 20.0 55.444508
1113.2102 20.0 55.660507
1068.6599 20.0 53.433
1156.9503 20.0 57.847515
1098.0905 20.0 54.904522
1137.7805 20.0 56.889023
1095.3904 20.0 54.76952
1129.6799 20.0 56.483997
1104.0302 20.0 55.201508
1124.28 20.0 56.214005
1180.1704 20.0 59.008522
1114.8296 20.0 55.741478
1047.87 20.0 52.393497
1094.0402 20.0 54.702007
1089.45 20.0 54.4725
1144.2605 20.0 57.213024
1140.2103 20.0 57.010517
1088.6398 20.0 54.431988
1097.0101 21.0 52.23858
1093.5001 21.0 52.071434
1115.6406 21.0 53.125744
1101.87 21.0 52.47
1120.2301 21.0 53.344288
1163.97 21.0 55.427143
1073.2505 21.0 51.107166
1171.53 21.0 55.787144
1149.1201 21.0 54.720005
1158.2999 21.0 55.15714
1105.1102 21.0 52.624294
1044.6301 21.0 49.74429
1091.6095 21.0 51.981407
1157.4895 21.0 55.11855
1101.3298 21.0 52.44428
1132.3806 21.0 53.922886
1093.5002 21.0 52.07144
1132.1105 21.0 53.910023
1178.82 21.0 56.13428
1152.6302 21.0 54.887157
1160.4601 21.0 55.260006
1120.7701 21.0 53.370007
1136.4303 21.0 54.11573
1160.7302 21.0 55.27287
1111.0505 21.0 52.907166
1165.0504 21.0 55.478592
1086.4799 21.0 51.737137
1129.6805 21.0 53.79431
1159.3801 21.0 55.208576
1121.5801 21.0 53.408577
1131.0303 21.0 53.858585
1150.2003 21.0 54.771442
1107.0004 21.0 52.714306
1096.2002 21.0 52.20001
1098.0905 21.0 52.290024
1140.7501 21.0 54.321434
1129.14 21.0 53.768574
1119.1501 21.0 53.292862
1072.7103 21.0 51.081444
1107.0002 21.0 52.7143
1139.4003 21.0 54.257156
1120.5 22.0 50.93182
1103.7603 22.0 50.17092
1133.73 22.0 51.53318
1161.2704 22.0 52.78502
1115.6399 22.0 50.710903
1092.4197 22.0 49.65544
1070.0101 22.0 48.63682
1085.1299 22.0 49.324085
1087.0204 22.0 49.410015
1102.6803 22.0 50.12183
1159.38 22.0 52.699093
1020.8702 22.0 46.40319
1118.8798 22.0 50.858173
1095.93 22.0 49.815002
1147.5002 22.0 52.159103
1119.1501 22.0 50.87046
1095.12 22.0 49.778183
1035.18 22.0 47.05364
1113.2098 22.0 50.60045
1053.2703 22.0 47.875923
1128.3302 22.0 51.287735
1079.4594 22.0 49.066334
1126.1697 22.0 51.189533
1137.7803 22.0 51.717285
1122.9299 22.0 51.042267
1135.3503 22.0 51.606834
1125.0901 22.0 51.14046
1101.0599 22.0 50.04818
1145.0701 22.0 52.048637
1066.4998 22.0 48.477264
1123.47 22.0 51.066814
1035.9901 22.0 47.09046
1102.1401 22.0 50.09728
1149.1201 22.0 52.23273
1134.0 22.0 51.545456
1081.08 22.0 49.14
1055.1604 22.0 47.961838
1051.9205 22.0 47.814568
1068.3898 22.0 48.56317
1128.6001 22.0 51.300003
1112.9397 22.0 50.58817
1051.6499 23.0 45.72391
1068.6598 23.0 46.463467
1109.9697 23.0 48.259556
1163.4298 23.0 50.583904
1075.6803 23.0 46.76871
1125.0901 23.0 48.916958
1062.9899 23.0 46.21695
1109.9701 23.0 48.25957
1026.8097 23.0 44.6439
1063.8002 23.0 46.252182
1074.5999 23.0 46.721733
1133.7305 23.0 49.29263
1106.4602 23.0 48.106968
1045.7094 23.0 45.465626
1071.6304 23.0 46.592625
1162.0801 23.0 50.52522
1073.5204 23.0 46.6748
1089.9901 23.0 47.390877
1082.1603 23.0 47.05045
1140.7494 23.0 49.5978
1071.3601 23.0 46.58087
1113.7496 23.0 48.423897
1152.6296 23.0 50.11433
1072.1705 23.0 46.61611
1067.3098 23.0 46.404774
1077.2997 23.0 46.839115
1070.28 23.0 46.533916
1093.77 23.0 47.555218
1075.1404 23.0 46.745235
1082.1602 23.0 47.05044
1109.4307 23.0 48.236115
1128.3301 23.0 49.057827
1080.5403 23.0 46.980015
1088.6403 23.0 47.332188
1073.2502 23.0 46.66305
1045.9801 23.0 45.477394
1081.6198 23.0 47.026943
1107.0002 23.0 48.130444
1125.6298 23.0 48.940422
1072.7098 23.0 46.63956
1098.9003 23.0 47.77827
1036.2606 24.0 43.177525
1047.5996 24.0 43.649986
1103.7595 24.0 45.989983
1109.9697 24.0 46.248737
1064.6101 24.0 44.358753
1080.2699 24.0 45.011246
1108.3503 24.0 46.181267
1101.3298 24.0 45.888744
1075.6799 24.0 44.819996
1090.2598 24.0 45.42749
1014.93005 24.0 42.288754
1073.79 24.0 44.741253
1103.7594 24.0 45.989975
1040.31 24.0 43.346252
1125.3597 24.0 46.889988
1095.6605 24.0 45.652523
1076.2197 24.0 44.842487
1092.15 24.0 45.506252
1102.6797 24.0 45.94499
1034.3706 24.0 43.098774
1136.1602 24.0 47.340004
1071.0898 24.0 44.628742
1061.1002 24.0 44.21251
1080.8103 24.0 45.03376
1145.0703 24.0 47.71126
1087.5602 24.0 45.315006
1141.2899 24.0 47.553745
1111.0498 24.0 46.29374
1047.8696 24.0 43.661232
1098.09 24.0 45.75375
1031.3998 24.0 42.97499
1043.2803 24.0 43.47001
1101.5997 24.0 45.89999
1069.4697 24.0 44.561237
1068.9302 24.0 44.538757
1072.1699 24.0 44.673748
1158.2998 24.0 48.262493
1108.0798 24.0 46.16999
1082.1603 24.0 45.09001
1103.2202 24.0 45.967506
1073.2509 24.0 44.718784
1118.8796 25.0 44.755188
1107.2699 25.0 44.290794
1097.0095 25.0 43.880383
1085.6696 25.0 43.42678
1056.2406 25.0 42.249626
1124.5504 25.0 44.982018
1112.1301 25.0 44.485207
1126.4395 25.0 45.05758
1080.2699 25.0 43.210796
1069.4701 25.0 42.778805
1067.58 25.0 42.703197
993.3301 25.0 39.733204
1083.7795 25.0 43.35118
1092.6902 25.0 43.707607
1100.5204 25.0 44.020817
1044.6301 25.0 41.785206
1075.6796 25.0 43.027184
1139.1309 25.0 45.565235
1049.7598 25.0 41.99039
1055.9698 25.0 42.238796
1139.6699 25.0 45.586796
1032.2102 25.0 41.288406
1024.3799 25.0 40.975193
1068.6599 25.0 42.7464
1094.8502 25.0 43.79401
1031.94 25.0 41.277596
1071.3599 25.0 42.854393
1065.15 25.0 42.606003
1011.4202 25.0 40.45681
1045.9805 25.0 41.83922
1114.8298 25.0 44.593193
1070.2797 25.0 42.811188
1053.81 25.0 42.1524
1040.8497 25.0 41.633987
1089.4498 25.0 43.57799
1131.0303 25.0 45.24121
1067.0403 25.0 42.68161
1089.7205 25.0 43.588818
1074.0605 25.0 42.96242
1105.1101 25.0 44.204407
1112.9401 25.0 44.5176
1117.53 26.0 42.981926
1085.1298 26.0 41.73576
1046.25 26.0 40.240383
1101.06 26.0 42.348465
1046.79 26.0 40.261154
1023.5707 26.0 39.368103
1075.1404 26.0 41.351555
1079.1898 26.0 41.5073
1099.9803 26.0 42.306934
996.02966 26.0 38.308834
1081.8903 26.0 41.611164
1112.4004 26.0 42.78463
1025.4606 26.0 39.440792
1105.6497 26.0 42.524986
1094.8502 26.0 42.109623
1092.6896 26.0 42.026524
1030.3202 26.0 39.6277
1043.82 26.0 40.146923
1051.9199 26.0 40.458458
1064.6097 26.0 40.94653
1105.3801 26.0 42.514618
1065.1501 26.0 40.96731
1025.9998 26.0 39.46153
1117.2603 26.0 42.971546
1024.1101 26.0 39.38885
1129.4102 26.0 43.43885
1044.3597 26.0 40.167683
1067.8501 26.0 41.07116
1035.4501 26.0 39.825005
1065.9612 26.0 40.998505
1070.0098 26.0 41.15422
1092.6898 26.0 42.02653
1067.8501 26.0 41.071156
1052.4602 26.0 40.47924
1048.9498 26.0 40.344223
1012.4997 26.0 38.942295
1109.4298 26.0 42.670376
1058.9404 26.0 40.728477
1100.5203 26.0 42.3277
1075.95 26.0 41.38269
1030.5895 26.0 39.638058
1078.6501 27.000002 39.95
1046.5204 27.000002 38.76001
1007.10016 27.000002 37.300003
1081.3495 27.000002 40.04998
1067.3105 27.000002 39.530018
1040.04 27.000002 38.519997
1084.59 27.000002 40.169994
1077.84 27.000002 39.92
1039.5001 27.000002 38.5
1034.1008 27.000002 38.30003
1029.5103 27.000002 38.130005
1009.53 27.000002 37.39
1111.3201 27.000002 41.16
983.33984 27.000002 36.41999
1111.8601 27.000002 41.18
1095.3904 27.000002 40.57001
1097.55 27.000002 40.649998
1055.1602 27.000002 39.08
1023.84015 27.000002 37.920002
1072.17 27.000002 39.71
1084.0499 27.000002 40.149994
1064.6102 27.000002 39.430008
1032.4799 27.000002 38.23999
1039.2297 27.000002 38.489986
1052.7301 27.000002 38.99
1070.0103 27.000002 39.630005
1084.3202 27.000002 40.160004
1091.88 27.000002 40.44
1014.38965 27.000002 37.569984
1070.28 27.000002 39.64
1024.1096 27.000002 37.92998
1003.31995 27.000002 37.159996
1022.2206 27.000002 37.86002
1087.2897 27.000002 40.269985
1111.3198 27.000002 41.159992
1033.8306 27.000002 38.290016
1008.1797 27.000002 37.339985
1055.1603 27.000002 39.080006
1096.2003 27.000002 40.60001
1018.9801 27.000002 37.74
1048.6805 27.000002 38.840015
1093.77 28.0 39.063217
1058.6702 28.0 37.809647
1132.6504 28.0 40.451797
1073.52 28.0 38.34
1047.8701 28.0 37.42393
1039.7698 28.0 37.134636
977.12976 28.0 34.89749
1060.2897 28.0 37.86749
1075.4098 28.0 38.407494
1011.42053 28.0 36.12216
1017.90015 28.0 36.353577
1049.2202 28.0 37.47215
1044.09 28.0 37.28893
1017.8999 28.0 36.35357
1087.56 28.0 38.84143
996.29987 28.0 35.582138
999.8104 28.0 35.707516
1076.7599 28.0 38.45571
970.65015 28.0 34.666077
1083.5096 28.0 38.696774
1038.4202 28.0 37.086433
1019.51984 28.0 36.411423
990.9 28.0 35.389286
1023.30023 28.0 36.546436
1085.3999 28.0 38.764282
1103.7595 28.0 39.419983
1031.6699 28.0 36.845356
1030.32 28.0 36.797142
1017.90015 28.0 36.353577
980.1004 28.0 35.003586
1033.5598 28.0 36.91285
1080.8098 28.0 38.60035
1016.55005 28.0 36.30536
1041.3906 28.0 37.192524
1034.9092 28.0 36.961044
1088.0996 28.0 38.860703
1049.4899 28.0 37.48178
1041.3903 28.0 37.19251
1063.2596 28.0 37.97356
1074.3298 28.0 38.368923
1098.3604 28.0 39.227154
1037.34 29.0 35.770344
1035.4502 29.0 35.705177
1027.6204 29.0 35.435184
1032.21 29.0 35.59345
1018.9798 29.0 35.137234
975.78033 29.0 33.6476
1044.0903 29.0 36.003117
1033.0203 29.0 35.621387
1076.4899 29.0 37.120342
1032.48 29.0 35.602757
969.57 29.0 33.43345
1027.3499 29.0 35.425858
1034.3698 29.0 35.667923
1006.5603 29.0 34.708977
1057.8599 29.0 36.477924
1060.8298 29.0 36.580338
1077.8403 29.0 37.16691
1054.0803 29.0 36.3476
1055.97 29.0 36.412758
1081.3503 29.0 37.28794
956.0702 29.0 32.967937
1014.1195 29.0 34.96964
1044.8998 29.0 36.03103
1001.97046 29.0 34.550705
1005.48004 29.0 34.671726
1075.9501 29.0 37.101727
1010.6099 29.0 34.848618
956.88007 29.0 32.995865
1034.3704 29.0 35.667942
975.5102 29.0 33.638283
1005.2099 29.0 34.66241
1017.09015 29.0 35.072075
1018.17053 29.0 35.10933
1023.57043 29.0 35.295532
1008.99066 29.0 34.79278
1045.44 29.0 36.049652
1054.0797 29.0 36.347576
1000.0801 29.0 34.48552
1024.6498 29.0 35.332752
1031.1294 29.0 35.556187
1045.44 29.0 36.049652
1050.8405 30.000002 35.02801
1012.77 30.000002 33.759
1059.4799 30.000002 35.315994
1021.95026 30.000002 34.065006
1037.34 30.000002 34.577995
1038.4196 30.000002 34.613983
998.9996 30.000002 33.299984
1047.3304 30.000002 34.91101
1013.8498 30.000002 33.79499
1010.3402 30.000002 33.678005
940.41003 30.000002 31.346998
1039.77 30.000002 34.658997
985.7703 30.000002 32.85901
1027.3501 30.000002 34.245003
1017.36035 30.000002 33.91201
1018.4399 30.000002 33.947994
1090.7999 30.000002 36.359997
995.22 30.000002 33.173996
976.0499 30.000002 32.534996
987.9303 30.000002 32.931007
1009.2596 30.000002 33.641983
1008.45013 30.000002 33.615
935.01013 30.000002 31.167002
1035.7197 30.000002 34.523987
1094.8501 30.000002 36.495
949.05005 30.000002 31.635
975.51013 30.000002 32.517002
1046.25 30.000002 34.874996
1022.75995 30.000002 34.091995
964.16986 30.000002 32.138992
1026.0002 30.000002 34.200005
948.51044 30.000002 31.617012
1044.0896 30.000002 34.802986
1013.8502 30.000002 33.795006
996.30005 30.000002 33.21
1038.9602 30.000002 34.632004
996.57025 30.000002 33.219006
1002.78046 30.000002 33.426014
1067.8497 30.000002 35.59499
1034.9104 30.000002 34.49701
988.46985 30.000002 32.948994
1034.6395 31.0 33.37547
1016.0099 31.0 32.774513
1012.50006 31.0 32.661293
993.0604 31.0 32.034206
992.25024 31.0 32.00807
999.26965 31.0 32.234505
1035.1803 31.0 33.392914
993.0596 31.0 32.03418
1024.1101 31.0 33.03581
1007.3697 31.0 32.495796
989.28015 31.0 31.912264
1052.1902 31.0 33.94162
1021.95 31.0 32.96613
1000.89 31.0 32.286774
980.6398 31.0 31.633541
991.1696 31.0 31.973213
984.1509 31.0 31.746803
1017.09015 31.0 32.80936
990.36017 31.0 31.947102
993.3298 31.0 32.042896
1061.3704 31.0 34.237755
929.8798 31.0 29.996122
1019.2499 31.0 32.87903
1005.2102 31.0 32.426136
1011.4199 31.0 32.62645
972.81006 31.0 31.38097
989.28015 31.0 31.912264
992.5201 31.0 32.016777
1023.0305 31.0 33.000984
1032.4797 31.0 33.305798
1018.71014 31.0 32.861618
1022.7597 31.0 32.99225
1033.5598 31.0 33.340637
1007.64 31.0 32.504517
974.96985 31.0 31.45064
949.86017 31.0 30.64065
1010.8799 31.0 32.609028
980.36945 31.0 31.62482
1025.46 31.0 33.079353
947.9704 31.0 30.57969
977.6704 31.0 31.537756
955.53015 32.0 29.860317
1020.06036 32.0 31.876886
1016.81964 32.0 31.775614
1009.8001 32.0 31.556253
938.2501 32.0 29.320316
996.02997 32.0 31.125937
983.06995 32.0 30.720936
960.38995 32.0 30.012186
979.82996 32.0 30.619686
968.49005 32.0 30.265314
1022.49084 32.0 31.952839
956.0703 32.0 29.877197
978.4803 32.0 30.577509
994.6798 32.0 31.083744
980.3703 32.0 30.636572
937.9803 32.0 29.311884
1020.3296 32.0 31.8853
1003.5897 32.0 31.362179
986.8502 32.0 30.83907
1022.7596 32.0 31.961237
1026.81 32.0 32.087814
1061.1003 32.0 33.159386
1055.4304 32.0 32.9822
1026.2701 32.0 32.070942
996.5703 32.0 31.142822
974.16003 32.0 30.442501
974.4303 32.0 30.450947
1003.5905 32.0 31.362204
993.06055 32.0 31.033142
974.69934 32.0 30.459354
991.4401 32.0 30.982504
1019.52 32.0 31.86
1025.4597 32.0 32.045616
994.14014 32.0 31.06688
906.6598 32.0 28.333118
997.65 32.0 31.176563
957.95984 32.0 29.936245
1013.8503 32.0 31.682821
1021.41 32.0 31.919062
983.88007 32.0 30.746252
959.8499 32.0 29.99531
998.9999 33.0 30.272724
1019.51984 33.0 30.89454
1014.38934 33.0 30.73907
1035.7202 33.0 31.385462
1043.5499 33.0 31.622725
954.9899 33.0 28.939089
993.33026 33.0 30.100918
1004.94025 33.0 30.452734
954.4501 33.0 28.92273
1003.5902 33.0 30.411825
993.32965 33.0 30.100899
1029.7798 33.0 31.205448
980.91003 33.0 29.724546
1026.8107 33.0 31.115477
967.40967 33.0 29.315445
1026.0002 33.0 31.090918
974.70013 33.0 29.536367
952.83 33.0 28.873636
991.97986 33.0 30.059996
1004.6702 33.0 30.444551
914.49 33.0 27.711819
1029.24 33.0 31.189089
998.1903 33.0 30.248192
1029.7805 33.0 31.205471
971.45966 33.0 29.438171
939.60034 33.0 28.472738
986.8501 33.0 29.904549
924.48035 33.0 28.014557
969.0304 33.0 29.364557
965.5199 33.0 29.258179
994.40967 33.0 30.133627
1010.34015 33.0 30.616367
921.5099 33.0 27.924541
933.66016 33.0 28.292732
988.73975 33.0 29.961811
958.7703 33.0 29.053646
913.94995 33.0 27.695454
958.49927 33.0 29.045433
967.4097 33.0 29.315447
980.91 33.0 29.724545
989.55005 33.0 29.986364
984.42 34.0 28.95353
917.19 34.0 26.976177
967.95026 34.0 28.469126
1002.5099 34.0 29.485584
983.6101 34.0 28.929708
930.96063 34.0 27.381195
925.0204 34.0 27.206482
961.19977 34.0 28.270582
967.14026 34.0 28.445301
978.75037 34.0 28.786776
979.8298 34.0 28.818523
927.17993 34.0 27.269999
945.26984 34.0 27.802053
921.7801 34.0 27.11118
927.1799 34.0 27.269997
950.93994 34.0 27.968822
973.3499 34.0 28.62794
924.2101 34.0 27.18265
949.8603 34.0 27.937067
989.0099 34.0 29.088526
918.0 34.0 27.0
916.10986 34.0 26.944408
949.5899 34.0 27.929115
953.09973 34.0 28.032345
969.57007 34.0 28.516768
927.72034 34.0 27.285892
950.6701 34.0 27.960886
949.85986 34.0 27.937056
982.2601 34.0 28.890001
996.3 34.0 29.30294
972.5402 34.0 28.604124
918.2705 34.0 27.007956
976.86053 34.0 28.731192
990.09015 34.0 29.120298
950.93964 34.0 27.968813
957.96014 34.0 28.175299
948.7803 34.0 27.905302
983.3408 34.0 28.92179
976.5906 34.0 28.723251
951.75006 34.0 27.99265
960.12024 34.0 28.23883
921.2401 35.0 26.321146
969.02997 35.0 27.686571
992.78973 35.0 28.365421
925.8299 35.0 26.452282
951.2098 35.0 27.177422
977.94 35.0 27.941143
1051.9197 35.0 30.05485
904.2302 35.0 25.83515
945.80994 35.0 27.023142
988.74005 35.0 28.249716
954.7205 35.0 27.277729
953.63983 35.0 27.246853
878.03986 35.0 25.086853
931.7702 35.0 26.622005
994.68036 35.0 28.41944
933.12 35.0 26.660572
909.6304 35.0 25.989439
948.24005 35.0 27.092573
983.60974 35.0 28.103136
944.4605 35.0 26.984587
967.94977 35.0 27.655708
967.40985 35.0 27.640282
962.5502 35.0 27.501434
983.61017 35.0 28.103148
930.4198 35.0 26.583424
939.33044 35.0 26.838013
940.1398 35.0 26.861135
976.86017 35.0 27.91029
1011.4198 35.0 28.897709
943.1096 35.0 26.94599
912.0601 35.0 26.05886
909.3605 35.0 25.981728
935.28033 35.0 26.722296
930.9602 35.0 26.598864
923.67035 35.0 26.390581
976.86017 35.0 27.91029
923.4003 35.0 26.382866
1017.9 35.0 29.082857
930.1504 35.0 26.575726
915.3001 35.0 26.151432
926.37 35.0 26.467714
953.1003 36.0 26.475008
998.9998 36.0 27.749994
908.2802 36.0 25.230005
902.6104 36.0 25.072512
937.98016 36.0 26.055004
965.5197 36.0 26.819992
941.21924 36.0 26.14498
933.1201 36.0 25.920004
936.6302 36.0 26.017506
955.25977 36.0 26.534994
904.4998 36.0 25.124994
964.7097 36.0 26.797493
974.9696 36.0 27.082489
976.3199 36.0 27.119997
954.1801 36.0 26.505003
936.36035 36.0 26.01001
963.0902 36.0 26.752506
930.9595 36.0 25.859985
986.04004 36.0 27.390001
925.56055 36.0 25.710014
940.6801 36.0 26.130003
917.1903 36.0 25.477509
933.3901 36.0 25.927502
937.7093 36.0 26.04748
977.6701 36.0 27.157503
962.01025 36.0 26.722507
894.78 36.0 24.855001
974.7003 36.0 27.075008
941.2203 36.0 26.145008
976.3205 36.0 27.120014
919.8899 36.0 25.552498
972.8102 36.0 27.022505
968.4904 36.0 26.902512
920.96954 36.0 25.582487
939.8698 36.0 26.107494
945.0002 36.0 26.250006
902.88 36.0 25.08
915.3 36.0 25.425
931.5 36.0 25.875
959.03986 36.0 26.639996
944.73047 36.0 26.242514
926.9099 37.0 25.051619
923.3998 37.0 24.95675
890.19025 37.0 24.059196
968.4896 37.0 26.175396
921.2404 37.0 24.89839
979.5598 37.0 26.47459
984.96014 37.0 26.620544
900.7202 37.0 24.34379
955.53015 37.0 25.82514
913.14044 37.0 24.679472
938.7897 37.0 25.372694
895.3205 37.0 24.197851
890.73 37.0 24.073784
891.2697 37.0 24.088371
915.8395 37.0 24.752419
899.64056 37.0 24.31461
914.2197 37.0 24.708641
990.6307 37.0 26.773802
919.0795 37.0 24.839987
893.15967 37.0 24.13945
903.9602 37.0 24.431356
923.4002 37.0 24.956762
892.88965 37.0 24.132153
994.9501 37.0 26.890543
914.2202 37.0 24.708654
913.6802 37.0 24.69406
922.58997 37.0 24.934864
906.38983 37.0 24.497023
954.4497 37.0 25.795938
948.23975 37.0 25.628101
883.16986 37.0 23.869455
931.23047 37.0 25.16839
924.48016 37.0 24.98595
944.73 37.0 25.533243
942.5702 37.0 25.47487
936.09015 37.0 25.299734
939.6004 37.0 25.394606
967.9499 37.0 26.160809
973.62 37.0 26.314054
983.87994 37.0 26.59135
963.8998 37.0 26.051346
878.04034 38.0 23.106325
911.7902 38.0 23.99448
950.4003 38.0 25.010534
931.77026 38.0 24.52027
932.3095 38.0 24.53446
943.9204 38.0 24.840012
962.8198 38.0 25.337364
872.0994 38.0 22.949986
938.7898 38.0 24.704994
937.71027 38.0 24.676586
926.91 38.0 24.392368
903.14966 38.0 23.767096
943.6497 38.0 24.832888
941.2206 38.0 24.768963
936.08954 38.0 24.633936
886.1395 38.0 23.319462
922.59033 38.0 24.278692
916.9201 38.0 24.129477
974.70044 38.0 25.650011
939.3294 38.0 24.719194
927.98987 38.0 24.420786
899.3702 38.0 23.667637
894.7798 38.0 23.546837
917.7297 38.0 24.150782
894.5102 38.0 23.539742
937.1699 38.0 24.662367
899.3701 38.0 23.667635
913.40985 38.0 24.037102
954.1795 38.0 25.109987
922.5905 38.0 24.278698
964.1699 38.0 25.372892
887.7603 38.0 23.362114
878.85016 38.0 23.127636
956.0705 38.0 25.15975
937.9801 38.0 24.683687
917.1902 38.0 24.136583
945.5399 38.0 24.88263
944.19006 38.0 24.847107
908.55 38.0 23.90921
910.43976 38.0 23.95894
956.0701 38.0 25.15974
958.10876 39.0 24.56689
877.54535 39.0 22.501163
876.7335 39.0 22.480347
863.48755 39.0 22.140707
899.98444 39.0 23.076525
931.6146 39.0 23.887554
947.02386 39.0 24.282663
896.73975 39.0 22.993326
892.4138 39.0 22.882406
949.1868 39.0 24.338123
947.5653 39.0 24.296547
909.1755 39.0 23.312191
912.9603 39.0 23.409239
876.46344 39.0 22.473421
948.37646 39.0 24.317345
891.3324 39.0 22.854677
918.097 39.0 23.540949
859.97266 39.0 22.050581
959.4604 39.0 24.60155
922.423 39.0 23.65187
894.8476 39.0 22.94481
907.5538 39.0 23.270609
934.31775 39.0 23.956865
963.245 39.0 24.69859
904.8498 39.0 23.201277
855.6471 39.0 21.939669
914.04144 39.0 23.43696
918.097 39.0 23.540949
891.3329 39.0 22.854689
893.22485 39.0 22.903202
890.79224 39.0 22.840826
937.02094 39.0 24.026178
942.15814 39.0 24.157902
904.5798 39.0 23.194353
894.5775 39.0 22.937885
912.1499 39.0 23.388458
901.33594 39.0 23.111177
921.8817 39.0 23.637993
890.79224 39.0 22.840826
925.12604 39.0 23.72118
917.82666 39.0 23.534018
895.0502 40.0 22.376255
879.12036 40.0 21.978008
920.6997 40.0 23.017492
896.93976 40.0 22.423494
893.97 40.0 22.349249
903.96063 40.0 22.599016
847.80023 40.0 21.195005
900.9903 40.0 22.524757
914.7604 40.0 22.869009
886.95044 40.0 22.173761
946.08026 40.0 23.652006
898.5603 40.0 22.464008
867.23987 40.0 21.680996
915.0306 40.0 22.875765
891.5398 40.0 22.288494
830.52 40.0 20.763
918.5398 40.0 22.963495
903.68994 40.0 22.592249
923.1299 40.0 23.078247
886.1395 40.0 22.153488
909.35944 40.0 22.733986
908.82043 40.0 22.72051
901.8003 40.0 22.545008
896.4001 40.0 22.410002
890.4603 40.0 22.261509
854.01025 40.0 21.350256
880.7404 40.0 22.01851
901.8006 40.0 22.545015
910.9796 40.0 22.77449
902.3404 40.0 22.55851
896.67 40.0 22.41675
903.4198 40.0 22.585495
935.0101 40.0 23.375252
861.2998 40.0 21.532495
919.6199 40.0 22.990498
910.98016 40.0 22.774504
891.54016 40.0 22.288504
849.6906 40.0 21.242266
858.33044 40.0 21.458261
894.5104 40.0 22.362759
901.26025 40.0 22.531506
888.0299 41.0 21.659266
892.8899 41.0 21.777802
891.27026 41.0 21.738298
908.5497 41.0 22.159748
903.1501 41.0 22.028051
925.55975 41.0 22.574629
839.7003 41.0 20.480495
865.62024 41.0 21.112688
875.3402 41.0 21.349762
905.5802 41.0 22.087322
853.20013 41.0 20.80976
936.9002 41.0 22.851225
855.35974 41.0 20.862432
937.7096 41.0 22.870966
865.6199 41.0 21.11268
904.5001 41.0 22.060978
936.08997 41.0 22.831463
895.5902 41.0 21.843664
872.64 41.0 21.283903
919.0801 41.0 22.416588
929.8797 41.0 22.679993
916.11035 41.0 22.344154
888.57056 41.0 21.672453
878.85 41.0 21.435366
854.5502 41.0 20.842688
814.32007 41.0 19.861465
855.6307 41.0 20.869041
841.32 41.0 20.52
898.0203 41.0 21.902935
869.6701 41.0 21.211466
871.2902 41.0 21.25098
893.7002 41.0 21.797565
922.5906 41.0 22.502209
862.64984 41.0 21.04024
932.85046 41.0 22.75245
893.6999 41.0 21.797558
893.43005 41.0 21.790977
914.75995 41.0 22.311218
895.0498 41.0 21.830482
923.67004 41.0 22.528538
926.1 41.0 22.587805
860.76056 42.0 20.494299
911.25037 42.0 21.696438
881.81976 42.0 20.995708
856.97974 42.0 20.40428
884.7899 42.0 21.066427
845.64014 42.0 20.134289
891.81024 42.0 21.233578
837.2704 42.0 19.935009
852.3903 42.0 20.295008
844.02 42.0 20.095715
918.5401 42.0 21.870003
846.4505 42.0 20.153584
913.9502 42.0 21.76072
856.7102 42.0 20.397861
881.01025 42.0 20.976435
864.27045 42.0 20.577868
897.20984 42.0 21.362139
824.3102 42.0 19.626432
899.91 42.0 21.426428
834.84033 42.0 19.877151
861.8395 42.0 20.519987
883.97986 42.0 21.04714
852.6603 42.0 20.301435
856.1704 42.0 20.38501
907.7405 42.0 21.61287
869.3998 42.0 20.699995
884.79004 42.0 21.06643
872.91016 42.0 20.783575
847.2598 42.0 20.172853
871.82983 42.0 20.757853
896.6703 42.0 21.349293
889.1095 42.0 21.169273
878.0403 42.0 20.905722
872.3696 42.0 20.770706
880.7405 42.0 20.97001
885.60016 42.0 21.085718
883.7106 42.0 21.040728
856.17084 42.0 20.38502
856.70984 42.0 20.397854
903.15027 42.0 21.503578
839.7003 42.0 19.992865
889.3796 43.0 20.683247
866.7002 43.0 20.155819
859.9499 43.0 19.998835
869.4002 43.0 20.218609
863.19 43.0 20.074186
846.4498 43.0 19.68488
894.5099 43.0 20.802555
843.47986 43.0 19.61581
822.1503 43.0 19.119776
871.8299 43.0 20.275114
888.57 43.0 20.66442
808.9203 43.0 18.8121
844.83014 43.0 19.647213
850.22974 43.0 19.772785
846.9901 43.0 19.697445
846.72003 43.0 19.691164
878.31 43.0 20.425814
828.0904 43.0 19.257915
854.55035 43.0 19.873264
848.61017 43.0 19.73512
841.86053 43.0 19.578152
887.49005 43.0 20.639303
850.77075 43.0 19.785366
889.9201 43.0 20.695816
865.8897 43.0 20.13697
933.1206 43.0 21.70048
856.17017 43.0 19.910934
885.59955 43.0 20.595339
848.60986 43.0 19.735113
861.3008 43.0 20.03025
829.17004 43.0 19.283024
883.1701 43.0 20.53884
845.1 43.0 19.653488
879.1201 43.0 20.444654
883.7101 43.0 20.551397
844.82965 43.0 19.647202
856.44073 43.0 19.917227
844.0203 43.0 19.62838
852.93 43.0 19.83558
857.2502 43.0 19.93605
891.2695 43.0 20.727198
816.4799 44.0 18.556362
846.7203 44.0 19.243643
847.26044 44.0 19.255919
854.55035 44.0 19.421598
798.1203 44.0 18.139097
834.3001 44.0 18.961367
865.62 44.0 19.673182
836.4599 44.0 19.010452
822.14996 44.0 18.685226
831.6001 44.0 18.900002
838.89026 44.0 19.065687
829.7107 44.0 18.857061
851.31006 44.0 19.347956
855.3597 44.0 19.439993
840.2401 44.0 19.096367
846.9901 44.0 19.249775
803.52014 44.0 18.261822
811.62067 44.0 18.445925
824.31 44.0 18.734318
806.76044 44.0 18.335464
873.45044 44.0 19.851147
834.0304 44.0 18.955236
883.1701 44.0 20.072048
851.84985 44.0 19.360224
855.90015 44.0 19.452276
825.66003 44.0 18.765001
876.1499 44.0 19.912498
852.39014 44.0 19.372503
834.29987 44.0 18.96136
813.78 44.0 18.495
865.62 44.0 19.673182
924.7507 44.0 21.017061
782.1902 44.0 17.77705
841.0499 44.0 19.11477
868.3202 44.0 19.73455
818.64044 44.0 18.605465
837.0004 44.0 19.022738
833.49 44.0 18.942955
828.6306 44.0 18.832514
802.4401 44.0 18.237276
839.9702 44.0 19.090233
800.8199 45.0 17.795998
850.5003 45.0 18.900007
822.6903 45.0 18.282007
840.51025 45.0 18.678005
820.7995 45.0 18.239988
845.3699 45.0 18.785997
827.00977 45.0 18.377995
843.4804 45.0 18.744009
832.14014 45.0 18.492002
834.30005 45.0 18.54
840.78033 45.0 18.684008
811.35 45.0 18.029999
835.11017 45.0 18.558004
810.53986 45.0 18.011997
804.8706 45.0 17.886013
840.7799 45.0 18.683998
823.23035 45.0 18.294008
837.0001 45.0 18.600002
831.87 45.0 18.486
839.1598 45.0 18.647995
848.6101 45.0 18.858002
816.4802 45.0 18.144005
805.4103 45.0 17.898006
864.2698 45.0 19.205996
828.09 45.0 18.402
789.2101 45.0 17.538002
838.35016 45.0 18.630003
792.1801 45.0 17.604002
830.7904 45.0 18.46201
762.7503 45.0 16.950006
843.7505 45.0 18.750011
823.23065 45.0 18.294014
793.5303 45.0 17.634007
792.4504 45.0 17.610008
801.09 45.0 17.802
810.0005 45.0 18.000011
819.72 45.0 18.216
850.23004 45.0 18.894001
864.00037 45.0 19.200008
829.98016 45.0 18.444004
782.46 45.0 17.388
857.5203 46.0 18.641747
831.3299 46.0 18.07239
794.3403 46.0 17.268267
804.3306 46.0 17.485449
811.8903 46.0 17.64979
777.06006 46.0 16.89261
857.5203 46.0 18.641747
876.1499 46.0 19.046738
830.5202 46.0 18.054787
840.5104 46.0 18.271965
821.8802 46.0 17.86696
839.96985 46.0 18.260214
835.11005 46.0 18.154566
851.31006 46.0 18.50674
802.44025 46.0 17.444353
810.0001 46.0 17.608698
862.9206 46.0 18.759144
770.0403 46.0 16.740005
817.83 46.0 17.778913
835.1105 46.0 18.154575
806.4901 46.0 17.532394
846.4498 46.0 18.401083
836.4601 46.0 18.183914
802.4405 46.0 17.444359
834.57056 46.0 18.142838
821.06995 46.0 17.849346
786.5101 46.0 17.098045
840.78 46.0 18.277826
780.8401 46.0 16.974785
838.3502 46.0 18.225004
833.2199 46.0 18.113476
840.7802 46.0 18.27783
867.2407 46.0 18.85306
830.2497 46.0 18.048906
830.2501 46.0 18.048916
793.5299 46.0 17.25065
815.4 46.0 17.726088
768.69025 46.0 16.710657
833.4903 46.0 18.119354
792.4505 46.0 17.227184
805.14014 46.0 17.503046
820.80005 47.0 17.46383
790.83014 47.0 16.826174
802.17004 47.0 17.067448
787.8601 47.0 16.762981
815.6699 47.0 17.35468
811.6205 47.0 17.26852
802.9802 47.0 17.084686
816.7503 47.0 17.377666
844.02026 47.0 17.957878
784.6204 47.0 16.694052
844.2897 47.0 17.96361
791.64014 47.0 16.843407
790.2904 47.0 16.81469
761.94006 47.0 16.21149
801.9004 47.0 17.06171
813.51056 47.0 17.308735
818.91 47.0 17.423616
829.4402 47.0 17.647663
801.3605 47.0 17.050222
828.6296 47.0 17.630417
815.1299 47.0 17.34319
811.3507 47.0 17.262781
804.6006 47.0 17.119162
863.9998 47.0 18.382975
807.3 47.0 17.176596
813.51074 47.0 17.308739
798.12024 47.0 16.981281
815.13007 47.0 17.343193
848.8804 47.0 18.061285
780.8408 47.0 16.613634
792.18005 47.0 16.854895
753.0301 47.0 16.021917
821.6103 47.0 17.48107
788.94006 47.0 16.78596
751.6802 47.0 15.993196
818.9107 47.0 17.423632
783.26984 47.0 16.665316
822.1502 47.0 17.492558
804.06024 47.0 17.107664
812.97 47.0 17.297234
792.44977 47.0 16.860634
805.9499 48.0 16.790623
780.3004 48.0 16.256258
830.7899 48.0 17.308123
782.18994 48.0 16.295624
794.0703 48.0 16.54313
800.5502 48.0 16.67813
770.85034 48.0 16.059381
774.0907 48.0 16.12689
797.58044 48.0 16.616259
789.7502 48.0 16.453129
792.99023 48.0 16.52063
783.2699 48.0 16.318123
802.4401 48.0 16.717503
782.73 48.0 16.306875
849.68994 48.0 17.701874
802.9801 48.0 16.728752
766.53 48.0 15.969376
801.08984 48.0 16.689371
757.6199 48.0 15.783748
850.49976 48.0 17.718744
817.2897 48.0 17.026869
766.25995 48.0 15.963749
807.8399 48.0 16.829998
821.3399 48.0 17.111248
790.5602 48.0 16.470003
819.18005 48.0 17.066252
773.01013 48.0 16.104378
785.70026 48.0 16.368755
795.4199 48.0 16.571249
793.79974 48.0 16.537495
789.7505 48.0 16.453135
808.64996 48.0 16.846874
791.6399 48.0 16.492498
812.97015 48.0 16.936878
802.4401 48.0 16.717503
752.48975 48.0 15.67687
814.31995 48.0 16.964998
780.3003 48.0 16.256256
814.5902 48.0 16.970629
780.0299 48.0 16.250624
790.0201 48.0 16.458752
765.1803 49.0 15.615925
769.77045 49.0 15.7096
766.5301 49.0 15.643471
790.5602 49.0 16.13388
812.9699 49.0 16.591223
745.74036 49.0 15.219192
782.73 49.0 15.974081
761.9402 49.0 15.5498
794.06995 49.0 16.20551
785.1603 49.0 16.02368
785.4299 49.0 16.02918
804.0607 49.0 16.409403
799.47 49.0 16.315714
797.8499 49.0 16.282652
753.3002 49.0 15.373473
785.4304 49.0 16.029192
777.3297 49.0 15.863872
805.6801 49.0 16.442451
787.0502 49.0 16.062248
797.8502 49.0 16.282658
824.31 49.0 16.822653
758.43 49.0 15.478164
805.6799 49.0 16.442446
780.03 49.0 15.91898
762.7502 49.0 15.56633
773.5499 49.0 15.786733
746.82025 49.0 15.241229
770.8504 49.0 15.731641
777.06024 49.0 15.858372
777.60065 49.0 15.869401
784.07965 49.0 16.001625
815.94055 49.0 16.651848
762.4802 49.0 15.560822
816.20996 49.0 16.657347
797.0402 49.0 16.266127
772.2001 49.0 15.759186
763.5601 49.0 15.58286
814.0501 49.0 16.613268
775.71045 49.0 15.830826
770.0404 49.0 15.715111
812.4301 49.0 16.580206
770.5803 50.0 15.411607
759.51 50.0 15.190201
742.2303 50.0 14.844605
756.0 50.0 15.12
772.4702 50.0 15.449405
763.55994 50.0 15.271199
724.14014 50.0 14.482803
750.0605 50.0 15.001209
770.04 50.0 15.4008
782.7304 50.0 15.654609
760.59015 50.0 15.2118025
764.1005 50.0 15.282011
785.4297 50.0 15.708594
731.7001 50.0 14.634002
739.53015 50.0 14.790603
738.1803 50.0 14.763606
732.78015 50.0 14.655602
756.54004 50.0 15.1308
797.58014 50.0 15.951603
762.21045 50.0 15.244209
751.4098 50.0 15.028195
773.2802 50.0 15.465604
797.04034 50.0 15.940807
741.9602 50.0 14.839204
765.72015 50.0 15.314404
784.89 50.0 15.6978
761.9401 50.0 15.238802
762.4801 50.0 15.249602
730.62036 50.0 14.612408
769.7707 50.0 15.395413
756.27014 50.0 15.125403
793.79987 50.0 15.875998
751.41064 50.0 15.0282135
769.7701 50.0 15.395402
792.7198 50.0 15.854396
780.8405 50.0 15.616811
756.00006 50.0 15.120001
763.0201 50.0 15.260402
783.5399 50.0 15.670798
743.5803 50.0 14.871606
776.7906 50.0 15.535811
785.70044 51.0 15.405891
772.2002 51.0 15.14118
774.9 51.0 15.194118
757.3504 51.0 14.850008
786.5099 51.0 15.421762
750.60004 51.0 14.717648
723.33044 51.0 14.18295
750.0599 51.0 14.707056
726.5698 51.0 14.246468
760.5903 51.0 14.913534
730.8903 51.0 14.3311825
802.4402 51.0 15.734121
727.6502 51.0 14.267652
773.8199 51.0 15.172939
759.2402 51.0 14.887062
775.70984 51.0 15.209997
737.6402 51.0 14.463533
732.2403 51.0 14.357653
758.16003 51.0 14.865883
753.8403 51.0 14.781181
738.99005 51.0 14.490001
738.1799 51.0 14.474115
747.08984 51.0 14.64882
755.73047 51.0 14.818245
765.45 51.0 15.008824
744.93054 51.0 14.606482
771.6603 51.0 15.130594
766.79987 51.0 15.035292
753.83997 51.0 14.781176
709.8301 51.0 13.918237
698.4905 51.0 13.695892
749.7899 51.0 14.701763
788.40063 51.0 15.458836
718.7404 51.0 14.092949
741.9603 51.0 14.548242
748.7106 51.0 14.680599
749.25037 51.0 14.691184
738.1803 51.0 14.474124
794.8801 51.0 15.585885
736.2903 51.0 14.437064
714.15027 51.0 14.002946
729.8101 52.0 14.03481
763.29 52.0 14.678654
694.7102 52.0 13.359812
749.52026 52.0 14.413851
789.2101 52.0 15.177117
743.85004 52.0 14.304809
718.4704 52.0 13.816738
707.4002 52.0 13.60385
735.74963 52.0 14.149032
753.5703 52.0 14.491737
686.0702 52.0 13.193657
759.2403 52.0 14.600775
754.92017 52.0 14.517695
772.4701 52.0 14.855194
749.7902 52.0 14.419043
758.97015 52.0 14.59558
728.7305 52.0 14.014049
735.4802 52.0 14.14385
731.16016 52.0 14.060772
739.26056 52.0 14.216549
770.58026 52.0 14.818851
778.41034 52.0 14.96943
689.0399 52.0 13.250768
722.25024 52.0 13.889428
777.8698 52.0 14.959035
750.05994 52.0 14.42423
767.0702 52.0 14.751349
727.9203 52.0 13.998467
739.80035 52.0 14.22693
740.88 52.0 14.247692
771.12 52.0 14.829231
735.48004 52.0 14.143847
788.9403 52.0 15.171929
692.55005 52.0 13.31827
707.67 52.0 13.609038
767.8804 52.0 14.766931
771.9302 52.0 14.844811
728.19025 52.0 14.003658
741.1501 52.0 14.252886
762.4801 52.0 14.663078
739.5302 52.0 14.221735
782.1179 52.999996 14.756943
715.3648 52.999996 13.49745
731.03973 52.999996 13.793203
734.55316 52.999996 13.859494
734.01276 52.999996 13.8492985
699.41974 52.999996 13.1966
724.0136 52.999996 13.660635
741.0392 52.999996 13.981873
735.36414 52.999996 13.874796
759.1463 52.999996 14.323516
749.95795 52.999996 14.150151
695.9063 52.999996 13.130308
729.9591 52.999996 13.772814
725.6346 52.999996 13.691219
727.7969 52.999996 13.7320175
787.2532 52.999996 14.853835
725.36456 52.999996 13.686125
720.50006 52.999996 13.594342
693.7445 52.999996 13.08952
686.718 52.999996 12.956944
756.71436 52.999996 14.277631
763.1998 52.999996 14.399998
738.8767 52.999996 13.941071
736.4449 52.999996 13.895187
731.31036 52.999996 13.798309
725.3642 52.999996 13.686118
725.3643 52.999996 13.68612
735.90436 52.999996 13.884989
765.9028 52.999996 14.450996
733.2021 52.999996 13.8340025
709.14923 52.999996 13.380175
742.12036 52.999996 14.002272
752.1198 52.999996 14.190941
707.2576 52.999996 13.344484
706.1761 52.999996 13.324079
721.5812 52.999996 13.61474
746.7151 52.999996 14.088964
754.01166 52.999996 14.226636
676.17804 52.999996 12.758078
725.6347 52.999996 13.691222
722.6618 52.999996 13.635129
709.83044 54.000004 13.145007
681.75024 54.000004 12.625004
737.1001 54.000004 13.650001
688.23004 54.000004 12.745
698.76025 54.000004 12.940003
720.9 54.000004 13.349999
708.20996 54.000004 13.114999
698.4899 54.000004 12.934998
709.2902 54.000004 13.135003
713.07043 54.000004 13.205008
720.09045 54.000004 13.335008
734.1304 54.000004 13.595006
737.3701 54.000004 13.655001
670.4101 54.000004 12.415001
716.04004 54.000004 13.259999
759.51044 54.000004 14.065007
712.25977 54.000004 13.189995
728.4604 54.000004 13.490006
713.07007 54.000004 13.205001
689.5801 54.000004 12.77
679.32007 54.000004 12.58
740.8804 54.000004 13.720006
720.90027 54.000004 13.350004
697.14026 54.000004 12.910004
720.62994 54.000004 13.344998
715.2303 54.000004 13.245005
745.47015 54.000004 13.805002
690.38983 54.000004 12.784996
723.86993 54.000004 13.404998
733.85986 54.000004 13.589996
684.7201 54.000004 12.68
681.7504 54.000004 12.625007
721.1701 54.000004 13.3550005
740.07043 54.000004 13.705007
711.4499 54.000004 13.174997
738.9901 54.000004 13.685001
725.2201 54.000004 13.430001
678.51 54.000004 12.565
686.8802 54.000004 12.720002
699.8406 54.000004 12.96001
743.0401 54.000004 13.760001
691.74 55.0 12.57709
695.25024 55.0 12.640914
689.03986 55.0 12.527997
685.53 55.0 12.464182
660.9602 55.0 12.017458
734.1303 55.0 13.347824
731.70013 55.0 13.303638
710.3699 55.0 12.915816
691.74 55.0 12.577091
711.9905 55.0 12.945281
699.2999 55.0 12.714544
729.54065 55.0 13.264376
701.4602 55.0 12.753821
681.48016 55.0 12.390549
710.37024 55.0 12.915823
713.8802 55.0 12.97964
716.58 55.0 13.028728
708.48004 55.0 12.881455
709.82996 55.0 12.905999
683.64 55.0 12.429818
689.0403 55.0 12.528005
706.31995 55.0 12.842181
690.66016 55.0 12.557457
706.32025 55.0 12.842186
710.91016 55.0 12.925639
693.9002 55.0 12.616367
737.63983 55.0 13.4116335
720.9002 55.0 13.107277
703.6202 55.0 12.793095
697.9501 55.0 12.6900015
714.41974 55.0 12.9894495
672.5701 55.0 12.228548
705.2405 55.0 12.822554
705.7799 55.0 12.832362
694.7105 55.0 12.6311
692.2803 55.0 12.586914
719.8201 55.0 13.087639
680.94037 55.0 12.380734
699.57025 55.0 12.719459
685.5297 55.0 12.464177
700.65045 55.0 12.7390995
690.66016 56.0 12.333218
701.7304 56.0 12.5309
699.03 56.0 12.482679
704.1598 56.0 12.574282
666.9 56.0 11.908929
691.2007 56.0 12.342869
693.3601 56.0 12.381431
688.50006 56.0 12.294644
681.20996 56.0 12.164464
712.5299 56.0 12.723748
677.15985 56.0 12.09214
683.91016 56.0 12.212682
704.9706 56.0 12.58876
704.9703 56.0 12.588755
720.63055 56.0 12.8684025
697.67944 56.0 12.458562
693.63043 56.0 12.386258
676.3502 56.0 12.0776825
671.4903 56.0 11.990898
697.4103 56.0 12.453755
660.1497 56.0 11.788388
684.45026 56.0 12.222326
684.45013 56.0 12.222323
717.3904 56.0 12.810542
688.5003 56.0 12.294648
709.2906 56.0 12.665903
683.3705 56.0 12.203045
675.27026 56.0 12.058397
683.91016 56.0 12.212682
705.2402 56.0 12.593575
640.16956 56.0 11.4316
666.6301 56.0 11.904109
693.6304 56.0 12.386257
670.67993 56.0 11.976427
685.26 56.0 12.236786
709.5603 56.0 12.67072
670.6804 56.0 11.976436
709.5603 56.0 12.67072
657.45044 56.0 11.740187
675.54047 56.0 12.063223
659.3403 56.0 11.773933
655.5601 57.0 11.501055
680.9402 57.0 11.94632
691.4702 57.0 12.131057
656.1003 57.0 11.510531
666.8999 57.0 11.699998
671.4898 57.0 11.780523
658.79987 57.0 11.557893
671.22046 57.0 11.775798
713.6105 57.0 12.519482
642.6001 57.0 11.273685
677.7001 57.0 11.889475
699.3001 57.0 12.268423
692.82007 57.0 12.154738
672.5705 57.0 11.799482
680.67 57.0 11.941579
669.0597 57.0 11.737889
636.93005 57.0 11.1742115
660.68994 57.0 11.591052
639.6299 57.0 11.221577
661.2303 57.0 11.600532
671.49066 57.0 11.780538
680.4003 57.0 11.936848
649.3499 57.0 11.392104
680.94006 57.0 11.946317
670.9504 57.0 11.771059
658.8001 57.0 11.557897
678.7805 57.0 11.90843
678.51 57.0 11.903685
694.4401 57.0 12.18316
655.0201 57.0 11.49158
667.9801 57.0 11.718949
687.96027 57.0 12.069478
669.6005 57.0 11.747377
662.85 57.0 11.628947
663.66034 57.0 11.643164
667.1704 57.0 11.704744
681.4803 57.0 11.955794
674.99994 57.0 11.842104
652.8605 57.0 11.453692
680.1305 57.0 11.932114
685.53 57.0 12.026843
669.05975 58.0 11.535513
674.7301 58.0 11.633278
638.0103 58.0 11.000178
629.64044 58.0 10.855869
647.1898 58.0 11.158445
644.2201 58.0 11.107243
646.6502 58.0 11.149141
666.08954 58.0 11.4843025
681.21 58.0 11.745001
680.3999 58.0 11.731032
672.3003 58.0 11.591385
657.45 58.0 11.335345
640.1698 58.0 11.037411
668.2504 58.0 11.521559
685.53015 58.0 11.819486
659.3406 58.0 11.367941
685.5302 58.0 11.819487
647.1902 58.0 11.158451
654.20996 58.0 11.279482
650.16046 58.0 11.209663
653.6699 58.0 11.270171
614.51996 58.0 10.595172
657.45044 58.0 11.335352
635.0405 58.0 10.948975
660.6903 58.0 11.391212
653.4002 58.0 11.265521
670.1402 58.0 11.554141
664.4705 58.0 11.456388
660.1501 58.0 11.381898
656.9101 58.0 11.326036
648.5399 58.0 11.181723
671.76013 58.0 11.582071
636.6604 58.0 10.976903
671.7605 58.0 11.582078
663.6601 58.0 11.442415
650.1602 58.0 11.209659
657.17975 58.0 11.330686
649.0805 58.0 11.191043
659.88 58.0 11.377241
671.4896 58.0 11.577408
646.9202 58.0 11.153797
651.252 58.999996 11.038171
627.20166 58.999996 10.630537
624.2293 58.999996 10.580158
654.495 58.999996 11.093136
664.7634 58.999996 11.267178
644.49634 58.999996 10.923668
649.0901 58.999996 11.001528
617.2032 58.999996 10.461072
659.6292 58.999996 11.180157
655.8464 58.999996 11.116041
650.4414 58.999996 11.024431
626.661 58.999996 10.621374
643.9557 58.999996 10.914504
632.0655 58.999996 10.7129755
646.11755 58.999996 10.951146
663.1424 58.999996 11.239702
642.0643 58.999996 10.882446
665.574 58.999996 11.280915
646.92847 58.999996 10.96489
680.7073 58.999996 11.537412
629.63324 58.999996 10.67175
632.33594 58.999996 10.717559
636.6594 58.999996 10.790838
642.33484 58.999996 10.887032
649.901 58.999996 11.015272
661.5208 58.999996 11.212218
686.65173 58.999996 11.638165
648.5496 58.999996 10.992367
633.6874 58.999996 10.740465
642.60486 58.999996 10.891608
652.06244 58.999996 11.051907
663.6828 58.999996 11.248861
643.1453 58.999996 10.900769
630.9848 58.999996 10.694658
612.8793 58.999996 10.387785
635.5786 58.999996 10.77252
624.7696 58.999996 10.589315
670.97864 58.999996 11.37252
640.71313 58.999996 10.859546
658.81854 58.999996 11.166417
649.63104 58.999996 11.010696
623.1603 60.000004 10.3860035
642.3302 60.000004 10.7055025
623.7005 60.000004 10.395008
662.04004 60.000004 11.033999
641.2504 60.000004 10.687507
634.5 60.000004 10.574999
628.2905 60.000004 10.471508
645.84033 60.000004 10.764005
632.8807 60.000004 10.548011
584.01025 60.000004 9.733503
640.98083 60.000004 10.683013
615.60046 60.000004 10.260007
635.8503 60.000004 10.597504
652.8604 60.000004 10.881006
600.7504 60.000004 10.0125065
618.30035 60.000004 10.305005
659.8802 60.000004 10.998002
617.4904 60.000004 10.291507
632.3401 60.000004 10.5390005
607.50055 60.000004 10.125009
625.05 60.000004 10.4175
633.6901 60.000004 10.5615015
639.09033 60.000004 10.6515045
618.57 60.000004 10.3095
633.42035 60.000004 10.557005
628.82965 60.000004 10.480494
623.70044 60.000004 10.395006
628.0203 60.000004 10.467005
646.11 60.000004 10.768499
633.15063 60.000004 10.55251
632.07 60.000004 10.534499
657.99023 60.000004 10.966503
620.73047 60.000004 10.345508
618.03033 60.000004 10.300505
626.6704 60.000004 10.444507
654.2101 60.000004 10.903501
618.5701 60.000004 10.309502
637.7399 60.000004 10.628998
615.8701 60.000004 10.264502
626.13 60.000004 10.435499
626.67004 60.000004 10.4445
617.4902 61.0 10.122789
571.8604 61.0 9.374761
628.83014 61.0 10.308691
623.43054 61.0 10.220173
615.87036 61.0 10.096235
581.0403 61.0 9.52525
637.7405 61.0 10.4547615
601.2901 61.0 9.857215
649.0801 61.0 10.640657
620.7303 61.0 10.175906
625.5902 61.0 10.255577
598.0502 61.0 9.804101
620.4602 61.0 10.171478
596.1602 61.0 9.773118
646.1103 61.0 10.591972
648.00024 61.0 10.622954
655.02045 61.0 10.73804
600.75055 61.0 9.84837
608.3102 61.0 9.972298
602.64056 61.0 9.879354
633.1503 61.0 10.379514
587.2506 61.0 9.627059
611.28015 61.0 10.020986
616.4102 61.0 10.105085
608.58044 61.0 9.976728
659.61017 61.0 10.813281
612.6304 61.0 10.043121
608.31006 61.0 9.972296
635.0402 61.0 10.410496
601.56036 61.0 9.861646
589.68005 61.0 9.666886
607.50006 61.0 9.959018
631.8002 61.0 10.35738
619.92004 61.0 10.162623
605.34045 61.0 9.9236145
614.2502 61.0 10.069675
614.7901 61.0 10.0785265
631.5301 61.0 10.352952
595.08057 61.0 9.755419
608.8506 61.0 9.981157
612.36017 61.0 10.0386915
592.38007 62.0 9.554517
616.41046 62.0 9.942104
568.89014 62.0 9.175648
602.1 62.0 9.71129
579.96 62.0 9.354194
605.34033 62.0 9.763554
597.5103 62.0 9.637263
603.99036 62.0 9.74178
596.7 62.0 9.624194
646.65027 62.0 10.429843
587.2505 62.0 9.471782
581.8506 62.0 9.384686
603.7202 62.0 9.737423
614.5204 62.0 9.911619
592.64996 62.0 9.55887
602.6404 62.0 9.720006
590.2205 62.0 9.519686
576.72003 62.0 9.301936
601.0203 62.0 9.693876
588.06 62.0 9.4848385
592.9204 62.0 9.563232
593.19 62.0 9.56758
602.6403 62.0 9.720005
595.89014 62.0 9.611132
615.33026 62.0 9.924682
625.85974 62.0 10.094512
595.8899 62.0 9.611127
590.49023 62.0 9.524036
599.3999 62.0 9.667741
608.3101 62.0 9.811454
607.7698 62.0 9.802738
627.7505 62.0 10.125008
607.2303 62.0 9.794037
594.26984 62.0 9.584997
583.7401 62.0 9.415163
594.27014 62.0 9.585002
585.6302 62.0 9.445648
598.04974 62.0 9.645964
612.8999 62.0 9.885482
581.85004 62.0 9.384678
608.3101 62.0 9.811454
570.77997 63.0 9.059999
613.43994 63.0 9.737142
585.9004 63.0 9.300006
578.8803 63.0 9.188577
562.1398 63.0 8.922853
612.90015 63.0 9.728574
572.4004 63.0 9.08572
579.4205 63.0 9.19715
608.58026 63.0 9.660005
596.7 63.0 9.471429
607.50037 63.0 9.642863
566.19037 63.0 8.987148
593.19 63.0 9.415714
588.06024 63.0 9.33429
606.6901 63.0 9.630002
603.9903 63.0 9.587148
568.0801 63.0 9.017144
616.1403 63.0 9.780005
614.2502 63.0 9.750003
608.57996 63.0 9.659999
616.9503 63.0 9.792862
605.88007 63.0 9.617144
574.8303 63.0 9.12429
558.62994 63.0 8.867142
619.1104 63.0 9.827149
586.16986 63.0 9.304283
569.1602 63.0 9.034289
591.03 63.0 9.381429
565.1103 63.0 8.970005
612.89984 63.0 9.728569
576.4505 63.0 9.150008
585.90063 63.0 9.30001
588.87024 63.0 9.347147
604.7999 63.0 9.599998
615.87036 63.0 9.77572
612.36035 63.0 9.720006
588.87006 63.0 9.347144
597.78015 63.0 9.488574
563.7598 63.0 8.948568
614.5202 63.0 9.754289
585.6306 63.0 9.295724
587.25024 64.0 9.175785
577.7998 64.0 9.028122
574.5598 64.0 8.977497
601.02014 64.0 9.39094
558.89984 64.0 8.73281
551.6102 64.0 8.61891
571.5901 64.0 8.931095
562.41034 64.0 8.787662
570.50995 64.0 8.914218
589.95074 64.0 9.21798
595.6205 64.0 9.30657
582.93005 64.0 9.108282
589.14014 64.0 9.205315
553.23035 64.0 8.644224
572.1302 64.0 8.939534
559.1699 64.0 8.73703
582.66 64.0 9.104062
567.2698 64.0 8.86359
566.19025 64.0 8.846723
594.5403 64.0 9.289692
590.22046 64.0 9.222195
572.67004 64.0 8.947969
579.96 64.0 9.061875
569.6999 64.0 8.901561
571.32 64.0 8.926875
564.0301 64.0 8.81297
557.81995 64.0 8.715937
600.21014 64.0 9.3782835
598.85974 64.0 9.357183
571.3201 64.0 8.926877
563.2198 64.0 8.800309
551.33984 64.0 8.614685
564.8404 64.0 8.825631
583.74036 64.0 9.120943
581.31036 64.0 9.082974
569.96985 64.0 8.905779
581.57996 64.0 9.087187
584.2802 64.0 9.129378
565.11 64.0 8.8298435
565.65045 64.0 8.838288
564.84045 64.0 8.825632
568.6204 65.0 8.748007
575.10034 65.0 8.847697
562.6798 65.0 8.656612
596.4305 65.0 9.175854
543.77985 65.0 8.365844
557.8205 65.0 8.581854
585.36017 65.0 9.005541
554.3099 65.0 8.527844
591.30054 65.0 9.096931
558.0904 65.0 8.586006
558.09 65.0 8.586
568.8902 65.0 8.752157
547.56024 65.0 8.424004
552.42017 65.0 8.498772
547.8301 65.0 8.428155
545.40027 65.0 8.390774
571.0499 65.0 8.785383
549.44995 65.0 8.453076
572.67004 65.0 8.810308
544.3203 65.0 8.374159
568.35016 65.0 8.743849
566.4599 65.0 8.714767
558.0902 65.0 8.586003
563.49054 65.0 8.6690855
566.7299 65.0 8.718922
554.5799 65.0 8.531999
590.2203 65.0 9.080312
550.79974 65.0 8.473843
553.23035 65.0 8.511236
588.06036 65.0 9.047083
539.46 65.0 8.299385
547.28986 65.0 8.419844
587.5203 65.0 9.0387745
534.3302 65.0 8.220465
544.59015 65.0 8.37831
549.1803 65.0 8.448928
557.5502 65.0 8.577695
569.69995 65.0 8.764615
544.05023 65.0 8.370004
601.02014 65.0 9.246464
562.6802 65.0 8.656618
543.77985 66.0 8.239089
532.9803 66.0 8.075459
533.52014 66.0 8.083638
568.8904 66.0 8.619552
547.82983 66.0 8.300452
540.00037 66.0 8.181824
560.2503 66.0 8.488641
532.9804 66.0 8.07546
550.5303 66.0 8.341368
548.91016 66.0 8.31682
547.0203 66.0 8.288187
537.0305 66.0 8.136826
545.40027 66.0 8.26364
554.31006 66.0 8.398637
548.09985 66.0 8.3045435
548.0997 66.0 8.304541
541.0798 66.0 8.198178
506.52017 66.0 7.674548
545.94 66.0 8.271818
541.62 66.0 8.206364
553.7704 66.0 8.39046
550.26025 66.0 8.337276
540.54 66.0 8.19
547.0201 66.0 8.288183
532.9803 66.0 8.075459
547.8299 66.0 8.300453
531.0903 66.0 8.046823
541.0798 66.0 8.198178
534.0599 66.0 8.091816
551.0702 66.0 8.349548
558.6301 66.0 8.464093
550.26 66.0 8.337273
531.09064 66.0 8.046828
551.33997 66.0 8.353636
540.0 66.0 8.181818
542.42993 66.0 8.218636
533.79004 66.0 8.087728
538.9199 66.0 8.165453
541.62036 66.0 8.206369
551.07 66.0 8.3495455
516.77985 66.0 7.829998
521.37 67.0 7.7816415
534.06006 67.0 7.9710455
522.45044 67.0 7.7977676
524.6101 67.0 7.830002
547.5605 67.0 8.1725445
549.7202 67.0 8.20478
544.05 67.0 8.120149
522.44995 67.0 7.7977605
550.80023 67.0 8.220899
534.06006 67.0 7.9710455
518.1303 67.0 7.733288
530.0098 67.0 7.9105945
537.0304 67.0 8.015379
536.22003 67.0 8.003284
502.7399 67.0 7.5035806
509.75974 67.0 7.608354
529.20013 67.0 7.8985095
505.97995 67.0 7.5519395
545.1301 67.0 8.1362705
504.09015 67.0 7.5237336
527.85016 67.0 7.8783603
549.72003 67.0 8.204777
534.06006 67.0 7.9710455
515.69977 67.0 7.6970115
523.26013 67.0 7.809853
560.79016 67.0 8.370003
539.7303 67.0 8.0556755
512.4604 67.0 7.6486626
520.56036 67.0 7.7695575
521.9102 67.0 7.7897043
530.27997 67.0 7.9146266
527.3103 67.0 7.870303
507.60016 67.0 7.576122
517.58997 67.0 7.725223
543.2406 67.0 8.108068
533.51996 67.0 7.9629846
544.5901 67.0 8.12821
525.4204 67.0 7.842096
526.5003 67.0 7.8582134
514.89014 67.0 7.6849275
525.69025 67.0 7.8461227
513.8101 68.0 7.556031
507.8699 68.0 7.468675
488.16 68.0 7.1788235
519.75006 68.0 7.643383
540.0001 68.0 7.941178
512.1903 68.0 7.532211
511.1099 68.0 7.516322
516.78033 68.0 7.5997105
525.9599 68.0 7.734704
515.1603 68.0 7.5758867
533.5201 68.0 7.845884
503.81998 68.0 7.409117
500.04022 68.0 7.353533
524.88 68.0 7.718824
533.7903 68.0 7.8498573
519.4803 68.0 7.6394157
514.89014 68.0 7.5719137
509.75983 68.0 7.496468
497.87982 68.0 7.321762
509.75992 68.0 7.4964695
500.3098 68.0 7.357497
515.9702 68.0 7.587797
516.24036 68.0 7.5917697
524.87994 68.0 7.7188225
532.71027 68.0 7.833975
547.29016 68.0 8.048385
523.5302 68.0 7.6989737
553.23004 68.0 8.1357355
514.88983 68.0 7.5719094
487.6202 68.0 7.1708856
499.2299 68.0 7.341616
530.5498 68.0 7.802203
507.0605 68.0 7.456772
497.34042 68.0 7.31383
504.09015 68.0 7.41309
496.52975 68.0 7.301908
517.8599 68.0 7.6155868
490.3202 68.0 7.210591
509.75986 68.0 7.4964685
500.58014 68.0 7.3614726
522.1802 68.0 7.67912
473.8502 69.0 6.867394
485.46017 69.0 7.0356545
495.18027 69.0 7.1765256
475.2002 69.0 6.8869596
498.96014 69.0 7.2313066
513.8099 69.0 7.44652
473.31027 69.0 6.859569
473.85056 69.0 6.867399
514.08044 69.0 7.450441
511.65042 69.0 7.4152236
486.81003 69.0 7.0552177
503.82 69.0 7.301739
488.42987 69.0 7.078694
488.69998 69.0 7.082608
507.33057 69.0 7.352617
516.2403 69.0 7.481744
500.85007 69.0 7.2586966
505.16992 69.0 7.3213034
521.37024 69.0 7.556091
520.8302 69.0 7.548264
496.53027 69.0 7.1960907
505.71036 69.0 7.3291354
508.14053 69.0 7.3643556
495.18005 69.0 7.1765227
495.72003 69.0 7.184348
486.54004 69.0 7.051305
515.4301 69.0 7.4700017
525.69 69.0 7.6186957
510.84018 69.0 7.403481
488.97015 69.0 7.086524
520.0201 69.0 7.536523
510.57025 69.0 7.399569
488.70004 69.0 7.082609
526.2304 69.0 7.6265273
484.38007 69.0 7.020001
504.63007 69.0 7.3134794
468.9899 69.0 6.796955
477.9001 69.0 6.9260883
482.4903 69.0 6.992613
492.21005 69.0 7.133479
502.20035 69.0 7.278266
491.12997 70.0 7.0161424
488.43033 70.0 6.9775763
519.2099 70.0 7.4172845
490.85995 70.0 7.012285
492.21036 70.0 7.0315766
485.4599 70.0 6.9351416
487.89005 70.0 6.9698577
484.65005 70.0 6.923572
467.90997 70.0 6.684428
487.89023 70.0 6.9698606
508.67987 70.0 7.2668552
462.24 70.0 6.6034284
502.74005 70.0 7.1820006
473.58017 70.0 6.765431
500.04053 70.0 7.143436
507.87003 70.0 7.255286
454.40997 70.0 6.491571
490.32007 70.0 7.0045724
504.09048 70.0 7.2012925
498.15015 70.0 7.1164308
502.1998 70.0 7.174283
500.04025 70.0 7.143432
485.4601 70.0 6.9351444
501.92993 70.0 7.170428
477.09018 70.0 6.815574
502.2 70.0 7.174286
479.79013 70.0 6.8541446
478.17026 70.0 6.8310037
480.32977 70.0 6.861854
485.99985 70.0 6.942855
501.92984 70.0 7.1704264
474.12012 70.0 6.7731447
478.17004 70.0 6.831001
489.51016 70.0 6.9930024
512.18994 70.0 7.316999
516.51013 70.0 7.378716
481.4103 70.0 6.8772902
480.06003 70.0 6.8580003
479.51978 70.0 6.8502827
490.58984 70.0 7.008426
456.57004 70.0 6.522429
469.26035 71.0 6.6093006
447.38983 71.0 6.3012652
471.68982 71.0 6.6435184
475.47018 71.0 6.696763
456.8398 71.0 6.4343634
484.11035 71.0 6.8184557
475.74023 71.0 6.700567
464.94016 71.0 6.548453
437.40012 71.0 6.160565
460.61996 71.0 6.487605
485.1905 71.0 6.8336687
483.03012 71.0 6.8032413
458.46005 71.0 6.457184
494.0999 71.0 6.9591537
459.27008 71.0 6.4685926
455.22046 71.0 6.411556
475.74005 71.0 6.700564
478.71008 71.0 6.7423954
473.58017 71.0 6.670143
454.40967 71.0 6.400136
467.09988 71.0 6.5788717
453.33026 71.0 6.3849335
486.81006 71.0 6.8564796
448.7401 71.0 6.3202834
461.97 71.0 6.50662
464.67023 71.0 6.544651
465.20987 71.0 6.552252
470.88004 71.0 6.632113
433.35025 71.0 6.1035247
472.49994 71.0 6.6549287
463.5902 71.0 6.5294394
476.01007 71.0 6.704367
478.44006 71.0 6.7385926
460.34952 71.0 6.483796
480.8701 71.0 6.772818
466.2901 71.0 6.5674663
488.69998 71.0 6.883098
476.82013 71.0 6.7157764
459.53995 71.0 6.4723935
470.88025 71.0 6.6321163
473.30994 71.0 6.666337
462.24048 72.0 6.4200068
441.99017 72.0 6.1387525
444.6898 72.0 6.176247
464.67 72.0 6.45375
437.94003 72.0 6.0825005
464.9402 72.0 6.4575024
442.26 72.0 6.1425
461.4303 72.0 6.4087543
484.64972 72.0 6.731246
460.08008 72.0 6.3900013
467.09995 72.0 6.487499
482.49036 72.0 6.701255
444.15027 72.0 6.1687536
442.52997 72.0 6.14625
448.47025 72.0 6.2287536
434.9701 72.0 6.041251
458.45996 72.0 6.3674994
457.6502 72.0 6.3562527
451.17007 72.0 6.266251
446.58008 72.0 6.2025013
450.8998 72.0 6.2624974
440.3702 72.0 6.116253
464.40027 72.0 6.4500036
437.4001 72.0 6.0750012
449.28012 72.0 6.2400017
455.4899 72.0 6.3262486
479.52014 72.0 6.6600018
455.7602 72.0 6.330003
443.0702 72.0 6.153753
474.38998 72.0 6.58875
477.63 72.0 6.63375
475.7403 72.0 6.607504
453.33008 72.0 6.2962513
477.63025 72.0 6.6337533
449.8198 72.0 6.247497
467.10004 72.0 6.4875007
448.4701 72.0 6.228751
440.6402 72.0 6.1200027
455.7601 72.0 6.3300014
460.07993 72.0 6.389999
501.39023 72.0 6.963753
441.71988 73.0 6.050957
430.10986 73.0 5.891916
444.42026 73.0 6.087949
443.33984 73.0 6.0731487
440.09998 73.0 6.0287666
445.23007 73.0 6.099042
436.31998 73.0 5.976986
432.8102 73.0 5.928907
447.65988 73.0 6.132327
456.30008 73.0 6.250686
435.2402 73.0 5.9621944
444.9601 73.0 6.095344
456.30005 73.0 6.2506857
437.94 73.0 5.999178
453.05997 73.0 6.2063007
422.54984 73.0 5.788354
454.67996 73.0 6.2284927
456.84015 73.0 6.2580843
441.72015 73.0 6.050961
416.0699 73.0 5.6995873
432.26993 73.0 5.921506
462.51047 73.0 6.3357596
430.37982 73.0 5.895614
441.44955 73.0 6.047254
466.28995 73.0 6.3875337
458.18985 73.0 6.276573
460.61975 73.0 6.3098598
435.50998 73.0 5.96589
476.8198 73.0 6.531778
420.39014 73.0 5.758769
470.06992 73.0 6.439314
448.73993 73.0 6.1471224
442.25992 73.0 6.058355
445.2299 73.0 6.0990396
426.06003 73.0 5.8364387
420.12024 73.0 5.7550716
478.97968 73.0 6.5613656
459.27023 73.0 6.2913733
422.27988 73.0 5.784656
448.74008 73.0 6.1471243
443.60977 73.0 6.076846
442.26013 74.0 5.976488
429.3002 74.0 5.801354
409.31998 74.0 5.531351
429.03003 74.0 5.7977033
452.79044 74.0 6.1187897
431.46005 74.0 5.830541
443.60986 74.0 5.994728
431.72998 74.0 5.834189
423.36 74.0 5.721081
411.74994 74.0 5.5641885
439.29 74.0 5.9363513
430.91965 74.0 5.8232384
428.4904 74.0 5.7904105
410.67004 74.0 5.5495954
433.61987 74.0 5.859728
422.27988 74.0 5.706485
440.91003 74.0 5.958244
437.12997 74.0 5.9071617
430.91983 74.0 5.8232408
411.47986 74.0 5.560539
433.3501 74.0 5.8560824
427.40997 74.0 5.7758102
431.7296 74.0 5.834184
424.70987 74.0 5.7393227
431.1898 74.0 5.826889
443.07 74.0 5.9874325
431.4598 74.0 5.830538
431.19025 74.0 5.826895
419.8499 74.0 5.6736474
448.19992 74.0 6.0567555
413.63983 74.0 5.5897274
436.04987 74.0 5.8925657
414.44968 74.0 5.6006713
435.2399 74.0 5.8816204
432.80966 74.0 5.848779
430.64996 74.0 5.819594
441.9902 74.0 5.972841
445.22964 74.0 6.016617
449.27997 74.0 6.071351
424.97964 74.0 5.742968
416.60992 74.0 5.6298637
411.47995 75.0 5.486399
422.54993 75.0 5.633999
406.62006 75.0 5.421601
415.80005 75.0 5.5440006
414.72 75.0 5.5296
425.25 75.0 5.67
406.08002 75.0 5.4144
386.36987 75.0 5.1515985
419.57993 75.0 5.594399
418.50024 75.0 5.5800033
427.9502 75.0 5.7060027
383.67007 75.0 5.115601
423.6296 75.0 5.6483946
400.6803 75.0 5.342404
384.75 75.0 5.13
421.73993 75.0 5.623199
415.25992 75.0 5.536799
394.47 75.0 5.2596
400.14005 75.0 5.335201
416.6097 75.0 5.554796
417.15 75.0 5.562
410.39993 75.0 5.471999
407.97018 75.0 5.4396024
413.64005 75.0 5.5152006
416.6101 75.0 5.5548015
405.53973 75.0 5.4071965
421.7401 75.0 5.6232014
401.76004 75.0 5.3568006
423.36 75.0 5.6447997
413.64005 75.0 5.5152006
419.04007 75.0 5.587201
436.05032 75.0 5.8140044
406.88995 75.0 5.4251995
391.49976 75.0 5.219997
391.4999 75.0 5.219999
400.41006 75.0 5.338801
408.23996 75.0 5.4431996
397.98 75.0 5.3064003
409.3197 75.0 5.457596
404.9999 75.0 5.3999987
403.10983 75.0 5.374798
415.26007 76.0 5.4639482
402.83987 76.0 5.3005247
406.34964 76.0 5.346706
390.42004 76.0 5.137106
399.32993 76.0 5.254341
400.4099 76.0 5.2685513
404.73016 76.0 5.325397
384.74997 76.0 5.0624995
387.17996 76.0 5.0944734
390.15005 76.0 5.1335535
401.48987 76.0 5.2827616
409.5899 76.0 5.389341
409.31992 76.0 5.3857884
404.99994 76.0 5.3289466
398.78973 76.0 5.2472334
384.74985 76.0 5.062498
403.91986 76.0 5.314735
396.35965 76.0 5.2152586
410.9398 76.0 5.4071026
396.89996 76.0 5.222368
383.94003 76.0 5.0518427
396.0897 76.0 5.2117066
420.6601 76.0 5.5350013
399.87 76.0 5.2614474
390.95984 76.0 5.1442084
403.64987 76.0 5.3111825
392.30988 76.0 5.161972
409.58994 76.0 5.3893414
406.88983 76.0 5.3538136
382.0499 76.0 5.0269723
419.04007 76.0 5.513685
399.5997 76.0 5.2578907
391.23007 76.0 5.147764
402.5698 76.0 5.296971
405.80994 76.0 5.3396044
401.75977 76.0 5.2863126
401.76004 76.0 5.2863164
389.3401 76.0 5.1228957
377.46002 76.0 4.9665794
400.13995 76.0 5.2649994
378.26984 76.0 4.977235
399.05988 77.0 5.1825957
370.71 77.0 4.8144155
398.25003 77.0 5.172078
375.02988 77.0 4.8705177
382.31995 77.0 4.965194
381.23975 77.0 4.9511657
381.77982 77.0 4.9581795
365.57993 77.0 4.7477913
409.86002 77.0 5.3228574
393.6601 77.0 5.1124687
370.44006 77.0 4.8109097
368.0099 77.0 4.7793493
386.91006 77.0 5.024806
388.52972 77.0 5.0458407
387.4502 77.0 5.031821
360.4499 77.0 4.6811676
372.6 77.0 4.838961
391.50006 77.0 5.0844164
386.90964 77.0 5.0248003
391.49988 77.0 5.084414
369.62985 77.0 4.800388
385.83 77.0 5.010779
374.75977 77.0 4.86701
378.53973 77.0 4.9161005
375.29987 77.0 4.8740244
389.07 77.0 5.0528574
381.24008 77.0 4.95117
381.5101 77.0 4.9546766
388.79996 77.0 5.0493503
370.43976 77.0 4.810906
373.67987 77.0 4.8529854
373.1398 77.0 4.8459716
395.27988 77.0 5.133505
389.0702 77.0 5.05286
381.78 77.0 4.958182
375.57007 77.0 4.8775334
383.66992 77.0 4.982726
385.8299 77.0 5.010778
391.22998 77.0 5.080909
383.9398 77.0 4.986231
387.99005 77.0 5.0388317
355.00772 78.0 4.551381
365.8142 78.0 4.6899257
362.8425 78.0 4.651827
355.2775 78.0 4.5548396
361.4915 78.0 4.634506
378.24237 78.0 4.8492613
372.02826 78.0 4.7695932
367.70566 78.0 4.714175
349.60394 78.0 4.482102
382.83536 78.0 4.9081454
346.9025 78.0 4.447468
379.59332 78.0 4.866581
365.00375 78.0 4.6795354
378.51236 78.0 4.8527226
390.13037 78.0 5.0016713
377.70203 78.0 4.842334
399.8563 78.0 5.126363
375.00003 78.0 4.8076925
365.2742 78.0 4.6830025
359.87064 78.0 4.613726
377.43198 78.0 4.8388715
377.70203 78.0 4.842334
366.08447 78.0 4.693391
384.99673 78.0 4.9358554
370.13727 78.0 4.7453494
382.5651 78.0 4.9046807
385.80734 78.0 4.946248
369.8668 78.0 4.741882
364.19342 78.0 4.6691465
373.64926 78.0 4.790375
353.92694 78.0 4.5375247
370.13727 78.0 4.7453494
370.6774 78.0 4.7522745
386.34753 78.0 4.9531736
342.57947 78.0 4.3920445
370.67764 78.0 4.7522774
376.89142 78.0 4.831941
380.4037 78.0 4.8769703
355.54773 78.0 4.5583043
373.9194 78.0 4.7938385
360.95114 78.0 4.6275787
371.25006 79.0 4.699368
335.88004 79.0 4.251646
348.57 79.0 4.4122787
368.54987 79.0 4.6651883
327.7799 79.0 4.1491127
365.5799 79.0 4.6275935
366.38992 79.0 4.637847
354.23978 79.0 4.484048
353.15985 79.0 4.470378
372.32974 79.0 4.7130346
354.50974 79.0 4.487465
342.6302 79.0 4.337091
371.24997 79.0 4.6993666
365.58023 79.0 4.627598
343.98 79.0 4.3541775
328.8599 79.0 4.1627836
354.77982 79.0 4.490884
354.24008 79.0 4.4840517
340.7399 79.0 4.3131633
334.26 79.0 4.231139
348.0299 79.0 4.4054418
370.9799 79.0 4.695948
347.76004 79.0 4.4020257
364.77 79.0 4.6173415
336.41995 79.0 4.2584805
352.61993 79.0 4.4635434
338.30975 79.0 4.282402
350.1899 79.0 4.4327836
368.54996 79.0 4.6651893
352.88986 79.0 4.4669604
357.47983 79.0 4.525061
347.49008 79.0 4.3986087
342.36 79.0 4.3336706
348.8399 79.0 4.415695
359.63992 79.0 4.552404
331.0201 79.0 4.190128
363.15002 79.0 4.5968356
354.50958 79.0 4.487463
328.58984 79.0 4.159365
357.20993 79.0 4.5216446
351.53992 79.0 4.4498725
338.84985 80.0 4.2356234
351.26996 80.0 4.3908744
341.27988 80.0 4.2659984
332.63983 80.0 4.157998
353.1599 80.0 4.414499
336.14975 80.0 4.201872
306.45 80.0 3.830625
330.74966 80.0 4.134371
343.97986 80.0 4.2997484
334.7998 80.0 4.1849976
325.34988 80.0 4.0668736
345.60004 80.0 4.3200006
336.41995 80.0 4.2052493
329.3999 80.0 4.117499
317.78998 80.0 3.972375
335.07 80.0 4.188375
355.58994 80.0 4.4448743
319.6799 80.0 3.9959986
333.99 80.0 4.174875
335.61002 80.0 4.195125
328.85986 80.0 4.1107483
346.13983 80.0 4.326748
333.72003 80.0 4.1715
335.60977 80.0 4.1951222
325.88986 80.0 4.073623
359.37 80.0 4.492125
345.8698 80.0 4.323373
331.8296 80.0 4.14787
336.4198 80.0 4.2052474
338.30997 80.0 4.2288747
335.33994 80.0 4.191749
335.33966 80.0 4.1917458
342.08972 80.0 4.2761216
326.1599 80.0 4.0769987
332.6399 80.0 4.1579986
363.95993 80.0 4.549499
332.36987 80.0 4.1546235
335.3401 80.0 4.191751
334.5299 80.0 4.181624
328.58984 80.0 4.107373
338.30975 80.0 4.228872
322.91986 81.0 3.9866648
329.93976 81.0 4.0733304
316.1697 81.0 3.9033298
319.67975 81.0 3.9466634
333.44983 81.0 4.1166644
325.6198 81.0 4.0199976
346.13977 81.0 4.2733307
321.56976 81.0 3.969997
330.21005 81.0 4.0766673
311.58 81.0 3.8466663
309.14972 81.0 3.816663
324.26984 81.0 4.003331
332.09982 81.0 4.099998
329.12994 81.0 4.0633326
335.8798 81.0 4.146664
314.54987 81.0 3.8833315
334.79984 81.0 4.1333313
330.20993 81.0 4.076666
305.3698 81.0 3.7699976
324.80978 81.0 4.0099974
315.0898 81.0 3.8899977
329.3999 81.0 4.0666656
313.7399 81.0 3.873332
338.30988 81.0 4.1766653
317.51974 81.0 3.919997
320.75974 81.0 3.9599967
315.0899 81.0 3.889999
311.57974 81.0 3.8466635
320.21994 81.0 3.9533327
326.7001 81.0 4.0333347
304.01978 81.0 3.7533305
323.18982 81.0 3.9899979
329.3999 81.0 4.0666656
318.0597 81.0 3.9266627
328.31995 81.0 4.053333
320.48975 81.0 3.9566636
318.59982 81.0 3.9333313
309.1498 81.0 3.8166642
306.71982 81.0 3.7866645
319.6801 81.0 3.9466681
310.22977 81.0 3.829997
307.52982 82.0 3.7503636
280.52985 82.0 3.4210958
289.97995 82.0 3.5363407
304.2898 82.0 3.7108512
302.13 82.0 3.6845121
301.31958 82.0 3.6746292
325.6198 82.0 3.9709733
314.54984 82.0 3.8359735
311.30984 82.0 3.7964613
301.85983 82.0 3.6812174
312.38974 82.0 3.809631
292.40985 82.0 3.5659738
301.3198 82.0 3.6746316
316.16983 82.0 3.8557296
301.0499 82.0 3.6713402
322.91986 82.0 3.9380472
316.16983 82.0 3.8557298
304.28992 82.0 3.7108526
292.40988 82.0 3.565974
328.31973 82.0 4.003899
320.75958 82.0 3.9117022
318.32974 82.0 3.88207
306.17987 82.0 3.7339008
299.97 82.0 3.6581707
296.99997 82.0 3.6219509
308.07004 82.0 3.7569516
308.87988 82.0 3.7668278
296.72992 82.0 3.6186576
340.19995 82.0 4.14878
301.59 82.0 3.6779268
308.33975 82.0 3.760241
308.06995 82.0 3.7569506
305.90988 82.0 3.7306085
301.31998 82.0 3.6746337
300.2398 82.0 3.661461
306.99 82.0 3.7437804
312.1196 82.0 3.8063364
298.88995 82.0 3.6449995
304.28983 82.0 3.7108517
298.6199 82.0 3.641706
318.05978 82.0 3.878778
302.13 83.0 3.6401205
282.68985 83.0 3.4059017
290.24994 83.0 3.4969873
298.6197 83.0 3.5978277
296.9999 83.0 3.5783122
284.5799 83.0 3.4286733
298.6199 83.0 3.59783
264.8699 83.0 3.1912038
269.45996 83.0 3.2465055
295.91995 83.0 3.5653005
300.2398 83.0 3.617347
279.44992 83.0 3.3668666
277.28986 83.0 3.3408418
288.6299 83.0 3.4774687
295.3799 83.0 3.558794
298.8896 83.0 3.6010792
284.85007 83.0 3.4319284
283.77008 83.0 3.4189165
289.7099 83.0 3.490481
289.98004 83.0 3.4937356
291.3299 83.0 3.5099988
295.91992 83.0 3.5653002
288.89978 83.0 3.4807203
294.8397 83.0 3.5522854
290.78992 83.0 3.503493
304.5598 83.0 3.6693954
283.22983 83.0 3.4124076
283.7699 83.0 3.4189143
287.82 83.0 3.467711
289.97964 83.0 3.4937308
273.23984 83.0 3.292046
283.22986 83.0 3.4124079
273.77985 83.0 3.2985525
285.65982 83.0 3.4416845
297.80994 83.0 3.5880716
279.71982 83.0 3.3701184
296.4599 83.0 3.571806
305.09973 83.0 3.6759005
289.7098 83.0 3.4904795
295.91992 83.0 3.5653002
309.9598 83.0 3.7344553
269.18988 84.0 3.2046413
267.56976 84.0 3.1853542
255.95993 84.0 3.047142
265.67996 84.0 3.1628566
269.1897 84.0 3.2046394
274.31976 84.0 3.2657115
285.65958 84.0 3.4007094
286.1999 84.0 3.4071417
292.68002 84.0 3.484286
272.69983 84.0 3.2464266
285.92978 84.0 3.403926
271.07993 84.0 3.2271419
280.53 84.0 3.339643
265.40997 84.0 3.1596427
288.89993 84.0 3.4392848
267.56992 84.0 3.1853561
287.27994 84.0 3.4199994
257.0397 84.0 3.0599966
280.52985 84.0 3.3396409
257.58 84.0 3.0664284
278.9098 84.0 3.3203547
274.5898 84.0 3.2689264
262.4399 84.0 3.1242847
281.60974 84.0 3.352497
276.20987 84.0 3.2882128
280.26007 84.0 3.3364294
281.06985 84.0 3.3460696
276.47964 84.0 3.2914245
279.17987 84.0 3.3235698
258.93008 84.0 3.082501
252.44974 84.0 3.005354
278.09976 84.0 3.3107116
268.64987 84.0 3.1982126
264.8699 84.0 3.153213
275.39984 84.0 3.2785695
276.7499 84.0 3.2946417
275.4 84.0 3.2785714
282.4197 84.0 3.3621392
263.24973 84.0 3.1339254
278.90985 84.0 3.3203554
285.6599 84.0 3.4007132
252.98982 85.0 2.9763508
257.3099 85.0 3.0271752
253.52975 85.0 2.982703
266.48987 85.0 3.1351748
257.0399 85.0 3.0239987
266.49 85.0 3.1351764
248.12991 85.0 2.9191754
254.87991 85.0 2.9985871
257.31003 85.0 3.0271769
251.3697 85.0 2.9572906
269.45984 85.0 3.1701157
258.3897 85.0 3.039879
255.15001 85.0 3.0017648
254.06989 85.0 2.9890575
264.32968 85.0 3.109761
261.8998 85.0 3.0811744
274.31998 85.0 3.227294
252.1798 85.0 2.9668212
253.25972 85.0 2.979526
250.29 85.0 2.9445882
269.18982 85.0 3.166939
249.20984 85.0 2.9318805
247.04982 85.0 2.9064684
260.0097 85.0 3.0589378
251.36995 85.0 2.9572935
269.72974 85.0 3.173291
253.79999 85.0 2.9858823
255.41988 85.0 3.0049398
257.0399 85.0 3.0239985
262.70987 85.0 3.0907042
257.03986 85.0 3.0239983
262.16995 85.0 3.0843523
255.1499 85.0 3.0017636
246.77992 85.0 2.9032931
250.8298 85.0 2.950939
250.56 85.0 2.9477646
261.08975 85.0 3.071644
262.16992 85.0 3.084352
256.49988 85.0 3.0176456
260.27982 85.0 3.0621154
269.18988 85.0 3.1669397
246.77979 86.0 2.8695323
256.22995 86.0 2.979418
238.94984 86.0 2.7784865
249.20992 86.0 2.8977897
243.53989 86.0 2.831859
235.97983 86.0 2.7439516
254.60995 86.0 2.9605808
244.0799 86.0 2.8381383
242.18977 86.0 2.8161602
250.28986 86.0 2.9103472
237.32983 86.0 2.7596493
245.69975 86.0 2.856974
233.00983 86.0 2.7094166
239.48985 86.0 2.7847657
244.34999 86.0 2.841279
242.72995 86.0 2.8224413
240.83989 86.0 2.800464
248.93983 86.0 2.8946493
233.54994 86.0 2.715697
239.48985 86.0 2.7847657
242.18999 86.0 2.8161626
236.24988 86.0 2.7470915
234.89995 86.0 2.7313948
246.50989 86.0 2.866394
244.61977 86.0 2.844416
231.92995 86.0 2.6968598
250.28992 86.0 2.910348
240.83983 86.0 2.8004632
242.18987 86.0 2.8161612
231.65991 86.0 2.6937199
239.48997 86.0 2.7847672
240.29982 86.0 2.794184
240.8398 86.0 2.8004627
223.82991 86.0 2.6026733
250.01987 86.0 2.9072077
245.96977 86.0 2.8601136
228.14993 86.0 2.6529062
247.3198 86.0 2.8758116
249.47978 86.0 2.9009278
239.75981 86.0 2.7879047
240.83994 86.0 2.8004644
218.6999 87.0 2.513792
234.3599 87.0 2.6937919
237.86989 87.0 2.7341366
240.29991 87.0 2.762068
225.71992 87.0 2.594482
216.53993 87.0 2.4889648
213.02986 87.0 2.4486191
208.97993 87.0 2.4020681
222.4799 87.0 2.5572402
226.79994 87.0 2.606896
223.01988 87.0 2.563447
228.4198 87.0 2.625515
225.98982 87.0 2.5975842
233.81984 87.0 2.6875844
243.53989 87.0 2.799309
233.81978 87.0 2.6875837
228.41985 87.0 2.6255155
229.49982 87.0 2.637929
215.45996 87.0 2.4765513
224.63988 87.0 2.5820675
212.48988 87.0 2.4424124
229.7697 87.0 2.641031
224.64001 87.0 2.5820692
224.09993 87.0 2.5758612
224.6399 87.0 2.5820677
225.17989 87.0 2.5882745
234.35991 87.0 2.693792
225.44989 87.0 2.591378
229.49998 87.0 2.6379309
236.78987 87.0 2.7217226
227.06984 87.0 2.6099982
223.82977 87.0 2.572756
233.54994 87.0 2.684482
228.6901 87.0 2.6286218
216.80984 87.0 2.492067
223.82993 87.0 2.5727577
231.11977 87.0 2.656549
234.08997 87.0 2.6906893
227.06987 87.0 2.6099985
221.93996 87.0 2.551034
232.46994 87.0 2.6720684
208.4399 88.0 2.3686352
202.23001 88.0 2.2980683
204.38992 88.0 2.3226128
213.02988 88.0 2.420794
203.30994 88.0 2.3103402
214.64993 88.0 2.4392037
205.73985 88.0 2.3379529
218.96982 88.0 2.4882934
208.16998 88.0 2.365568
209.5199 88.0 2.380908
200.33995 88.0 2.2765903
215.18997 88.0 2.4453406
211.13994 88.0 2.3993175
213.02998 88.0 2.4207952
212.48991 88.0 2.414658
200.33997 88.0 2.2765906
213.5699 88.0 2.4269307
215.45987 88.0 2.4484076
204.11986 88.0 2.3195438
213.0299 88.0 2.4207945
222.47998 88.0 2.5281816
222.20985 88.0 2.525112
211.40988 88.0 2.402385
213.02994 88.0 2.4207947
205.73996 88.0 2.337954
216.81003 88.0 2.4637504
201.96 88.0 2.295
211.67986 88.0 2.405453
211.40984 88.0 2.4023845
212.76001 88.0 2.4177275
196.01987 88.0 2.2274985
217.8899 88.0 2.4760215
215.4599 88.0 2.448408
206.81996 88.0 2.3502269
215.99988 88.0 2.454544
212.21997 88.0 2.4115906
214.91997 88.0 2.4422724
217.34999 88.0 2.4698863
210.59993 88.0 2.393181
213.56995 88.0 2.4269311
213.02983 88.0 2.4207935
192.78 89.0 2.1660674
187.91992 89.0 2.1114597
193.85982 89.0 2.1782002
195.47989 89.0 2.1964033
206.27988 89.0 2.3177514
196.01994 89.0 2.2024713
206.54996 89.0 2.320786
183.33005 89.0 2.0598881
199.26 89.0 2.2388763
192.77995 89.0 2.166067
196.8299 89.0 2.211572
197.09998 89.0 2.2146065
196.56001 89.0 2.2085395
208.16994 89.0 2.338988
204.92993 89.0 2.3025835
186.29991 89.0 2.0932574
200.06993 89.0 2.2479768
199.52986 89.0 2.2419086
200.33995 89.0 2.2510107
191.69998 89.0 2.1539323
185.21996 89.0 2.081123
191.96991 89.0 2.1569653
187.10995 89.0 2.102359
201.95998 89.0 2.2692132
194.39998 89.0 2.1842694
191.97002 89.0 2.1569664
196.82999 89.0 2.211573
196.01985 89.0 2.2024703
201.68985 89.0 2.2661781
193.86002 89.0 2.1782024
196.8299 89.0 2.211572
189.54001 89.0 2.129663
179.81998 89.0 2.0204492
200.06987 89.0 2.247976
199.52995 89.0 2.2419095
197.90999 89.0 2.2237077
181.97995 89.0 2.0447185
191.69998 89.0 2.1539323
194.93993 89.0 2.1903362
196.82993 89.0 2.2115722
211.67995 89.0 2.3784263
179.5499 90.0 1.9949989
168.47997 90.0 1.8719996
184.40996 90.0 2.0489995
175.49997 90.0 1.9499997
181.97995 90.0 2.0219994
184.94992 90.0 2.054999
177.66002 90.0 1.9740002
174.41995 90.0 1.9379995
171.44997 90.0 1.9049996
174.15005 90.0 1.9350005
175.76993 90.0 1.9529992
183.32997 90.0 2.0369997
170.09993 90.0 1.8899992
179.27998 90.0 1.9919997
180.36002 90.0 2.0040002
182.24992 90.0 2.0249991
176.85004 90.0 1.9650004
176.85 90.0 1.965
175.23004 90.0 1.9470004
178.73994 90.0 1.9859993
179.27992 90.0 1.9919991
186.56989 90.0 2.0729988
176.57997 90.0 1.9619997
172.25996 90.0 1.9139996
168.48006 90.0 1.8720006
175.22995 90.0 1.9469994
165.51001 90.0 1.8390001
175.49988 90.0 1.9499986
174.4199 90.0 1.937999
181.97987 90.0 2.0219986
171.18008 90.0 1.9020009
164.97 90.0 1.833
169.55995 90.0 1.8839995
170.63998 90.0 1.8959999
177.6599 90.0 1.9739989
178.73993 90.0 1.9859992
176.84987 90.0 1.9649986
179.00998 90.0 1.9889997
171.98993 90.0 1.9109993
169.82994 90.0 1.8869994
179.81998 90.0 1.9979997
