125.81999 1.0 125.81999
125.55 1.0 125.55
129.6 1.0 129.6
127.98 1.0 127.98
128.25 1.0 128.25
129.6 1.0 129.6
125.55 1.0 125.55
129.6 1.0 129.6
122.85 1.0 122.85
129.6 1.0 129.6
126.9 1.0 126.9
130.95 1.0 130.95
129.6 1.0 129.6
124.2 1.0 124.2
126.9 1.0 126.9
125.55 1.0 125.55
132.3 1.0 132.3
126.9 1.0 126.9
127.98 1.0 127.98
118.8 1.0 118.8
125.55 1.0 125.55
128.25 1.0 128.25
132.3 1.0 132.3
125.55 1.0 125.55
128.51999 1.0 128.51999
124.2 1.0 124.2
122.85 1.0 122.85
126.9 1.0 126.9
126.9 1.0 126.9
128.25 1.0 128.25
128.25 1.0 128.25
121.5 1.0 121.5
130.95 1.0 130.95
129.6 1.0 129.6
125.55 1.0 125.55
122.85 1.0 122.85
125.55 1.0 125.55
126.9 1.0 126.9
126.9 1.0 126.9
128.25 1.0 128.25
126.9 1.0 126.9
249.75 2.0 124.875
251.1 2.0 125.55
256.23 2.0 128.115
251.1 2.0 125.55
254.06999 2.0 127.034996
255.15 2.0 127.575
253.8 2.0 126.9
247.59 2.0 123.795
248.4 2.0 124.2
249.75 2.0 124.875
252.45 2.0 126.225
253.8 2.0 126.9
249.48001 2.0 124.740005
252.45 2.0 126.225
253.26001 2.0 126.630005
251.1 2.0 125.55
252.18001 2.0 126.090004
253.8 2.0 126.9
244.35 2.0 122.175
247.05 2.0 123.525
252.72 2.0 126.36
253.8 2.0 126.9
253.8 2.0 126.9
251.1 2.0 125.55
256.77 2.0 128.385
247.05 2.0 123.525
256.5 2.0 128.25
259.2 2.0 129.6
255.42 2.0 127.71
255.15 2.0 127.575
254.06999 2.0 127.034996
257.85 2.0 128.925
252.18001 2.0 126.090004
252.45 2.0 126.225
248.4 2.0 124.2
252.18001 2.0 126.090004
254.88 2.0 127.44
251.37 2.0 125.685
256.5 2.0 128.25
249.75 2.0 124.875
255.15 2.0 127.575
376.38 3.0 125.46
386.37 3.0 128.79
380.7 3.0 126.9
371.52 3.0 123.84
379.08002 3.0 126.36
380.7 3.0 126.9
382.05 3.0 127.35
387.18 3.0 129.06
383.40002 3.0 127.8
376.65002 3.0 125.55
385.83002 3.0 128.61
370.44 3.0 123.479996
376.65002 3.0 125.55
377.46 3.0 125.82
379.88998 3.0 126.63
375.3 3.0 125.1
372.59998 3.0 124.2
379.88998 3.0 126.63
382.05 3.0 127.35
376.38 3.0 125.46
372.06 3.0 124.020004
382.05 3.0 127.35
375.3 3.0 125.1
378.27 3.0 126.09
382.31998 3.0 127.439995
378.0 3.0 126.0
382.05 3.0 127.35
377.73 3.0 125.91
387.44998 3.0 129.15
379.34998 3.0 126.45
383.94 3.0 127.979996
379.34998 3.0 126.45
380.7 3.0 126.9
387.18 3.0 129.06
378.0 3.0 126.0
381.78 3.0 127.26
373.40997 3.0 124.46999
379.08002 3.0 126.36
380.97 3.0 126.99
376.65002 3.0 125.55
379.62 3.0 126.54
507.87003 4.0 126.96751
505.44 4.0 126.36
505.17 4.0 126.2925
503.55 4.0 125.8875
501.11996 4.0 125.27999
510.3 4.0 127.575
506.25 4.0 126.5625
514.07996 4.0 128.51999
504.09 4.0 126.0225
508.14005 4.0 127.03501
499.5 4.0 124.875
510.3 4.0 127.575
503.55 4.0 125.8875
493.83 4.0 123.4575
514.35 4.0 128.5875
507.6 4.0 126.9
495.99 4.0 123.9975
507.6 4.0 126.9
515.7 4.0 128.925
508.95 4.0 127.2375
505.17 4.0 126.2925
509.49 4.0 127.3725
507.6 4.0 126.9
515.7 4.0 128.925
503.82 4.0 125.955
510.84 4.0 127.71
503.55 4.0 125.8875
512.73 4.0 128.1825
502.2 4.0 125.55
511.65 4.0 127.9125
505.44 4.0 126.36
499.77002 4.0 124.942505
505.17 4.0 126.2925
508.13998 4.0 127.034996
510.3 4.0 127.575
495.72003 4.0 123.93001
496.8 4.0 124.2
495.45 4.0 123.8625
498.69003 4.0 124.67251
507.33 4.0 126.8325
508.95 4.0 127.2375
625.5901 5.0 125.11801
629.91003 5.0 125.982
618.57 5.0 123.714005
633.42004 5.0 126.684006
639.9 5.0 127.98
636.11993 5.0 127.22399
624.77997 5.0 124.95599
629.37 5.0 125.87399
634.77 5.0 126.954
629.10004 5.0 125.82001
640.17 5.0 128.034
633.42004 5.0 126.684006
630.18 5.0 126.035995
638.55 5.0 127.71
633.96 5.0 126.792
626.13 5.0 125.226
629.1 5.0 125.82
633.96 5.0 126.792
635.57996 5.0 127.116
635.85 5.0 127.17
638.27997 5.0 127.656
631.53 5.0 126.306
627.20996 5.0 125.44199
635.85 5.0 127.17
636.66 5.0 127.33199
637.74 5.0 127.548
626.13 5.0 125.226
631.53 5.0 126.30601
641.25 5.0 128.25
626.4 5.0 125.28
623.97003 5.0 124.79401
637.47003 5.0 127.494
633.96 5.0 126.792
639.63 5.0 127.925995
633.95996 5.0 126.79199
643.94995 5.0 128.79
632.88 5.0 126.576
635.85 5.0 127.17
626.4 5.0 125.28
636.93 5.0 127.385994
631.53 5.0 126.306
774.63007 6.0 129.10501
754.92 6.0 125.82
756.54004 6.0 126.090004
756.0 6.0 126.0
753.57 6.0 125.595
773.82 6.0 128.97
754.38 6.0 125.729996
761.67 6.0 126.945
759.24005 6.0 126.54001
747.9 6.0 124.65
754.92 6.0 125.82
772.4701 6.0 128.74501
760.59 6.0 126.76501
763.83 6.0 127.305
767.07 6.0 127.845
757.08 6.0 126.18
754.1099 6.0 125.68499
757.62 6.0 126.27
770.85004 6.0 128.475
771.12 6.0 128.52
747.89996 6.0 124.649994
751.13995 6.0 125.189995
754.38 6.0 125.73
758.97003 6.0 126.495
754.65 6.0 125.775
748.98 6.0 124.829994
754.38 6.0 125.729996
752.22003 6.0 125.37
768.96 6.0 128.16
750.6 6.0 125.1
768.42004 6.0 128.07
768.14996 6.0 128.025
756.80994 6.0 126.134995
745.74 6.0 124.29
758.69995 6.0 126.45
751.13995 6.0 125.189995
756.0 6.0 126.0
746.55005 6.0 124.425
754.92 6.0 125.82
755.46 6.0 125.91
760.59 6.0 126.76501
872.6401 7.0 124.662865
871.56 7.0 124.50857
870.48004 7.0 124.354294
877.5 7.0 125.35714
889.92004 7.0 127.13143
895.05005 7.0 127.86429
871.56006 7.0 124.50858
865.35 7.0 123.62143
876.96 7.0 125.28001
868.59 7.0 124.08429
885.6 7.0 126.51428
889.11 7.0 127.01571
881.27997 7.0 125.89714
885.87 7.0 126.55286
876.69 7.0 125.24143
890.45996 7.0 127.208565
877.77 7.0 125.39571
869.67 7.0 124.23857
885.32996 7.0 126.47571
891.80994 7.0 127.40142
894.78 7.0 127.825714
883.44006 7.0 126.20572
873.45 7.0 124.77857
876.14996 7.0 125.16428
885.6 7.0 126.51428
879.3901 7.0 125.62715
886.14 7.0 126.59143
876.14996 7.0 125.16428
875.87994 7.0 125.12571
870.48 7.0 124.35429
887.49005 7.0 126.784294
875.6099 7.0 125.087135
869.13007 7.0 124.16144
882.09 7.0 126.01286
888.02997 7.0 126.86143
877.23 7.0 125.318565
891.27 7.0 127.32429
869.12994 7.0 124.16142
877.5 7.0 125.35714
888.84 7.0 126.97715
882.63007 7.0 126.09001
1011.42004 8.0 126.427505
997.92004 8.0 124.740005
1006.2899 8.0 125.78624
997.38007 8.0 124.67251
1001.7 8.0 125.2125
1023.3 8.0 127.9125
1014.66 8.0 126.8325
1010.61 8.0 126.32625
1005.48 8.0 125.685
1004.94006 8.0 125.61751
1000.62 8.0 125.0775
995.4899 8.0 124.43624
1007.36993 8.0 125.92124
1013.04004 8.0 126.630005
1004.67004 8.0 125.583755
997.65 8.0 124.70625
1014.38995 8.0 126.798744
1012.77 8.0 126.59625
1007.91 8.0 125.98875
1014.39 8.0 126.79875
1008.72003 8.0 126.090004
1000.6201 8.0 125.077515
1006.0199 8.0 125.75249
989.82 8.0 123.7275
1016.00995 8.0 127.00124
1004.4 8.0 125.55
993.6 8.0 124.2
981.9899 8.0 122.74874
1014.39014 8.0 126.79877
1010.06995 8.0 126.25874
1019.25 8.0 127.40625
1004.94006 8.0 125.61751
1000.89 8.0 125.11125
1006.02 8.0 125.7525
989.27997 8.0 123.659996
1016.5501 8.0 127.06876
1013.0399 8.0 126.62999
1018.7101 8.0 127.33876
1006.55994 8.0 125.81999
1003.0501 8.0 125.38126
1008.4499 8.0 126.05624
1123.74 9.0 124.86
1131.84 9.0 125.76
1132.92 9.0 125.880005
1124.28 9.0 124.92
1119.9601 9.0 124.44001
1145.34 9.0 127.259995
1137.51 9.0 126.39001
1126.98 9.0 125.22
1128.87 9.0 125.43
1141.29 9.0 126.810005
1134.8099 9.0 126.09
1127.7899 9.0 125.30999
1129.9501 9.0 125.55
1118.61 9.0 124.28999
1122.12 9.0 124.68
1124.5499 9.0 124.95
1122.12 9.0 124.68
1134.0 9.0 126.0
1122.66 9.0 124.74
1120.5 9.0 124.5
1138.3201 9.0 126.48
1120.5 9.0 124.5
1130.22 9.0 125.58
1134.5399 9.0 126.05999
1129.68 9.0 125.52001
1128.6 9.0 125.4
1148.31 9.0 127.590004
1101.33 9.0 122.369995
1151.01 9.0 127.89
1134.54 9.0 126.060005
1127.25 9.0 125.25
1131.84 9.0 125.76
1118.3398 9.0 124.25998
1132.11 9.0 125.78999
1132.11 9.0 125.78999
1137.51 9.0 126.39
1107.8099 9.0 123.09
1110.51 9.0 123.39
1132.92 9.0 125.880005
1131.03 9.0 125.67
1132.11 9.0 125.78999
1237.41 10.0 123.741005
1261.1699 10.0 126.11699
1238.2201 10.0 123.822014
1249.0199 10.0 124.90199
1243.3501 10.0 124.33501
1255.2299 10.0 125.52299
1260.6301 10.0 126.06301
1245.7799 10.0 124.577995
1252.8 10.0 125.28
1253.6099 10.0 125.36099
1257.9299 10.0 125.793
1261.44 10.0 126.144
1238.76 10.0 123.876
1211.76 10.0 121.175995
1246.5901 10.0 124.659004
1242.0001 10.0 124.20001
1216.35 10.0 121.635
1223.0999 10.0 122.30999
1244.43 10.0 124.443
1223.91 10.0 122.391
1209.8699 10.0 120.98699
1231.47 10.0 123.146996
1177.2 10.0 117.71999
1159.38 10.0 115.937996
1202.8499 10.0 120.28499
1238.76 10.0 123.876
1259.0101 10.0 125.90101
1239.3 10.0 123.93
1257.1201 10.0 125.71201
1250.37 10.0 125.037
1253.88 10.0 125.388
1229.0399 10.0 122.90399
1264.6799 10.0 126.467995
1263.87 10.0 126.387
1226.61 10.0 122.660995
1254.6901 10.0 125.469
1249.29 10.0 124.929
1258.2 10.0 125.81999
1243.62 10.0 124.362
1227.6901 10.0 122.769005
1256.85 10.0 125.685
1336.5 11.0 121.5
1248.75 11.0 113.52273
1342.44 11.0 122.03999
1293.03 11.0 117.54819
1298.7001 11.0 118.063644
1206.3597 11.0 109.66907
1223.91 11.0 111.26455
1204.2 11.0 109.472725
1207.44 11.0 109.76727
1230.66 11.0 111.87819
1313.0099 11.0 119.36454
1271.97 11.0 115.63364
1288.71 11.0 117.15545
1300.32 11.0 118.2109
1218.24 11.0 110.74909
1257.66 11.0 114.332726
1245.51 11.0 113.22819
1274.6699 11.0 115.87908
1251.18 11.0 113.74364
1182.5999 11.0 107.50908
1244.7001 11.0 113.15455
1296.8098 11.0 117.8918
1243.8899 11.0 113.080894
1243.62 11.0 113.056366
1268.46 11.0 115.314545
1234.71 11.0 112.24636
1308.1501 11.0 118.92274
1316.5201 11.0 119.68365
1320.3 11.0 120.027275
1288.9801 11.0 117.18001
1280.34 11.0 116.39454
1293.5701 11.0 117.597275
1248.2098 11.0 113.473625
1280.88 11.0 116.443634
1320.3 11.0 120.02728
1353.78 11.0 123.07091
1313.2798 11.0 119.38907
1305.72 11.0 118.70182
1211.7599 11.0 110.15999
1247.13 11.0 113.37545
1209.06 11.0 109.91455
1311.9299 12.0 109.3275
1217.1602 12.0 101.43001
1190.43 12.0 99.20251
1208.2501 12.0 100.68751
1151.5499 12.0 95.962494
1238.76 12.0 103.23
1223.1 12.0 101.924995
1241.73 12.0 103.4775
1265.2201 12.0 105.435005
1249.0199 12.0 104.08499
1279.7998 12.0 106.64999
1218.51 12.0 101.542496
1299.51 12.0 108.292496
1288.44 12.0 107.369995
1263.87 12.0 105.3225
1243.8901 12.0 103.65751
1294.11 12.0 107.8425
1303.02 12.0 108.585
1258.4701 12.0 104.872505
1271.9701 12.0 105.997505
1244.1602 12.0 103.68001
1266.5698 12.0 105.547485
1229.5801 12.0 102.465004
1220.67 12.0 101.7225
1267.1102 12.0 105.59252
1258.2 12.0 104.85
1298.1602 12.0 108.18001
1226.6101 12.0 102.21751
1291.9501 12.0 107.662506
1234.1699 12.0 102.847496
1282.7699 12.0 106.89749
1313.01 12.0 109.417496
1247.3999 12.0 103.94999
1228.7699 12.0 102.39749
1155.0599 12.0 96.255
1173.1499 12.0 97.7625
1243.3501 12.0 103.6125
1251.45 12.0 104.28749
1284.66 12.0 107.055
1328.3999 12.0 110.7
1289.79 12.0 107.4825
1217.4302 13.0 93.648476
1217.6997 13.0 93.66921
1220.13 13.0 93.856155
1202.58 13.0 92.50615
1247.13 13.0 95.933075
1303.0201 13.0 100.23232
1272.2399 13.0 97.86461
1266.2996 13.0 97.40766
1199.8802 13.0 92.29848
1224.1802 13.0 94.1677
1230.93 13.0 94.68693
1285.47 13.0 98.88231
1279.2598 13.0 98.4046
1181.5198 13.0 90.88614
1314.9001 13.0 101.146164
1288.7101 13.0 99.131546
1257.9302 13.0 96.763855
1224.1799 13.0 94.16769
1211.7599 13.0 93.2123
1265.49 13.0 97.34538
1268.9999 13.0 97.61537
1230.1201 13.0 94.624626
1224.18 13.0 94.167694
1286.55 13.0 98.965385
1280.8804 13.0 98.52926
1259.01 13.0 96.846924
1192.0499 13.0 91.69615
1249.5602 13.0 96.12001
1227.69 13.0 94.43769
1290.6 13.0 99.276924
1306.8 13.0 100.52308
1290.6 13.0 99.276924
1272.2399 13.0 97.86461
1312.47 13.0 100.95923
1253.61 13.0 96.43153
1251.1799 13.0 96.24461
1233.6301 13.0 94.89462
1273.5898 13.0 97.96845
1243.6199 13.0 95.66307
1193.1298 13.0 91.77921
1196.37 13.0 92.02846
1184.22 14.0 84.58714
1183.4102 14.0 84.5293
1225.8002 14.0 87.55715
1250.6399 14.0 89.33142
1197.45 14.0 85.53214
1271.7002 14.0 90.835724
1205.55 14.0 86.11072
1194.48 14.0 85.32
1200.6901 14.0 85.76357
1278.7197 14.0 91.33713
1273.05 14.0 90.932144
1288.71 14.0 92.05071
1242.8098 14.0 88.77213
1277.3699 14.0 91.24071
1276.0198 14.0 91.14427
1174.5 14.0 83.89286
1220.6699 14.0 87.19071
1180.9799 14.0 84.355705
1246.0499 14.0 89.00356
1249.29 14.0 89.235
1279.26 14.0 91.37572
1210.14 14.0 86.438576
1175.31 14.0 83.95072
1189.35 14.0 84.95357
1188.54 14.0 84.89571
1269.0 14.0 90.64285
1318.1399 14.0 94.15285
1246.32 14.0 89.02285
1220.67 14.0 87.19072
1187.73 14.0 84.83786
1232.82 14.0 88.05857
1267.3799 14.0 90.52714
1248.48 14.0 89.17714
1206.6299 14.0 86.18785
1293.8401 14.0 92.417145
1297.8899 14.0 92.70642
1231.4698 14.0 87.962135
1266.8401 14.0 90.48858
1256.8499 14.0 89.774994
1274.6699 14.0 91.04785
1249.29 14.0 89.235
1145.0702 15.000001 76.338005
1307.3402 15.000001 87.156006
1319.2198 15.000001 87.94798
1295.4601 15.000001 86.364
1200.1503 15.000001 80.01001
1224.4501 15.000001 81.63
1222.83 15.000001 81.521996
1215.81 15.000001 81.054
1249.8302 15.000001 83.32201
1161.0002 15.000001 77.40001
1209.3301 15.000001 80.622
1207.1704 15.000001 80.47802
1271.1599 15.000001 84.74399
1217.7 15.000001 81.17999
1255.2302 15.000001 83.68201
1207.17 15.000001 80.478
1201.23 15.000001 80.08199
1236.8701 15.000001 82.458
1155.6 15.000001 77.03999
1213.9202 15.000001 80.92801
1306.8 15.000001 87.119995
1250.9099 15.000001 83.39399
1293.5701 15.000001 86.238
1176.6603 15.000001 78.444016
1230.39 15.000001 82.02599
1209.6 15.000001 80.63999
1263.33 15.000001 84.22199
1234.7098 15.000001 82.31399
1239.3002 15.000001 82.62
1253.3401 15.000001 83.556
1236.3301 15.000001 82.422
1192.0502 15.000001 79.47001
1250.1001 15.000001 83.340004
1258.74 15.000001 83.91599
1265.4902 15.000001 84.36601
1217.43 15.000001 81.161995
1268.7302 15.000001 84.58201
1200.6901 15.000001 80.046
1294.11 15.000001 86.273994
1206.63 15.000001 80.44199
1204.7401 15.000001 80.316
1227.69 16.0 76.73062
1254.96 16.0 78.435
1202.3098 16.0 75.14436
1205.2797 16.0 75.32998
1300.05 16.0 81.25313
1174.4999 16.0 73.40624
1248.75 16.0 78.046875
1218.5098 16.0 76.15686
1252.8 16.0 78.3
1196.0999 16.0 74.75624
1180.4397 16.0 73.77748
1206.3601 16.0 75.39751
1271.6997 16.0 79.48123
1182.33 16.0 73.89562
1228.4998 16.0 76.781235
1190.4299 16.0 74.40187
1165.32 16.0 72.8325
1227.4202 16.0 76.71376
1219.32 16.0 76.2075
1253.8801 16.0 78.36751
1163.1599 16.0 72.697495
1288.7101 16.0 80.54438
1225.53 16.0 76.59563
1198.2598 16.0 74.891235
1269.8099 16.0 79.36312
1264.9498 16.0 79.059364
1208.25 16.0 75.515625
1214.9999 16.0 75.93749
1249.56 16.0 78.0975
1210.95 16.0 75.68437
1243.0798 16.0 77.69249
1277.37 16.0 79.835625
1149.39 16.0 71.836876
1175.5801 16.0 73.473755
1224.1799 16.0 76.511246
1239.3002 16.0 77.45626
1276.29 16.0 79.76813
1170.9897 16.0 73.18686
1175.3099 16.0 73.45687
1203.9299 16.0 75.24562
1220.1296 16.0 76.2581
1243.3501 17.0 73.138245
1218.2399 17.0 71.66117
1163.1602 17.0 68.42119
1196.3701 17.0 70.37471
1199.61 17.0 70.56529
1280.6099 17.0 75.329994
1181.25 17.0 69.48529
1237.4099 17.0 72.78882
1243.6199 17.0 73.15411
1199.34 17.0 70.54941
1208.2498 17.0 71.07352
1212.57 17.0 71.327644
1205.8198 17.0 70.93058
1206.9 17.0 70.99412
1211.4901 17.0 71.26412
1181.79 17.0 69.51706
1221.75 17.0 71.867645
1214.4598 17.0 71.43881
1182.0599 17.0 69.532936
1244.7001 17.0 73.21765
1156.4102 17.0 68.024124
1232.0099 17.0 72.47117
1151.8201 17.0 67.75412
1176.1198 17.0 69.18352
1197.18 17.0 70.422356
1240.1097 17.0 72.94763
1181.52 17.0 69.501175
1190.1599 17.0 70.00941
1273.5898 17.0 74.91705
1173.4198 17.0 69.0247
1236.87 17.0 72.75706
1279.26 17.0 75.25059
1234.4398 17.0 72.614105
1279.8 17.0 75.28236
1191.51 17.0 70.08882
1251.99 17.0 73.64647
1239.5701 17.0 72.915886
1247.3999 17.0 73.376465
1156.68 17.0 68.04
1273.5898 17.0 74.91705
1155.8698 17.0 67.99234
1199.0701 18.0 66.615005
1160.9999 18.0 64.49999
1183.9497 18.0 65.77499
1243.8896 18.0 69.10498
1195.56 18.0 66.420006
1130.4897 18.0 62.804985
1135.8899 18.0 63.104996
1276.56 18.0 70.920006
1176.39 18.0 65.355
1252.8003 18.0 69.60001
1193.1301 18.0 66.285
1166.1299 18.0 64.784996
1260.0898 18.0 70.00499
1209.33 18.0 67.185
1223.1001 18.0 67.950005
1232.2802 18.0 68.46001
1208.5199 18.0 67.13999
1188.54 18.0 66.03
1236.3298 18.0 68.68499
1118.88 18.0 62.16
1180.71 18.0 65.595
1149.3901 18.0 63.855007
1167.75 18.0 64.875
1192.0499 18.0 66.225
1235.5203 18.0 68.640015
1237.1398 18.0 68.72999
1244.1599 18.0 69.119995
1146.4198 18.0 63.68999
1192.86 18.0 66.27
1237.1398 18.0 68.72999
1163.43 18.0 64.635
1160.1897 18.0 64.45499
1201.23 18.0 66.735
1221.48 18.0 67.86
1230.93 18.0 68.385
1253.6099 18.0 69.64499
1243.6201 18.0 69.090004
1250.1 18.0 69.45
1252.26 18.0 69.57
1224.99 18.0 68.055
1187.4597 18.0 65.969986
1247.13 19.0 65.63842
1224.7202 19.0 64.45896
1199.6095 19.0 63.137344
1232.2802 19.0 64.85685
1126.7098 19.0 59.300518
1148.04 19.0 60.42316
1227.9601 19.0 64.62948
1176.3896 19.0 61.915245
1202.0398 19.0 63.265255
1140.7499 19.0 60.039467
1182.5997 19.0 62.24209
1142.91 19.0 60.15316
1136.16 19.0 59.797894
1167.48 19.0 61.446316
1220.94 19.0 64.259995
1133.7299 19.0 59.66999
1120.23 19.0 58.959473
1224.45 19.0 64.44473
1196.3701 19.0 62.966846
1162.3501 19.0 61.17632
1121.5797 19.0 59.030514
1213.1097 19.0 63.84788
1181.2502 19.0 62.171062
1226.07 19.0 64.53
1241.9999 19.0 65.368416
1129.4102 19.0 59.44264
1198.8 19.0 63.094738
1197.9899 19.0 63.052097
1154.5199 19.0 60.764206
1184.76 19.0 62.35579
1181.7903 19.0 62.199486
1242.5399 19.0 65.396835
1185.84 19.0 62.412632
1116.9901 19.0 58.788956
1154.5199 19.0 60.764206
1155.33 19.0 60.806843
1169.0999 19.0 61.53157
1184.76 19.0 62.35579
1170.45 19.0 61.60263
1187.7299 19.0 62.5121
1189.3499 19.0 62.597363
1135.08 20.0 56.753998
1193.1299 20.0 59.656494
1171.7998 20.0 58.58999
1154.7902 20.0 57.739506
1149.1201 20.0 57.45601
1173.4199 20.0 58.670998
1133.7299 20.0 56.686493
1205.5497 20.0 60.277485
1198.5298 20.0 59.92649
1187.7297 20.0 59.38649
1108.08 20.0 55.404
1143.18 20.0 57.159
1110.24 20.0 55.512
1169.9104 20.0 58.495518
1139.6702 20.0 56.983505
1163.4299 20.0 58.171494
1149.39 20.0 57.4695
1149.6599 20.0 57.482994
1149.3901 20.0 57.469505
1148.0398 20.0 57.401993
1179.0901 20.0 58.954502
1211.22 20.0 60.561
1196.1 20.0 59.804996
1134.0001 20.0 56.700005
1150.7399 20.0 57.53699
1128.06 20.0 56.403
1181.7899 20.0 59.089497
1199.88 20.0 59.994
1152.9 20.0 57.645
1175.8501 20.0 58.792503
1205.2798 20.0 60.263992
1124.55 20.0 56.2275
1157.2198 20.0 57.860992
1182.5999 20.0 59.12999
1246.5898 20.0 62.32949
1177.2 20.0 58.86
1177.7399 20.0 58.886993
1155.0599 20.0 57.752995
1213.6495 20.0 60.682476
1178.5499 20.0 58.927494
1176.3896 20.0 58.81948
1208.7899 21.0 57.561424
1147.2297 21.0 54.629986
1155.8701 21.0 55.041435
1209.33 21.0 57.587143
1206.6299 21.0 57.458565
1162.3499 21.0 55.34999
1201.4998 21.0 57.214275
1159.3801 21.0 55.20858
1145.34 21.0 54.54
1121.85 21.0 53.421425
1159.3799 21.0 55.208565
1196.3698 21.0 56.969986
1151.5499 21.0 54.83571
1198.7999 21.0 57.085712
1173.6901 21.0 55.890003
1201.5 21.0 57.214287
1159.38 21.0 55.208572
1111.3198 21.0 52.91999
1190.43 21.0 56.687145
1210.9496 21.0 57.66427
1145.0698 21.0 54.527134
1192.0499 21.0 56.764282
1182.3301 21.0 56.301434
1165.5902 21.0 55.504295
1182.5996 21.0 56.31427
1150.2001 21.0 54.771435
1125.0897 21.0 53.575703
1210.6799 21.0 57.651424
1192.59 21.0 56.789997
1138.0498 21.0 54.19285
1148.8496 21.0 54.707123
1186.6498 21.0 56.507133
1203.1199 21.0 57.29142
1190.43 21.0 56.687145
1188.5399 21.0 56.59714
1158.3 21.0 55.157143
1089.45 21.0 51.87857
1181.5199 21.0 56.26285
1135.62 21.0 54.077145
1148.3099 21.0 54.681427
1094.3099 21.0 52.109997
1191.5099 22.0 54.159542
1173.9601 22.0 53.361824
1174.4999 22.0 53.38636
1083.7798 22.0 49.26272
1154.2498 22.0 52.4659
1139.6699 22.0 51.803177
1137.2401 22.0 51.69273
1175.3099 22.0 53.42318
1155.0598 22.0 52.50272
1163.6997 22.0 52.895443
1155.0598 22.0 52.50272
1190.16 22.0 54.098183
1205.8201 22.0 54.81
1164.5103 22.0 52.93228
1110.5101 22.0 50.477734
1114.02 22.0 50.63727
1182.8699 22.0 53.766815
1205.5499 22.0 54.797726
1132.11 22.0 51.459545
1154.2498 22.0 52.4659
1136.7 22.0 51.66818
1110.2395 22.0 50.46543
1129.9498 22.0 51.361355
1127.2499 22.0 51.23863
1142.3698 22.0 51.9259
1155.06 22.0 52.50273
1151.0103 22.0 52.31865
1116.4497 22.0 50.747715
1138.8599 22.0 51.766357
1167.4801 22.0 53.06728
1138.0499 22.0 51.72954
1042.2 22.0 47.372726
1187.46 22.0 53.975452
1134.8098 22.0 51.582264
1178.55 22.0 53.570457
1127.7899 22.0 51.26318
1107.54 22.0 50.342728
1171.2598 22.0 53.23908
1111.32 22.0 50.51454
1092.6898 22.0 49.66772
1122.66 22.0 51.030003
1070.82 23.0 46.55739
1101.0599 23.0 47.872173
1154.25 23.0 50.18478
1039.7697 23.0 45.20738
1078.3799 23.0 46.88608
1142.9098 23.0 49.69173
1153.1697 23.0 50.137814
1205.2797 23.0 52.403465
1173.9598 23.0 51.041733
1067.3098 23.0 46.404774
1141.29 23.0 49.621307
1182.3298 23.0 51.405647
1135.8896 23.0 49.38651
1138.32 23.0 49.492172
1152.0903 23.0 50.09088
1128.3301 23.0 49.05783
1209.3298 23.0 52.57956
1186.6499 23.0 51.593475
1133.4596 23.0 49.280853
1184.76 23.0 51.511303
1091.88 23.0 47.47304
1170.99 23.0 50.91261
1179.36 23.0 51.27652
1207.4401 23.0 52.497395
1089.7197 23.0 47.37912
1097.0098 23.0 47.69608
1122.6599 23.0 48.8113
1178.2798 23.0 51.229557
1115.0999 23.0 48.482605
1141.0198 23.0 49.60956
1129.6799 23.0 49.11652
1125.6299 23.0 48.94043
1158.3 23.0 50.36087
1118.3398 23.0 48.623474
1166.9398 23.0 50.736515
1144.2601 23.0 49.75044
1182.87 23.0 51.42913
1120.7701 23.0 48.729137
1122.3898 23.0 48.799557
1155.6001 23.0 50.24348
1127.25 23.0 49.010868
1139.6702 24.0 47.48626
1112.1301 24.0 46.338757
1129.95 24.0 47.081245
1121.3098 24.0 46.721245
1092.1498 24.0 45.50624
1152.3599 24.0 48.01499
1112.3999 24.0 46.349995
1082.16 24.0 45.09
1102.1399 24.0 45.922493
1150.4703 24.0 47.936264
1109.6998 24.0 46.23749
1168.2903 24.0 48.67876
1173.1499 24.0 48.881245
1100.25 24.0 45.84375
1132.38 24.0 47.1825
1246.5898 24.0 51.941242
1180.9799 24.0 49.207493
1115.3699 24.0 46.473743
1141.2902 24.0 47.553757
1130.2197 24.0 47.092487
1138.5897 24.0 47.44124
1217.9701 24.0 50.748753
1116.7198 24.0 46.529995
1150.4697 24.0 47.93624
1134.54 24.0 47.2725
1078.9199 24.0 44.954998
1170.99 24.0 48.791252
1066.23 24.0 44.426247
1147.4998 24.0 47.81249
1187.19 24.0 49.466248
1134.8099 24.0 47.28375
1131.3 24.0 47.1375
1187.1898 24.0 49.466244
1172.0701 24.0 48.83625
1182.0599 24.0 49.2525
1102.9497 24.0 45.956238
1076.7598 24.0 44.86499
1142.9094 24.0 47.621227
1168.83 24.0 48.70125
1141.5598 24.0 47.56499
1205.01 24.0 50.208748
1135.6199 25.0 45.424793
1130.7599 25.0 45.230396
1175.3102 25.0 47.01241
1064.8799 25.0 42.595196
1113.2098 25.0 44.528393
1089.4502 25.0 43.578007
1166.9398 25.0 46.677593
1062.9899 25.0 42.519596
1114.5598 25.0 44.582394
1178.0099 25.0 47.120396
1087.5598 25.0 43.50239
1127.2498 25.0 45.089993
1115.6401 25.0 44.625607
1116.72 25.0 44.6688
1121.85 25.0 44.874
1088.3704 25.0 43.534813
1190.7 25.0 47.628
1101.6 25.0 44.064
1137.5099 25.0 45.500397
1089.4498 25.0 43.577995
1217.9701 25.0 48.718803
1058.3997 25.0 42.335987
1175.58 25.0 47.023197
1140.75 25.0 45.63
1164.51 25.0 46.5804
1074.3302 25.0 42.97321
1149.3899 25.0 45.975597
1091.6096 25.0 43.664387
1072.7101 25.0 42.9084
1098.8999 25.0 43.955997
1127.5199 25.0 45.100796
1163.1598 25.0 46.52639
1122.9299 25.0 44.9172
1146.9598 25.0 45.87839
1098.3597 25.0 43.93439
1105.3798 25.0 44.21519
1106.7297 25.0 44.26919
1153.98 25.0 46.1592
1109.1599 25.0 44.366398
1120.2303 25.0 44.80921
1137.7797 25.0 45.51119
1178.5499 26.0 45.328842
1114.2898 26.0 42.8573
1082.4299 26.0 41.63192
1158.2998 26.0 44.54999
1094.5801 26.0 42.09923
1179.0897 26.0 45.349606
1085.9398 26.0 41.76692
1177.7397 26.0 45.297684
1079.7301 26.0 41.52808
1106.9999 26.0 42.57692
1051.9203 26.0 40.458473
1123.7396 26.0 43.220757
1095.9299 26.0 42.15115
1099.71 26.0 42.296535
1117.5295 26.0 42.981907
1118.8796 26.0 43.033833
1188.27 26.0 45.702694
1111.0502 26.0 42.7327
1084.5898 26.0 41.714993
1030.0497 26.0 39.617294
1083.24 26.0 41.663074
1126.1697 26.0 43.314217
1216.0801 26.0 46.77231
1143.99 26.0 43.999615
1124.8197 26.0 43.262295
1166.9398 26.0 44.8823
1081.08 26.0 41.579998
1084.0499 26.0 41.69423
1084.8601 26.0 41.725388
1070.2798 26.0 41.164608
1107.5398 26.0 42.597683
1149.3895 26.0 44.20729
1053.2699 26.0 40.51038
1109.6997 26.0 42.680756
1164.2397 26.0 44.778454
1102.95 26.0 42.421154
1091.61 26.0 41.985
1131.5696 26.0 43.521908
1152.3597 26.0 44.32153
1119.4197 26.0 43.054604
1172.3397 26.0 45.08999
1191.7802 27.000002 44.140003
1018.98004 27.000002 37.739998
1077.8402 27.000002 39.920006
1098.6302 27.000002 40.690006
1123.7401 27.000002 41.620003
1059.2101 27.000002 39.23
1097.2797 27.000002 40.639984
1076.22 27.000002 39.859997
1158.5701 27.000002 42.91
1150.2 27.000002 42.599995
1105.6498 27.000002 40.94999
1059.7499 27.000002 39.249992
1123.74 27.000002 41.62
1119.1501 27.000002 41.450005
1100.5199 27.000002 40.759995
1047.87 27.000002 38.809998
1098.6299 27.000002 40.689995
1016.0099 27.000002 37.629993
1067.0399 27.000002 39.519993
1142.6401 27.000002 42.320004
1116.18 27.000002 41.34
1105.6499 27.000002 40.949993
1101.5997 27.000002 40.799988
1119.4198 27.000002 41.45999
1137.5096 27.000002 42.129986
1053.0001 27.000002 39.0
1094.3099 27.000002 40.529995
1043.8198 27.000002 38.659992
1069.47 27.000002 39.609997
1080.0 27.000002 39.999996
1122.1198 27.000002 41.559986
1064.6099 27.000002 39.429993
1170.1798 27.000002 43.33999
1108.3501 27.000002 41.05
1074.0598 27.000002 39.77999
1082.9697 27.000002 40.109985
1063.8002 27.000002 39.400005
1121.8496 27.000002 41.549984
1062.7201 27.000002 39.36
1074.6 27.000002 39.799995
1072.7102 27.000002 39.730003
1118.3396 28.0 39.9407
977.4 28.0 34.907143
1139.67 28.0 40.702503
1054.8899 28.0 37.674637
1065.6897 28.0 38.06035
1100.5197 28.0 39.30427
1107.81 28.0 39.564644
1190.9701 28.0 42.534645
1124.8198 28.0 40.172134
1071.3597 28.0 38.262848
1091.0698 28.0 38.966778
1103.4899 28.0 39.41035
1111.5901 28.0 39.699646
1035.45 28.0 36.980354
1126.4398 28.0 40.229992
1091.3398 28.0 38.97642
1085.1298 28.0 38.754635
1086.7498 28.0 38.812492
1113.2098 28.0 39.757496
1013.3098 28.0 36.189636
1166.6698 28.0 41.66678
1115.3698 28.0 39.834633
1126.71 28.0 40.239643
1121.8496 28.0 40.06606
1065.1499 28.0 38.04107
1139.6699 28.0 40.702496
1104.84 28.0 39.45857
1104.3 28.0 39.439285
1088.6399 28.0 38.879997
1124.82 28.0 40.172142
1042.7399 28.0 37.24071
1074.0599 28.0 38.359283
1055.6998 28.0 37.703564
1101.0594 28.0 39.32355
1084.8597 28.0 38.74499
1079.9999 28.0 38.571423
1129.95 28.0 40.355354
1075.1396 28.0 38.397846
1037.3402 28.0 37.047863
1087.2899 28.0 38.831783
1133.9998 28.0 40.499992
1097.2795 29.0 37.837227
1076.4897 29.0 37.120335
1115.3699 29.0 38.46103
1115.3698 29.0 38.461025
1057.32 29.0 36.45931
1078.9198 29.0 37.204132
1085.67 29.0 37.436897
1049.4897 29.0 36.1893
1060.5597 29.0 36.571022
1128.0599 29.0 38.898617
1054.89 29.0 36.37552
1043.8197 29.0 35.993782
1051.3795 29.0 36.254467
1089.7198 29.0 37.576546
1065.1495 29.0 36.729294
1084.0499 29.0 37.38103
1004.1299 29.0 34.625168
1115.9095 29.0 38.47964
1115.9098 29.0 38.47965
1098.0902 29.0 37.86518
1030.8599 29.0 35.54689
1087.5596 29.0 37.502056
1062.9899 29.0 36.654823
1111.5897 29.0 38.33068
1114.5599 29.0 38.4331
1032.7498 29.0 35.61206
992.24994 29.0 34.215515
1093.7699 29.0 37.7162
1047.0596 29.0 36.105503
1057.32 29.0 36.45931
1050.0294 29.0 36.207912
1045.7098 29.0 36.05896
1081.3497 29.0 37.28792
1021.1398 29.0 35.211716
1082.7002 29.0 37.334488
1071.0896 29.0 36.934124
1071.0896 29.0 36.934124
1067.5797 29.0 36.813095
1076.7601 29.0 37.129658
1092.1499 29.0 37.66034
1027.6198 29.0 35.435165
1100.2499 30.000002 36.67499
1075.4097 30.000002 35.846985
1115.9097 30.000002 37.196987
1062.72 30.000002 35.423996
1106.4602 30.000002 36.882004
1112.6698 30.000002 37.08899
1038.4202 30.000002 34.614002
1004.94 30.000002 33.497997
1087.56 30.000002 36.252
1115.3699 30.000002 37.178993
1098.3601 30.000002 36.612
1063.2599 30.000002 35.441994
982.5299 30.000002 32.750996
1106.46 30.000002 36.881996
1035.9902 30.000002 34.533005
1053.2698 30.000002 35.10899
1088.3701 30.000002 36.279003
1120.4996 30.000002 37.349987
1084.8599 30.000002 36.16199
1050.2999 30.000002 35.009995
1109.9697 30.000002 36.99899
1088.6401 30.000002 36.288002
1055.16 30.000002 35.171997
1077.3003 30.000002 35.910007
1068.1202 30.000002 35.604004
1069.4701 30.000002 35.649002
1124.5502 30.000002 37.485004
1049.7603 30.000002 34.992004
1091.0702 30.000002 36.369003
1020.6001 30.000002 34.02
1053.27 30.000002 35.108997
1053.54 30.000002 35.118
1038.6897 30.000002 34.62299
1055.16 30.000002 35.172
1094.58 30.000002 36.485996
1084.5901 30.000002 36.153
1007.9101 30.000002 33.597
1079.4596 30.000002 35.981983
1052.19 30.000002 35.072994
1064.0701 30.000002 35.469
1080.2699 30.000002 36.008995
1094.3103 31.0 35.30033
1014.9301 31.0 32.73968
1070.0099 31.0 34.51645
1131.3002 31.0 36.493553
1042.4701 31.0 33.628067
1066.4999 31.0 34.40322
1035.45 31.0 33.40161
1037.6096 31.0 33.47128
1057.86 31.0 34.124516
1079.4601 31.0 34.821293
1045.7098 31.0 33.732574
1043.2803 31.0 33.6542
1028.1602 31.0 33.16646
1043.2798 31.0 33.654186
1070.2798 31.0 34.525154
980.1001 31.0 31.616133
1047.5997 31.0 33.79354
1042.47 31.0 33.628063
1101.5999 31.0 35.53548
975.51025 31.0 31.468073
1031.1299 31.0 33.262253
1054.8899 31.0 34.028706
1072.1702 31.0 34.586136
1072.7102 31.0 34.603554
1048.9497 31.0 33.837086
1058.9402 31.0 34.15936
1034.9095 31.0 33.38418
1020.3299 31.0 32.913868
1068.1198 31.0 34.455475
1025.4598 31.0 33.07935
1034.3696 31.0 33.366764
1089.9901 31.0 35.160973
1041.9299 31.0 33.61064
1030.5896 31.0 33.244827
1045.7098 31.0 33.732574
1028.1599 31.0 33.16645
1055.1599 31.0 34.03742
1033.5597 31.0 33.340633
1021.94977 31.0 32.96612
1049.7598 31.0 33.863216
1037.61 31.0 33.47129
995.2199 32.0 31.100622
1014.1196 32.0 31.691238
1080.2698 32.0 33.75843
1084.5898 32.0 33.893433
1070.8196 32.0 33.46311
1023.84 32.0 31.995
1081.0801 32.0 33.783752
1087.8298 32.0 33.994682
1067.0403 32.0 33.34501
1047.3301 32.0 32.729065
1012.49963 32.0 31.640614
1056.78 32.0 33.024376
1009.7997 32.0 31.55624
1038.6898 32.0 32.459057
1026.8098 32.0 32.087807
971.9998 32.0 30.374994
1003.86 32.0 31.370625
1083.78 32.0 33.868126
1026.2698 32.0 32.07093
953.90955 32.0 29.809673
1077.0303 32.0 33.657196
1059.4797 32.0 33.10874
1088.3702 32.0 34.01157
1089.9899 32.0 34.062183
1038.6897 32.0 32.459053
1080.5399 32.0 33.766872
1029.51 32.0 32.172188
981.98987 32.0 30.687183
1032.2101 32.0 32.256565
1061.1001 32.0 33.159378
998.9997 32.0 31.21874
999.8097 32.0 31.244053
1055.97 32.0 32.99906
1022.7599 32.0 31.961246
1038.69 32.0 32.45906
1067.5798 32.0 33.36187
999.81006 32.0 31.244064
1065.1499 32.0 33.285934
998.45996 32.0 31.201874
1074.5999 32.0 33.581245
1067.0402 32.0 33.345005
1034.9095 33.0 31.360895
1081.0801 33.0 32.760002
1061.3699 33.0 32.162724
1040.5801 33.0 31.53273
1019.78955 33.0 30.902714
1015.1999 33.0 30.763634
1048.6796 33.0 31.77817
1029.7797 33.0 31.205444
1057.5903 33.0 32.04819
1077.57 33.0 32.653633
1011.95996 33.0 30.665453
1101.8699 33.0 33.389996
988.4701 33.0 29.95364
980.63995 33.0 29.716362
1048.6797 33.0 31.778172
1065.1497 33.0 32.277264
944.46 33.0 28.62
970.10986 33.0 29.397268
1025.7299 33.0 31.082722
986.31006 33.0 29.888184
959.03955 33.0 29.061804
984.42004 33.0 29.83091
1046.5197 33.0 31.712715
1057.8599 33.0 32.05636
979.01996 33.0 29.66727
1038.1499 33.0 31.459087
1053.81 33.0 31.933638
1063.2594 33.0 32.219982
1042.4698 33.0 31.589994
1064.3395 33.0 32.252712
1034.1 33.0 31.336363
1027.3499 33.0 31.131813
980.63965 33.0 29.716352
1052.1897 33.0 31.884535
1021.95 33.0 30.968182
1035.1797 33.0 31.369081
1038.1498 33.0 31.459085
1034.9099 33.0 31.360905
1024.3799 33.0 31.041815
1013.5798 33.0 30.714539
1038.15 33.0 31.459091
1079.9998 34.0 31.7647
993.60004 34.0 29.22353
1001.97 34.0 29.469706
1003.58997 34.0 29.517351
1061.0997 34.0 31.208815
1035.9899 34.0 30.47029
986.8498 34.0 29.024994
1003.58984 34.0 29.51735
957.95966 34.0 28.175283
976.85986 34.0 28.731173
965.2498 34.0 28.3897
1031.9398 34.0 30.351171
1053.5402 34.0 30.986475
999.80975 34.0 29.40617
1104.8402 34.0 32.4953
995.75995 34.0 29.287058
1048.6796 34.0 30.843515
1065.1498 34.0 31.327936
1023.0298 34.0 30.089111
948.77966 34.0 27.905285
997.38007 34.0 29.334707
1009.25995 34.0 29.684116
1018.1701 34.0 29.94618
1047.8698 34.0 30.8197
1047.6 34.0 30.811764
997.9198 34.0 29.350582
991.17004 34.0 29.15206
1084.8596 34.0 31.907635
1063.26 34.0 31.272354
997.10956 34.0 29.326752
991.70984 34.0 29.167936
1045.9799 34.0 30.764114
1016.8198 34.0 29.906466
969.8397 34.0 28.524698
1006.2898 34.0 29.596758
989.2796 34.0 29.096458
1030.3197 34.0 30.303522
1000.62 34.0 29.43
983.60974 34.0 28.929699
1011.4202 34.0 29.747654
1032.2101 34.0 30.35912
994.6802 35.0 28.419434
954.99023 35.0 27.285435
1086.7499 35.0 31.049997
940.94977 35.0 26.88428
1051.3795 35.0 30.039413
1006.0194 35.0 28.743412
1010.3402 35.0 28.866863
1009.2595 35.0 28.835987
994.95 35.0 28.427143
1024.1095 35.0 29.260273
989.8201 35.0 28.280575
971.19006 35.0 27.748287
996.0298 35.0 28.457994
973.6198 35.0 27.817709
997.3796 35.0 28.49656
1007.0998 35.0 28.77428
960.9298 35.0 27.455137
1026.5397 35.0 29.329706
981.45 35.0 28.04143
1023.56976 35.0 29.24485
992.51965 35.0 28.357704
1024.65 35.0 29.275715
1007.91003 35.0 28.79743
1008.72003 35.0 28.820572
1008.1799 35.0 28.80514
975.24 35.0 27.864
969.83984 35.0 27.70971
1015.7401 35.0 29.021147
1020.0601 35.0 29.144575
1009.79987 35.0 28.851425
1089.9897 35.0 31.142565
1013.03986 35.0 28.943996
976.58984 35.0 27.902567
969.57 35.0 27.702
1000.88965 35.0 28.596848
1027.8901 35.0 29.36829
981.99 35.0 28.056856
993.6 35.0 28.38857
1055.4297 35.0 30.155134
990.09015 35.0 28.28829
1027.8899 35.0 29.368284
1049.76 36.0 29.16
926.09973 36.0 25.724993
938.78986 36.0 26.077496
1005.74994 36.0 27.937498
975.78 36.0 27.105001
988.2001 36.0 27.450003
979.01984 36.0 27.194996
982.26013 36.0 27.285004
1004.6699 36.0 27.907497
964.7101 36.0 26.797503
965.5197 36.0 26.819992
1005.75006 36.0 27.937502
998.9998 36.0 27.749994
977.9396 36.0 27.164988
970.91986 36.0 26.969995
1036.7993 36.0 28.79998
974.42993 36.0 27.067497
950.66986 36.0 26.407495
979.02014 36.0 27.195004
965.5197 36.0 26.819992
1023.5698 36.0 28.432495
990.8998 36.0 27.524994
992.5202 36.0 27.570005
1002.77997 36.0 27.855
1010.8799 36.0 28.079996
976.05 36.0 27.1125
1027.0798 36.0 28.529995
1008.17993 36.0 28.004997
1020.3299 36.0 28.342497
991.7099 36.0 27.547497
943.6497 36.0 26.212492
993.5998 36.0 27.599995
968.22 36.0 26.894999
954.98987 36.0 26.527496
927.72 36.0 25.769999
1007.09985 36.0 27.974997
957.68976 36.0 26.602493
925.0199 36.0 25.694998
1017.0897 36.0 28.252493
989.27997 36.0 27.48
999.26984 36.0 27.757496
982.2601 37.0 26.54757
970.65 37.0 26.233784
979.28986 37.0 26.467293
1008.44977 37.0 27.2554
991.1699 37.0 26.788376
961.4695 37.0 25.985662
945.54004 37.0 25.555136
954.1798 37.0 25.788643
1036.2599 37.0 28.007023
947.16034 37.0 25.598928
978.47986 37.0 26.445402
1006.01965 37.0 27.18972
972.81 37.0 26.292162
977.3999 37.0 26.416214
960.93 37.0 25.97108
875.88007 37.0 23.672434
975.5101 37.0 26.365137
1011.14984 37.0 27.328375
983.33997 37.0 26.576756
992.24976 37.0 26.81756
982.80005 37.0 26.562164
982.5301 37.0 26.554867
980.0998 37.0 26.489183
941.48975 37.0 25.44567
962.55 37.0 26.014864
957.6898 37.0 25.883509
972.8096 37.0 26.29215
956.0699 37.0 25.839727
986.03973 37.0 26.649723
958.22974 37.0 25.898102
1003.85986 37.0 27.131348
952.55994 37.0 25.744864
998.72955 37.0 26.992691
962.27997 37.0 26.007566
969.2997 37.0 26.197289
919.34973 37.0 24.84729
939.87 37.0 25.401892
982.52985 37.0 26.554861
970.10986 37.0 26.219185
1008.1798 37.0 27.248102
1011.95953 37.0 27.350258
949.5901 38.0 24.989212
1025.73 38.0 26.992895
910.1699 38.0 23.95184
940.4095 38.0 24.747618
936.36 38.0 24.641052
943.9198 38.0 24.839994
948.5101 38.0 24.96079
950.39954 38.0 25.010513
923.39966 38.0 24.299992
895.0499 38.0 23.553946
1010.8795 38.0 26.602093
942.02997 38.0 24.790262
977.9395 38.0 25.73525
1001.6999 38.0 26.360523
923.13007 38.0 24.292896
951.7498 38.0 25.046047
955.25946 38.0 25.138407
981.98956 38.0 25.841831
952.56006 38.0 25.06737
952.8299 38.0 25.07447
925.55994 38.0 24.35684
956.33984 38.0 25.166838
1021.14014 38.0 26.872108
942.5697 38.0 24.804466
1003.31995 38.0 26.403156
933.92993 38.0 24.577103
998.45953 38.0 26.275251
993.86975 38.0 26.154467
982.52997 38.0 25.856052
937.7098 38.0 24.676573
976.8593 38.0 25.706823
996.57 38.0 26.225527
1019.7895 38.0 26.836565
949.59033 38.0 24.98922
938.52 38.0 24.697895
967.13995 38.0 25.451052
994.40955 38.0 26.168673
1011.15 38.0 26.609211
978.20966 38.0 25.74236
950.4 38.0 25.010527
981.44995 38.0 25.827631
906.74255 39.0 23.24981
963.24506 39.0 24.698591
976.2215 39.0 25.03132
928.91046 39.0 23.818216
965.6781 39.0 24.760977
1021.6398 39.0 26.195892
943.77985 39.0 24.199484
957.8379 39.0 24.559946
925.93713 39.0 23.741978
937.8322 39.0 24.04698
921.6116 39.0 23.631065
985.41315 39.0 25.267004
957.02686 39.0 24.53915
934.85864 39.0 23.970734
973.7884 39.0 24.968933
942.428 39.0 24.16482
917.82654 39.0 23.534014
950.80884 39.0 24.379713
977.8432 39.0 25.072903
918.3673 39.0 23.54788
971.08466 39.0 24.899607
957.29724 39.0 24.546083
977.8435 39.0 25.07291
985.6834 39.0 25.273933
942.1578 39.0 24.157892
904.3096 39.0 23.187426
958.1082 39.0 24.566877
963.5154 39.0 24.705523
970.0032 39.0 24.871876
971.085 39.0 24.899616
948.9163 39.0 24.331188
912.68976 39.0 23.402302
1002.1747 39.0 25.696787
961.3524 39.0 24.650063
929.72186 39.0 23.839022
963.51514 39.0 24.705517
981.0879 39.0 25.1561
988.38666 39.0 25.343248
938.914 39.0 24.074718
1008.3926 39.0 25.85622
951.0794 39.0 24.386652
910.44006 40.0 22.761002
951.7496 40.0 23.79374
923.9397 40.0 23.098492
937.1695 40.0 23.429237
940.4099 40.0 23.510248
949.3201 40.0 23.733004
964.16986 40.0 24.104246
880.19995 40.0 22.005
914.2201 40.0 22.855503
943.38007 40.0 23.584501
930.4196 40.0 23.26049
1000.6198 40.0 25.015495
944.1898 40.0 23.604746
910.16956 40.0 22.754238
945.8099 40.0 23.645247
899.91003 40.0 22.497751
996.0299 40.0 24.900747
968.48975 40.0 24.212244
960.12 40.0 24.003
955.25977 40.0 23.881495
957.95996 40.0 23.949
906.1197 40.0 22.652992
859.6799 40.0 21.491997
935.81995 40.0 23.395498
928.7998 40.0 23.219995
948.5096 40.0 23.71274
927.72003 40.0 23.193
979.01953 40.0 24.475489
989.81995 40.0 24.745499
969.84 40.0 24.246
928.7999 40.0 23.219997
933.1202 40.0 23.328005
962.28 40.0 24.057001
929.06976 40.0 23.226744
918.80975 40.0 22.970243
939.3297 40.0 23.483242
964.7098 40.0 24.117744
991.9799 40.0 24.799498
1030.0499 40.0 25.751247
896.13007 40.0 22.403252
919.62006 40.0 22.990501
916.10986 41.0 22.344143
935.82 41.0 22.824879
935.27997 41.0 22.811707
864.53955 41.0 21.08633
899.90985 41.0 21.94902
911.78973 41.0 22.238773
914.75977 41.0 22.311214
983.60986 41.0 23.990484
937.4398 41.0 22.864386
931.76984 41.0 22.726093
878.5799 41.0 21.428778
962.54956 41.0 23.476818
907.7398 41.0 22.139996
912.06 41.0 22.245365
978.2099 41.0 23.858778
934.47 41.0 22.79195
948.51 41.0 23.13439
948.7794 41.0 23.14096
931.7699 41.0 22.726095
939.59973 41.0 22.917067
857.24994 41.0 20.908535
1001.97003 41.0 24.438293
935.5497 41.0 22.818285
927.1799 41.0 22.614143
987.3901 41.0 24.082685
933.38983 41.0 22.765606
992.24994 41.0 24.201218
863.9998 41.0 21.073166
915.5697 41.0 22.330969
938.5201 41.0 22.890734
943.92 41.0 23.022438
939.3297 41.0 22.91048
921.50977 41.0 22.475847
866.69977 41.0 21.139019
949.05 41.0 23.14756
903.69025 41.0 22.041225
888.83997 41.0 21.679024
881.55 41.0 21.501219
937.71014 41.0 22.87098
960.38995 41.0 23.424145
895.8598 41.0 21.850239
949.04987 42.0 22.596426
934.7397 42.0 22.255707
905.3101 42.0 21.555002
883.1699 42.0 21.027855
928.5301 42.0 22.107859
884.7896 42.0 21.06642
910.44 42.0 21.677143
937.4399 42.0 22.319998
925.01984 42.0 22.024282
935.28 42.0 22.268572
889.3798 42.0 21.17571
927.7199 42.0 22.08857
913.1399 42.0 21.741426
860.2197 42.0 20.481422
845.6397 42.0 20.13428
903.4199 42.0 21.509998
946.0797 42.0 22.525707
847.26025 42.0 20.172863
920.15985 42.0 21.908567
916.9199 42.0 21.831427
888.5697 42.0 21.156422
901.53 42.0 21.465
941.22 42.0 22.41
928.7996 42.0 22.114277
940.9499 42.0 22.403568
937.9797 42.0 22.33285
890.19006 42.0 21.195002
896.9395 42.0 21.355703
883.1699 42.0 21.027855
940.4099 42.0 22.390713
888.29956 42.0 21.14999
866.9697 42.0 20.642136
856.44 42.0 20.391428
913.4098 42.0 21.747852
930.42017 42.0 22.15286
891.27 42.0 21.220715
913.9502 42.0 21.76072
934.74 42.0 22.255714
886.9498 42.0 21.117853
946.07996 42.0 22.525713
907.7399 42.0 21.612856
909.6296 43.0 21.154177
929.33966 43.0 21.61255
901.52997 43.0 20.965813
854.81976 43.0 19.87953
858.3299 43.0 19.96116
902.3403 43.0 20.984657
874.79987 43.0 20.344183
900.1799 43.0 20.934416
872.0999 43.0 20.281393
914.2202 43.0 21.260935
914.2198 43.0 21.260925
841.0497 43.0 19.559296
892.07983 43.0 20.746042
859.9498 43.0 19.998833
923.39984 43.0 21.474415
927.4499 43.0 21.568602
907.4698 43.0 21.103949
922.3198 43.0 21.449299
835.65 43.0 19.433722
932.04 43.0 21.675348
872.9099 43.0 20.30023
890.7299 43.0 20.71465
925.55963 43.0 21.524643
919.8899 43.0 21.392788
942.0296 43.0 21.907665
922.58984 43.0 21.455578
896.94 43.0 20.85907
926.91 43.0 21.556046
861.56995 43.0 20.03651
914.7599 43.0 21.273485
886.68 43.0 20.620464
893.4297 43.0 20.777435
913.9499 43.0 21.254648
899.0998 43.0 20.909298
839.69995 43.0 19.527906
922.31995 43.0 21.4493
880.7397 43.0 20.482319
907.47003 43.0 21.103954
894.7797 43.0 20.80883
905.0397 43.0 21.047434
905.04004 43.0 21.047443
871.5598 44.0 19.808178
874.53 44.0 19.875683
914.21985 44.0 20.777723
903.6896 44.0 20.538399
852.65985 44.0 19.378633
920.15967 44.0 20.91272
865.3501 44.0 19.667048
916.91956 44.0 20.83908
851.84985 44.0 19.360224
848.07 44.0 19.274319
876.9598 44.0 19.930904
902.0698 44.0 20.501587
859.94995 44.0 19.544317
875.60986 44.0 19.900225
931.77 44.0 21.176592
875.60986 44.0 19.900225
896.66956 44.0 20.378853
921.51 44.0 20.943409
933.39 44.0 21.21341
906.3898 44.0 20.599768
868.32007 44.0 19.734547
856.43994 44.0 19.464544
873.9897 44.0 19.863401
860.76 44.0 19.562727
893.97 44.0 20.3175
900.7197 44.0 20.470903
885.86993 44.0 20.133408
909.09 44.0 20.661137
921.2399 44.0 20.937271
844.28986 44.0 19.188406
938.5198 44.0 21.329994
893.6997 44.0 20.311357
897.75006 44.0 20.40341
882.3599 44.0 20.053635
919.0801 44.0 20.888184
875.87976 44.0 19.906359
862.6501 44.0 19.605684
915.0298 44.0 20.796131
885.8701 44.0 20.133411
855.35974 44.0 19.439995
896.1299 44.0 20.366589
945.26996 45.0 21.005999
852.12006 45.0 18.936
867.7798 45.0 19.283995
876.4199 45.0 19.475998
888.0299 45.0 19.733997
847.2601 45.0 18.828001
914.75977 45.0 20.327995
846.98975 45.0 18.821995
863.9999 45.0 19.199997
853.4698 45.0 18.965996
850.49976 45.0 18.899994
838.62 45.0 18.636
899.09973 45.0 19.979994
854.27936 45.0 18.983986
880.1998 45.0 19.559996
854.0099 45.0 18.977997
932.5799 45.0 20.723997
899.3696 45.0 19.985992
887.49 45.0 19.722
859.14014 45.0 19.092003
863.4599 45.0 19.187998
823.22986 45.0 18.293997
888.56995 45.0 19.745998
837.27 45.0 18.606
890.4596 45.0 19.78799
897.2097 45.0 19.937994
849.95966 45.0 18.887993
867.5102 45.0 19.278004
844.56 45.0 18.768
857.78986 45.0 19.061996
922.85986 45.0 20.507998
887.21954 45.0 19.71599
875.3403 45.0 19.452005
915.83954 45.0 20.35199
895.05 45.0 19.89
876.1497 45.0 19.469994
885.32965 45.0 19.673992
875.6097 45.0 19.457993
855.8998 45.0 19.019995
896.66986 45.0 19.925997
907.7398 45.0 20.171995
870.20966 46.0 18.9176
871.8299 46.0 18.952824
854.0097 46.0 18.565428
886.95013 46.0 19.281525
835.3799 46.0 18.160433
911.52014 46.0 19.815655
884.5199 46.0 19.228693
885.60004 46.0 19.252174
877.7699 46.0 19.081955
866.9699 46.0 18.847172
862.91974 46.0 18.759125
887.2201 46.0 19.287394
864.81006 46.0 18.800219
874.7999 46.0 19.01739
881.2798 46.0 19.158257
834.0298 46.0 18.131083
841.58984 46.0 18.295431
811.6198 46.0 17.64391
833.48987 46.0 18.119345
816.20996 46.0 17.743694
836.45996 46.0 18.183912
832.9499 46.0 18.107607
878.3099 46.0 19.093693
855.6301 46.0 18.600655
811.35 46.0 17.638042
833.76 46.0 18.125217
854.81995 46.0 18.583042
853.4699 46.0 18.553694
820.2602 46.0 17.831743
858.86993 46.0 18.671085
861.03 46.0 18.718044
833.2199 46.0 18.113476
857.7898 46.0 18.647604
866.42993 46.0 18.835434
869.1295 46.0 18.89412
863.1897 46.0 18.764994
878.0398 46.0 19.087822
821.87964 46.0 17.86695
869.12964 46.0 18.894123
824.5801 46.0 17.925653
861.2998 46.0 18.72391
886.4099 47.0 18.859785
856.97974 47.0 18.233612
830.52 47.0 17.670639
875.34 47.0 18.624256
865.35 47.0 18.411701
812.97015 47.0 17.297237
846.1801 47.0 18.003832
825.6597 47.0 17.567228
817.83 47.0 17.400639
861.8396 47.0 18.337013
807.5698 47.0 17.182337
819.1798 47.0 17.429358
834.0302 47.0 17.745323
826.46985 47.0 17.584465
849.69006 47.0 18.078512
847.2601 47.0 18.02681
836.7297 47.0 17.80276
842.13 47.0 17.91766
863.1897 47.0 18.365738
803.2499 47.0 17.090424
845.0998 47.0 17.980846
835.1098 47.0 17.768293
849.9602 47.0 18.084259
821.87994 47.0 17.486807
798.11993 47.0 16.981276
834.56995 47.0 17.756807
822.41974 47.0 17.498293
853.4698 47.0 18.158932
799.4702 47.0 17.010004
798.1197 47.0 16.98127
858.06 47.0 18.256596
840.50964 47.0 17.883184
799.47003 47.0 17.01
821.8801 47.0 17.48681
839.7 47.0 17.865957
815.67 47.0 17.354681
881.54987 47.0 18.75638
823.77 47.0 17.527021
862.1099 47.0 18.342764
846.71985 47.0 18.015316
822.1495 47.0 17.492542
813.23975 48.0 16.942495
799.73975 48.0 16.661245
803.24963 48.0 16.734367
838.89 48.0 17.476875
865.3501 48.0 18.028128
821.33984 48.0 17.111246
843.21 48.0 17.566875
814.32007 48.0 16.965002
852.6597 48.0 17.763744
837.5397 48.0 17.448744
783.8096 48.0 16.329367
859.1398 48.0 17.898745
788.12976 48.0 16.41937
807.2999 48.0 16.818748
877.7698 48.0 18.286871
859.68 48.0 17.91
794.3396 48.0 16.548742
824.5801 48.0 17.178751
898.55994 48.0 18.72
823.2296 48.0 17.150618
866.9698 48.0 18.06187
807.03 48.0 16.813126
841.58984 48.0 17.533121
814.5897 48.0 16.97062
827.27985 48.0 17.234997
825.3898 48.0 17.19562
777.59985 48.0 16.199997
817.0201 48.0 17.021252
827.00977 48.0 17.22937
836.45984 48.0 17.426247
813.5099 48.0 16.948122
851.3098 48.0 17.73562
854.5499 48.0 17.803123
777.05994 48.0 16.18875
835.11017 48.0 17.398129
859.9499 48.0 17.915623
803.2499 48.0 16.734373
857.79 48.0 17.870625
841.86 48.0 17.53875
856.43994 48.0 17.842499
817.0199 48.0 17.021248
837.80975 49.0 17.098158
829.9802 49.0 16.938372
806.2198 49.0 16.453465
870.4796 49.0 17.76489
816.48 49.0 16.662857
809.7299 49.0 16.5251
852.12006 49.0 17.390205
834.03 49.0 17.02102
778.13965 49.0 15.880402
849.1497 49.0 17.329586
814.31964 49.0 16.618769
833.48975 49.0 17.009995
824.30945 49.0 16.822641
794.60986 49.0 16.216528
819.98987 49.0 16.734488
774.3598 49.0 15.803261
850.2301 49.0 17.351635
826.7399 49.0 16.872244
846.72 49.0 17.279999
788.3999 49.0 16.089794
823.4996 49.0 16.806114
816.2098 49.0 16.657343
798.1201 49.0 16.288166
813.5098 49.0 16.602242
868.5899 49.0 17.726324
830.2498 49.0 16.943874
800.2798 49.0 16.332241
848.8799 49.0 17.32408
839.6996 49.0 17.136726
805.6796 49.0 16.442442
813.77985 49.0 16.607752
831.32996 49.0 16.965918
831.5996 49.0 16.97142
847.8 49.0 17.30204
834.56976 49.0 17.032036
790.28986 49.0 16.128365
789.74976 49.0 16.117342
835.9197 49.0 17.059586
777.0598 49.0 15.858364
836.7299 49.0 17.07612
807.02985 49.0 16.469997
815.9399 50.0 16.318798
805.6797 50.0 16.113594
773.2799 50.0 15.465598
771.1199 50.0 15.422398
791.36993 50.0 15.827398
813.5098 50.0 16.270197
801.89984 50.0 16.037996
803.5199 50.0 16.070398
776.51984 50.0 15.530396
814.85986 50.0 16.297197
800.55 50.0 16.011
787.3198 50.0 15.746396
830.51996 50.0 16.6104
818.63995 50.0 16.372799
751.1398 50.0 15.022796
785.16016 50.0 15.703203
775.1701 50.0 15.503402
809.7297 50.0 16.194593
788.9397 50.0 15.778794
782.99976 50.0 15.659995
777.3299 50.0 15.546598
814.85986 50.0 16.297197
774.6296 50.0 15.492592
808.6499 50.0 16.172998
805.13983 50.0 16.102797
795.69006 50.0 15.913801
831.87 50.0 16.6374
772.19995 50.0 15.443999
782.7299 50.0 15.654598
808.6497 50.0 16.172995
824.8499 50.0 16.496998
809.99963 50.0 16.199993
783.2697 50.0 15.665394
760.8599 50.0 15.217198
819.18 50.0 16.3836
816.7499 50.0 16.334997
789.4798 50.0 15.789596
821.8796 50.0 16.437592
813.7797 50.0 16.275595
808.3798 50.0 16.167597
768.15 50.0 15.363001
791.0998 51.0 15.511761
775.70996 51.0 15.209999
778.9497 51.0 15.273523
783.2698 51.0 15.358231
795.6899 51.0 15.601763
797.5799 51.0 15.638822
801.62976 51.0 15.718231
804.6 51.0 15.77647
763.01984 51.0 14.961173
784.62 51.0 15.384706
784.8899 51.0 15.389998
759.5099 51.0 14.892351
790.0198 51.0 15.490583
839.96985 51.0 16.469997
801.35974 51.0 15.712936
774.6297 51.0 15.188818
807.29987 51.0 15.82941
830.5197 51.0 16.2847
777.6001 51.0 15.247061
798.3899 51.0 15.654704
790.8298 51.0 15.506466
803.2499 51.0 15.749998
815.40015 51.0 15.988238
755.45996 51.0 14.812941
744.3901 51.0 14.595884
821.6102 51.0 16.110004
763.8299 51.0 14.9770565
723.32996 51.0 14.1829405
799.46967 51.0 15.675876
785.6998 51.0 15.405879
809.1898 51.0 15.866467
770.31006 51.0 15.104118
810.26984 51.0 15.887644
762.20984 51.0 14.9452915
791.63965 51.0 15.5223465
763.5599 51.0 14.971762
749.78986 51.0 14.701762
823.4998 51.0 16.147055
822.9599 51.0 16.136469
816.7499 51.0 16.014704
751.95 51.0 14.744118
812.96954 52.0 15.634029
767.33997 52.0 14.756538
812.96967 52.0 15.634032
762.4799 52.0 14.663075
799.46985 52.0 15.37442
751.13965 52.0 14.444993
782.4597 52.0 15.047302
769.2296 52.0 14.792877
780.29987 52.0 15.005767
758.96985 52.0 14.595574
730.89 52.0 14.055577
775.98 52.0 14.922692
752.21985 52.0 14.465767
799.20013 52.0 15.369233
779.7599 52.0 14.995382
768.42 52.0 14.7773075
785.9698 52.0 15.114803
795.4199 52.0 15.296537
721.98004 52.0 13.884232
792.9902 52.0 15.249811
772.7399 52.0 14.860383
744.12006 52.0 14.310001
787.04987 52.0 15.135574
782.1898 52.0 15.042111
786.7799 52.0 15.130383
798.65985 52.0 15.358843
802.70996 52.0 15.436729
768.6898 52.0 14.782496
784.07996 52.0 15.078461
753.0299 52.0 14.481344
777.87 52.0 14.959038
718.47 52.0 13.8167305
821.60986 52.0 15.80019
751.41003 52.0 14.450192
759.2398 52.0 14.600765
789.74963 52.0 15.187492
787.32 52.0 15.140769
744.92993 52.0 14.325576
764.6399 52.0 14.704613
744.11975 52.0 14.309995
805.1398 52.0 15.483457
790.22546 52.999996 14.909916
760.2269 52.999996 14.343905
758.87555 52.999996 14.318407
744.01184 52.999996 14.03796
740.2283 52.999996 13.966572
749.4167 52.999996 14.139938
778.6044 52.999996 14.69065
784.5499 52.999996 14.80283
735.3637 52.999996 13.874788
781.0364 52.999996 14.736537
748.0655 52.999996 14.114445
751.3088 52.999996 14.175638
754.28143 52.999996 14.231727
715.3648 52.999996 13.49745
747.7955 52.999996 14.109349
756.4435 52.999996 14.27252
795.09 52.999996 15.001699
761.0376 52.999996 14.359201
727.5264 52.999996 13.726914
761.84863 52.999996 14.374504
775.90204 52.999996 14.639662
757.79456 52.999996 14.298012
755.0921 52.999996 14.247022
786.71185 52.999996 14.843621
760.22705 52.999996 14.343907
775.36127 52.999996 14.629458
775.0912 52.999996 14.624363
724.28326 52.999996 13.665723
774.82074 52.999996 14.619261
759.4164 52.999996 14.328612
704.8247 52.999996 13.29858
798.0627 52.999996 15.057788
769.9561 52.999996 14.527474
761.0376 52.999996 14.359201
754.82184 52.999996 14.241922
779.4149 52.999996 14.705943
726.17505 52.999996 13.701417
766.17255 52.999996 14.456087
741.57965 52.999996 13.99207
761.0379 52.999996 14.359206
766.713 52.999996 14.466285
744.65985 54.000004 13.789996
743.5799 54.000004 13.769997
758.9698 54.000004 14.054995
716.31024 54.000004 13.265003
734.9401 54.000004 13.610002
753.56976 54.000004 13.954995
744.9299 54.000004 13.794996
729.26984 54.000004 13.504996
745.1998 54.000004 13.799996
779.4899 54.000004 14.434998
740.6098 54.000004 13.714995
719.2799 54.000004 13.319997
754.1098 54.000004 13.964995
780.2999 54.000004 14.449998
764.1 54.000004 14.149999
730.35 54.000004 13.524999
738.18024 54.000004 13.670003
771.38995 54.000004 14.284998
729.54004 54.000004 13.51
740.87994 54.000004 13.719998
717.3899 54.000004 13.284997
776.25 54.000004 14.374999
790.8299 54.000004 14.644997
742.76996 54.000004 13.754998
731.4302 54.000004 13.545002
748.17004 54.000004 13.855
777.0596 54.000004 14.389991
750.6 54.000004 13.899999
738.1801 54.000004 13.670001
771.1198 54.000004 14.279996
762.47986 54.000004 14.119996
705.7802 54.000004 13.070003
728.9997 54.000004 13.499993
738.71985 54.000004 13.6799965
746.82 54.000004 13.829999
728.7298 54.000004 13.494995
762.4799 54.000004 14.119998
754.37976 54.000004 13.969995
732.2397 54.000004 13.559994
721.70966 54.000004 13.364993
749.79004 54.000004 13.885
706.86 55.0 12.851999
733.0501 55.0 13.328184
709.0197 55.0 12.891268
740.0698 55.0 13.455815
716.04 55.0 13.0189085
711.1799 55.0 12.930543
724.6801 55.0 13.1760025
732.2399 55.0 13.313454
753.2998 55.0 13.69636
747.8998 55.0 13.598178
733.0498 55.0 13.328178
696.0602 55.0 12.65564
684.4498 55.0 12.444542
719.27997 55.0 13.077818
742.23 55.0 13.4950905
687.96 55.0 12.508364
714.68994 55.0 12.994363
770.84985 55.0 14.015451
760.5898 55.0 13.828905
713.07007 55.0 12.9649105
775.7099 55.0 14.103816
715.4998 55.0 13.009088
758.15955 55.0 13.784719
717.6596 55.0 13.048356
690.12006 55.0 12.547637
755.19006 55.0 13.730728
720.6299 55.0 13.102362
713.6097 55.0 12.974722
740.6099 55.0 13.465635
702.54 55.0 12.773455
736.2897 55.0 13.387085
772.4701 55.0 14.04491
726.29974 55.0 13.20545
738.4501 55.0 13.426365
752.48987 55.0 13.681634
706.3198 55.0 12.842178
715.77 55.0 13.014
784.62 55.0 14.265818
721.70996 55.0 13.122
702.5398 55.0 12.773451
684.72 55.0 12.449454
685.7999 56.0 12.246428
746.5502 56.0 13.331253
730.07983 56.0 13.03714
729.0 56.0 13.017858
722.25006 56.0 12.897323
687.68994 56.0 12.280178
756.2698 56.0 13.504817
668.79 56.0 11.942678
724.13983 56.0 12.931068
735.2099 56.0 13.128748
711.1797 56.0 12.699637
745.74005 56.0 13.316787
691.7398 56.0 12.352496
728.73 56.0 13.013035
720.36 56.0 12.863571
697.68005 56.0 12.458572
713.61005 56.0 12.743036
711.7198 56.0 12.709282
725.75995 56.0 12.959999
729.2698 56.0 13.022675
672.84 56.0 12.015
722.25 56.0 12.897322
693.0899 56.0 12.376605
697.4098 56.0 12.453747
696.32996 56.0 12.4344635
677.1601 56.0 12.092145
713.6097 56.0 12.74303
712.7997 56.0 12.728565
753.8398 56.0 13.461425
722.79 56.0 12.906964
745.1996 56.0 13.307136
741.95984 56.0 13.249283
691.46985 56.0 12.347675
694.43964 56.0 12.400708
686.3398 56.0 12.256067
756.8099 56.0 13.514462
679.5901 56.0 12.135537
695.2501 56.0 12.41518
767.8798 56.0 13.71214
707.1299 56.0 12.627319
673.1098 56.0 12.019818
709.8301 57.0 12.453159
691.73987 57.0 12.135787
693.08997 57.0 12.159473
747.35986 57.0 13.111577
718.1998 57.0 12.599997
703.8901 57.0 12.3489485
720.08984 57.0 12.633155
699.3002 57.0 12.268424
699.2999 57.0 12.268419
676.3498 57.0 11.865786
714.9599 57.0 12.543157
700.1099 57.0 12.28263
704.96985 57.0 12.367892
688.2299 57.0 12.074209
649.34973 57.0 11.3921
687.4197 57.0 12.059995
694.98 57.0 12.192631
696.5998 57.0 12.221049
700.64984 57.0 12.292103
725.76 57.0 12.732632
684.17975 57.0 12.003154
715.2298 57.0 12.547891
737.6399 57.0 12.941051
699.56976 57.0 12.273153
717.11957 57.0 12.581045
692.0099 57.0 12.140525
695.7897 57.0 12.206837
700.9198 57.0 12.296839
701.7298 57.0 12.311049
718.1997 57.0 12.599995
667.1697 57.0 11.704731
697.13995 57.0 12.230525
691.74 57.0 12.135789
693.8999 57.0 12.173682
694.70996 57.0 12.187894
648.81 57.0 11.382631
705.23956 57.0 12.372624
716.03973 57.0 12.5621
696.6 57.0 12.221052
718.19977 57.0 12.599996
707.6698 57.0 12.415259
685.53 58.0 11.819483
717.9297 58.0 12.3780985
675.00006 58.0 11.637932
681.2099 58.0 11.744998
736.0199 58.0 12.689999
687.69 58.0 11.856724
724.9498 58.0 12.499135
710.3699 58.0 12.247756
710.0998 58.0 12.2431
693.3598 58.0 11.954479
695.52 58.0 11.991724
673.38 58.0 11.61
699.02985 58.0 12.052238
694.7099 58.0 11.9777565
679.3199 58.0 11.712412
670.4097 58.0 11.558788
674.1899 58.0 11.623963
698.76 58.0 12.047586
699.5698 58.0 12.061549
695.5203 58.0 11.99173
699.56995 58.0 12.061551
707.39984 58.0 12.196549
666.35986 58.0 11.488963
711.45 58.0 12.266379
702.80975 58.0 12.11741
695.7898 58.0 11.996376
674.72955 58.0 11.633268
661.49994 58.0 11.405171
664.4699 58.0 11.456378
701.4599 58.0 12.094136
657.7199 58.0 11.339998
699.0298 58.0 12.0522375
688.7702 58.0 11.875348
691.46985 58.0 11.921894
635.3098 58.0 10.953617
644.21967 58.0 11.107236
704.1598 58.0 12.140686
671.22003 58.0 11.572759
668.51965 58.0 11.526201
673.1098 58.0 11.605342
716.58026 58.0 12.354832
701.7848 58.999996 11.894658
673.1403 58.999996 11.409159
665.30396 58.999996 11.276339
664.2226 58.999996 11.258011
671.2486 58.999996 11.377095
684.4898 58.999996 11.601522
659.0883 58.999996 11.170989
703.9461 58.999996 11.931291
671.2485 58.999996 11.377093
654.2242 58.999996 11.088546
682.32794 58.999996 11.564881
667.4657 58.999996 11.312979
718.8091 58.999996 12.183206
633.6868 58.999996 10.740456
672.0595 58.999996 11.39084
678.54486 58.999996 11.500761
683.6791 58.999996 11.587782
708.27014 58.999996 12.00458
672.3295 58.999996 11.395416
680.43646 58.999996 11.532822
686.6516 58.999996 11.638164
668.54663 58.999996 11.3313
673.4105 58.999996 11.413738
654.224 58.999996 11.088543
683.6791 58.999996 11.587782
631.7953 58.999996 10.708395
659.89923 58.999996 11.184733
670.1679 58.999996 11.358779
653.1433 58.999996 11.070227
677.73413 58.999996 11.48702
676.9235 58.999996 11.473281
665.30365 58.999996 11.276334
660.7098 58.999996 11.198472
702.055 58.999996 11.899238
659.0884 58.999996 11.17099
656.65643 58.999996 11.12977
723.9433 58.999996 12.2702265
668.54614 58.999996 11.331291
687.19226 58.999996 11.647327
614.2304 58.999996 10.410686
705.5677 58.999996 11.9587755
654.7497 60.000004 10.912495
686.60986 60.000004 11.443497
655.0199 60.000004 10.916998
629.09973 60.000004 10.484995
662.58 60.000004 11.042999
633.95996 60.000004 10.565999
646.64954 60.000004 10.777492
674.45996 60.000004 11.240998
670.95026 60.000004 11.182504
633.6898 60.000004 10.561497
649.08 60.000004 10.818
682.2898 60.000004 11.371496
604.52997 60.000004 10.075499
689.30994 60.000004 11.488498
634.49994 60.000004 10.574998
639.09 60.000004 10.6515
642.05994 60.000004 10.700998
638.2801 60.000004 10.6380005
686.87976 60.000004 11.447995
694.7098 60.000004 11.578496
641.5199 60.000004 10.691998
673.9199 60.000004 11.231998
654.47974 60.000004 10.907995
639.0898 60.000004 10.651496
639.36 60.000004 10.655999
663.3898 60.000004 11.056496
652.3199 60.000004 10.871998
666.62994 60.000004 11.110498
679.5897 60.000004 11.326494
662.3099 60.000004 11.038497
630.44977 60.000004 10.507496
680.94006 60.000004 11.349
652.04987 60.000004 10.867497
672.0298 60.000004 11.200496
626.67 60.000004 10.444499
629.6397 60.000004 10.493995
661.4999 60.000004 11.024997
642.0601 60.000004 10.701001
662.30975 60.000004 11.038495
667.7099 60.000004 11.128497
635.0399 60.000004 10.583998
631.7998 61.0 10.357374
614.52 61.0 10.074099
643.1399 61.0 10.543277
639.3598 61.0 10.481308
640.9797 61.0 10.507864
641.79 61.0 10.521147
669.06 61.0 10.968197
620.4599 61.0 10.1714735
631.52985 61.0 10.352948
658.26 61.0 10.791147
611.5498 61.0 10.025407
623.6998 61.0 10.224587
641.52014 61.0 10.516724
660.95996 61.0 10.835409
653.4001 61.0 10.711476
636.1199 61.0 10.428195
639.3599 61.0 10.48131
628.2898 61.0 10.299832
678.5099 61.0 11.123113
626.6698 61.0 10.273275
598.0498 61.0 9.804095
635.85 61.0 10.42377
636.39 61.0 10.432623
641.7901 61.0 10.52115
660.14984 61.0 10.822128
665.81995 61.0 10.915081
643.1401 61.0 10.54328
650.1597 61.0 10.658357
667.9799 61.0 10.950491
651.50995 61.0 10.6804905
642.86993 61.0 10.538852
657.1799 61.0 10.77344
665.00977 61.0 10.901799
671.2199 61.0 11.003605
637.73975 61.0 10.45475
670.4099 61.0 10.990327
601.8299 61.0 9.866064
669.3302 61.0 10.972627
615.8698 61.0 10.096227
616.9501 61.0 10.113935
612.62976 61.0 10.043111
605.60974 62.0 9.767899
638.00995 62.0 10.290483
637.4699 62.0 10.281773
605.61 62.0 9.767903
626.4001 62.0 10.103228
644.4899 62.0 10.394999
635.57996 62.0 10.251289
627.7499 62.0 10.124998
646.10986 62.0 10.421126
649.62006 62.0 10.477743
632.07007 62.0 10.194678
611.00995 62.0 9.855
662.57983 62.0 10.686771
646.9197 62.0 10.434189
630.98975 62.0 10.177254
666.63007 62.0 10.752098
656.10004 62.0 10.582258
619.91974 62.0 9.998706
652.5901 62.0 10.525646
632.34 62.0 10.199033
622.6199 62.0 10.042256
598.32007 62.0 9.650324
663.9297 62.0 10.708544
612.62994 62.0 9.881128
634.23 62.0 10.229516
656.63965 62.0 10.590962
629.91 62.0 10.159839
617.22003 62.0 9.955162
616.4099 62.0 9.942096
644.21985 62.0 10.390643
608.8499 62.0 9.82016
574.8298 62.0 9.271448
639.3598 62.0 10.312255
629.0997 62.0 10.146769
598.85986 62.0 9.65903
588.59985 62.0 9.4935465
623.97 62.0 10.064032
613.17 62.0 9.889838
634.76996 62.0 10.238225
630.71985 62.0 10.172901
648.81006 62.0 10.464679
615.06 63.0 9.762857
600.4799 63.0 9.531427
626.3999 63.0 9.942856
589.4098 63.0 9.355711
589.94995 63.0 9.3642845
615.3302 63.0 9.767146
622.6199 63.0 9.882855
615.6 63.0 9.771428
570.23987 63.0 9.051427
635.0401 63.0 10.080002
572.6699 63.0 9.089999
655.0199 63.0 10.397141
625.85986 63.0 9.934283
614.52014 63.0 9.754288
618.5698 63.0 9.818568
618.30005 63.0 9.814286
620.4601 63.0 9.848573
619.9198 63.0 9.839997
640.16974 63.0 10.161425
637.2 63.0 10.114285
613.71 63.0 9.741429
608.5801 63.0 9.660001
628.8297 63.0 9.981424
619.11005 63.0 9.827144
621.0 63.0 9.857142
642.3299 63.0 10.195713
575.64 63.0 9.137143
607.5 63.0 9.642858
614.79004 63.0 9.758572
641.24976 63.0 10.178568
613.44006 63.0 9.7371435
604.52985 63.0 9.595712
598.5901 63.0 9.50143
585.62994 63.0 9.295713
628.29 63.0 9.9728565
583.47 63.0 9.261428
622.08 63.0 9.874286
617.7598 63.0 9.805712
619.92004 63.0 9.840001
611.81976 63.0 9.711425
568.0801 63.0 9.017144
614.25 64.0 9.597656
605.60986 64.0 9.462654
601.82996 64.0 9.403593
606.42004 64.0 9.475313
602.6399 64.0 9.416248
586.17 64.0 9.158906
581.3098 64.0 9.082966
616.67993 64.0 9.635624
581.0399 64.0 9.078749
618.2999 64.0 9.660936
602.6398 64.0 9.416246
592.6499 64.0 9.260155
555.66003 64.0 8.682188
596.16003 64.0 9.315001
615.3297 64.0 9.614527
594.26996 64.0 9.285468
576.44977 64.0 9.007028
586.43976 64.0 9.163121
610.46985 64.0 9.538591
612.63 64.0 9.572344
622.8901 64.0 9.732657
610.74005 64.0 9.542813
612.63 64.0 9.572344
584.0099 64.0 9.1251545
588.5997 64.0 9.19687
581.57996 64.0 9.087187
600.47986 64.0 9.382498
611.00995 64.0 9.54703
614.52014 64.0 9.601877
613.17 64.0 9.580781
602.3699 64.0 9.412029
596.42993 64.0 9.319218
602.1 64.0 9.407812
586.9799 64.0 9.171561
606.41986 64.0 9.47531
606.42 64.0 9.475312
598.8599 64.0 9.357186
581.85 64.0 9.091406
594.81 64.0 9.293906
600.48004 64.0 9.382501
592.10986 64.0 9.251717
600.7499 65.0 9.242306
605.60986 65.0 9.317075
587.7899 65.0 9.042922
572.13 65.0 8.802
607.49994 65.0 9.346153
576.1799 65.0 8.8643055
610.73987 65.0 9.395998
590.4899 65.0 9.08446
558.89984 65.0 8.598459
589.4098 65.0 9.0678425
550.80005 65.0 8.473846
578.8802 65.0 8.905849
571.0502 65.0 8.785387
599.1299 65.0 9.217382
612.35974 65.0 9.420919
586.97986 65.0 9.030459
604.5299 65.0 9.30046
595.62 65.0 9.163384
579.1499 65.0 8.909999
629.36993 65.0 9.682614
596.16003 65.0 9.171693
582.92993 65.0 8.968153
525.42004 65.0 8.083385
591.56995 65.0 9.101076
583.47 65.0 8.976461
555.1199 65.0 8.540306
588.33 65.0 9.051231
570.77985 65.0 8.781228
613.9801 65.0 9.4458475
568.61993 65.0 8.747999
588.3298 65.0 9.051228
564.8401 65.0 8.689848
590.4898 65.0 9.084458
573.2099 65.0 8.818614
611.27985 65.0 9.404305
568.0799 65.0 8.739691
594.5397 65.0 9.146764
643.9498 65.0 9.90692
579.68994 65.0 8.918306
606.41986 65.0 9.329536
586.9798 65.0 9.030458
548.0998 66.0 8.304543
547.29004 66.0 8.2922735
537.2999 66.0 8.140908
590.48987 66.0 8.946816
583.4699 66.0 8.840453
543.24 66.0 8.230909
552.4199 66.0 8.369999
570.24 66.0 8.639999
576.1797 66.0 8.729996
575.9099 66.0 8.725907
567.80994 66.0 8.603181
580.4998 66.0 8.795452
558.36 66.0 8.46
584.55005 66.0 8.856819
585.08966 66.0 8.864995
564.2998 66.0 8.549997
568.08 66.0 8.607273
569.6998 66.0 8.631816
575.64014 66.0 8.72182
567.27 66.0 8.595
572.1298 66.0 8.668633
571.8599 66.0 8.664544
556.73987 66.0 8.435452
542.1602 66.0 8.214549
575.9098 66.0 8.725906
547.28986 66.0 8.292271
588.8699 66.0 8.922271
578.07 66.0 8.758636
575.1001 66.0 8.713638
587.2501 66.0 8.897729
585.6298 66.0 8.873179
585.6301 66.0 8.873184
603.99 66.0 9.151363
604.5299 66.0 9.159544
572.67004 66.0 8.676819
558.89996 66.0 8.468182
547.56024 66.0 8.296368
558.89984 66.0 8.46818
559.97974 66.0 8.484542
554.30994 66.0 8.398636
538.1101 66.0 8.153183
559.4399 67.0 8.349849
545.6699 67.0 8.144327
569.96985 67.0 8.507012
573.20996 67.0 8.555372
547.02 67.0 8.164478
554.85016 67.0 8.281345
566.19 67.0 8.450597
547.5598 67.0 8.172535
578.8798 67.0 8.6399975
537.5701 67.0 8.023435
542.7001 67.0 8.100001
566.18994 67.0 8.450596
579.42 67.0 8.64806
575.6399 67.0 8.59164
541.89 67.0 8.087911
535.6799 67.0 7.995222
499.77008 67.0 7.4592547
520.0201 67.0 7.761494
563.7601 67.0 8.41433
560.78986 67.0 8.369998
575.36993 67.0 8.587611
534.06 67.0 7.971045
530.55005 67.0 7.9186573
543.78 67.0 8.116119
552.95984 67.0 8.253132
544.59 67.0 8.128209
520.82996 67.0 7.773581
519.2101 67.0 7.7494044
569.9699 67.0 8.507013
551.0699 67.0 8.224924
560.7901 67.0 8.370002
565.9201 67.0 8.4465685
570.5099 67.0 8.515073
526.2301 67.0 7.8541803
518.13025 67.0 7.733287
527.0399 67.0 7.8662677
536.22 67.0 8.0032835
523.26 67.0 7.8098507
559.70984 67.0 8.353878
554.30975 67.0 8.27328
561.06 67.0 8.37403
556.74 68.0 8.187353
561.32996 68.0 8.254852
532.98 68.0 7.8379407
559.4402 68.0 8.227061
503.01 68.0 7.397206
537.30005 68.0 7.901471
551.6098 68.0 8.111909
558.63025 68.0 8.215151
514.61975 68.0 7.567938
547.5598 68.0 8.05235
549.45013 68.0 8.080149
515.9699 68.0 7.587793
526.23004 68.0 7.7386775
515.69995 68.0 7.5838227
570.78 68.0 8.393824
548.64 68.0 8.068235
535.9497 68.0 7.8816133
537.3002 68.0 7.9014735
534.3299 68.0 7.8577924
553.49994 68.0 8.139705
545.3998 68.0 8.020585
528.39 68.0 7.770441
566.45996 68.0 8.330294
516.77997 68.0 7.5997057
518.4 68.0 7.6235294
505.70993 68.0 7.4369106
531.62994 68.0 7.818087
539.18976 68.0 7.929261
575.6399 68.0 8.465293
564.83997 68.0 8.30647
548.9102 68.0 8.072209
541.34985 68.0 7.961027
526.49994 68.0 7.742646
554.3099 68.0 8.151616
545.6698 68.0 8.024556
539.7299 68.0 7.9372044
548.63983 68.0 8.068233
541.07996 68.0 7.957058
531.8998 68.0 7.822056
545.94 68.0 8.028529
521.09985 68.0 7.6632333
518.4 69.0 7.5130434
514.6201 69.0 7.4582624
559.4402 69.0 8.107829
485.72998 69.0 7.039565
533.2501 69.0 7.7282624
534.05994 69.0 7.739999
504.35992 69.0 7.309564
518.1301 69.0 7.5091324
528.3898 69.0 7.6578226
546.4799 69.0 7.919999
541.3499 69.0 7.8456507
530.55 69.0 7.68913
532.71 69.0 7.720435
531.35986 69.0 7.7008677
520.8301 69.0 7.548262
521.6397 69.0 7.559996
517.32 69.0 7.4973917
533.7901 69.0 7.7360888
519.21 69.0 7.5247827
526.5 69.0 7.630435
508.13995 69.0 7.364347
531.3599 69.0 7.700868
539.45996 69.0 7.81826
524.8799 69.0 7.606955
503.82007 69.0 7.30174
516.23987 69.0 7.4817376
514.8901 69.0 7.4621754
529.47 69.0 7.6734776
528.39 69.0 7.657826
563.49 69.0 8.166522
512.19 69.0 7.4230433
525.68994 69.0 7.618695
525.42 69.0 7.6147823
540.53986 69.0 7.833911
520.83 69.0 7.5482607
522.18005 69.0 7.567827
506.24988 69.0 7.3369546
504.09012 69.0 7.305654
541.89 69.0 7.853479
576.17993 69.0 8.350433
497.6102 69.0 7.211742
502.4699 70.0 7.1781416
482.75995 70.0 6.8965707
514.35004 70.0 7.347858
477.0899 70.0 6.81557
498.96005 70.0 7.1280007
496.53 70.0 7.0932856
509.21997 70.0 7.274571
526.7701 70.0 7.5252867
497.33997 70.0 7.1048565
510.03006 70.0 7.286144
530.01 70.0 7.5715714
515.97015 70.0 7.371002
508.41 70.0 7.263
521.91 70.0 7.455857
504.3601 70.0 7.2051444
498.96005 70.0 7.1280007
491.66992 70.0 7.023856
511.92007 70.0 7.3131437
508.14 70.0 7.259143
541.3499 70.0 7.73357
512.7299 70.0 7.324713
518.13 70.0 7.4018574
491.39987 70.0 7.019998
504.62994 70.0 7.208999
516.78 70.0 7.3825717
491.3999 70.0 7.0199986
521.6399 70.0 7.451998
525.15015 70.0 7.502145
540.2699 70.0 7.7181416
491.40005 70.0 7.020001
527.3099 70.0 7.532998
521.09985 70.0 7.4442835
516.5098 70.0 7.378712
508.41 70.0 7.263
492.48004 70.0 7.035429
521.90985 70.0 7.4558554
504.0899 70.0 7.2012844
525.1501 70.0 7.5021443
497.61005 70.0 7.108715
531.36005 70.0 7.590858
488.97006 70.0 6.9852867
486.26987 71.0 6.848871
479.25003 71.0 6.7500005
476.01007 71.0 6.704367
486.27014 71.0 6.848875
473.58 71.0 6.6701407
497.87997 71.0 7.012394
515.9699 71.0 7.267182
488.96997 71.0 6.886901
485.45996 71.0 6.8374643
464.6699 71.0 6.5446463
510.3001 71.0 7.1873255
513.00006 71.0 7.225353
513.26996 71.0 7.2291546
483.29996 71.0 6.8070416
503.01013 71.0 7.0846496
470.60992 71.0 6.628309
519.20996 71.0 7.312816
497.07013 71.0 7.0009875
527.8498 71.0 7.4345045
481.41 71.0 6.7804227
483.56995 71.0 6.8108444
511.65005 71.0 7.206339
491.4 71.0 6.921127
494.1001 71.0 6.9591565
479.52005 71.0 6.7538037
530.81995 71.0 7.476337
490.86002 71.0 6.9135213
486.54004 71.0 6.8526764
480.87003 71.0 6.772817
488.69998 71.0 6.883098
503.55002 71.0 7.0922537
492.75006 71.0 6.9401417
494.64005 71.0 6.966761
475.19995 71.0 6.692957
488.96997 71.0 6.886901
509.49 71.0 7.1759152
470.3401 71.0 6.6245084
487.3499 71.0 6.8640833
504.62997 71.0 7.1074643
496.79996 71.0 6.9971824
511.38 71.0 7.202535
490.86005 72.0 6.8175006
447.12006 72.0 6.210001
475.20007 72.0 6.600001
469.5299 72.0 6.521249
460.61996 72.0 6.3974996
485.18988 72.0 6.7387486
476.82007 72.0 6.622501
495.98984 72.0 6.8887477
491.13004 72.0 6.8212504
463.04993 72.0 6.431249
457.92017 72.0 6.3600025
497.61014 72.0 6.911252
455.76007 72.0 6.330001
458.72998 72.0 6.3712497
462.5101 72.0 6.4237514
460.07993 72.0 6.389999
490.86005 72.0 6.8175006
470.06985 72.0 6.528748
454.14 72.0 6.3075004
468.7199 72.0 6.509999
474.39 72.0 6.5887504
484.6499 72.0 6.731249
482.21997 72.0 6.6974998
474.92993 72.0 6.596249
461.42996 72.0 6.4087496
490.05005 72.0 6.8062506
448.4701 72.0 6.228751
480.86996 72.0 6.6787496
478.16986 72.0 6.641248
477.36005 72.0 6.6300006
502.73975 72.0 6.9824963
470.88004 72.0 6.5400004
445.50003 72.0 6.1875005
470.33997 72.0 6.5324993
470.07004 72.0 6.5287504
491.1298 72.0 6.821247
487.8902 72.0 6.7762527
477.36005 72.0 6.6300006
474.1203 72.0 6.5850043
510.84 72.0 7.095
473.04004 72.0 6.5700006
435.51013 73.0 5.9658923
456.57007 73.0 6.2543845
419.8502 73.0 5.7513723
475.46997 73.0 6.513287
449.2799 73.0 6.154519
464.93988 73.0 6.3690395
460.62 73.0 6.309863
469.53012 73.0 6.4319196
464.13 73.0 6.3579454
499.22992 73.0 6.838766
457.11 73.0 6.2617807
467.91013 73.0 6.4097276
441.9901 73.0 6.054659
447.39 73.0 6.12863
476.82013 73.0 6.5317826
467.63998 73.0 6.4060273
477.9001 73.0 6.5465765
477.36002 73.0 6.5391784
444.96 73.0 6.095342
433.08 73.0 5.9326024
472.77 73.0 6.476301
440.3701 73.0 6.032467
460.88998 73.0 6.3135614
476.55008 73.0 6.5280833
455.22003 73.0 6.235891
463.86002 73.0 6.3542466
471.14987 73.0 6.4541078
459.80997 73.0 6.2987666
459.26996 73.0 6.2913694
456.57007 73.0 6.2543845
465.47998 73.0 6.376438
461.97006 73.0 6.328357
493.8299 73.0 6.764793
463.0501 73.0 6.343152
457.38004 73.0 6.26548
487.35013 73.0 6.676029
450.0899 73.0 6.165615
458.7302 73.0 6.283975
457.65 73.0 6.269178
480.87006 73.0 6.587261
439.02 73.0 6.0139723
467.63998 74.0 6.3194594
433.89008 74.0 5.8633795
444.15002 74.0 6.0020275
451.16986 74.0 6.09689
450.63016 74.0 6.0895967
463.04996 74.0 6.257432
476.0101 74.0 6.432569
462.51007 74.0 6.250136
431.4601 74.0 5.830542
452.78998 74.0 6.1187835
442.5299 74.0 5.980134
425.25003 74.0 5.746622
459.0001 74.0 6.202704
461.70013 74.0 6.239191
445.23004 74.0 6.016622
436.32007 74.0 5.8962173
427.67996 74.0 5.779459
433.08 74.0 5.8524323
466.56 74.0 6.304865
455.22015 74.0 6.1516237
444.69006 74.0 6.009325
453.33 74.0 6.126081
433.3501 74.0 5.8560824
459.27002 74.0 6.2063518
447.65997 74.0 6.049459
422.8201 74.0 5.713785
453.6 74.0 6.1297297
464.67023 74.0 6.2793274
448.7401 74.0 6.0640554
447.6601 74.0 6.049461
450.36 74.0 6.0859456
443.0701 74.0 5.987434
430.91992 74.0 5.823242
449.28 74.0 6.0713515
452.51996 74.0 6.1151347
442.25995 74.0 5.9764857
464.40015 74.0 6.2756777
456.30008 74.0 6.1662173
453.33 74.0 6.126081
443.06998 74.0 5.987432
444.95996 74.0 6.0129724
428.76016 75.0 5.716802
456.57013 75.0 6.0876017
431.73004 75.0 5.7564006
414.72012 75.0 5.5296016
450.3601 75.0 6.0048013
429.84006 75.0 5.7312007
419.3101 75.0 5.5908012
459.2701 75.0 6.1236014
422.82004 75.0 5.6376004
448.74 75.0 5.9832
451.71 75.0 6.0228
435.78006 75.0 5.810401
429.8401 75.0 5.731201
424.70996 75.0 5.6627994
426.06006 75.0 5.680801
426.8699 75.0 5.691599
409.32013 75.0 5.4576015
429.8401 75.0 5.731201
404.46002 75.0 5.3928003
453.06012 75.0 6.0408015
413.91016 75.0 5.518802
421.74002 75.0 5.6232004
440.1001 75.0 5.8680015
413.10007 75.0 5.508001
432.26996 75.0 5.7635994
435.77994 75.0 5.810399
413.1 75.0 5.508
451.98004 75.0 6.0264006
440.64005 75.0 5.8752007
429.3 75.0 5.724
429.3 75.0 5.724
437.3999 75.0 5.831999
420.39 75.0 5.6052003
434.69995 75.0 5.7959995
432.54007 75.0 5.767201
417.1501 75.0 5.562001
431.45996 75.0 5.7527995
439.02008 75.0 5.853601
414.7201 75.0 5.529601
396.63004 75.0 5.2884007
442.2599 75.0 5.8967986
417.42 76.0 5.4923687
418.23007 76.0 5.5030274
401.49002 76.0 5.2827635
392.04 76.0 5.158421
406.61996 76.0 5.3502626
445.22998 76.0 5.8582892
408.77994 76.0 5.3786836
405.27002 76.0 5.3325005
413.91006 76.0 5.446185
408.24005 76.0 5.3715796
419.85013 76.0 5.524344
432.8099 76.0 5.694867
392.04013 76.0 5.158423
425.79013 76.0 5.602502
437.13013 76.0 5.7517123
438.21 76.0 5.765921
405.27008 76.0 5.332501
403.11005 76.0 5.3040795
435.51 76.0 5.730395
408.24002 76.0 5.371579
424.71002 76.0 5.5882897
383.94016 76.0 5.051844
401.22006 76.0 5.2792115
448.74005 76.0 5.9044743
397.17007 76.0 5.225922
419.8501 76.0 5.5243435
421.47003 76.0 5.545658
395.28015 76.0 5.2010546
420.12003 76.0 5.527895
411.48013 76.0 5.414212
416.34006 76.0 5.4781585
402.84018 76.0 5.3005285
404.19012 76.0 5.318291
417.96005 76.0 5.4994745
432.53998 76.0 5.6913157
409.05005 76.0 5.3822374
405.54 76.0 5.336053
424.17 76.0 5.5811844
433.88995 76.0 5.7090783
400.68002 76.0 5.2721057
431.19003 76.0 5.673553
393.66 77.0 5.112468
385.56006 77.0 5.0072737
408.24005 77.0 5.301819
399.6 77.0 5.1896105
399.60007 77.0 5.1896114
413.37012 77.0 5.368443
418.23016 77.0 5.4315605
426.06018 77.0 5.533249
403.91995 77.0 5.2457137
414.44995 77.0 5.382467
411.48016 77.0 5.3438983
389.8801 77.0 5.063378
379.89 77.0 4.9336367
403.38016 77.0 5.2387033
387.7201 77.0 5.035326
396.6301 77.0 5.15104
397.44006 77.0 5.161559
407.70013 77.0 5.294807
402.3 77.0 5.224675
391.50006 77.0 5.0844164
386.64005 77.0 5.0212994
400.68008 77.0 5.2036376
406.0801 77.0 5.2737675
380.7001 77.0 4.944157
386.64005 77.0 5.0212994
407.43015 77.0 5.291301
397.44012 77.0 5.16156
403.65018 77.0 5.24221
413.9101 77.0 5.375456
405.0001 77.0 5.2597413
395.82013 77.0 5.140521
410.67 77.0 5.333377
403.9201 77.0 5.2457156
385.56006 77.0 5.0072737
390.42017 77.0 5.0703917
404.7301 77.0 5.256235
397.44016 77.0 5.1615605
383.67004 77.0 4.982728
399.06006 77.0 5.182598
406.89 77.0 5.284286
407.70007 77.0 5.294806
381.2145 78.0 4.8873653
388.5091 78.0 4.980886
386.61783 78.0 4.956639
387.42847 78.0 4.9670315
377.43195 78.0 4.838871
388.23892 78.0 4.977422
370.4075 78.0 4.748814
372.83905 78.0 4.779988
371.48816 78.0 4.7626686
374.73038 78.0 4.8042355
376.6216 78.0 4.828482
398.2353 78.0 5.105581
407.15103 78.0 5.219885
379.8636 78.0 4.870046
374.73038 78.0 4.8042355
375.27066 78.0 4.8111625
396.074 78.0 5.077872
411.4738 78.0 5.275305
410.66327 78.0 5.2649136
383.91617 78.0 4.9220023
377.16183 78.0 4.835408
376.89163 78.0 4.831944
375.81097 78.0 4.8180895
381.48468 78.0 4.890829
405.8001 78.0 5.2025657
380.13376 78.0 4.87351
400.39676 78.0 5.1332917
375.00055 78.0 4.807699
362.03214 78.0 4.6414375
389.3196 78.0 4.991277
375.0005 78.0 4.8076987
382.83554 78.0 4.908148
382.02496 78.0 4.897756
389.85992 78.0 4.998204
372.2987 78.0 4.7730603
406.34045 78.0 5.209493
383.10562 78.0 4.9116106
391.21082 78.0 5.0155234
379.8636 78.0 4.870046
380.13367 78.0 4.8735085
394.9933 78.0 5.0640163
377.1901 79.0 4.774558
370.71014 79.0 4.6925335
374.22006 79.0 4.736963
367.74005 79.0 4.6549373
369.62994 79.0 4.67886
379.08005 79.0 4.7984815
381.51013 79.0 4.829242
362.34015 79.0 4.586584
356.39993 79.0 4.5113916
390.69003 79.0 4.9454436
384.75006 79.0 4.870254
356.67007 79.0 4.514811
351.54007 79.0 4.4498744
365.58005 79.0 4.6275954
385.29004 79.0 4.877089
366.66003 79.0 4.6412663
370.9801 79.0 4.6959505
352.35004 79.0 4.460127
368.82004 79.0 4.668608
380.16006 79.0 4.812153
358.29007 79.0 4.5353174
374.4901 79.0 4.7403812
360.45013 79.0 4.5626597
373.41003 79.0 4.7267094
325.89017 79.0 4.125192
392.3101 79.0 4.9659505
334.53006 79.0 4.2345576
375.3001 79.0 4.750634
387.18015 79.0 4.9010143
380.16003 79.0 4.8121524
351.8101 79.0 4.4532924
367.20004 79.0 4.648102
377.73004 79.0 4.781393
369.9001 79.0 4.6822796
379.35013 79.0 4.8019004
400.68008 79.0 5.0719
362.34006 79.0 4.586583
355.05014 79.0 4.4943056
369.09003 79.0 4.6720257
390.1501 79.0 4.9386086
353.16 79.0 4.47038
365.3101 80.0 4.566376
344.7901 80.0 4.3098764
363.69006 80.0 4.546126
342.09003 80.0 4.2761254
357.21005 80.0 4.4651256
334.53006 80.0 4.181626
352.08005 80.0 4.4010005
326.70007 80.0 4.0837507
350.19006 80.0 4.3773756
341.01 80.0 4.262625
376.1101 80.0 4.7013764
364.23007 80.0 4.552876
342.63016 80.0 4.282877
348.84006 80.0 4.360501
350.73 80.0 4.384125
350.46005 80.0 4.3807507
352.6201 80.0 4.407751
383.40002 80.0 4.7925005
378.5401 80.0 4.7317514
371.79004 80.0 4.6473756
356.13007 80.0 4.451626
351.81018 80.0 4.3976274
324.0 80.0 4.05
352.6201 80.0 4.407751
361.53003 80.0 4.5191255
359.3701 80.0 4.492126
362.07 80.0 4.525875
351.54007 80.0 4.394251
359.9101 80.0 4.498876
354.51013 80.0 4.4313765
354.2401 80.0 4.4280014
342.90015 80.0 4.286252
340.2 80.0 4.2525
360.18008 80.0 4.502251
366.12012 80.0 4.5765014
340.74005 80.0 4.2592506
356.40012 80.0 4.4550014
352.08008 80.0 4.401001
332.10007 80.0 4.151251
360.9901 80.0 4.5123763
362.07016 80.0 4.525877
338.85013 81.0 4.183335
344.25012 81.0 4.2500014
339.93008 81.0 4.1966677
318.33008 81.0 3.930001
353.16013 81.0 4.3600016
357.21 81.0 4.41
329.13 81.0 4.0633335
331.02002 81.0 4.086667
320.2201 81.0 3.9533346
346.95016 81.0 4.283335
355.05008 81.0 4.383334
322.92004 81.0 3.9866674
331.2901 81.0 4.090001
322.65 81.0 3.9833333
337.23007 81.0 4.1633344
322.9201 81.0 3.986668
356.4 81.0 4.4
328.85995 81.0 4.0599995
333.45 81.0 4.116667
329.94006 81.0 4.073334
317.79013 81.0 3.9233348
326.70004 81.0 4.033334
346.95 81.0 4.2833333
314.28 81.0 3.88
320.22012 81.0 3.9533348
314.00995 81.0 3.876666
347.22006 81.0 4.2866673
339.39008 81.0 4.190001
337.7701 81.0 4.1700015
332.3701 81.0 4.1033344
316.7101 81.0 3.9100015
334.80002 81.0 4.1333337
338.58 81.0 4.18
336.15005 81.0 4.1500006
332.37006 81.0 4.103334
343.98 81.0 4.246667
339.6601 81.0 4.1933346
329.40002 81.0 4.066667
346.1401 81.0 4.2733345
344.52005 81.0 4.253334
335.88004 81.0 4.146667
312.66006 82.0 3.8129277
308.07004 82.0 3.7569516
312.12003 82.0 3.806342
311.04004 82.0 3.7931712
301.59 82.0 3.6779268
320.76007 82.0 3.911708
326.70007 82.0 3.9841473
321.30002 82.0 3.9182928
314.28006 82.0 3.8326838
313.47003 82.0 3.8228052
316.98004 82.0 3.8656104
282.96 82.0 3.4507318
340.47003 82.0 4.1520734
312.3901 82.0 3.8096354
305.64008 82.0 3.727318
326.7 82.0 3.9841466
313.74002 82.0 3.8260977
321.02997 82.0 3.9149997
315.0901 82.0 3.842562
312.38998 82.0 3.809634
308.61014 82.0 3.7635381
346.41016 82.0 4.224514
317.52008 82.0 3.872196
332.6401 82.0 4.0565867
295.91998 82.0 3.6087804
325.0801 82.0 3.9643917
322.38 82.0 3.9314635
308.34006 82.0 3.7602446
320.49002 82.0 3.9084148
326.15997 82.0 3.9775608
331.56 82.0 4.0434146
323.19012 82.0 3.941343
321.84006 82.0 3.9248786
326.16006 82.0 3.9775617
323.46014 82.0 3.9446359
333.72012 82.0 4.0697575
296.46008 82.0 3.615367
320.7601 82.0 3.9117086
319.68008 82.0 3.8985376
327.7801 82.0 3.9973183
335.07007 82.0 4.0862203
307.80005 83.0 3.7084343
295.92007 83.0 3.5653021
301.86002 83.0 3.6368675
306.7201 83.0 3.695423
262.44003 83.0 3.1619282
309.42007 83.0 3.7279527
293.49008 83.0 3.536025
301.59 83.0 3.6336145
297.81006 83.0 3.588073
305.91003 83.0 3.685663
295.9201 83.0 3.5653024
281.07 83.0 3.3863857
311.3101 83.0 3.7507238
312.66003 83.0 3.7669883
313.20004 83.0 3.7734945
301.86008 83.0 3.6368682
315.63007 83.0 3.8027718
310.5001 83.0 3.7409651
303.21002 83.0 3.653133
293.22003 83.0 3.5327716
295.11014 83.0 3.5555437
300.51007 83.0 3.6206033
307.26004 83.0 3.7019281
308.3401 83.0 3.7149408
314.28006 83.0 3.786507
301.85995 83.0 3.636867
282.96014 83.0 3.4091582
280.26 83.0 3.3766267
313.4701 83.0 3.7767482
306.72003 83.0 3.6954222
287.81998 83.0 3.4677105
345.33 83.0 4.160602
283.49997 83.0 3.4156623
293.22003 83.0 3.5327713
300.51016 83.0 3.6206043
302.40002 83.0 3.643374
312.6601 83.0 3.7669892
304.5601 83.0 3.6693988
312.12003 83.0 3.760482
285.93002 83.0 3.44494
309.69012 83.0 3.7312062
291.0601 84.0 3.465001
271.89005 84.0 3.2367861
282.15005 84.0 3.3589292
312.39008 84.0 3.7189295
291.87006 84.0 3.4746437
302.6701 84.0 3.6032155
306.9901 84.0 3.654644
260.01 84.0 3.0953572
293.49008 84.0 3.4939296
278.1 84.0 3.3107145
297.2701 84.0 3.53893
275.4001 84.0 3.2785723
289.17014 84.0 3.4425018
283.23004 84.0 3.371786
298.35 84.0 3.551786
254.87996 84.0 3.0342853
284.04004 84.0 3.381429
277.02005 84.0 3.2978578
297.81006 84.0 3.545358
289.1701 84.0 3.442501
277.29007 84.0 3.3010724
300.7801 84.0 3.5807154
277.83002 84.0 3.3075001
287.82007 84.0 3.4264293
282.42 84.0 3.362143
288.63013 84.0 3.4360728
310.23013 84.0 3.6932158
276.48007 84.0 3.2914293
269.72998 84.0 3.2110713
296.19006 84.0 3.5260723
277.29007 84.0 3.3010721
299.97003 84.0 3.5710719
289.1701 84.0 3.442501
288.36005 84.0 3.4328575
289.17004 84.0 3.4425006
273.51004 84.0 3.256072
302.1301 84.0 3.5967867
291.3301 84.0 3.4682157
283.77008 84.0 3.378215
281.61008 84.0 3.352501
283.5001 84.0 3.375001
277.29004 85.0 3.2622356
260.00995 85.0 3.0589406
269.72998 85.0 3.173294
271.89008 85.0 3.1987066
252.17998 85.0 2.9668233
278.10007 85.0 3.2717655
270.00006 85.0 3.1764715
261.63004 85.0 3.0780005
254.61009 85.0 2.9954128
278.37003 85.0 3.2749414
280.53006 85.0 3.3003535
273.78 85.0 3.2209413
281.34003 85.0 3.3098826
246.50996 85.0 2.9001172
262.17007 85.0 3.0843537
262.71005 85.0 3.0907063
268.65002 85.0 3.1605885
255.42009 85.0 3.0049422
252.72 85.0 2.9731765
275.4001 85.0 3.240001
267.8401 85.0 3.1510599
260.01004 85.0 3.0589416
263.79007 85.0 3.1034126
250.2901 85.0 2.9445894
276.48016 85.0 3.252708
253.53006 85.0 2.9827065
263.7901 85.0 3.1034129
266.49 85.0 3.1351764
266.76 85.0 3.138353
266.76007 85.0 3.1383538
261.90012 85.0 3.0811777
274.31998 85.0 3.227294
272.43005 85.0 3.2050595
258.93008 85.0 3.0462363
260.8201 85.0 3.0684717
262.17007 85.0 3.0843537
260.2801 85.0 3.0621188
257.58002 85.0 3.0303533
263.25 85.0 3.0970588
265.14014 85.0 3.1192958
260.55002 85.0 3.0652945
246.78008 86.0 2.8695357
258.6601 86.0 3.0076756
236.52008 86.0 2.7502334
261.3601 86.0 3.039071
265.14008 86.0 3.0830243
267.57016 86.0 3.111281
243.27007 86.0 2.8287218
265.14008 86.0 3.083024
257.31006 86.0 2.9919775
253.79999 86.0 2.9511626
251.91006 86.0 2.9291868
251.91008 86.0 2.929187
247.32004 86.0 2.8758144
225.99007 86.0 2.6277914
248.40013 86.0 2.8883736
245.15999 86.0 2.8506975
254.88005 86.0 2.9637215
243.81004 86.0 2.8350005
257.85007 86.0 2.9982567
258.6601 86.0 3.0076754
239.49004 86.0 2.7847679
255.96002 86.0 2.9762793
255.15002 86.0 2.9668608
246.24004 86.0 2.8632562
247.86006 86.0 2.8820937
247.05006 86.0 2.8726752
243.00003 86.0 2.8255818
280.53012 86.0 3.2619781
250.56009 86.0 2.9134893
265.41006 86.0 3.0861635
274.32 86.0 3.1897676
254.34004 86.0 2.9574423
247.05002 86.0 2.8726747
264.60007 86.0 3.0767448
264.06006 86.0 3.0704658
252.18013 86.0 2.932327
249.75005 86.0 2.9040704
250.83008 86.0 2.9166288
237.87001 86.0 2.7659304
247.59 86.0 2.8789535
257.03995 86.0 2.9888368
251.64014 87.0 2.8924153
231.93013 87.0 2.6658635
237.87007 87.0 2.7341387
234.90002 87.0 2.7000003
212.75995 87.0 2.4455166
235.97997 87.0 2.7124133
225.99005 87.0 2.5975869
240.56999 87.0 2.7651722
243.0 87.0 2.7931035
224.37012 87.0 2.5789669
247.59009 87.0 2.845863
228.41998 87.0 2.6255171
233.28009 87.0 2.6813803
213.57002 87.0 2.4548278
238.68008 87.0 2.7434492
237.60005 87.0 2.731035
237.86998 87.0 2.7341378
258.12006 87.0 2.9668972
230.58006 87.0 2.6503456
220.31999 87.0 2.5324137
220.32004 87.0 2.5324142
233.82005 87.0 2.6875868
235.1701 87.0 2.7031047
230.58006 87.0 2.6503456
231.12006 87.0 2.6565523
251.91005 87.0 2.8955178
231.12001 87.0 2.6565518
230.85005 87.0 2.6534488
225.45001 87.0 2.5913794
243.00005 87.0 2.793104
247.05003 87.0 2.8396556
233.82005 87.0 2.6875868
232.20007 87.0 2.6689663
223.29004 87.0 2.5665522
214.65005 87.0 2.467242
243.54007 87.0 2.7993112
222.21004 87.0 2.5541384
221.67003 87.0 2.5479314
244.89009 87.0 2.8148286
235.98006 87.0 2.7124145
251.37006 87.0 2.889311
215.46007 88.0 2.4484098
226.26012 88.0 2.5711377
208.70996 88.0 2.371704
211.41003 88.0 2.4023867
197.91005 88.0 2.248978
216.54001 88.0 2.460682
209.79001 88.0 2.3839774
217.08003 88.0 2.4668186
214.11003 88.0 2.4330685
209.52008 88.0 2.38091
220.05003 88.0 2.5005686
215.46004 88.0 2.4484096
226.53006 88.0 2.5742052
216.00006 88.0 2.4545462
213.30006 88.0 2.4238644
208.17006 88.0 2.3655689
206.55002 88.0 2.3471594
200.07007 88.0 2.2735236
207.09003 88.0 2.3532958
227.34003 88.0 2.5834093
224.10005 88.0 2.5465915
211.94997 88.0 2.4085224
203.58006 88.0 2.3134098
206.00998 88.0 2.3410225
216.27002 88.0 2.457614
197.37006 88.0 2.2428415
215.73003 88.0 2.4514775
210.60002 88.0 2.393182
218.16005 88.0 2.4790914
214.65004 88.0 2.439205
215.73003 88.0 2.4514775
219.78008 88.0 2.497501
224.64005 88.0 2.5527277
217.6201 88.0 2.4729557
207.9 88.0 2.3625
213.03001 88.0 2.4207957
207.36003 88.0 2.356364
223.28998 88.0 2.5373862
221.67001 88.0 2.5189774
224.3701 88.0 2.5496602
221.94003 88.0 2.5220459
209.79001 89.0 2.357191
200.34003 89.0 2.2510116
208.44006 89.0 2.3420231
210.87007 89.0 2.3693266
190.35005 89.0 2.1387646
198.45001 89.0 2.2297754
206.82007 89.0 2.323821
196.02005 89.0 2.2024724
178.47003 89.0 2.0052812
205.47005 89.0 2.3086522
213.03008 89.0 2.3935964
203.04004 89.0 2.2813487
181.71002 89.0 2.0416856
191.42998 89.0 2.1508987
195.4801 89.0 2.1964056
194.94 89.0 2.1903372
206.28009 89.0 2.3177538
208.97998 89.0 2.3480897
216.00006 89.0 2.426967
185.76003 89.0 2.0871913
193.32002 89.0 2.172135
189.81003 89.0 2.1326969
208.17003 89.0 2.338989
199.8 89.0 2.2449439
220.05002 89.0 2.4724722
200.06998 89.0 2.2479773
188.19003 89.0 2.1144948
181.70999 89.0 2.0416853
196.56006 89.0 2.20854
194.93999 89.0 2.190337
206.01013 89.0 2.3147206
208.71005 89.0 2.3450568
189.81006 89.0 2.1326973
207.09012 89.0 2.3268552
197.91005 89.0 2.2237084
214.92004 89.0 2.4148319
203.84995 89.0 2.290449
201.68999 89.0 2.2661796
201.15 89.0 2.2601123
201.41998 89.0 2.263146
211.68005 89.0 2.3784275
190.89 90.0 2.121
176.31003 90.0 1.9590002
175.23 90.0 1.947
168.21004 90.0 1.8690004
184.95007 90.0 2.0550008
185.49005 90.0 2.0610006
176.04002 90.0 1.9560003
184.95001 90.0 2.055
180.90002 90.0 2.0100002
181.98006 90.0 2.0220006
191.70006 90.0 2.1300006
208.71 90.0 2.319
166.05002 90.0 1.8450001
174.69008 90.0 1.9410009
185.49 90.0 2.061
179.82005 90.0 1.9980006
184.41 90.0 2.049
183.06 90.0 2.034
180.36 90.0 2.004
198.45001 90.0 2.2050002
164.16 90.0 1.8240001
194.9401 90.0 2.166001
163.08 90.0 1.812
193.05005 90.0 2.1450005
168.75008 90.0 1.8750008
172.80003 90.0 1.9200003
184.14005 90.0 2.0460005
181.17009 90.0 2.013001
185.4901 90.0 2.061001
193.59003 90.0 2.1510003
179.82002 90.0 1.9980003
175.77003 90.0 1.9530003
189.00003 90.0 2.1000004
182.79004 90.0 2.0310004
181.17004 90.0 2.0130005
186.30006 90.0 2.0700006
184.95003 90.0 2.0550003
178.20003 90.0 1.9800004
192.23999 90.0 2.136
175.50003 90.0 1.9500004
182.79001 90.0 2.0310001
